Gene stable ID,principal_transcript_id,principal_cds_length,principal_isoform_type,gene_name,genome_name,transcript_biotype,species
CJOHNSTONI_LOCUS5918,rna-CJOHNSTONI_LOCUS5918-2,287,protein_coding,RRM domain-containing protein  [Source:UniProtKB/TrEMBL;Acc:A0A8J2M5T7],Cercopithifilaria johnstoni (PRJEB47283),protein_coding,cejohnprjeb47283
CJOHNSTONI_LOCUS8368,rna-CJOHNSTONI_LOCUS8368,275,protein_coding,RAP domain-containing protein  [Source:UniProtKB/TrEMBL;Acc:A0A8J2Q6D8],Cercopithifilaria johnstoni (PRJEB47283),protein_coding,cejohnprjeb47283
CJOHNSTONI_LOCUS5462,rna-CJOHNSTONI_LOCUS5462,270,protein_coding,Protein kinase domain-containing protein  [Source:UniProtKB/TrEMBL;Acc:A0A8J2M5A2],Cercopithifilaria johnstoni (PRJEB47283),protein_coding,cejohnprjeb47283
CJOHNSTONI_LOCUS2968,rna-CJOHNSTONI_LOCUS2968,351,protein_coding,Protein kinase domain-containing protein  [Source:UniProtKB/TrEMBL;Acc:A0A8J2Q9C4],Cercopithifilaria johnstoni (PRJEB47283),protein_coding,cejohnprjeb47283
CJOHNSTONI_LOCUS7508,rna-CJOHNSTONI_LOCUS7508,593,protein_coding,Transmembrane protein  [Source:UniProtKB/TrEMBL;Acc:A0A8J2M848],Cercopithifilaria johnstoni (PRJEB47283),protein_coding,cejohnprjeb47283
CJOHNSTONI_LOCUS6856,rna-CJOHNSTONI_LOCUS6856,351,protein_coding,Zinc finger protein  [Source:UniProtKB/TrEMBL;Acc:A0A8J2MQX3],Cercopithifilaria johnstoni (PRJEB47283),protein_coding,cejohnprjeb47283
CJOHNSTONI_LOCUS8447,rna-CJOHNSTONI_LOCUS8447,228,protein_coding,EH domain-containing protein 1  [Source:UniProtKB/TrEMBL;Acc:A0A8J2Q8T4],Cercopithifilaria johnstoni (PRJEB47283),protein_coding,cejohnprjeb47283
CJOHNSTONI_LOCUS9070,rna-CJOHNSTONI_LOCUS9070,209,protein_coding,,Cercopithifilaria johnstoni (PRJEB47283),protein_coding,cejohnprjeb47283
CJOHNSTONI_LOCUS10476,rna-CJOHNSTONI_LOCUS10476,271,protein_coding,HECT domain-containing protein  [Source:UniProtKB/TrEMBL;Acc:A0A8J2MFI6],Cercopithifilaria johnstoni (PRJEB47283),protein_coding,cejohnprjeb47283
CJOHNSTONI_LOCUS1179,rna-CJOHNSTONI_LOCUS1179,196,protein_coding,Inositol-pentakisphosphate 2-kinase  [Source:UniProtKB/TrEMBL;Acc:A0A8J2M027],Cercopithifilaria johnstoni (PRJEB47283),protein_coding,cejohnprjeb47283
CJOHNSTONI_LOCUS6099,rna-CJOHNSTONI_LOCUS6099,224,protein_coding,J domain-containing protein  [Source:UniProtKB/TrEMBL;Acc:A0A8J2M648],Cercopithifilaria johnstoni (PRJEB47283),protein_coding,cejohnprjeb47283
CJOHNSTONI_LOCUS3876,rna-CJOHNSTONI_LOCUS3876-2,234,protein_coding,G_PROTEIN_RECEP_F1_2 domain-containing protein  [Source:UniProtKB/TrEMBL;Acc:A0A8J2M170],Cercopithifilaria johnstoni (PRJEB47283),protein_coding,cejohnprjeb47283
CJOHNSTONI_LOCUS762,rna-CJOHNSTONI_LOCUS762,485,protein_coding,,Cercopithifilaria johnstoni (PRJEB47283),protein_coding,cejohnprjeb47283
CJOHNSTONI_LOCUS3885,rna-CJOHNSTONI_LOCUS3885,191,protein_coding,Epimerase domain-containing protein  [Source:UniProtKB/TrEMBL;Acc:A0A8J2LUT0],Cercopithifilaria johnstoni (PRJEB47283),protein_coding,cejohnprjeb47283
CJOHNSTONI_LOCUS2657,rna-CJOHNSTONI_LOCUS2657,185,protein_coding,F-box/SPRY domain-containing protein 1  [Source:UniProtKB/TrEMBL;Acc:A0A8J2Q1W4],Cercopithifilaria johnstoni (PRJEB47283),protein_coding,cejohnprjeb47283
CJOHNSTONI_LOCUS8530,rna-CJOHNSTONI_LOCUS8530,163,protein_coding,Cyclin N-terminal domain-containing protein  [Source:UniProtKB/TrEMBL;Acc:A0A8J2M3U0],Cercopithifilaria johnstoni (PRJEB47283),protein_coding,cejohnprjeb47283
CJOHNSTONI_LOCUS6912,rna-CJOHNSTONI_LOCUS6912,181,protein_coding,,Cercopithifilaria johnstoni (PRJEB47283),protein_coding,cejohnprjeb47283
CJOHNSTONI_LOCUS75,rna-CJOHNSTONI_LOCUS75,231,protein_coding,RECA_2 domain-containing protein  [Source:UniProtKB/TrEMBL;Acc:A0A8J2LVJ1],Cercopithifilaria johnstoni (PRJEB47283),protein_coding,cejohnprjeb47283
CJOHNSTONI_LOCUS2701,rna-CJOHNSTONI_LOCUS2701,248,protein_coding,Helicase ATP-binding domain-containing protein  [Source:UniProtKB/TrEMBL;Acc:A0A8J2PYB2],Cercopithifilaria johnstoni (PRJEB47283),protein_coding,cejohnprjeb47283
CJOHNSTONI_LOCUS8989,rna-CJOHNSTONI_LOCUS8989,202,protein_coding,Peptidase_M14 domain-containing protein  [Source:UniProtKB/TrEMBL;Acc:A0A8J2Q900],Cercopithifilaria johnstoni (PRJEB47283),protein_coding,cejohnprjeb47283
CJOHNSTONI_LOCUS2075,rna-CJOHNSTONI_LOCUS2075,428,protein_coding,Ovule protein  [Source:UniProtKB/TrEMBL;Acc:A0A8J2LWV6],Cercopithifilaria johnstoni (PRJEB47283),protein_coding,cejohnprjeb47283
CJOHNSTONI_LOCUS1829,rna-CJOHNSTONI_LOCUS1829,401,protein_coding,Armadillo/beta-catenin-like repeat protein  [Source:UniProtKB/TrEMBL;Acc:A0A8J2LWM9],Cercopithifilaria johnstoni (PRJEB47283),protein_coding,cejohnprjeb47283
CJOHNSTONI_LOCUS5763,rna-CJOHNSTONI_LOCUS5763,291,protein_coding,F-box domain-containing protein  [Source:UniProtKB/TrEMBL;Acc:A0A8J2Q101],Cercopithifilaria johnstoni (PRJEB47283),protein_coding,cejohnprjeb47283
CJOHNSTONI_LOCUS4598,rna-CJOHNSTONI_LOCUS4598,129,protein_coding,Col_cuticle_N domain-containing protein  [Source:UniProtKB/TrEMBL;Acc:A0A8J2PT47],Cercopithifilaria johnstoni (PRJEB47283),protein_coding,cejohnprjeb47283
CJOHNSTONI_LOCUS5492,rna-CJOHNSTONI_LOCUS5492,155,protein_coding,NADH dehydrogenase [ubiquinone] 1 beta subcomplex subunit 4  [Source:UniProtKB/TrEMBL;Acc:A0A8J2LX30],Cercopithifilaria johnstoni (PRJEB47283),protein_coding,cejohnprjeb47283
CJOHNSTONI_LOCUS9146,rna-CJOHNSTONI_LOCUS9146-2,134,protein_coding,SHSP domain-containing protein  [Source:UniProtKB/TrEMBL;Acc:A0A8J2M462],Cercopithifilaria johnstoni (PRJEB47283),protein_coding,cejohnprjeb47283
CJOHNSTONI_LOCUS6900,rna-CJOHNSTONI_LOCUS6900,185,protein_coding,Protein kinase domain-containing protein  [Source:UniProtKB/TrEMBL;Acc:A0A8J2M8H9],Cercopithifilaria johnstoni (PRJEB47283),protein_coding,cejohnprjeb47283
CJOHNSTONI_LOCUS4702,rna-CJOHNSTONI_LOCUS4702,214,protein_coding,PAP2_C domain-containing protein  [Source:UniProtKB/TrEMBL;Acc:A0A8J2PT77],Cercopithifilaria johnstoni (PRJEB47283),protein_coding,cejohnprjeb47283
CJOHNSTONI_LOCUS5000,rna-CJOHNSTONI_LOCUS5000,143,protein_coding,RING-type domain-containing protein  [Source:UniProtKB/TrEMBL;Acc:A0A8J2Q0A1],Cercopithifilaria johnstoni (PRJEB47283),protein_coding,cejohnprjeb47283
CJOHNSTONI_LOCUS4346,rna-CJOHNSTONI_LOCUS4346,139,protein_coding,Thioredoxin domain-containing protein  [Source:UniProtKB/TrEMBL;Acc:A0A8J2M5H2],Cercopithifilaria johnstoni (PRJEB47283),protein_coding,cejohnprjeb47283
CJOHNSTONI_LOCUS4475,rna-CJOHNSTONI_LOCUS4475,224,protein_coding,Protein mago nashi  [Source:UniProtKB/TrEMBL;Acc:A0A8J2Q3B1],Cercopithifilaria johnstoni (PRJEB47283),protein_coding,cejohnprjeb47283
CJOHNSTONI_LOCUS10374,rna-CJOHNSTONI_LOCUS10374,160,protein_coding,YccV-like domain-containing protein  [Source:UniProtKB/TrEMBL;Acc:A0A8J2MV04],Cercopithifilaria johnstoni (PRJEB47283),protein_coding,cejohnprjeb47283
CJOHNSTONI_LOCUS8810,rna-CJOHNSTONI_LOCUS8810,189,protein_coding,Ricin B-type lectin domain-containing protein  [Source:UniProtKB/TrEMBL;Acc:A0A8J2Q3G2],Cercopithifilaria johnstoni (PRJEB47283),protein_coding,cejohnprjeb47283
CJOHNSTONI_LOCUS5989,rna-CJOHNSTONI_LOCUS5989,207,protein_coding,Ras GTPase-activating protein-binding protein 2  [Source:UniProtKB/TrEMBL;Acc:A0A8J2M5X6],Cercopithifilaria johnstoni (PRJEB47283),protein_coding,cejohnprjeb47283
CJOHNSTONI_LOCUS966,rna-CJOHNSTONI_LOCUS966,790,protein_coding,PDZ domain-containing protein  [Source:UniProtKB/TrEMBL;Acc:A0A8J2PW10],Cercopithifilaria johnstoni (PRJEB47283),protein_coding,cejohnprjeb47283
CJOHNSTONI_LOCUS8528,rna-CJOHNSTONI_LOCUS8528,387,protein_coding,Sulfotransfer_1 domain-containing protein  [Source:UniProtKB/TrEMBL;Acc:A0A8J2Q397],Cercopithifilaria johnstoni (PRJEB47283),protein_coding,cejohnprjeb47283
CJOHNSTONI_LOCUS1109,rna-CJOHNSTONI_LOCUS1109-2,211,protein_coding,Secreted protein  [Source:UniProtKB/TrEMBL;Acc:A0A8J2LMD8],Cercopithifilaria johnstoni (PRJEB47283),protein_coding,cejohnprjeb47283
CJOHNSTONI_LOCUS9023,rna-CJOHNSTONI_LOCUS9023,89,protein_coding,Transposase  [Source:UniProtKB/TrEMBL;Acc:A0A8J2MTX2],Cercopithifilaria johnstoni (PRJEB47283),protein_coding,cejohnprjeb47283
CJOHNSTONI_LOCUS9115,rna-CJOHNSTONI_LOCUS9115,212,protein_coding,Tail fiber protein  [Source:UniProtKB/TrEMBL;Acc:A0A8J2Q3N3],Cercopithifilaria johnstoni (PRJEB47283),protein_coding,cejohnprjeb47283
CJOHNSTONI_LOCUS8169,rna-CJOHNSTONI_LOCUS8169,134,protein_coding,Ovule protein  [Source:UniProtKB/TrEMBL;Acc:A0A8J2MBH8],Cercopithifilaria johnstoni (PRJEB47283),protein_coding,cejohnprjeb47283
CJOHNSTONI_LOCUS10004,rna-CJOHNSTONI_LOCUS10004,231,protein_coding,Endo/exonuclease/phosphatase domain-containing protein  [Source:UniProtKB/TrEMBL;Acc:A0A8J2MD08],Cercopithifilaria johnstoni (PRJEB47283),protein_coding,cejohnprjeb47283
CJOHNSTONI_LOCUS6800,rna-CJOHNSTONI_LOCUS6800,112,protein_coding,Protein transport protein Sec61 subunit gamma  [Source:UniProtKB/TrEMBL;Acc:A0A8J2MQV3],Cercopithifilaria johnstoni (PRJEB47283),protein_coding,cejohnprjeb47283
CJOHNSTONI_LOCUS8500,rna-CJOHNSTONI_LOCUS8500,154,protein_coding,TspO/MBR-related protein  [Source:UniProtKB/TrEMBL;Acc:A0A8J2MBK3],Cercopithifilaria johnstoni (PRJEB47283),protein_coding,cejohnprjeb47283
CJOHNSTONI_LOCUS4287,rna-CJOHNSTONI_LOCUS4287,146,protein_coding,,Cercopithifilaria johnstoni (PRJEB47283),protein_coding,cejohnprjeb47283
CJOHNSTONI_LOCUS4447,rna-CJOHNSTONI_LOCUS4447,302,protein_coding,Cnd1 domain-containing protein  [Source:UniProtKB/TrEMBL;Acc:A0A8J2Q3A3],Cercopithifilaria johnstoni (PRJEB47283),protein_coding,cejohnprjeb47283
CJOHNSTONI_LOCUS10151,rna-CJOHNSTONI_LOCUS10151,164,protein_coding,U1 small nuclear ribonucleoprotein C  [Source:UniProtKB/TrEMBL;Acc:A0A8J2Q9H1],Cercopithifilaria johnstoni (PRJEB47283),protein_coding,cejohnprjeb47283
CJOHNSTONI_LOCUS3525,rna-CJOHNSTONI_LOCUS3525,728,protein_coding,Calmodulin-lysine N-methyltransferase  [Source:UniProtKB/TrEMBL;Acc:A0A8J2LRB1],Cercopithifilaria johnstoni (PRJEB47283),protein_coding,cejohnprjeb47283
CJOHNSTONI_LOCUS3583,rna-CJOHNSTONI_LOCUS3583,297,protein_coding,DUF1168-domain-containing protein  [Source:UniProtKB/TrEMBL;Acc:A0A8J2MM44],Cercopithifilaria johnstoni (PRJEB47283),protein_coding,cejohnprjeb47283
CJOHNSTONI_LOCUS9001,rna-CJOHNSTONI_LOCUS9001,202,protein_coding,BING4CT domain-containing protein  [Source:UniProtKB/TrEMBL;Acc:A0A8J2Q902],Cercopithifilaria johnstoni (PRJEB47283),protein_coding,cejohnprjeb47283
CJOHNSTONI_LOCUS5364,rna-CJOHNSTONI_LOCUS5364,154,protein_coding,Ribosomal_L7Ae domain-containing protein  [Source:UniProtKB/TrEMBL;Acc:A0A8J2QA91],Cercopithifilaria johnstoni (PRJEB47283),protein_coding,cejohnprjeb47283
CJOHNSTONI_LOCUS2820,rna-CJOHNSTONI_LOCUS2820,213,protein_coding,DUF4371 domain-containing protein  [Source:UniProtKB/TrEMBL;Acc:A0A8J2LZ71],Cercopithifilaria johnstoni (PRJEB47283),protein_coding,cejohnprjeb47283
CJOHNSTONI_LOCUS9342,rna-CJOHNSTONI_LOCUS9342,654,protein_coding,Grh/CP2 DB domain-containing protein  [Source:UniProtKB/TrEMBL;Acc:A0A8J2MUD4],Cercopithifilaria johnstoni (PRJEB47283),protein_coding,cejohnprjeb47283
CJOHNSTONI_LOCUS4259,rna-CJOHNSTONI_LOCUS4259,233,protein_coding,Protein F16  [Source:UniProtKB/TrEMBL;Acc:A0A8J2PSU9],Cercopithifilaria johnstoni (PRJEB47283),protein_coding,cejohnprjeb47283
CJOHNSTONI_LOCUS2188,rna-CJOHNSTONI_LOCUS2188,153,protein_coding,Pept_C1 domain-containing protein  [Source:UniProtKB/TrEMBL;Acc:A0A8J2MKL9],Cercopithifilaria johnstoni (PRJEB47283),protein_coding,cejohnprjeb47283
CJOHNSTONI_LOCUS2796,rna-CJOHNSTONI_LOCUS2796,216,protein_coding,Ion_trans_2 domain-containing protein  [Source:UniProtKB/TrEMBL;Acc:A0A8J2Q521],Cercopithifilaria johnstoni (PRJEB47283),protein_coding,cejohnprjeb47283
CJOHNSTONI_LOCUS7999,rna-CJOHNSTONI_LOCUS7999,772,protein_coding,DH domain-containing protein  [Source:UniProtKB/TrEMBL;Acc:A0A8J2QAT6],Cercopithifilaria johnstoni (PRJEB47283),protein_coding,cejohnprjeb47283
CJOHNSTONI_LOCUS2029,rna-CJOHNSTONI_LOCUS2029,542,protein_coding,H15 domain-containing protein  [Source:UniProtKB/TrEMBL;Acc:A0A8J2MJW1],Cercopithifilaria johnstoni (PRJEB47283),protein_coding,cejohnprjeb47283
CJOHNSTONI_LOCUS6492,rna-CJOHNSTONI_LOCUS6492,260,protein_coding,Exportin-4  [Source:UniProtKB/TrEMBL;Acc:A0A8J2Q557],Cercopithifilaria johnstoni (PRJEB47283),protein_coding,cejohnprjeb47283
CJOHNSTONI_LOCUS5916,rna-CJOHNSTONI_LOCUS5916,183,protein_coding,N-acetyltransferase domain-containing protein  [Source:UniProtKB/TrEMBL;Acc:A0A8J2M604],Cercopithifilaria johnstoni (PRJEB47283),protein_coding,cejohnprjeb47283
CJOHNSTONI_LOCUS817,rna-CJOHNSTONI_LOCUS817,223,protein_coding,RAD50-interacting protein 1  [Source:UniProtKB/TrEMBL;Acc:A0A8J2Q072],Cercopithifilaria johnstoni (PRJEB47283),protein_coding,cejohnprjeb47283
CJOHNSTONI_LOCUS2257,rna-CJOHNSTONI_LOCUS2257,178,protein_coding,Caveolin  [Source:UniProtKB/TrEMBL;Acc:A0A8J2MKP5],Cercopithifilaria johnstoni (PRJEB47283),protein_coding,cejohnprjeb47283
CJOHNSTONI_LOCUS8393,rna-CJOHNSTONI_LOCUS8393,242,protein_coding,Beta-lactamase domain-containing protein  [Source:UniProtKB/TrEMBL;Acc:A0A8J2Q8S9],Cercopithifilaria johnstoni (PRJEB47283),protein_coding,cejohnprjeb47283
CJOHNSTONI_LOCUS4276,rna-CJOHNSTONI_LOCUS4276,353,protein_coding,Acetyl-CoA carboxylase  [Source:UniProtKB/TrEMBL;Acc:A0A8J2LVP2],Cercopithifilaria johnstoni (PRJEB47283),protein_coding,cejohnprjeb47283
CJOHNSTONI_LOCUS4765,rna-CJOHNSTONI_LOCUS4765,369,protein_coding,L-Fucosyltransferase  [Source:UniProtKB/TrEMBL;Acc:A0A8J2M634],Cercopithifilaria johnstoni (PRJEB47283),protein_coding,cejohnprjeb47283
CJOHNSTONI_LOCUS2782,rna-CJOHNSTONI_LOCUS2782,205,protein_coding,GDP-D-glucose phosphorylase 1  [Source:UniProtKB/TrEMBL;Acc:A0A8J2Q517],Cercopithifilaria johnstoni (PRJEB47283),protein_coding,cejohnprjeb47283
CJOHNSTONI_LOCUS6334,rna-CJOHNSTONI_LOCUS6334,234,protein_coding,Nucleotid_trans domain-containing protein  [Source:UniProtKB/TrEMBL;Acc:A0A8J2MQ69],Cercopithifilaria johnstoni (PRJEB47283),protein_coding,cejohnprjeb47283
CJOHNSTONI_LOCUS8141,rna-CJOHNSTONI_LOCUS8141,203,protein_coding,Hist_deacetyl domain-containing protein  [Source:UniProtKB/TrEMBL;Acc:A0A8J2MCX9],Cercopithifilaria johnstoni (PRJEB47283),protein_coding,cejohnprjeb47283
CJOHNSTONI_LOCUS444,rna-CJOHNSTONI_LOCUS444,191,protein_coding,Secreted protein  [Source:UniProtKB/TrEMBL;Acc:A0A8J2LTV8],Cercopithifilaria johnstoni (PRJEB47283),protein_coding,cejohnprjeb47283
CJOHNSTONI_LOCUS4881,rna-CJOHNSTONI_LOCUS4881,269,protein_coding,Serine-rich adhesin for platelets  [Source:UniProtKB/TrEMBL;Acc:A0A8J2QA55],Cercopithifilaria johnstoni (PRJEB47283),protein_coding,cejohnprjeb47283
CJOHNSTONI_LOCUS10182,rna-CJOHNSTONI_LOCUS10182,719,protein_coding,TWiK family of potassium channels protein 7  [Source:UniProtKB/TrEMBL;Acc:A0A8J2MUR8],Cercopithifilaria johnstoni (PRJEB47283),protein_coding,cejohnprjeb47283
CJOHNSTONI_LOCUS2586,rna-CJOHNSTONI_LOCUS2586,233,protein_coding,Tetratricopeptide repeat protein 17  [Source:UniProtKB/TrEMBL;Acc:A0A8J2MKI7],Cercopithifilaria johnstoni (PRJEB47283),protein_coding,cejohnprjeb47283
CJOHNSTONI_LOCUS2368,rna-CJOHNSTONI_LOCUS2368,215,protein_coding,Lamin  [Source:UniProtKB/TrEMBL;Acc:A0A8J2LPH0],Cercopithifilaria johnstoni (PRJEB47283),protein_coding,cejohnprjeb47283
CJOHNSTONI_LOCUS1468,rna-CJOHNSTONI_LOCUS1468,194,protein_coding,Protein kinase domain-containing protein  [Source:UniProtKB/TrEMBL;Acc:A0A8J2LW20],Cercopithifilaria johnstoni (PRJEB47283),protein_coding,cejohnprjeb47283
CJOHNSTONI_LOCUS6091,rna-CJOHNSTONI_LOCUS6091,161,protein_coding,Homeobox domain-containing protein  [Source:UniProtKB/TrEMBL;Acc:A0A8J2LZB9],Cercopithifilaria johnstoni (PRJEB47283),protein_coding,cejohnprjeb47283
CJOHNSTONI_LOCUS8059,rna-CJOHNSTONI_LOCUS8059,150,protein_coding,Receptor expression-enhancing protein  [Source:UniProtKB/TrEMBL;Acc:A0A8J2MB91],Cercopithifilaria johnstoni (PRJEB47283),protein_coding,cejohnprjeb47283
CJOHNSTONI_LOCUS5591,rna-CJOHNSTONI_LOCUS5591,586,protein_coding,Fibrous sheath-interacting protein 2  [Source:UniProtKB/TrEMBL;Acc:A0A8J2M5F3],Cercopithifilaria johnstoni (PRJEB47283),protein_coding,cejohnprjeb47283
CJOHNSTONI_LOCUS1937,rna-CJOHNSTONI_LOCUS1937,146,protein_coding,Collagen-like protein  [Source:UniProtKB/TrEMBL;Acc:A0A8J2M1L6],Cercopithifilaria johnstoni (PRJEB47283),protein_coding,cejohnprjeb47283
CJOHNSTONI_LOCUS2442,rna-CJOHNSTONI_LOCUS2442,152,protein_coding,,Cercopithifilaria johnstoni (PRJEB47283),protein_coding,cejohnprjeb47283
CJOHNSTONI_LOCUS7526,rna-CJOHNSTONI_LOCUS7526,246,protein_coding,SCAPER_N domain-containing protein  [Source:UniProtKB/TrEMBL;Acc:A0A8J2Q2G3],Cercopithifilaria johnstoni (PRJEB47283),protein_coding,cejohnprjeb47283
CJOHNSTONI_LOCUS6220,rna-CJOHNSTONI_LOCUS6220,270,protein_coding,Geranylgeranyl transferase type-1 subunit beta  [Source:UniProtKB/TrEMBL;Acc:A0A8J2M6Y7],Cercopithifilaria johnstoni (PRJEB47283),protein_coding,cejohnprjeb47283
CJOHNSTONI_LOCUS8987,rna-CJOHNSTONI_LOCUS8987,236,protein_coding,Mitochondrial import receptor subunit TOM40  [Source:UniProtKB/TrEMBL;Acc:A0A8J2MDA3],Cercopithifilaria johnstoni (PRJEB47283),protein_coding,cejohnprjeb47283
CJOHNSTONI_LOCUS144,rna-CJOHNSTONI_LOCUS144,638,protein_coding,Non-specific serine/threonine protein kinase  [Source:UniProtKB/TrEMBL;Acc:A0A8J2LV32],Cercopithifilaria johnstoni (PRJEB47283),protein_coding,cejohnprjeb47283
CJOHNSTONI_LOCUS4665,rna-CJOHNSTONI_LOCUS4665,164,protein_coding,glutamine synthetase  [Source:UniProtKB/TrEMBL;Acc:A0A8J2M5X1],Cercopithifilaria johnstoni (PRJEB47283),protein_coding,cejohnprjeb47283
CJOHNSTONI_LOCUS9807,rna-CJOHNSTONI_LOCUS9807,413,protein_coding,,Cercopithifilaria johnstoni (PRJEB47283),protein_coding,cejohnprjeb47283
CJOHNSTONI_LOCUS338,rna-CJOHNSTONI_LOCUS338,226,protein_coding,Striatin-interacting protein  [Source:UniProtKB/TrEMBL;Acc:A0A8J2MHA7],Cercopithifilaria johnstoni (PRJEB47283),protein_coding,cejohnprjeb47283
CJOHNSTONI_LOCUS8666,rna-CJOHNSTONI_LOCUS8666,184,protein_coding,Ragulator complex protein LAMTOR1  [Source:UniProtKB/TrEMBL;Acc:A0A8J2MAH2],Cercopithifilaria johnstoni (PRJEB47283),protein_coding,cejohnprjeb47283
CJOHNSTONI_LOCUS10170,rna-CJOHNSTONI_LOCUS10170,192,protein_coding,bis(5'-adenosyl)-triphosphatase  [Source:UniProtKB/TrEMBL;Acc:A0A8J2MF98],Cercopithifilaria johnstoni (PRJEB47283),protein_coding,cejohnprjeb47283
CJOHNSTONI_LOCUS3086,rna-CJOHNSTONI_LOCUS3086,189,protein_coding,,Cercopithifilaria johnstoni (PRJEB47283),protein_coding,cejohnprjeb47283
CJOHNSTONI_LOCUS1341,rna-CJOHNSTONI_LOCUS1341,295,protein_coding,"Histone-lysine N-methyltransferase, H3 lysine-79 specific  [Source:UniProtKB/TrEMBL;Acc:A0A8J2Q3T7]",Cercopithifilaria johnstoni (PRJEB47283),protein_coding,cejohnprjeb47283
CJOHNSTONI_LOCUS7794,rna-CJOHNSTONI_LOCUS7794,188,protein_coding,EGF-like domain-containing protein  [Source:UniProtKB/TrEMBL;Acc:A0A8J2Q639],Cercopithifilaria johnstoni (PRJEB47283),protein_coding,cejohnprjeb47283
CJOHNSTONI_LOCUS8923,rna-CJOHNSTONI_LOCUS8923,339,protein_coding,Vegetative cell wall protein gp1-like  [Source:UniProtKB/TrEMBL;Acc:A0A8J2M4J4],Cercopithifilaria johnstoni (PRJEB47283),protein_coding,cejohnprjeb47283
CJOHNSTONI_LOCUS2917,rna-CJOHNSTONI_LOCUS2917,310,protein_coding,Methyltransf_11 domain-containing protein  [Source:UniProtKB/TrEMBL;Acc:A0A8J2MKX3],Cercopithifilaria johnstoni (PRJEB47283),protein_coding,cejohnprjeb47283
CJOHNSTONI_LOCUS9753,rna-CJOHNSTONI_LOCUS9753,228,protein_coding,DAGKc domain-containing protein  [Source:UniProtKB/TrEMBL;Acc:A0A8J2Q450],Cercopithifilaria johnstoni (PRJEB47283),protein_coding,cejohnprjeb47283
CJOHNSTONI_LOCUS9752,rna-CJOHNSTONI_LOCUS9752-3,263,protein_coding,CTP synthase  [Source:UniProtKB/TrEMBL;Acc:A0A8J2PYG7],Cercopithifilaria johnstoni (PRJEB47283),protein_coding,cejohnprjeb47283
CJOHNSTONI_LOCUS5440,rna-CJOHNSTONI_LOCUS5440,185,protein_coding,Response regulatory domain-containing protein  [Source:UniProtKB/TrEMBL;Acc:A0A8J2Q0P8],Cercopithifilaria johnstoni (PRJEB47283),protein_coding,cejohnprjeb47283
CJOHNSTONI_LOCUS8565,rna-CJOHNSTONI_LOCUS8565,194,protein_coding,LisH domain-containing protein  [Source:UniProtKB/TrEMBL;Acc:A0A8J2MBQ4],Cercopithifilaria johnstoni (PRJEB47283),protein_coding,cejohnprjeb47283
CJOHNSTONI_LOCUS2943,rna-CJOHNSTONI_LOCUS2943,164,protein_coding,t-SNARE coiled-coil homology domain-containing protein  [Source:UniProtKB/TrEMBL;Acc:A0A8J2LYT5],Cercopithifilaria johnstoni (PRJEB47283),protein_coding,cejohnprjeb47283
CJOHNSTONI_LOCUS4925,rna-CJOHNSTONI_LOCUS4925,242,protein_coding,Innexin  [Source:UniProtKB/TrEMBL;Acc:A0A8J2MN62],Cercopithifilaria johnstoni (PRJEB47283),protein_coding,cejohnprjeb47283
CJOHNSTONI_LOCUS3769,rna-CJOHNSTONI_LOCUS3769,281,protein_coding,Ribosomal protein S11  [Source:UniProtKB/TrEMBL;Acc:A0A8J2Q611],Cercopithifilaria johnstoni (PRJEB47283),protein_coding,cejohnprjeb47283
CJOHNSTONI_LOCUS7579,rna-CJOHNSTONI_LOCUS7579,335,protein_coding,Tetratricopeptide repeat protein 22  [Source:UniProtKB/TrEMBL;Acc:A0A8J2M8Q8],Cercopithifilaria johnstoni (PRJEB47283),protein_coding,cejohnprjeb47283
CJOHNSTONI_LOCUS8604,rna-CJOHNSTONI_LOCUS8604,205,protein_coding,Neur_chan_LBD domain-containing protein  [Source:UniProtKB/TrEMBL;Acc:A0A8J2MBU1],Cercopithifilaria johnstoni (PRJEB47283),protein_coding,cejohnprjeb47283
CJOHNSTONI_LOCUS3101,rna-CJOHNSTONI_LOCUS3101,176,protein_coding,PHD-type domain-containing protein  [Source:UniProtKB/TrEMBL;Acc:A0A8J2M0Q5],Cercopithifilaria johnstoni (PRJEB47283),protein_coding,cejohnprjeb47283
CJOHNSTONI_LOCUS4300,rna-CJOHNSTONI_LOCUS4300,271,protein_coding,RING-type domain-containing protein  [Source:UniProtKB/TrEMBL;Acc:A0A8J2PSV7],Cercopithifilaria johnstoni (PRJEB47283),protein_coding,cejohnprjeb47283
CJOHNSTONI_LOCUS10332,rna-CJOHNSTONI_LOCUS10332,284,protein_coding,Cyclic nucleotide-binding domain-containing protein  [Source:UniProtKB/TrEMBL;Acc:A0A8J2MH70],Cercopithifilaria johnstoni (PRJEB47283),protein_coding,cejohnprjeb47283
CJOHNSTONI_LOCUS9236,rna-CJOHNSTONI_LOCUS9236,190,protein_coding,Eukaryotic peptide chain release factor subunit 1  [Source:UniProtKB/TrEMBL;Acc:A0A8J2Q6S1],Cercopithifilaria johnstoni (PRJEB47283),protein_coding,cejohnprjeb47283
CJOHNSTONI_LOCUS4883,rna-CJOHNSTONI_LOCUS4883,312,protein_coding,"Myosin light chain kinase, smooth muscle  [Source:UniProtKB/TrEMBL;Acc:A0A8J2LWY9]",Cercopithifilaria johnstoni (PRJEB47283),protein_coding,cejohnprjeb47283
CJOHNSTONI_LOCUS1097,rna-CJOHNSTONI_LOCUS1097,249,protein_coding,Endo/exonuclease/phosphatase domain-containing protein  [Source:UniProtKB/TrEMBL;Acc:A0A8J2LMD0],Cercopithifilaria johnstoni (PRJEB47283),protein_coding,cejohnprjeb47283
CJOHNSTONI_LOCUS2887,rna-CJOHNSTONI_LOCUS2887,284,protein_coding,FAM172 family protein homolog CG10038  [Source:UniProtKB/TrEMBL;Acc:A0A8J2Q9B3],Cercopithifilaria johnstoni (PRJEB47283),protein_coding,cejohnprjeb47283
CJOHNSTONI_LOCUS1187,rna-CJOHNSTONI_LOCUS1187-2,254,protein_coding,"30S ribosomal protein S3, chloroplastic  [Source:UniProtKB/TrEMBL;Acc:A0A8J2LPQ2]",Cercopithifilaria johnstoni (PRJEB47283),protein_coding,cejohnprjeb47283
CJOHNSTONI_LOCUS319,rna-CJOHNSTONI_LOCUS319,226,protein_coding,ATP-dependent RNA helicase DDX1  [Source:UniProtKB/TrEMBL;Acc:A0A8J2PVF6],Cercopithifilaria johnstoni (PRJEB47283),protein_coding,cejohnprjeb47283
CJOHNSTONI_LOCUS6758,rna-CJOHNSTONI_LOCUS6758,276,protein_coding,DNA-directed RNA polymerase subunit  [Source:UniProtKB/TrEMBL;Acc:A0A8J2M893],Cercopithifilaria johnstoni (PRJEB47283),protein_coding,cejohnprjeb47283
CJOHNSTONI_LOCUS5148,rna-CJOHNSTONI_LOCUS5148,164,protein_coding,Nucleolar protein 16  [Source:UniProtKB/TrEMBL;Acc:A0A8J2Q7A7],Cercopithifilaria johnstoni (PRJEB47283),protein_coding,cejohnprjeb47283
CJOHNSTONI_LOCUS7119,rna-CJOHNSTONI_LOCUS7119,234,protein_coding,DUF1981 domain-containing protein  [Source:UniProtKB/TrEMBL;Acc:A0A8J2M0W7],Cercopithifilaria johnstoni (PRJEB47283),protein_coding,cejohnprjeb47283
CJOHNSTONI_LOCUS1785,rna-CJOHNSTONI_LOCUS1785,1019,protein_coding,DUF2431 domain-containing protein  [Source:UniProtKB/TrEMBL;Acc:A0A8J2MK58],Cercopithifilaria johnstoni (PRJEB47283),protein_coding,cejohnprjeb47283
CJOHNSTONI_LOCUS2783,rna-CJOHNSTONI_LOCUS2783,215,protein_coding,ATP synthase subunit b  [Source:UniProtKB/TrEMBL;Acc:A0A8J2PRL7],Cercopithifilaria johnstoni (PRJEB47283),protein_coding,cejohnprjeb47283
CJOHNSTONI_LOCUS7279,rna-CJOHNSTONI_LOCUS7279,341,protein_coding,Protein kinase domain-containing protein  [Source:UniProtKB/TrEMBL;Acc:A0A8J2Q288],Cercopithifilaria johnstoni (PRJEB47283),protein_coding,cejohnprjeb47283
CJOHNSTONI_LOCUS4378,rna-CJOHNSTONI_LOCUS4378,235,protein_coding,Nicotinic acetylcholine receptor beta 1 subunit  [Source:UniProtKB/TrEMBL;Acc:A0A8J2Q386],Cercopithifilaria johnstoni (PRJEB47283),protein_coding,cejohnprjeb47283
CJOHNSTONI_LOCUS10019,rna-CJOHNSTONI_LOCUS10019,199,protein_coding,NADH dehydrogenase [ubiquinone] 1 alpha subcomplex subunit 2  [Source:UniProtKB/TrEMBL;Acc:A0A8J2MUL0],Cercopithifilaria johnstoni (PRJEB47283),protein_coding,cejohnprjeb47283
CJOHNSTONI_LOCUS5975,rna-CJOHNSTONI_LOCUS5975,821,protein_coding,Phosphodiesterase I  [Source:UniProtKB/TrEMBL;Acc:A0A8J2M5W8],Cercopithifilaria johnstoni (PRJEB47283),protein_coding,cejohnprjeb47283
CJOHNSTONI_LOCUS9746,rna-CJOHNSTONI_LOCUS9746,188,protein_coding,NADPH-dependent diflavin oxidoreductase 1  [Source:UniProtKB/TrEMBL;Acc:A0A8J2MUZ0],Cercopithifilaria johnstoni (PRJEB47283),protein_coding,cejohnprjeb47283
CJOHNSTONI_LOCUS10103,rna-CJOHNSTONI_LOCUS10103,108,protein_coding,60S ribosomal protein L18  [Source:UniProtKB/TrEMBL;Acc:A0A8J2MGT3],Cercopithifilaria johnstoni (PRJEB47283),protein_coding,cejohnprjeb47283
CJOHNSTONI_LOCUS4468,rna-CJOHNSTONI_LOCUS4468,263,protein_coding,Serine/arginine-rich splicing factor 1  [Source:UniProtKB/TrEMBL;Acc:A0A8J2MN20],Cercopithifilaria johnstoni (PRJEB47283),protein_coding,cejohnprjeb47283
CJOHNSTONI_LOCUS4897,rna-CJOHNSTONI_LOCUS4897,631,protein_coding,Myosin motor domain-containing protein  [Source:UniProtKB/TrEMBL;Acc:A0A8J2M2X0],Cercopithifilaria johnstoni (PRJEB47283),protein_coding,cejohnprjeb47283
CJOHNSTONI_LOCUS202,rna-CJOHNSTONI_LOCUS202,398,protein_coding,,Cercopithifilaria johnstoni (PRJEB47283),protein_coding,cejohnprjeb47283
CJOHNSTONI_LOCUS5081,rna-CJOHNSTONI_LOCUS5081,159,protein_coding,,Cercopithifilaria johnstoni (PRJEB47283),protein_coding,cejohnprjeb47283
CJOHNSTONI_LOCUS3477,rna-CJOHNSTONI_LOCUS3477,271,protein_coding,RNA-binding protein Musashi homolog Rbp6  [Source:UniProtKB/TrEMBL;Acc:A0A8J2M423],Cercopithifilaria johnstoni (PRJEB47283),protein_coding,cejohnprjeb47283
CJOHNSTONI_LOCUS6618,rna-CJOHNSTONI_LOCUS6618,201,protein_coding,"A-kinase anchor protein 10, mitochondrial  [Source:UniProtKB/TrEMBL;Acc:A0A8J2PUW1]",Cercopithifilaria johnstoni (PRJEB47283),protein_coding,cejohnprjeb47283
CJOHNSTONI_LOCUS8086,rna-CJOHNSTONI_LOCUS8086,137,protein_coding,AP complex subunit sigma  [Source:UniProtKB/TrEMBL;Acc:A0A8J2MCR8],Cercopithifilaria johnstoni (PRJEB47283),protein_coding,cejohnprjeb47283
CJOHNSTONI_LOCUS5246,rna-CJOHNSTONI_LOCUS5246,123,protein_coding,,Cercopithifilaria johnstoni (PRJEB47283),protein_coding,cejohnprjeb47283
CJOHNSTONI_LOCUS576,rna-CJOHNSTONI_LOCUS576,202,protein_coding,"Dol-P-Man:Man(5)GlcNAc(2)-PP-Dol alpha-1,3-mannosyltransferase  [Source:UniProtKB/TrEMBL;Acc:A0A8J2Q3B0]",Cercopithifilaria johnstoni (PRJEB47283),protein_coding,cejohnprjeb47283
CJOHNSTONI_LOCUS2998,rna-CJOHNSTONI_LOCUS2998,1097,protein_coding,SANT domain-containing protein  [Source:UniProtKB/TrEMBL;Acc:A0A8J2ML01],Cercopithifilaria johnstoni (PRJEB47283),protein_coding,cejohnprjeb47283
CJOHNSTONI_LOCUS10513,rna-CJOHNSTONI_LOCUS10513,242,protein_coding,Collagen-like protein  [Source:UniProtKB/TrEMBL;Acc:A0A8J2M6C0],Cercopithifilaria johnstoni (PRJEB47283),protein_coding,cejohnprjeb47283
CJOHNSTONI_LOCUS9148,rna-CJOHNSTONI_LOCUS9148,232,protein_coding,Abdominal-A  [Source:UniProtKB/TrEMBL;Acc:A0A8J2MTS1],Cercopithifilaria johnstoni (PRJEB47283),protein_coding,cejohnprjeb47283
CJOHNSTONI_LOCUS6310,rna-CJOHNSTONI_LOCUS6310,386,protein_coding,T-complex protein 1 subunit beta  [Source:UniProtKB/TrEMBL;Acc:A0A8J2M8V3],Cercopithifilaria johnstoni (PRJEB47283),protein_coding,cejohnprjeb47283
CJOHNSTONI_LOCUS3373,rna-CJOHNSTONI_LOCUS3373,327,protein_coding,WD_REPEATS_REGION domain-containing protein  [Source:UniProtKB/TrEMBL;Acc:A0A8J2LZK4],Cercopithifilaria johnstoni (PRJEB47283),protein_coding,cejohnprjeb47283
CJOHNSTONI_LOCUS1319,rna-CJOHNSTONI_LOCUS1319,252,protein_coding,Tetraspanin family protein  [Source:UniProtKB/TrEMBL;Acc:A0A8J2MIW2],Cercopithifilaria johnstoni (PRJEB47283),protein_coding,cejohnprjeb47283
CJOHNSTONI_LOCUS1860,rna-CJOHNSTONI_LOCUS1860,201,protein_coding,C2H2-type domain-containing protein  [Source:UniProtKB/TrEMBL;Acc:A0A8J2Q473],Cercopithifilaria johnstoni (PRJEB47283),protein_coding,cejohnprjeb47283
CJOHNSTONI_LOCUS908,rna-CJOHNSTONI_LOCUS908,163,protein_coding,GATA-type domain-containing protein  [Source:UniProtKB/TrEMBL;Acc:A0A8J2Q0A3],Cercopithifilaria johnstoni (PRJEB47283),protein_coding,cejohnprjeb47283
CJOHNSTONI_LOCUS6158,rna-CJOHNSTONI_LOCUS6158,204,protein_coding,Histone H2A  [Source:UniProtKB/TrEMBL;Acc:A0A8J2LZK3],Cercopithifilaria johnstoni (PRJEB47283),protein_coding,cejohnprjeb47283
CJOHNSTONI_LOCUS5191,rna-CJOHNSTONI_LOCUS5191,182,protein_coding,Acetylcholine receptor subunit alpha-type unc-38  [Source:UniProtKB/TrEMBL;Acc:A0A8J2QA78],Cercopithifilaria johnstoni (PRJEB47283),protein_coding,cejohnprjeb47283
CJOHNSTONI_LOCUS3033,rna-CJOHNSTONI_LOCUS3033,315,protein_coding,TFIIS N-terminal domain-containing protein  [Source:UniProtKB/TrEMBL;Acc:A0A8J2LZJ0],Cercopithifilaria johnstoni (PRJEB47283),protein_coding,cejohnprjeb47283
CJOHNSTONI_LOCUS3563,rna-CJOHNSTONI_LOCUS3563,260,protein_coding,Protein kinase domain-containing protein  [Source:UniProtKB/TrEMBL;Acc:A0A8J2Q9L0],Cercopithifilaria johnstoni (PRJEB47283),protein_coding,cejohnprjeb47283
CJOHNSTONI_LOCUS5938,rna-CJOHNSTONI_LOCUS5938,133,protein_coding,MIR domain-containing protein  [Source:UniProtKB/TrEMBL;Acc:A0A8J2LZ17],Cercopithifilaria johnstoni (PRJEB47283),protein_coding,cejohnprjeb47283
CJOHNSTONI_LOCUS5309,rna-CJOHNSTONI_LOCUS5309,197,protein_coding,Geranylgeranyl transferase type-2 subunit beta  [Source:UniProtKB/TrEMBL;Acc:A0A8J2Q480],Cercopithifilaria johnstoni (PRJEB47283),protein_coding,cejohnprjeb47283
CJOHNSTONI_LOCUS1559,rna-CJOHNSTONI_LOCUS1559,186,protein_coding,Tumor protein D52  [Source:UniProtKB/TrEMBL;Acc:A0A8J2MJX1],Cercopithifilaria johnstoni (PRJEB47283),protein_coding,cejohnprjeb47283
CJOHNSTONI_LOCUS7841,rna-CJOHNSTONI_LOCUS7841,394,protein_coding,Zinc finger protein  [Source:UniProtKB/TrEMBL;Acc:A0A8J2MRU9],Cercopithifilaria johnstoni (PRJEB47283),protein_coding,cejohnprjeb47283
CJOHNSTONI_LOCUS9444,rna-CJOHNSTONI_LOCUS9444,277,protein_coding,Transmembrane protein 186  [Source:UniProtKB/TrEMBL;Acc:A0A8J2MEE2],Cercopithifilaria johnstoni (PRJEB47283),protein_coding,cejohnprjeb47283
CJOHNSTONI_LOCUS3098,rna-CJOHNSTONI_LOCUS3098,135,protein_coding,Thioredoxin domain-containing protein 17  [Source:UniProtKB/TrEMBL;Acc:A0A8J2M136],Cercopithifilaria johnstoni (PRJEB47283),protein_coding,cejohnprjeb47283
CJOHNSTONI_LOCUS7594,rna-CJOHNSTONI_LOCUS7594,280,protein_coding,Leuk-A4-hydro_C domain-containing protein  [Source:UniProtKB/TrEMBL;Acc:A0A8J2Q5X7],Cercopithifilaria johnstoni (PRJEB47283),protein_coding,cejohnprjeb47283
CJOHNSTONI_LOCUS1085,rna-CJOHNSTONI_LOCUS1085,248,protein_coding,E3 ubiquitin-protein ligase parkin  [Source:UniProtKB/TrEMBL;Acc:A0A8J2LZV4],Cercopithifilaria johnstoni (PRJEB47283),protein_coding,cejohnprjeb47283
CJOHNSTONI_LOCUS1543,rna-CJOHNSTONI_LOCUS1543,208,protein_coding,5'-nucleotidase  [Source:UniProtKB/TrEMBL;Acc:A0A8J2MJA9],Cercopithifilaria johnstoni (PRJEB47283),protein_coding,cejohnprjeb47283
CJOHNSTONI_LOCUS575,rna-CJOHNSTONI_LOCUS575,236,protein_coding,Hist_deacetyl domain-containing protein  [Source:UniProtKB/TrEMBL;Acc:A0A8J2LWD3],Cercopithifilaria johnstoni (PRJEB47283),protein_coding,cejohnprjeb47283
CJOHNSTONI_LOCUS10046,rna-CJOHNSTONI_LOCUS10046,594,protein_coding,LisH domain-containing protein  [Source:UniProtKB/TrEMBL;Acc:A0A8J2MUL3],Cercopithifilaria johnstoni (PRJEB47283),protein_coding,cejohnprjeb47283
CJOHNSTONI_LOCUS2128,rna-CJOHNSTONI_LOCUS2128,197,protein_coding,UDP-glucose 6-dehydrogenase  [Source:UniProtKB/TrEMBL;Acc:A0A8J2LXF2],Cercopithifilaria johnstoni (PRJEB47283),protein_coding,cejohnprjeb47283
CJOHNSTONI_LOCUS255,rna-CJOHNSTONI_LOCUS255,1017,protein_coding,Gastrula zinc finger protein XlCGF7.1-like  [Source:UniProtKB/TrEMBL;Acc:A0A8J2LVH5],Cercopithifilaria johnstoni (PRJEB47283),protein_coding,cejohnprjeb47283
CJOHNSTONI_LOCUS8297,rna-CJOHNSTONI_LOCUS8297,815,protein_coding,Lipid-binding serum glycoprotein C-terminal domain-containing protein  [Source:UniProtKB/TrEMBL;Acc:A0A8J2MBP7],Cercopithifilaria johnstoni (PRJEB47283),protein_coding,cejohnprjeb47283
CJOHNSTONI_LOCUS2421,rna-CJOHNSTONI_LOCUS2421,171,protein_coding,VPS37 C-terminal domain-containing protein  [Source:UniProtKB/TrEMBL;Acc:A0A8J2Q4P7],Cercopithifilaria johnstoni (PRJEB47283),protein_coding,cejohnprjeb47283
CJOHNSTONI_LOCUS4429,rna-CJOHNSTONI_LOCUS4429,134,protein_coding,,Cercopithifilaria johnstoni (PRJEB47283),protein_coding,cejohnprjeb47283
CJOHNSTONI_LOCUS9022,rna-CJOHNSTONI_LOCUS9022,158,protein_coding,Peptidyl-prolyl cis-trans isomerase  [Source:UniProtKB/TrEMBL;Acc:A0A8J2MTL9],Cercopithifilaria johnstoni (PRJEB47283),protein_coding,cejohnprjeb47283
CJOHNSTONI_LOCUS4064,rna-CJOHNSTONI_LOCUS4064,305,protein_coding,Histidine--tRNA ligase  [Source:UniProtKB/TrEMBL;Acc:A0A8J2PSP6],Cercopithifilaria johnstoni (PRJEB47283),protein_coding,cejohnprjeb47283
CJOHNSTONI_LOCUS6335,rna-CJOHNSTONI_LOCUS6335,221,protein_coding,SHSP domain-containing protein  [Source:UniProtKB/TrEMBL;Acc:A0A8J2MQA6],Cercopithifilaria johnstoni (PRJEB47283),protein_coding,cejohnprjeb47283
CJOHNSTONI_LOCUS7120,rna-CJOHNSTONI_LOCUS7120,200,protein_coding,non-specific serine/threonine protein kinase  [Source:UniProtKB/TrEMBL;Acc:A0A8J2M1H8],Cercopithifilaria johnstoni (PRJEB47283),protein_coding,cejohnprjeb47283
CJOHNSTONI_LOCUS1914,rna-CJOHNSTONI_LOCUS1914,215,protein_coding,Secreted protein  [Source:UniProtKB/TrEMBL;Acc:A0A8J2Q490],Cercopithifilaria johnstoni (PRJEB47283),protein_coding,cejohnprjeb47283
CJOHNSTONI_LOCUS4091,rna-CJOHNSTONI_LOCUS4091,181,protein_coding,,Cercopithifilaria johnstoni (PRJEB47283),protein_coding,cejohnprjeb47283
CJOHNSTONI_LOCUS5101,rna-CJOHNSTONI_LOCUS5101,159,protein_coding,BTB_2 domain-containing protein  [Source:UniProtKB/TrEMBL;Acc:A0A8J2LXG7],Cercopithifilaria johnstoni (PRJEB47283),protein_coding,cejohnprjeb47283
CJOHNSTONI_LOCUS550,rna-CJOHNSTONI_LOCUS550,233,protein_coding,DEP domain-containing protein  [Source:UniProtKB/TrEMBL;Acc:A0A8J2PVM2],Cercopithifilaria johnstoni (PRJEB47283),protein_coding,cejohnprjeb47283
CJOHNSTONI_LOCUS5379,rna-CJOHNSTONI_LOCUS5379,183,protein_coding,phosphatidylinositol N-acetylglucosaminyltransferase  [Source:UniProtKB/TrEMBL;Acc:A0A8J2LY00],Cercopithifilaria johnstoni (PRJEB47283),protein_coding,cejohnprjeb47283
CJOHNSTONI_LOCUS10007,rna-CJOHNSTONI_LOCUS10007,288,protein_coding,FH2 domain-containing protein  [Source:UniProtKB/TrEMBL;Acc:A0A8J2MEY1],Cercopithifilaria johnstoni (PRJEB47283),protein_coding,cejohnprjeb47283
CJOHNSTONI_LOCUS7393,rna-CJOHNSTONI_LOCUS7393,232,protein_coding,SANT domain-containing protein  [Source:UniProtKB/TrEMBL;Acc:A0A8J2M9Q6],Cercopithifilaria johnstoni (PRJEB47283),protein_coding,cejohnprjeb47283
CJOHNSTONI_LOCUS1354,rna-CJOHNSTONI_LOCUS1354,704,protein_coding,Low-density lipoprotein receptor domain class A  [Source:UniProtKB/TrEMBL;Acc:A0A8J2LX99],Cercopithifilaria johnstoni (PRJEB47283),protein_coding,cejohnprjeb47283
CJOHNSTONI_LOCUS9349,rna-CJOHNSTONI_LOCUS9349,158,protein_coding,40S ribosomal protein S25  [Source:UniProtKB/TrEMBL;Acc:A0A8J2Q3T6],Cercopithifilaria johnstoni (PRJEB47283),protein_coding,cejohnprjeb47283
CJOHNSTONI_LOCUS5019,rna-CJOHNSTONI_LOCUS5019,329,protein_coding,DNA ligase IV  [Source:UniProtKB/TrEMBL;Acc:A0A8J2MNM5],Cercopithifilaria johnstoni (PRJEB47283),protein_coding,cejohnprjeb47283
CJOHNSTONI_LOCUS5290,rna-CJOHNSTONI_LOCUS5290,199,protein_coding,LisH domain-containing protein  [Source:UniProtKB/TrEMBL;Acc:A0A8J2MNM3],Cercopithifilaria johnstoni (PRJEB47283),protein_coding,cejohnprjeb47283
CJOHNSTONI_LOCUS469,rna-CJOHNSTONI_LOCUS469,252,protein_coding,,Cercopithifilaria johnstoni (PRJEB47283),protein_coding,cejohnprjeb47283
CJOHNSTONI_LOCUS7969,rna-CJOHNSTONI_LOCUS7969,196,protein_coding,CCHC-type domain-containing protein  [Source:UniProtKB/TrEMBL;Acc:A0A8J2PWX0],Cercopithifilaria johnstoni (PRJEB47283),protein_coding,cejohnprjeb47283
CJOHNSTONI_LOCUS7971,rna-CJOHNSTONI_LOCUS7971,100,protein_coding,Small integral membrane protein 26  [Source:UniProtKB/TrEMBL;Acc:A0A8J2Q2T4],Cercopithifilaria johnstoni (PRJEB47283),protein_coding,cejohnprjeb47283
CJOHNSTONI_LOCUS7260,rna-CJOHNSTONI_LOCUS7260,241,protein_coding,Protein kinase domain-containing protein  [Source:UniProtKB/TrEMBL;Acc:A0A8J2M8P8],Cercopithifilaria johnstoni (PRJEB47283),protein_coding,cejohnprjeb47283
CJOHNSTONI_LOCUS3195,rna-CJOHNSTONI_LOCUS3195,209,protein_coding,Intermediate filament tail domain protein  [Source:UniProtKB/TrEMBL;Acc:A0A8J2LTD6],Cercopithifilaria johnstoni (PRJEB47283),protein_coding,cejohnprjeb47283
CJOHNSTONI_LOCUS8671,rna-CJOHNSTONI_LOCUS8671,236,protein_coding,Oxysterol-binding protein  [Source:UniProtKB/TrEMBL;Acc:A0A8J2MBY8],Cercopithifilaria johnstoni (PRJEB47283),protein_coding,cejohnprjeb47283
CJOHNSTONI_LOCUS1193,rna-CJOHNSTONI_LOCUS1193,208,protein_coding,SERPIN domain-containing protein  [Source:UniProtKB/TrEMBL;Acc:A0A8J2LWV2],Cercopithifilaria johnstoni (PRJEB47283),protein_coding,cejohnprjeb47283
CJOHNSTONI_LOCUS4788,rna-CJOHNSTONI_LOCUS4788,111,protein_coding,,Cercopithifilaria johnstoni (PRJEB47283),protein_coding,cejohnprjeb47283
CJOHNSTONI_LOCUS4485,rna-CJOHNSTONI_LOCUS4485,149,protein_coding,60S ribosomal protein L35  [Source:UniProtKB/TrEMBL;Acc:A0A8J2M2X2],Cercopithifilaria johnstoni (PRJEB47283),protein_coding,cejohnprjeb47283
CJOHNSTONI_LOCUS2033,rna-CJOHNSTONI_LOCUS2033,156,protein_coding,,Cercopithifilaria johnstoni (PRJEB47283),protein_coding,cejohnprjeb47283
CJOHNSTONI_LOCUS9759,rna-CJOHNSTONI_LOCUS9759,223,protein_coding,Glutamate receptor-interacting protein 2  [Source:UniProtKB/TrEMBL;Acc:A0A8J2MUZ6],Cercopithifilaria johnstoni (PRJEB47283),protein_coding,cejohnprjeb47283
CJOHNSTONI_LOCUS4045,rna-CJOHNSTONI_LOCUS4045,218,protein_coding,Piwi domain-containing protein  [Source:UniProtKB/TrEMBL;Acc:A0A8J2M2A9],Cercopithifilaria johnstoni (PRJEB47283),protein_coding,cejohnprjeb47283
CJOHNSTONI_LOCUS1090,rna-CJOHNSTONI_LOCUS1090,143,protein_coding,RNA-binding protein 8A  [Source:UniProtKB/TrEMBL;Acc:A0A8J2Q3M4],Cercopithifilaria johnstoni (PRJEB47283),protein_coding,cejohnprjeb47283
CJOHNSTONI_LOCUS1924,rna-CJOHNSTONI_LOCUS1924,249,protein_coding,F-box domain-containing protein  [Source:UniProtKB/TrEMBL;Acc:A0A8J2M1K7],Cercopithifilaria johnstoni (PRJEB47283),protein_coding,cejohnprjeb47283
CJOHNSTONI_LOCUS9764,rna-CJOHNSTONI_LOCUS9764,261,protein_coding,Mediator of RNA polymerase II transcription subunit 6  [Source:UniProtKB/TrEMBL;Acc:A0A8J2Q9B4],Cercopithifilaria johnstoni (PRJEB47283),protein_coding,cejohnprjeb47283
CJOHNSTONI_LOCUS8430,rna-CJOHNSTONI_LOCUS8430,278,protein_coding,phosphoenolpyruvate carboxykinase (GTP)  [Source:UniProtKB/TrEMBL;Acc:A0A8J2MBZ5],Cercopithifilaria johnstoni (PRJEB47283),protein_coding,cejohnprjeb47283
CJOHNSTONI_LOCUS1173,rna-CJOHNSTONI_LOCUS1173,227,protein_coding,,Cercopithifilaria johnstoni (PRJEB47283),protein_coding,cejohnprjeb47283
CJOHNSTONI_LOCUS3037,rna-CJOHNSTONI_LOCUS3037,288,protein_coding,Mediator of RNA polymerase II transcription subunit 23  [Source:UniProtKB/TrEMBL;Acc:A0A8J2PRT7],Cercopithifilaria johnstoni (PRJEB47283),protein_coding,cejohnprjeb47283
CJOHNSTONI_LOCUS2572,rna-CJOHNSTONI_LOCUS2572,437,protein_coding,"Succinate dehydrogenase assembly factor 2, mitochondrial  [Source:UniProtKB/TrEMBL;Acc:A0A8J2M2L2]",Cercopithifilaria johnstoni (PRJEB47283),protein_coding,cejohnprjeb47283
CJOHNSTONI_LOCUS5250,rna-CJOHNSTONI_LOCUS5250,215,protein_coding,Na_H_Exchanger domain-containing protein  [Source:UniProtKB/TrEMBL;Acc:A0A8J2M3J4],Cercopithifilaria johnstoni (PRJEB47283),protein_coding,cejohnprjeb47283
CJOHNSTONI_LOCUS9168,rna-CJOHNSTONI_LOCUS9168,189,protein_coding,Exonuclease 1  [Source:UniProtKB/TrEMBL;Acc:A0A8J2Q926],Cercopithifilaria johnstoni (PRJEB47283),protein_coding,cejohnprjeb47283
CJOHNSTONI_LOCUS1000,rna-CJOHNSTONI_LOCUS1000,287,protein_coding,UNC93-like protein  [Source:UniProtKB/TrEMBL;Acc:A0A8J2MIB2],Cercopithifilaria johnstoni (PRJEB47283),protein_coding,cejohnprjeb47283
CJOHNSTONI_LOCUS654,rna-CJOHNSTONI_LOCUS654,1175,protein_coding,non-specific serine/threonine protein kinase  [Source:UniProtKB/TrEMBL;Acc:A0A8J2MHS2],Cercopithifilaria johnstoni (PRJEB47283),protein_coding,cejohnprjeb47283
CJOHNSTONI_LOCUS7159,rna-CJOHNSTONI_LOCUS7159,221,protein_coding,mRNA-capping enzyme mRNA 5'-triphosphate monophosphatase mRNA guanylyltransferase [Source:UniProtKB/TrEMBL;Acc:A0A8J2QAM4],Cercopithifilaria johnstoni (PRJEB47283),protein_coding,cejohnprjeb47283
CJOHNSTONI_LOCUS8555,rna-CJOHNSTONI_LOCUS8555,284,protein_coding,RUS1 family protein C16orf58 homolog  [Source:UniProtKB/TrEMBL;Acc:A0A8J2Q6G4],Cercopithifilaria johnstoni (PRJEB47283),protein_coding,cejohnprjeb47283
CJOHNSTONI_LOCUS4342,rna-CJOHNSTONI_LOCUS4342,109,protein_coding,Gamma-aminobutyric acid receptor-associated protein  [Source:UniProtKB/TrEMBL;Acc:A0A8J2LVT6],Cercopithifilaria johnstoni (PRJEB47283),protein_coding,cejohnprjeb47283
CJOHNSTONI_LOCUS4211,rna-CJOHNSTONI_LOCUS4211,197,protein_coding,Heterogeneous nuclear ribonucleoprotein A1  [Source:UniProtKB/TrEMBL;Acc:A0A8J2MMT7],Cercopithifilaria johnstoni (PRJEB47283),protein_coding,cejohnprjeb47283
CJOHNSTONI_LOCUS2048,rna-CJOHNSTONI_LOCUS2048,163,protein_coding,Proteasome subunit alpha type  [Source:UniProtKB/TrEMBL;Acc:A0A8J2LWU2],Cercopithifilaria johnstoni (PRJEB47283),protein_coding,cejohnprjeb47283
CJOHNSTONI_LOCUS6986,rna-CJOHNSTONI_LOCUS6986,101,protein_coding,,Cercopithifilaria johnstoni (PRJEB47283),protein_coding,cejohnprjeb47283
CJOHNSTONI_LOCUS5458,rna-CJOHNSTONI_LOCUS5458,245,protein_coding,SERPIN domain-containing protein  [Source:UniProtKB/TrEMBL;Acc:A0A8J2MP52],Cercopithifilaria johnstoni (PRJEB47283),protein_coding,cejohnprjeb47283
CJOHNSTONI_LOCUS1639,rna-CJOHNSTONI_LOCUS1639,209,protein_coding,Protein kinase domain-containing protein  [Source:UniProtKB/TrEMBL;Acc:A0A8J2LQE9],Cercopithifilaria johnstoni (PRJEB47283),protein_coding,cejohnprjeb47283
CJOHNSTONI_LOCUS7535,rna-CJOHNSTONI_LOCUS7535,262,protein_coding,TPR_REGION domain-containing protein  [Source:UniProtKB/TrEMBL;Acc:A0A8J2M8M9],Cercopithifilaria johnstoni (PRJEB47283),protein_coding,cejohnprjeb47283
CJOHNSTONI_LOCUS3537,rna-CJOHNSTONI_LOCUS3537,142,protein_coding,Secreted protein  [Source:UniProtKB/TrEMBL;Acc:A0A8J2PZ22],Cercopithifilaria johnstoni (PRJEB47283),protein_coding,cejohnprjeb47283
CJOHNSTONI_LOCUS1819,rna-CJOHNSTONI_LOCUS1819,224,protein_coding,non-specific serine/threonine protein kinase  [Source:UniProtKB/TrEMBL;Acc:A0A8J2Q460],Cercopithifilaria johnstoni (PRJEB47283),protein_coding,cejohnprjeb47283
CJOHNSTONI_LOCUS1171,rna-CJOHNSTONI_LOCUS1171,171,protein_coding,C2H2-type domain-containing protein  [Source:UniProtKB/TrEMBL;Acc:A0A8J2Q0I1],Cercopithifilaria johnstoni (PRJEB47283),protein_coding,cejohnprjeb47283
CJOHNSTONI_LOCUS7429,rna-CJOHNSTONI_LOCUS7429,224,protein_coding,UBP-type domain-containing protein  [Source:UniProtKB/TrEMBL;Acc:A0A8J2MRJ9],Cercopithifilaria johnstoni (PRJEB47283),protein_coding,cejohnprjeb47283
CJOHNSTONI_LOCUS52,rna-CJOHNSTONI_LOCUS52,267,protein_coding,TYR_PHOSPHATASE_2 domain-containing protein  [Source:UniProtKB/TrEMBL;Acc:A0A8J2PV80],Cercopithifilaria johnstoni (PRJEB47283),protein_coding,cejohnprjeb47283
CJOHNSTONI_LOCUS9686,rna-CJOHNSTONI_LOCUS9686,161,protein_coding,,Cercopithifilaria johnstoni (PRJEB47283),protein_coding,cejohnprjeb47283
CJOHNSTONI_LOCUS6953,rna-CJOHNSTONI_LOCUS6953,176,protein_coding,GLOBIN domain-containing protein  [Source:UniProtKB/TrEMBL;Acc:A0A8J2M8S6],Cercopithifilaria johnstoni (PRJEB47283),protein_coding,cejohnprjeb47283
CJOHNSTONI_LOCUS10426,rna-CJOHNSTONI_LOCUS10426,239,protein_coding,Collagen triple helix repeat protein  [Source:UniProtKB/TrEMBL;Acc:A0A8J2PZ48],Cercopithifilaria johnstoni (PRJEB47283),protein_coding,cejohnprjeb47283
CJOHNSTONI_LOCUS4237,rna-CJOHNSTONI_LOCUS4237,373,protein_coding,Homeobox domain-containing protein  [Source:UniProtKB/TrEMBL;Acc:A0A8J2M199],Cercopithifilaria johnstoni (PRJEB47283),protein_coding,cejohnprjeb47283
CJOHNSTONI_LOCUS8948,rna-CJOHNSTONI_LOCUS8948,120,protein_coding,ML domain-containing protein  [Source:UniProtKB/TrEMBL;Acc:A0A8J2Q6M3],Cercopithifilaria johnstoni (PRJEB47283),protein_coding,cejohnprjeb47283
CJOHNSTONI_LOCUS6591,rna-CJOHNSTONI_LOCUS6591,260,protein_coding,,Cercopithifilaria johnstoni (PRJEB47283),protein_coding,cejohnprjeb47283
CJOHNSTONI_LOCUS853,rna-CJOHNSTONI_LOCUS853,166,protein_coding,Charged multivesicular body protein 6  [Source:UniProtKB/TrEMBL;Acc:A0A8J2LWH8],Cercopithifilaria johnstoni (PRJEB47283),protein_coding,cejohnprjeb47283
CJOHNSTONI_LOCUS6546,rna-CJOHNSTONI_LOCUS6546,199,protein_coding,Tropomodulin  [Source:UniProtKB/TrEMBL;Acc:A0A8J2M768],Cercopithifilaria johnstoni (PRJEB47283),protein_coding,cejohnprjeb47283
CJOHNSTONI_LOCUS8861,rna-CJOHNSTONI_LOCUS8861,167,protein_coding,Structural maintenance of chromosomes protein 5  [Source:UniProtKB/TrEMBL;Acc:A0A8J2Q8Y2],Cercopithifilaria johnstoni (PRJEB47283),protein_coding,cejohnprjeb47283
CJOHNSTONI_LOCUS1311,rna-CJOHNSTONI_LOCUS1311,320,protein_coding,RNA cytidine acetyltransferase  [Source:UniProtKB/TrEMBL;Acc:A0A8J2LXW2],Cercopithifilaria johnstoni (PRJEB47283),protein_coding,cejohnprjeb47283
CJOHNSTONI_LOCUS919,rna-CJOHNSTONI_LOCUS919,161,protein_coding,MARVEL domain-containing protein  [Source:UniProtKB/TrEMBL;Acc:A0A8J2LWL1],Cercopithifilaria johnstoni (PRJEB47283),protein_coding,cejohnprjeb47283
CJOHNSTONI_LOCUS3354,rna-CJOHNSTONI_LOCUS3354,247,protein_coding,FYVE-type domain-containing protein  [Source:UniProtKB/TrEMBL;Acc:A0A8J2Q2F6],Cercopithifilaria johnstoni (PRJEB47283),protein_coding,cejohnprjeb47283
CJOHNSTONI_LOCUS5815,rna-CJOHNSTONI_LOCUS5815,250,protein_coding,Helicase SKI2W  [Source:UniProtKB/TrEMBL;Acc:A0A8J2M601],Cercopithifilaria johnstoni (PRJEB47283),protein_coding,cejohnprjeb47283
CJOHNSTONI_LOCUS1572,rna-CJOHNSTONI_LOCUS1572,167,protein_coding,SOCS box domain-containing protein  [Source:UniProtKB/TrEMBL;Acc:A0A8J2MJX7],Cercopithifilaria johnstoni (PRJEB47283),protein_coding,cejohnprjeb47283
CJOHNSTONI_LOCUS540,rna-CJOHNSTONI_LOCUS540,201,protein_coding,,Cercopithifilaria johnstoni (PRJEB47283),protein_coding,cejohnprjeb47283
CJOHNSTONI_LOCUS1488,rna-CJOHNSTONI_LOCUS1488,232,protein_coding,Metaxin  [Source:UniProtKB/TrEMBL;Acc:A0A8J2Q8L9],Cercopithifilaria johnstoni (PRJEB47283),protein_coding,cejohnprjeb47283
CJOHNSTONI_LOCUS6926,rna-CJOHNSTONI_LOCUS6926,400,protein_coding,,Cercopithifilaria johnstoni (PRJEB47283),protein_coding,cejohnprjeb47283
CJOHNSTONI_LOCUS3653,rna-CJOHNSTONI_LOCUS3653,184,protein_coding,Bestrophin homolog  [Source:UniProtKB/TrEMBL;Acc:A0A8J2MLN3],Cercopithifilaria johnstoni (PRJEB47283),protein_coding,cejohnprjeb47283
CJOHNSTONI_LOCUS636,rna-CJOHNSTONI_LOCUS636,246,protein_coding,Myosin motor domain-containing protein  [Source:UniProtKB/TrEMBL;Acc:A0A8J2LLL2],Cercopithifilaria johnstoni (PRJEB47283),protein_coding,cejohnprjeb47283
CJOHNSTONI_LOCUS2317,rna-CJOHNSTONI_LOCUS2317,217,protein_coding,Androgen-induced gene 1 protein-like  [Source:UniProtKB/TrEMBL;Acc:A0A8J2Q1G2],Cercopithifilaria johnstoni (PRJEB47283),protein_coding,cejohnprjeb47283
CJOHNSTONI_LOCUS331,rna-CJOHNSTONI_LOCUS331,209,protein_coding,ZP domain-containing protein  [Source:UniProtKB/TrEMBL;Acc:A0A8J2PPH5],Cercopithifilaria johnstoni (PRJEB47283),protein_coding,cejohnprjeb47283
CJOHNSTONI_LOCUS3874,rna-CJOHNSTONI_LOCUS3874,227,protein_coding,Asp_Arg_Hydrox domain-containing protein  [Source:UniProtKB/TrEMBL;Acc:A0A8J2MMG9],Cercopithifilaria johnstoni (PRJEB47283),protein_coding,cejohnprjeb47283
CJOHNSTONI_LOCUS6428,rna-CJOHNSTONI_LOCUS6428,141,protein_coding,ACB domain-containing protein  [Source:UniProtKB/TrEMBL;Acc:A0A8J2MQA9],Cercopithifilaria johnstoni (PRJEB47283),protein_coding,cejohnprjeb47283
CJOHNSTONI_LOCUS5242,rna-CJOHNSTONI_LOCUS5242,253,protein_coding,PDZ_6 domain-containing protein  [Source:UniProtKB/TrEMBL;Acc:A0A8J2M4G9],Cercopithifilaria johnstoni (PRJEB47283),protein_coding,cejohnprjeb47283
CJOHNSTONI_LOCUS3943,rna-CJOHNSTONI_LOCUS3943,203,protein_coding,B9 domain-containing protein 2  [Source:UniProtKB/TrEMBL;Acc:A0A8J2M0K5],Cercopithifilaria johnstoni (PRJEB47283),protein_coding,cejohnprjeb47283
CJOHNSTONI_LOCUS8074,rna-CJOHNSTONI_LOCUS8074,281,protein_coding,MBD_C domain-containing protein  [Source:UniProtKB/TrEMBL;Acc:A0A8J2MAM9],Cercopithifilaria johnstoni (PRJEB47283),protein_coding,cejohnprjeb47283
CJOHNSTONI_LOCUS1371,rna-CJOHNSTONI_LOCUS1371,252,protein_coding,Gp_dh_N domain-containing protein  [Source:UniProtKB/TrEMBL;Acc:A0A8J2Q0P7],Cercopithifilaria johnstoni (PRJEB47283),protein_coding,cejohnprjeb47283
CJOHNSTONI_LOCUS10307,rna-CJOHNSTONI_LOCUS10307,252,protein_coding,Mucin-5AC  [Source:UniProtKB/TrEMBL;Acc:A0A8J2MF78],Cercopithifilaria johnstoni (PRJEB47283),protein_coding,cejohnprjeb47283
CJOHNSTONI_LOCUS3183,rna-CJOHNSTONI_LOCUS3183,588,protein_coding,,Cercopithifilaria johnstoni (PRJEB47283),protein_coding,cejohnprjeb47283
CJOHNSTONI_LOCUS8107,rna-CJOHNSTONI_LOCUS8107,205,protein_coding,EMC7_beta-sandw domain-containing protein  [Source:UniProtKB/TrEMBL;Acc:A0A8J2Q2X3],Cercopithifilaria johnstoni (PRJEB47283),protein_coding,cejohnprjeb47283
CJOHNSTONI_LOCUS150,rna-CJOHNSTONI_LOCUS150,212,protein_coding,Protein LZIC  [Source:UniProtKB/TrEMBL;Acc:A0A8J2Q7X7],Cercopithifilaria johnstoni (PRJEB47283),protein_coding,cejohnprjeb47283
CJOHNSTONI_LOCUS1121,rna-CJOHNSTONI_LOCUS1121,200,protein_coding,Tyrosine-protein kinase  [Source:UniProtKB/TrEMBL;Acc:A0A8J2Q8F2],Cercopithifilaria johnstoni (PRJEB47283),protein_coding,cejohnprjeb47283
CJOHNSTONI_LOCUS4303,rna-CJOHNSTONI_LOCUS4303,206,protein_coding,Rab-GAP TBC domain-containing protein  [Source:UniProtKB/TrEMBL;Acc:A0A8J2PZS5],Cercopithifilaria johnstoni (PRJEB47283),protein_coding,cejohnprjeb47283
CJOHNSTONI_LOCUS5345,rna-CJOHNSTONI_LOCUS5345,188,protein_coding,Vacuolar protein-sorting-associated protein 36  [Source:UniProtKB/TrEMBL;Acc:A0A8J2M4P4],Cercopithifilaria johnstoni (PRJEB47283),protein_coding,cejohnprjeb47283
CJOHNSTONI_LOCUS561,rna-CJOHNSTONI_LOCUS561,182,protein_coding,cholesterol 7-desaturase  [Source:UniProtKB/TrEMBL;Acc:A0A8J2LWC7],Cercopithifilaria johnstoni (PRJEB47283),protein_coding,cejohnprjeb47283
CJOHNSTONI_LOCUS7458,rna-CJOHNSTONI_LOCUS7458,307,protein_coding,SH3 domain-containing protein  [Source:UniProtKB/TrEMBL;Acc:A0A8J2M976],Cercopithifilaria johnstoni (PRJEB47283),protein_coding,cejohnprjeb47283
CJOHNSTONI_LOCUS4816,rna-CJOHNSTONI_LOCUS4816,178,protein_coding,Mothers against decapentaplegic homolog  [Source:UniProtKB/TrEMBL;Acc:A0A8J2M287],Cercopithifilaria johnstoni (PRJEB47283),protein_coding,cejohnprjeb47283
CJOHNSTONI_LOCUS3785,rna-CJOHNSTONI_LOCUS3785,166,protein_coding,Oligosaccharyltransferase complex subunit  [Source:UniProtKB/TrEMBL;Acc:A0A8J2PSG9],Cercopithifilaria johnstoni (PRJEB47283),protein_coding,cejohnprjeb47283
CJOHNSTONI_LOCUS9378,rna-CJOHNSTONI_LOCUS9378,125,protein_coding,Barrier to autointegration factor  [Source:UniProtKB/TrEMBL;Acc:A0A8J2Q3U1],Cercopithifilaria johnstoni (PRJEB47283),protein_coding,cejohnprjeb47283
CJOHNSTONI_LOCUS8208,rna-CJOHNSTONI_LOCUS8208,320,protein_coding,Methyltransf_11 domain-containing protein  [Source:UniProtKB/TrEMBL;Acc:A0A8J2MD48],Cercopithifilaria johnstoni (PRJEB47283),protein_coding,cejohnprjeb47283
CJOHNSTONI_LOCUS8841,rna-CJOHNSTONI_LOCUS8841,134,protein_coding,LIM zinc-binding domain-containing protein  [Source:UniProtKB/TrEMBL;Acc:A0A8J2MTD8],Cercopithifilaria johnstoni (PRJEB47283),protein_coding,cejohnprjeb47283
CJOHNSTONI_LOCUS10331,rna-CJOHNSTONI_LOCUS10331,147,protein_coding,,Cercopithifilaria johnstoni (PRJEB47283),protein_coding,cejohnprjeb47283
CJOHNSTONI_LOCUS3017,rna-CJOHNSTONI_LOCUS3017,298,protein_coding,Polypeptide N-acetylgalactosaminyltransferase  [Source:UniProtKB/TrEMBL;Acc:A0A8J2M0T1],Cercopithifilaria johnstoni (PRJEB47283),protein_coding,cejohnprjeb47283
CJOHNSTONI_LOCUS8144,rna-CJOHNSTONI_LOCUS8144,498,protein_coding,Spectrin beta chain  [Source:UniProtKB/TrEMBL;Acc:A0A8J2MBD2],Cercopithifilaria johnstoni (PRJEB47283),protein_coding,cejohnprjeb47283
CJOHNSTONI_LOCUS3363,rna-CJOHNSTONI_LOCUS3363,143,protein_coding,BHLH domain-containing protein  [Source:UniProtKB/TrEMBL;Acc:A0A8J2M042],Cercopithifilaria johnstoni (PRJEB47283),protein_coding,cejohnprjeb47283
CJOHNSTONI_LOCUS8746,rna-CJOHNSTONI_LOCUS8746,207,protein_coding,Polypeptide N-acetylgalactosaminyltransferase  [Source:UniProtKB/TrEMBL;Acc:A0A8J2MAN4],Cercopithifilaria johnstoni (PRJEB47283),protein_coding,cejohnprjeb47283
CJOHNSTONI_LOCUS10438,rna-CJOHNSTONI_LOCUS10438,200,protein_coding,Protein ECT2  [Source:UniProtKB/TrEMBL;Acc:A0A8J2Q7G8],Cercopithifilaria johnstoni (PRJEB47283),protein_coding,cejohnprjeb47283
CJOHNSTONI_LOCUS5795,rna-CJOHNSTONI_LOCUS5795,829,protein_coding,,Cercopithifilaria johnstoni (PRJEB47283),protein_coding,cejohnprjeb47283
CJOHNSTONI_LOCUS547,rna-CJOHNSTONI_LOCUS547,316,protein_coding,Degenerin-like protein unc-105  [Source:UniProtKB/TrEMBL;Acc:A0A8J2Q3A2],Cercopithifilaria johnstoni (PRJEB47283),protein_coding,cejohnprjeb47283
CJOHNSTONI_LOCUS8642,rna-CJOHNSTONI_LOCUS8642,249,protein_coding,SUMO-activating enzyme subunit  [Source:UniProtKB/TrEMBL;Acc:A0A8J2MTC4],Cercopithifilaria johnstoni (PRJEB47283),protein_coding,cejohnprjeb47283
CJOHNSTONI_LOCUS1352,rna-CJOHNSTONI_LOCUS1352,218,protein_coding,G_PROTEIN_RECEP_F1_2 domain-containing protein  [Source:UniProtKB/TrEMBL;Acc:A0A8J2LXT8],Cercopithifilaria johnstoni (PRJEB47283),protein_coding,cejohnprjeb47283
CJOHNSTONI_LOCUS5574,rna-CJOHNSTONI_LOCUS5574,200,protein_coding,ABC transporter ATP-binding protein  [Source:UniProtKB/TrEMBL;Acc:A0A8J2M5C0],Cercopithifilaria johnstoni (PRJEB47283),protein_coding,cejohnprjeb47283
CJOHNSTONI_LOCUS4646,rna-CJOHNSTONI_LOCUS4646,263,protein_coding,RING-type domain-containing protein  [Source:UniProtKB/TrEMBL;Acc:A0A8J2MN86],Cercopithifilaria johnstoni (PRJEB47283),protein_coding,cejohnprjeb47283
CJOHNSTONI_LOCUS2051,rna-CJOHNSTONI_LOCUS2051,235,protein_coding,CO5A1  [Source:UniProtKB/TrEMBL;Acc:A0A8J2Q4C9],Cercopithifilaria johnstoni (PRJEB47283),protein_coding,cejohnprjeb47283
CJOHNSTONI_LOCUS10399,rna-CJOHNSTONI_LOCUS10399,177,protein_coding,CRAL-TRIO domain-containing protein  [Source:UniProtKB/TrEMBL;Acc:A0A8J2Q4P6],Cercopithifilaria johnstoni (PRJEB47283),protein_coding,cejohnprjeb47283
CJOHNSTONI_LOCUS60,rna-CJOHNSTONI_LOCUS60-2,213,protein_coding,Sec1 family domain-containing protein 1  [Source:UniProtKB/TrEMBL;Acc:A0A8J2LTD7],Cercopithifilaria johnstoni (PRJEB47283),protein_coding,cejohnprjeb47283
CJOHNSTONI_LOCUS4647,rna-CJOHNSTONI_LOCUS4647,196,protein_coding,Hermansky-Pudlak syndrome 5 protein homolog  [Source:UniProtKB/TrEMBL;Acc:A0A8J2M5W4],Cercopithifilaria johnstoni (PRJEB47283),protein_coding,cejohnprjeb47283
CJOHNSTONI_LOCUS7209,rna-CJOHNSTONI_LOCUS7209,171,protein_coding,Bulb-type lectin domain-containing protein  [Source:UniProtKB/TrEMBL;Acc:A0A8J2PVN1],Cercopithifilaria johnstoni (PRJEB47283),protein_coding,cejohnprjeb47283
CJOHNSTONI_LOCUS1594,rna-CJOHNSTONI_LOCUS1594,231,protein_coding,WD_REPEATS_REGION domain-containing protein  [Source:UniProtKB/TrEMBL;Acc:A0A8J2Q0W6],Cercopithifilaria johnstoni (PRJEB47283),protein_coding,cejohnprjeb47283
CJOHNSTONI_LOCUS3561,rna-CJOHNSTONI_LOCUS3561,256,protein_coding,SWIM-type domain-containing protein  [Source:UniProtKB/TrEMBL;Acc:A0A8J2Q2L1],Cercopithifilaria johnstoni (PRJEB47283),protein_coding,cejohnprjeb47283
CJOHNSTONI_LOCUS8855,rna-CJOHNSTONI_LOCUS8855,242,protein_coding,A2M_N_2 domain-containing protein  [Source:UniProtKB/TrEMBL;Acc:A0A8J2MTE5],Cercopithifilaria johnstoni (PRJEB47283),protein_coding,cejohnprjeb47283
CJOHNSTONI_LOCUS10368,rna-CJOHNSTONI_LOCUS10368,141,protein_coding,,Cercopithifilaria johnstoni (PRJEB47283),protein_coding,cejohnprjeb47283
CJOHNSTONI_LOCUS9393,rna-CJOHNSTONI_LOCUS9393,1030,protein_coding,Microtubule-associated protein futsch  [Source:UniProtKB/TrEMBL;Acc:A0A8J2QB38],Cercopithifilaria johnstoni (PRJEB47283),protein_coding,cejohnprjeb47283
CJOHNSTONI_LOCUS4700,rna-CJOHNSTONI_LOCUS4700,1351,protein_coding,Protein kinase domain-containing protein  [Source:UniProtKB/TrEMBL;Acc:A0A8J2M3T5],Cercopithifilaria johnstoni (PRJEB47283),protein_coding,cejohnprjeb47283
CJOHNSTONI_LOCUS7116,rna-CJOHNSTONI_LOCUS7116,240,protein_coding,PIP49_C domain-containing protein  [Source:UniProtKB/TrEMBL;Acc:A0A8J2Q5N8],Cercopithifilaria johnstoni (PRJEB47283),protein_coding,cejohnprjeb47283
CJOHNSTONI_LOCUS3643,rna-CJOHNSTONI_LOCUS3643,237,protein_coding,Transposase  [Source:UniProtKB/TrEMBL;Acc:A0A8J2M0J8],Cercopithifilaria johnstoni (PRJEB47283),protein_coding,cejohnprjeb47283
CJOHNSTONI_LOCUS6976,rna-CJOHNSTONI_LOCUS6976,174,protein_coding,Type VI secretion system tip protein VgrG  [Source:UniProtKB/TrEMBL;Acc:A0A8J2M0S4],Cercopithifilaria johnstoni (PRJEB47283),protein_coding,cejohnprjeb47283
CJOHNSTONI_LOCUS6735,rna-CJOHNSTONI_LOCUS6735,245,protein_coding,Fucosyltransferase  [Source:UniProtKB/TrEMBL;Acc:A0A8J2Q877],Cercopithifilaria johnstoni (PRJEB47283),protein_coding,cejohnprjeb47283
CJOHNSTONI_LOCUS6372,rna-CJOHNSTONI_LOCUS6372,920,protein_coding,Zinc finger protein 239-like  [Source:UniProtKB/TrEMBL;Acc:A0A8J2M000],Cercopithifilaria johnstoni (PRJEB47283),protein_coding,cejohnprjeb47283
CJOHNSTONI_LOCUS1618,rna-CJOHNSTONI_LOCUS1618,277,protein_coding,CACTA en-spm transposon protein  [Source:UniProtKB/TrEMBL;Acc:A0A8J2LY95],Cercopithifilaria johnstoni (PRJEB47283),protein_coding,cejohnprjeb47283
CJOHNSTONI_LOCUS6529,rna-CJOHNSTONI_LOCUS6529,284,protein_coding,,Cercopithifilaria johnstoni (PRJEB47283),protein_coding,cejohnprjeb47283
CJOHNSTONI_LOCUS8229,rna-CJOHNSTONI_LOCUS8229,316,protein_coding,Serine/threonine-protein phosphatase  [Source:UniProtKB/TrEMBL;Acc:A0A8J2Q6B6],Cercopithifilaria johnstoni (PRJEB47283),protein_coding,cejohnprjeb47283
CJOHNSTONI_LOCUS10181,rna-CJOHNSTONI_LOCUS10181,199,protein_coding,Mitochondrial-processing peptidase subunit beta  [Source:UniProtKB/TrEMBL;Acc:A0A8J2MDB5],Cercopithifilaria johnstoni (PRJEB47283),protein_coding,cejohnprjeb47283
CJOHNSTONI_LOCUS8659,rna-CJOHNSTONI_LOCUS8659,146,protein_coding,,Cercopithifilaria johnstoni (PRJEB47283),protein_coding,cejohnprjeb47283
CJOHNSTONI_LOCUS9007,rna-CJOHNSTONI_LOCUS9007,120,protein_coding,,Cercopithifilaria johnstoni (PRJEB47283),protein_coding,cejohnprjeb47283
CJOHNSTONI_LOCUS7935,rna-CJOHNSTONI_LOCUS7935,111,protein_coding,EB domain-containing protein  [Source:UniProtKB/TrEMBL;Acc:A0A8J2MC44],Cercopithifilaria johnstoni (PRJEB47283),protein_coding,cejohnprjeb47283
CJOHNSTONI_LOCUS1212,rna-CJOHNSTONI_LOCUS1212-2,267,protein_coding,Mediator of RNA polymerase II transcription subunit 14  [Source:UniProtKB/TrEMBL;Acc:A0A8J2MIN7],Cercopithifilaria johnstoni (PRJEB47283),protein_coding,cejohnprjeb47283
CJOHNSTONI_LOCUS480,rna-CJOHNSTONI_LOCUS480,163,protein_coding,Protein quiver  [Source:UniProtKB/TrEMBL;Acc:A0A8J2PZR8],Cercopithifilaria johnstoni (PRJEB47283),protein_coding,cejohnprjeb47283
CJOHNSTONI_LOCUS3699,rna-CJOHNSTONI_LOCUS3699,284,protein_coding,Secreted protein  [Source:UniProtKB/TrEMBL;Acc:A0A8J2M0N2],Cercopithifilaria johnstoni (PRJEB47283),protein_coding,cejohnprjeb47283
CJOHNSTONI_LOCUS4753,rna-CJOHNSTONI_LOCUS4753,169,protein_coding,SAC domain-containing protein  [Source:UniProtKB/TrEMBL;Acc:A0A8J2M3F4],Cercopithifilaria johnstoni (PRJEB47283),protein_coding,cejohnprjeb47283
CJOHNSTONI_LOCUS1936,rna-CJOHNSTONI_LOCUS1936,198,protein_coding,Collagen-like protein  [Source:UniProtKB/TrEMBL;Acc:A0A8J2MKC1],Cercopithifilaria johnstoni (PRJEB47283),protein_coding,cejohnprjeb47283
CJOHNSTONI_LOCUS6452,rna-CJOHNSTONI_LOCUS6452,192,protein_coding,Nbl1_Borealin_N domain-containing protein  [Source:UniProtKB/TrEMBL;Acc:A0A8J2Q544],Cercopithifilaria johnstoni (PRJEB47283),protein_coding,cejohnprjeb47283
CJOHNSTONI_LOCUS8609,rna-CJOHNSTONI_LOCUS8609,215,protein_coding,Vacuolar proton pump subunit D  [Source:UniProtKB/TrEMBL;Acc:A0A8J2Q6H3],Cercopithifilaria johnstoni (PRJEB47283),protein_coding,cejohnprjeb47283
CJOHNSTONI_LOCUS4621,rna-CJOHNSTONI_LOCUS4621,198,protein_coding,DNA_pol_alpha_N domain-containing protein  [Source:UniProtKB/TrEMBL;Acc:A0A8J2M3T2],Cercopithifilaria johnstoni (PRJEB47283),protein_coding,cejohnprjeb47283
CJOHNSTONI_LOCUS494,rna-CJOHNSTONI_LOCUS494,174,protein_coding,Abhydrolase_3 domain-containing protein  [Source:UniProtKB/TrEMBL;Acc:A0A8J2Q848],Cercopithifilaria johnstoni (PRJEB47283),protein_coding,cejohnprjeb47283
CJOHNSTONI_LOCUS3232,rna-CJOHNSTONI_LOCUS3232,280,protein_coding,C2H2-type domain-containing protein  [Source:UniProtKB/TrEMBL;Acc:A0A8J2PYT2],Cercopithifilaria johnstoni (PRJEB47283),protein_coding,cejohnprjeb47283
CJOHNSTONI_LOCUS3930,rna-CJOHNSTONI_LOCUS3930,167,protein_coding,UMP-CMP kinase  [Source:UniProtKB/TrEMBL;Acc:A0A8J2MLZ7],Cercopithifilaria johnstoni (PRJEB47283),protein_coding,cejohnprjeb47283
CJOHNSTONI_LOCUS10396,rna-CJOHNSTONI_LOCUS10396,239,protein_coding,RNA helicase  [Source:UniProtKB/TrEMBL;Acc:A0A8J2Q9K7],Cercopithifilaria johnstoni (PRJEB47283),protein_coding,cejohnprjeb47283
CJOHNSTONI_LOCUS5216,rna-CJOHNSTONI_LOCUS5216,236,protein_coding,S1 motif domain-containing protein  [Source:UniProtKB/TrEMBL;Acc:A0A8J2Q7C3],Cercopithifilaria johnstoni (PRJEB47283),protein_coding,cejohnprjeb47283
CJOHNSTONI_LOCUS329,rna-CJOHNSTONI_LOCUS329,353,protein_coding,,Cercopithifilaria johnstoni (PRJEB47283),protein_coding,cejohnprjeb47283
CJOHNSTONI_LOCUS9271,rna-CJOHNSTONI_LOCUS9271,313,protein_coding,,Cercopithifilaria johnstoni (PRJEB47283),protein_coding,cejohnprjeb47283
CJOHNSTONI_LOCUS10190,rna-CJOHNSTONI_LOCUS10190,180,protein_coding,Secreted protein  [Source:UniProtKB/TrEMBL;Acc:A0A8J2PYW7],Cercopithifilaria johnstoni (PRJEB47283),protein_coding,cejohnprjeb47283
CJOHNSTONI_LOCUS7791,rna-CJOHNSTONI_LOCUS7791,202,protein_coding,Mediator of RNA polymerase II transcription subunit 24  [Source:UniProtKB/TrEMBL;Acc:A0A8J2M945],Cercopithifilaria johnstoni (PRJEB47283),protein_coding,cejohnprjeb47283
CJOHNSTONI_LOCUS8612,rna-CJOHNSTONI_LOCUS8612,284,protein_coding,Major sperm protein  [Source:UniProtKB/TrEMBL;Acc:A0A8J2M383],Cercopithifilaria johnstoni (PRJEB47283),protein_coding,cejohnprjeb47283
CJOHNSTONI_LOCUS9178,rna-CJOHNSTONI_LOCUS9178,234,protein_coding,GDT1 family protein  [Source:UniProtKB/TrEMBL;Acc:A0A8J2MD49],Cercopithifilaria johnstoni (PRJEB47283),protein_coding,cejohnprjeb47283
CJOHNSTONI_LOCUS8325,rna-CJOHNSTONI_LOCUS8325,181,protein_coding,mRNA cap guanine-N7 methyltransferase  [Source:UniProtKB/TrEMBL;Acc:A0A8J2MBR6],Cercopithifilaria johnstoni (PRJEB47283),protein_coding,cejohnprjeb47283
CJOHNSTONI_LOCUS1405,rna-CJOHNSTONI_LOCUS1405,202,protein_coding,GLOBIN domain-containing protein  [Source:UniProtKB/TrEMBL;Acc:A0A8J2LW06],Cercopithifilaria johnstoni (PRJEB47283),protein_coding,cejohnprjeb47283
CJOHNSTONI_LOCUS5433,rna-CJOHNSTONI_LOCUS5433,379,protein_coding,C2H2-type domain-containing protein  [Source:UniProtKB/TrEMBL;Acc:A0A8J2M7B6],Cercopithifilaria johnstoni (PRJEB47283),protein_coding,cejohnprjeb47283
CJOHNSTONI_LOCUS8623,rna-CJOHNSTONI_LOCUS8623,249,protein_coding,Letm1 RBD domain-containing protein  [Source:UniProtKB/TrEMBL;Acc:A0A8J2PXH1],Cercopithifilaria johnstoni (PRJEB47283),protein_coding,cejohnprjeb47283
CJOHNSTONI_LOCUS6267,rna-CJOHNSTONI_LOCUS6267,172,protein_coding,GMP_PDE_delta domain-containing protein  [Source:UniProtKB/TrEMBL;Acc:A0A8J2LZS6],Cercopithifilaria johnstoni (PRJEB47283),protein_coding,cejohnprjeb47283
CJOHNSTONI_LOCUS6404,rna-CJOHNSTONI_LOCUS6404,243,protein_coding,Methyltransferase-like protein 9  [Source:UniProtKB/TrEMBL;Acc:A0A8J2MQD6],Cercopithifilaria johnstoni (PRJEB47283),protein_coding,cejohnprjeb47283
CJOHNSTONI_LOCUS4181,rna-CJOHNSTONI_LOCUS4181,124,protein_coding,WD_REPEATS_REGION domain-containing protein  [Source:UniProtKB/TrEMBL;Acc:A0A8J2LSN9],Cercopithifilaria johnstoni (PRJEB47283),protein_coding,cejohnprjeb47283
CJOHNSTONI_LOCUS8687,rna-CJOHNSTONI_LOCUS8687,133,protein_coding,,Cercopithifilaria johnstoni (PRJEB47283),protein_coding,cejohnprjeb47283
CJOHNSTONI_LOCUS457,rna-CJOHNSTONI_LOCUS457,124,protein_coding,SGNH_hydro domain-containing protein  [Source:UniProtKB/TrEMBL;Acc:A0A8J2LTW6],Cercopithifilaria johnstoni (PRJEB47283),protein_coding,cejohnprjeb47283
CJOHNSTONI_LOCUS8041,rna-CJOHNSTONI_LOCUS8041,182,protein_coding,RING-type domain-containing protein  [Source:UniProtKB/TrEMBL;Acc:A0A8J2MSA2],Cercopithifilaria johnstoni (PRJEB47283),protein_coding,cejohnprjeb47283
CJOHNSTONI_LOCUS1671,rna-CJOHNSTONI_LOCUS1671,344,protein_coding,WW domain-binding protein 11  [Source:UniProtKB/TrEMBL;Acc:A0A8J2MK16],Cercopithifilaria johnstoni (PRJEB47283),protein_coding,cejohnprjeb47283
CJOHNSTONI_LOCUS924,rna-CJOHNSTONI_LOCUS924,266,protein_coding,"Ubiquinone biosynthesis O-methyltransferase, mitochondrial  [Source:UniProtKB/TrEMBL;Acc:A0A8J2PVZ1]",Cercopithifilaria johnstoni (PRJEB47283),protein_coding,cejohnprjeb47283
CJOHNSTONI_LOCUS6085,rna-CJOHNSTONI_LOCUS6085,236,protein_coding,CBM_48 domain-containing protein  [Source:UniProtKB/TrEMBL;Acc:A0A8J2M6N8],Cercopithifilaria johnstoni (PRJEB47283),protein_coding,cejohnprjeb47283
CJOHNSTONI_LOCUS1687,rna-CJOHNSTONI_LOCUS1687,233,protein_coding,,Cercopithifilaria johnstoni (PRJEB47283),protein_coding,cejohnprjeb47283
CJOHNSTONI_LOCUS7061,rna-CJOHNSTONI_LOCUS7061,185,protein_coding,Disulfide bond formation protein B  [Source:UniProtKB/TrEMBL;Acc:A0A8J2M890],Cercopithifilaria johnstoni (PRJEB47283),protein_coding,cejohnprjeb47283
CJOHNSTONI_LOCUS5134,rna-CJOHNSTONI_LOCUS5134,248,protein_coding,DNA damage-binding protein 1  [Source:UniProtKB/TrEMBL;Acc:A0A8J2M6S7],Cercopithifilaria johnstoni (PRJEB47283),protein_coding,cejohnprjeb47283
CJOHNSTONI_LOCUS7105,rna-CJOHNSTONI_LOCUS7105-2,376,protein_coding,CHY-type domain-containing protein  [Source:UniProtKB/TrEMBL;Acc:A0A8J2Q239],Cercopithifilaria johnstoni (PRJEB47283),protein_coding,cejohnprjeb47283
CJOHNSTONI_LOCUS8372,rna-CJOHNSTONI_LOCUS8372,208,protein_coding,"Inositol 1,4,5-trisphosphate receptor  [Source:UniProtKB/TrEMBL;Acc:A0A8J2MT04]",Cercopithifilaria johnstoni (PRJEB47283),protein_coding,cejohnprjeb47283
CJOHNSTONI_LOCUS7549,rna-CJOHNSTONI_LOCUS7549,467,protein_coding,Calponin-homology (CH) domain-containing protein  [Source:UniProtKB/TrEMBL;Acc:A0A8J2M9X9],Cercopithifilaria johnstoni (PRJEB47283),protein_coding,cejohnprjeb47283
CJOHNSTONI_LOCUS1393,rna-CJOHNSTONI_LOCUS1393,269,protein_coding,,Cercopithifilaria johnstoni (PRJEB47283),protein_coding,cejohnprjeb47283
CJOHNSTONI_LOCUS10202,rna-CJOHNSTONI_LOCUS10202,334,protein_coding,BZIP domain-containing protein  [Source:UniProtKB/TrEMBL;Acc:A0A8J2MFZ0],Cercopithifilaria johnstoni (PRJEB47283),protein_coding,cejohnprjeb47283
CJOHNSTONI_LOCUS8502,rna-CJOHNSTONI_LOCUS8502,226,protein_coding,Col_cuticle_N domain-containing protein  [Source:UniProtKB/TrEMBL;Acc:A0A8J2MAH0],Cercopithifilaria johnstoni (PRJEB47283),protein_coding,cejohnprjeb47283
CJOHNSTONI_LOCUS2841,rna-CJOHNSTONI_LOCUS2841,270,protein_coding,serine--tRNA ligase  [Source:UniProtKB/TrEMBL;Acc:A0A8J2Q9A7],Cercopithifilaria johnstoni (PRJEB47283),protein_coding,cejohnprjeb47283
CJOHNSTONI_LOCUS4775,rna-CJOHNSTONI_LOCUS4775,869,protein_coding,Lipase_3 domain-containing protein  [Source:UniProtKB/TrEMBL;Acc:A0A8J2M261],Cercopithifilaria johnstoni (PRJEB47283),protein_coding,cejohnprjeb47283
CJOHNSTONI_LOCUS5136,rna-CJOHNSTONI_LOCUS5136,134,protein_coding,Activin_recp domain-containing protein  [Source:UniProtKB/TrEMBL;Acc:A0A8J2M4N9],Cercopithifilaria johnstoni (PRJEB47283),protein_coding,cejohnprjeb47283
CJOHNSTONI_LOCUS1640,rna-CJOHNSTONI_LOCUS1640,224,protein_coding,Protein kinase domain-containing protein  [Source:UniProtKB/TrEMBL;Acc:A0A8J2MJE9],Cercopithifilaria johnstoni (PRJEB47283),protein_coding,cejohnprjeb47283
CJOHNSTONI_LOCUS2231,rna-CJOHNSTONI_LOCUS2231,215,protein_coding,Phage protein  [Source:UniProtKB/TrEMBL;Acc:A0A8J2LX68],Cercopithifilaria johnstoni (PRJEB47283),protein_coding,cejohnprjeb47283
CJOHNSTONI_LOCUS3638,rna-CJOHNSTONI_LOCUS3638,198,protein_coding,Protein FAR1-RELATED SEQUENCE  [Source:UniProtKB/TrEMBL;Acc:A0A8J2LUC9],Cercopithifilaria johnstoni (PRJEB47283),protein_coding,cejohnprjeb47283
CJOHNSTONI_LOCUS142,rna-CJOHNSTONI_LOCUS142,215,protein_coding,,Cercopithifilaria johnstoni (PRJEB47283),protein_coding,cejohnprjeb47283
CJOHNSTONI_LOCUS6166,rna-CJOHNSTONI_LOCUS6166,308,protein_coding,Col_cuticle_N domain-containing protein  [Source:UniProtKB/TrEMBL;Acc:A0A8J2PUG6],Cercopithifilaria johnstoni (PRJEB47283),protein_coding,cejohnprjeb47283
CJOHNSTONI_LOCUS8554,rna-CJOHNSTONI_LOCUS8554,268,protein_coding,Phosphodiesterase  [Source:UniProtKB/TrEMBL;Acc:A0A8J2PXF2],Cercopithifilaria johnstoni (PRJEB47283),protein_coding,cejohnprjeb47283
CJOHNSTONI_LOCUS8195,rna-CJOHNSTONI_LOCUS8195,218,protein_coding,"39S ribosomal protein L10, mitochondrial  [Source:UniProtKB/TrEMBL;Acc:A0A8J2MSM0]",Cercopithifilaria johnstoni (PRJEB47283),protein_coding,cejohnprjeb47283
CJOHNSTONI_LOCUS9430,rna-CJOHNSTONI_LOCUS9430,205,protein_coding,Protein kinase domain-containing protein  [Source:UniProtKB/TrEMBL;Acc:A0A8J2MDK5],Cercopithifilaria johnstoni (PRJEB47283),protein_coding,cejohnprjeb47283
CJOHNSTONI_LOCUS2001,rna-CJOHNSTONI_LOCUS2001,204,protein_coding,PlsC domain-containing protein  [Source:UniProtKB/TrEMBL;Acc:A0A8J2MKE6],Cercopithifilaria johnstoni (PRJEB47283),protein_coding,cejohnprjeb47283
CJOHNSTONI_LOCUS1576,rna-CJOHNSTONI_LOCUS1576,265,protein_coding,RalBP1-associated Eps domain-containing protein 2  [Source:UniProtKB/TrEMBL;Acc:A0A8J2LXP8],Cercopithifilaria johnstoni (PRJEB47283),protein_coding,cejohnprjeb47283
CJOHNSTONI_LOCUS8491,rna-CJOHNSTONI_LOCUS8491,203,protein_coding,ODV-E66  [Source:UniProtKB/TrEMBL;Acc:A0A8J2Q6F5],Cercopithifilaria johnstoni (PRJEB47283),protein_coding,cejohnprjeb47283
CJOHNSTONI_LOCUS1701,rna-CJOHNSTONI_LOCUS1701,227,protein_coding,Collagen  [Source:UniProtKB/TrEMBL;Acc:A0A8J2LYE4],Cercopithifilaria johnstoni (PRJEB47283),protein_coding,cejohnprjeb47283
CJOHNSTONI_LOCUS6430,rna-CJOHNSTONI_LOCUS6430,174,protein_coding,,Cercopithifilaria johnstoni (PRJEB47283),protein_coding,cejohnprjeb47283
CJOHNSTONI_LOCUS2685,rna-CJOHNSTONI_LOCUS2685,238,protein_coding,Nuclear receptor domain-containing protein  [Source:UniProtKB/TrEMBL;Acc:A0A8J2PRJ1],Cercopithifilaria johnstoni (PRJEB47283),protein_coding,cejohnprjeb47283
CJOHNSTONI_LOCUS4145,rna-CJOHNSTONI_LOCUS4145,236,protein_coding,FA_desaturase domain-containing protein  [Source:UniProtKB/TrEMBL;Acc:A0A8J2M2B6],Cercopithifilaria johnstoni (PRJEB47283),protein_coding,cejohnprjeb47283
CJOHNSTONI_LOCUS7747,rna-CJOHNSTONI_LOCUS7747,1167,protein_coding,Protein-L-isoaspartate O-methyltransferase domain-containing protein 1  [Source:UniProtKB/TrEMBL;Acc:A0A8J2PWD7],Cercopithifilaria johnstoni (PRJEB47283),protein_coding,cejohnprjeb47283
CJOHNSTONI_LOCUS7037,rna-CJOHNSTONI_LOCUS7037,237,protein_coding,Cytochrome P450  [Source:UniProtKB/TrEMBL;Acc:A0A8J2Q5L8],Cercopithifilaria johnstoni (PRJEB47283),protein_coding,cejohnprjeb47283
CJOHNSTONI_LOCUS7039,rna-CJOHNSTONI_LOCUS7039,180,protein_coding,ShKT domain-containing protein  [Source:UniProtKB/TrEMBL;Acc:A0A8J2QAL5],Cercopithifilaria johnstoni (PRJEB47283),protein_coding,cejohnprjeb47283
CJOHNSTONI_LOCUS10576,rna-CJOHNSTONI_LOCUS10576,181,protein_coding,"Phosphatidylinositol glycan, class Q  [Source:UniProtKB/TrEMBL;Acc:A0A8J2Q4V1]",Cercopithifilaria johnstoni (PRJEB47283),protein_coding,cejohnprjeb47283
CJOHNSTONI_LOCUS1124,rna-CJOHNSTONI_LOCUS1124,218,protein_coding,SER_THR_PHOSPHATASE domain-containing protein  [Source:UniProtKB/TrEMBL;Acc:A0A8J2LVI0],Cercopithifilaria johnstoni (PRJEB47283),protein_coding,cejohnprjeb47283
CJOHNSTONI_LOCUS4326,rna-CJOHNSTONI_LOCUS4326,170,protein_coding,Translocon-associated protein subunit beta  [Source:UniProtKB/TrEMBL;Acc:A0A8J2Q371],Cercopithifilaria johnstoni (PRJEB47283),protein_coding,cejohnprjeb47283
CJOHNSTONI_LOCUS10098,rna-CJOHNSTONI_LOCUS10098,246,protein_coding,Integrator complex subunit 7  [Source:UniProtKB/TrEMBL;Acc:A0A8J2M5M2],Cercopithifilaria johnstoni (PRJEB47283),protein_coding,cejohnprjeb47283
CJOHNSTONI_LOCUS4331,rna-CJOHNSTONI_LOCUS4331,167,protein_coding,Neurotrimin  [Source:UniProtKB/TrEMBL;Acc:A0A8J2MMH4],Cercopithifilaria johnstoni (PRJEB47283),protein_coding,cejohnprjeb47283
CJOHNSTONI_LOCUS6171,rna-CJOHNSTONI_LOCUS6171,280,protein_coding,Photolyase/cryptochrome alpha/beta domain-containing protein  [Source:UniProtKB/TrEMBL;Acc:A0A8J2LZL3],Cercopithifilaria johnstoni (PRJEB47283),protein_coding,cejohnprjeb47283
CJOHNSTONI_LOCUS4345,rna-CJOHNSTONI_LOCUS4345,180,protein_coding,TLDc domain-containing protein  [Source:UniProtKB/TrEMBL;Acc:A0A8J2MMX8],Cercopithifilaria johnstoni (PRJEB47283),protein_coding,cejohnprjeb47283
CJOHNSTONI_LOCUS2380,rna-CJOHNSTONI_LOCUS2380,538,protein_coding,Ras-associating domain-containing protein  [Source:UniProtKB/TrEMBL;Acc:A0A8J2PY16],Cercopithifilaria johnstoni (PRJEB47283),protein_coding,cejohnprjeb47283
CJOHNSTONI_LOCUS3209,rna-CJOHNSTONI_LOCUS3209,258,protein_coding,SUI1 domain-containing protein  [Source:UniProtKB/TrEMBL;Acc:A0A8J2ML70],Cercopithifilaria johnstoni (PRJEB47283),protein_coding,cejohnprjeb47283
CJOHNSTONI_LOCUS10093,rna-CJOHNSTONI_LOCUS10093,244,protein_coding,alpha-glucosidase  [Source:UniProtKB/TrEMBL;Acc:A0A8J2Q9G3],Cercopithifilaria johnstoni (PRJEB47283),protein_coding,cejohnprjeb47283
CJOHNSTONI_LOCUS41,rna-CJOHNSTONI_LOCUS41,195,protein_coding,RPAP3_C domain-containing protein  [Source:UniProtKB/TrEMBL;Acc:A0A8J2LT82],Cercopithifilaria johnstoni (PRJEB47283),protein_coding,cejohnprjeb47283
CJOHNSTONI_LOCUS10193,rna-CJOHNSTONI_LOCUS10193,317,protein_coding,Ipi1_N domain-containing protein  [Source:UniProtKB/TrEMBL;Acc:A0A8J2QB96],Cercopithifilaria johnstoni (PRJEB47283),protein_coding,cejohnprjeb47283
CJOHNSTONI_LOCUS2271,rna-CJOHNSTONI_LOCUS2271-3,287,protein_coding,Histone-lysine N-methyltransferase  [Source:UniProtKB/TrEMBL;Acc:A0A8J2LZH8],Cercopithifilaria johnstoni (PRJEB47283),protein_coding,cejohnprjeb47283
CJOHNSTONI_LOCUS8194,rna-CJOHNSTONI_LOCUS8194,218,protein_coding,"28S ribosomal protein S29, mitochondrial  [Source:UniProtKB/TrEMBL;Acc:A0A8J2M3A1]",Cercopithifilaria johnstoni (PRJEB47283),protein_coding,cejohnprjeb47283
CJOHNSTONI_LOCUS3470,rna-CJOHNSTONI_LOCUS3470,217,protein_coding,GPI-anchor transamidase  [Source:UniProtKB/TrEMBL;Acc:A0A8J2PZ03],Cercopithifilaria johnstoni (PRJEB47283),protein_coding,cejohnprjeb47283
CJOHNSTONI_LOCUS729,rna-CJOHNSTONI_LOCUS729,145,protein_coding,COMM domain-containing protein 3  [Source:UniProtKB/TrEMBL;Acc:A0A8J2Q046],Cercopithifilaria johnstoni (PRJEB47283),protein_coding,cejohnprjeb47283
CJOHNSTONI_LOCUS1426,rna-CJOHNSTONI_LOCUS1426,251,protein_coding,Chloride channel protein  [Source:UniProtKB/TrEMBL;Acc:A0A8J2LY17],Cercopithifilaria johnstoni (PRJEB47283),protein_coding,cejohnprjeb47283
CJOHNSTONI_LOCUS6343,rna-CJOHNSTONI_LOCUS6343,206,protein_coding,Peptidase_S8 domain-containing protein  [Source:UniProtKB/TrEMBL;Acc:A0A8J2Q1I7],Cercopithifilaria johnstoni (PRJEB47283),protein_coding,cejohnprjeb47283
CJOHNSTONI_LOCUS3068,rna-CJOHNSTONI_LOCUS3068,199,protein_coding,LisH domain-containing protein  [Source:UniProtKB/TrEMBL;Acc:A0A8J2MLL2],Cercopithifilaria johnstoni (PRJEB47283),protein_coding,cejohnprjeb47283
CJOHNSTONI_LOCUS8560,rna-CJOHNSTONI_LOCUS8560,144,protein_coding,Transmembrane protein  [Source:UniProtKB/TrEMBL;Acc:A0A8J2MA94],Cercopithifilaria johnstoni (PRJEB47283),protein_coding,cejohnprjeb47283
CJOHNSTONI_LOCUS8109,rna-CJOHNSTONI_LOCUS8109,674,protein_coding,Zinc finger protein  [Source:UniProtKB/TrEMBL;Acc:A0A8J2M2G0],Cercopithifilaria johnstoni (PRJEB47283),protein_coding,cejohnprjeb47283
CJOHNSTONI_LOCUS10524,rna-CJOHNSTONI_LOCUS10524,308,protein_coding,Coiled-coil domain-containing protein 147  [Source:UniProtKB/TrEMBL;Acc:A0A8J2PZ81],Cercopithifilaria johnstoni (PRJEB47283),protein_coding,cejohnprjeb47283
CJOHNSTONI_LOCUS5384,rna-CJOHNSTONI_LOCUS5384,284,protein_coding,Fork-head domain-containing protein  [Source:UniProtKB/TrEMBL;Acc:A0A8J2M506],Cercopithifilaria johnstoni (PRJEB47283),protein_coding,cejohnprjeb47283
CJOHNSTONI_LOCUS8324,rna-CJOHNSTONI_LOCUS8324,242,protein_coding,,Cercopithifilaria johnstoni (PRJEB47283),protein_coding,cejohnprjeb47283
CJOHNSTONI_LOCUS4166,rna-CJOHNSTONI_LOCUS4166,273,protein_coding,MFS domain-containing protein  [Source:UniProtKB/TrEMBL;Acc:A0A8J2PZN7],Cercopithifilaria johnstoni (PRJEB47283),protein_coding,cejohnprjeb47283
CJOHNSTONI_LOCUS4088,rna-CJOHNSTONI_LOCUS4088,191,protein_coding,Aldo_ket_red domain-containing protein  [Source:UniProtKB/TrEMBL;Acc:A0A8J2M290],Cercopithifilaria johnstoni (PRJEB47283),protein_coding,cejohnprjeb47283
CJOHNSTONI_LOCUS10462,rna-CJOHNSTONI_LOCUS10462,190,protein_coding,Vps16_C domain-containing protein  [Source:UniProtKB/TrEMBL;Acc:A0A8J2MGG7],Cercopithifilaria johnstoni (PRJEB47283),protein_coding,cejohnprjeb47283
CJOHNSTONI_LOCUS9527,rna-CJOHNSTONI_LOCUS9527,256,protein_coding,R3H domain-containing protein 2  [Source:UniProtKB/TrEMBL;Acc:A0A8J2PY90],Cercopithifilaria johnstoni (PRJEB47283),protein_coding,cejohnprjeb47283
CJOHNSTONI_LOCUS10475,rna-CJOHNSTONI_LOCUS10475,162,protein_coding,,Cercopithifilaria johnstoni (PRJEB47283),protein_coding,cejohnprjeb47283
CJOHNSTONI_LOCUS9243,rna-CJOHNSTONI_LOCUS9243,152,protein_coding,Glutathione S-transferase  [Source:UniProtKB/TrEMBL;Acc:A0A8J2MU83],Cercopithifilaria johnstoni (PRJEB47283),protein_coding,cejohnprjeb47283
CJOHNSTONI_LOCUS7376,rna-CJOHNSTONI_LOCUS7376,185,protein_coding,G_PROTEIN_RECEP_F1_2 domain-containing protein  [Source:UniProtKB/TrEMBL;Acc:A0A8J2M1W1],Cercopithifilaria johnstoni (PRJEB47283),protein_coding,cejohnprjeb47283
CJOHNSTONI_LOCUS10441,rna-CJOHNSTONI_LOCUS10441,199,protein_coding,Cleavage and polyadenylation specificity factor subunit 4  [Source:UniProtKB/TrEMBL;Acc:A0A8J2M866],Cercopithifilaria johnstoni (PRJEB47283),protein_coding,cejohnprjeb47283
CJOHNSTONI_LOCUS2192,rna-CJOHNSTONI_LOCUS2192,179,protein_coding,GMC_OxRdtase_N domain-containing protein  [Source:UniProtKB/TrEMBL;Acc:A0A8J2LYV2],Cercopithifilaria johnstoni (PRJEB47283),protein_coding,cejohnprjeb47283
CJOHNSTONI_LOCUS4374,rna-CJOHNSTONI_LOCUS4374,310,protein_coding,Ubiquitin-like modifier-activating enzyme ATG7  [Source:UniProtKB/TrEMBL;Acc:A0A8J2M2Q5],Cercopithifilaria johnstoni (PRJEB47283),protein_coding,cejohnprjeb47283
CJOHNSTONI_LOCUS10010,rna-CJOHNSTONI_LOCUS10010,235,protein_coding,receptor protein-tyrosine kinase  [Source:UniProtKB/TrEMBL;Acc:A0A8J2MCW7],Cercopithifilaria johnstoni (PRJEB47283),protein_coding,cejohnprjeb47283
CJOHNSTONI_LOCUS3649,rna-CJOHNSTONI_LOCUS3649,221,protein_coding,CBFD_NFYB_HMF domain-containing protein  [Source:UniProtKB/TrEMBL;Acc:A0A8J2PZ59],Cercopithifilaria johnstoni (PRJEB47283),protein_coding,cejohnprjeb47283
CJOHNSTONI_LOCUS9450,rna-CJOHNSTONI_LOCUS9450,239,protein_coding,CC domain-containing protein  [Source:UniProtKB/TrEMBL;Acc:A0A8J2QB42],Cercopithifilaria johnstoni (PRJEB47283),protein_coding,cejohnprjeb47283
CJOHNSTONI_LOCUS5259,rna-CJOHNSTONI_LOCUS5259,1115,protein_coding,INO80 complex subunit E  [Source:UniProtKB/TrEMBL;Acc:A0A8J2Q0I0],Cercopithifilaria johnstoni (PRJEB47283),protein_coding,cejohnprjeb47283
CJOHNSTONI_LOCUS5001,rna-CJOHNSTONI_LOCUS5001,216,protein_coding,BAR domain-containing protein  [Source:UniProtKB/TrEMBL;Acc:A0A8J2QA64],Cercopithifilaria johnstoni (PRJEB47283),protein_coding,cejohnprjeb47283
CJOHNSTONI_LOCUS6477,rna-CJOHNSTONI_LOCUS6477,367,protein_coding,C2H2-type domain-containing protein  [Source:UniProtKB/TrEMBL;Acc:A0A8J2PUR9],Cercopithifilaria johnstoni (PRJEB47283),protein_coding,cejohnprjeb47283
CJOHNSTONI_LOCUS3460,rna-CJOHNSTONI_LOCUS3460,260,protein_coding,BPI2 domain-containing protein  [Source:UniProtKB/TrEMBL;Acc:A0A8J2LZQ4],Cercopithifilaria johnstoni (PRJEB47283),protein_coding,cejohnprjeb47283
CJOHNSTONI_LOCUS6458,rna-CJOHNSTONI_LOCUS6458,202,protein_coding,Protein kinase domain-containing protein  [Source:UniProtKB/TrEMBL;Acc:A0A8J2MQF8],Cercopithifilaria johnstoni (PRJEB47283),protein_coding,cejohnprjeb47283
CJOHNSTONI_LOCUS7757,rna-CJOHNSTONI_LOCUS7757,193,protein_coding,RING-type domain-containing protein  [Source:UniProtKB/TrEMBL;Acc:A0A8J2MAJ5],Cercopithifilaria johnstoni (PRJEB47283),protein_coding,cejohnprjeb47283
CJOHNSTONI_LOCUS8940,rna-CJOHNSTONI_LOCUS8940,236,protein_coding,Protein transport protein SEC23  [Source:UniProtKB/TrEMBL;Acc:A0A8J2MEP5],Cercopithifilaria johnstoni (PRJEB47283),protein_coding,cejohnprjeb47283
CJOHNSTONI_LOCUS6292,rna-CJOHNSTONI_LOCUS6292,187,protein_coding,UV radiation resistance-associated protein  [Source:UniProtKB/TrEMBL;Acc:A0A8J2QAG0],Cercopithifilaria johnstoni (PRJEB47283),protein_coding,cejohnprjeb47283
CJOHNSTONI_LOCUS1993,rna-CJOHNSTONI_LOCUS1993,134,protein_coding,NADH dehydrogenase [ubiquinone] iron-sulfur protein 5  [Source:UniProtKB/TrEMBL;Acc:A0A8J2PQZ1],Cercopithifilaria johnstoni (PRJEB47283),protein_coding,cejohnprjeb47283
CJOHNSTONI_LOCUS8817,rna-CJOHNSTONI_LOCUS8817,800,protein_coding,Ig-like domain-containing protein  [Source:UniProtKB/TrEMBL;Acc:A0A8J2MCA1],Cercopithifilaria johnstoni (PRJEB47283),protein_coding,cejohnprjeb47283
CJOHNSTONI_LOCUS5022,rna-CJOHNSTONI_LOCUS5022,221,protein_coding,Kringle domain-containing protein  [Source:UniProtKB/TrEMBL;Acc:A0A8J2M4C2],Cercopithifilaria johnstoni (PRJEB47283),protein_coding,cejohnprjeb47283
CJOHNSTONI_LOCUS6048,rna-CJOHNSTONI_LOCUS6048,179,protein_coding,Recep_L_domain domain-containing protein  [Source:UniProtKB/TrEMBL;Acc:A0A8J2QAE2],Cercopithifilaria johnstoni (PRJEB47283),protein_coding,cejohnprjeb47283
CJOHNSTONI_LOCUS5739,rna-CJOHNSTONI_LOCUS5739,564,protein_coding,ZP domain-containing protein  [Source:UniProtKB/TrEMBL;Acc:A0A8J2MPH4],Cercopithifilaria johnstoni (PRJEB47283),protein_coding,cejohnprjeb47283
CJOHNSTONI_LOCUS4838,rna-CJOHNSTONI_LOCUS4838,159,protein_coding,WD_REPEATS_REGION domain-containing protein  [Source:UniProtKB/TrEMBL;Acc:A0A8J2PTB7],Cercopithifilaria johnstoni (PRJEB47283),protein_coding,cejohnprjeb47283
CJOHNSTONI_LOCUS4400,rna-CJOHNSTONI_LOCUS4400,243,protein_coding,Animal hem peroxidase  [Source:UniProtKB/TrEMBL;Acc:A0A8J2MMZ6],Cercopithifilaria johnstoni (PRJEB47283),protein_coding,cejohnprjeb47283
CJOHNSTONI_LOCUS2852,rna-CJOHNSTONI_LOCUS2852,253,protein_coding,MTS domain-containing protein  [Source:UniProtKB/TrEMBL;Acc:A0A8J2Q536],Cercopithifilaria johnstoni (PRJEB47283),protein_coding,cejohnprjeb47283
CJOHNSTONI_LOCUS9755,rna-CJOHNSTONI_LOCUS9755,149,protein_coding,,Cercopithifilaria johnstoni (PRJEB47283),protein_coding,cejohnprjeb47283
CJOHNSTONI_LOCUS1152,rna-CJOHNSTONI_LOCUS1152,232,protein_coding,ARID domain-containing protein  [Source:UniProtKB/TrEMBL;Acc:A0A8J2MIJ7],Cercopithifilaria johnstoni (PRJEB47283),protein_coding,cejohnprjeb47283
CJOHNSTONI_LOCUS4171,rna-CJOHNSTONI_LOCUS4171,228,protein_coding,MoCF_biosynth domain-containing protein  [Source:UniProtKB/TrEMBL;Acc:A0A8J2MMS6],Cercopithifilaria johnstoni (PRJEB47283),protein_coding,cejohnprjeb47283
CJOHNSTONI_LOCUS2321,rna-CJOHNSTONI_LOCUS2321,302,protein_coding,F-box domain-containing protein  [Source:UniProtKB/TrEMBL;Acc:A0A8J2LRL9],Cercopithifilaria johnstoni (PRJEB47283),protein_coding,cejohnprjeb47283
CJOHNSTONI_LOCUS2808,rna-CJOHNSTONI_LOCUS2808,197,protein_coding,Vps16_C domain-containing protein  [Source:UniProtKB/TrEMBL;Acc:A0A8J2Q524],Cercopithifilaria johnstoni (PRJEB47283),protein_coding,cejohnprjeb47283
CJOHNSTONI_LOCUS4052,rna-CJOHNSTONI_LOCUS4052,302,protein_coding,Secreted protein  [Source:UniProtKB/TrEMBL;Acc:A0A8J2Q9S9],Cercopithifilaria johnstoni (PRJEB47283),protein_coding,cejohnprjeb47283
CJOHNSTONI_LOCUS1783,rna-CJOHNSTONI_LOCUS1783,255,protein_coding,Prostatic spermine-binding protein-like  [Source:UniProtKB/TrEMBL;Acc:A0A8J2LWU7],Cercopithifilaria johnstoni (PRJEB47283),protein_coding,cejohnprjeb47283
CJOHNSTONI_LOCUS1455,rna-CJOHNSTONI_LOCUS1455,150,protein_coding,RRP15-like protein  [Source:UniProtKB/TrEMBL;Acc:A0A8J2LXG4],Cercopithifilaria johnstoni (PRJEB47283),protein_coding,cejohnprjeb47283
CJOHNSTONI_LOCUS6803,rna-CJOHNSTONI_LOCUS6803,355,protein_coding,Frizzled domain-containing protein  [Source:UniProtKB/TrEMBL;Acc:A0A8J2M7Q2],Cercopithifilaria johnstoni (PRJEB47283),protein_coding,cejohnprjeb47283
CJOHNSTONI_LOCUS2108,rna-CJOHNSTONI_LOCUS2108,767,protein_coding,Zinc finger protein  [Source:UniProtKB/TrEMBL;Acc:A0A8J2Q1A6],Cercopithifilaria johnstoni (PRJEB47283),protein_coding,cejohnprjeb47283
CJOHNSTONI_LOCUS8903,rna-CJOHNSTONI_LOCUS8903,239,protein_coding,Serine/threonine-protein phosphatase 4 regulatory subunit 1  [Source:UniProtKB/TrEMBL;Acc:A0A8J2MCF5],Cercopithifilaria johnstoni (PRJEB47283),protein_coding,cejohnprjeb47283
CJOHNSTONI_LOCUS7755,rna-CJOHNSTONI_LOCUS7755,383,protein_coding,Glutaredoxin domain-containing protein  [Source:UniProtKB/TrEMBL;Acc:A0A8J2MS59],Cercopithifilaria johnstoni (PRJEB47283),protein_coding,cejohnprjeb47283
CJOHNSTONI_LOCUS8999,rna-CJOHNSTONI_LOCUS8999,251,protein_coding,,Cercopithifilaria johnstoni (PRJEB47283),protein_coding,cejohnprjeb47283
CJOHNSTONI_LOCUS3159,rna-CJOHNSTONI_LOCUS3159,242,protein_coding,,Cercopithifilaria johnstoni (PRJEB47283),protein_coding,cejohnprjeb47283
CJOHNSTONI_LOCUS4200,rna-CJOHNSTONI_LOCUS4200,237,protein_coding,MPN domain-containing protein  [Source:UniProtKB/TrEMBL;Acc:A0A8J2M2E2],Cercopithifilaria johnstoni (PRJEB47283),protein_coding,cejohnprjeb47283
CJOHNSTONI_LOCUS835,rna-CJOHNSTONI_LOCUS835-2,169,protein_coding,Lactamase_B domain-containing protein  [Source:UniProtKB/TrEMBL;Acc:A0A8J2Q8A7],Cercopithifilaria johnstoni (PRJEB47283),protein_coding,cejohnprjeb47283
CJOHNSTONI_LOCUS8102,rna-CJOHNSTONI_LOCUS8102,932,protein_coding,Zinc finger protein  [Source:UniProtKB/TrEMBL;Acc:A0A8J2MB87],Cercopithifilaria johnstoni (PRJEB47283),protein_coding,cejohnprjeb47283
CJOHNSTONI_LOCUS8983,rna-CJOHNSTONI_LOCUS8983,227,protein_coding,"Alpha-1,3-glucosyltransferase  [Source:UniProtKB/TrEMBL;Acc:A0A8J2MTK0]",Cercopithifilaria johnstoni (PRJEB47283),protein_coding,cejohnprjeb47283
CJOHNSTONI_LOCUS4844,rna-CJOHNSTONI_LOCUS4844,222,protein_coding,FAS1 domain-containing protein  [Source:UniProtKB/TrEMBL;Acc:A0A8J2MN21],Cercopithifilaria johnstoni (PRJEB47283),protein_coding,cejohnprjeb47283
CJOHNSTONI_LOCUS8557,rna-CJOHNSTONI_LOCUS8557,214,protein_coding,LIM zinc-binding domain-containing protein  [Source:UniProtKB/TrEMBL;Acc:A0A8J2QAX7],Cercopithifilaria johnstoni (PRJEB47283),protein_coding,cejohnprjeb47283
CJOHNSTONI_LOCUS6995,rna-CJOHNSTONI_LOCUS6995,180,protein_coding,CX domain-containing protein  [Source:UniProtKB/TrEMBL;Acc:A0A8J2Q8B6],Cercopithifilaria johnstoni (PRJEB47283),protein_coding,cejohnprjeb47283
CJOHNSTONI_LOCUS1328,rna-CJOHNSTONI_LOCUS1328,228,protein_coding,Cathepsin L  [Source:UniProtKB/TrEMBL;Acc:A0A8J2Q0N6],Cercopithifilaria johnstoni (PRJEB47283),protein_coding,cejohnprjeb47283
CJOHNSTONI_LOCUS3487,rna-CJOHNSTONI_LOCUS3487,235,protein_coding,1-phosphatidylinositol 4-kinase  [Source:UniProtKB/TrEMBL;Acc:A0A8J2MLH1],Cercopithifilaria johnstoni (PRJEB47283),protein_coding,cejohnprjeb47283
CJOHNSTONI_LOCUS7329,rna-CJOHNSTONI_LOCUS7329,257,protein_coding,Nucleoporin NUP35  [Source:UniProtKB/TrEMBL;Acc:A0A8J2M9E4],Cercopithifilaria johnstoni (PRJEB47283),protein_coding,cejohnprjeb47283
CJOHNSTONI_LOCUS10260,rna-CJOHNSTONI_LOCUS10260,290,protein_coding,Cyclin-dependent kinase 5 activator  [Source:UniProtKB/TrEMBL;Acc:A0A8J2M5V7],Cercopithifilaria johnstoni (PRJEB47283),protein_coding,cejohnprjeb47283
CJOHNSTONI_LOCUS5550,rna-CJOHNSTONI_LOCUS5550,183,protein_coding,,Cercopithifilaria johnstoni (PRJEB47283),protein_coding,cejohnprjeb47283
CJOHNSTONI_LOCUS1325,rna-CJOHNSTONI_LOCUS1325,169,protein_coding,HAP2-GCS1 domain-containing protein  [Source:UniProtKB/TrEMBL;Acc:A0A8J2LXW8],Cercopithifilaria johnstoni (PRJEB47283),protein_coding,cejohnprjeb47283
CJOHNSTONI_LOCUS4771,rna-CJOHNSTONI_LOCUS4771,186,protein_coding,Tubulin beta chain  [Source:UniProtKB/TrEMBL;Acc:A0A8J2Q3L8],Cercopithifilaria johnstoni (PRJEB47283),protein_coding,cejohnprjeb47283
CJOHNSTONI_LOCUS5577,rna-CJOHNSTONI_LOCUS5577,250,protein_coding,NR LBD domain-containing protein  [Source:UniProtKB/TrEMBL;Acc:A0A8J2Q7J0],Cercopithifilaria johnstoni (PRJEB47283),protein_coding,cejohnprjeb47283
CJOHNSTONI_LOCUS7465,rna-CJOHNSTONI_LOCUS7465,143,protein_coding,Adaptin_N domain-containing protein  [Source:UniProtKB/TrEMBL;Acc:A0A8J2M212],Cercopithifilaria johnstoni (PRJEB47283),protein_coding,cejohnprjeb47283
CJOHNSTONI_LOCUS5522,rna-CJOHNSTONI_LOCUS5522,174,protein_coding,RNA_pol_L_2 domain-containing protein  [Source:UniProtKB/TrEMBL;Acc:A0A8J2M7H2],Cercopithifilaria johnstoni (PRJEB47283),protein_coding,cejohnprjeb47283
CJOHNSTONI_LOCUS6874,rna-CJOHNSTONI_LOCUS6874,268,protein_coding,Dolichyl-diphosphooligosaccharide--protein glycosyltransferase subunit 2  [Source:UniProtKB/TrEMBL;Acc:A0A8J2PV44],Cercopithifilaria johnstoni (PRJEB47283),protein_coding,cejohnprjeb47283
CJOHNSTONI_LOCUS4845,rna-CJOHNSTONI_LOCUS4845,222,protein_coding,DUF2428 domain-containing protein  [Source:UniProtKB/TrEMBL;Acc:A0A8J2MNG2],Cercopithifilaria johnstoni (PRJEB47283),protein_coding,cejohnprjeb47283
CJOHNSTONI_LOCUS4324,rna-CJOHNSTONI_LOCUS4324,146,protein_coding,"ATP synthase subunit g, mitochondrial  [Source:UniProtKB/TrEMBL;Acc:A0A8J2Q6U1]",Cercopithifilaria johnstoni (PRJEB47283),protein_coding,cejohnprjeb47283
CJOHNSTONI_LOCUS2656,rna-CJOHNSTONI_LOCUS2656,237,protein_coding,"39S ribosomal protein L3, mitochondrial  [Source:UniProtKB/TrEMBL;Acc:A0A8J2PRH9]",Cercopithifilaria johnstoni (PRJEB47283),protein_coding,cejohnprjeb47283
CJOHNSTONI_LOCUS938,rna-CJOHNSTONI_LOCUS938,202,protein_coding,ER membrane protein complex subunit 10  [Source:UniProtKB/TrEMBL;Acc:A0A8J2Q0B0],Cercopithifilaria johnstoni (PRJEB47283),protein_coding,cejohnprjeb47283
CJOHNSTONI_LOCUS8895,rna-CJOHNSTONI_LOCUS8895,192,protein_coding,Sulfotransfer_1 domain-containing protein  [Source:UniProtKB/TrEMBL;Acc:A0A8J2M4H5],Cercopithifilaria johnstoni (PRJEB47283),protein_coding,cejohnprjeb47283
CJOHNSTONI_LOCUS1918,rna-CJOHNSTONI_LOCUS1918,490,protein_coding,,Cercopithifilaria johnstoni (PRJEB47283),protein_coding,cejohnprjeb47283
CJOHNSTONI_LOCUS9872,rna-CJOHNSTONI_LOCUS9872,177,protein_coding,Nucleosome assembly protein 1-like 1  [Source:UniProtKB/TrEMBL;Acc:A0A8J2MED4],Cercopithifilaria johnstoni (PRJEB47283),protein_coding,cejohnprjeb47283
CJOHNSTONI_LOCUS6692,rna-CJOHNSTONI_LOCUS6692,689,protein_coding,One cut domain family member  [Source:UniProtKB/TrEMBL;Acc:A0A8J2M835],Cercopithifilaria johnstoni (PRJEB47283),protein_coding,cejohnprjeb47283
CJOHNSTONI_LOCUS1507,rna-CJOHNSTONI_LOCUS1507,260,protein_coding,"ATP synthase-coupling factor 6, mitochondrial  [Source:UniProtKB/TrEMBL;Acc:A0A8J2LY30]",Cercopithifilaria johnstoni (PRJEB47283),protein_coding,cejohnprjeb47283
CJOHNSTONI_LOCUS2330,rna-CJOHNSTONI_LOCUS2330,158,protein_coding,Mitochondrial pyruvate carrier  [Source:UniProtKB/TrEMBL;Acc:A0A8J2Q935],Cercopithifilaria johnstoni (PRJEB47283),protein_coding,cejohnprjeb47283
CJOHNSTONI_LOCUS439,rna-CJOHNSTONI_LOCUS439,121,protein_coding,Cadherin domain-containing protein  [Source:UniProtKB/TrEMBL;Acc:A0A8J2PZQ8],Cercopithifilaria johnstoni (PRJEB47283),protein_coding,cejohnprjeb47283
CJOHNSTONI_LOCUS9215,rna-CJOHNSTONI_LOCUS9215,227,protein_coding,Transmembrane protein  [Source:UniProtKB/TrEMBL;Acc:A0A8J2MU70],Cercopithifilaria johnstoni (PRJEB47283),protein_coding,cejohnprjeb47283
CJOHNSTONI_LOCUS5395,rna-CJOHNSTONI_LOCUS5395,159,protein_coding,Mannosyltransferase  [Source:UniProtKB/TrEMBL;Acc:A0A8J2MP27],Cercopithifilaria johnstoni (PRJEB47283),protein_coding,cejohnprjeb47283
CJOHNSTONI_LOCUS1530,rna-CJOHNSTONI_LOCUS1530,322,protein_coding,Casein kinase II subunit beta  [Source:UniProtKB/TrEMBL;Acc:A0A8J2M113],Cercopithifilaria johnstoni (PRJEB47283),protein_coding,cejohnprjeb47283
CJOHNSTONI_LOCUS9311,rna-CJOHNSTONI_LOCUS9311,173,protein_coding,tRNA (uracil-O(2)-)-methyltransferase  [Source:UniProtKB/TrEMBL;Acc:A0A8J2QB32],Cercopithifilaria johnstoni (PRJEB47283),protein_coding,cejohnprjeb47283
CJOHNSTONI_LOCUS7852,rna-CJOHNSTONI_LOCUS7852,209,protein_coding,Telomerase reverse transcriptase  [Source:UniProtKB/TrEMBL;Acc:A0A8J2M211],Cercopithifilaria johnstoni (PRJEB47283),protein_coding,cejohnprjeb47283
CJOHNSTONI_LOCUS6223,rna-CJOHNSTONI_LOCUS6223,155,protein_coding,MSP domain-containing protein  [Source:UniProtKB/TrEMBL;Acc:A0A8J2PUI3],Cercopithifilaria johnstoni (PRJEB47283),protein_coding,cejohnprjeb47283
CJOHNSTONI_LOCUS5494,rna-CJOHNSTONI_LOCUS5494,155,protein_coding,Glutamine-rich protein 2  [Source:UniProtKB/TrEMBL;Acc:A0A8J2M434],Cercopithifilaria johnstoni (PRJEB47283),protein_coding,cejohnprjeb47283
CJOHNSTONI_LOCUS9208,rna-CJOHNSTONI_LOCUS9208,268,protein_coding,Protein SSUH2 homolog  [Source:UniProtKB/TrEMBL;Acc:A0A8J2Q6R4],Cercopithifilaria johnstoni (PRJEB47283),protein_coding,cejohnprjeb47283
CJOHNSTONI_LOCUS8794,rna-CJOHNSTONI_LOCUS8794,2930,protein_coding,Non-specific serine/threonine protein kinase  [Source:UniProtKB/TrEMBL;Acc:A0A8J2PXM5],Cercopithifilaria johnstoni (PRJEB47283),protein_coding,cejohnprjeb47283
CJOHNSTONI_LOCUS8912,rna-CJOHNSTONI_LOCUS8912,1166,protein_coding,Zinc finger protein 239-like  [Source:UniProtKB/TrEMBL;Acc:A0A8J2M4I4],Cercopithifilaria johnstoni (PRJEB47283),protein_coding,cejohnprjeb47283
CJOHNSTONI_LOCUS7161,rna-CJOHNSTONI_LOCUS7161,237,protein_coding,G_PROTEIN_RECEP_F1_2 domain-containing protein  [Source:UniProtKB/TrEMBL;Acc:A0A8J2M1J9],Cercopithifilaria johnstoni (PRJEB47283),protein_coding,cejohnprjeb47283
CJOHNSTONI_LOCUS7374,rna-CJOHNSTONI_LOCUS7374,171,protein_coding,Transket_pyr domain-containing protein  [Source:UniProtKB/TrEMBL;Acc:A0A8J2QAP0],Cercopithifilaria johnstoni (PRJEB47283),protein_coding,cejohnprjeb47283
CJOHNSTONI_LOCUS4160,rna-CJOHNSTONI_LOCUS4160,248,protein_coding,Serine protease K12H4.7  [Source:UniProtKB/TrEMBL;Acc:A0A8J2M2S6],Cercopithifilaria johnstoni (PRJEB47283),protein_coding,cejohnprjeb47283
CJOHNSTONI_LOCUS4562,rna-CJOHNSTONI_LOCUS4562,134,protein_coding,,Cercopithifilaria johnstoni (PRJEB47283),protein_coding,cejohnprjeb47283
CJOHNSTONI_LOCUS3266,rna-CJOHNSTONI_LOCUS3266,190,protein_coding,Protein CDV3 homolog  [Source:UniProtKB/TrEMBL;Acc:A0A8J2M1D4],Cercopithifilaria johnstoni (PRJEB47283),protein_coding,cejohnprjeb47283
CJOHNSTONI_LOCUS8112,rna-CJOHNSTONI_LOCUS8112,674,protein_coding,Zinc finger protein 239-like  [Source:UniProtKB/TrEMBL;Acc:A0A8J2MSH3],Cercopithifilaria johnstoni (PRJEB47283),protein_coding,cejohnprjeb47283
CJOHNSTONI_LOCUS4560,rna-CJOHNSTONI_LOCUS4560,237,protein_coding,Protein RIC1 homolog  [Source:UniProtKB/TrEMBL;Acc:A0A8J2PT32],Cercopithifilaria johnstoni (PRJEB47283),protein_coding,cejohnprjeb47283
CJOHNSTONI_LOCUS8519,rna-CJOHNSTONI_LOCUS8519,245,protein_coding,KRR1 small subunit processome component  [Source:UniProtKB/TrEMBL;Acc:A0A8J2MA68],Cercopithifilaria johnstoni (PRJEB47283),protein_coding,cejohnprjeb47283
CJOHNSTONI_LOCUS413,rna-CJOHNSTONI_LOCUS413,217,protein_coding,M20_dimer domain-containing protein  [Source:UniProtKB/TrEMBL;Acc:A0A8J2Q361],Cercopithifilaria johnstoni (PRJEB47283),protein_coding,cejohnprjeb47283
CJOHNSTONI_LOCUS4517,rna-CJOHNSTONI_LOCUS4517,108,protein_coding,Cyclic lactone autoinducer peptide  [Source:UniProtKB/TrEMBL;Acc:A0A8J2Q6Y1],Cercopithifilaria johnstoni (PRJEB47283),protein_coding,cejohnprjeb47283
CJOHNSTONI_LOCUS4772,rna-CJOHNSTONI_LOCUS4772,290,protein_coding,GCR1_C domain-containing protein  [Source:UniProtKB/TrEMBL;Acc:A0A8J2Q029],Cercopithifilaria johnstoni (PRJEB47283),protein_coding,cejohnprjeb47283
CJOHNSTONI_LOCUS3632,rna-CJOHNSTONI_LOCUS3632,166,protein_coding,Geranylgeranyl pyrophosphate synthase  [Source:UniProtKB/TrEMBL;Acc:A0A8J2Q5U4],Cercopithifilaria johnstoni (PRJEB47283),protein_coding,cejohnprjeb47283
CJOHNSTONI_LOCUS5508,rna-CJOHNSTONI_LOCUS5508,359,protein_coding,POU domain protein  [Source:UniProtKB/TrEMBL;Acc:A0A8J2MP65],Cercopithifilaria johnstoni (PRJEB47283),protein_coding,cejohnprjeb47283
CJOHNSTONI_LOCUS7912,rna-CJOHNSTONI_LOCUS7912,348,protein_coding,RRM domain-containing protein  [Source:UniProtKB/TrEMBL;Acc:A0A8J2M9D2],Cercopithifilaria johnstoni (PRJEB47283),protein_coding,cejohnprjeb47283
CJOHNSTONI_LOCUS4825,rna-CJOHNSTONI_LOCUS4825,242,protein_coding,glucuronosyltransferase  [Source:UniProtKB/TrEMBL;Acc:A0A8J2Q045],Cercopithifilaria johnstoni (PRJEB47283),protein_coding,cejohnprjeb47283
CJOHNSTONI_LOCUS7090,rna-CJOHNSTONI_LOCUS7090,202,protein_coding,NmrA domain-containing protein  [Source:UniProtKB/TrEMBL;Acc:A0A8J2Q8C8],Cercopithifilaria johnstoni (PRJEB47283),protein_coding,cejohnprjeb47283
CJOHNSTONI_LOCUS1406,rna-CJOHNSTONI_LOCUS1406,199,protein_coding,USP domain-containing protein  [Source:UniProtKB/TrEMBL;Acc:A0A8J2MIZ0],Cercopithifilaria johnstoni (PRJEB47283),protein_coding,cejohnprjeb47283
CJOHNSTONI_LOCUS8714,rna-CJOHNSTONI_LOCUS8714,179,protein_coding,Ion_trans_2 domain-containing protein  [Source:UniProtKB/TrEMBL;Acc:A0A8J2PXJ8],Cercopithifilaria johnstoni (PRJEB47283),protein_coding,cejohnprjeb47283
CJOHNSTONI_LOCUS68,rna-CJOHNSTONI_LOCUS68,143,protein_coding,,Cercopithifilaria johnstoni (PRJEB47283),protein_coding,cejohnprjeb47283
CJOHNSTONI_LOCUS6020,rna-CJOHNSTONI_LOCUS6020,515,protein_coding,Condensin-2 complex subunit D3  [Source:UniProtKB/TrEMBL;Acc:A0A8J2QAE0],Cercopithifilaria johnstoni (PRJEB47283),protein_coding,cejohnprjeb47283
CJOHNSTONI_LOCUS1809,rna-CJOHNSTONI_LOCUS1809,218,protein_coding,SAC domain-containing protein  [Source:UniProtKB/TrEMBL;Acc:A0A8J2LNI3],Cercopithifilaria johnstoni (PRJEB47283),protein_coding,cejohnprjeb47283
CJOHNSTONI_LOCUS7447,rna-CJOHNSTONI_LOCUS7447,209,protein_coding,Calcyphosin-like protein  [Source:UniProtKB/TrEMBL;Acc:A0A8J2M9N9],Cercopithifilaria johnstoni (PRJEB47283),protein_coding,cejohnprjeb47283
CJOHNSTONI_LOCUS8628,rna-CJOHNSTONI_LOCUS8628,645,protein_coding,Origin recognition complex subunit 1  [Source:UniProtKB/TrEMBL;Acc:A0A8J2MT43],Cercopithifilaria johnstoni (PRJEB47283),protein_coding,cejohnprjeb47283
CJOHNSTONI_LOCUS5767,rna-CJOHNSTONI_LOCUS5767,206,protein_coding,Kinesin light chain  [Source:UniProtKB/TrEMBL;Acc:A0A8J2M4J5],Cercopithifilaria johnstoni (PRJEB47283),protein_coding,cejohnprjeb47283
CJOHNSTONI_LOCUS343,rna-CJOHNSTONI_LOCUS343,258,protein_coding,TPR_MLP1_2 domain-containing protein  [Source:UniProtKB/TrEMBL;Acc:A0A8J2LVG1],Cercopithifilaria johnstoni (PRJEB47283),protein_coding,cejohnprjeb47283
CJOHNSTONI_LOCUS811,rna-CJOHNSTONI_LOCUS811,935,protein_coding,RING-type domain-containing protein  [Source:UniProtKB/TrEMBL;Acc:A0A8J2LZC8],Cercopithifilaria johnstoni (PRJEB47283),protein_coding,cejohnprjeb47283
CJOHNSTONI_LOCUS2644,rna-CJOHNSTONI_LOCUS2644,308,protein_coding,,Cercopithifilaria johnstoni (PRJEB47283),protein_coding,cejohnprjeb47283
CJOHNSTONI_LOCUS3821,rna-CJOHNSTONI_LOCUS3821,346,protein_coding,Netrin receptor UNC5  [Source:UniProtKB/TrEMBL;Acc:A0A8J2M4Q3],Cercopithifilaria johnstoni (PRJEB47283),protein_coding,cejohnprjeb47283
CJOHNSTONI_LOCUS901,rna-CJOHNSTONI_LOCUS901,206,protein_coding,DUF4206 domain-containing protein  [Source:UniProtKB/TrEMBL;Acc:A0A8J2MIU6],Cercopithifilaria johnstoni (PRJEB47283),protein_coding,cejohnprjeb47283
CJOHNSTONI_LOCUS4667,rna-CJOHNSTONI_LOCUS4667,206,protein_coding,Peptidase_M3 domain-containing protein  [Source:UniProtKB/TrEMBL;Acc:A0A8J2M3M5],Cercopithifilaria johnstoni (PRJEB47283),protein_coding,cejohnprjeb47283
CJOHNSTONI_LOCUS8127,rna-CJOHNSTONI_LOCUS8127,143,protein_coding,Troponin C  [Source:UniProtKB/TrEMBL;Acc:A0A8J2MSH9],Cercopithifilaria johnstoni (PRJEB47283),protein_coding,cejohnprjeb47283
CJOHNSTONI_LOCUS6794,rna-CJOHNSTONI_LOCUS6794,624,protein_coding,Histidine-rich glycoprotein-like  [Source:UniProtKB/TrEMBL;Acc:A0A8J2Q1U5],Cercopithifilaria johnstoni (PRJEB47283),protein_coding,cejohnprjeb47283
CJOHNSTONI_LOCUS9703,rna-CJOHNSTONI_LOCUS9703,192,protein_coding,Sodium/hydrogen exchanger  [Source:UniProtKB/TrEMBL;Acc:A0A8J2MUX3],Cercopithifilaria johnstoni (PRJEB47283),protein_coding,cejohnprjeb47283
CJOHNSTONI_LOCUS3721,rna-CJOHNSTONI_LOCUS3721,196,protein_coding,Neur_chan_LBD domain-containing protein  [Source:UniProtKB/TrEMBL;Acc:A0A8J2MMA6],Cercopithifilaria johnstoni (PRJEB47283),protein_coding,cejohnprjeb47283
CJOHNSTONI_LOCUS8376,rna-CJOHNSTONI_LOCUS8376,227,protein_coding,Protein kinase domain-containing protein  [Source:UniProtKB/TrEMBL;Acc:A0A8J2MBB7],Cercopithifilaria johnstoni (PRJEB47283),protein_coding,cejohnprjeb47283
CJOHNSTONI_LOCUS8054,rna-CJOHNSTONI_LOCUS8054,187,protein_coding,TPR_REGION domain-containing protein  [Source:UniProtKB/TrEMBL;Acc:A0A8J2M318],Cercopithifilaria johnstoni (PRJEB47283),protein_coding,cejohnprjeb47283
CJOHNSTONI_LOCUS3970,rna-CJOHNSTONI_LOCUS3970,342,protein_coding,Metalloendopeptidase  [Source:UniProtKB/TrEMBL;Acc:A0A8J2M0M0],Cercopithifilaria johnstoni (PRJEB47283),protein_coding,cejohnprjeb47283
CJOHNSTONI_LOCUS9055,rna-CJOHNSTONI_LOCUS9055,204,protein_coding,Phosphoinositide phospholipase C  [Source:UniProtKB/TrEMBL;Acc:A0A8J2MDF2],Cercopithifilaria johnstoni (PRJEB47283),protein_coding,cejohnprjeb47283
CJOHNSTONI_LOCUS4032,rna-CJOHNSTONI_LOCUS4032,158,protein_coding,FYR N-terminal domain-containing protein  [Source:UniProtKB/TrEMBL;Acc:A0A8J2M281],Cercopithifilaria johnstoni (PRJEB47283),protein_coding,cejohnprjeb47283
CJOHNSTONI_LOCUS4597,rna-CJOHNSTONI_LOCUS4597,275,protein_coding,Mothers against decapentaplegic homolog  [Source:UniProtKB/TrEMBL;Acc:A0A8J2M3N0],Cercopithifilaria johnstoni (PRJEB47283),protein_coding,cejohnprjeb47283
CJOHNSTONI_LOCUS5119,rna-CJOHNSTONI_LOCUS5119,183,protein_coding,WD_REPEATS_REGION domain-containing protein  [Source:UniProtKB/TrEMBL;Acc:A0A8J2M6R9],Cercopithifilaria johnstoni (PRJEB47283),protein_coding,cejohnprjeb47283
CJOHNSTONI_LOCUS7514,rna-CJOHNSTONI_LOCUS7514,225,protein_coding,Baculoviral IAP repeat-containing protein 6  [Source:UniProtKB/TrEMBL;Acc:A0A8J2M8L3],Cercopithifilaria johnstoni (PRJEB47283),protein_coding,cejohnprjeb47283
CJOHNSTONI_LOCUS9786,rna-CJOHNSTONI_LOCUS9786,222,protein_coding,Fas apoptotic inhibitory molecule 1  [Source:UniProtKB/TrEMBL;Acc:A0A8J2MV06],Cercopithifilaria johnstoni (PRJEB47283),protein_coding,cejohnprjeb47283
CJOHNSTONI_LOCUS9912,rna-CJOHNSTONI_LOCUS9912,177,protein_coding,,Cercopithifilaria johnstoni (PRJEB47283),protein_coding,cejohnprjeb47283
CJOHNSTONI_LOCUS8057,rna-CJOHNSTONI_LOCUS8057,152,protein_coding,Signal peptidase complex subunit 1  [Source:UniProtKB/TrEMBL;Acc:A0A8J2MSK3],Cercopithifilaria johnstoni (PRJEB47283),protein_coding,cejohnprjeb47283
CJOHNSTONI_LOCUS3039,rna-CJOHNSTONI_LOCUS3039,203,protein_coding,Multidrug resistance protein 1  [Source:UniProtKB/TrEMBL;Acc:A0A8J2PYM1],Cercopithifilaria johnstoni (PRJEB47283),protein_coding,cejohnprjeb47283
CJOHNSTONI_LOCUS6657,rna-CJOHNSTONI_LOCUS6657,329,protein_coding,SSD domain-containing protein  [Source:UniProtKB/TrEMBL;Acc:A0A8J2Q5A6],Cercopithifilaria johnstoni (PRJEB47283),protein_coding,cejohnprjeb47283
CJOHNSTONI_LOCUS4269,rna-CJOHNSTONI_LOCUS4269,158,protein_coding,Secreted protein  [Source:UniProtKB/TrEMBL;Acc:A0A8J2M358],Cercopithifilaria johnstoni (PRJEB47283),protein_coding,cejohnprjeb47283
CJOHNSTONI_LOCUS8411,rna-CJOHNSTONI_LOCUS8411,371,protein_coding,SHSP domain-containing protein  [Source:UniProtKB/TrEMBL;Acc:A0A8J2M3M3],Cercopithifilaria johnstoni (PRJEB47283),protein_coding,cejohnprjeb47283
CJOHNSTONI_LOCUS4526,rna-CJOHNSTONI_LOCUS4526,254,protein_coding,Importin N-terminal domain-containing protein  [Source:UniProtKB/TrEMBL;Acc:A0A8J2MN39],Cercopithifilaria johnstoni (PRJEB47283),protein_coding,cejohnprjeb47283
CJOHNSTONI_LOCUS10271,rna-CJOHNSTONI_LOCUS10271,500,protein_coding,Cadherin-related tumor suppressor  [Source:UniProtKB/TrEMBL;Acc:A0A8J2Q7D9],Cercopithifilaria johnstoni (PRJEB47283),protein_coding,cejohnprjeb47283
CJOHNSTONI_LOCUS9156,rna-CJOHNSTONI_LOCUS9156,238,protein_coding,Serine/threonine-protein kinase receptor  [Source:UniProtKB/TrEMBL;Acc:A0A8J2Q6Q4],Cercopithifilaria johnstoni (PRJEB47283),protein_coding,cejohnprjeb47283
CJOHNSTONI_LOCUS7147,rna-CJOHNSTONI_LOCUS7147,164,protein_coding,CB1 cannabinoid receptor-interacting protein 1  [Source:UniProtKB/TrEMBL;Acc:A0A8J2M7E4],Cercopithifilaria johnstoni (PRJEB47283),protein_coding,cejohnprjeb47283
CJOHNSTONI_LOCUS7335,rna-CJOHNSTONI_LOCUS7335,189,protein_coding,"Hydroxyacyl-coenzyme A dehydrogenase, mitochondrial  [Source:UniProtKB/TrEMBL;Acc:A0A8J2QAN7]",Cercopithifilaria johnstoni (PRJEB47283),protein_coding,cejohnprjeb47283
CJOHNSTONI_LOCUS5798,rna-CJOHNSTONI_LOCUS5798,233,protein_coding,DM domain-containing protein  [Source:UniProtKB/TrEMBL;Acc:A0A8J2MPI1],Cercopithifilaria johnstoni (PRJEB47283),protein_coding,cejohnprjeb47283
CJOHNSTONI_LOCUS9918,rna-CJOHNSTONI_LOCUS9918,232,protein_coding,RGS domain-containing protein  [Source:UniProtKB/TrEMBL;Acc:A0A8J2Q4A0],Cercopithifilaria johnstoni (PRJEB47283),protein_coding,cejohnprjeb47283
CJOHNSTONI_LOCUS4448,rna-CJOHNSTONI_LOCUS4448,238,protein_coding,Ubiquitin carboxyl-terminal hydrolase  [Source:UniProtKB/TrEMBL;Acc:A0A8J2PZW2],Cercopithifilaria johnstoni (PRJEB47283),protein_coding,cejohnprjeb47283
CJOHNSTONI_LOCUS9074,rna-CJOHNSTONI_LOCUS9074,290,protein_coding,ABC transporter domain-containing protein  [Source:UniProtKB/TrEMBL;Acc:A0A8J2M414],Cercopithifilaria johnstoni (PRJEB47283),protein_coding,cejohnprjeb47283
CJOHNSTONI_LOCUS6291,rna-CJOHNSTONI_LOCUS6291,221,protein_coding,RING-type domain-containing protein  [Source:UniProtKB/TrEMBL;Acc:A0A8J2Q1H2],Cercopithifilaria johnstoni (PRJEB47283),protein_coding,cejohnprjeb47283
CJOHNSTONI_LOCUS2964,rna-CJOHNSTONI_LOCUS2964,304,protein_coding,Chromo domain-containing protein  [Source:UniProtKB/TrEMBL;Acc:A0A8J2Q566],Cercopithifilaria johnstoni (PRJEB47283),protein_coding,cejohnprjeb47283
CJOHNSTONI_LOCUS5173,rna-CJOHNSTONI_LOCUS5173,177,protein_coding,EF-hand domain-containing protein  [Source:UniProtKB/TrEMBL;Acc:A0A8J2M4B5],Cercopithifilaria johnstoni (PRJEB47283),protein_coding,cejohnprjeb47283
CJOHNSTONI_LOCUS6405,rna-CJOHNSTONI_LOCUS6405,331,protein_coding,TLDc domain-containing protein  [Source:UniProtKB/TrEMBL;Acc:A0A8J2M915],Cercopithifilaria johnstoni (PRJEB47283),protein_coding,cejohnprjeb47283
CJOHNSTONI_LOCUS7566,rna-CJOHNSTONI_LOCUS7566,758,protein_coding,TACC_C domain-containing protein  [Source:UniProtKB/TrEMBL;Acc:A0A8J2Q8J1],Cercopithifilaria johnstoni (PRJEB47283),protein_coding,cejohnprjeb47283
CJOHNSTONI_LOCUS808,rna-CJOHNSTONI_LOCUS808,196,protein_coding,C2 NT-type domain-containing protein  [Source:UniProtKB/TrEMBL;Acc:A0A8J2LUY2],Cercopithifilaria johnstoni (PRJEB47283),protein_coding,cejohnprjeb47283
CJOHNSTONI_LOCUS6378,rna-CJOHNSTONI_LOCUS6378,605,protein_coding,Zinc finger protein 239-like  [Source:UniProtKB/TrEMBL;Acc:A0A8J2M7F0],Cercopithifilaria johnstoni (PRJEB47283),protein_coding,cejohnprjeb47283
CJOHNSTONI_LOCUS7430,rna-CJOHNSTONI_LOCUS7430,303,protein_coding,Spindle pole body protein ppc89  [Source:UniProtKB/TrEMBL;Acc:A0A8J2MB53],Cercopithifilaria johnstoni (PRJEB47283),protein_coding,cejohnprjeb47283
CJOHNSTONI_LOCUS267,rna-CJOHNSTONI_LOCUS267,212,protein_coding,Ion_trans domain-containing protein  [Source:UniProtKB/TrEMBL;Acc:A0A8J2MHU9],Cercopithifilaria johnstoni (PRJEB47283),protein_coding,cejohnprjeb47283
CJOHNSTONI_LOCUS2150,rna-CJOHNSTONI_LOCUS2150,182,protein_coding,Lysosomal Pro-X carboxypeptidase  [Source:UniProtKB/TrEMBL;Acc:A0A8J2LZ79],Cercopithifilaria johnstoni (PRJEB47283),protein_coding,cejohnprjeb47283
CJOHNSTONI_LOCUS9177,rna-CJOHNSTONI_LOCUS9177,213,protein_coding,Protein kinase domain-containing protein  [Source:UniProtKB/TrEMBL;Acc:A0A8J2MDE8],Cercopithifilaria johnstoni (PRJEB47283),protein_coding,cejohnprjeb47283
CJOHNSTONI_LOCUS1955,rna-CJOHNSTONI_LOCUS1955,260,protein_coding,Pre-mRNA-splicing factor ATP-dependent RNA helicase PRP16  [Source:UniProtKB/TrEMBL;Acc:A0A8J2PX19],Cercopithifilaria johnstoni (PRJEB47283),protein_coding,cejohnprjeb47283
CJOHNSTONI_LOCUS8515,rna-CJOHNSTONI_LOCUS8515,252,protein_coding,MMS19 nucleotide excision repair protein  [Source:UniProtKB/TrEMBL;Acc:A0A8J2Q8U0],Cercopithifilaria johnstoni (PRJEB47283),protein_coding,cejohnprjeb47283
CJOHNSTONI_LOCUS1875,rna-CJOHNSTONI_LOCUS1875,269,protein_coding,Hflx-type G domain-containing protein  [Source:UniProtKB/TrEMBL;Acc:A0A8J2PQV2],Cercopithifilaria johnstoni (PRJEB47283),protein_coding,cejohnprjeb47283
CJOHNSTONI_LOCUS9603,rna-CJOHNSTONI_LOCUS9603,362,protein_coding,Dimer_Tnp_hAT domain-containing protein  [Source:UniProtKB/TrEMBL;Acc:A0A8J2QB53],Cercopithifilaria johnstoni (PRJEB47283),protein_coding,cejohnprjeb47283
CJOHNSTONI_LOCUS6215,rna-CJOHNSTONI_LOCUS6215,174,protein_coding,,Cercopithifilaria johnstoni (PRJEB47283),protein_coding,cejohnprjeb47283
CJOHNSTONI_LOCUS743,rna-CJOHNSTONI_LOCUS743,259,protein_coding,DEP domain-containing protein  [Source:UniProtKB/TrEMBL;Acc:A0A8J2Q050],Cercopithifilaria johnstoni (PRJEB47283),protein_coding,cejohnprjeb47283
CJOHNSTONI_LOCUS8178,rna-CJOHNSTONI_LOCUS8178,213,protein_coding,ANK_REP_REGION domain-containing protein  [Source:UniProtKB/TrEMBL;Acc:A0A8J2M2K1],Cercopithifilaria johnstoni (PRJEB47283),protein_coding,cejohnprjeb47283
CJOHNSTONI_LOCUS4432,rna-CJOHNSTONI_LOCUS4432,188,protein_coding,,Cercopithifilaria johnstoni (PRJEB47283),protein_coding,cejohnprjeb47283
CJOHNSTONI_LOCUS3042,rna-CJOHNSTONI_LOCUS3042,130,protein_coding,Protein yippee-like  [Source:UniProtKB/TrEMBL;Acc:A0A8J2LSZ7],Cercopithifilaria johnstoni (PRJEB47283),protein_coding,cejohnprjeb47283
CJOHNSTONI_LOCUS9272,rna-CJOHNSTONI_LOCUS9272,227,protein_coding,DB domain-containing protein  [Source:UniProtKB/TrEMBL;Acc:A0A8J2MFE1],Cercopithifilaria johnstoni (PRJEB47283),protein_coding,cejohnprjeb47283
CJOHNSTONI_LOCUS1881,rna-CJOHNSTONI_LOCUS1881,311,protein_coding,Histone H2B  [Source:UniProtKB/TrEMBL;Acc:A0A8J2MJP6],Cercopithifilaria johnstoni (PRJEB47283),protein_coding,cejohnprjeb47283
CJOHNSTONI_LOCUS4143,rna-CJOHNSTONI_LOCUS4143,1405,protein_coding,Mannosyltransferase  [Source:UniProtKB/TrEMBL;Acc:A0A8J2M2S0],Cercopithifilaria johnstoni (PRJEB47283),protein_coding,cejohnprjeb47283
CJOHNSTONI_LOCUS7276,rna-CJOHNSTONI_LOCUS7276,218,protein_coding,Fatty acid hydroxylase domain-containing protein  [Source:UniProtKB/TrEMBL;Acc:A0A8J2Q8F5],Cercopithifilaria johnstoni (PRJEB47283),protein_coding,cejohnprjeb47283
CJOHNSTONI_LOCUS5192,rna-CJOHNSTONI_LOCUS5192,282,protein_coding,Peptidase S74 domain-containing protein  [Source:UniProtKB/TrEMBL;Acc:A0A8J2LV72],Cercopithifilaria johnstoni (PRJEB47283),protein_coding,cejohnprjeb47283
CJOHNSTONI_LOCUS8664,rna-CJOHNSTONI_LOCUS8664,208,protein_coding,,Cercopithifilaria johnstoni (PRJEB47283),protein_coding,cejohnprjeb47283
CJOHNSTONI_LOCUS1157,rna-CJOHNSTONI_LOCUS1157,165,protein_coding,GLOBIN domain-containing protein  [Source:UniProtKB/TrEMBL;Acc:A0A8J2LWT4],Cercopithifilaria johnstoni (PRJEB47283),protein_coding,cejohnprjeb47283
CJOHNSTONI_LOCUS1256,rna-CJOHNSTONI_LOCUS1256,196,protein_coding,RRM domain-containing protein  [Source:UniProtKB/TrEMBL;Acc:A0A8J2LXS3],Cercopithifilaria johnstoni (PRJEB47283),protein_coding,cejohnprjeb47283
CJOHNSTONI_LOCUS1192,rna-CJOHNSTONI_LOCUS1192,293,protein_coding,Importin N-terminal domain-containing protein  [Source:UniProtKB/TrEMBL;Acc:A0A8J2LVG7],Cercopithifilaria johnstoni (PRJEB47283),protein_coding,cejohnprjeb47283
CJOHNSTONI_LOCUS2636,rna-CJOHNSTONI_LOCUS2636,376,protein_coding,"39S ribosomal protein L15, mitochondrial  [Source:UniProtKB/TrEMBL;Acc:A0A8J2MKL4]",Cercopithifilaria johnstoni (PRJEB47283),protein_coding,cejohnprjeb47283
CJOHNSTONI_LOCUS7994,rna-CJOHNSTONI_LOCUS7994,182,protein_coding,Gelsolin  [Source:UniProtKB/TrEMBL;Acc:A0A8J2MAF9],Cercopithifilaria johnstoni (PRJEB47283),protein_coding,cejohnprjeb47283
CJOHNSTONI_LOCUS4566,rna-CJOHNSTONI_LOCUS4566,125,protein_coding,MICOS complex subunit MIC19  [Source:UniProtKB/TrEMBL;Acc:A0A8J2MMQ0],Cercopithifilaria johnstoni (PRJEB47283),protein_coding,cejohnprjeb47283
CJOHNSTONI_LOCUS2590,rna-CJOHNSTONI_LOCUS2590-2,173,protein_coding,,Cercopithifilaria johnstoni (PRJEB47283),protein_coding,cejohnprjeb47283
CJOHNSTONI_LOCUS2104,rna-CJOHNSTONI_LOCUS2104,225,protein_coding,MFS domain-containing protein  [Source:UniProtKB/TrEMBL;Acc:A0A8J2LYP4],Cercopithifilaria johnstoni (PRJEB47283),protein_coding,cejohnprjeb47283
CJOHNSTONI_LOCUS118,rna-CJOHNSTONI_LOCUS118,250,protein_coding,F-actin monooxygenase  [Source:UniProtKB/TrEMBL;Acc:A0A8J2LV12],Cercopithifilaria johnstoni (PRJEB47283),protein_coding,cejohnprjeb47283
CJOHNSTONI_LOCUS10431,rna-CJOHNSTONI_LOCUS10431,239,protein_coding,Protein regulator of cytokinesis 1  [Source:UniProtKB/TrEMBL;Acc:A0A8J2M856],Cercopithifilaria johnstoni (PRJEB47283),protein_coding,cejohnprjeb47283
CJOHNSTONI_LOCUS7358,rna-CJOHNSTONI_LOCUS7358,468,protein_coding,RING-type E3 ubiquitin transferase BRCA1  [Source:UniProtKB/TrEMBL;Acc:A0A8J2M8A0],Cercopithifilaria johnstoni (PRJEB47283),protein_coding,cejohnprjeb47283
CJOHNSTONI_LOCUS10129,rna-CJOHNSTONI_LOCUS10129,247,protein_coding,Thyroid adenoma-associated protein homolog  [Source:UniProtKB/TrEMBL;Acc:A0A8J2MD81],Cercopithifilaria johnstoni (PRJEB47283),protein_coding,cejohnprjeb47283
CJOHNSTONI_LOCUS1394,rna-CJOHNSTONI_LOCUS1394,494,protein_coding,RxLR effector protein  [Source:UniProtKB/TrEMBL;Acc:A0A8J2M0X2],Cercopithifilaria johnstoni (PRJEB47283),protein_coding,cejohnprjeb47283
CJOHNSTONI_LOCUS367,rna-CJOHNSTONI_LOCUS367,324,protein_coding,Endoplasmic oxidoreductin-1  [Source:UniProtKB/TrEMBL;Acc:A0A8J2MI06],Cercopithifilaria johnstoni (PRJEB47283),protein_coding,cejohnprjeb47283
CJOHNSTONI_LOCUS4204,rna-CJOHNSTONI_LOCUS4204,158,protein_coding,Tudor domain-containing protein  [Source:UniProtKB/TrEMBL;Acc:A0A8J2Q338],Cercopithifilaria johnstoni (PRJEB47283),protein_coding,cejohnprjeb47283
CJOHNSTONI_LOCUS8083,rna-CJOHNSTONI_LOCUS8083,243,protein_coding,SSD domain-containing protein  [Source:UniProtKB/TrEMBL;Acc:A0A8J2M336],Cercopithifilaria johnstoni (PRJEB47283),protein_coding,cejohnprjeb47283
CJOHNSTONI_LOCUS10026,rna-CJOHNSTONI_LOCUS10026,349,protein_coding,RGM domain family member B  [Source:UniProtKB/TrEMBL;Acc:A0A8J2Q788],Cercopithifilaria johnstoni (PRJEB47283),protein_coding,cejohnprjeb47283
CJOHNSTONI_LOCUS280,rna-CJOHNSTONI_LOCUS280,275,protein_coding,AN1-type zinc finger protein 6  [Source:UniProtKB/TrEMBL;Acc:A0A8J2LTL2],Cercopithifilaria johnstoni (PRJEB47283),protein_coding,cejohnprjeb47283
CJOHNSTONI_LOCUS7398,rna-CJOHNSTONI_LOCUS7398,255,protein_coding,CP-type G domain-containing protein  [Source:UniProtKB/TrEMBL;Acc:A0A8J2Q5T3],Cercopithifilaria johnstoni (PRJEB47283),protein_coding,cejohnprjeb47283
CJOHNSTONI_LOCUS9701,rna-CJOHNSTONI_LOCUS9701,255,protein_coding,Protein kinase domain-containing protein  [Source:UniProtKB/TrEMBL;Acc:A0A8J2MCJ4],Cercopithifilaria johnstoni (PRJEB47283),protein_coding,cejohnprjeb47283
CJOHNSTONI_LOCUS2507,rna-CJOHNSTONI_LOCUS2507,236,protein_coding,CUGBP Elav-like family member 2  [Source:UniProtKB/TrEMBL;Acc:A0A8J2LZW2],Cercopithifilaria johnstoni (PRJEB47283),protein_coding,cejohnprjeb47283
CJOHNSTONI_LOCUS8962,rna-CJOHNSTONI_LOCUS8962,323,protein_coding,ABC transmembrane type-1 domain-containing protein  [Source:UniProtKB/TrEMBL;Acc:A0A8J2Q6M6],Cercopithifilaria johnstoni (PRJEB47283),protein_coding,cejohnprjeb47283
CJOHNSTONI_LOCUS5931,rna-CJOHNSTONI_LOCUS5931,249,protein_coding,Palmitoyltransferase  [Source:UniProtKB/TrEMBL;Acc:A0A8J2M6A7],Cercopithifilaria johnstoni (PRJEB47283),protein_coding,cejohnprjeb47283
CJOHNSTONI_LOCUS7330,rna-CJOHNSTONI_LOCUS7330,196,protein_coding,Myosin_tail_1 domain-containing protein  [Source:UniProtKB/TrEMBL;Acc:A0A8J2M885],Cercopithifilaria johnstoni (PRJEB47283),protein_coding,cejohnprjeb47283
CJOHNSTONI_LOCUS419,rna-CJOHNSTONI_LOCUS419,152,protein_coding,Dolichol-phosphate mannosyltransferase subunit 1  [Source:UniProtKB/TrEMBL;Acc:A0A8J2MHF3],Cercopithifilaria johnstoni (PRJEB47283),protein_coding,cejohnprjeb47283
CJOHNSTONI_LOCUS2703,rna-CJOHNSTONI_LOCUS2703,166,protein_coding,Secreted protein  [Source:UniProtKB/TrEMBL;Acc:A0A8J2LPZ7],Cercopithifilaria johnstoni (PRJEB47283),protein_coding,cejohnprjeb47283
CJOHNSTONI_LOCUS3173,rna-CJOHNSTONI_LOCUS3173,271,protein_coding,BLM10_mid domain-containing protein  [Source:UniProtKB/TrEMBL;Acc:A0A8J2M0M6],Cercopithifilaria johnstoni (PRJEB47283),protein_coding,cejohnprjeb47283
CJOHNSTONI_LOCUS9362,rna-CJOHNSTONI_LOCUS9362,167,protein_coding,WH2 domain-containing protein  [Source:UniProtKB/TrEMBL;Acc:A0A8J2PY40],Cercopithifilaria johnstoni (PRJEB47283),protein_coding,cejohnprjeb47283
CJOHNSTONI_LOCUS6063,rna-CJOHNSTONI_LOCUS6063,155,protein_coding,BolA-like protein 1  [Source:UniProtKB/TrEMBL;Acc:A0A8J2LZA1],Cercopithifilaria johnstoni (PRJEB47283),protein_coding,cejohnprjeb47283
CJOHNSTONI_LOCUS8740,rna-CJOHNSTONI_LOCUS8740,212,protein_coding,Serine hydroxymethyltransferase  [Source:UniProtKB/TrEMBL;Acc:A0A8J2Q8W4],Cercopithifilaria johnstoni (PRJEB47283),protein_coding,cejohnprjeb47283
CJOHNSTONI_LOCUS7598,rna-CJOHNSTONI_LOCUS7598,869,protein_coding,Deacetylase sirtuin-type domain-containing protein  [Source:UniProtKB/TrEMBL;Acc:A0A8J2M286],Cercopithifilaria johnstoni (PRJEB47283),protein_coding,cejohnprjeb47283
CJOHNSTONI_LOCUS8818,rna-CJOHNSTONI_LOCUS8818,324,protein_coding,Macoilin  [Source:UniProtKB/TrEMBL;Acc:A0A8J2Q8X6],Cercopithifilaria johnstoni (PRJEB47283),protein_coding,cejohnprjeb47283
CJOHNSTONI_LOCUS1385,rna-CJOHNSTONI_LOCUS1385,245,protein_coding,Agrin  [Source:UniProtKB/TrEMBL;Acc:A0A8J2PQE8],Cercopithifilaria johnstoni (PRJEB47283),protein_coding,cejohnprjeb47283
CJOHNSTONI_LOCUS6695,rna-CJOHNSTONI_LOCUS6695,273,protein_coding,DH domain-containing protein  [Source:UniProtKB/TrEMBL;Acc:A0A8J2PUY6],Cercopithifilaria johnstoni (PRJEB47283),protein_coding,cejohnprjeb47283
CJOHNSTONI_LOCUS3440,rna-CJOHNSTONI_LOCUS3440,253,protein_coding,GPI mannosyltransferase 2  [Source:UniProtKB/TrEMBL;Acc:A0A8J2Q5K6],Cercopithifilaria johnstoni (PRJEB47283),protein_coding,cejohnprjeb47283
CJOHNSTONI_LOCUS9228,rna-CJOHNSTONI_LOCUS9228,250,protein_coding,,Cercopithifilaria johnstoni (PRJEB47283),protein_coding,cejohnprjeb47283
CJOHNSTONI_LOCUS839,rna-CJOHNSTONI_LOCUS839,207,protein_coding,,Cercopithifilaria johnstoni (PRJEB47283),protein_coding,cejohnprjeb47283
CJOHNSTONI_LOCUS9237,rna-CJOHNSTONI_LOCUS9237,411,protein_coding,,Cercopithifilaria johnstoni (PRJEB47283),protein_coding,cejohnprjeb47283
CJOHNSTONI_LOCUS8937,rna-CJOHNSTONI_LOCUS8937,364,protein_coding,tRNA (uracil(54)-C(5))-methyltransferase  [Source:UniProtKB/TrEMBL;Acc:A0A8J2MB23],Cercopithifilaria johnstoni (PRJEB47283),protein_coding,cejohnprjeb47283
CJOHNSTONI_LOCUS7767,rna-CJOHNSTONI_LOCUS7767,292,protein_coding,Transcription factor 25  [Source:UniProtKB/TrEMBL;Acc:A0A8J2M2I8],Cercopithifilaria johnstoni (PRJEB47283),protein_coding,cejohnprjeb47283
CJOHNSTONI_LOCUS1746,rna-CJOHNSTONI_LOCUS1746,181,protein_coding,PH domain-containing protein  [Source:UniProtKB/TrEMBL;Acc:A0A8J2LYG8],Cercopithifilaria johnstoni (PRJEB47283),protein_coding,cejohnprjeb47283
CJOHNSTONI_LOCUS4375,rna-CJOHNSTONI_LOCUS4375,169,protein_coding,Ubiquitin-like domain-containing protein  [Source:UniProtKB/TrEMBL;Acc:A0A8J2M3B2],Cercopithifilaria johnstoni (PRJEB47283),protein_coding,cejohnprjeb47283
CJOHNSTONI_LOCUS8618,rna-CJOHNSTONI_LOCUS8618,334,protein_coding,Mediator of RNA polymerase II transcription subunit 17  [Source:UniProtKB/TrEMBL;Acc:A0A8J2MCG0],Cercopithifilaria johnstoni (PRJEB47283),protein_coding,cejohnprjeb47283
CJOHNSTONI_LOCUS2779,rna-CJOHNSTONI_LOCUS2779,130,protein_coding,Transmembrane protein 72  [Source:UniProtKB/TrEMBL;Acc:A0A8J2LZ43],Cercopithifilaria johnstoni (PRJEB47283),protein_coding,cejohnprjeb47283
CJOHNSTONI_LOCUS8902,rna-CJOHNSTONI_LOCUS8902,113,protein_coding,,Cercopithifilaria johnstoni (PRJEB47283),protein_coding,cejohnprjeb47283
CJOHNSTONI_LOCUS7367,rna-CJOHNSTONI_LOCUS7367,281,protein_coding,WD_REPEATS_REGION domain-containing protein  [Source:UniProtKB/TrEMBL;Acc:A0A8J2MB09],Cercopithifilaria johnstoni (PRJEB47283),protein_coding,cejohnprjeb47283
CJOHNSTONI_LOCUS590,rna-CJOHNSTONI_LOCUS590,179,protein_coding,phosphopyruvate hydratase  [Source:UniProtKB/TrEMBL;Acc:A0A8J2PPP7],Cercopithifilaria johnstoni (PRJEB47283),protein_coding,cejohnprjeb47283
CJOHNSTONI_LOCUS9245,rna-CJOHNSTONI_LOCUS9245,517,protein_coding,Fork-head domain-containing protein  [Source:UniProtKB/TrEMBL;Acc:A0A8J2MDJ2],Cercopithifilaria johnstoni (PRJEB47283),protein_coding,cejohnprjeb47283
CJOHNSTONI_LOCUS7371,rna-CJOHNSTONI_LOCUS7371,278,protein_coding,Reverse transcriptase domain-containing protein  [Source:UniProtKB/TrEMBL;Acc:A0A8J2PW01],Cercopithifilaria johnstoni (PRJEB47283),protein_coding,cejohnprjeb47283
CJOHNSTONI_LOCUS2865,rna-CJOHNSTONI_LOCUS2865,164,protein_coding,U6 snRNA-associated Sm-like protein LSm4  [Source:UniProtKB/TrEMBL;Acc:A0A8J2M061],Cercopithifilaria johnstoni (PRJEB47283),protein_coding,cejohnprjeb47283
CJOHNSTONI_LOCUS342,rna-CJOHNSTONI_LOCUS342,271,protein_coding,DNA replication ATP-dependent helicase/nuclease DNA2  [Source:UniProtKB/TrEMBL;Acc:A0A8J2LTW9],Cercopithifilaria johnstoni (PRJEB47283),protein_coding,cejohnprjeb47283
CJOHNSTONI_LOCUS2426,rna-CJOHNSTONI_LOCUS2426,188,protein_coding,Sex-regulated protein janus-A  [Source:UniProtKB/TrEMBL;Acc:A0A8J2LPK2],Cercopithifilaria johnstoni (PRJEB47283),protein_coding,cejohnprjeb47283
CJOHNSTONI_LOCUS4658,rna-CJOHNSTONI_LOCUS4658,308,protein_coding,Glycosyltransferase family 92 protein  [Source:UniProtKB/TrEMBL;Acc:A0A8J2QA19],Cercopithifilaria johnstoni (PRJEB47283),protein_coding,cejohnprjeb47283
CJOHNSTONI_LOCUS5295,rna-CJOHNSTONI_LOCUS5295,296,protein_coding,RING-type domain-containing protein  [Source:UniProtKB/TrEMBL;Acc:A0A8J2PTQ4],Cercopithifilaria johnstoni (PRJEB47283),protein_coding,cejohnprjeb47283
CJOHNSTONI_LOCUS6212,rna-CJOHNSTONI_LOCUS6212,160,protein_coding,Secreted protein  [Source:UniProtKB/TrEMBL;Acc:A0A8J2LZI9],Cercopithifilaria johnstoni (PRJEB47283),protein_coding,cejohnprjeb47283
CJOHNSTONI_LOCUS10239,rna-CJOHNSTONI_LOCUS10239,205,protein_coding,BTB domain-containing protein  [Source:UniProtKB/TrEMBL;Acc:A0A8J2MF28],Cercopithifilaria johnstoni (PRJEB47283),protein_coding,cejohnprjeb47283
CJOHNSTONI_LOCUS1727,rna-CJOHNSTONI_LOCUS1727,203,protein_coding,"39S ribosomal protein L22, mitochondrial  [Source:UniProtKB/TrEMBL;Acc:A0A8J2LWL5]",Cercopithifilaria johnstoni (PRJEB47283),protein_coding,cejohnprjeb47283
CJOHNSTONI_LOCUS9307,rna-CJOHNSTONI_LOCUS9307,267,protein_coding,Protein ced-11  [Source:UniProtKB/TrEMBL;Acc:A0A8J2Q946],Cercopithifilaria johnstoni (PRJEB47283),protein_coding,cejohnprjeb47283
CJOHNSTONI_LOCUS3177,rna-CJOHNSTONI_LOCUS3177,452,protein_coding,Col_cuticle_N domain-containing protein  [Source:UniProtKB/TrEMBL;Acc:A0A8J2PYR5],Cercopithifilaria johnstoni (PRJEB47283),protein_coding,cejohnprjeb47283
CJOHNSTONI_LOCUS2553,rna-CJOHNSTONI_LOCUS2553,863,protein_coding,Zinc finger protein 239-like  [Source:UniProtKB/TrEMBL;Acc:A0A8J2Q966],Cercopithifilaria johnstoni (PRJEB47283),protein_coding,cejohnprjeb47283
CJOHNSTONI_LOCUS507,rna-CJOHNSTONI_LOCUS507,205,protein_coding,FACT complex subunit  [Source:UniProtKB/TrEMBL;Acc:A0A8J2PZT0],Cercopithifilaria johnstoni (PRJEB47283),protein_coding,cejohnprjeb47283
CJOHNSTONI_LOCUS5178,rna-CJOHNSTONI_LOCUS5178,203,protein_coding,Exportin-T  [Source:UniProtKB/TrEMBL;Acc:A0A8J2LV62],Cercopithifilaria johnstoni (PRJEB47283),protein_coding,cejohnprjeb47283
CJOHNSTONI_LOCUS3361,rna-CJOHNSTONI_LOCUS3361,161,protein_coding,F-actin-capping protein subunit alpha  [Source:UniProtKB/TrEMBL;Acc:A0A8J2M3V3],Cercopithifilaria johnstoni (PRJEB47283),protein_coding,cejohnprjeb47283
CJOHNSTONI_LOCUS1689,rna-CJOHNSTONI_LOCUS1689,155,protein_coding,NAC domain-containing protein  [Source:UniProtKB/TrEMBL;Acc:A0A8J2LXX5],Cercopithifilaria johnstoni (PRJEB47283),protein_coding,cejohnprjeb47283
CJOHNSTONI_LOCUS3856,rna-CJOHNSTONI_LOCUS3856,229,protein_coding,EGF-like domain-containing protein  [Source:UniProtKB/TrEMBL;Acc:A0A8J2PZD2],Cercopithifilaria johnstoni (PRJEB47283),protein_coding,cejohnprjeb47283
CJOHNSTONI_LOCUS1008,rna-CJOHNSTONI_LOCUS1008,197,protein_coding,Receptor expression-enhancing protein  [Source:UniProtKB/TrEMBL;Acc:A0A8J2PQ13],Cercopithifilaria johnstoni (PRJEB47283),protein_coding,cejohnprjeb47283
CJOHNSTONI_LOCUS10447,rna-CJOHNSTONI_LOCUS10447,323,protein_coding,Peroxin-1  [Source:UniProtKB/TrEMBL;Acc:A0A8J2MFG9],Cercopithifilaria johnstoni (PRJEB47283),protein_coding,cejohnprjeb47283
CJOHNSTONI_LOCUS1911,rna-CJOHNSTONI_LOCUS1911,196,protein_coding,"N-acetylgalactosaminide beta-1,3-galactosyltransferase  [Source:UniProtKB/TrEMBL;Acc:A0A8J2LWQ3]",Cercopithifilaria johnstoni (PRJEB47283),protein_coding,cejohnprjeb47283
CJOHNSTONI_LOCUS7577,rna-CJOHNSTONI_LOCUS7577,206,protein_coding,Phosphatidylinositol-glycan biosynthesis class X protein  [Source:UniProtKB/TrEMBL;Acc:A0A8J2MA54],Cercopithifilaria johnstoni (PRJEB47283),protein_coding,cejohnprjeb47283
CJOHNSTONI_LOCUS76,rna-CJOHNSTONI_LOCUS76,260,protein_coding,Checkpoint protein  [Source:UniProtKB/TrEMBL;Acc:A0A8J2Q2W6],Cercopithifilaria johnstoni (PRJEB47283),protein_coding,cejohnprjeb47283
CJOHNSTONI_LOCUS7532,rna-CJOHNSTONI_LOCUS7532,302,protein_coding,Golgin-84  [Source:UniProtKB/TrEMBL;Acc:A0A8J2MA23],Cercopithifilaria johnstoni (PRJEB47283),protein_coding,cejohnprjeb47283
CJOHNSTONI_LOCUS230,rna-CJOHNSTONI_LOCUS230,178,protein_coding,V-type proton ATPase subunit  [Source:UniProtKB/TrEMBL;Acc:A0A8J2PPE4],Cercopithifilaria johnstoni (PRJEB47283),protein_coding,cejohnprjeb47283
CJOHNSTONI_LOCUS2527,rna-CJOHNSTONI_LOCUS2527,273,protein_coding,Calpain catalytic domain-containing protein  [Source:UniProtKB/TrEMBL;Acc:A0A8J2MKG9],Cercopithifilaria johnstoni (PRJEB47283),protein_coding,cejohnprjeb47283
CJOHNSTONI_LOCUS2878,rna-CJOHNSTONI_LOCUS2878,319,protein_coding,ZP domain-containing protein  [Source:UniProtKB/TrEMBL;Acc:A0A8J2M0L1],Cercopithifilaria johnstoni (PRJEB47283),protein_coding,cejohnprjeb47283
CJOHNSTONI_LOCUS2528,rna-CJOHNSTONI_LOCUS2528,305,protein_coding,Dual specificity protein phosphatase 14  [Source:UniProtKB/TrEMBL;Acc:A0A8J2ML13],Cercopithifilaria johnstoni (PRJEB47283),protein_coding,cejohnprjeb47283
CJOHNSTONI_LOCUS1636,rna-CJOHNSTONI_LOCUS1636,250,protein_coding,Syntaxin-18_N domain-containing protein  [Source:UniProtKB/TrEMBL;Acc:A0A8J2Q411],Cercopithifilaria johnstoni (PRJEB47283),protein_coding,cejohnprjeb47283
CJOHNSTONI_LOCUS6610,rna-CJOHNSTONI_LOCUS6610,236,protein_coding,Alpha-mann_mid domain-containing protein  [Source:UniProtKB/TrEMBL;Acc:A0A8J2MQL8],Cercopithifilaria johnstoni (PRJEB47283),protein_coding,cejohnprjeb47283
CJOHNSTONI_LOCUS2348,rna-CJOHNSTONI_LOCUS2348,212,protein_coding,Protein-tyrosine phosphatase  [Source:UniProtKB/TrEMBL;Acc:A0A8J2LZ76],Cercopithifilaria johnstoni (PRJEB47283),protein_coding,cejohnprjeb47283
CJOHNSTONI_LOCUS2610,rna-CJOHNSTONI_LOCUS2610,155,protein_coding,Testis expressed 29  [Source:UniProtKB/TrEMBL;Acc:A0A8J2M2M9],Cercopithifilaria johnstoni (PRJEB47283),protein_coding,cejohnprjeb47283
CJOHNSTONI_LOCUS8909,rna-CJOHNSTONI_LOCUS8909,494,protein_coding,C2H2-type domain-containing protein  [Source:UniProtKB/TrEMBL;Acc:A0A8J2M3R0],Cercopithifilaria johnstoni (PRJEB47283),protein_coding,cejohnprjeb47283
CJOHNSTONI_LOCUS2376,rna-CJOHNSTONI_LOCUS2376,209,protein_coding,NADH dehydrogenase [ubiquinone] 1 beta subcomplex subunit 7  [Source:UniProtKB/TrEMBL;Acc:A0A8J2LZN8],Cercopithifilaria johnstoni (PRJEB47283),protein_coding,cejohnprjeb47283
CJOHNSTONI_LOCUS10577,rna-CJOHNSTONI_LOCUS10577,272,protein_coding,"Phosphate carrier protein, mitochondrial  [Source:UniProtKB/TrEMBL;Acc:A0A8J2QBC4]",Cercopithifilaria johnstoni (PRJEB47283),protein_coding,cejohnprjeb47283
CJOHNSTONI_LOCUS10316,rna-CJOHNSTONI_LOCUS10316,122,protein_coding,Cytochrome c oxidase assembly factor 5  [Source:UniProtKB/TrEMBL;Acc:A0A8J2M7Y6],Cercopithifilaria johnstoni (PRJEB47283),protein_coding,cejohnprjeb47283
CJOHNSTONI_LOCUS6680,rna-CJOHNSTONI_LOCUS6680,177,protein_coding,Innexin  [Source:UniProtKB/TrEMBL;Acc:A0A8J2M7F2],Cercopithifilaria johnstoni (PRJEB47283),protein_coding,cejohnprjeb47283
CJOHNSTONI_LOCUS4723,rna-CJOHNSTONI_LOCUS4723,221,protein_coding,Ribonucleases P/MRP protein subunit POP1  [Source:UniProtKB/TrEMBL;Acc:A0A8J2M606],Cercopithifilaria johnstoni (PRJEB47283),protein_coding,cejohnprjeb47283
CJOHNSTONI_LOCUS9896,rna-CJOHNSTONI_LOCUS9896,224,protein_coding,CHCH domain-containing protein  [Source:UniProtKB/TrEMBL;Acc:A0A8J2MUI7],Cercopithifilaria johnstoni (PRJEB47283),protein_coding,cejohnprjeb47283
CJOHNSTONI_LOCUS2915,rna-CJOHNSTONI_LOCUS2915,257,protein_coding,F-box domain-containing protein  [Source:UniProtKB/TrEMBL;Acc:A0A8J2LSS9],Cercopithifilaria johnstoni (PRJEB47283),protein_coding,cejohnprjeb47283
CJOHNSTONI_LOCUS3700,rna-CJOHNSTONI_LOCUS3700,257,protein_coding,Triple QxxK/R motif-containing protein  [Source:UniProtKB/TrEMBL;Acc:A0A8J2M1I1],Cercopithifilaria johnstoni (PRJEB47283),protein_coding,cejohnprjeb47283
CJOHNSTONI_LOCUS5961,rna-CJOHNSTONI_LOCUS5961,187,protein_coding,Zinc transporter ZIP12  [Source:UniProtKB/TrEMBL;Acc:A0A8J2M5W2],Cercopithifilaria johnstoni (PRJEB47283),protein_coding,cejohnprjeb47283
CJOHNSTONI_LOCUS8120,rna-CJOHNSTONI_LOCUS8120,307,protein_coding,Mitochondrial protein M19  [Source:UniProtKB/TrEMBL;Acc:A0A8J2PX18],Cercopithifilaria johnstoni (PRJEB47283),protein_coding,cejohnprjeb47283
CJOHNSTONI_LOCUS5436,rna-CJOHNSTONI_LOCUS5436,214,protein_coding,SET domain-containing protein  [Source:UniProtKB/TrEMBL;Acc:A0A8J2M4W5],Cercopithifilaria johnstoni (PRJEB47283),protein_coding,cejohnprjeb47283
CJOHNSTONI_LOCUS7266,rna-CJOHNSTONI_LOCUS7266,203,protein_coding,,Cercopithifilaria johnstoni (PRJEB47283),protein_coding,cejohnprjeb47283
CJOHNSTONI_LOCUS1985,rna-CJOHNSTONI_LOCUS1985,182,protein_coding,D-aminoacyl-tRNA deacylase  [Source:UniProtKB/TrEMBL;Acc:A0A8J2LX70],Cercopithifilaria johnstoni (PRJEB47283),protein_coding,cejohnprjeb47283
CJOHNSTONI_LOCUS6790,rna-CJOHNSTONI_LOCUS6790,181,protein_coding,Secreted protein  [Source:UniProtKB/TrEMBL;Acc:A0A8J2M7B9],Cercopithifilaria johnstoni (PRJEB47283),protein_coding,cejohnprjeb47283
CJOHNSTONI_LOCUS8498,rna-CJOHNSTONI_LOCUS8498,323,protein_coding,Tudor domain-containing protein  [Source:UniProtKB/TrEMBL;Acc:A0A8J2MDN9],Cercopithifilaria johnstoni (PRJEB47283),protein_coding,cejohnprjeb47283
CJOHNSTONI_LOCUS6627,rna-CJOHNSTONI_LOCUS6627,199,protein_coding,CULLIN_2 domain-containing protein  [Source:UniProtKB/TrEMBL;Acc:A0A8J2M7X9],Cercopithifilaria johnstoni (PRJEB47283),protein_coding,cejohnprjeb47283
CJOHNSTONI_LOCUS7291,rna-CJOHNSTONI_LOCUS7291,223,protein_coding,[histone H3]-trimethyl-L-lysine(9) demethylase  [Source:UniProtKB/TrEMBL;Acc:A0A8J2PVR7],Cercopithifilaria johnstoni (PRJEB47283),protein_coding,cejohnprjeb47283
CJOHNSTONI_LOCUS9765,rna-CJOHNSTONI_LOCUS9765,171,protein_coding,ATP synthase F0 subunit 8  [Source:UniProtKB/TrEMBL;Acc:A0A8J2PYH1],Cercopithifilaria johnstoni (PRJEB47283),protein_coding,cejohnprjeb47283
CJOHNSTONI_LOCUS504,rna-CJOHNSTONI_LOCUS504,200,protein_coding,Protein arginine N-methyltransferase 1  [Source:UniProtKB/TrEMBL;Acc:A0A8J2LW94],Cercopithifilaria johnstoni (PRJEB47283),protein_coding,cejohnprjeb47283
CJOHNSTONI_LOCUS103,rna-CJOHNSTONI_LOCUS103,169,protein_coding,DM domain-containing protein  [Source:UniProtKB/TrEMBL;Acc:A0A8J2LV02],Cercopithifilaria johnstoni (PRJEB47283),protein_coding,cejohnprjeb47283
CJOHNSTONI_LOCUS6846,rna-CJOHNSTONI_LOCUS6846,115,protein_coding,RPW8 domain-containing protein  [Source:UniProtKB/TrEMBL;Acc:A0A8J2M7T1],Cercopithifilaria johnstoni (PRJEB47283),protein_coding,cejohnprjeb47283
CJOHNSTONI_LOCUS6861,rna-CJOHNSTONI_LOCUS6861,315,protein_coding,Sorting nexin-27  [Source:UniProtKB/TrEMBL;Acc:A0A8J2Q897],Cercopithifilaria johnstoni (PRJEB47283),protein_coding,cejohnprjeb47283
CJOHNSTONI_LOCUS4080,rna-CJOHNSTONI_LOCUS4080,258,protein_coding,Kin of IRRE-like protein 1  [Source:UniProtKB/TrEMBL;Acc:A0A8J2Q9T4],Cercopithifilaria johnstoni (PRJEB47283),protein_coding,cejohnprjeb47283
CJOHNSTONI_LOCUS7561,rna-CJOHNSTONI_LOCUS7561,304,protein_coding,CUB domain-containing protein  [Source:UniProtKB/TrEMBL;Acc:A0A8J2MBE3],Cercopithifilaria johnstoni (PRJEB47283),protein_coding,cejohnprjeb47283
CJOHNSTONI_LOCUS1229,rna-CJOHNSTONI_LOCUS1229,215,protein_coding,Ac45-VOA1_TM domain-containing protein  [Source:UniProtKB/TrEMBL;Acc:A0A8J2LXQ3],Cercopithifilaria johnstoni (PRJEB47283),protein_coding,cejohnprjeb47283
CJOHNSTONI_LOCUS2454,rna-CJOHNSTONI_LOCUS2454,156,protein_coding,TAFII55_N domain-containing protein  [Source:UniProtKB/TrEMBL;Acc:A0A8J2PY34],Cercopithifilaria johnstoni (PRJEB47283),protein_coding,cejohnprjeb47283
CJOHNSTONI_LOCUS7053,rna-CJOHNSTONI_LOCUS7053,236,protein_coding,HintN domain-containing protein  [Source:UniProtKB/TrEMBL;Acc:A0A8J2Q222],Cercopithifilaria johnstoni (PRJEB47283),protein_coding,cejohnprjeb47283
CJOHNSTONI_LOCUS10282,rna-CJOHNSTONI_LOCUS10282,234,protein_coding,Acyl_transf_3 domain-containing protein  [Source:UniProtKB/TrEMBL;Acc:A0A8J2MG30],Cercopithifilaria johnstoni (PRJEB47283),protein_coding,cejohnprjeb47283
CJOHNSTONI_LOCUS5925,rna-CJOHNSTONI_LOCUS5925,185,protein_coding,CC domain-containing protein  [Source:UniProtKB/TrEMBL;Acc:A0A8J2M4U2],Cercopithifilaria johnstoni (PRJEB47283),protein_coding,cejohnprjeb47283
CJOHNSTONI_LOCUS6330,rna-CJOHNSTONI_LOCUS6330,169,protein_coding,Lipocln_cytosolic_FA-bd_dom domain-containing protein  [Source:UniProtKB/TrEMBL;Acc:A0A8J2Q1I3],Cercopithifilaria johnstoni (PRJEB47283),protein_coding,cejohnprjeb47283
CJOHNSTONI_LOCUS882,rna-CJOHNSTONI_LOCUS882,299,protein_coding,Ig-like domain-containing protein  [Source:UniProtKB/TrEMBL;Acc:A0A8J2PVY0],Cercopithifilaria johnstoni (PRJEB47283),protein_coding,cejohnprjeb47283
CJOHNSTONI_LOCUS10145,rna-CJOHNSTONI_LOCUS10145,237,protein_coding,Zinc finger protein 207  [Source:UniProtKB/TrEMBL;Acc:A0A8J2MVG7],Cercopithifilaria johnstoni (PRJEB47283),protein_coding,cejohnprjeb47283
CJOHNSTONI_LOCUS8777,rna-CJOHNSTONI_LOCUS8777,536,protein_coding,Zinc finger protein  [Source:UniProtKB/TrEMBL;Acc:A0A8J2MC71],Cercopithifilaria johnstoni (PRJEB47283),protein_coding,cejohnprjeb47283
CJOHNSTONI_LOCUS7585,rna-CJOHNSTONI_LOCUS7585,172,protein_coding,PCI domain-containing protein  [Source:UniProtKB/TrEMBL;Acc:A0A8J2M1K1],Cercopithifilaria johnstoni (PRJEB47283),protein_coding,cejohnprjeb47283
CJOHNSTONI_LOCUS1467,rna-CJOHNSTONI_LOCUS1467,162,protein_coding,Protein quiver  [Source:UniProtKB/TrEMBL;Acc:A0A8J2LY07],Cercopithifilaria johnstoni (PRJEB47283),protein_coding,cejohnprjeb47283
CJOHNSTONI_LOCUS5737,rna-CJOHNSTONI_LOCUS5737,169,protein_coding,RRM domain-containing protein  [Source:UniProtKB/TrEMBL;Acc:A0A8J2M4I0],Cercopithifilaria johnstoni (PRJEB47283),protein_coding,cejohnprjeb47283
CJOHNSTONI_LOCUS2061,rna-CJOHNSTONI_LOCUS2061,281,protein_coding,Protein arginine N-methyltransferase  [Source:UniProtKB/TrEMBL;Acc:A0A8J2LYL8],Cercopithifilaria johnstoni (PRJEB47283),protein_coding,cejohnprjeb47283
CJOHNSTONI_LOCUS9285,rna-CJOHNSTONI_LOCUS9285,263,protein_coding,Guanylate cyclase domain-containing protein  [Source:UniProtKB/TrEMBL;Acc:A0A8J2MBS1],Cercopithifilaria johnstoni (PRJEB47283),protein_coding,cejohnprjeb47283
CJOHNSTONI_LOCUS9462,rna-CJOHNSTONI_LOCUS9462,382,protein_coding,,Cercopithifilaria johnstoni (PRJEB47283),protein_coding,cejohnprjeb47283
CJOHNSTONI_LOCUS8093,rna-CJOHNSTONI_LOCUS8093,231,protein_coding,Teneurin-3  [Source:UniProtKB/TrEMBL;Acc:A0A8J2QAU3],Cercopithifilaria johnstoni (PRJEB47283),protein_coding,cejohnprjeb47283
CJOHNSTONI_LOCUS3988,rna-CJOHNSTONI_LOCUS3988,166,protein_coding,TYR_PHOSPHATASE_2 domain-containing protein  [Source:UniProtKB/TrEMBL;Acc:A0A8J2M1W8],Cercopithifilaria johnstoni (PRJEB47283),protein_coding,cejohnprjeb47283
CJOHNSTONI_LOCUS3175,rna-CJOHNSTONI_LOCUS3175,291,protein_coding,Homeobox domain-containing protein  [Source:UniProtKB/TrEMBL;Acc:A0A8J2Q5C6],Cercopithifilaria johnstoni (PRJEB47283),protein_coding,cejohnprjeb47283
CJOHNSTONI_LOCUS9886,rna-CJOHNSTONI_LOCUS9886,897,protein_coding,ZM domain-containing protein  [Source:UniProtKB/TrEMBL;Acc:A0A8J2MF72],Cercopithifilaria johnstoni (PRJEB47283),protein_coding,cejohnprjeb47283
CJOHNSTONI_LOCUS5613,rna-CJOHNSTONI_LOCUS5613,244,protein_coding,BPTI/Kunitz inhibitor domain-containing protein  [Source:UniProtKB/TrEMBL;Acc:A0A8J2M4A5],Cercopithifilaria johnstoni (PRJEB47283),protein_coding,cejohnprjeb47283
CJOHNSTONI_LOCUS1057,rna-CJOHNSTONI_LOCUS1057,282,protein_coding,MAM domain-containing protein  [Source:UniProtKB/TrEMBL;Acc:A0A8J2MJA3],Cercopithifilaria johnstoni (PRJEB47283),protein_coding,cejohnprjeb47283
CJOHNSTONI_LOCUS5784,rna-CJOHNSTONI_LOCUS5784,230,protein_coding,aminoacyl-tRNA hydrolase  [Source:UniProtKB/TrEMBL;Acc:A0A8J2MPJ3],Cercopithifilaria johnstoni (PRJEB47283),protein_coding,cejohnprjeb47283
CJOHNSTONI_LOCUS9604,rna-CJOHNSTONI_LOCUS9604,164,protein_coding,CNH domain-containing protein  [Source:UniProtKB/TrEMBL;Acc:A0A8J2M631],Cercopithifilaria johnstoni (PRJEB47283),protein_coding,cejohnprjeb47283
CJOHNSTONI_LOCUS6382,rna-CJOHNSTONI_LOCUS6382,236,protein_coding,ShKT domain-containing protein  [Source:UniProtKB/TrEMBL;Acc:A0A8J2PUN9],Cercopithifilaria johnstoni (PRJEB47283),protein_coding,cejohnprjeb47283
CJOHNSTONI_LOCUS8798,rna-CJOHNSTONI_LOCUS8798,236,protein_coding,DUF1738 domain-containing protein  [Source:UniProtKB/TrEMBL;Acc:A0A8J2M3J5],Cercopithifilaria johnstoni (PRJEB47283),protein_coding,cejohnprjeb47283
CJOHNSTONI_LOCUS1427,rna-CJOHNSTONI_LOCUS1427,184,protein_coding,BTB domain-containing protein  [Source:UniProtKB/TrEMBL;Acc:A0A8J2Q3V4],Cercopithifilaria johnstoni (PRJEB47283),protein_coding,cejohnprjeb47283
CJOHNSTONI_LOCUS9086,rna-CJOHNSTONI_LOCUS9086,1110,protein_coding,Fanconi anemia group I protein  [Source:UniProtKB/TrEMBL;Acc:A0A8J2Q3M6],Cercopithifilaria johnstoni (PRJEB47283),protein_coding,cejohnprjeb47283
CJOHNSTONI_LOCUS8866,rna-CJOHNSTONI_LOCUS8866,206,protein_coding,"Succinate dehydrogenase [ubiquinone] flavoprotein subunit, mitochondrial  [Source:UniProtKB/TrEMBL;Acc:A0A8J2MAX5]",Cercopithifilaria johnstoni (PRJEB47283),protein_coding,cejohnprjeb47283
CJOHNSTONI_LOCUS3394,rna-CJOHNSTONI_LOCUS3394,228,protein_coding,HMG box domain-containing protein  [Source:UniProtKB/TrEMBL;Acc:A0A8J2M108],Cercopithifilaria johnstoni (PRJEB47283),protein_coding,cejohnprjeb47283
CJOHNSTONI_LOCUS3028,rna-CJOHNSTONI_LOCUS3028,236,protein_coding,PMT_2 domain-containing protein  [Source:UniProtKB/TrEMBL;Acc:A0A8J2LYY8],Cercopithifilaria johnstoni (PRJEB47283),protein_coding,cejohnprjeb47283
CJOHNSTONI_LOCUS3462,rna-CJOHNSTONI_LOCUS3462,389,protein_coding,SCHIP-1 domain-containing protein  [Source:UniProtKB/TrEMBL;Acc:A0A8J2M416],Cercopithifilaria johnstoni (PRJEB47283),protein_coding,cejohnprjeb47283
CJOHNSTONI_LOCUS634,rna-CJOHNSTONI_LOCUS634,214,protein_coding,Haloacid dehalogenase-like hydrolase domain-containing protein 2  [Source:UniProtKB/TrEMBL;Acc:A0A8J2PVQ4],Cercopithifilaria johnstoni (PRJEB47283),protein_coding,cejohnprjeb47283
CJOHNSTONI_LOCUS9269,rna-CJOHNSTONI_LOCUS9269,221,protein_coding,GOLD domain-containing protein  [Source:UniProtKB/TrEMBL;Acc:A0A8J2MBR2],Cercopithifilaria johnstoni (PRJEB47283),protein_coding,cejohnprjeb47283
CJOHNSTONI_LOCUS5873,rna-CJOHNSTONI_LOCUS5873,210,protein_coding,DNA-directed RNA polymerase III subunit RPC5  [Source:UniProtKB/TrEMBL;Acc:A0A8J2M4Q2],Cercopithifilaria johnstoni (PRJEB47283),protein_coding,cejohnprjeb47283
CJOHNSTONI_LOCUS3620,rna-CJOHNSTONI_LOCUS3620,315,protein_coding,Kinesin-like protein  [Source:UniProtKB/TrEMBL;Acc:A0A8J2PZ49],Cercopithifilaria johnstoni (PRJEB47283),protein_coding,cejohnprjeb47283
CJOHNSTONI_LOCUS4660,rna-CJOHNSTONI_LOCUS4660,268,protein_coding,BTB domain-containing protein  [Source:UniProtKB/TrEMBL;Acc:A0A8J2LWD9],Cercopithifilaria johnstoni (PRJEB47283),protein_coding,cejohnprjeb47283
CJOHNSTONI_LOCUS686,rna-CJOHNSTONI_LOCUS686,147,protein_coding,eRF1_3 domain-containing protein  [Source:UniProtKB/TrEMBL;Acc:A0A8J2LW53],Cercopithifilaria johnstoni (PRJEB47283),protein_coding,cejohnprjeb47283
CJOHNSTONI_LOCUS7284,rna-CJOHNSTONI_LOCUS7284,218,protein_coding,Kelch-like protein 10  [Source:UniProtKB/TrEMBL;Acc:A0A8J2MRF8],Cercopithifilaria johnstoni (PRJEB47283),protein_coding,cejohnprjeb47283
CJOHNSTONI_LOCUS9295,rna-CJOHNSTONI_LOCUS9295,189,protein_coding,NF-kappa-B inhibitor-interacting Ras-like protein 2  [Source:UniProtKB/TrEMBL;Acc:A0A8J2Q6T3],Cercopithifilaria johnstoni (PRJEB47283),protein_coding,cejohnprjeb47283
CJOHNSTONI_LOCUS1535,rna-CJOHNSTONI_LOCUS1535,150,protein_coding,Charged multivesicular body protein 2b  [Source:UniProtKB/TrEMBL;Acc:A0A8J2PQJ2],Cercopithifilaria johnstoni (PRJEB47283),protein_coding,cejohnprjeb47283
CJOHNSTONI_LOCUS9258,rna-CJOHNSTONI_LOCUS9258,308,protein_coding,,Cercopithifilaria johnstoni (PRJEB47283),protein_coding,cejohnprjeb47283
CJOHNSTONI_LOCUS8632,rna-CJOHNSTONI_LOCUS8632,377,protein_coding,Double-stranded RNA-binding protein Staufen homolog 2  [Source:UniProtKB/TrEMBL;Acc:A0A8J2MCH5],Cercopithifilaria johnstoni (PRJEB47283),protein_coding,cejohnprjeb47283
CJOHNSTONI_LOCUS2009,rna-CJOHNSTONI_LOCUS2009,288,protein_coding,RING-type domain-containing protein  [Source:UniProtKB/TrEMBL;Acc:A0A8J2PX34],Cercopithifilaria johnstoni (PRJEB47283),protein_coding,cejohnprjeb47283
CJOHNSTONI_LOCUS699,rna-CJOHNSTONI_LOCUS699,231,protein_coding,ABC transporter permease  [Source:UniProtKB/TrEMBL;Acc:A0A8J2LW64],Cercopithifilaria johnstoni (PRJEB47283),protein_coding,cejohnprjeb47283
CJOHNSTONI_LOCUS3547,rna-CJOHNSTONI_LOCUS3547,220,protein_coding,Protein salvador homolog 1  [Source:UniProtKB/TrEMBL;Acc:A0A8J2PSA4],Cercopithifilaria johnstoni (PRJEB47283),protein_coding,cejohnprjeb47283
CJOHNSTONI_LOCUS63,rna-CJOHNSTONI_LOCUS63,233,protein_coding,Col_cuticle_N domain-containing protein  [Source:UniProtKB/TrEMBL;Acc:A0A8J2PP98],Cercopithifilaria johnstoni (PRJEB47283),protein_coding,cejohnprjeb47283
CJOHNSTONI_LOCUS9351,rna-CJOHNSTONI_LOCUS9351,205,protein_coding,Ubiquitin fusion degradation protein 1 homolog  [Source:UniProtKB/TrEMBL;Acc:A0A8J2M4J2],Cercopithifilaria johnstoni (PRJEB47283),protein_coding,cejohnprjeb47283
CJOHNSTONI_LOCUS7704,rna-CJOHNSTONI_LOCUS7704,320,protein_coding,,Cercopithifilaria johnstoni (PRJEB47283),protein_coding,cejohnprjeb47283
CJOHNSTONI_LOCUS792,rna-CJOHNSTONI_LOCUS792,271,protein_coding,IgGFc_binding domain-containing protein  [Source:UniProtKB/TrEMBL;Acc:A0A8J2LNU7],Cercopithifilaria johnstoni (PRJEB47283),protein_coding,cejohnprjeb47283
CJOHNSTONI_LOCUS6437,rna-CJOHNSTONI_LOCUS6437,1146,protein_coding,2-Hacid_dh_C domain-containing protein  [Source:UniProtKB/TrEMBL;Acc:A0A8J2Q541],Cercopithifilaria johnstoni (PRJEB47283),protein_coding,cejohnprjeb47283
CJOHNSTONI_LOCUS6796,rna-CJOHNSTONI_LOCUS6796,247,protein_coding,Pinin_SDK_memA domain-containing protein  [Source:UniProtKB/TrEMBL;Acc:A0A8J2M0J4],Cercopithifilaria johnstoni (PRJEB47283),protein_coding,cejohnprjeb47283
CJOHNSTONI_LOCUS10056,rna-CJOHNSTONI_LOCUS10056,287,protein_coding,Dolichol-phosphate mannosyltransferase subunit 3  [Source:UniProtKB/TrEMBL;Acc:A0A8J2M5K2],Cercopithifilaria johnstoni (PRJEB47283),protein_coding,cejohnprjeb47283
CJOHNSTONI_LOCUS7454,rna-CJOHNSTONI_LOCUS7454,182,protein_coding,Reverse transcriptase domain-containing protein  [Source:UniProtKB/TrEMBL;Acc:A0A8J2M807],Cercopithifilaria johnstoni (PRJEB47283),protein_coding,cejohnprjeb47283
CJOHNSTONI_LOCUS9266,rna-CJOHNSTONI_LOCUS9266,215,protein_coding,CRAL-TRIO domain-containing protein  [Source:UniProtKB/TrEMBL;Acc:A0A8J2QB29],Cercopithifilaria johnstoni (PRJEB47283),protein_coding,cejohnprjeb47283
CJOHNSTONI_LOCUS4807,rna-CJOHNSTONI_LOCUS4807,234,protein_coding,Fatty acid synthase  [Source:UniProtKB/TrEMBL;Acc:A0A8J2M3W6],Cercopithifilaria johnstoni (PRJEB47283),protein_coding,cejohnprjeb47283
CJOHNSTONI_LOCUS1461,rna-CJOHNSTONI_LOCUS1461,206,protein_coding,,Cercopithifilaria johnstoni (PRJEB47283),protein_coding,cejohnprjeb47283
CJOHNSTONI_LOCUS5047,rna-CJOHNSTONI_LOCUS5047,320,protein_coding,EB domain-containing protein  [Source:UniProtKB/TrEMBL;Acc:A0A8J2MNN6],Cercopithifilaria johnstoni (PRJEB47283),protein_coding,cejohnprjeb47283
CJOHNSTONI_LOCUS10252,rna-CJOHNSTONI_LOCUS10252,221,protein_coding,,Cercopithifilaria johnstoni (PRJEB47283),protein_coding,cejohnprjeb47283
CJOHNSTONI_LOCUS2570,rna-CJOHNSTONI_LOCUS2570,233,protein_coding,,Cercopithifilaria johnstoni (PRJEB47283),protein_coding,cejohnprjeb47283
CJOHNSTONI_LOCUS1438,rna-CJOHNSTONI_LOCUS1438,341,protein_coding,ANAPC4_WD40 domain-containing protein  [Source:UniProtKB/TrEMBL;Acc:A0A8J2LXZ0],Cercopithifilaria johnstoni (PRJEB47283),protein_coding,cejohnprjeb47283
CJOHNSTONI_LOCUS1794,rna-CJOHNSTONI_LOCUS1794,227,protein_coding,MYM-type domain-containing protein  [Source:UniProtKB/TrEMBL;Acc:A0A8J2LNH4],Cercopithifilaria johnstoni (PRJEB47283),protein_coding,cejohnprjeb47283
CJOHNSTONI_LOCUS2416,rna-CJOHNSTONI_LOCUS2416,173,protein_coding,Transmembrane protein  [Source:UniProtKB/TrEMBL;Acc:A0A8J2MKX4],Cercopithifilaria johnstoni (PRJEB47283),protein_coding,cejohnprjeb47283
CJOHNSTONI_LOCUS9959,rna-CJOHNSTONI_LOCUS9959,266,protein_coding,G domain-containing protein  [Source:UniProtKB/TrEMBL;Acc:A0A8J2QB79],Cercopithifilaria johnstoni (PRJEB47283),protein_coding,cejohnprjeb47283
CJOHNSTONI_LOCUS3872,rna-CJOHNSTONI_LOCUS3872,227,protein_coding,FBO_C domain-containing protein  [Source:UniProtKB/TrEMBL;Acc:A0A8J2LUS4],Cercopithifilaria johnstoni (PRJEB47283),protein_coding,cejohnprjeb47283
CJOHNSTONI_LOCUS4656,rna-CJOHNSTONI_LOCUS4656,219,protein_coding,Splicing factor U2AF subunit  [Source:UniProtKB/TrEMBL;Acc:A0A8J2Q3J0],Cercopithifilaria johnstoni (PRJEB47283),protein_coding,cejohnprjeb47283
CJOHNSTONI_LOCUS4805,rna-CJOHNSTONI_LOCUS4805,167,protein_coding,SOCS box domain-containing protein  [Source:UniProtKB/TrEMBL;Acc:A0A8J2M661],Cercopithifilaria johnstoni (PRJEB47283),protein_coding,cejohnprjeb47283
CJOHNSTONI_LOCUS6756,rna-CJOHNSTONI_LOCUS6756,191,protein_coding,5'-deoxynucleotidase HDDC2  [Source:UniProtKB/TrEMBL;Acc:A0A8J2MQS9],Cercopithifilaria johnstoni (PRJEB47283),protein_coding,cejohnprjeb47283
CJOHNSTONI_LOCUS6318,rna-CJOHNSTONI_LOCUS6318,385,protein_coding,3Beta_HSD domain-containing protein  [Source:UniProtKB/TrEMBL;Acc:A0A8J2QAG2],Cercopithifilaria johnstoni (PRJEB47283),protein_coding,cejohnprjeb47283
CJOHNSTONI_LOCUS8598,rna-CJOHNSTONI_LOCUS8598,293,protein_coding,,Cercopithifilaria johnstoni (PRJEB47283),protein_coding,cejohnprjeb47283
CJOHNSTONI_LOCUS3016,rna-CJOHNSTONI_LOCUS3016,257,protein_coding,LRRNT domain-containing protein  [Source:UniProtKB/TrEMBL;Acc:A0A8J2M394],Cercopithifilaria johnstoni (PRJEB47283),protein_coding,cejohnprjeb47283
CJOHNSTONI_LOCUS1931,rna-CJOHNSTONI_LOCUS1931,225,protein_coding,Photoreceptor-specific nuclear receptor  [Source:UniProtKB/TrEMBL;Acc:A0A8J2Q152],Cercopithifilaria johnstoni (PRJEB47283),protein_coding,cejohnprjeb47283
CJOHNSTONI_LOCUS2855,rna-CJOHNSTONI_LOCUS2855,178,protein_coding,DUF19 domain-containing protein  [Source:UniProtKB/TrEMBL;Acc:A0A8J2PYG3],Cercopithifilaria johnstoni (PRJEB47283),protein_coding,cejohnprjeb47283
CJOHNSTONI_LOCUS2534,rna-CJOHNSTONI_LOCUS2534,156,protein_coding,,Cercopithifilaria johnstoni (PRJEB47283),protein_coding,cejohnprjeb47283
CJOHNSTONI_LOCUS4829,rna-CJOHNSTONI_LOCUS4829,248,protein_coding,vesicle-fusing ATPase  [Source:UniProtKB/TrEMBL;Acc:A0A8J2M297],Cercopithifilaria johnstoni (PRJEB47283),protein_coding,cejohnprjeb47283
CJOHNSTONI_LOCUS2052,rna-CJOHNSTONI_LOCUS2052,226,protein_coding,Tubulin beta chain  [Source:UniProtKB/TrEMBL;Acc:A0A8J2PR09],Cercopithifilaria johnstoni (PRJEB47283),protein_coding,cejohnprjeb47283
CJOHNSTONI_LOCUS9406,rna-CJOHNSTONI_LOCUS9406,218,protein_coding,CC171 protein  [Source:UniProtKB/TrEMBL;Acc:A0A8J2Q3U8],Cercopithifilaria johnstoni (PRJEB47283),protein_coding,cejohnprjeb47283
CJOHNSTONI_LOCUS5507,rna-CJOHNSTONI_LOCUS5507,257,protein_coding,MFS domain-containing protein  [Source:UniProtKB/TrEMBL;Acc:A0A8J2LY90],Cercopithifilaria johnstoni (PRJEB47283),protein_coding,cejohnprjeb47283
CJOHNSTONI_LOCUS1289,rna-CJOHNSTONI_LOCUS1289,317,protein_coding,Ovule protein  [Source:UniProtKB/TrEMBL;Acc:A0A8J2LPX2],Cercopithifilaria johnstoni (PRJEB47283),protein_coding,cejohnprjeb47283
CJOHNSTONI_LOCUS5885,rna-CJOHNSTONI_LOCUS5885,239,protein_coding,PIPK domain-containing protein  [Source:UniProtKB/TrEMBL;Acc:A0A8J2M4R0],Cercopithifilaria johnstoni (PRJEB47283),protein_coding,cejohnprjeb47283
CJOHNSTONI_LOCUS9709,rna-CJOHNSTONI_LOCUS9709,703,protein_coding,Protein phosphatase 1 regulatory subunit 37  [Source:UniProtKB/TrEMBL;Acc:A0A8J2Q714],Cercopithifilaria johnstoni (PRJEB47283),protein_coding,cejohnprjeb47283
CJOHNSTONI_LOCUS6124,rna-CJOHNSTONI_LOCUS6124,410,protein_coding,Rab-GAP TBC domain-containing protein  [Source:UniProtKB/TrEMBL;Acc:A0A8J2M6R4],Cercopithifilaria johnstoni (PRJEB47283),protein_coding,cejohnprjeb47283
CJOHNSTONI_LOCUS3564,rna-CJOHNSTONI_LOCUS3564,204,protein_coding,Proline dehydrogenase  [Source:UniProtKB/TrEMBL;Acc:A0A8J2LRD3],Cercopithifilaria johnstoni (PRJEB47283),protein_coding,cejohnprjeb47283
CJOHNSTONI_LOCUS4672,rna-CJOHNSTONI_LOCUS4672,257,protein_coding,N-acetyltransferase domain-containing protein  [Source:UniProtKB/TrEMBL;Acc:A0A8J2Q3J3],Cercopithifilaria johnstoni (PRJEB47283),protein_coding,cejohnprjeb47283
CJOHNSTONI_LOCUS10242,rna-CJOHNSTONI_LOCUS10242,146,protein_coding,Ubiquitin-like protein ATG12  [Source:UniProtKB/TrEMBL;Acc:A0A8J2Q9I5],Cercopithifilaria johnstoni (PRJEB47283),protein_coding,cejohnprjeb47283
CJOHNSTONI_LOCUS5222,rna-CJOHNSTONI_LOCUS5222,239,protein_coding,GST C-terminal domain-containing protein  [Source:UniProtKB/TrEMBL;Acc:A0A8J2MNJ5],Cercopithifilaria johnstoni (PRJEB47283),protein_coding,cejohnprjeb47283
CJOHNSTONI_LOCUS3544,rna-CJOHNSTONI_LOCUS3544,183,protein_coding,CRAL-TRIO domain-containing protein  [Source:UniProtKB/TrEMBL;Acc:A0A8J2M192],Cercopithifilaria johnstoni (PRJEB47283),protein_coding,cejohnprjeb47283
CJOHNSTONI_LOCUS9804,rna-CJOHNSTONI_LOCUS9804,221,protein_coding,Coiled-coil domain-containing protein 137  [Source:UniProtKB/TrEMBL;Acc:A0A8J2ME88],Cercopithifilaria johnstoni (PRJEB47283),protein_coding,cejohnprjeb47283
CJOHNSTONI_LOCUS3794,rna-CJOHNSTONI_LOCUS3794,217,protein_coding,Sodium/hydrogen exchanger  [Source:UniProtKB/TrEMBL;Acc:A0A8J2M0S8],Cercopithifilaria johnstoni (PRJEB47283),protein_coding,cejohnprjeb47283
CJOHNSTONI_LOCUS9390,rna-CJOHNSTONI_LOCUS9390,334,protein_coding,,Cercopithifilaria johnstoni (PRJEB47283),protein_coding,cejohnprjeb47283
CJOHNSTONI_LOCUS3969,rna-CJOHNSTONI_LOCUS3969,155,protein_coding,G_PROTEIN_RECEP_F1_2 domain-containing protein  [Source:UniProtKB/TrEMBL;Acc:A0A8J2LUY4],Cercopithifilaria johnstoni (PRJEB47283),protein_coding,cejohnprjeb47283
CJOHNSTONI_LOCUS1074,rna-CJOHNSTONI_LOCUS1074,200,protein_coding,Tim44 domain-containing protein  [Source:UniProtKB/TrEMBL;Acc:A0A8J2LWQ5],Cercopithifilaria johnstoni (PRJEB47283),protein_coding,cejohnprjeb47283
CJOHNSTONI_LOCUS8277,rna-CJOHNSTONI_LOCUS8277,292,protein_coding,Titin  [Source:UniProtKB/TrEMBL;Acc:A0A8J2M9P0],Cercopithifilaria johnstoni (PRJEB47283),protein_coding,cejohnprjeb47283
CJOHNSTONI_LOCUS10429,rna-CJOHNSTONI_LOCUS10429,264,protein_coding,,Cercopithifilaria johnstoni (PRJEB47283),protein_coding,cejohnprjeb47283
CJOHNSTONI_LOCUS5561,rna-CJOHNSTONI_LOCUS5561,196,protein_coding,SH2 domain-containing protein  [Source:UniProtKB/TrEMBL;Acc:A0A8J2M5Y8],Cercopithifilaria johnstoni (PRJEB47283),protein_coding,cejohnprjeb47283
CJOHNSTONI_LOCUS2047,rna-CJOHNSTONI_LOCUS2047,511,protein_coding,KNTC1  [Source:UniProtKB/TrEMBL;Acc:A0A8J2LZ24],Cercopithifilaria johnstoni (PRJEB47283),protein_coding,cejohnprjeb47283
CJOHNSTONI_LOCUS9682,rna-CJOHNSTONI_LOCUS9682,365,protein_coding,Haloacid dehalogenase-like hydrolase domain-containing protein 3  [Source:UniProtKB/TrEMBL;Acc:A0A8J2Q710],Cercopithifilaria johnstoni (PRJEB47283),protein_coding,cejohnprjeb47283
CJOHNSTONI_LOCUS3666,rna-CJOHNSTONI_LOCUS3666,1306,protein_coding,WW domain-containing protein  [Source:UniProtKB/TrEMBL;Acc:A0A8J2LUE6],Cercopithifilaria johnstoni (PRJEB47283),protein_coding,cejohnprjeb47283
CJOHNSTONI_LOCUS1761,rna-CJOHNSTONI_LOCUS1761,317,protein_coding,H15 domain-containing protein  [Source:UniProtKB/TrEMBL;Acc:A0A8J2LWL0],Cercopithifilaria johnstoni (PRJEB47283),protein_coding,cejohnprjeb47283
CJOHNSTONI_LOCUS1952,rna-CJOHNSTONI_LOCUS1952,264,protein_coding,Magnesium transporter NIPA2  [Source:UniProtKB/TrEMBL;Acc:A0A8J2Q4A2],Cercopithifilaria johnstoni (PRJEB47283),protein_coding,cejohnprjeb47283
CJOHNSTONI_LOCUS8558,rna-CJOHNSTONI_LOCUS8558,282,protein_coding,Myotubularin-related protein 13  [Source:UniProtKB/TrEMBL;Acc:A0A8J2M352],Cercopithifilaria johnstoni (PRJEB47283),protein_coding,cejohnprjeb47283
CJOHNSTONI_LOCUS10227,rna-CJOHNSTONI_LOCUS10227,236,protein_coding,Anoctamin  [Source:UniProtKB/TrEMBL;Acc:A0A8J2MF19],Cercopithifilaria johnstoni (PRJEB47283),protein_coding,cejohnprjeb47283
CJOHNSTONI_LOCUS2097,rna-CJOHNSTONI_LOCUS2097,965,protein_coding,BACK domain-containing protein  [Source:UniProtKB/TrEMBL;Acc:A0A8J2LR72],Cercopithifilaria johnstoni (PRJEB47283),protein_coding,cejohnprjeb47283
CJOHNSTONI_LOCUS263,rna-CJOHNSTONI_LOCUS263,248,protein_coding,Protein kinase domain-containing protein  [Source:UniProtKB/TrEMBL;Acc:A0A8J2Q7Z8],Cercopithifilaria johnstoni (PRJEB47283),protein_coding,cejohnprjeb47283
CJOHNSTONI_LOCUS399,rna-CJOHNSTONI_LOCUS399,254,protein_coding,Nucleolar GTP-binding protein 1  [Source:UniProtKB/TrEMBL;Acc:A0A8J2PPJ6],Cercopithifilaria johnstoni (PRJEB47283),protein_coding,cejohnprjeb47283
CJOHNSTONI_LOCUS9474,rna-CJOHNSTONI_LOCUS9474,270,protein_coding,RING-type domain-containing protein  [Source:UniProtKB/TrEMBL;Acc:A0A8J2PY70],Cercopithifilaria johnstoni (PRJEB47283),protein_coding,cejohnprjeb47283
CJOHNSTONI_LOCUS1801,rna-CJOHNSTONI_LOCUS1801,236,protein_coding,,Cercopithifilaria johnstoni (PRJEB47283),protein_coding,cejohnprjeb47283
CJOHNSTONI_LOCUS6055,rna-CJOHNSTONI_LOCUS6055,290,protein_coding,,Cercopithifilaria johnstoni (PRJEB47283),protein_coding,cejohnprjeb47283
CJOHNSTONI_LOCUS6131,rna-CJOHNSTONI_LOCUS6131,176,protein_coding,Reverse transcriptase  [Source:UniProtKB/TrEMBL;Acc:A0A8J2LZI6],Cercopithifilaria johnstoni (PRJEB47283),protein_coding,cejohnprjeb47283
CJOHNSTONI_LOCUS5864,rna-CJOHNSTONI_LOCUS5864,305,protein_coding,BZIP domain-containing protein  [Source:UniProtKB/TrEMBL;Acc:A0A8J2M5W6],Cercopithifilaria johnstoni (PRJEB47283),protein_coding,cejohnprjeb47283
CJOHNSTONI_LOCUS8437,rna-CJOHNSTONI_LOCUS8437,281,protein_coding,MICOS complex subunit MIC10  [Source:UniProtKB/TrEMBL;Acc:A0A8J2M2Y3],Cercopithifilaria johnstoni (PRJEB47283),protein_coding,cejohnprjeb47283
CJOHNSTONI_LOCUS5941,rna-CJOHNSTONI_LOCUS5941,168,protein_coding,PRELI/MSF1 domain-containing protein  [Source:UniProtKB/TrEMBL;Acc:A0A8J2MPQ1],Cercopithifilaria johnstoni (PRJEB47283),protein_coding,cejohnprjeb47283
CJOHNSTONI_LOCUS6654,rna-CJOHNSTONI_LOCUS6654,227,protein_coding,Col_cuticle_N domain-containing protein  [Source:UniProtKB/TrEMBL;Acc:A0A8J2M7W9],Cercopithifilaria johnstoni (PRJEB47283),protein_coding,cejohnprjeb47283
CJOHNSTONI_LOCUS7474,rna-CJOHNSTONI_LOCUS7474,152,protein_coding,DB domain-containing protein  [Source:UniProtKB/TrEMBL;Acc:A0A8J2Q8I0],Cercopithifilaria johnstoni (PRJEB47283),protein_coding,cejohnprjeb47283
CJOHNSTONI_LOCUS1335,rna-CJOHNSTONI_LOCUS1335,242,protein_coding,Phosducin domain-containing protein  [Source:UniProtKB/TrEMBL;Acc:A0A8J2MJN2],Cercopithifilaria johnstoni (PRJEB47283),protein_coding,cejohnprjeb47283
CJOHNSTONI_LOCUS5792,rna-CJOHNSTONI_LOCUS5792,228,protein_coding,DUF5079 family protein  [Source:UniProtKB/TrEMBL;Acc:A0A8J2Q4L6],Cercopithifilaria johnstoni (PRJEB47283),protein_coding,cejohnprjeb47283
CJOHNSTONI_LOCUS5891,rna-CJOHNSTONI_LOCUS5891,174,protein_coding,MPN domain-containing protein  [Source:UniProtKB/TrEMBL;Acc:A0A8J2M662],Cercopithifilaria johnstoni (PRJEB47283),protein_coding,cejohnprjeb47283
CJOHNSTONI_LOCUS3738,rna-CJOHNSTONI_LOCUS3738,130,protein_coding,Dolichyl-diphosphooligosaccharide--protein glycosyltransferase subunit DAD1  [Source:UniProtKB/TrEMBL;Acc:A0A8J2PSG0],Cercopithifilaria johnstoni (PRJEB47283),protein_coding,cejohnprjeb47283
CJOHNSTONI_LOCUS4318,rna-CJOHNSTONI_LOCUS4318,178,protein_coding,Cytoplasmic tRNA 2-thiolation protein 1  [Source:UniProtKB/TrEMBL;Acc:A0A8J2MMW9],Cercopithifilaria johnstoni (PRJEB47283),protein_coding,cejohnprjeb47283
CJOHNSTONI_LOCUS4664,rna-CJOHNSTONI_LOCUS4664,523,protein_coding,Col_cuticle_N domain-containing protein  [Source:UniProtKB/TrEMBL;Acc:A0A8J2MN92],Cercopithifilaria johnstoni (PRJEB47283),protein_coding,cejohnprjeb47283
CJOHNSTONI_LOCUS7288,rna-CJOHNSTONI_LOCUS7288,90,protein_coding,,Cercopithifilaria johnstoni (PRJEB47283),protein_coding,cejohnprjeb47283
CJOHNSTONI_LOCUS5721,rna-CJOHNSTONI_LOCUS5721,156,protein_coding,Ubiquitin-like domain-containing protein  [Source:UniProtKB/TrEMBL;Acc:A0A8J2LYE8],Cercopithifilaria johnstoni (PRJEB47283),protein_coding,cejohnprjeb47283
CJOHNSTONI_LOCUS9122,rna-CJOHNSTONI_LOCUS9122,225,protein_coding,Bifunctional polynucleotide phosphatase/kinase  [Source:UniProtKB/TrEMBL;Acc:A0A8J2MF27],Cercopithifilaria johnstoni (PRJEB47283),protein_coding,cejohnprjeb47283
CJOHNSTONI_LOCUS9590,rna-CJOHNSTONI_LOCUS9590,210,protein_coding,Transmembrane protein 208  [Source:UniProtKB/TrEMBL;Acc:A0A8J2M4Y6],Cercopithifilaria johnstoni (PRJEB47283),protein_coding,cejohnprjeb47283
CJOHNSTONI_LOCUS3962,rna-CJOHNSTONI_LOCUS3962,193,protein_coding,PDZ_3 domain-containing protein  [Source:UniProtKB/TrEMBL;Acc:A0A8J2M2K6],Cercopithifilaria johnstoni (PRJEB47283),protein_coding,cejohnprjeb47283
CJOHNSTONI_LOCUS3074,rna-CJOHNSTONI_LOCUS3074,197,protein_coding,Cysteine protease  [Source:UniProtKB/TrEMBL;Acc:A0A8J2Q598],Cercopithifilaria johnstoni (PRJEB47283),protein_coding,cejohnprjeb47283
CJOHNSTONI_LOCUS6050,rna-CJOHNSTONI_LOCUS6050,161,protein_coding,MCM_lid domain-containing protein  [Source:UniProtKB/TrEMBL;Acc:A0A8J2LZD6],Cercopithifilaria johnstoni (PRJEB47283),protein_coding,cejohnprjeb47283
CJOHNSTONI_LOCUS6179,rna-CJOHNSTONI_LOCUS6179,342,protein_coding,PH domain-containing protein  [Source:UniProtKB/TrEMBL;Acc:A0A8J2PUH1],Cercopithifilaria johnstoni (PRJEB47283),protein_coding,cejohnprjeb47283
CJOHNSTONI_LOCUS3346,rna-CJOHNSTONI_LOCUS3346,231,protein_coding,Shugoshin_C domain-containing protein  [Source:UniProtKB/TrEMBL;Acc:A0A8J2MLB9],Cercopithifilaria johnstoni (PRJEB47283),protein_coding,cejohnprjeb47283
CJOHNSTONI_LOCUS2949,rna-CJOHNSTONI_LOCUS2949,225,protein_coding,WD_REPEATS_REGION domain-containing protein  [Source:UniProtKB/TrEMBL;Acc:A0A8J2M0A8],Cercopithifilaria johnstoni (PRJEB47283),protein_coding,cejohnprjeb47283
CJOHNSTONI_LOCUS9898,rna-CJOHNSTONI_LOCUS9898,283,protein_coding,Clip domain-containing protein  [Source:UniProtKB/TrEMBL;Acc:A0A8J2MGF4],Cercopithifilaria johnstoni (PRJEB47283),protein_coding,cejohnprjeb47283
CJOHNSTONI_LOCUS9806,rna-CJOHNSTONI_LOCUS9806,182,protein_coding,L-aminoadipate-semialdehyde dehydrogenase-phosphopantetheinyl transferase  [Source:UniProtKB/TrEMBL;Acc:A0A8J2Q9C1],Cercopithifilaria johnstoni (PRJEB47283),protein_coding,cejohnprjeb47283
CJOHNSTONI_LOCUS5061,rna-CJOHNSTONI_LOCUS5061,195,protein_coding,Growth factor receptor-bound protein 14  [Source:UniProtKB/TrEMBL;Acc:A0A8J2MND3],Cercopithifilaria johnstoni (PRJEB47283),protein_coding,cejohnprjeb47283
CJOHNSTONI_LOCUS10111,rna-CJOHNSTONI_LOCUS10111,340,protein_coding,Calsyntenin-1  [Source:UniProtKB/TrEMBL;Acc:A0A8J2Q4F5],Cercopithifilaria johnstoni (PRJEB47283),protein_coding,cejohnprjeb47283
CJOHNSTONI_LOCUS2605,rna-CJOHNSTONI_LOCUS2605,259,protein_coding,Zinc finger protein GLIS1  [Source:UniProtKB/TrEMBL;Acc:A0A8J2PY76],Cercopithifilaria johnstoni (PRJEB47283),protein_coding,cejohnprjeb47283
CJOHNSTONI_LOCUS1226,rna-CJOHNSTONI_LOCUS1226,296,protein_coding,Secreted protein  [Source:UniProtKB/TrEMBL;Acc:A0A8J2LXJ8],Cercopithifilaria johnstoni (PRJEB47283),protein_coding,cejohnprjeb47283
CJOHNSTONI_LOCUS4657,rna-CJOHNSTONI_LOCUS4657,154,protein_coding,UBC core domain-containing protein  [Source:UniProtKB/TrEMBL;Acc:A0A8J2Q000],Cercopithifilaria johnstoni (PRJEB47283),protein_coding,cejohnprjeb47283
CJOHNSTONI_LOCUS4891,rna-CJOHNSTONI_LOCUS4891,248,protein_coding,ATP-dependent Clp protease proteolytic subunit  [Source:UniProtKB/TrEMBL;Acc:A0A8J2M466],Cercopithifilaria johnstoni (PRJEB47283),protein_coding,cejohnprjeb47283
CJOHNSTONI_LOCUS3878,rna-CJOHNSTONI_LOCUS3878,294,protein_coding,Glycine rich protein  [Source:UniProtKB/TrEMBL;Acc:A0A8J2M2C4],Cercopithifilaria johnstoni (PRJEB47283),protein_coding,cejohnprjeb47283
CJOHNSTONI_LOCUS1883,rna-CJOHNSTONI_LOCUS1883,245,protein_coding,C2 domain-containing protein  [Source:UniProtKB/TrEMBL;Acc:A0A8J2M1I6],Cercopithifilaria johnstoni (PRJEB47283),protein_coding,cejohnprjeb47283
CJOHNSTONI_LOCUS193,rna-CJOHNSTONI_LOCUS193,295,protein_coding,Cadherin  [Source:UniProtKB/TrEMBL;Acc:A0A8J2Q7Y3],Cercopithifilaria johnstoni (PRJEB47283),protein_coding,cejohnprjeb47283
CJOHNSTONI_LOCUS1262,rna-CJOHNSTONI_LOCUS1262,195,protein_coding,Tudor domain-containing protein  [Source:UniProtKB/TrEMBL;Acc:A0A8J2LMN9],Cercopithifilaria johnstoni (PRJEB47283),protein_coding,cejohnprjeb47283
CJOHNSTONI_LOCUS8611,rna-CJOHNSTONI_LOCUS8611,308,protein_coding,Histidine-rich glycoprotein-like  [Source:UniProtKB/TrEMBL;Acc:A0A8J2QAY1],Cercopithifilaria johnstoni (PRJEB47283),protein_coding,cejohnprjeb47283
CJOHNSTONI_LOCUS7817,rna-CJOHNSTONI_LOCUS7817,263,protein_coding,Gal_mutarotas_2 domain-containing protein  [Source:UniProtKB/TrEMBL;Acc:A0A8J2MAJ8],Cercopithifilaria johnstoni (PRJEB47283),protein_coding,cejohnprjeb47283
CJOHNSTONI_LOCUS2869,rna-CJOHNSTONI_LOCUS2869,251,protein_coding,Transmembrane protein  [Source:UniProtKB/TrEMBL;Acc:A0A8J2Q231],Cercopithifilaria johnstoni (PRJEB47283),protein_coding,cejohnprjeb47283
CJOHNSTONI_LOCUS9925,rna-CJOHNSTONI_LOCUS9925,230,protein_coding,AMP-binding domain-containing protein  [Source:UniProtKB/TrEMBL;Acc:A0A8J2MEG8],Cercopithifilaria johnstoni (PRJEB47283),protein_coding,cejohnprjeb47283
CJOHNSTONI_LOCUS5276,rna-CJOHNSTONI_LOCUS5276,151,protein_coding,Activin_recp domain-containing protein  [Source:UniProtKB/TrEMBL;Acc:A0A8J2MNL6],Cercopithifilaria johnstoni (PRJEB47283),protein_coding,cejohnprjeb47283
CJOHNSTONI_LOCUS10421,rna-CJOHNSTONI_LOCUS10421,229,protein_coding,,Cercopithifilaria johnstoni (PRJEB47283),protein_coding,cejohnprjeb47283
CJOHNSTONI_LOCUS3384,rna-CJOHNSTONI_LOCUS3384,199,protein_coding,Beta-galactosidase  [Source:UniProtKB/TrEMBL;Acc:A0A8J2PYX9],Cercopithifilaria johnstoni (PRJEB47283),protein_coding,cejohnprjeb47283
CJOHNSTONI_LOCUS1034,rna-CJOHNSTONI_LOCUS1034,128,protein_coding,,Cercopithifilaria johnstoni (PRJEB47283),protein_coding,cejohnprjeb47283
CJOHNSTONI_LOCUS8804,rna-CJOHNSTONI_LOCUS8804,1099,protein_coding,Ras-GEF domain-containing protein  [Source:UniProtKB/TrEMBL;Acc:A0A8J2MC89],Cercopithifilaria johnstoni (PRJEB47283),protein_coding,cejohnprjeb47283
CJOHNSTONI_LOCUS1913,rna-CJOHNSTONI_LOCUS1913,153,protein_coding,Apple domain-containing protein  [Source:UniProtKB/TrEMBL;Acc:A0A8J2LYR9],Cercopithifilaria johnstoni (PRJEB47283),protein_coding,cejohnprjeb47283
CJOHNSTONI_LOCUS3937,rna-CJOHNSTONI_LOCUS3937,250,protein_coding,KH domain-containing protein  [Source:UniProtKB/TrEMBL;Acc:A0A8J2Q678],Cercopithifilaria johnstoni (PRJEB47283),protein_coding,cejohnprjeb47283
CJOHNSTONI_LOCUS2350,rna-CJOHNSTONI_LOCUS2350,181,protein_coding,Nuclear receptor  [Source:UniProtKB/TrEMBL;Acc:A0A8J2Q4M7],Cercopithifilaria johnstoni (PRJEB47283),protein_coding,cejohnprjeb47283
CJOHNSTONI_LOCUS5549,rna-CJOHNSTONI_LOCUS5549-2,257,protein_coding,ANK_REP_REGION domain-containing protein  [Source:UniProtKB/TrEMBL;Acc:A0A8J2M5X3],Cercopithifilaria johnstoni (PRJEB47283),protein_coding,cejohnprjeb47283
CJOHNSTONI_LOCUS3512,rna-CJOHNSTONI_LOCUS3512,203,protein_coding,Polyadenylate-binding protein-interacting protein 1  [Source:UniProtKB/TrEMBL;Acc:A0A8J2LU54],Cercopithifilaria johnstoni (PRJEB47283),protein_coding,cejohnprjeb47283
CJOHNSTONI_LOCUS2611,rna-CJOHNSTONI_LOCUS2611,155,protein_coding,LIM and SH3 domain protein F42H10.3  [Source:UniProtKB/TrEMBL;Acc:A0A8J2M065],Cercopithifilaria johnstoni (PRJEB47283),protein_coding,cejohnprjeb47283
CJOHNSTONI_LOCUS9869,rna-CJOHNSTONI_LOCUS9869,333,protein_coding,Guanylate kinase-like domain-containing protein  [Source:UniProtKB/TrEMBL;Acc:A0A8J2MV43],Cercopithifilaria johnstoni (PRJEB47283),protein_coding,cejohnprjeb47283
CJOHNSTONI_LOCUS4196,rna-CJOHNSTONI_LOCUS4196,171,protein_coding,"NADH dehydrogenase [ubiquinone] 1 beta subcomplex subunit 5, mitochondrial  [Source:UniProtKB/TrEMBL;Acc:A0A8J2MMC1]",Cercopithifilaria johnstoni (PRJEB47283),protein_coding,cejohnprjeb47283
CJOHNSTONI_LOCUS9280,rna-CJOHNSTONI_LOCUS9280,146,protein_coding,COMM domain-containing protein  [Source:UniProtKB/TrEMBL;Acc:A0A8J2Q3S0],Cercopithifilaria johnstoni (PRJEB47283),protein_coding,cejohnprjeb47283
CJOHNSTONI_LOCUS7727,rna-CJOHNSTONI_LOCUS7727,115,protein_coding,HMG box domain-containing protein  [Source:UniProtKB/TrEMBL;Acc:A0A8J2MBQ1],Cercopithifilaria johnstoni (PRJEB47283),protein_coding,cejohnprjeb47283
CJOHNSTONI_LOCUS5470,rna-CJOHNSTONI_LOCUS5470,217,protein_coding,Lecithin:cholesterol acyltransferase family protein  [Source:UniProtKB/TrEMBL;Acc:A0A8J2MNV8],Cercopithifilaria johnstoni (PRJEB47283),protein_coding,cejohnprjeb47283
CJOHNSTONI_LOCUS8193,rna-CJOHNSTONI_LOCUS8193,211,protein_coding,Deoxyhypusine hydroxylase  [Source:UniProtKB/TrEMBL;Acc:A0A8J2M2K7],Cercopithifilaria johnstoni (PRJEB47283),protein_coding,cejohnprjeb47283
CJOHNSTONI_LOCUS9050,rna-CJOHNSTONI_LOCUS9050,311,protein_coding,Queuine tRNA-ribosyltransferase accessory subunit 2  [Source:UniProtKB/TrEMBL;Acc:A0A8J2MTN2],Cercopithifilaria johnstoni (PRJEB47283),protein_coding,cejohnprjeb47283
CJOHNSTONI_LOCUS10147,rna-CJOHNSTONI_LOCUS10147,209,protein_coding,Arrestin_C domain-containing protein  [Source:UniProtKB/TrEMBL;Acc:A0A8J2MF76],Cercopithifilaria johnstoni (PRJEB47283),protein_coding,cejohnprjeb47283
CJOHNSTONI_LOCUS7274,rna-CJOHNSTONI_LOCUS7274,269,protein_coding,DNA-directed RNA polymerase  [Source:UniProtKB/TrEMBL;Acc:A0A8J2M9A5],Cercopithifilaria johnstoni (PRJEB47283),protein_coding,cejohnprjeb47283
CJOHNSTONI_LOCUS10550,rna-CJOHNSTONI_LOCUS10550,1020,protein_coding,Adhesion G protein-coupled receptor G2  [Source:UniProtKB/TrEMBL;Acc:A0A8J2Q7I5],Cercopithifilaria johnstoni (PRJEB47283),protein_coding,cejohnprjeb47283
CJOHNSTONI_LOCUS6509,rna-CJOHNSTONI_LOCUS6509,245,protein_coding,Vacuolar fusion protein MON1 homolog  [Source:UniProtKB/TrEMBL;Acc:A0A8J2QAH6],Cercopithifilaria johnstoni (PRJEB47283),protein_coding,cejohnprjeb47283
CJOHNSTONI_LOCUS7978,rna-CJOHNSTONI_LOCUS7978,231,protein_coding,Fibronectin type-III domain-containing protein  [Source:UniProtKB/TrEMBL;Acc:A0A8J2MB28],Cercopithifilaria johnstoni (PRJEB47283),protein_coding,cejohnprjeb47283
CJOHNSTONI_LOCUS710,rna-CJOHNSTONI_LOCUS710,137,protein_coding,GTP-binding protein SAR1  [Source:UniProtKB/TrEMBL;Acc:A0A8J2LWD4],Cercopithifilaria johnstoni (PRJEB47283),protein_coding,cejohnprjeb47283
CJOHNSTONI_LOCUS108,rna-CJOHNSTONI_LOCUS108,214,protein_coding,EGF-like domain-containing protein  [Source:UniProtKB/TrEMBL;Acc:A0A8J2PV98],Cercopithifilaria johnstoni (PRJEB47283),protein_coding,cejohnprjeb47283
CJOHNSTONI_LOCUS8298,rna-CJOHNSTONI_LOCUS8298,179,protein_coding,,Cercopithifilaria johnstoni (PRJEB47283),protein_coding,cejohnprjeb47283
CJOHNSTONI_LOCUS5049,rna-CJOHNSTONI_LOCUS5049,209,protein_coding,Carboxypeptidase  [Source:UniProtKB/TrEMBL;Acc:A0A8J2M4J9],Cercopithifilaria johnstoni (PRJEB47283),protein_coding,cejohnprjeb47283
CJOHNSTONI_LOCUS3711,rna-CJOHNSTONI_LOCUS3711,165,protein_coding,Rad60-SLD domain-containing protein  [Source:UniProtKB/TrEMBL;Acc:A0A8J2MM99],Cercopithifilaria johnstoni (PRJEB47283),protein_coding,cejohnprjeb47283
CJOHNSTONI_LOCUS10308,rna-CJOHNSTONI_LOCUS10308,268,protein_coding,Malic enzyme  [Source:UniProtKB/TrEMBL;Acc:A0A8J2MG52],Cercopithifilaria johnstoni (PRJEB47283),protein_coding,cejohnprjeb47283
CJOHNSTONI_LOCUS8856,rna-CJOHNSTONI_LOCUS8856,205,protein_coding,ABC transmembrane type-1 domain-containing protein  [Source:UniProtKB/TrEMBL;Acc:A0A8J2MTN8],Cercopithifilaria johnstoni (PRJEB47283),protein_coding,cejohnprjeb47283
CJOHNSTONI_LOCUS6572,rna-CJOHNSTONI_LOCUS6572,253,protein_coding,,Cercopithifilaria johnstoni (PRJEB47283),protein_coding,cejohnprjeb47283
CJOHNSTONI_LOCUS6732,rna-CJOHNSTONI_LOCUS6732,295,protein_coding,Pecanex-like protein  [Source:UniProtKB/TrEMBL;Acc:A0A8J2M7J1],Cercopithifilaria johnstoni (PRJEB47283),protein_coding,cejohnprjeb47283
CJOHNSTONI_LOCUS3480,rna-CJOHNSTONI_LOCUS3480,205,protein_coding,VWFA domain-containing protein  [Source:UniProtKB/TrEMBL;Acc:A0A8J2M143],Cercopithifilaria johnstoni (PRJEB47283),protein_coding,cejohnprjeb47283
CJOHNSTONI_LOCUS6491,rna-CJOHNSTONI_LOCUS6491,206,protein_coding,ATP synthase subunit gamma  [Source:UniProtKB/TrEMBL;Acc:A0A8J2PUS3],Cercopithifilaria johnstoni (PRJEB47283),protein_coding,cejohnprjeb47283
CJOHNSTONI_LOCUS3500,rna-CJOHNSTONI_LOCUS3500,275,protein_coding,Secreted protein  [Source:UniProtKB/TrEMBL;Acc:A0A8J2LZS9],Cercopithifilaria johnstoni (PRJEB47283),protein_coding,cejohnprjeb47283
CJOHNSTONI_LOCUS1106,rna-CJOHNSTONI_LOCUS1106,335,protein_coding,Secreted protein  [Source:UniProtKB/TrEMBL;Acc:A0A8J2LXG8],Cercopithifilaria johnstoni (PRJEB47283),protein_coding,cejohnprjeb47283
CJOHNSTONI_LOCUS3858,rna-CJOHNSTONI_LOCUS3858,187,protein_coding,ZP domain-containing protein  [Source:UniProtKB/TrEMBL;Acc:A0A8J2LS62],Cercopithifilaria johnstoni (PRJEB47283),protein_coding,cejohnprjeb47283
CJOHNSTONI_LOCUS6162,rna-CJOHNSTONI_LOCUS6162,731,protein_coding,OBG-type G domain-containing protein  [Source:UniProtKB/TrEMBL;Acc:A0A8J2M6I5],Cercopithifilaria johnstoni (PRJEB47283),protein_coding,cejohnprjeb47283
CJOHNSTONI_LOCUS5630,rna-CJOHNSTONI_LOCUS5630,233,protein_coding,Ovule protein  [Source:UniProtKB/TrEMBL;Acc:A0A8J2M5E5],Cercopithifilaria johnstoni (PRJEB47283),protein_coding,cejohnprjeb47283
CJOHNSTONI_LOCUS2206,rna-CJOHNSTONI_LOCUS2206,140,protein_coding,ArsA_HSP20 domain-containing protein  [Source:UniProtKB/TrEMBL;Acc:A0A8J2PR57],Cercopithifilaria johnstoni (PRJEB47283),protein_coding,cejohnprjeb47283
CJOHNSTONI_LOCUS7847,rna-CJOHNSTONI_LOCUS7847,797,protein_coding,Gastrula zinc finger protein XlCGF7.1-like  [Source:UniProtKB/TrEMBL;Acc:A0A8J2M985],Cercopithifilaria johnstoni (PRJEB47283),protein_coding,cejohnprjeb47283
CJOHNSTONI_LOCUS3194,rna-CJOHNSTONI_LOCUS3194,270,protein_coding,Col_cuticle_N domain-containing protein  [Source:UniProtKB/TrEMBL;Acc:A0A8J2LQM0],Cercopithifilaria johnstoni (PRJEB47283),protein_coding,cejohnprjeb47283
CJOHNSTONI_LOCUS9155,rna-CJOHNSTONI_LOCUS9155,185,protein_coding,Luc7-like protein 3  [Source:UniProtKB/TrEMBL;Acc:A0A8J2PXY5],Cercopithifilaria johnstoni (PRJEB47283),protein_coding,cejohnprjeb47283
CJOHNSTONI_LOCUS1623,rna-CJOHNSTONI_LOCUS1623,159,protein_coding,Protein quiver  [Source:UniProtKB/TrEMBL;Acc:A0A8J2PQL8],Cercopithifilaria johnstoni (PRJEB47283),protein_coding,cejohnprjeb47283
CJOHNSTONI_LOCUS520,rna-CJOHNSTONI_LOCUS520,477,protein_coding,Methyltransf_21 domain-containing protein  [Source:UniProtKB/TrEMBL;Acc:A0A8J2PZT5],Cercopithifilaria johnstoni (PRJEB47283),protein_coding,cejohnprjeb47283
CJOHNSTONI_LOCUS6977,rna-CJOHNSTONI_LOCUS6977,243,protein_coding,F-box domain-containing protein  [Source:UniProtKB/TrEMBL;Acc:A0A8J2M1B1],Cercopithifilaria johnstoni (PRJEB47283),protein_coding,cejohnprjeb47283
CJOHNSTONI_LOCUS5983,rna-CJOHNSTONI_LOCUS5983,242,protein_coding,"Evolutionarily conserved signaling intermediate in Toll pathway, mitochondrial  [Source:UniProtKB/TrEMBL;Acc:A0A8J2M4X2]",Cercopithifilaria johnstoni (PRJEB47283),protein_coding,cejohnprjeb47283
CJOHNSTONI_LOCUS1310,rna-CJOHNSTONI_LOCUS1310,352,protein_coding,WD repeat-containing protein 47  [Source:UniProtKB/TrEMBL;Acc:A0A8J2LVR8],Cercopithifilaria johnstoni (PRJEB47283),protein_coding,cejohnprjeb47283
CJOHNSTONI_LOCUS3258,rna-CJOHNSTONI_LOCUS3258,210,protein_coding,ML domain-containing protein  [Source:UniProtKB/TrEMBL;Acc:A0A8J2PYU0],Cercopithifilaria johnstoni (PRJEB47283),protein_coding,cejohnprjeb47283
CJOHNSTONI_LOCUS3974,rna-CJOHNSTONI_LOCUS3974,319,protein_coding,"Succinate dehydrogenase cytochrome b560 subunit, mitochondrial  [Source:UniProtKB/TrEMBL;Acc:A0A8J2M2I6]",Cercopithifilaria johnstoni (PRJEB47283),protein_coding,cejohnprjeb47283
CJOHNSTONI_LOCUS9222,rna-CJOHNSTONI_LOCUS9222,134,protein_coding,DNA polymerase III subunit delta  [Source:UniProtKB/TrEMBL;Acc:A0A8J2Q3Q7],Cercopithifilaria johnstoni (PRJEB47283),protein_coding,cejohnprjeb47283
CJOHNSTONI_LOCUS7452,rna-CJOHNSTONI_LOCUS7452,293,protein_coding,Secreted protein  [Source:UniProtKB/TrEMBL;Acc:A0A8J2M1C4],Cercopithifilaria johnstoni (PRJEB47283),protein_coding,cejohnprjeb47283
CJOHNSTONI_LOCUS228,rna-CJOHNSTONI_LOCUS228,240,protein_coding,ShTK domain protein  [Source:UniProtKB/TrEMBL;Acc:A0A8J2LTQ0],Cercopithifilaria johnstoni (PRJEB47283),protein_coding,cejohnprjeb47283
CJOHNSTONI_LOCUS5037,rna-CJOHNSTONI_LOCUS5037,170,protein_coding,ZP domain-containing protein  [Source:UniProtKB/TrEMBL;Acc:A0A8J2M413],Cercopithifilaria johnstoni (PRJEB47283),protein_coding,cejohnprjeb47283
CJOHNSTONI_LOCUS2965,rna-CJOHNSTONI_LOCUS2965,287,protein_coding,Secreted protein  [Source:UniProtKB/TrEMBL;Acc:A0A8J2PRR7],Cercopithifilaria johnstoni (PRJEB47283),protein_coding,cejohnprjeb47283
CJOHNSTONI_LOCUS8616,rna-CJOHNSTONI_LOCUS8616,218,protein_coding,Annexin  [Source:UniProtKB/TrEMBL;Acc:A0A8J2MTB2],Cercopithifilaria johnstoni (PRJEB47283),protein_coding,cejohnprjeb47283
CJOHNSTONI_LOCUS9379,rna-CJOHNSTONI_LOCUS9379,237,protein_coding,Mitochondrial folate transporter/carrier  [Source:UniProtKB/TrEMBL;Acc:A0A8J2QB37],Cercopithifilaria johnstoni (PRJEB47283),protein_coding,cejohnprjeb47283
CJOHNSTONI_LOCUS2995,rna-CJOHNSTONI_LOCUS2995,344,protein_coding,Drebrin-like protein  [Source:UniProtKB/TrEMBL;Acc:A0A8J2LQC0],Cercopithifilaria johnstoni (PRJEB47283),protein_coding,cejohnprjeb47283
CJOHNSTONI_LOCUS3985,rna-CJOHNSTONI_LOCUS3985,307,protein_coding,Disintegrin and metalloproteinase domain-containing protein 28  [Source:UniProtKB/TrEMBL;Acc:A0A8J2MM23],Cercopithifilaria johnstoni (PRJEB47283),protein_coding,cejohnprjeb47283
CJOHNSTONI_LOCUS5803,rna-CJOHNSTONI_LOCUS5803,217,protein_coding,BTB domain-containing protein  [Source:UniProtKB/TrEMBL;Acc:A0A8J2M5N3],Cercopithifilaria johnstoni (PRJEB47283),protein_coding,cejohnprjeb47283
CJOHNSTONI_LOCUS7505,rna-CJOHNSTONI_LOCUS7505,187,protein_coding,Active regulator of SIRT1  [Source:UniProtKB/TrEMBL;Acc:A0A8J2QAQ0],Cercopithifilaria johnstoni (PRJEB47283),protein_coding,cejohnprjeb47283
CJOHNSTONI_LOCUS7286,rna-CJOHNSTONI_LOCUS7286,224,protein_coding,MSP domain-containing protein  [Source:UniProtKB/TrEMBL;Acc:A0A8J2M9I0],Cercopithifilaria johnstoni (PRJEB47283),protein_coding,cejohnprjeb47283
CJOHNSTONI_LOCUS8354,rna-CJOHNSTONI_LOCUS8354,260,protein_coding,Toxin_TOLIP domain-containing protein  [Source:UniProtKB/TrEMBL;Acc:A0A8J2PX90],Cercopithifilaria johnstoni (PRJEB47283),protein_coding,cejohnprjeb47283
CJOHNSTONI_LOCUS1598,rna-CJOHNSTONI_LOCUS1598,265,protein_coding,non-specific protein-tyrosine kinase  [Source:UniProtKB/TrEMBL;Acc:A0A8J2LQC9],Cercopithifilaria johnstoni (PRJEB47283),protein_coding,cejohnprjeb47283
CJOHNSTONI_LOCUS2815,rna-CJOHNSTONI_LOCUS2815,314,protein_coding,,Cercopithifilaria johnstoni (PRJEB47283),protein_coding,cejohnprjeb47283
CJOHNSTONI_LOCUS1604,rna-CJOHNSTONI_LOCUS1604,217,protein_coding,Domain of unknown function DB domain-containing protein  [Source:UniProtKB/TrEMBL;Acc:A0A8J2LWD5],Cercopithifilaria johnstoni (PRJEB47283),protein_coding,cejohnprjeb47283
CJOHNSTONI_LOCUS9705,rna-CJOHNSTONI_LOCUS9705,291,protein_coding,G_PROTEIN_RECEP_F1_2 domain-containing protein  [Source:UniProtKB/TrEMBL;Acc:A0A8J2ME31],Cercopithifilaria johnstoni (PRJEB47283),protein_coding,cejohnprjeb47283
CJOHNSTONI_LOCUS7127,rna-CJOHNSTONI_LOCUS7127,212,protein_coding,S4 RNA-binding domain-containing protein  [Source:UniProtKB/TrEMBL;Acc:A0A8J2M8Z4],Cercopithifilaria johnstoni (PRJEB47283),protein_coding,cejohnprjeb47283
CJOHNSTONI_LOCUS9198,rna-CJOHNSTONI_LOCUS9198,386,protein_coding,5'-AMP-activated protein kinase subunit gamma-1  [Source:UniProtKB/TrEMBL;Acc:A0A8J2MBL5],Cercopithifilaria johnstoni (PRJEB47283),protein_coding,cejohnprjeb47283
CJOHNSTONI_LOCUS6757,rna-CJOHNSTONI_LOCUS6757,203,protein_coding,Endonuclease III homolog  [Source:UniProtKB/TrEMBL;Acc:A0A8J2M9T6],Cercopithifilaria johnstoni (PRJEB47283),protein_coding,cejohnprjeb47283
CJOHNSTONI_LOCUS2273,rna-CJOHNSTONI_LOCUS2273,196,protein_coding,Aquaporin-9  [Source:UniProtKB/TrEMBL;Acc:A0A8J2PR74],Cercopithifilaria johnstoni (PRJEB47283),protein_coding,cejohnprjeb47283
CJOHNSTONI_LOCUS3592,rna-CJOHNSTONI_LOCUS3592,162,protein_coding,S4 RNA-binding domain-containing protein  [Source:UniProtKB/TrEMBL;Acc:A0A8J2Q9L4],Cercopithifilaria johnstoni (PRJEB47283),protein_coding,cejohnprjeb47283
CJOHNSTONI_LOCUS9717,rna-CJOHNSTONI_LOCUS9717,357,protein_coding,Ovule protein  [Source:UniProtKB/TrEMBL;Acc:A0A8J2MG50],Cercopithifilaria johnstoni (PRJEB47283),protein_coding,cejohnprjeb47283
CJOHNSTONI_LOCUS10102,rna-CJOHNSTONI_LOCUS10102,149,protein_coding,Ig-like domain-containing protein  [Source:UniProtKB/TrEMBL;Acc:A0A8J2MVE9],Cercopithifilaria johnstoni (PRJEB47283),protein_coding,cejohnprjeb47283
CJOHNSTONI_LOCUS8762,rna-CJOHNSTONI_LOCUS8762,198,protein_coding,Endoplasmic reticulum-Golgi intermediate compartment protein 3  [Source:UniProtKB/TrEMBL;Acc:A0A8J2MCN6],Cercopithifilaria johnstoni (PRJEB47283),protein_coding,cejohnprjeb47283
CJOHNSTONI_LOCUS10171,rna-CJOHNSTONI_LOCUS10171,250,protein_coding,,Cercopithifilaria johnstoni (PRJEB47283),protein_coding,cejohnprjeb47283
CJOHNSTONI_LOCUS1980,rna-CJOHNSTONI_LOCUS1980,180,protein_coding,Transmembrane protein 203  [Source:UniProtKB/TrEMBL;Acc:A0A8J2PQY6],Cercopithifilaria johnstoni (PRJEB47283),protein_coding,cejohnprjeb47283
CJOHNSTONI_LOCUS3542,rna-CJOHNSTONI_LOCUS3542,323,protein_coding,,Cercopithifilaria johnstoni (PRJEB47283),protein_coding,cejohnprjeb47283
CJOHNSTONI_LOCUS7640,rna-CJOHNSTONI_LOCUS7640,163,protein_coding,,Cercopithifilaria johnstoni (PRJEB47283),protein_coding,cejohnprjeb47283
CJOHNSTONI_LOCUS9704,rna-CJOHNSTONI_LOCUS9704,221,protein_coding,Phospholipase D3  [Source:UniProtKB/TrEMBL;Acc:A0A8J2MED9],Cercopithifilaria johnstoni (PRJEB47283),protein_coding,cejohnprjeb47283
CJOHNSTONI_LOCUS2635,rna-CJOHNSTONI_LOCUS2635,226,protein_coding,GH  [Source:UniProtKB/TrEMBL;Acc:A0A8J2LYB4],Cercopithifilaria johnstoni (PRJEB47283),protein_coding,cejohnprjeb47283
CJOHNSTONI_LOCUS125,rna-CJOHNSTONI_LOCUS125,159,protein_coding,Calcyclin-binding protein  [Source:UniProtKB/TrEMBL;Acc:A0A8J2LTC5],Cercopithifilaria johnstoni (PRJEB47283),protein_coding,cejohnprjeb47283
CJOHNSTONI_LOCUS6783,rna-CJOHNSTONI_LOCUS6783,475,protein_coding,DDE_Tnp_IS1595 domain-containing protein  [Source:UniProtKB/TrEMBL;Acc:A0A8J2M0Y8],Cercopithifilaria johnstoni (PRJEB47283),protein_coding,cejohnprjeb47283
CJOHNSTONI_LOCUS8828,rna-CJOHNSTONI_LOCUS8828,272,protein_coding,non-specific serine/threonine protein kinase  [Source:UniProtKB/TrEMBL;Acc:A0A8J2MEC2],Cercopithifilaria johnstoni (PRJEB47283),protein_coding,cejohnprjeb47283
CJOHNSTONI_LOCUS9399,rna-CJOHNSTONI_LOCUS9399,215,protein_coding,Nudix hydrolase domain-containing protein  [Source:UniProtKB/TrEMBL;Acc:A0A8J2MFM2],Cercopithifilaria johnstoni (PRJEB47283),protein_coding,cejohnprjeb47283
CJOHNSTONI_LOCUS1238,rna-CJOHNSTONI_LOCUS1238,212,protein_coding,SAM domain-containing protein  [Source:UniProtKB/TrEMBL;Acc:A0A8J2MJI7],Cercopithifilaria johnstoni (PRJEB47283),protein_coding,cejohnprjeb47283
CJOHNSTONI_LOCUS8067,rna-CJOHNSTONI_LOCUS8067,168,protein_coding,SpdD protein  [Source:UniProtKB/TrEMBL;Acc:A0A8J2QAU1],Cercopithifilaria johnstoni (PRJEB47283),protein_coding,cejohnprjeb47283
CJOHNSTONI_LOCUS441,rna-CJOHNSTONI_LOCUS441,1722,protein_coding,Protein-tyrosine-phosphatase  [Source:UniProtKB/TrEMBL;Acc:A0A8J2Q836],Cercopithifilaria johnstoni (PRJEB47283),protein_coding,cejohnprjeb47283
CJOHNSTONI_LOCUS9914,rna-CJOHNSTONI_LOCUS9914,146,protein_coding,EF-hand domain-containing protein  [Source:UniProtKB/TrEMBL;Acc:A0A8J2MF92],Cercopithifilaria johnstoni (PRJEB47283),protein_coding,cejohnprjeb47283
CJOHNSTONI_LOCUS8552,rna-CJOHNSTONI_LOCUS8552,434,protein_coding,DUF4819 domain-containing protein  [Source:UniProtKB/TrEMBL;Acc:A0A8J2MAK7],Cercopithifilaria johnstoni (PRJEB47283),protein_coding,cejohnprjeb47283
CJOHNSTONI_LOCUS10488,rna-CJOHNSTONI_LOCUS10488,221,protein_coding,HIT domain-containing protein  [Source:UniProtKB/TrEMBL;Acc:A0A8J2MVX7],Cercopithifilaria johnstoni (PRJEB47283),protein_coding,cejohnprjeb47283
CJOHNSTONI_LOCUS971,rna-CJOHNSTONI_LOCUS971,258,protein_coding,UBC core domain-containing protein  [Source:UniProtKB/TrEMBL;Acc:A0A8J2MI93],Cercopithifilaria johnstoni (PRJEB47283),protein_coding,cejohnprjeb47283
CJOHNSTONI_LOCUS8435,rna-CJOHNSTONI_LOCUS8435,255,protein_coding,WW domain-containing protein  [Source:UniProtKB/TrEMBL;Acc:A0A8J2Q370],Cercopithifilaria johnstoni (PRJEB47283),protein_coding,cejohnprjeb47283
CJOHNSTONI_LOCUS7446,rna-CJOHNSTONI_LOCUS7446,194,protein_coding,EF-hand domain-containing protein  [Source:UniProtKB/TrEMBL;Acc:A0A8J2M967],Cercopithifilaria johnstoni (PRJEB47283),protein_coding,cejohnprjeb47283
CJOHNSTONI_LOCUS3233,rna-CJOHNSTONI_LOCUS3233,187,protein_coding,P/Homo B domain-containing protein  [Source:UniProtKB/TrEMBL;Acc:A0A8J2Q9G2],Cercopithifilaria johnstoni (PRJEB47283),protein_coding,cejohnprjeb47283
CJOHNSTONI_LOCUS7991,rna-CJOHNSTONI_LOCUS7991,167,protein_coding,Ubiquitin-like domain-containing protein  [Source:UniProtKB/TrEMBL;Acc:A0A8J2MSG9],Cercopithifilaria johnstoni (PRJEB47283),protein_coding,cejohnprjeb47283
CJOHNSTONI_LOCUS5984,rna-CJOHNSTONI_LOCUS5984,302,protein_coding,HECT-type E3 ubiquitin transferase  [Source:UniProtKB/TrEMBL;Acc:A0A8J2MPR9],Cercopithifilaria johnstoni (PRJEB47283),protein_coding,cejohnprjeb47283
CJOHNSTONI_LOCUS8726,rna-CJOHNSTONI_LOCUS8726,203,protein_coding,DRG2  [Source:UniProtKB/TrEMBL;Acc:A0A8J2MCR9],Cercopithifilaria johnstoni (PRJEB47283),protein_coding,cejohnprjeb47283
CJOHNSTONI_LOCUS9035,rna-CJOHNSTONI_LOCUS9035,215,protein_coding,WYL domain-containing protein  [Source:UniProtKB/TrEMBL;Acc:A0A8J2MB95],Cercopithifilaria johnstoni (PRJEB47283),protein_coding,cejohnprjeb47283
CJOHNSTONI_LOCUS3205,rna-CJOHNSTONI_LOCUS3205,179,protein_coding,Cytochrome c oxidase subunit 1  [Source:UniProtKB/TrEMBL;Acc:A0A8J2Q9F8],Cercopithifilaria johnstoni (PRJEB47283),protein_coding,cejohnprjeb47283
CJOHNSTONI_LOCUS6928,rna-CJOHNSTONI_LOCUS6928,244,protein_coding,IgGFc_binding domain-containing protein  [Source:UniProtKB/TrEMBL;Acc:A0A8J2M8J8],Cercopithifilaria johnstoni (PRJEB47283),protein_coding,cejohnprjeb47283
CJOHNSTONI_LOCUS4277,rna-CJOHNSTONI_LOCUS4277,268,protein_coding,,Cercopithifilaria johnstoni (PRJEB47283),protein_coding,cejohnprjeb47283
CJOHNSTONI_LOCUS4840,rna-CJOHNSTONI_LOCUS4840,317,protein_coding,TAR DNA-binding protein 43  [Source:UniProtKB/TrEMBL;Acc:A0A8J2Q049],Cercopithifilaria johnstoni (PRJEB47283),protein_coding,cejohnprjeb47283
CJOHNSTONI_LOCUS5033,rna-CJOHNSTONI_LOCUS5033,232,protein_coding,ML domain-containing protein  [Source:UniProtKB/TrEMBL;Acc:A0A8J2MNN0],Cercopithifilaria johnstoni (PRJEB47283),protein_coding,cejohnprjeb47283
CJOHNSTONI_LOCUS4884,rna-CJOHNSTONI_LOCUS4884,197,protein_coding,WD40 repeat-containing protein SMU1  [Source:UniProtKB/TrEMBL;Acc:A0A8J2M2U9],Cercopithifilaria johnstoni (PRJEB47283),protein_coding,cejohnprjeb47283
CJOHNSTONI_LOCUS2980,rna-CJOHNSTONI_LOCUS2980,165,protein_coding,Gamma-secretase subunit PEN-2  [Source:UniProtKB/TrEMBL;Acc:A0A8J2PRS1],Cercopithifilaria johnstoni (PRJEB47283),protein_coding,cejohnprjeb47283
CJOHNSTONI_LOCUS9463,rna-CJOHNSTONI_LOCUS9463,323,protein_coding,Transmembrane protein  [Source:UniProtKB/TrEMBL;Acc:A0A8J2Q3W4],Cercopithifilaria johnstoni (PRJEB47283),protein_coding,cejohnprjeb47283
CJOHNSTONI_LOCUS5417,rna-CJOHNSTONI_LOCUS5417,214,protein_coding,Protein flightless-1-like protein  [Source:UniProtKB/TrEMBL;Acc:A0A8J2MNS9],Cercopithifilaria johnstoni (PRJEB47283),protein_coding,cejohnprjeb47283
CJOHNSTONI_LOCUS3966,rna-CJOHNSTONI_LOCUS3966,191,protein_coding,Peptidase S1 domain-containing protein  [Source:UniProtKB/TrEMBL;Acc:A0A8J2PZH1],Cercopithifilaria johnstoni (PRJEB47283),protein_coding,cejohnprjeb47283
CJOHNSTONI_LOCUS2551,rna-CJOHNSTONI_LOCUS2551,896,protein_coding,Zinc finger protein 239-like  [Source:UniProtKB/TrEMBL;Acc:A0A8J2Q1M9],Cercopithifilaria johnstoni (PRJEB47283),protein_coding,cejohnprjeb47283
CJOHNSTONI_LOCUS6951,rna-CJOHNSTONI_LOCUS6951,239,protein_coding,CAF1C_H4-bd domain-containing protein  [Source:UniProtKB/TrEMBL;Acc:A0A8J2MR14],Cercopithifilaria johnstoni (PRJEB47283),protein_coding,cejohnprjeb47283
CJOHNSTONI_LOCUS5595,rna-CJOHNSTONI_LOCUS5595,187,protein_coding,Acetylcholine receptor subunit alpha-type acr-16  [Source:UniProtKB/TrEMBL;Acc:A0A8J2Q0U7],Cercopithifilaria johnstoni (PRJEB47283),protein_coding,cejohnprjeb47283
CJOHNSTONI_LOCUS5858,rna-CJOHNSTONI_LOCUS5858,181,protein_coding,C6 domain-containing protein  [Source:UniProtKB/TrEMBL;Acc:A0A8J2QAC8],Cercopithifilaria johnstoni (PRJEB47283),protein_coding,cejohnprjeb47283
CJOHNSTONI_LOCUS2549,rna-CJOHNSTONI_LOCUS2549,128,protein_coding,,Cercopithifilaria johnstoni (PRJEB47283),protein_coding,cejohnprjeb47283
CJOHNSTONI_LOCUS6257,rna-CJOHNSTONI_LOCUS6257,270,protein_coding,BPI1 domain-containing protein  [Source:UniProtKB/TrEMBL;Acc:A0A8J2M8S0],Cercopithifilaria johnstoni (PRJEB47283),protein_coding,cejohnprjeb47283
CJOHNSTONI_LOCUS3598,rna-CJOHNSTONI_LOCUS3598,335,protein_coding,TFIIIC_sub6 domain-containing protein  [Source:UniProtKB/TrEMBL;Acc:A0A8J2M4A7],Cercopithifilaria johnstoni (PRJEB47283),protein_coding,cejohnprjeb47283
CJOHNSTONI_LOCUS9247,rna-CJOHNSTONI_LOCUS9247,222,protein_coding,LanC-like protein 3  [Source:UniProtKB/TrEMBL;Acc:A0A8J2MDW0],Cercopithifilaria johnstoni (PRJEB47283),protein_coding,cejohnprjeb47283
CJOHNSTONI_LOCUS2067,rna-CJOHNSTONI_LOCUS2067,170,protein_coding,Cytochrome P450  [Source:UniProtKB/TrEMBL;Acc:A0A8J2Q8Z7],Cercopithifilaria johnstoni (PRJEB47283),protein_coding,cejohnprjeb47283
CJOHNSTONI_LOCUS513,rna-CJOHNSTONI_LOCUS513,353,protein_coding,,Cercopithifilaria johnstoni (PRJEB47283),protein_coding,cejohnprjeb47283
CJOHNSTONI_LOCUS4699,rna-CJOHNSTONI_LOCUS4699,339,protein_coding,Dynamin-type G domain-containing protein  [Source:UniProtKB/TrEMBL;Acc:A0A8J2M3A7],Cercopithifilaria johnstoni (PRJEB47283),protein_coding,cejohnprjeb47283
CJOHNSTONI_LOCUS5750,rna-CJOHNSTONI_LOCUS5750,214,protein_coding,Acyl-CoA-binding domain-containing protein 6  [Source:UniProtKB/TrEMBL;Acc:A0A8J2LYJ0],Cercopithifilaria johnstoni (PRJEB47283),protein_coding,cejohnprjeb47283
CJOHNSTONI_LOCUS4440,rna-CJOHNSTONI_LOCUS4440,225,protein_coding,HMG box domain-containing protein  [Source:UniProtKB/TrEMBL;Acc:A0A8J2M5L6],Cercopithifilaria johnstoni (PRJEB47283),protein_coding,cejohnprjeb47283
CJOHNSTONI_LOCUS5579,rna-CJOHNSTONI_LOCUS5579,410,protein_coding,DUF1115 domain-containing protein  [Source:UniProtKB/TrEMBL;Acc:A0A8J2Q4G3],Cercopithifilaria johnstoni (PRJEB47283),protein_coding,cejohnprjeb47283
CJOHNSTONI_LOCUS1339,rna-CJOHNSTONI_LOCUS1339,374,protein_coding,Bromo domain-containing protein  [Source:UniProtKB/TrEMBL;Acc:A0A8J2LX90],Cercopithifilaria johnstoni (PRJEB47283),protein_coding,cejohnprjeb47283
CJOHNSTONI_LOCUS1780,rna-CJOHNSTONI_LOCUS1780,104,protein_coding,Chymotrypsin inhibitor  [Source:UniProtKB/TrEMBL;Acc:A0A8J2Q8U6],Cercopithifilaria johnstoni (PRJEB47283),protein_coding,cejohnprjeb47283
CJOHNSTONI_LOCUS3214,rna-CJOHNSTONI_LOCUS3214,190,protein_coding,,Cercopithifilaria johnstoni (PRJEB47283),protein_coding,cejohnprjeb47283
CJOHNSTONI_LOCUS1579,rna-CJOHNSTONI_LOCUS1579,144,protein_coding,Transthyretin-like family protein  [Source:UniProtKB/TrEMBL;Acc:A0A8J2PQK3],Cercopithifilaria johnstoni (PRJEB47283),protein_coding,cejohnprjeb47283
CJOHNSTONI_LOCUS10400,rna-CJOHNSTONI_LOCUS10400,250,protein_coding,,Cercopithifilaria johnstoni (PRJEB47283),protein_coding,cejohnprjeb47283
CJOHNSTONI_LOCUS2278,rna-CJOHNSTONI_LOCUS2278,264,protein_coding,Tyrosine-protein kinase receptor  [Source:UniProtKB/TrEMBL;Acc:A0A8J2LPC0],Cercopithifilaria johnstoni (PRJEB47283),protein_coding,cejohnprjeb47283
CJOHNSTONI_LOCUS3132,rna-CJOHNSTONI_LOCUS3132,222,protein_coding,PPM-type phosphatase domain-containing protein  [Source:UniProtKB/TrEMBL;Acc:A0A8J2Q297],Cercopithifilaria johnstoni (PRJEB47283),protein_coding,cejohnprjeb47283
CJOHNSTONI_LOCUS4512,rna-CJOHNSTONI_LOCUS4512,198,protein_coding,Matrin-type domain-containing protein  [Source:UniProtKB/TrEMBL;Acc:A0A8J2M5P3],Cercopithifilaria johnstoni (PRJEB47283),protein_coding,cejohnprjeb47283
CJOHNSTONI_LOCUS5661,rna-CJOHNSTONI_LOCUS5661,178,protein_coding,IST1 homolog  [Source:UniProtKB/TrEMBL;Acc:A0A8J2Q4I3],Cercopithifilaria johnstoni (PRJEB47283),protein_coding,cejohnprjeb47283
CJOHNSTONI_LOCUS6182,rna-CJOHNSTONI_LOCUS6182,630,protein_coding,MDS1 and EVI1 complex locus protein EVI1  [Source:UniProtKB/TrEMBL;Acc:A0A8J2LZH4],Cercopithifilaria johnstoni (PRJEB47283),protein_coding,cejohnprjeb47283
CJOHNSTONI_LOCUS10041,rna-CJOHNSTONI_LOCUS10041,260,protein_coding,FYVE-type domain-containing protein  [Source:UniProtKB/TrEMBL;Acc:A0A8J2Q4D5],Cercopithifilaria johnstoni (PRJEB47283),protein_coding,cejohnprjeb47283
CJOHNSTONI_LOCUS6042,rna-CJOHNSTONI_LOCUS6042,228,protein_coding,GOLD domain-containing protein  [Source:UniProtKB/TrEMBL;Acc:A0A8J2M6L1],Cercopithifilaria johnstoni (PRJEB47283),protein_coding,cejohnprjeb47283
CJOHNSTONI_LOCUS2425,rna-CJOHNSTONI_LOCUS2425,188,protein_coding,Sex-regulated protein janus-A  [Source:UniProtKB/TrEMBL;Acc:A0A8J2Q949],Cercopithifilaria johnstoni (PRJEB47283),protein_coding,cejohnprjeb47283
CJOHNSTONI_LOCUS7496,rna-CJOHNSTONI_LOCUS7496,232,protein_coding,G_PROTEIN_RECEP_F1_2 domain-containing protein  [Source:UniProtKB/TrEMBL;Acc:A0A8J2MRQ6],Cercopithifilaria johnstoni (PRJEB47283),protein_coding,cejohnprjeb47283
CJOHNSTONI_LOCUS7156,rna-CJOHNSTONI_LOCUS7156,184,protein_coding,ZnMc domain-containing protein  [Source:UniProtKB/TrEMBL;Acc:A0A8J2PVL0],Cercopithifilaria johnstoni (PRJEB47283),protein_coding,cejohnprjeb47283
CJOHNSTONI_LOCUS9445,rna-CJOHNSTONI_LOCUS9445,207,protein_coding,CDP-diacylglycerol--glycerol-3-phosphate 3-phosphatidyltransferase  [Source:UniProtKB/TrEMBL;Acc:A0A8J2MC78],Cercopithifilaria johnstoni (PRJEB47283),protein_coding,cejohnprjeb47283
CJOHNSTONI_LOCUS9733,rna-CJOHNSTONI_LOCUS9733,386,protein_coding,Myosin heavy chain  [Source:UniProtKB/TrEMBL;Acc:A0A8J2MEF4],Cercopithifilaria johnstoni (PRJEB47283),protein_coding,cejohnprjeb47283
CJOHNSTONI_LOCUS4988,rna-CJOHNSTONI_LOCUS4988,355,protein_coding,Heterogeneous nuclear ribonucleoprotein F  [Source:UniProtKB/TrEMBL;Acc:A0A8J2LX97],Cercopithifilaria johnstoni (PRJEB47283),protein_coding,cejohnprjeb47283
CJOHNSTONI_LOCUS2262,rna-CJOHNSTONI_LOCUS2262,202,protein_coding,Mitochondrial Rho GTPase  [Source:UniProtKB/TrEMBL;Acc:A0A8J2PR71],Cercopithifilaria johnstoni (PRJEB47283),protein_coding,cejohnprjeb47283
CJOHNSTONI_LOCUS10320,rna-CJOHNSTONI_LOCUS10320,211,protein_coding,Ubiquitin-like domain-containing protein  [Source:UniProtKB/TrEMBL;Acc:A0A8J2MFK1],Cercopithifilaria johnstoni (PRJEB47283),protein_coding,cejohnprjeb47283
CJOHNSTONI_LOCUS10537,rna-CJOHNSTONI_LOCUS10537,199,protein_coding,,Cercopithifilaria johnstoni (PRJEB47283),protein_coding,cejohnprjeb47283
CJOHNSTONI_LOCUS7567,rna-CJOHNSTONI_LOCUS7567,190,protein_coding,Roadblock/LC7 domain-containing protein  [Source:UniProtKB/TrEMBL;Acc:A0A8J2Q5X1],Cercopithifilaria johnstoni (PRJEB47283),protein_coding,cejohnprjeb47283
CJOHNSTONI_LOCUS2775,rna-CJOHNSTONI_LOCUS2775,154,protein_coding,Serine/threonine protein kinase  [Source:UniProtKB/TrEMBL;Acc:A0A8J2MKS3],Cercopithifilaria johnstoni (PRJEB47283),protein_coding,cejohnprjeb47283
CJOHNSTONI_LOCUS3393,rna-CJOHNSTONI_LOCUS3393,72,protein_coding,Vpr protein  [Source:UniProtKB/TrEMBL;Acc:A0A8J2M059],Cercopithifilaria johnstoni (PRJEB47283),protein_coding,cejohnprjeb47283
CJOHNSTONI_LOCUS9723,rna-CJOHNSTONI_LOCUS9723,157,protein_coding,Frag1/DRAM/Sfk1 family-domain-containing protein  [Source:UniProtKB/TrEMBL;Acc:A0A8J2PYF7],Cercopithifilaria johnstoni (PRJEB47283),protein_coding,cejohnprjeb47283
CJOHNSTONI_LOCUS4777,rna-CJOHNSTONI_LOCUS4777,290,protein_coding,Serine/threonine-protein kinase mig-15  [Source:UniProtKB/TrEMBL;Acc:A0A8J2M422],Cercopithifilaria johnstoni (PRJEB47283),protein_coding,cejohnprjeb47283
CJOHNSTONI_LOCUS9133,rna-CJOHNSTONI_LOCUS9133,261,protein_coding,Protein furry  [Source:UniProtKB/TrEMBL;Acc:A0A8J2MBG9],Cercopithifilaria johnstoni (PRJEB47283),protein_coding,cejohnprjeb47283
CJOHNSTONI_LOCUS3924,rna-CJOHNSTONI_LOCUS3924,210,protein_coding,,Cercopithifilaria johnstoni (PRJEB47283),protein_coding,cejohnprjeb47283
CJOHNSTONI_LOCUS7925,rna-CJOHNSTONI_LOCUS7925,180,protein_coding,KH domain-containing protein  [Source:UniProtKB/TrEMBL;Acc:A0A8J2MAU1],Cercopithifilaria johnstoni (PRJEB47283),protein_coding,cejohnprjeb47283
CJOHNSTONI_LOCUS4101,rna-CJOHNSTONI_LOCUS4101,179,protein_coding,MaoC-like domain-containing protein  [Source:UniProtKB/TrEMBL;Acc:A0A8J2M2P9],Cercopithifilaria johnstoni (PRJEB47283),protein_coding,cejohnprjeb47283
CJOHNSTONI_LOCUS7539,rna-CJOHNSTONI_LOCUS7539,438,protein_coding,WD_REPEATS_REGION domain-containing protein  [Source:UniProtKB/TrEMBL;Acc:A0A8J2Q2G7],Cercopithifilaria johnstoni (PRJEB47283),protein_coding,cejohnprjeb47283
CJOHNSTONI_LOCUS10035,rna-CJOHNSTONI_LOCUS10035,204,protein_coding,Paired domain-containing protein  [Source:UniProtKB/TrEMBL;Acc:A0A8J2MEN5],Cercopithifilaria johnstoni (PRJEB47283),protein_coding,cejohnprjeb47283
CJOHNSTONI_LOCUS9135,rna-CJOHNSTONI_LOCUS9135,179,protein_coding,Transmembrane 9 superfamily member  [Source:UniProtKB/TrEMBL;Acc:A0A8J2MU28],Cercopithifilaria johnstoni (PRJEB47283),protein_coding,cejohnprjeb47283
CJOHNSTONI_LOCUS8037,rna-CJOHNSTONI_LOCUS8037,222,protein_coding,Guanine nucleotide-binding protein G(S) subunit alpha  [Source:UniProtKB/TrEMBL;Acc:A0A8J2Q2V3],Cercopithifilaria johnstoni (PRJEB47283),protein_coding,cejohnprjeb47283
CJOHNSTONI_LOCUS3428,rna-CJOHNSTONI_LOCUS3428,151,protein_coding,Nodule Cysteine-Rich (NCR) secreted peptide  [Source:UniProtKB/TrEMBL;Acc:A0A8J2LQZ8],Cercopithifilaria johnstoni (PRJEB47283),protein_coding,cejohnprjeb47283
CJOHNSTONI_LOCUS841,rna-CJOHNSTONI_LOCUS841,138,protein_coding,AFUA_2G05150  [Source:UniProtKB/TrEMBL;Acc:A0A8J2LWH0],Cercopithifilaria johnstoni (PRJEB47283),protein_coding,cejohnprjeb47283
CJOHNSTONI_LOCUS9364,rna-CJOHNSTONI_LOCUS9364,183,protein_coding,Protein MNN4-like  [Source:UniProtKB/TrEMBL;Acc:A0A8J2Q3T8],Cercopithifilaria johnstoni (PRJEB47283),protein_coding,cejohnprjeb47283
CJOHNSTONI_LOCUS4894,rna-CJOHNSTONI_LOCUS4894,284,protein_coding,"Amylo-alpha-1,6-glucosidase  [Source:UniProtKB/TrEMBL;Acc:A0A8J2Q3V5]",Cercopithifilaria johnstoni (PRJEB47283),protein_coding,cejohnprjeb47283
CJOHNSTONI_LOCUS5542,rna-CJOHNSTONI_LOCUS5542,231,protein_coding,PAP2_C domain-containing protein  [Source:UniProtKB/TrEMBL;Acc:A0A8J2Q4F2],Cercopithifilaria johnstoni (PRJEB47283),protein_coding,cejohnprjeb47283
CJOHNSTONI_LOCUS2328,rna-CJOHNSTONI_LOCUS2328,211,protein_coding,NADH dehydrogenase subunit 1  [Source:UniProtKB/TrEMBL;Acc:A0A8J2Q1G6],Cercopithifilaria johnstoni (PRJEB47283),protein_coding,cejohnprjeb47283
CJOHNSTONI_LOCUS1676,rna-CJOHNSTONI_LOCUS1676,151,protein_coding,,Cercopithifilaria johnstoni (PRJEB47283),protein_coding,cejohnprjeb47283
CJOHNSTONI_LOCUS5030,rna-CJOHNSTONI_LOCUS5030,145,protein_coding,Homeobox domain-containing protein  [Source:UniProtKB/TrEMBL;Acc:A0A8J2QA66],Cercopithifilaria johnstoni (PRJEB47283),protein_coding,cejohnprjeb47283
CJOHNSTONI_LOCUS2525,rna-CJOHNSTONI_LOCUS2525,154,protein_coding,DHC_N2 domain-containing protein  [Source:UniProtKB/TrEMBL;Acc:A0A8J2LS10],Cercopithifilaria johnstoni (PRJEB47283),protein_coding,cejohnprjeb47283
CJOHNSTONI_LOCUS2031,rna-CJOHNSTONI_LOCUS2031,131,protein_coding,Histone H2B  [Source:UniProtKB/TrEMBL;Acc:A0A8J2M1R8],Cercopithifilaria johnstoni (PRJEB47283),protein_coding,cejohnprjeb47283
CJOHNSTONI_LOCUS2562,rna-CJOHNSTONI_LOCUS2562,276,protein_coding,Basement membrane-specific heparan sulfate proteoglycan core protein  [Source:UniProtKB/TrEMBL;Acc:A0A8J2M003],Cercopithifilaria johnstoni (PRJEB47283),protein_coding,cejohnprjeb47283
CJOHNSTONI_LOCUS5010,rna-CJOHNSTONI_LOCUS5010,112,protein_coding,Transposase  [Source:UniProtKB/TrEMBL;Acc:A0A8J2M3Z4],Cercopithifilaria johnstoni (PRJEB47283),protein_coding,cejohnprjeb47283
CJOHNSTONI_LOCUS5705,rna-CJOHNSTONI_LOCUS5705,149,protein_coding,TBP-binding domain-containing protein  [Source:UniProtKB/TrEMBL;Acc:A0A8J2QAB7],Cercopithifilaria johnstoni (PRJEB47283),protein_coding,cejohnprjeb47283
CJOHNSTONI_LOCUS10525,rna-CJOHNSTONI_LOCUS10525,98,protein_coding,FAD assembly factor SdhE  [Source:UniProtKB/TrEMBL;Acc:A0A8J2Q4T3],Cercopithifilaria johnstoni (PRJEB47283),protein_coding,cejohnprjeb47283
CJOHNSTONI_LOCUS5174,rna-CJOHNSTONI_LOCUS5174,265,protein_coding,Histone-lysine N-methyltransferase SETMAR  [Source:UniProtKB/TrEMBL;Acc:A0A8J2M4R5],Cercopithifilaria johnstoni (PRJEB47283),protein_coding,cejohnprjeb47283
CJOHNSTONI_LOCUS2324,rna-CJOHNSTONI_LOCUS2324,249,protein_coding,CPSF_A domain-containing protein  [Source:UniProtKB/TrEMBL;Acc:A0A8J2M284],Cercopithifilaria johnstoni (PRJEB47283),protein_coding,cejohnprjeb47283
CJOHNSTONI_LOCUS3732,rna-CJOHNSTONI_LOCUS3732,228,protein_coding,Prolyl endopeptidase  [Source:UniProtKB/TrEMBL;Acc:A0A8J2MMB1],Cercopithifilaria johnstoni (PRJEB47283),protein_coding,cejohnprjeb47283
CJOHNSTONI_LOCUS539,rna-CJOHNSTONI_LOCUS539,398,protein_coding,,Cercopithifilaria johnstoni (PRJEB47283),protein_coding,cejohnprjeb47283
CJOHNSTONI_LOCUS6465,rna-CJOHNSTONI_LOCUS6465,309,protein_coding,H/ACA ribonucleoprotein complex non-core subunit NAF1  [Source:UniProtKB/TrEMBL;Acc:A0A8J2PUR5],Cercopithifilaria johnstoni (PRJEB47283),protein_coding,cejohnprjeb47283
CJOHNSTONI_LOCUS2927,rna-CJOHNSTONI_LOCUS2927,316,protein_coding,"Thioredoxin reductase 1, cytoplasmic  [Source:UniProtKB/TrEMBL;Acc:A0A8J2LQ90]",Cercopithifilaria johnstoni (PRJEB47283),protein_coding,cejohnprjeb47283
CJOHNSTONI_LOCUS9757,rna-CJOHNSTONI_LOCUS9757,244,protein_coding,Laminin-like protein lam-2  [Source:UniProtKB/TrEMBL;Acc:A0A8J2MCL4],Cercopithifilaria johnstoni (PRJEB47283),protein_coding,cejohnprjeb47283
CJOHNSTONI_LOCUS2164,rna-CJOHNSTONI_LOCUS2164,305,protein_coding,,Cercopithifilaria johnstoni (PRJEB47283),protein_coding,cejohnprjeb47283
CJOHNSTONI_LOCUS6788,rna-CJOHNSTONI_LOCUS6788,242,protein_coding,Ricin B-type lectin domain-containing protein  [Source:UniProtKB/TrEMBL;Acc:A0A8J2M7N7],Cercopithifilaria johnstoni (PRJEB47283),protein_coding,cejohnprjeb47283
CJOHNSTONI_LOCUS3533,rna-CJOHNSTONI_LOCUS3533,229,protein_coding,Calcium load-activated calcium channel  [Source:UniProtKB/TrEMBL;Acc:A0A8J2M182],Cercopithifilaria johnstoni (PRJEB47283),protein_coding,cejohnprjeb47283
CJOHNSTONI_LOCUS7783,rna-CJOHNSTONI_LOCUS7783,288,protein_coding,Cyanate hydratase  [Source:UniProtKB/TrEMBL;Acc:A0A8J2M2J5],Cercopithifilaria johnstoni (PRJEB47283),protein_coding,cejohnprjeb47283
CJOHNSTONI_LOCUS229,rna-CJOHNSTONI_LOCUS229,224,protein_coding,Non-specific protein-tyrosine kinase  [Source:UniProtKB/TrEMBL;Acc:A0A8J2LVT0],Cercopithifilaria johnstoni (PRJEB47283),protein_coding,cejohnprjeb47283
CJOHNSTONI_LOCUS2744,rna-CJOHNSTONI_LOCUS2744,239,protein_coding,Fatty acyl-CoA reductase  [Source:UniProtKB/TrEMBL;Acc:A0A8J2Q994],Cercopithifilaria johnstoni (PRJEB47283),protein_coding,cejohnprjeb47283
CJOHNSTONI_LOCUS5219,rna-CJOHNSTONI_LOCUS5219,311,protein_coding,RGS domain-containing protein  [Source:UniProtKB/TrEMBL;Acc:A0A8J2LV94],Cercopithifilaria johnstoni (PRJEB47283),protein_coding,cejohnprjeb47283
CJOHNSTONI_LOCUS4579,rna-CJOHNSTONI_LOCUS4579,257,protein_coding,"phosphoglucomutase (alpha-D-glucose-1,6-bisphosphate-dependent)  [Source:UniProtKB/TrEMBL;Acc:A0A8J2LW86]",Cercopithifilaria johnstoni (PRJEB47283),protein_coding,cejohnprjeb47283
CJOHNSTONI_LOCUS9016,rna-CJOHNSTONI_LOCUS9016,241,protein_coding,Peptidase S72 domain-containing protein  [Source:UniProtKB/TrEMBL;Acc:A0A8J2Q6N3],Cercopithifilaria johnstoni (PRJEB47283),protein_coding,cejohnprjeb47283
CJOHNSTONI_LOCUS3186,rna-CJOHNSTONI_LOCUS3186,835,protein_coding,,Cercopithifilaria johnstoni (PRJEB47283),protein_coding,cejohnprjeb47283
CJOHNSTONI_LOCUS3324,rna-CJOHNSTONI_LOCUS3324,249,protein_coding,Fanconi anemia group I protein  [Source:UniProtKB/TrEMBL;Acc:A0A8J2M0Y1],Cercopithifilaria johnstoni (PRJEB47283),protein_coding,cejohnprjeb47283
CJOHNSTONI_LOCUS1356,rna-CJOHNSTONI_LOCUS1356,220,protein_coding,7TM_GPCR_Srx domain-containing protein  [Source:UniProtKB/TrEMBL;Acc:A0A8J2Q3U0],Cercopithifilaria johnstoni (PRJEB47283),protein_coding,cejohnprjeb47283
CJOHNSTONI_LOCUS8894,rna-CJOHNSTONI_LOCUS8894,218,protein_coding,,Cercopithifilaria johnstoni (PRJEB47283),protein_coding,cejohnprjeb47283
CJOHNSTONI_LOCUS6960,rna-CJOHNSTONI_LOCUS6960,213,protein_coding,Vacuolar protein sorting-associated protein 51 homolog  [Source:UniProtKB/TrEMBL;Acc:A0A8J2Q1Y7],Cercopithifilaria johnstoni (PRJEB47283),protein_coding,cejohnprjeb47283
CJOHNSTONI_LOCUS8344,rna-CJOHNSTONI_LOCUS8344,208,protein_coding,Methyltransf_11 domain-containing protein  [Source:UniProtKB/TrEMBL;Acc:A0A8J2M2T2],Cercopithifilaria johnstoni (PRJEB47283),protein_coding,cejohnprjeb47283
CJOHNSTONI_LOCUS1257,rna-CJOHNSTONI_LOCUS1257,207,protein_coding,,Cercopithifilaria johnstoni (PRJEB47283),protein_coding,cejohnprjeb47283
CJOHNSTONI_LOCUS10045,rna-CJOHNSTONI_LOCUS10045,410,protein_coding,SH2 domain-containing protein  [Source:UniProtKB/TrEMBL;Acc:A0A8J2MD33],Cercopithifilaria johnstoni (PRJEB47283),protein_coding,cejohnprjeb47283
CJOHNSTONI_LOCUS2825,rna-CJOHNSTONI_LOCUS2825,211,protein_coding,C2 calcium-dependent domain-containing protein 4C  [Source:UniProtKB/TrEMBL;Acc:A0A8J2Q220],Cercopithifilaria johnstoni (PRJEB47283),protein_coding,cejohnprjeb47283
CJOHNSTONI_LOCUS10341,rna-CJOHNSTONI_LOCUS10341,197,protein_coding,MTP_lip_bd domain-containing protein  [Source:UniProtKB/TrEMBL;Acc:A0A8J2M608],Cercopithifilaria johnstoni (PRJEB47283),protein_coding,cejohnprjeb47283
CJOHNSTONI_LOCUS8011,rna-CJOHNSTONI_LOCUS8011,193,protein_coding,PQ loop repeat protein  [Source:UniProtKB/TrEMBL;Acc:A0A8J2Q2U5],Cercopithifilaria johnstoni (PRJEB47283),protein_coding,cejohnprjeb47283
CJOHNSTONI_LOCUS569,rna-CJOHNSTONI_LOCUS569,862,protein_coding,Flocculation protein FLO11-like  [Source:UniProtKB/TrEMBL;Acc:A0A8J2MHN2],Cercopithifilaria johnstoni (PRJEB47283),protein_coding,cejohnprjeb47283
CJOHNSTONI_LOCUS85,rna-CJOHNSTONI_LOCUS85,242,protein_coding,COBA2  [Source:UniProtKB/TrEMBL;Acc:A0A8J2MHL6],Cercopithifilaria johnstoni (PRJEB47283),protein_coding,cejohnprjeb47283
CJOHNSTONI_LOCUS9770,rna-CJOHNSTONI_LOCUS9770,292,protein_coding,Transmembrane protein 242  [Source:UniProtKB/TrEMBL;Acc:A0A8J2M6C8],Cercopithifilaria johnstoni (PRJEB47283),protein_coding,cejohnprjeb47283
CJOHNSTONI_LOCUS3886,rna-CJOHNSTONI_LOCUS3886,208,protein_coding,Beta-Casp domain-containing protein  [Source:UniProtKB/TrEMBL;Acc:A0A8J2M0E0],Cercopithifilaria johnstoni (PRJEB47283),protein_coding,cejohnprjeb47283
CJOHNSTONI_LOCUS1940,rna-CJOHNSTONI_LOCUS1940,203,protein_coding,USP domain-containing protein  [Source:UniProtKB/TrEMBL;Acc:A0A8J2LYE2],Cercopithifilaria johnstoni (PRJEB47283),protein_coding,cejohnprjeb47283
CJOHNSTONI_LOCUS3616,rna-CJOHNSTONI_LOCUS3616,199,protein_coding,FAD-binding PCMH-type domain-containing protein  [Source:UniProtKB/TrEMBL;Acc:A0A8J2M1D5],Cercopithifilaria johnstoni (PRJEB47283),protein_coding,cejohnprjeb47283
CJOHNSTONI_LOCUS7248,rna-CJOHNSTONI_LOCUS7248,191,protein_coding,IgGFc_binding domain-containing protein  [Source:UniProtKB/TrEMBL;Acc:A0A8J2M984],Cercopithifilaria johnstoni (PRJEB47283),protein_coding,cejohnprjeb47283
CJOHNSTONI_LOCUS6175,rna-CJOHNSTONI_LOCUS6175,177,protein_coding,Ribonuclease H  [Source:UniProtKB/TrEMBL;Acc:A0A8J2M8N3],Cercopithifilaria johnstoni (PRJEB47283),protein_coding,cejohnprjeb47283
CJOHNSTONI_LOCUS8130,rna-CJOHNSTONI_LOCUS8130,224,protein_coding,,Cercopithifilaria johnstoni (PRJEB47283),protein_coding,cejohnprjeb47283
CJOHNSTONI_LOCUS10037,rna-CJOHNSTONI_LOCUS10037,206,protein_coding,Ovule protein  [Source:UniProtKB/TrEMBL;Acc:A0A8J2MCY6],Cercopithifilaria johnstoni (PRJEB47283),protein_coding,cejohnprjeb47283
CJOHNSTONI_LOCUS2284,rna-CJOHNSTONI_LOCUS2284,452,protein_coding,BHLH domain-containing protein  [Source:UniProtKB/TrEMBL;Acc:A0A8J2LZI5],Cercopithifilaria johnstoni (PRJEB47283),protein_coding,cejohnprjeb47283
CJOHNSTONI_LOCUS1001,rna-CJOHNSTONI_LOCUS1001,191,protein_coding,Peptidase S1 domain-containing protein  [Source:UniProtKB/TrEMBL;Acc:A0A8J2MJ80],Cercopithifilaria johnstoni (PRJEB47283),protein_coding,cejohnprjeb47283
CJOHNSTONI_LOCUS7750,rna-CJOHNSTONI_LOCUS7750,211,protein_coding,ANAPC4_WD40 domain-containing protein  [Source:UniProtKB/TrEMBL;Acc:A0A8J2QAR8],Cercopithifilaria johnstoni (PRJEB47283),protein_coding,cejohnprjeb47283
CJOHNSTONI_LOCUS4627,rna-CJOHNSTONI_LOCUS4627,185,protein_coding,Activin_recp domain-containing protein  [Source:UniProtKB/TrEMBL;Acc:A0A8J2LTG5],Cercopithifilaria johnstoni (PRJEB47283),protein_coding,cejohnprjeb47283
CJOHNSTONI_LOCUS7913,rna-CJOHNSTONI_LOCUS7913,177,protein_coding,RRM domain-containing protein  [Source:UniProtKB/TrEMBL;Acc:A0A8J2Q8N4],Cercopithifilaria johnstoni (PRJEB47283),protein_coding,cejohnprjeb47283
CJOHNSTONI_LOCUS913,rna-CJOHNSTONI_LOCUS913,242,protein_coding,Chitin-binding type-2 domain-containing protein  [Source:UniProtKB/TrEMBL;Acc:A0A8J2LV52],Cercopithifilaria johnstoni (PRJEB47283),protein_coding,cejohnprjeb47283
CJOHNSTONI_LOCUS2961,rna-CJOHNSTONI_LOCUS2961,206,protein_coding,JNK-interacting protein  [Source:UniProtKB/TrEMBL;Acc:A0A8J2LZE8],Cercopithifilaria johnstoni (PRJEB47283),protein_coding,cejohnprjeb47283
CJOHNSTONI_LOCUS4687,rna-CJOHNSTONI_LOCUS4687,163,protein_coding,Transthyretin-like family protein  [Source:UniProtKB/TrEMBL;Acc:A0A8J2Q004],Cercopithifilaria johnstoni (PRJEB47283),protein_coding,cejohnprjeb47283
CJOHNSTONI_LOCUS9547,rna-CJOHNSTONI_LOCUS9547,287,protein_coding,,Cercopithifilaria johnstoni (PRJEB47283),protein_coding,cejohnprjeb47283
CJOHNSTONI_LOCUS7866,rna-CJOHNSTONI_LOCUS7866,305,protein_coding,Sugar transporter SWEET  [Source:UniProtKB/TrEMBL;Acc:A0A8J2MRW2],Cercopithifilaria johnstoni (PRJEB47283),protein_coding,cejohnprjeb47283
CJOHNSTONI_LOCUS9435,rna-CJOHNSTONI_LOCUS9435-2,254,protein_coding,Cnd3 domain-containing protein  [Source:UniProtKB/TrEMBL;Acc:A0A8J2Q3V6],Cercopithifilaria johnstoni (PRJEB47283),protein_coding,cejohnprjeb47283
CJOHNSTONI_LOCUS1165,rna-CJOHNSTONI_LOCUS1165,224,protein_coding,G_PROTEIN_RECEP_F1_2 domain-containing protein  [Source:UniProtKB/TrEMBL;Acc:A0A8J2LVK4],Cercopithifilaria johnstoni (PRJEB47283),protein_coding,cejohnprjeb47283
CJOHNSTONI_LOCUS779,rna-CJOHNSTONI_LOCUS779,564,protein_coding,TORC_N domain-containing protein  [Source:UniProtKB/TrEMBL;Acc:A0A8J2LUW5],Cercopithifilaria johnstoni (PRJEB47283),protein_coding,cejohnprjeb47283
CJOHNSTONI_LOCUS9046,rna-CJOHNSTONI_LOCUS9046,281,protein_coding,"Stress-70 protein, mitochondrial  [Source:UniProtKB/TrEMBL;Acc:A0A8J2QB13]",Cercopithifilaria johnstoni (PRJEB47283),protein_coding,cejohnprjeb47283
CJOHNSTONI_LOCUS2089,rna-CJOHNSTONI_LOCUS2089,188,protein_coding,SAM domain-containing protein  [Source:UniProtKB/TrEMBL;Acc:A0A8J2LYN6],Cercopithifilaria johnstoni (PRJEB47283),protein_coding,cejohnprjeb47283
CJOHNSTONI_LOCUS8971,rna-CJOHNSTONI_LOCUS8971,1095,protein_coding,tRNA-synt_1c domain-containing protein  [Source:UniProtKB/TrEMBL;Acc:A0A8J2MD27],Cercopithifilaria johnstoni (PRJEB47283),protein_coding,cejohnprjeb47283
CJOHNSTONI_LOCUS6365,rna-CJOHNSTONI_LOCUS6365,158,protein_coding,Nuclear transport factor 2 family protein  [Source:UniProtKB/TrEMBL;Acc:A0A8J2M7A8],Cercopithifilaria johnstoni (PRJEB47283),protein_coding,cejohnprjeb47283
CJOHNSTONI_LOCUS4812,rna-CJOHNSTONI_LOCUS4812,268,protein_coding,Zinc metalloproteinase  [Source:UniProtKB/TrEMBL;Acc:A0A8J2Q040],Cercopithifilaria johnstoni (PRJEB47283),protein_coding,cejohnprjeb47283
CJOHNSTONI_LOCUS1083,rna-CJOHNSTONI_LOCUS1083,332,protein_coding,60S ribosomal protein L9  [Source:UniProtKB/TrEMBL;Acc:A0A8J2LVF6],Cercopithifilaria johnstoni (PRJEB47283),protein_coding,cejohnprjeb47283
CJOHNSTONI_LOCUS7666,rna-CJOHNSTONI_LOCUS7666,218,protein_coding,SLC12 domain-containing protein  [Source:UniProtKB/TrEMBL;Acc:A0A8J2QAR2],Cercopithifilaria johnstoni (PRJEB47283),protein_coding,cejohnprjeb47283
CJOHNSTONI_LOCUS7623,rna-CJOHNSTONI_LOCUS7623,199,protein_coding,Gamma-aminobutyric acid receptor subunit beta  [Source:UniProtKB/TrEMBL;Acc:A0A8J2Q5Y7],Cercopithifilaria johnstoni (PRJEB47283),protein_coding,cejohnprjeb47283
CJOHNSTONI_LOCUS10409,rna-CJOHNSTONI_LOCUS10409,193,protein_coding,Galectin  [Source:UniProtKB/TrEMBL;Acc:A0A8J2MGC5],Cercopithifilaria johnstoni (PRJEB47283),protein_coding,cejohnprjeb47283
CJOHNSTONI_LOCUS7735,rna-CJOHNSTONI_LOCUS7735,223,protein_coding,Mucolipin-3  [Source:UniProtKB/TrEMBL;Acc:A0A8J2QAR7],Cercopithifilaria johnstoni (PRJEB47283),protein_coding,cejohnprjeb47283
CJOHNSTONI_LOCUS5485,rna-CJOHNSTONI_LOCUS5485,193,protein_coding,valine--tRNA ligase  [Source:UniProtKB/TrEMBL;Acc:A0A8J2M5K3],Cercopithifilaria johnstoni (PRJEB47283),protein_coding,cejohnprjeb47283
CJOHNSTONI_LOCUS6656,rna-CJOHNSTONI_LOCUS6656,256,protein_coding,Myosin motor domain-containing protein  [Source:UniProtKB/TrEMBL;Acc:A0A8J2Q858],Cercopithifilaria johnstoni (PRJEB47283),protein_coding,cejohnprjeb47283
CJOHNSTONI_LOCUS3506,rna-CJOHNSTONI_LOCUS3506,203,protein_coding,Serine/threonine protein phosphatase 2A regulatory subunit  [Source:UniProtKB/TrEMBL;Acc:A0A8J2Q5M8],Cercopithifilaria johnstoni (PRJEB47283),protein_coding,cejohnprjeb47283
CJOHNSTONI_LOCUS9189,rna-CJOHNSTONI_LOCUS9189,163,protein_coding,BHLH domain-containing protein  [Source:UniProtKB/TrEMBL;Acc:A0A8J2MF70],Cercopithifilaria johnstoni (PRJEB47283),protein_coding,cejohnprjeb47283
CJOHNSTONI_LOCUS5035,rna-CJOHNSTONI_LOCUS5035,823,protein_coding,Centromere protein U  [Source:UniProtKB/TrEMBL;Acc:A0A8J2M4J0],Cercopithifilaria johnstoni (PRJEB47283),protein_coding,cejohnprjeb47283
CJOHNSTONI_LOCUS10149,rna-CJOHNSTONI_LOCUS10149,227,protein_coding,6-pyruvoyl tetrahydrobiopterin synthase  [Source:UniProtKB/TrEMBL;Acc:A0A8J2MFW8],Cercopithifilaria johnstoni (PRJEB47283),protein_coding,cejohnprjeb47283
CJOHNSTONI_LOCUS10410,rna-CJOHNSTONI_LOCUS10410,191,protein_coding,PH domain-containing protein  [Source:UniProtKB/TrEMBL;Acc:A0A8J2MDI8],Cercopithifilaria johnstoni (PRJEB47283),protein_coding,cejohnprjeb47283
CJOHNSTONI_LOCUS3014,rna-CJOHNSTONI_LOCUS3014,188,protein_coding,Vesicle transport protein USE1  [Source:UniProtKB/TrEMBL;Acc:A0A8J2ML04],Cercopithifilaria johnstoni (PRJEB47283),protein_coding,cejohnprjeb47283
CJOHNSTONI_LOCUS8400,rna-CJOHNSTONI_LOCUS8400,345,protein_coding,BTB domain-containing protein  [Source:UniProtKB/TrEMBL;Acc:A0A8J2MT17],Cercopithifilaria johnstoni (PRJEB47283),protein_coding,cejohnprjeb47283
CJOHNSTONI_LOCUS712,rna-CJOHNSTONI_LOCUS712,249,protein_coding,Tyrosine--tRNA ligase  [Source:UniProtKB/TrEMBL;Acc:A0A8J2LW75],Cercopithifilaria johnstoni (PRJEB47283),protein_coding,cejohnprjeb47283
CJOHNSTONI_LOCUS10333,rna-CJOHNSTONI_LOCUS10333,230,protein_coding,60S ribosomal protein L18  [Source:UniProtKB/TrEMBL;Acc:A0A8J2MFL0],Cercopithifilaria johnstoni (PRJEB47283),protein_coding,cejohnprjeb47283
CJOHNSTONI_LOCUS10472,rna-CJOHNSTONI_LOCUS10472,225,protein_coding,ULP_PROTEASE domain-containing protein  [Source:UniProtKB/TrEMBL;Acc:A0A8J2MV47],Cercopithifilaria johnstoni (PRJEB47283),protein_coding,cejohnprjeb47283
CJOHNSTONI_LOCUS5160,rna-CJOHNSTONI_LOCUS5160,184,protein_coding,KH domain-containing protein  [Source:UniProtKB/TrEMBL;Acc:A0A8J2M4Q8],Cercopithifilaria johnstoni (PRJEB47283),protein_coding,cejohnprjeb47283
CJOHNSTONI_LOCUS9114,rna-CJOHNSTONI_LOCUS9114,164,protein_coding,,Cercopithifilaria johnstoni (PRJEB47283),protein_coding,cejohnprjeb47283
CJOHNSTONI_LOCUS2071,rna-CJOHNSTONI_LOCUS2071,263,protein_coding,FPL domain-containing protein  [Source:UniProtKB/TrEMBL;Acc:A0A8J2MJX6],Cercopithifilaria johnstoni (PRJEB47283),protein_coding,cejohnprjeb47283
CJOHNSTONI_LOCUS4537,rna-CJOHNSTONI_LOCUS4537,219,protein_coding,Store-operated calcium entry-associated regulatory factor  [Source:UniProtKB/TrEMBL;Acc:A0A8J2LW60],Cercopithifilaria johnstoni (PRJEB47283),protein_coding,cejohnprjeb47283
CJOHNSTONI_LOCUS3832,rna-CJOHNSTONI_LOCUS3832,191,protein_coding,Ras-related protein Rab-7a  [Source:UniProtKB/TrEMBL;Acc:A0A8J2MLV8],Cercopithifilaria johnstoni (PRJEB47283),protein_coding,cejohnprjeb47283
CJOHNSTONI_LOCUS2195,rna-CJOHNSTONI_LOCUS2195,229,protein_coding,"39S ribosomal protein L51, mitochondrial  [Source:UniProtKB/TrEMBL;Acc:A0A8J2Q1C9]",Cercopithifilaria johnstoni (PRJEB47283),protein_coding,cejohnprjeb47283
CJOHNSTONI_LOCUS7357,rna-CJOHNSTONI_LOCUS7357,203,protein_coding,TGF_BETA_2 domain-containing protein  [Source:UniProtKB/TrEMBL;Acc:A0A8J2M9G4],Cercopithifilaria johnstoni (PRJEB47283),protein_coding,cejohnprjeb47283
CJOHNSTONI_LOCUS9196,rna-CJOHNSTONI_LOCUS9196-3,236,protein_coding,Pre-mRNA-processing protein 40A  [Source:UniProtKB/TrEMBL;Acc:A0A8J2QB24],Cercopithifilaria johnstoni (PRJEB47283),protein_coding,cejohnprjeb47283
CJOHNSTONI_LOCUS8696,rna-CJOHNSTONI_LOCUS8696,245,protein_coding,Acyl carrier protein  [Source:UniProtKB/TrEMBL;Acc:A0A8J2MC09],Cercopithifilaria johnstoni (PRJEB47283),protein_coding,cejohnprjeb47283
CJOHNSTONI_LOCUS10470,rna-CJOHNSTONI_LOCUS10470,189,protein_coding,MFS domain-containing protein  [Source:UniProtKB/TrEMBL;Acc:A0A8J2M883],Cercopithifilaria johnstoni (PRJEB47283),protein_coding,cejohnprjeb47283
CJOHNSTONI_LOCUS8414,rna-CJOHNSTONI_LOCUS8414,716,protein_coding,Inosine triphosphate pyrophosphatase  [Source:UniProtKB/TrEMBL;Acc:A0A8J2MC23],Cercopithifilaria johnstoni (PRJEB47283),protein_coding,cejohnprjeb47283
CJOHNSTONI_LOCUS3026,rna-CJOHNSTONI_LOCUS3026,608,protein_coding,SCP domain-containing protein  [Source:UniProtKB/TrEMBL;Acc:A0A8J2LQD1],Cercopithifilaria johnstoni (PRJEB47283),protein_coding,cejohnprjeb47283
CJOHNSTONI_LOCUS5827,rna-CJOHNSTONI_LOCUS5827,224,protein_coding,Cytospin-A  [Source:UniProtKB/TrEMBL;Acc:A0A8J2PU57],Cercopithifilaria johnstoni (PRJEB47283),protein_coding,cejohnprjeb47283
CJOHNSTONI_LOCUS6620,rna-CJOHNSTONI_LOCUS6620,293,protein_coding,Endoribonuclease dcr-1  [Source:UniProtKB/TrEMBL;Acc:A0A8J2Q1R1],Cercopithifilaria johnstoni (PRJEB47283),protein_coding,cejohnprjeb47283
CJOHNSTONI_LOCUS184,rna-CJOHNSTONI_LOCUS184,209,protein_coding,CG15818  [Source:UniProtKB/TrEMBL;Acc:A0A8J2MHQ8],Cercopithifilaria johnstoni (PRJEB47283),protein_coding,cejohnprjeb47283
CJOHNSTONI_LOCUS6105,rna-CJOHNSTONI_LOCUS6105,178,protein_coding,Anion exchange protein  [Source:UniProtKB/TrEMBL;Acc:A0A8J2LZC6],Cercopithifilaria johnstoni (PRJEB47283),protein_coding,cejohnprjeb47283
CJOHNSTONI_LOCUS7950,rna-CJOHNSTONI_LOCUS7950,173,protein_coding,Thioredoxin domain-containing protein  [Source:UniProtKB/TrEMBL;Acc:A0A8J2MC54],Cercopithifilaria johnstoni (PRJEB47283),protein_coding,cejohnprjeb47283
CJOHNSTONI_LOCUS3570,rna-CJOHNSTONI_LOCUS3570,157,protein_coding,GRAM domain-containing protein  [Source:UniProtKB/TrEMBL;Acc:A0A8J2M0G1],Cercopithifilaria johnstoni (PRJEB47283),protein_coding,cejohnprjeb47283
CJOHNSTONI_LOCUS6820,rna-CJOHNSTONI_LOCUS6820,152,protein_coding,Ras-associating domain-containing protein  [Source:UniProtKB/TrEMBL;Acc:A0A8J2M7D3],Cercopithifilaria johnstoni (PRJEB47283),protein_coding,cejohnprjeb47283
CJOHNSTONI_LOCUS5843,rna-CJOHNSTONI_LOCUS5843,214,protein_coding,DNA-directed RNA polymerase  [Source:UniProtKB/TrEMBL;Acc:A0A8J2Q4N0],Cercopithifilaria johnstoni (PRJEB47283),protein_coding,cejohnprjeb47283
CJOHNSTONI_LOCUS7908,rna-CJOHNSTONI_LOCUS7908,180,protein_coding,Protein lifeguard 1-like  [Source:UniProtKB/TrEMBL;Acc:A0A8J2MSC6],Cercopithifilaria johnstoni (PRJEB47283),protein_coding,cejohnprjeb47283
CJOHNSTONI_LOCUS7155,rna-CJOHNSTONI_LOCUS7155,1036,protein_coding,Caldesmon  [Source:UniProtKB/TrEMBL;Acc:A0A8J2Q8D8],Cercopithifilaria johnstoni (PRJEB47283),protein_coding,cejohnprjeb47283
CJOHNSTONI_LOCUS2101,rna-CJOHNSTONI_LOCUS2101,192,protein_coding,Zinc finger protein  [Source:UniProtKB/TrEMBL;Acc:A0A8J2M1V8],Cercopithifilaria johnstoni (PRJEB47283),protein_coding,cejohnprjeb47283
CJOHNSTONI_LOCUS3419,rna-CJOHNSTONI_LOCUS3419,294,protein_coding,SEC7 domain-containing protein  [Source:UniProtKB/TrEMBL;Acc:A0A8J2M3Y7],Cercopithifilaria johnstoni (PRJEB47283),protein_coding,cejohnprjeb47283
CJOHNSTONI_LOCUS8698,rna-CJOHNSTONI_LOCUS8698,257,protein_coding,BMA-EPG-4  [Source:UniProtKB/TrEMBL;Acc:A0A8J2MAU7],Cercopithifilaria johnstoni (PRJEB47283),protein_coding,cejohnprjeb47283
CJOHNSTONI_LOCUS6840,rna-CJOHNSTONI_LOCUS6840,189,protein_coding,Large neutral amino acids transporter small subunit 1  [Source:UniProtKB/TrEMBL;Acc:A0A8J2M0L5],Cercopithifilaria johnstoni (PRJEB47283),protein_coding,cejohnprjeb47283
CJOHNSTONI_LOCUS6866,rna-CJOHNSTONI_LOCUS6866,704,protein_coding,,Cercopithifilaria johnstoni (PRJEB47283),protein_coding,cejohnprjeb47283
CJOHNSTONI_LOCUS6253,rna-CJOHNSTONI_LOCUS6253,425,protein_coding,Ground-like domain-containing protein  [Source:UniProtKB/TrEMBL;Acc:A0A8J2LZR7],Cercopithifilaria johnstoni (PRJEB47283),protein_coding,cejohnprjeb47283
CJOHNSTONI_LOCUS1784,rna-CJOHNSTONI_LOCUS1784,880,protein_coding,HMG box domain-containing protein  [Source:UniProtKB/TrEMBL;Acc:A0A8J2MJK6],Cercopithifilaria johnstoni (PRJEB47283),protein_coding,cejohnprjeb47283
CJOHNSTONI_LOCUS1508,rna-CJOHNSTONI_LOCUS1508,232,protein_coding,RNA helicase  [Source:UniProtKB/TrEMBL;Acc:A0A8J2LXK4],Cercopithifilaria johnstoni (PRJEB47283),protein_coding,cejohnprjeb47283
CJOHNSTONI_LOCUS7689,rna-CJOHNSTONI_LOCUS7689,261,protein_coding,Serine/threonine-protein kinase PLK  [Source:UniProtKB/TrEMBL;Acc:A0A8J2Q8K4],Cercopithifilaria johnstoni (PRJEB47283),protein_coding,cejohnprjeb47283
CJOHNSTONI_LOCUS3461,rna-CJOHNSTONI_LOCUS3461,288,protein_coding,Apple domain-containing protein  [Source:UniProtKB/TrEMBL;Acc:A0A8J2MLF9],Cercopithifilaria johnstoni (PRJEB47283),protein_coding,cejohnprjeb47283
CJOHNSTONI_LOCUS7490,rna-CJOHNSTONI_LOCUS7490,800,protein_coding,Homeobox domain-containing protein  [Source:UniProtKB/TrEMBL;Acc:A0A8J2Q5V2],Cercopithifilaria johnstoni (PRJEB47283),protein_coding,cejohnprjeb47283
CJOHNSTONI_LOCUS6726,rna-CJOHNSTONI_LOCUS6726,402,protein_coding,DNA helicase  [Source:UniProtKB/TrEMBL;Acc:A0A8J2M0E9],Cercopithifilaria johnstoni (PRJEB47283),protein_coding,cejohnprjeb47283
CJOHNSTONI_LOCUS4931,rna-CJOHNSTONI_LOCUS4931,240,protein_coding,AAA domain-containing protein  [Source:UniProtKB/TrEMBL;Acc:A0A8J2PTE9],Cercopithifilaria johnstoni (PRJEB47283),protein_coding,cejohnprjeb47283
CJOHNSTONI_LOCUS111,rna-CJOHNSTONI_LOCUS111,256,protein_coding,Sigma non-opioid intracellular receptor 1  [Source:UniProtKB/TrEMBL;Acc:A0A8J2LML8],Cercopithifilaria johnstoni (PRJEB47283),protein_coding,cejohnprjeb47283
CJOHNSTONI_LOCUS10087,rna-CJOHNSTONI_LOCUS10087,236,protein_coding,RNase_PH domain-containing protein  [Source:UniProtKB/TrEMBL;Acc:A0A8J2MUM2],Cercopithifilaria johnstoni (PRJEB47283),protein_coding,cejohnprjeb47283
CJOHNSTONI_LOCUS1056,rna-CJOHNSTONI_LOCUS1056,213,protein_coding,Cytosolic purine 5'-nucleotidase  [Source:UniProtKB/TrEMBL;Acc:A0A8J2MIE1],Cercopithifilaria johnstoni (PRJEB47283),protein_coding,cejohnprjeb47283
CJOHNSTONI_LOCUS10069,rna-CJOHNSTONI_LOCUS10069,183,protein_coding,Caenorhabditis elegans ly-6-related family-containing protein  [Source:UniProtKB/TrEMBL;Acc:A0A8J2Q4E3],Cercopithifilaria johnstoni (PRJEB47283),protein_coding,cejohnprjeb47283
CJOHNSTONI_LOCUS2225,rna-CJOHNSTONI_LOCUS2225,181,protein_coding,Methyltransferase-like protein 23  [Source:UniProtKB/TrEMBL;Acc:A0A8J2LRF2],Cercopithifilaria johnstoni (PRJEB47283),protein_coding,cejohnprjeb47283
CJOHNSTONI_LOCUS3817,rna-CJOHNSTONI_LOCUS3817,227,protein_coding,UBC core domain-containing protein  [Source:UniProtKB/TrEMBL;Acc:A0A8J2LUN8],Cercopithifilaria johnstoni (PRJEB47283),protein_coding,cejohnprjeb47283
CJOHNSTONI_LOCUS788,rna-CJOHNSTONI_LOCUS788,188,protein_coding,Malate dehydrogenase  [Source:UniProtKB/TrEMBL;Acc:A0A8J2Q063],Cercopithifilaria johnstoni (PRJEB47283),protein_coding,cejohnprjeb47283
CJOHNSTONI_LOCUS725,rna-CJOHNSTONI_LOCUS725,250,protein_coding,FtsJ domain-containing protein  [Source:UniProtKB/TrEMBL;Acc:A0A8J2LUJ9],Cercopithifilaria johnstoni (PRJEB47283),protein_coding,cejohnprjeb47283
CJOHNSTONI_LOCUS10272,rna-CJOHNSTONI_LOCUS10272,361,protein_coding,Heat shock protein 70  [Source:UniProtKB/TrEMBL;Acc:A0A8J2Q4K7],Cercopithifilaria johnstoni (PRJEB47283),protein_coding,cejohnprjeb47283
CJOHNSTONI_LOCUS10579,rna-CJOHNSTONI_LOCUS10579,247,protein_coding,Nuclear receptor domain-containing protein  [Source:UniProtKB/TrEMBL;Acc:A0A8J2M8F8],Cercopithifilaria johnstoni (PRJEB47283),protein_coding,cejohnprjeb47283
CJOHNSTONI_LOCUS369,rna-CJOHNSTONI_LOCUS369-2,201,protein_coding,WD_REPEATS_REGION domain-containing protein  [Source:UniProtKB/TrEMBL;Acc:A0A8J2LTY5],Cercopithifilaria johnstoni (PRJEB47283),protein_coding,cejohnprjeb47283
CJOHNSTONI_LOCUS6857,rna-CJOHNSTONI_LOCUS6857,179,protein_coding,Dirigent protein  [Source:UniProtKB/TrEMBL;Acc:A0A8J2MA15],Cercopithifilaria johnstoni (PRJEB47283),protein_coding,cejohnprjeb47283
CJOHNSTONI_LOCUS4939,rna-CJOHNSTONI_LOCUS4939,245,protein_coding,,Cercopithifilaria johnstoni (PRJEB47283),protein_coding,cejohnprjeb47283
CJOHNSTONI_LOCUS9942,rna-CJOHNSTONI_LOCUS9942,231,protein_coding,Exocyst complex component Sec6  [Source:UniProtKB/TrEMBL;Acc:A0A8J2PYN6],Cercopithifilaria johnstoni (PRJEB47283),protein_coding,cejohnprjeb47283
CJOHNSTONI_LOCUS411,rna-CJOHNSTONI_LOCUS411,204,protein_coding,Battenin  [Source:UniProtKB/TrEMBL;Acc:A0A8J2LVK9],Cercopithifilaria johnstoni (PRJEB47283),protein_coding,cejohnprjeb47283
CJOHNSTONI_LOCUS830,rna-CJOHNSTONI_LOCUS830,276,protein_coding,Sulfatase domain-containing protein  [Source:UniProtKB/TrEMBL;Acc:A0A8J2LWZ1],Cercopithifilaria johnstoni (PRJEB47283),protein_coding,cejohnprjeb47283
CJOHNSTONI_LOCUS10167,rna-CJOHNSTONI_LOCUS10167,220,protein_coding,PlsC domain-containing protein  [Source:UniProtKB/TrEMBL;Acc:A0A8J2MDA6],Cercopithifilaria johnstoni (PRJEB47283),protein_coding,cejohnprjeb47283
CJOHNSTONI_LOCUS3517,rna-CJOHNSTONI_LOCUS3517,207,protein_coding,2OG-FeII_Oxy_2 domain-containing protein  [Source:UniProtKB/TrEMBL;Acc:A0A8J2M1S9],Cercopithifilaria johnstoni (PRJEB47283),protein_coding,cejohnprjeb47283
CJOHNSTONI_LOCUS2452,rna-CJOHNSTONI_LOCUS2452,177,protein_coding,Meiotic recombination protein DMC1/LIM15 homolog  [Source:UniProtKB/TrEMBL;Acc:A0A8J2PRB8],Cercopithifilaria johnstoni (PRJEB47283),protein_coding,cejohnprjeb47283
CJOHNSTONI_LOCUS6933,rna-CJOHNSTONI_LOCUS6933,239,protein_coding,,Cercopithifilaria johnstoni (PRJEB47283),protein_coding,cejohnprjeb47283
CJOHNSTONI_LOCUS3892,rna-CJOHNSTONI_LOCUS3892,230,protein_coding,CYTOSOL_AP domain-containing protein  [Source:UniProtKB/TrEMBL;Acc:A0A8J2PSJ8],Cercopithifilaria johnstoni (PRJEB47283),protein_coding,cejohnprjeb47283
CJOHNSTONI_LOCUS9697,rna-CJOHNSTONI_LOCUS9697,169,protein_coding,Homeobox domain-containing protein  [Source:UniProtKB/TrEMBL;Acc:A0A8J2Q435],Cercopithifilaria johnstoni (PRJEB47283),protein_coding,cejohnprjeb47283
CJOHNSTONI_LOCUS3560,rna-CJOHNSTONI_LOCUS3560,146,protein_coding,,Cercopithifilaria johnstoni (PRJEB47283),protein_coding,cejohnprjeb47283
CJOHNSTONI_LOCUS1660,rna-CJOHNSTONI_LOCUS1660,129,protein_coding,Shell matrix protein  [Source:UniProtKB/TrEMBL;Acc:A0A8J2LXV6],Cercopithifilaria johnstoni (PRJEB47283),protein_coding,cejohnprjeb47283
CJOHNSTONI_LOCUS8174,rna-CJOHNSTONI_LOCUS8174,253,protein_coding,Lactamase_B domain-containing protein  [Source:UniProtKB/TrEMBL;Acc:A0A8J2PX38],Cercopithifilaria johnstoni (PRJEB47283),protein_coding,cejohnprjeb47283
CJOHNSTONI_LOCUS8663,rna-CJOHNSTONI_LOCUS8663,135,protein_coding,Amino acid transporter  [Source:UniProtKB/TrEMBL;Acc:A0A8J2QAY5],Cercopithifilaria johnstoni (PRJEB47283),protein_coding,cejohnprjeb47283
CJOHNSTONI_LOCUS9128,rna-CJOHNSTONI_LOCUS9128,821,protein_coding,RING-type domain-containing protein  [Source:UniProtKB/TrEMBL;Acc:A0A8J2Q6Q0],Cercopithifilaria johnstoni (PRJEB47283),protein_coding,cejohnprjeb47283
CJOHNSTONI_LOCUS574,rna-CJOHNSTONI_LOCUS574,263,protein_coding,Peroxidase-like  [Source:UniProtKB/TrEMBL;Acc:A0A8J2LVX4],Cercopithifilaria johnstoni (PRJEB47283),protein_coding,cejohnprjeb47283
CJOHNSTONI_LOCUS10444,rna-CJOHNSTONI_LOCUS10444,218,protein_coding,ER membrane protein complex subunit 4  [Source:UniProtKB/TrEMBL;Acc:A0A8J2MVV4],Cercopithifilaria johnstoni (PRJEB47283),protein_coding,cejohnprjeb47283
CJOHNSTONI_LOCUS3799,rna-CJOHNSTONI_LOCUS3799,388,protein_coding,Runt domain-containing protein  [Source:UniProtKB/TrEMBL;Acc:A0A8J2PZB3],Cercopithifilaria johnstoni (PRJEB47283),protein_coding,cejohnprjeb47283
CJOHNSTONI_LOCUS6164,rna-CJOHNSTONI_LOCUS6164,209,protein_coding,Sister chromatid cohesion protein DCC1  [Source:UniProtKB/TrEMBL;Acc:A0A8J2M697],Cercopithifilaria johnstoni (PRJEB47283),protein_coding,cejohnprjeb47283
CJOHNSTONI_LOCUS93,rna-CJOHNSTONI_LOCUS93,191,protein_coding,ANAPC4_WD40 domain-containing protein  [Source:UniProtKB/TrEMBL;Acc:A0A8J2PZD3],Cercopithifilaria johnstoni (PRJEB47283),protein_coding,cejohnprjeb47283
CJOHNSTONI_LOCUS5466,rna-CJOHNSTONI_LOCUS5466,230,protein_coding,Eukaryotic translation initiation factor 3 subunit I  [Source:UniProtKB/TrEMBL;Acc:A0A8J2QA99],Cercopithifilaria johnstoni (PRJEB47283),protein_coding,cejohnprjeb47283
CJOHNSTONI_LOCUS9174,rna-CJOHNSTONI_LOCUS9174,204,protein_coding,Methyltransferase C9orf114  [Source:UniProtKB/TrEMBL;Acc:A0A8J2MBJ6],Cercopithifilaria johnstoni (PRJEB47283),protein_coding,cejohnprjeb47283
CJOHNSTONI_LOCUS9333,rna-CJOHNSTONI_LOCUS9333,156,protein_coding,SLATT_fungal domain-containing protein  [Source:UniProtKB/TrEMBL;Acc:A0A8J2ME49],Cercopithifilaria johnstoni (PRJEB47283),protein_coding,cejohnprjeb47283
CJOHNSTONI_LOCUS7046,rna-CJOHNSTONI_LOCUS7046,152,protein_coding,ATPase ASNA1 homolog  [Source:UniProtKB/TrEMBL;Acc:A0A8J2M880],Cercopithifilaria johnstoni (PRJEB47283),protein_coding,cejohnprjeb47283
CJOHNSTONI_LOCUS9206,rna-CJOHNSTONI_LOCUS9206,1661,protein_coding,Ig-like and fibronectin type-III domain-containing protein C25G4.10  [Source:UniProtKB/TrEMBL;Acc:A0A8J2Q932],Cercopithifilaria johnstoni (PRJEB47283),protein_coding,cejohnprjeb47283
CJOHNSTONI_LOCUS6116,rna-CJOHNSTONI_LOCUS6116,283,protein_coding,Nucleolar protein 14  [Source:UniProtKB/TrEMBL;Acc:A0A8J2PUE6],Cercopithifilaria johnstoni (PRJEB47283),protein_coding,cejohnprjeb47283
CJOHNSTONI_LOCUS8378,rna-CJOHNSTONI_LOCUS8378,205,protein_coding,,Cercopithifilaria johnstoni (PRJEB47283),protein_coding,cejohnprjeb47283
CJOHNSTONI_LOCUS3673,rna-CJOHNSTONI_LOCUS3673,204,protein_coding,GOLD domain-containing protein  [Source:UniProtKB/TrEMBL;Acc:A0A8J2Q5W2],Cercopithifilaria johnstoni (PRJEB47283),protein_coding,cejohnprjeb47283
CJOHNSTONI_LOCUS1696,rna-CJOHNSTONI_LOCUS1696,198,protein_coding,ceramide glucosyltransferase  [Source:UniProtKB/TrEMBL;Acc:A0A8J2LQI3],Cercopithifilaria johnstoni (PRJEB47283),protein_coding,cejohnprjeb47283
CJOHNSTONI_LOCUS5275,rna-CJOHNSTONI_LOCUS5275,282,protein_coding,C2H2-type domain-containing protein  [Source:UniProtKB/TrEMBL;Acc:A0A8J2M3L6],Cercopithifilaria johnstoni (PRJEB47283),protein_coding,cejohnprjeb47283
CJOHNSTONI_LOCUS1129,rna-CJOHNSTONI_LOCUS1129,240,protein_coding,Phosphoinositide phospholipase C  [Source:UniProtKB/TrEMBL;Acc:A0A8J2LXI6],Cercopithifilaria johnstoni (PRJEB47283),protein_coding,cejohnprjeb47283
CJOHNSTONI_LOCUS4299,rna-CJOHNSTONI_LOCUS4299,148,protein_coding,,Cercopithifilaria johnstoni (PRJEB47283),protein_coding,cejohnprjeb47283
CJOHNSTONI_LOCUS1299,rna-CJOHNSTONI_LOCUS1299,155,protein_coding,Transmembrane protein  [Source:UniProtKB/TrEMBL;Acc:A0A8J2PQC4],Cercopithifilaria johnstoni (PRJEB47283),protein_coding,cejohnprjeb47283
CJOHNSTONI_LOCUS7980,rna-CJOHNSTONI_LOCUS7980,326,protein_coding,,Cercopithifilaria johnstoni (PRJEB47283),protein_coding,cejohnprjeb47283
CJOHNSTONI_LOCUS695,rna-CJOHNSTONI_LOCUS695,162,protein_coding,DHC_N1 domain-containing protein  [Source:UniProtKB/TrEMBL;Acc:A0A8J2MHU3],Cercopithifilaria johnstoni (PRJEB47283),protein_coding,cejohnprjeb47283
CJOHNSTONI_LOCUS5642,rna-CJOHNSTONI_LOCUS5642,129,protein_coding,LAM_G_DOMAIN domain-containing protein  [Source:UniProtKB/TrEMBL;Acc:A0A8J2M5H3],Cercopithifilaria johnstoni (PRJEB47283),protein_coding,cejohnprjeb47283
CJOHNSTONI_LOCUS5976,rna-CJOHNSTONI_LOCUS5976,128,protein_coding,Baculoviral IAP repeat-containing protein 5  [Source:UniProtKB/TrEMBL;Acc:A0A8J2Q7Q9],Cercopithifilaria johnstoni (PRJEB47283),protein_coding,cejohnprjeb47283
CJOHNSTONI_LOCUS3084,rna-CJOHNSTONI_LOCUS3084,186,protein_coding,Methylamine utilization protein MauE  [Source:UniProtKB/TrEMBL;Acc:A0A8J2M3D2],Cercopithifilaria johnstoni (PRJEB47283),protein_coding,cejohnprjeb47283
CJOHNSTONI_LOCUS2077,rna-CJOHNSTONI_LOCUS2077,205,protein_coding,Spatacsin_C domain-containing protein  [Source:UniProtKB/TrEMBL;Acc:A0A8J2LZ32],Cercopithifilaria johnstoni (PRJEB47283),protein_coding,cejohnprjeb47283
CJOHNSTONI_LOCUS2388,rna-CJOHNSTONI_LOCUS2388,149,protein_coding,"Transcription termination factor 3, mitochondrial  [Source:UniProtKB/TrEMBL;Acc:A0A8J2LZR1]",Cercopithifilaria johnstoni (PRJEB47283),protein_coding,cejohnprjeb47283
CJOHNSTONI_LOCUS1806,rna-CJOHNSTONI_LOCUS1806,117,protein_coding,Palmitoyltransferase  [Source:UniProtKB/TrEMBL;Acc:A0A8J2Q121],Cercopithifilaria johnstoni (PRJEB47283),protein_coding,cejohnprjeb47283
CJOHNSTONI_LOCUS5020,rna-CJOHNSTONI_LOCUS5020,1196,protein_coding,Williams-Beuren syndrome chromosomal region 16-like protein  [Source:UniProtKB/TrEMBL;Acc:A0A8J2M6L2],Cercopithifilaria johnstoni (PRJEB47283),protein_coding,cejohnprjeb47283
CJOHNSTONI_LOCUS467,rna-CJOHNSTONI_LOCUS467,352,protein_coding,,Cercopithifilaria johnstoni (PRJEB47283),protein_coding,cejohnprjeb47283
CJOHNSTONI_LOCUS10126,rna-CJOHNSTONI_LOCUS10126,164,protein_coding,DUF4476 domain-containing protein  [Source:UniProtKB/TrEMBL;Acc:A0A8J2QB91],Cercopithifilaria johnstoni (PRJEB47283),protein_coding,cejohnprjeb47283
CJOHNSTONI_LOCUS7861,rna-CJOHNSTONI_LOCUS7861,260,protein_coding,,Cercopithifilaria johnstoni (PRJEB47283),protein_coding,cejohnprjeb47283
CJOHNSTONI_LOCUS4298,rna-CJOHNSTONI_LOCUS4298,251,protein_coding,Origin recognition complex subunit 5  [Source:UniProtKB/TrEMBL;Acc:A0A8J2M371],Cercopithifilaria johnstoni (PRJEB47283),protein_coding,cejohnprjeb47283
CJOHNSTONI_LOCUS2985,rna-CJOHNSTONI_LOCUS2985,460,protein_coding,ACB domain-containing protein  [Source:UniProtKB/TrEMBL;Acc:A0A8J2LYV8],Cercopithifilaria johnstoni (PRJEB47283),protein_coding,cejohnprjeb47283
CJOHNSTONI_LOCUS9387,rna-CJOHNSTONI_LOCUS9387,403,protein_coding,Deacetylase sirtuin-type domain-containing protein  [Source:UniProtKB/TrEMBL;Acc:A0A8J2MEA4],Cercopithifilaria johnstoni (PRJEB47283),protein_coding,cejohnprjeb47283
CJOHNSTONI_LOCUS1444,rna-CJOHNSTONI_LOCUS1444,211,protein_coding,ELM2 domain-containing protein  [Source:UniProtKB/TrEMBL;Acc:A0A8J2Q0R8],Cercopithifilaria johnstoni (PRJEB47283),protein_coding,cejohnprjeb47283
CJOHNSTONI_LOCUS1756,rna-CJOHNSTONI_LOCUS1756,224,protein_coding,Ovule protein  [Source:UniProtKB/TrEMBL;Acc:A0A8J2LWR5],Cercopithifilaria johnstoni (PRJEB47283),protein_coding,cejohnprjeb47283
CJOHNSTONI_LOCUS1297,rna-CJOHNSTONI_LOCUS1297,156,protein_coding,Aminotran_1_2 domain-containing protein  [Source:UniProtKB/TrEMBL;Acc:A0A8J2LXV4],Cercopithifilaria johnstoni (PRJEB47283),protein_coding,cejohnprjeb47283
CJOHNSTONI_LOCUS6640,rna-CJOHNSTONI_LOCUS6640,152,protein_coding,DB domain-containing protein  [Source:UniProtKB/TrEMBL;Acc:A0A8J2M724],Cercopithifilaria johnstoni (PRJEB47283),protein_coding,cejohnprjeb47283
CJOHNSTONI_LOCUS2552,rna-CJOHNSTONI_LOCUS2552,758,protein_coding,Zinc finger protein 239-like  [Source:UniProtKB/TrEMBL;Acc:A0A8J2PY59],Cercopithifilaria johnstoni (PRJEB47283),protein_coding,cejohnprjeb47283
CJOHNSTONI_LOCUS1267,rna-CJOHNSTONI_LOCUS1267,3051,protein_coding,Microtubule-associated protein futsch  [Source:UniProtKB/TrEMBL;Acc:A0A8J2M0M1],Cercopithifilaria johnstoni (PRJEB47283),protein_coding,cejohnprjeb47283
CJOHNSTONI_LOCUS10531,rna-CJOHNSTONI_LOCUS10531,257,protein_coding,Transporter  [Source:UniProtKB/TrEMBL;Acc:A0A8J2MVZ7],Cercopithifilaria johnstoni (PRJEB47283),protein_coding,cejohnprjeb47283
CJOHNSTONI_LOCUS9371,rna-CJOHNSTONI_LOCUS9371,177,protein_coding,SF4 helicase domain-containing protein  [Source:UniProtKB/TrEMBL;Acc:A0A8J2MFK4],Cercopithifilaria johnstoni (PRJEB47283),protein_coding,cejohnprjeb47283
CJOHNSTONI_LOCUS7698,rna-CJOHNSTONI_LOCUS7698,207,protein_coding,tryptophan--tRNA ligase  [Source:UniProtKB/TrEMBL;Acc:A0A8J2MS36],Cercopithifilaria johnstoni (PRJEB47283),protein_coding,cejohnprjeb47283
CJOHNSTONI_LOCUS4323,rna-CJOHNSTONI_LOCUS4323,108,protein_coding,Flagellin_D0/D1 domain-containing protein  [Source:UniProtKB/TrEMBL;Acc:A0A8J2M384],Cercopithifilaria johnstoni (PRJEB47283),protein_coding,cejohnprjeb47283
CJOHNSTONI_LOCUS3211,rna-CJOHNSTONI_LOCUS3211,376,protein_coding,Midasin  [Source:UniProtKB/TrEMBL;Acc:A0A8J2M3K6],Cercopithifilaria johnstoni (PRJEB47283),protein_coding,cejohnprjeb47283
CJOHNSTONI_LOCUS6250,rna-CJOHNSTONI_LOCUS6250,209,protein_coding,Son of sevenless-like protein 1  [Source:UniProtKB/TrEMBL;Acc:A0A8J2Q4Y6],Cercopithifilaria johnstoni (PRJEB47283),protein_coding,cejohnprjeb47283
CJOHNSTONI_LOCUS9480,rna-CJOHNSTONI_LOCUS9480,152,protein_coding,Exophilin 5  [Source:UniProtKB/TrEMBL;Acc:A0A8J2MC70],Cercopithifilaria johnstoni (PRJEB47283),protein_coding,cejohnprjeb47283
CJOHNSTONI_LOCUS5692,rna-CJOHNSTONI_LOCUS5692,136,protein_coding,DNA primase  [Source:UniProtKB/TrEMBL;Acc:A0A8J2LY93],Cercopithifilaria johnstoni (PRJEB47283),protein_coding,cejohnprjeb47283
CJOHNSTONI_LOCUS1138,rna-CJOHNSTONI_LOCUS1138,269,protein_coding,Tetratricopeptide repeat protein  [Source:UniProtKB/TrEMBL;Acc:A0A8J2MJD9],Cercopithifilaria johnstoni (PRJEB47283),protein_coding,cejohnprjeb47283
CJOHNSTONI_LOCUS1196,rna-CJOHNSTONI_LOCUS1196,126,protein_coding,ATP_Ca_trans_C domain-containing protein  [Source:UniProtKB/TrEMBL;Acc:A0A8J2Q0J0],Cercopithifilaria johnstoni (PRJEB47283),protein_coding,cejohnprjeb47283
CJOHNSTONI_LOCUS4573,rna-CJOHNSTONI_LOCUS4573,138,protein_coding,,Cercopithifilaria johnstoni (PRJEB47283),protein_coding,cejohnprjeb47283
CJOHNSTONI_LOCUS72,rna-CJOHNSTONI_LOCUS72,332,protein_coding,Abscisic acid and environmental stress-inducible protein  [Source:UniProtKB/TrEMBL;Acc:A0A8J2LY20],Cercopithifilaria johnstoni (PRJEB47283),protein_coding,cejohnprjeb47283
CJOHNSTONI_LOCUS6750,rna-CJOHNSTONI_LOCUS6750,242,protein_coding,Collagen alpha-1(IX) chain  [Source:UniProtKB/TrEMBL;Acc:A0A8J2Q1T6],Cercopithifilaria johnstoni (PRJEB47283),protein_coding,cejohnprjeb47283
CJOHNSTONI_LOCUS7531,rna-CJOHNSTONI_LOCUS7531-3,313,protein_coding,Rho-GAP domain-containing protein  [Source:UniProtKB/TrEMBL;Acc:A0A8J2MRV6],Cercopithifilaria johnstoni (PRJEB47283),protein_coding,cejohnprjeb47283
CJOHNSTONI_LOCUS3508,rna-CJOHNSTONI_LOCUS3508,293,protein_coding,C2H2-type domain-containing protein  [Source:UniProtKB/TrEMBL;Acc:A0A8J2Q2J6],Cercopithifilaria johnstoni (PRJEB47283),protein_coding,cejohnprjeb47283
CJOHNSTONI_LOCUS10424,rna-CJOHNSTONI_LOCUS10424,245,protein_coding,Collagen-like protein  [Source:UniProtKB/TrEMBL;Acc:A0A8J2MDJ6],Cercopithifilaria johnstoni (PRJEB47283),protein_coding,cejohnprjeb47283
CJOHNSTONI_LOCUS7713,rna-CJOHNSTONI_LOCUS7713,501,protein_coding,P/Homo B domain-containing protein  [Source:UniProtKB/TrEMBL;Acc:A0A8J2MAG5],Cercopithifilaria johnstoni (PRJEB47283),protein_coding,cejohnprjeb47283
CJOHNSTONI_LOCUS10061,rna-CJOHNSTONI_LOCUS10061,342,protein_coding,Col_cuticle_N domain-containing protein  [Source:UniProtKB/TrEMBL;Acc:A0A8J2MGQ4],Cercopithifilaria johnstoni (PRJEB47283),protein_coding,cejohnprjeb47283
CJOHNSTONI_LOCUS5551,rna-CJOHNSTONI_LOCUS5551,197,protein_coding,A4_EXTRA domain-containing protein  [Source:UniProtKB/TrEMBL;Acc:A0A8J2M5D7],Cercopithifilaria johnstoni (PRJEB47283),protein_coding,cejohnprjeb47283
CJOHNSTONI_LOCUS1199,rna-CJOHNSTONI_LOCUS1199,183,protein_coding,Cytoplasmic dynein 2 light intermediate chain 1  [Source:UniProtKB/TrEMBL;Acc:A0A8J2LMK2],Cercopithifilaria johnstoni (PRJEB47283),protein_coding,cejohnprjeb47283
CJOHNSTONI_LOCUS3217,rna-CJOHNSTONI_LOCUS3217,379,protein_coding,TGF_BETA_2 domain-containing protein  [Source:UniProtKB/TrEMBL;Acc:A0A8J2PRZ8],Cercopithifilaria johnstoni (PRJEB47283),protein_coding,cejohnprjeb47283
CJOHNSTONI_LOCUS2086,rna-CJOHNSTONI_LOCUS2086,234,protein_coding,Voltage-dependent T-type calcium channel subunit alpha  [Source:UniProtKB/TrEMBL;Acc:A0A8J2M1U9],Cercopithifilaria johnstoni (PRJEB47283),protein_coding,cejohnprjeb47283
CJOHNSTONI_LOCUS5080,rna-CJOHNSTONI_LOCUS5080,172,protein_coding,UDP-N-acetylglucosamine--dolichyl-phosphate N-acetylglucosaminephosphotransferase  [Source:UniProtKB/TrEMBL;Acc:A0A8J2M4F7],Cercopithifilaria johnstoni (PRJEB47283),protein_coding,cejohnprjeb47283
CJOHNSTONI_LOCUS818,rna-CJOHNSTONI_LOCUS818,332,protein_coding,Mitochondrial proton/calcium exchanger protein  [Source:UniProtKB/TrEMBL;Acc:A0A8J2PVV8],Cercopithifilaria johnstoni (PRJEB47283),protein_coding,cejohnprjeb47283
CJOHNSTONI_LOCUS472,rna-CJOHNSTONI_LOCUS472,491,protein_coding,Transcription initiation factor TFIID subunit 12  [Source:UniProtKB/TrEMBL;Acc:A0A8J2MHI3],Cercopithifilaria johnstoni (PRJEB47283),protein_coding,cejohnprjeb47283
CJOHNSTONI_LOCUS5676,rna-CJOHNSTONI_LOCUS5676,206,protein_coding,,Cercopithifilaria johnstoni (PRJEB47283),protein_coding,cejohnprjeb47283
CJOHNSTONI_LOCUS10022,rna-CJOHNSTONI_LOCUS10022,202,protein_coding,RMI1_N domain-containing protein  [Source:UniProtKB/TrEMBL;Acc:A0A8J2MEM6],Cercopithifilaria johnstoni (PRJEB47283),protein_coding,cejohnprjeb47283
CJOHNSTONI_LOCUS1111,rna-CJOHNSTONI_LOCUS1111,200,protein_coding,CX domain-containing protein  [Source:UniProtKB/TrEMBL;Acc:A0A8J2LVH2],Cercopithifilaria johnstoni (PRJEB47283),protein_coding,cejohnprjeb47283
CJOHNSTONI_LOCUS9892,rna-CJOHNSTONI_LOCUS9892,186,protein_coding,F-box only protein 42  [Source:UniProtKB/TrEMBL;Acc:A0A8J2QB74],Cercopithifilaria johnstoni (PRJEB47283),protein_coding,cejohnprjeb47283
CJOHNSTONI_LOCUS3688,rna-CJOHNSTONI_LOCUS3688,210,protein_coding,mitogen-activated protein kinase  [Source:UniProtKB/TrEMBL;Acc:A0A8J2Q5W6],Cercopithifilaria johnstoni (PRJEB47283),protein_coding,cejohnprjeb47283
CJOHNSTONI_LOCUS3922,rna-CJOHNSTONI_LOCUS3922,181,protein_coding,zf-C2HC5 domain-containing protein  [Source:UniProtKB/TrEMBL;Acc:A0A8J2PSK7],Cercopithifilaria johnstoni (PRJEB47283),protein_coding,cejohnprjeb47283
CJOHNSTONI_LOCUS4219,rna-CJOHNSTONI_LOCUS4219,368,protein_coding,Peptidase A1 domain-containing protein  [Source:UniProtKB/TrEMBL;Acc:A0A8J2Q9V3],Cercopithifilaria johnstoni (PRJEB47283),protein_coding,cejohnprjeb47283
CJOHNSTONI_LOCUS6911,rna-CJOHNSTONI_LOCUS6911,215,protein_coding,DBF4-type domain-containing protein  [Source:UniProtKB/TrEMBL;Acc:A0A8J2MQZ7],Cercopithifilaria johnstoni (PRJEB47283),protein_coding,cejohnprjeb47283
CJOHNSTONI_LOCUS4863,rna-CJOHNSTONI_LOCUS4863,287,protein_coding,UBC core domain-containing protein  [Source:UniProtKB/TrEMBL;Acc:A0A8J2PTC5],Cercopithifilaria johnstoni (PRJEB47283),protein_coding,cejohnprjeb47283
CJOHNSTONI_LOCUS4355,rna-CJOHNSTONI_LOCUS4355,831,protein_coding,ZP domain-containing protein  [Source:UniProtKB/TrEMBL;Acc:A0A8J2Q9X3],Cercopithifilaria johnstoni (PRJEB47283),protein_coding,cejohnprjeb47283
CJOHNSTONI_LOCUS2632,rna-CJOHNSTONI_LOCUS2632,276,protein_coding,,Cercopithifilaria johnstoni (PRJEB47283),protein_coding,cejohnprjeb47283
CJOHNSTONI_LOCUS7073,rna-CJOHNSTONI_LOCUS7073,230,protein_coding,,Cercopithifilaria johnstoni (PRJEB47283),protein_coding,cejohnprjeb47283
CJOHNSTONI_LOCUS4859,rna-CJOHNSTONI_LOCUS4859,381,protein_coding,CPXV159 protein  [Source:UniProtKB/TrEMBL;Acc:A0A8J2M477],Cercopithifilaria johnstoni (PRJEB47283),protein_coding,cejohnprjeb47283
CJOHNSTONI_LOCUS8854,rna-CJOHNSTONI_LOCUS8854,205,protein_coding,A2M domain-containing protein  [Source:UniProtKB/TrEMBL;Acc:A0A8J2MAW7],Cercopithifilaria johnstoni (PRJEB47283),protein_coding,cejohnprjeb47283
CJOHNSTONI_LOCUS6888,rna-CJOHNSTONI_LOCUS6888,213,protein_coding,Growth arrest and DNA damage-inducible proteins-interacting protein 1  [Source:UniProtKB/TrEMBL;Acc:A0A8J2Q8A1],Cercopithifilaria johnstoni (PRJEB47283),protein_coding,cejohnprjeb47283
CJOHNSTONI_LOCUS159,rna-CJOHNSTONI_LOCUS159,188,protein_coding,U2 small nuclear RNA auxiliary factor 1  [Source:UniProtKB/TrEMBL;Acc:A0A8J2LV44],Cercopithifilaria johnstoni (PRJEB47283),protein_coding,cejohnprjeb47283
CJOHNSTONI_LOCUS10554,rna-CJOHNSTONI_LOCUS10554,272,protein_coding,RIIa domain-containing protein  [Source:UniProtKB/TrEMBL;Acc:A0A8J2MDY5],Cercopithifilaria johnstoni (PRJEB47283),protein_coding,cejohnprjeb47283
CJOHNSTONI_LOCUS8747,rna-CJOHNSTONI_LOCUS8747,244,protein_coding,Nuclear pore complex protein Nup98-Nup96  [Source:UniProtKB/TrEMBL;Acc:A0A8J2ME61],Cercopithifilaria johnstoni (PRJEB47283),protein_coding,cejohnprjeb47283
CJOHNSTONI_LOCUS2846,rna-CJOHNSTONI_LOCUS2846,187,protein_coding,phosphopyruvate hydratase  [Source:UniProtKB/TrEMBL;Acc:A0A8J2MLD4],Cercopithifilaria johnstoni (PRJEB47283),protein_coding,cejohnprjeb47283
CJOHNSTONI_LOCUS10360,rna-CJOHNSTONI_LOCUS10360,183,protein_coding,,Cercopithifilaria johnstoni (PRJEB47283),protein_coding,cejohnprjeb47283
CJOHNSTONI_LOCUS3516,rna-CJOHNSTONI_LOCUS3516,264,protein_coding,carnitine O-palmitoyltransferase  [Source:UniProtKB/TrEMBL;Acc:A0A8J2M450],Cercopithifilaria johnstoni (PRJEB47283),protein_coding,cejohnprjeb47283
CJOHNSTONI_LOCUS9454,rna-CJOHNSTONI_LOCUS9454,239,protein_coding,Glutamate dehydrogenase  [Source:UniProtKB/TrEMBL;Acc:A0A8J2MU48],Cercopithifilaria johnstoni (PRJEB47283),protein_coding,cejohnprjeb47283
CJOHNSTONI_LOCUS2601,rna-CJOHNSTONI_LOCUS2601,223,protein_coding,DUF659 domain-containing protein  [Source:UniProtKB/TrEMBL;Acc:A0A8J2M024],Cercopithifilaria johnstoni (PRJEB47283),protein_coding,cejohnprjeb47283
CJOHNSTONI_LOCUS10526,rna-CJOHNSTONI_LOCUS10526,586,protein_coding,Rhodopsin  [Source:UniProtKB/TrEMBL;Acc:A0A8J2QBC0],Cercopithifilaria johnstoni (PRJEB47283),protein_coding,cejohnprjeb47283
CJOHNSTONI_LOCUS8259,rna-CJOHNSTONI_LOCUS8259,213,protein_coding,,Cercopithifilaria johnstoni (PRJEB47283),protein_coding,cejohnprjeb47283
CJOHNSTONI_LOCUS9602,rna-CJOHNSTONI_LOCUS9602,234,protein_coding,MYND-type domain-containing protein  [Source:UniProtKB/TrEMBL;Acc:A0A8J2Q6Z9],Cercopithifilaria johnstoni (PRJEB47283),protein_coding,cejohnprjeb47283
CJOHNSTONI_LOCUS7144,rna-CJOHNSTONI_LOCUS7144,218,protein_coding,ANAPC4_WD40 domain-containing protein  [Source:UniProtKB/TrEMBL;Acc:A0A8J2Q5P4],Cercopithifilaria johnstoni (PRJEB47283),protein_coding,cejohnprjeb47283
CJOHNSTONI_LOCUS2804,rna-CJOHNSTONI_LOCUS2804,173,protein_coding,,Cercopithifilaria johnstoni (PRJEB47283),protein_coding,cejohnprjeb47283
CJOHNSTONI_LOCUS1174,rna-CJOHNSTONI_LOCUS1174,166,protein_coding,Secreted protein  [Source:UniProtKB/TrEMBL;Acc:A0A8J2LMI3],Cercopithifilaria johnstoni (PRJEB47283),protein_coding,cejohnprjeb47283
CJOHNSTONI_LOCUS2595,rna-CJOHNSTONI_LOCUS2595,144,protein_coding,Cytochrome P450  [Source:UniProtKB/TrEMBL;Acc:A0A8J2PY72],Cercopithifilaria johnstoni (PRJEB47283),protein_coding,cejohnprjeb47283
CJOHNSTONI_LOCUS1768,rna-CJOHNSTONI_LOCUS1768,125,protein_coding,,Cercopithifilaria johnstoni (PRJEB47283),protein_coding,cejohnprjeb47283
CJOHNSTONI_LOCUS8064,rna-CJOHNSTONI_LOCUS8064,124,protein_coding,Sm domain-containing protein  [Source:UniProtKB/TrEMBL;Acc:A0A8J2PX01],Cercopithifilaria johnstoni (PRJEB47283),protein_coding,cejohnprjeb47283
CJOHNSTONI_LOCUS2495,rna-CJOHNSTONI_LOCUS2495,341,protein_coding,Velvet domain-containing protein  [Source:UniProtKB/TrEMBL;Acc:A0A8J2PRC7],Cercopithifilaria johnstoni (PRJEB47283),protein_coding,cejohnprjeb47283
CJOHNSTONI_LOCUS5722,rna-CJOHNSTONI_LOCUS5722,227,protein_coding,U3 small nucleolar RNA-associated protein 25 homolog  [Source:UniProtKB/TrEMBL;Acc:A0A8J2M4H3],Cercopithifilaria johnstoni (PRJEB47283),protein_coding,cejohnprjeb47283
CJOHNSTONI_LOCUS10051,rna-CJOHNSTONI_LOCUS10051,289,protein_coding,Anaphase-promoting complex subunit 4  [Source:UniProtKB/TrEMBL;Acc:A0A8J2Q9F7],Cercopithifilaria johnstoni (PRJEB47283),protein_coding,cejohnprjeb47283
CJOHNSTONI_LOCUS2864,rna-CJOHNSTONI_LOCUS2864,189,protein_coding,Transthyretin-like family protein  [Source:UniProtKB/TrEMBL;Acc:A0A8J2LZ98],Cercopithifilaria johnstoni (PRJEB47283),protein_coding,cejohnprjeb47283
CJOHNSTONI_LOCUS1221,rna-CJOHNSTONI_LOCUS1221,127,protein_coding,Sulfate_transp domain-containing protein  [Source:UniProtKB/TrEMBL;Acc:A0A8J2LPS8],Cercopithifilaria johnstoni (PRJEB47283),protein_coding,cejohnprjeb47283
CJOHNSTONI_LOCUS7487,rna-CJOHNSTONI_LOCUS7487,238,protein_coding,Anaphase-promoting complex subunit 11  [Source:UniProtKB/TrEMBL;Acc:A0A8J2M8J7],Cercopithifilaria johnstoni (PRJEB47283),protein_coding,cejohnprjeb47283
CJOHNSTONI_LOCUS9926,rna-CJOHNSTONI_LOCUS9926,191,protein_coding,J domain-containing protein  [Source:UniProtKB/TrEMBL;Acc:A0A8J2MFA2],Cercopithifilaria johnstoni (PRJEB47283),protein_coding,cejohnprjeb47283
CJOHNSTONI_LOCUS10508,rna-CJOHNSTONI_LOCUS10508,221,protein_coding,DB domain-containing protein  [Source:UniProtKB/TrEMBL;Acc:A0A8J2Q9M3],Cercopithifilaria johnstoni (PRJEB47283),protein_coding,cejohnprjeb47283
CJOHNSTONI_LOCUS2390,rna-CJOHNSTONI_LOCUS2390,181,protein_coding,Deoxyuridine 5'-triphosphate nucleotidohydrolase  [Source:UniProtKB/TrEMBL;Acc:A0A8J2LZA6],Cercopithifilaria johnstoni (PRJEB47283),protein_coding,cejohnprjeb47283
CJOHNSTONI_LOCUS4847,rna-CJOHNSTONI_LOCUS4847,260,protein_coding,C2H2-type domain-containing protein  [Source:UniProtKB/TrEMBL;Acc:A0A8J2M3Z1],Cercopithifilaria johnstoni (PRJEB47283),protein_coding,cejohnprjeb47283
CJOHNSTONI_LOCUS6827,rna-CJOHNSTONI_LOCUS6827,289,protein_coding,Innexin  [Source:UniProtKB/TrEMBL;Acc:A0A8J2M6V9],Cercopithifilaria johnstoni (PRJEB47283),protein_coding,cejohnprjeb47283
CJOHNSTONI_LOCUS8137,rna-CJOHNSTONI_LOCUS8137,747,protein_coding,MAP7 domain-containing protein 2  [Source:UniProtKB/TrEMBL;Acc:A0A8J2M377],Cercopithifilaria johnstoni (PRJEB47283),protein_coding,cejohnprjeb47283
CJOHNSTONI_LOCUS1502,rna-CJOHNSTONI_LOCUS1502,270,protein_coding,DEK_C domain-containing protein  [Source:UniProtKB/TrEMBL;Acc:A0A8J2LQ77],Cercopithifilaria johnstoni (PRJEB47283),protein_coding,cejohnprjeb47283
CJOHNSTONI_LOCUS3391,rna-CJOHNSTONI_LOCUS3391,255,protein_coding,,Cercopithifilaria johnstoni (PRJEB47283),protein_coding,cejohnprjeb47283
CJOHNSTONI_LOCUS7621,rna-CJOHNSTONI_LOCUS7621,173,protein_coding,PSI domain-containing protein  [Source:UniProtKB/TrEMBL;Acc:A0A8J2Q8J7],Cercopithifilaria johnstoni (PRJEB47283),protein_coding,cejohnprjeb47283
CJOHNSTONI_LOCUS2511,rna-CJOHNSTONI_LOCUS2511,238,protein_coding,Segment polarity protein dishevelled-like protein DVL-3  [Source:UniProtKB/TrEMBL;Acc:A0A8J2Q961],Cercopithifilaria johnstoni (PRJEB47283),protein_coding,cejohnprjeb47283
CJOHNSTONI_LOCUS6575,rna-CJOHNSTONI_LOCUS6575-2,454,protein_coding,Protein-tyrosine-phosphatase  [Source:UniProtKB/TrEMBL;Acc:A0A8J2M7Q1],Cercopithifilaria johnstoni (PRJEB47283),protein_coding,cejohnprjeb47283
CJOHNSTONI_LOCUS2102,rna-CJOHNSTONI_LOCUS2102,189,protein_coding,AAA domain-containing protein  [Source:UniProtKB/TrEMBL;Acc:A0A8J2LZ66],Cercopithifilaria johnstoni (PRJEB47283),protein_coding,cejohnprjeb47283
CJOHNSTONI_LOCUS10452,rna-CJOHNSTONI_LOCUS10452,310,protein_coding,MFS domain-containing protein  [Source:UniProtKB/TrEMBL;Acc:A0A8J2Q7H0],Cercopithifilaria johnstoni (PRJEB47283),protein_coding,cejohnprjeb47283
CJOHNSTONI_LOCUS3416,rna-CJOHNSTONI_LOCUS3416,191,protein_coding,Serine/threonine-protein phosphatase  [Source:UniProtKB/TrEMBL;Acc:A0A8J2LZM7],Cercopithifilaria johnstoni (PRJEB47283),protein_coding,cejohnprjeb47283
CJOHNSTONI_LOCUS2209,rna-CJOHNSTONI_LOCUS2209,188,protein_coding,COPI_C domain-containing protein  [Source:UniProtKB/TrEMBL;Acc:A0A8J2Q917],Cercopithifilaria johnstoni (PRJEB47283),protein_coding,cejohnprjeb47283
CJOHNSTONI_LOCUS3276,rna-CJOHNSTONI_LOCUS3276,231,protein_coding,Cation-transporting ATPase  [Source:UniProtKB/TrEMBL;Acc:A0A8J2LTL6],Cercopithifilaria johnstoni (PRJEB47283),protein_coding,cejohnprjeb47283
CJOHNSTONI_LOCUS8433,rna-CJOHNSTONI_LOCUS8433,230,protein_coding,STAS domain-containing protein  [Source:UniProtKB/TrEMBL;Acc:A0A8J2PXB4],Cercopithifilaria johnstoni (PRJEB47283),protein_coding,cejohnprjeb47283
CJOHNSTONI_LOCUS3745,rna-CJOHNSTONI_LOCUS3745,222,protein_coding,Lactamase_B domain-containing protein  [Source:UniProtKB/TrEMBL;Acc:A0A8J2M071],Cercopithifilaria johnstoni (PRJEB47283),protein_coding,cejohnprjeb47283
CJOHNSTONI_LOCUS2809,rna-CJOHNSTONI_LOCUS2809,170,protein_coding,C2H2-type domain-containing protein  [Source:UniProtKB/TrEMBL;Acc:A0A8J2PRM5],Cercopithifilaria johnstoni (PRJEB47283),protein_coding,cejohnprjeb47283
CJOHNSTONI_LOCUS5478,rna-CJOHNSTONI_LOCUS5478,154,protein_coding,G_PROTEIN_RECEP_F1_2 domain-containing protein  [Source:UniProtKB/TrEMBL;Acc:A0A8J2QAA0],Cercopithifilaria johnstoni (PRJEB47283),protein_coding,cejohnprjeb47283
CJOHNSTONI_LOCUS8503,rna-CJOHNSTONI_LOCUS8503,259,protein_coding,Protein kinase domain-containing protein  [Source:UniProtKB/TrEMBL;Acc:A0A8J2Q8T9],Cercopithifilaria johnstoni (PRJEB47283),protein_coding,cejohnprjeb47283
CJOHNSTONI_LOCUS891,rna-CJOHNSTONI_LOCUS891,164,protein_coding,Glycogen [starch] synthase  [Source:UniProtKB/TrEMBL;Acc:A0A8J2LX42],Cercopithifilaria johnstoni (PRJEB47283),protein_coding,cejohnprjeb47283
CJOHNSTONI_LOCUS9391,rna-CJOHNSTONI_LOCUS9391,783,protein_coding,BHLH domain-containing protein  [Source:UniProtKB/TrEMBL;Acc:A0A8J2Q6V4],Cercopithifilaria johnstoni (PRJEB47283),protein_coding,cejohnprjeb47283
CJOHNSTONI_LOCUS719,rna-CJOHNSTONI_LOCUS719,242,protein_coding,Collagen-like protein  [Source:UniProtKB/TrEMBL;Acc:A0A8J2LNQ5],Cercopithifilaria johnstoni (PRJEB47283),protein_coding,cejohnprjeb47283
CJOHNSTONI_LOCUS9900,rna-CJOHNSTONI_LOCUS9900,266,protein_coding,MIF4G domain-containing protein  [Source:UniProtKB/TrEMBL;Acc:A0A8J2MF83],Cercopithifilaria johnstoni (PRJEB47283),protein_coding,cejohnprjeb47283
CJOHNSTONI_LOCUS2148,rna-CJOHNSTONI_LOCUS2148,229,protein_coding,phosphatidylinositol-3-phosphatase  [Source:UniProtKB/TrEMBL;Acc:A0A8J2LX06],Cercopithifilaria johnstoni (PRJEB47283),protein_coding,cejohnprjeb47283
CJOHNSTONI_LOCUS501,rna-CJOHNSTONI_LOCUS501,348,protein_coding,Tr-type G domain-containing protein  [Source:UniProtKB/TrEMBL;Acc:A0A8J2LVZ8],Cercopithifilaria johnstoni (PRJEB47283),protein_coding,cejohnprjeb47283
CJOHNSTONI_LOCUS7662,rna-CJOHNSTONI_LOCUS7662,186,protein_coding,UBC core domain-containing protein  [Source:UniProtKB/TrEMBL;Acc:A0A8J2M8V7],Cercopithifilaria johnstoni (PRJEB47283),protein_coding,cejohnprjeb47283
CJOHNSTONI_LOCUS7945,rna-CJOHNSTONI_LOCUS7945,161,protein_coding,,Cercopithifilaria johnstoni (PRJEB47283),protein_coding,cejohnprjeb47283
CJOHNSTONI_LOCUS7001,rna-CJOHNSTONI_LOCUS7001,296,protein_coding,Ovule protein  [Source:UniProtKB/TrEMBL;Acc:A0A8J2M1C2],Cercopithifilaria johnstoni (PRJEB47283),protein_coding,cejohnprjeb47283
CJOHNSTONI_LOCUS452,rna-CJOHNSTONI_LOCUS452,198,protein_coding,JmjC domain-containing protein  [Source:UniProtKB/TrEMBL;Acc:A0A8J2PZR2],Cercopithifilaria johnstoni (PRJEB47283),protein_coding,cejohnprjeb47283
CJOHNSTONI_LOCUS5862,rna-CJOHNSTONI_LOCUS5862,221,protein_coding,NADPH--cytochrome P450 reductase  [Source:UniProtKB/TrEMBL;Acc:A0A8J2MPN0],Cercopithifilaria johnstoni (PRJEB47283),protein_coding,cejohnprjeb47283
CJOHNSTONI_LOCUS7362,rna-CJOHNSTONI_LOCUS7362,215,protein_coding,GLTP domain-containing protein  [Source:UniProtKB/TrEMBL;Acc:A0A8J2Q2B0],Cercopithifilaria johnstoni (PRJEB47283),protein_coding,cejohnprjeb47283
CJOHNSTONI_LOCUS8881,rna-CJOHNSTONI_LOCUS8881,824,protein_coding,Tight junction protein ZO-2  [Source:UniProtKB/TrEMBL;Acc:A0A8J2MAY4],Cercopithifilaria johnstoni (PRJEB47283),protein_coding,cejohnprjeb47283
CJOHNSTONI_LOCUS10231,rna-CJOHNSTONI_LOCUS10231,268,protein_coding,Non-specific serine/threonine protein kinase  [Source:UniProtKB/TrEMBL;Acc:A0A8J2Q7D1],Cercopithifilaria johnstoni (PRJEB47283),protein_coding,cejohnprjeb47283
CJOHNSTONI_LOCUS5482,rna-CJOHNSTONI_LOCUS5482,211,protein_coding,Neprilysin-2  [Source:UniProtKB/TrEMBL;Acc:A0A8J2MNW4],Cercopithifilaria johnstoni (PRJEB47283),protein_coding,cejohnprjeb47283
CJOHNSTONI_LOCUS6172,rna-CJOHNSTONI_LOCUS6172,210,protein_coding,Sarcoglycan complex subunit protein  [Source:UniProtKB/TrEMBL;Acc:A0A8J2M5D8],Cercopithifilaria johnstoni (PRJEB47283),protein_coding,cejohnprjeb47283
CJOHNSTONI_LOCUS5557,rna-CJOHNSTONI_LOCUS5557,401,protein_coding,Spectrin alpha chain  [Source:UniProtKB/TrEMBL;Acc:A0A8J2LYC2],Cercopithifilaria johnstoni (PRJEB47283),protein_coding,cejohnprjeb47283
CJOHNSTONI_LOCUS5635,rna-CJOHNSTONI_LOCUS5635,207,protein_coding,C2H2-type domain-containing protein  [Source:UniProtKB/TrEMBL;Acc:A0A8J2M4B8],Cercopithifilaria johnstoni (PRJEB47283),protein_coding,cejohnprjeb47283
CJOHNSTONI_LOCUS4880,rna-CJOHNSTONI_LOCUS4880,206,protein_coding,SH3 domain-containing protein  [Source:UniProtKB/TrEMBL;Acc:A0A8J2Q061],Cercopithifilaria johnstoni (PRJEB47283),protein_coding,cejohnprjeb47283
CJOHNSTONI_LOCUS9949,rna-CJOHNSTONI_LOCUS9949,188,protein_coding,C3H1-type domain-containing protein  [Source:UniProtKB/TrEMBL;Acc:A0A8J2MUK0],Cercopithifilaria johnstoni (PRJEB47283),protein_coding,cejohnprjeb47283
CJOHNSTONI_LOCUS6157,rna-CJOHNSTONI_LOCUS6157,237,protein_coding,2-(3-amino-3-carboxypropyl)histidine synthase subunit 1  [Source:UniProtKB/TrEMBL;Acc:A0A8J2LZF8],Cercopithifilaria johnstoni (PRJEB47283),protein_coding,cejohnprjeb47283
CJOHNSTONI_LOCUS10511,rna-CJOHNSTONI_LOCUS10511,251,protein_coding,Collagen-like protein  [Source:UniProtKB/TrEMBL;Acc:A0A8J2Q4T0],Cercopithifilaria johnstoni (PRJEB47283),protein_coding,cejohnprjeb47283
CJOHNSTONI_LOCUS4976,rna-CJOHNSTONI_LOCUS4976,396,protein_coding,SelP_N domain-containing protein  [Source:UniProtKB/TrEMBL;Acc:A0A8J2LX89],Cercopithifilaria johnstoni (PRJEB47283),protein_coding,cejohnprjeb47283
CJOHNSTONI_LOCUS10089,rna-CJOHNSTONI_LOCUS10089,206,protein_coding,RRM domain-containing protein  [Source:UniProtKB/TrEMBL;Acc:A0A8J2MF40],Cercopithifilaria johnstoni (PRJEB47283),protein_coding,cejohnprjeb47283
CJOHNSTONI_LOCUS3046,rna-CJOHNSTONI_LOCUS3046,209,protein_coding,Tr-type G domain-containing protein  [Source:UniProtKB/TrEMBL;Acc:A0A8J2M3A9],Cercopithifilaria johnstoni (PRJEB47283),protein_coding,cejohnprjeb47283
CJOHNSTONI_LOCUS4201,rna-CJOHNSTONI_LOCUS4201,151,protein_coding,NR LBD domain-containing protein  [Source:UniProtKB/TrEMBL;Acc:A0A8J2M325],Cercopithifilaria johnstoni (PRJEB47283),protein_coding,cejohnprjeb47283
CJOHNSTONI_LOCUS3710,rna-CJOHNSTONI_LOCUS3710,260,protein_coding,LRRCT domain-containing protein  [Source:UniProtKB/TrEMBL;Acc:A0A8J2MLQ0],Cercopithifilaria johnstoni (PRJEB47283),protein_coding,cejohnprjeb47283
CJOHNSTONI_LOCUS9345,rna-CJOHNSTONI_LOCUS9345,162,protein_coding,Ubiquitin-fold modifier-conjugating enzyme 1  [Source:UniProtKB/TrEMBL;Acc:A0A8J2MDF3],Cercopithifilaria johnstoni (PRJEB47283),protein_coding,cejohnprjeb47283
CJOHNSTONI_LOCUS1201,rna-CJOHNSTONI_LOCUS1201,346,protein_coding,G_PROTEIN_RECEP_F1_2 domain-containing protein  [Source:UniProtKB/TrEMBL;Acc:A0A8J2MIM7],Cercopithifilaria johnstoni (PRJEB47283),protein_coding,cejohnprjeb47283
CJOHNSTONI_LOCUS3242,rna-CJOHNSTONI_LOCUS3242,278,protein_coding,EamA domain-containing protein  [Source:UniProtKB/TrEMBL;Acc:A0A8J2Q2C5],Cercopithifilaria johnstoni (PRJEB47283),protein_coding,cejohnprjeb47283
CJOHNSTONI_LOCUS6092,rna-CJOHNSTONI_LOCUS6092,248,protein_coding,CMP/dCMP-type deaminase domain-containing protein  [Source:UniProtKB/TrEMBL;Acc:A0A8J2LZF7],Cercopithifilaria johnstoni (PRJEB47283),protein_coding,cejohnprjeb47283
CJOHNSTONI_LOCUS1513,rna-CJOHNSTONI_LOCUS1513,290,protein_coding,MAGUK p55 subfamily member 5  [Source:UniProtKB/TrEMBL;Acc:A0A8J2PWN7],Cercopithifilaria johnstoni (PRJEB47283),protein_coding,cejohnprjeb47283
CJOHNSTONI_LOCUS816,rna-CJOHNSTONI_LOCUS816,259,protein_coding,Condensin-2 complex subunit H2  [Source:UniProtKB/TrEMBL;Acc:A0A8J2PPV1],Cercopithifilaria johnstoni (PRJEB47283),protein_coding,cejohnprjeb47283
CJOHNSTONI_LOCUS2649,rna-CJOHNSTONI_LOCUS2649,198,protein_coding,Ubiquitin-fold modifier 1  [Source:UniProtKB/TrEMBL;Acc:A0A8J2MKL8],Cercopithifilaria johnstoni (PRJEB47283),protein_coding,cejohnprjeb47283
CJOHNSTONI_LOCUS9191,rna-CJOHNSTONI_LOCUS9191,193,protein_coding,SAM domain-containing protein  [Source:UniProtKB/TrEMBL;Acc:A0A8J2MD57],Cercopithifilaria johnstoni (PRJEB47283),protein_coding,cejohnprjeb47283
CJOHNSTONI_LOCUS1372,rna-CJOHNSTONI_LOCUS1372,273,protein_coding,Gp_dh_N domain-containing protein  [Source:UniProtKB/TrEMBL;Acc:A0A8J2PWJ9],Cercopithifilaria johnstoni (PRJEB47283),protein_coding,cejohnprjeb47283
CJOHNSTONI_LOCUS8988,rna-CJOHNSTONI_LOCUS8988,388,protein_coding,SPRY domain-containing SOCS box protein 1  [Source:UniProtKB/TrEMBL;Acc:A0A8J2MBC5],Cercopithifilaria johnstoni (PRJEB47283),protein_coding,cejohnprjeb47283
CJOHNSTONI_LOCUS9748,rna-CJOHNSTONI_LOCUS9748,240,protein_coding,UAA transporter family protein  [Source:UniProtKB/TrEMBL;Acc:A0A8J2MEG5],Cercopithifilaria johnstoni (PRJEB47283),protein_coding,cejohnprjeb47283
CJOHNSTONI_LOCUS672,rna-CJOHNSTONI_LOCUS672,183,protein_coding,DDE_Tnp_1_7 domain-containing protein  [Source:UniProtKB/TrEMBL;Acc:A0A8J2LW42],Cercopithifilaria johnstoni (PRJEB47283),protein_coding,cejohnprjeb47283
CJOHNSTONI_LOCUS7947,rna-CJOHNSTONI_LOCUS7947,244,protein_coding,Metalloendopeptidase  [Source:UniProtKB/TrEMBL;Acc:A0A8J2M907],Cercopithifilaria johnstoni (PRJEB47283),protein_coding,cejohnprjeb47283
CJOHNSTONI_LOCUS7007,rna-CJOHNSTONI_LOCUS7007,509,protein_coding,,Cercopithifilaria johnstoni (PRJEB47283),protein_coding,cejohnprjeb47283
CJOHNSTONI_LOCUS4121,rna-CJOHNSTONI_LOCUS4121,469,protein_coding,Frizzled-4  [Source:UniProtKB/TrEMBL;Acc:A0A8J2PZM5],Cercopithifilaria johnstoni (PRJEB47283),protein_coding,cejohnprjeb47283
CJOHNSTONI_LOCUS8588,rna-CJOHNSTONI_LOCUS8588,273,protein_coding,ENTH domain-containing protein  [Source:UniProtKB/TrEMBL;Acc:A0A8J2M3X4],Cercopithifilaria johnstoni (PRJEB47283),protein_coding,cejohnprjeb47283
CJOHNSTONI_LOCUS6357,rna-CJOHNSTONI_LOCUS6357,245,protein_coding,Integumentary mucin C.1-like  [Source:UniProtKB/TrEMBL;Acc:A0A8J2QAG5],Cercopithifilaria johnstoni (PRJEB47283),protein_coding,cejohnprjeb47283
CJOHNSTONI_LOCUS7325,rna-CJOHNSTONI_LOCUS7325,683,protein_coding,Shugoshin_C domain-containing protein  [Source:UniProtKB/TrEMBL;Acc:A0A8J2MRB3],Cercopithifilaria johnstoni (PRJEB47283),protein_coding,cejohnprjeb47283
CJOHNSTONI_LOCUS9583,rna-CJOHNSTONI_LOCUS9583,194,protein_coding,tRNA-t(6)A37 methylthiotransferase  [Source:UniProtKB/TrEMBL;Acc:A0A8J2MEN8],Cercopithifilaria johnstoni (PRJEB47283),protein_coding,cejohnprjeb47283
CJOHNSTONI_LOCUS895,rna-CJOHNSTONI_LOCUS895,196,protein_coding,EGF-like domain-containing protein  [Source:UniProtKB/TrEMBL;Acc:A0A8J2PVY3],Cercopithifilaria johnstoni (PRJEB47283),protein_coding,cejohnprjeb47283
CJOHNSTONI_LOCUS9939,rna-CJOHNSTONI_LOCUS9939,180,protein_coding,TIP_N domain-containing protein  [Source:UniProtKB/TrEMBL;Acc:A0A8J2MFB0],Cercopithifilaria johnstoni (PRJEB47283),protein_coding,cejohnprjeb47283
CJOHNSTONI_LOCUS218,rna-CJOHNSTONI_LOCUS218,199,protein_coding,Ras-GEF domain-containing protein  [Source:UniProtKB/TrEMBL;Acc:A0A8J2PZJ5],Cercopithifilaria johnstoni (PRJEB47283),protein_coding,cejohnprjeb47283
CJOHNSTONI_LOCUS7021,rna-CJOHNSTONI_LOCUS7021,176,protein_coding,RRM domain-containing protein  [Source:UniProtKB/TrEMBL;Acc:A0A8J2M7N6],Cercopithifilaria johnstoni (PRJEB47283),protein_coding,cejohnprjeb47283
CJOHNSTONI_LOCUS7235,rna-CJOHNSTONI_LOCUS7235,130,protein_coding,rRNA-processing protein EBP2 homolog  [Source:UniProtKB/TrEMBL;Acc:A0A8J2M974],Cercopithifilaria johnstoni (PRJEB47283),protein_coding,cejohnprjeb47283
CJOHNSTONI_LOCUS5064,rna-CJOHNSTONI_LOCUS5064,251,protein_coding,SWIB/MDM2 domain-containing protein  [Source:UniProtKB/TrEMBL;Acc:A0A8J2M4K6],Cercopithifilaria johnstoni (PRJEB47283),protein_coding,cejohnprjeb47283
CJOHNSTONI_LOCUS3467,rna-CJOHNSTONI_LOCUS3467,234,protein_coding,A2MG protein  [Source:UniProtKB/TrEMBL;Acc:A0A8J2Q5L4],Cercopithifilaria johnstoni (PRJEB47283),protein_coding,cejohnprjeb47283
CJOHNSTONI_LOCUS3662,rna-CJOHNSTONI_LOCUS3662,188,protein_coding,,Cercopithifilaria johnstoni (PRJEB47283),protein_coding,cejohnprjeb47283
CJOHNSTONI_LOCUS4096,rna-CJOHNSTONI_LOCUS4096,338,protein_coding,Phosphodiesterase  [Source:UniProtKB/TrEMBL;Acc:A0A8J2LV80],Cercopithifilaria johnstoni (PRJEB47283),protein_coding,cejohnprjeb47283
CJOHNSTONI_LOCUS5233,rna-CJOHNSTONI_LOCUS5233,324,protein_coding,NAD(P)H oxidase (H2O2-forming)  [Source:UniProtKB/TrEMBL;Acc:A0A8J2QA81],Cercopithifilaria johnstoni (PRJEB47283),protein_coding,cejohnprjeb47283
CJOHNSTONI_LOCUS6221,rna-CJOHNSTONI_LOCUS6221,848,protein_coding,Geranylgeranyl transferase type I subunit beta  [Source:UniProtKB/TrEMBL;Acc:A0A8J2M6D0],Cercopithifilaria johnstoni (PRJEB47283),protein_coding,cejohnprjeb47283
CJOHNSTONI_LOCUS330,rna-CJOHNSTONI_LOCUS330,269,protein_coding,GLOBIN domain-containing protein  [Source:UniProtKB/TrEMBL;Acc:A0A8J2LVZ5],Cercopithifilaria johnstoni (PRJEB47283),protein_coding,cejohnprjeb47283
CJOHNSTONI_LOCUS904,rna-CJOHNSTONI_LOCUS904,248,protein_coding,60S ribosomal protein L3  [Source:UniProtKB/TrEMBL;Acc:A0A8J2LWK8],Cercopithifilaria johnstoni (PRJEB47283),protein_coding,cejohnprjeb47283
CJOHNSTONI_LOCUS373,rna-CJOHNSTONI_LOCUS373,196,protein_coding,TPR_REGION domain-containing protein  [Source:UniProtKB/TrEMBL;Acc:A0A8J2PZN6],Cercopithifilaria johnstoni (PRJEB47283),protein_coding,cejohnprjeb47283
CJOHNSTONI_LOCUS4460,rna-CJOHNSTONI_LOCUS4460,247,protein_coding,S5 DRBM domain-containing protein  [Source:UniProtKB/TrEMBL;Acc:A0A8J2Q6X0],Cercopithifilaria johnstoni (PRJEB47283),protein_coding,cejohnprjeb47283
CJOHNSTONI_LOCUS9026,rna-CJOHNSTONI_LOCUS9026,189,protein_coding,LIM domain-containing protein  [Source:UniProtKB/TrEMBL;Acc:A0A8J2MCT5],Cercopithifilaria johnstoni (PRJEB47283),protein_coding,cejohnprjeb47283
CJOHNSTONI_LOCUS6771,rna-CJOHNSTONI_LOCUS6771,196,protein_coding,NNMT/PNMT/TEMT family protein  [Source:UniProtKB/TrEMBL;Acc:A0A8J2MQT6],Cercopithifilaria johnstoni (PRJEB47283),protein_coding,cejohnprjeb47283
CJOHNSTONI_LOCUS5370,rna-CJOHNSTONI_LOCUS5370,120,protein_coding,Nudix hydrolase domain-containing protein  [Source:UniProtKB/TrEMBL;Acc:A0A8J2M772],Cercopithifilaria johnstoni (PRJEB47283),protein_coding,cejohnprjeb47283
CJOHNSTONI_LOCUS3613,rna-CJOHNSTONI_LOCUS3613,163,protein_coding,Thyroglobulin type-1 domain-containing protein  [Source:UniProtKB/TrEMBL;Acc:A0A8J2MLL6],Cercopithifilaria johnstoni (PRJEB47283),protein_coding,cejohnprjeb47283
CJOHNSTONI_LOCUS2592,rna-CJOHNSTONI_LOCUS2592,175,protein_coding,Thioredoxin domain-containing protein  [Source:UniProtKB/TrEMBL;Acc:A0A8J2Q4V4],Cercopithifilaria johnstoni (PRJEB47283),protein_coding,cejohnprjeb47283
CJOHNSTONI_LOCUS3879,rna-CJOHNSTONI_LOCUS3879,246,protein_coding,Secreted protein  [Source:UniProtKB/TrEMBL;Acc:A0A8J2Q650],Cercopithifilaria johnstoni (PRJEB47283),protein_coding,cejohnprjeb47283
CJOHNSTONI_LOCUS8482,rna-CJOHNSTONI_LOCUS8482,666,protein_coding,B-related factor 1  [Source:UniProtKB/TrEMBL;Acc:A0A8J2MSY3],Cercopithifilaria johnstoni (PRJEB47283),protein_coding,cejohnprjeb47283
CJOHNSTONI_LOCUS1496,rna-CJOHNSTONI_LOCUS1496,194,protein_coding,CYCLIN domain-containing protein  [Source:UniProtKB/TrEMBL;Acc:A0A8J2LW38],Cercopithifilaria johnstoni (PRJEB47283),protein_coding,cejohnprjeb47283
CJOHNSTONI_LOCUS3388,rna-CJOHNSTONI_LOCUS3388,201,protein_coding,DM domain-containing protein  [Source:UniProtKB/TrEMBL;Acc:A0A8J2LZL1],Cercopithifilaria johnstoni (PRJEB47283),protein_coding,cejohnprjeb47283
CJOHNSTONI_LOCUS6734,rna-CJOHNSTONI_LOCUS6734,196,protein_coding,G-patch domain-containing protein  [Source:UniProtKB/TrEMBL;Acc:A0A8J2M780],Cercopithifilaria johnstoni (PRJEB47283),protein_coding,cejohnprjeb47283
CJOHNSTONI_LOCUS2626,rna-CJOHNSTONI_LOCUS2626,179,protein_coding,Flocculation FLO11-like protein  [Source:UniProtKB/TrEMBL;Acc:A0A8J2LZR0],Cercopithifilaria johnstoni (PRJEB47283),protein_coding,cejohnprjeb47283
CJOHNSTONI_LOCUS5282,rna-CJOHNSTONI_LOCUS5282,307,protein_coding,Fatty-acid and retinol-binding protein 1  [Source:UniProtKB/TrEMBL;Acc:A0A8J2Q7E0],Cercopithifilaria johnstoni (PRJEB47283),protein_coding,cejohnprjeb47283
CJOHNSTONI_LOCUS5568,rna-CJOHNSTONI_LOCUS5568,270,protein_coding,Armadillo segment polarity protein  [Source:UniProtKB/TrEMBL;Acc:A0A8J2LXD3],Cercopithifilaria johnstoni (PRJEB47283),protein_coding,cejohnprjeb47283
CJOHNSTONI_LOCUS5402,rna-CJOHNSTONI_LOCUS5402,369,protein_coding,DDHD domain-containing protein  [Source:UniProtKB/TrEMBL;Acc:A0A8J2QA94],Cercopithifilaria johnstoni (PRJEB47283),protein_coding,cejohnprjeb47283
CJOHNSTONI_LOCUS6133,rna-CJOHNSTONI_LOCUS6133,248,protein_coding,Golgi pH regulator  [Source:UniProtKB/TrEMBL;Acc:A0A8J2MPY5],Cercopithifilaria johnstoni (PRJEB47283),protein_coding,cejohnprjeb47283
CJOHNSTONI_LOCUS1577,rna-CJOHNSTONI_LOCUS1577,236,protein_coding,TTC5_OB domain-containing protein  [Source:UniProtKB/TrEMBL;Acc:A0A8J2LY94],Cercopithifilaria johnstoni (PRJEB47283),protein_coding,cejohnprjeb47283
CJOHNSTONI_LOCUS1059,rna-CJOHNSTONI_LOCUS1059,253,protein_coding,MAM domain-containing protein  [Source:UniProtKB/TrEMBL;Acc:A0A8J2LWQ2],Cercopithifilaria johnstoni (PRJEB47283),protein_coding,cejohnprjeb47283
CJOHNSTONI_LOCUS8954,rna-CJOHNSTONI_LOCUS8954,388,protein_coding,,Cercopithifilaria johnstoni (PRJEB47283),protein_coding,cejohnprjeb47283
CJOHNSTONI_LOCUS7691,rna-CJOHNSTONI_LOCUS7691,216,protein_coding,G_PROTEIN_RECEP_F1_2 domain-containing protein  [Source:UniProtKB/TrEMBL;Acc:A0A8J2Q623],Cercopithifilaria johnstoni (PRJEB47283),protein_coding,cejohnprjeb47283
CJOHNSTONI_LOCUS3001,rna-CJOHNSTONI_LOCUS3001,316,protein_coding,,Cercopithifilaria johnstoni (PRJEB47283),protein_coding,cejohnprjeb47283
CJOHNSTONI_LOCUS2596,rna-CJOHNSTONI_LOCUS2596,239,protein_coding,Neural proliferation differentiation and control protein 1  [Source:UniProtKB/TrEMBL;Acc:A0A8J2Q972],Cercopithifilaria johnstoni (PRJEB47283),protein_coding,cejohnprjeb47283
CJOHNSTONI_LOCUS6789,rna-CJOHNSTONI_LOCUS6789,176,protein_coding,Ovule protein  [Source:UniProtKB/TrEMBL;Acc:A0A8J2M898],Cercopithifilaria johnstoni (PRJEB47283),protein_coding,cejohnprjeb47283
CJOHNSTONI_LOCUS961,rna-CJOHNSTONI_LOCUS961,275,protein_coding,FLYWCH-type domain-containing protein  [Source:UniProtKB/TrEMBL;Acc:A0A8J2LWM3],Cercopithifilaria johnstoni (PRJEB47283),protein_coding,cejohnprjeb47283
CJOHNSTONI_LOCUS1214,rna-CJOHNSTONI_LOCUS1214,236,protein_coding,Cytochrome P450  [Source:UniProtKB/TrEMBL;Acc:A0A8J2LXI8],Cercopithifilaria johnstoni (PRJEB47283),protein_coding,cejohnprjeb47283
CJOHNSTONI_LOCUS5196,rna-CJOHNSTONI_LOCUS5196,186,protein_coding,Forty-two-three domain-containing protein 1  [Source:UniProtKB/TrEMBL;Acc:A0A8J2M6W9],Cercopithifilaria johnstoni (PRJEB47283),protein_coding,cejohnprjeb47283
CJOHNSTONI_LOCUS7709,rna-CJOHNSTONI_LOCUS7709,170,protein_coding,Carbonic anhydrase  [Source:UniProtKB/TrEMBL;Acc:A0A8J2M8I9],Cercopithifilaria johnstoni (PRJEB47283),protein_coding,cejohnprjeb47283
CJOHNSTONI_LOCUS7049,rna-CJOHNSTONI_LOCUS7049,642,protein_coding,C2H2-type domain-containing protein  [Source:UniProtKB/TrEMBL;Acc:A0A8J2M7Q4],Cercopithifilaria johnstoni (PRJEB47283),protein_coding,cejohnprjeb47283
CJOHNSTONI_LOCUS1533,rna-CJOHNSTONI_LOCUS1533,158,protein_coding,3-oxoacyl-[acyl-carrier-protein] reductase FabG-like  [Source:UniProtKB/TrEMBL;Acc:A0A8J2LY71],Cercopithifilaria johnstoni (PRJEB47283),protein_coding,cejohnprjeb47283
CJOHNSTONI_LOCUS8021,rna-CJOHNSTONI_LOCUS8021,319,protein_coding,PAP-associated domain-containing protein  [Source:UniProtKB/TrEMBL;Acc:A0A8J2PWZ0],Cercopithifilaria johnstoni (PRJEB47283),protein_coding,cejohnprjeb47283
CJOHNSTONI_LOCUS7425,rna-CJOHNSTONI_LOCUS7425,232,protein_coding,Poly [ADP-ribose] polymerase  [Source:UniProtKB/TrEMBL;Acc:A0A8J2QAP4],Cercopithifilaria johnstoni (PRJEB47283),protein_coding,cejohnprjeb47283
CJOHNSTONI_LOCUS2121,rna-CJOHNSTONI_LOCUS2121,124,protein_coding,EGF-like domain-containing protein  [Source:UniProtKB/TrEMBL;Acc:A0A8J2Q4F0],Cercopithifilaria johnstoni (PRJEB47283),protein_coding,cejohnprjeb47283
CJOHNSTONI_LOCUS2227,rna-CJOHNSTONI_LOCUS2227,121,protein_coding,Ig-like domain-containing protein  [Source:UniProtKB/TrEMBL;Acc:A0A8J2MK43],Cercopithifilaria johnstoni (PRJEB47283),protein_coding,cejohnprjeb47283
CJOHNSTONI_LOCUS1673,rna-CJOHNSTONI_LOCUS1673,186,protein_coding,,Cercopithifilaria johnstoni (PRJEB47283),protein_coding,cejohnprjeb47283
CJOHNSTONI_LOCUS4916,rna-CJOHNSTONI_LOCUS4916,283,protein_coding,DH domain-containing protein  [Source:UniProtKB/TrEMBL;Acc:A0A8J2M484],Cercopithifilaria johnstoni (PRJEB47283),protein_coding,cejohnprjeb47283
CJOHNSTONI_LOCUS7938,rna-CJOHNSTONI_LOCUS7938,266,protein_coding,Sister chromatid cohesion protein pds5  [Source:UniProtKB/TrEMBL;Acc:A0A8J2MAV1],Cercopithifilaria johnstoni (PRJEB47283),protein_coding,cejohnprjeb47283
CJOHNSTONI_LOCUS7488,rna-CJOHNSTONI_LOCUS7488,209,protein_coding,CSN8_PSD8_EIF3K domain-containing protein  [Source:UniProtKB/TrEMBL;Acc:A0A8J2Q8I2],Cercopithifilaria johnstoni (PRJEB47283),protein_coding,cejohnprjeb47283
CJOHNSTONI_LOCUS2065,rna-CJOHNSTONI_LOCUS2065,239,protein_coding,R3H domain-containing protein  [Source:UniProtKB/TrEMBL;Acc:A0A8J2Q193],Cercopithifilaria johnstoni (PRJEB47283),protein_coding,cejohnprjeb47283
CJOHNSTONI_LOCUS5371,rna-CJOHNSTONI_LOCUS5371,212,protein_coding,EF-hand domain-containing protein  [Source:UniProtKB/TrEMBL;Acc:A0A8J2M551],Cercopithifilaria johnstoni (PRJEB47283),protein_coding,cejohnprjeb47283
CJOHNSTONI_LOCUS5479,rna-CJOHNSTONI_LOCUS5479,216,protein_coding,7TM_GPCR_Srx domain-containing protein  [Source:UniProtKB/TrEMBL;Acc:A0A8J2LX24],Cercopithifilaria johnstoni (PRJEB47283),protein_coding,cejohnprjeb47283
CJOHNSTONI_LOCUS7724,rna-CJOHNSTONI_LOCUS7724,199,protein_coding,,Cercopithifilaria johnstoni (PRJEB47283),protein_coding,cejohnprjeb47283
CJOHNSTONI_LOCUS2161,rna-CJOHNSTONI_LOCUS2161,167,protein_coding,ABC2_membrane domain-containing protein  [Source:UniProtKB/TrEMBL;Acc:A0A8J2M1Y7],Cercopithifilaria johnstoni (PRJEB47283),protein_coding,cejohnprjeb47283
CJOHNSTONI_LOCUS7826,rna-CJOHNSTONI_LOCUS7826,257,protein_coding,Ovule protein  [Source:UniProtKB/TrEMBL;Acc:A0A8J2MRU4],Cercopithifilaria johnstoni (PRJEB47283),protein_coding,cejohnprjeb47283
CJOHNSTONI_LOCUS5028,rna-CJOHNSTONI_LOCUS5028,235,protein_coding,Trehalase  [Source:UniProtKB/TrEMBL;Acc:A0A8J2Q3Z5],Cercopithifilaria johnstoni (PRJEB47283),protein_coding,cejohnprjeb47283
CJOHNSTONI_LOCUS607,rna-CJOHNSTONI_LOCUS607,175,protein_coding,Integrator complex subunit 11  [Source:UniProtKB/TrEMBL;Acc:A0A8J2Q870],Cercopithifilaria johnstoni (PRJEB47283),protein_coding,cejohnprjeb47283
CJOHNSTONI_LOCUS3013,rna-CJOHNSTONI_LOCUS3013,198,protein_coding,Proteasome subunit alpha type  [Source:UniProtKB/TrEMBL;Acc:A0A8J2LYX4],Cercopithifilaria johnstoni (PRJEB47283),protein_coding,cejohnprjeb47283
CJOHNSTONI_LOCUS4255,rna-CJOHNSTONI_LOCUS4255,188,protein_coding,UBC core domain-containing protein  [Source:UniProtKB/TrEMBL;Acc:A0A8J2M2S3],Cercopithifilaria johnstoni (PRJEB47283),protein_coding,cejohnprjeb47283
CJOHNSTONI_LOCUS6901,rna-CJOHNSTONI_LOCUS6901,182,protein_coding,Caprin-1_dimer domain-containing protein  [Source:UniProtKB/TrEMBL;Acc:A0A8J2M7H5],Cercopithifilaria johnstoni (PRJEB47283),protein_coding,cejohnprjeb47283
CJOHNSTONI_LOCUS89,rna-CJOHNSTONI_LOCUS89,240,protein_coding,Transporter  [Source:UniProtKB/TrEMBL;Acc:A0A8J2LUZ2],Cercopithifilaria johnstoni (PRJEB47283),protein_coding,cejohnprjeb47283
CJOHNSTONI_LOCUS2587,rna-CJOHNSTONI_LOCUS2587,194,protein_coding,BTB domain-containing protein  [Source:UniProtKB/TrEMBL;Acc:A0A8J2ML36],Cercopithifilaria johnstoni (PRJEB47283),protein_coding,cejohnprjeb47283
CJOHNSTONI_LOCUS2500,rna-CJOHNSTONI_LOCUS2500,243,protein_coding,RING-type domain-containing protein  [Source:UniProtKB/TrEMBL;Acc:A0A8J2LY29],Cercopithifilaria johnstoni (PRJEB47283),protein_coding,cejohnprjeb47283
CJOHNSTONI_LOCUS4461,rna-CJOHNSTONI_LOCUS4461,305,protein_coding,S5 DRBM domain-containing protein  [Source:UniProtKB/TrEMBL;Acc:A0A8J2PT04],Cercopithifilaria johnstoni (PRJEB47283),protein_coding,cejohnprjeb47283
CJOHNSTONI_LOCUS1031,rna-CJOHNSTONI_LOCUS1031,610,protein_coding,Sine oculis-binding protein homolog  [Source:UniProtKB/TrEMBL;Acc:A0A8J2LZR8],Cercopithifilaria johnstoni (PRJEB47283),protein_coding,cejohnprjeb47283
CJOHNSTONI_LOCUS8322,rna-CJOHNSTONI_LOCUS8322,341,protein_coding,Peptidase A1 domain-containing protein  [Source:UniProtKB/TrEMBL;Acc:A0A8J2MDD0],Cercopithifilaria johnstoni (PRJEB47283),protein_coding,cejohnprjeb47283
CJOHNSTONI_LOCUS2445,rna-CJOHNSTONI_LOCUS2445,227,protein_coding,Homeobox_KN domain-containing protein  [Source:UniProtKB/TrEMBL;Acc:A0A8J2M2E5],Cercopithifilaria johnstoni (PRJEB47283),protein_coding,cejohnprjeb47283
CJOHNSTONI_LOCUS6022,rna-CJOHNSTONI_LOCUS6022,494,protein_coding,AXH domain-containing protein  [Source:UniProtKB/TrEMBL;Acc:A0A8J2LZB6],Cercopithifilaria johnstoni (PRJEB47283),protein_coding,cejohnprjeb47283
CJOHNSTONI_LOCUS4337,rna-CJOHNSTONI_LOCUS4337,276,protein_coding,TWiK family of potassium channels protein 7  [Source:UniProtKB/TrEMBL;Acc:A0A8J2PSW8],Cercopithifilaria johnstoni (PRJEB47283),protein_coding,cejohnprjeb47283
CJOHNSTONI_LOCUS7911,rna-CJOHNSTONI_LOCUS7911,187,protein_coding,Small nuclear ribonucleoprotein Sm D1  [Source:UniProtKB/TrEMBL;Acc:A0A8J2MAT1],Cercopithifilaria johnstoni (PRJEB47283),protein_coding,cejohnprjeb47283
CJOHNSTONI_LOCUS972,rna-CJOHNSTONI_LOCUS972,160,protein_coding,KOW domain-containing protein  [Source:UniProtKB/TrEMBL;Acc:A0A8J2MJ68],Cercopithifilaria johnstoni (PRJEB47283),protein_coding,cejohnprjeb47283
CJOHNSTONI_LOCUS7894,rna-CJOHNSTONI_LOCUS7894,237,protein_coding,RING-type E3 ubiquitin transferase  [Source:UniProtKB/TrEMBL;Acc:A0A8J2MSB9],Cercopithifilaria johnstoni (PRJEB47283),protein_coding,cejohnprjeb47283
CJOHNSTONI_LOCUS2408,rna-CJOHNSTONI_LOCUS2408,134,protein_coding,ERAP1_C domain-containing protein  [Source:UniProtKB/TrEMBL;Acc:A0A8J2PRA8],Cercopithifilaria johnstoni (PRJEB47283),protein_coding,cejohnprjeb47283
CJOHNSTONI_LOCUS3378,rna-CJOHNSTONI_LOCUS3378,250,protein_coding,High-affinity choline transporter 1  [Source:UniProtKB/TrEMBL;Acc:A0A8J2M052],Cercopithifilaria johnstoni (PRJEB47283),protein_coding,cejohnprjeb47283
CJOHNSTONI_LOCUS8819,rna-CJOHNSTONI_LOCUS8819,196,protein_coding,WD_REPEATS_REGION domain-containing protein  [Source:UniProtKB/TrEMBL;Acc:A0A8J2PXN4],Cercopithifilaria johnstoni (PRJEB47283),protein_coding,cejohnprjeb47283
CJOHNSTONI_LOCUS4043,rna-CJOHNSTONI_LOCUS4043,190,protein_coding,Protein farnesyltransferase subunit beta  [Source:UniProtKB/TrEMBL;Acc:A0A8J2M540],Cercopithifilaria johnstoni (PRJEB47283),protein_coding,cejohnprjeb47283
CJOHNSTONI_LOCUS2379,rna-CJOHNSTONI_LOCUS2379,837,protein_coding,Tr-type G domain-containing protein  [Source:UniProtKB/TrEMBL;Acc:A0A8J2Q1I2],Cercopithifilaria johnstoni (PRJEB47283),protein_coding,cejohnprjeb47283
CJOHNSTONI_LOCUS8897,rna-CJOHNSTONI_LOCUS8897,314,protein_coding,Transposase  [Source:UniProtKB/TrEMBL;Acc:A0A8J2MAZ5],Cercopithifilaria johnstoni (PRJEB47283),protein_coding,cejohnprjeb47283
CJOHNSTONI_LOCUS2876,rna-CJOHNSTONI_LOCUS2876,245,protein_coding,CR032 protein  [Source:UniProtKB/TrEMBL;Acc:A0A8J2MLE4],Cercopithifilaria johnstoni (PRJEB47283),protein_coding,cejohnprjeb47283
CJOHNSTONI_LOCUS8427,rna-CJOHNSTONI_LOCUS8427,380,protein_coding,Zinc finger protein  [Source:UniProtKB/TrEMBL;Acc:A0A8J2MDJ4],Cercopithifilaria johnstoni (PRJEB47283),protein_coding,cejohnprjeb47283
CJOHNSTONI_LOCUS5510,rna-CJOHNSTONI_LOCUS5510,230,protein_coding,PDZ domain-containing protein  [Source:UniProtKB/TrEMBL;Acc:A0A8J2M5L7],Cercopithifilaria johnstoni (PRJEB47283),protein_coding,cejohnprjeb47283
CJOHNSTONI_LOCUS8471,rna-CJOHNSTONI_LOCUS8471,215,protein_coding,"Acyl-CoA dehydrogenase family member 9, mitochondrial  [Source:UniProtKB/TrEMBL;Acc:A0A8J2MBI3]",Cercopithifilaria johnstoni (PRJEB47283),protein_coding,cejohnprjeb47283
CJOHNSTONI_LOCUS1322,rna-CJOHNSTONI_LOCUS1322,239,protein_coding,Helicase ATP-binding domain-containing protein  [Source:UniProtKB/TrEMBL;Acc:A0A8J2LXS0],Cercopithifilaria johnstoni (PRJEB47283),protein_coding,cejohnprjeb47283
CJOHNSTONI_LOCUS8377,rna-CJOHNSTONI_LOCUS8377,199,protein_coding,Solute carrier family 12 member 6  [Source:UniProtKB/TrEMBL;Acc:A0A8J2MBV3],Cercopithifilaria johnstoni (PRJEB47283),protein_coding,cejohnprjeb47283
CJOHNSTONI_LOCUS6395,rna-CJOHNSTONI_LOCUS6395,189,protein_coding,Apple domain-containing protein  [Source:UniProtKB/TrEMBL;Acc:A0A8J2Q7Z7],Cercopithifilaria johnstoni (PRJEB47283),protein_coding,cejohnprjeb47283
CJOHNSTONI_LOCUS2573,rna-CJOHNSTONI_LOCUS2573,185,protein_coding,Flavodoxin-like domain-containing protein  [Source:UniProtKB/TrEMBL;Acc:A0A8J2M037],Cercopithifilaria johnstoni (PRJEB47283),protein_coding,cejohnprjeb47283
CJOHNSTONI_LOCUS1334,rna-CJOHNSTONI_LOCUS1334,152,protein_coding,Prefoldin subunit  [Source:UniProtKB/TrEMBL;Acc:A0A8J2MIW6],Cercopithifilaria johnstoni (PRJEB47283),protein_coding,cejohnprjeb47283
CJOHNSTONI_LOCUS5406,rna-CJOHNSTONI_LOCUS5406,191,protein_coding,TATA box-binding protein-like 1  [Source:UniProtKB/TrEMBL;Acc:A0A8J2MNS4],Cercopithifilaria johnstoni (PRJEB47283),protein_coding,cejohnprjeb47283
CJOHNSTONI_LOCUS6682,rna-CJOHNSTONI_LOCUS6682,232,protein_coding,Serine/threonine-protein phosphatase 2A regulatory subunit B'' subunit gamma  [Source:UniProtKB/TrEMBL;Acc:A0A8J2M747],Cercopithifilaria johnstoni (PRJEB47283),protein_coding,cejohnprjeb47283
CJOHNSTONI_LOCUS10311,rna-CJOHNSTONI_LOCUS10311,284,protein_coding,Ras-related protein Ral-a  [Source:UniProtKB/TrEMBL;Acc:A0A8J2PZ11],Cercopithifilaria johnstoni (PRJEB47283),protein_coding,cejohnprjeb47283
CJOHNSTONI_LOCUS2239,rna-CJOHNSTONI_LOCUS2239,233,protein_coding,Major sperm protein  [Source:UniProtKB/TrEMBL;Acc:A0A8J2LP93],Cercopithifilaria johnstoni (PRJEB47283),protein_coding,cejohnprjeb47283
CJOHNSTONI_LOCUS3024,rna-CJOHNSTONI_LOCUS3024,194,protein_coding,Protein-tyrosine phosphatase  [Source:UniProtKB/TrEMBL;Acc:A0A8J2PYL7],Cercopithifilaria johnstoni (PRJEB47283),protein_coding,cejohnprjeb47283
CJOHNSTONI_LOCUS8406,rna-CJOHNSTONI_LOCUS8406,212,protein_coding,"DNA-directed RNA polymerases I, II, and III subunit RPABC3  [Source:UniProtKB/TrEMBL;Acc:A0A8J2Q8T0]",Cercopithifilaria johnstoni (PRJEB47283),protein_coding,cejohnprjeb47283
CJOHNSTONI_LOCUS9672,rna-CJOHNSTONI_LOCUS9672,194,protein_coding,Protein kinase domain-containing protein  [Source:UniProtKB/TrEMBL;Acc:A0A8J2QB58],Cercopithifilaria johnstoni (PRJEB47283),protein_coding,cejohnprjeb47283
CJOHNSTONI_LOCUS2925,rna-CJOHNSTONI_LOCUS2925,167,protein_coding,Copine domain-containing protein  [Source:UniProtKB/TrEMBL;Acc:A0A8J2PYI6],Cercopithifilaria johnstoni (PRJEB47283),protein_coding,cejohnprjeb47283
CJOHNSTONI_LOCUS1249,rna-CJOHNSTONI_LOCUS1249,524,protein_coding,Histone H2B  [Source:UniProtKB/TrEMBL;Acc:A0A8J2LPU1],Cercopithifilaria johnstoni (PRJEB47283),protein_coding,cejohnprjeb47283
CJOHNSTONI_LOCUS3463,rna-CJOHNSTONI_LOCUS3463,803,protein_coding,RRM domain-containing protein  [Source:UniProtKB/TrEMBL;Acc:A0A8J2M1P6],Cercopithifilaria johnstoni (PRJEB47283),protein_coding,cejohnprjeb47283
CJOHNSTONI_LOCUS5614,rna-CJOHNSTONI_LOCUS5614,280,protein_coding,,Cercopithifilaria johnstoni (PRJEB47283),protein_coding,cejohnprjeb47283
CJOHNSTONI_LOCUS8254,rna-CJOHNSTONI_LOCUS8254,263,protein_coding,Protein-tyrosine phosphatase  [Source:UniProtKB/TrEMBL;Acc:A0A8J2Q8R7],Cercopithifilaria johnstoni (PRJEB47283),protein_coding,cejohnprjeb47283
CJOHNSTONI_LOCUS6763,rna-CJOHNSTONI_LOCUS6763,238,protein_coding,Homeobox domain-containing protein  [Source:UniProtKB/TrEMBL;Acc:A0A8J2PV07],Cercopithifilaria johnstoni (PRJEB47283),protein_coding,cejohnprjeb47283
CJOHNSTONI_LOCUS3912,rna-CJOHNSTONI_LOCUS3912,229,protein_coding,Galactosylgalactosylxylosylprotein 3-beta-glucuronosyltransferase  [Source:UniProtKB/TrEMBL;Acc:A0A8J2LS87],Cercopithifilaria johnstoni (PRJEB47283),protein_coding,cejohnprjeb47283
CJOHNSTONI_LOCUS8040,rna-CJOHNSTONI_LOCUS8040-2,201,protein_coding,RING-type domain-containing protein  [Source:UniProtKB/TrEMBL;Acc:A0A8J2M970],Cercopithifilaria johnstoni (PRJEB47283),protein_coding,cejohnprjeb47283
CJOHNSTONI_LOCUS5982,rna-CJOHNSTONI_LOCUS5982,175,protein_coding,PHB domain-containing protein  [Source:UniProtKB/TrEMBL;Acc:A0A8J2LZ85],Cercopithifilaria johnstoni (PRJEB47283),protein_coding,cejohnprjeb47283
CJOHNSTONI_LOCUS1254,rna-CJOHNSTONI_LOCUS1254,161,protein_coding,Biogenesis of lysosome-related organelles complex 1 subunit 1  [Source:UniProtKB/TrEMBL;Acc:A0A8J2LXM0],Cercopithifilaria johnstoni (PRJEB47283),protein_coding,cejohnprjeb47283
CJOHNSTONI_LOCUS8045,rna-CJOHNSTONI_LOCUS8045,240,protein_coding,Protection of telomeres protein 1  [Source:UniProtKB/TrEMBL;Acc:A0A8J2MAK8],Cercopithifilaria johnstoni (PRJEB47283),protein_coding,cejohnprjeb47283
CJOHNSTONI_LOCUS4275,rna-CJOHNSTONI_LOCUS4275,220,protein_coding,,Cercopithifilaria johnstoni (PRJEB47283),protein_coding,cejohnprjeb47283
CJOHNSTONI_LOCUS5861,rna-CJOHNSTONI_LOCUS5861,157,protein_coding,40S ribosomal protein S21  [Source:UniProtKB/TrEMBL;Acc:A0A8J2MPL5],Cercopithifilaria johnstoni (PRJEB47283),protein_coding,cejohnprjeb47283
CJOHNSTONI_LOCUS1259,rna-CJOHNSTONI_LOCUS1259,229,protein_coding,,Cercopithifilaria johnstoni (PRJEB47283),protein_coding,cejohnprjeb47283
CJOHNSTONI_LOCUS4386,rna-CJOHNSTONI_LOCUS4386,214,protein_coding,MHD domain-containing protein  [Source:UniProtKB/TrEMBL;Acc:A0A8J2M5J1],Cercopithifilaria johnstoni (PRJEB47283),protein_coding,cejohnprjeb47283
CJOHNSTONI_LOCUS484,rna-CJOHNSTONI_LOCUS484,229,protein_coding,G_PROTEIN_RECEP_F1_2 domain-containing protein  [Source:UniProtKB/TrEMBL;Acc:A0A8J2LTY0],Cercopithifilaria johnstoni (PRJEB47283),protein_coding,cejohnprjeb47283
CJOHNSTONI_LOCUS4241,rna-CJOHNSTONI_LOCUS4241,219,protein_coding,Phosphofurin acidic cluster sorting protein 2  [Source:UniProtKB/TrEMBL;Acc:A0A8J2M2W7],Cercopithifilaria johnstoni (PRJEB47283),protein_coding,cejohnprjeb47283
CJOHNSTONI_LOCUS9720,rna-CJOHNSTONI_LOCUS9720,179,protein_coding,Tubulin-specific chaperone A  [Source:UniProtKB/TrEMBL;Acc:A0A8J2MEW9],Cercopithifilaria johnstoni (PRJEB47283),protein_coding,cejohnprjeb47283
CJOHNSTONI_LOCUS4779,rna-CJOHNSTONI_LOCUS4779,197,protein_coding,Golgi SNAP receptor complex member 2  [Source:UniProtKB/TrEMBL;Acc:A0A8J2M3H4],Cercopithifilaria johnstoni (PRJEB47283),protein_coding,cejohnprjeb47283
CJOHNSTONI_LOCUS6945,rna-CJOHNSTONI_LOCUS6945,178,protein_coding,Tenascin  [Source:UniProtKB/TrEMBL;Acc:A0A8J2Q5J4],Cercopithifilaria johnstoni (PRJEB47283),protein_coding,cejohnprjeb47283
CJOHNSTONI_LOCUS7011,rna-CJOHNSTONI_LOCUS7011,222,protein_coding,AP-2 complex subunit alpha  [Source:UniProtKB/TrEMBL;Acc:A0A8J2Q209],Cercopithifilaria johnstoni (PRJEB47283),protein_coding,cejohnprjeb47283
CJOHNSTONI_LOCUS10078,rna-CJOHNSTONI_LOCUS10078,220,protein_coding,G-patch domain-containing protein  [Source:UniProtKB/TrEMBL;Acc:A0A8J2MFU2],Cercopithifilaria johnstoni (PRJEB47283),protein_coding,cejohnprjeb47283
CJOHNSTONI_LOCUS7328,rna-CJOHNSTONI_LOCUS7328,178,protein_coding,C2H2-type domain-containing protein  [Source:UniProtKB/TrEMBL;Acc:A0A8J2M8W3],Cercopithifilaria johnstoni (PRJEB47283),protein_coding,cejohnprjeb47283
CJOHNSTONI_LOCUS7556,rna-CJOHNSTONI_LOCUS7556,227,protein_coding,HECT domain-containing protein  [Source:UniProtKB/TrEMBL;Acc:A0A8J2M1I4],Cercopithifilaria johnstoni (PRJEB47283),protein_coding,cejohnprjeb47283
CJOHNSTONI_LOCUS1345,rna-CJOHNSTONI_LOCUS1345,205,protein_coding,Phospholipid-transporting ATPase  [Source:UniProtKB/TrEMBL;Acc:A0A8J2PWJ2],Cercopithifilaria johnstoni (PRJEB47283),protein_coding,cejohnprjeb47283
CJOHNSTONI_LOCUS4932,rna-CJOHNSTONI_LOCUS4932,403,protein_coding,Histone-lysine N-methyltransferase  [Source:UniProtKB/TrEMBL;Acc:A0A8J2Q3W6],Cercopithifilaria johnstoni (PRJEB47283),protein_coding,cejohnprjeb47283
CJOHNSTONI_LOCUS1470,rna-CJOHNSTONI_LOCUS1470,302,protein_coding,Cleavage and polyadenylation specificity factor subunit 3  [Source:UniProtKB/TrEMBL;Acc:A0A8J2LY36],Cercopithifilaria johnstoni (PRJEB47283),protein_coding,cejohnprjeb47283
CJOHNSTONI_LOCUS8025,rna-CJOHNSTONI_LOCUS8025,347,protein_coding,FHA domain-containing protein  [Source:UniProtKB/TrEMBL;Acc:A0A8J2M2Z5],Cercopithifilaria johnstoni (PRJEB47283),protein_coding,cejohnprjeb47283
CJOHNSTONI_LOCUS4090,rna-CJOHNSTONI_LOCUS4090,224,protein_coding,ATG11 domain-containing protein  [Source:UniProtKB/TrEMBL;Acc:A0A8J2Q6H8],Cercopithifilaria johnstoni (PRJEB47283),protein_coding,cejohnprjeb47283
CJOHNSTONI_LOCUS4175,rna-CJOHNSTONI_LOCUS4175,166,protein_coding,DJ-1_PfpI domain-containing protein  [Source:UniProtKB/TrEMBL;Acc:A0A8J2M2C9],Cercopithifilaria johnstoni (PRJEB47283),protein_coding,cejohnprjeb47283
CJOHNSTONI_LOCUS9217,rna-CJOHNSTONI_LOCUS9217,311,protein_coding,Ovule protein  [Source:UniProtKB/TrEMBL;Acc:A0A8J2MDH4],Cercopithifilaria johnstoni (PRJEB47283),protein_coding,cejohnprjeb47283
CJOHNSTONI_LOCUS6539,rna-CJOHNSTONI_LOCUS6539,333,protein_coding,Flocculation protein FLO11-like  [Source:UniProtKB/TrEMBL;Acc:A0A8J2M041],Cercopithifilaria johnstoni (PRJEB47283),protein_coding,cejohnprjeb47283
CJOHNSTONI_LOCUS4874,rna-CJOHNSTONI_LOCUS4874,428,protein_coding,Ground-like domain-containing protein  [Source:UniProtKB/TrEMBL;Acc:A0A8J2M411],Cercopithifilaria johnstoni (PRJEB47283),protein_coding,cejohnprjeb47283
CJOHNSTONI_LOCUS3585,rna-CJOHNSTONI_LOCUS3585,366,protein_coding,SH3 domain-containing GRB2-like protein  [Source:UniProtKB/TrEMBL;Acc:A0A8J2M1X3],Cercopithifilaria johnstoni (PRJEB47283),protein_coding,cejohnprjeb47283
CJOHNSTONI_LOCUS6769,rna-CJOHNSTONI_LOCUS6769,193,protein_coding,Insulin-degrading enzyme  [Source:UniProtKB/TrEMBL;Acc:A0A8J2M6S0],Cercopithifilaria johnstoni (PRJEB47283),protein_coding,cejohnprjeb47283
CJOHNSTONI_LOCUS2911,rna-CJOHNSTONI_LOCUS2911,191,protein_coding,Testin  [Source:UniProtKB/TrEMBL;Acc:A0A8J2Q242],Cercopithifilaria johnstoni (PRJEB47283),protein_coding,cejohnprjeb47283
CJOHNSTONI_LOCUS2256,rna-CJOHNSTONI_LOCUS2256,198,protein_coding,Fibulin-1-like  [Source:UniProtKB/TrEMBL;Acc:A0A8J2MK55],Cercopithifilaria johnstoni (PRJEB47283),protein_coding,cejohnprjeb47283
CJOHNSTONI_LOCUS2169,rna-CJOHNSTONI_LOCUS2169,121,protein_coding,HIG1 domain-containing protein  [Source:UniProtKB/TrEMBL;Acc:A0A8J2Q911],Cercopithifilaria johnstoni (PRJEB47283),protein_coding,cejohnprjeb47283
CJOHNSTONI_LOCUS3811,rna-CJOHNSTONI_LOCUS3811,303,protein_coding,Metalloendopeptidase  [Source:UniProtKB/TrEMBL;Acc:A0A8J2Q625],Cercopithifilaria johnstoni (PRJEB47283),protein_coding,cejohnprjeb47283
CJOHNSTONI_LOCUS1908,rna-CJOHNSTONI_LOCUS1908,249,protein_coding,NIDO domain-containing protein  [Source:UniProtKB/TrEMBL;Acc:A0A8J2MKB0],Cercopithifilaria johnstoni (PRJEB47283),protein_coding,cejohnprjeb47283
CJOHNSTONI_LOCUS6910,rna-CJOHNSTONI_LOCUS6910,213,protein_coding,,Cercopithifilaria johnstoni (PRJEB47283),protein_coding,cejohnprjeb47283
CJOHNSTONI_LOCUS1054,rna-CJOHNSTONI_LOCUS1054,205,protein_coding,SH2 domain-containing protein  [Source:UniProtKB/TrEMBL;Acc:A0A8J2LPF8],Cercopithifilaria johnstoni (PRJEB47283),protein_coding,cejohnprjeb47283
CJOHNSTONI_LOCUS6150,rna-CJOHNSTONI_LOCUS6150,154,protein_coding,Myosin-VI_CBD domain-containing protein  [Source:UniProtKB/TrEMBL;Acc:A0A8J2M6T9],Cercopithifilaria johnstoni (PRJEB47283),protein_coding,cejohnprjeb47283
CJOHNSTONI_LOCUS1677,rna-CJOHNSTONI_LOCUS1677,2967,protein_coding,ANK_REP_REGION domain-containing protein  [Source:UniProtKB/TrEMBL;Acc:A0A8J2PQN6],Cercopithifilaria johnstoni (PRJEB47283),protein_coding,cejohnprjeb47283
CJOHNSTONI_LOCUS3531,rna-CJOHNSTONI_LOCUS3531,138,protein_coding,NADH dehydrogenase [ubiquinone] 1 beta subcomplex subunit 6  [Source:UniProtKB/TrEMBL;Acc:A0A8J2M1T8],Cercopithifilaria johnstoni (PRJEB47283),protein_coding,cejohnprjeb47283
CJOHNSTONI_LOCUS353,rna-CJOHNSTONI_LOCUS353,146,protein_coding,RNA polymerase II subunit A C-terminal domain phosphatase SSU72  [Source:UniProtKB/TrEMBL;Acc:A0A8J2MHB5],Cercopithifilaria johnstoni (PRJEB47283),protein_coding,cejohnprjeb47283
CJOHNSTONI_LOCUS8094,rna-CJOHNSTONI_LOCUS8094,216,protein_coding,,Cercopithifilaria johnstoni (PRJEB47283),protein_coding,cejohnprjeb47283
CJOHNSTONI_LOCUS1770,rna-CJOHNSTONI_LOCUS1770,254,protein_coding,BED-type domain-containing protein  [Source:UniProtKB/TrEMBL;Acc:A0A8J2MJK0],Cercopithifilaria johnstoni (PRJEB47283),protein_coding,cejohnprjeb47283
CJOHNSTONI_LOCUS9002,rna-CJOHNSTONI_LOCUS9002,288,protein_coding,RRM domain-containing protein  [Source:UniProtKB/TrEMBL;Acc:A0A8J2PXU0],Cercopithifilaria johnstoni (PRJEB47283),protein_coding,cejohnprjeb47283
CJOHNSTONI_LOCUS1825,rna-CJOHNSTONI_LOCUS1825,185,protein_coding,ZP domain-containing protein  [Source:UniProtKB/TrEMBL;Acc:A0A8J2MJM3],Cercopithifilaria johnstoni (PRJEB47283),protein_coding,cejohnprjeb47283
CJOHNSTONI_LOCUS7168,rna-CJOHNSTONI_LOCUS7168,242,protein_coding,GTP-binding protein  [Source:UniProtKB/TrEMBL;Acc:A0A8J2M924],Cercopithifilaria johnstoni (PRJEB47283),protein_coding,cejohnprjeb47283
CJOHNSTONI_LOCUS2554,rna-CJOHNSTONI_LOCUS2554,239,protein_coding,Peptidase_S9 domain-containing protein  [Source:UniProtKB/TrEMBL;Acc:A0A8J2LPR7],Cercopithifilaria johnstoni (PRJEB47283),protein_coding,cejohnprjeb47283
CJOHNSTONI_LOCUS3739,rna-CJOHNSTONI_LOCUS3739,260,protein_coding,Zinc transporter SLC39A7  [Source:UniProtKB/TrEMBL;Acc:A0A8J2Q2R0],Cercopithifilaria johnstoni (PRJEB47283),protein_coding,cejohnprjeb47283
CJOHNSTONI_LOCUS6244,rna-CJOHNSTONI_LOCUS6244,220,protein_coding,ZP domain-containing protein  [Source:UniProtKB/TrEMBL;Acc:A0A8J2M765],Cercopithifilaria johnstoni (PRJEB47283),protein_coding,cejohnprjeb47283
CJOHNSTONI_LOCUS9111,rna-CJOHNSTONI_LOCUS9111,1085,protein_coding,Zinc finger protein 239-like  [Source:UniProtKB/TrEMBL;Acc:A0A8J2MDK1],Cercopithifilaria johnstoni (PRJEB47283),protein_coding,cejohnprjeb47283
CJOHNSTONI_LOCUS5841,rna-CJOHNSTONI_LOCUS5841,515,protein_coding,receptor protein-tyrosine kinase  [Source:UniProtKB/TrEMBL;Acc:A0A8J2Q7N8],Cercopithifilaria johnstoni (PRJEB47283),protein_coding,cejohnprjeb47283
CJOHNSTONI_LOCUS7831,rna-CJOHNSTONI_LOCUS7831,305,protein_coding,Spermatogenesis-associated protein 5  [Source:UniProtKB/TrEMBL;Acc:A0A8J2MAL2],Cercopithifilaria johnstoni (PRJEB47283),protein_coding,cejohnprjeb47283
CJOHNSTONI_LOCUS2991,rna-CJOHNSTONI_LOCUS2991,294,protein_coding,S-adenosylmethionine mitochondrial carrier protein  [Source:UniProtKB/TrEMBL;Acc:A0A8J2Q574],Cercopithifilaria johnstoni (PRJEB47283),protein_coding,cejohnprjeb47283
CJOHNSTONI_LOCUS8463,rna-CJOHNSTONI_LOCUS8463,209,protein_coding,Ovule protein  [Source:UniProtKB/TrEMBL;Acc:A0A8J2QAX0],Cercopithifilaria johnstoni (PRJEB47283),protein_coding,cejohnprjeb47283
CJOHNSTONI_LOCUS5599,rna-CJOHNSTONI_LOCUS5599,283,protein_coding,60S ribosomal protein L8  [Source:UniProtKB/TrEMBL;Acc:A0A8J2M497],Cercopithifilaria johnstoni (PRJEB47283),protein_coding,cejohnprjeb47283
CJOHNSTONI_LOCUS4248,rna-CJOHNSTONI_LOCUS4248,251,protein_coding,HTH CENPB-type domain-containing protein  [Source:UniProtKB/TrEMBL;Acc:A0A8J2PZR1],Cercopithifilaria johnstoni (PRJEB47283),protein_coding,cejohnprjeb47283
CJOHNSTONI_LOCUS9314,rna-CJOHNSTONI_LOCUS9314,177,protein_coding,Protein kinase domain-containing protein  [Source:UniProtKB/TrEMBL;Acc:A0A8J2MTZ0],Cercopithifilaria johnstoni (PRJEB47283),protein_coding,cejohnprjeb47283
CJOHNSTONI_LOCUS10005,rna-CJOHNSTONI_LOCUS10005,176,protein_coding,Major sperm protein  [Source:UniProtKB/TrEMBL;Acc:A0A8J2MVA8],Cercopithifilaria johnstoni (PRJEB47283),protein_coding,cejohnprjeb47283
CJOHNSTONI_LOCUS3139,rna-CJOHNSTONI_LOCUS3139,230,protein_coding,Protein BUD31 homolog  [Source:UniProtKB/TrEMBL;Acc:A0A8J2MLN4],Cercopithifilaria johnstoni (PRJEB47283),protein_coding,cejohnprjeb47283
CJOHNSTONI_LOCUS2982,rna-CJOHNSTONI_LOCUS2982,210,protein_coding,Transmembrane protein  [Source:UniProtKB/TrEMBL;Acc:A0A8J2PYK4],Cercopithifilaria johnstoni (PRJEB47283),protein_coding,cejohnprjeb47283
CJOHNSTONI_LOCUS10159,rna-CJOHNSTONI_LOCUS10159,197,protein_coding,Pecanex-like protein  [Source:UniProtKB/TrEMBL;Acc:A0A8J2MEX2],Cercopithifilaria johnstoni (PRJEB47283),protein_coding,cejohnprjeb47283
CJOHNSTONI_LOCUS7048,rna-CJOHNSTONI_LOCUS7048,374,protein_coding,USP domain-containing protein  [Source:UniProtKB/TrEMBL;Acc:A0A8J2M8U0],Cercopithifilaria johnstoni (PRJEB47283),protein_coding,cejohnprjeb47283
CJOHNSTONI_LOCUS848,rna-CJOHNSTONI_LOCUS848,175,protein_coding,Neuropeptide-like protein 31  [Source:UniProtKB/TrEMBL;Acc:A0A8J2MI28],Cercopithifilaria johnstoni (PRJEB47283),protein_coding,cejohnprjeb47283
CJOHNSTONI_LOCUS3897,rna-CJOHNSTONI_LOCUS3897,203,protein_coding,SERPIN domain-containing protein  [Source:UniProtKB/TrEMBL;Acc:A0A8J2LUT7],Cercopithifilaria johnstoni (PRJEB47283),protein_coding,cejohnprjeb47283
CJOHNSTONI_LOCUS8328,rna-CJOHNSTONI_LOCUS8328,204,protein_coding,Biogenesis of lysosome-related organelles complex 1 subunit 1  [Source:UniProtKB/TrEMBL;Acc:A0A8J2PX83],Cercopithifilaria johnstoni (PRJEB47283),protein_coding,cejohnprjeb47283
CJOHNSTONI_LOCUS9552,rna-CJOHNSTONI_LOCUS9552,173,protein_coding,Protein FMC1 homolog  [Source:UniProtKB/TrEMBL;Acc:A0A8J2MDU2],Cercopithifilaria johnstoni (PRJEB47283),protein_coding,cejohnprjeb47283
CJOHNSTONI_LOCUS3413,rna-CJOHNSTONI_LOCUS3413,219,protein_coding,IRS-type PTB domain-containing protein  [Source:UniProtKB/TrEMBL;Acc:A0A8J2PYY7],Cercopithifilaria johnstoni (PRJEB47283),protein_coding,cejohnprjeb47283
CJOHNSTONI_LOCUS2022,rna-CJOHNSTONI_LOCUS2022,202,protein_coding,Sodium/hydrogen exchanger  [Source:UniProtKB/TrEMBL;Acc:A0A8J2Q182],Cercopithifilaria johnstoni (PRJEB47283),protein_coding,cejohnprjeb47283
CJOHNSTONI_LOCUS10465,rna-CJOHNSTONI_LOCUS10465,170,protein_coding,Tubulin alpha chain  [Source:UniProtKB/TrEMBL;Acc:A0A8J2PZ62],Cercopithifilaria johnstoni (PRJEB47283),protein_coding,cejohnprjeb47283
CJOHNSTONI_LOCUS3989,rna-CJOHNSTONI_LOCUS3989,144,protein_coding,THO complex subunit 7 homolog  [Source:UniProtKB/TrEMBL;Acc:A0A8J2M216],Cercopithifilaria johnstoni (PRJEB47283),protein_coding,cejohnprjeb47283
CJOHNSTONI_LOCUS6519,rna-CJOHNSTONI_LOCUS6519,233,protein_coding,Kinase  [Source:UniProtKB/TrEMBL;Acc:A0A8J2M6V1],Cercopithifilaria johnstoni (PRJEB47283),protein_coding,cejohnprjeb47283
CJOHNSTONI_LOCUS5131,rna-CJOHNSTONI_LOCUS5131,166,protein_coding,Transthyretin-like family protein  [Source:UniProtKB/TrEMBL;Acc:A0A8J2M3B1],Cercopithifilaria johnstoni (PRJEB47283),protein_coding,cejohnprjeb47283
CJOHNSTONI_LOCUS7648,rna-CJOHNSTONI_LOCUS7648,166,protein_coding,BZIP domain-containing protein  [Source:UniProtKB/TrEMBL;Acc:A0A8J2M8U9],Cercopithifilaria johnstoni (PRJEB47283),protein_coding,cejohnprjeb47283
CJOHNSTONI_LOCUS1821,rna-CJOHNSTONI_LOCUS1821,220,protein_coding,CBS domain-containing protein  [Source:UniProtKB/TrEMBL;Acc:A0A8J2Q123],Cercopithifilaria johnstoni (PRJEB47283),protein_coding,cejohnprjeb47283
CJOHNSTONI_LOCUS8364,rna-CJOHNSTONI_LOCUS8364,202,protein_coding,Secreted protein  [Source:UniProtKB/TrEMBL;Acc:A0A8J2MBX8],Cercopithifilaria johnstoni (PRJEB47283),protein_coding,cejohnprjeb47283
CJOHNSTONI_LOCUS2730,rna-CJOHNSTONI_LOCUS2730,587,protein_coding,,Cercopithifilaria johnstoni (PRJEB47283),protein_coding,cejohnprjeb47283
CJOHNSTONI_LOCUS2674,rna-CJOHNSTONI_LOCUS2674,143,protein_coding,Col_cuticle_N domain-containing protein  [Source:UniProtKB/TrEMBL;Acc:A0A8J2LPY5],Cercopithifilaria johnstoni (PRJEB47283),protein_coding,cejohnprjeb47283
CJOHNSTONI_LOCUS2111,rna-CJOHNSTONI_LOCUS2111,85,protein_coding,PsbA  [Source:UniProtKB/TrEMBL;Acc:A0A8J2LP13],Cercopithifilaria johnstoni (PRJEB47283),protein_coding,cejohnprjeb47283
CJOHNSTONI_LOCUS3083,rna-CJOHNSTONI_LOCUS3083,288,protein_coding,Rab-GAP TBC domain-containing protein  [Source:UniProtKB/TrEMBL;Acc:A0A8J2MLL7],Cercopithifilaria johnstoni (PRJEB47283),protein_coding,cejohnprjeb47283
CJOHNSTONI_LOCUS10031,rna-CJOHNSTONI_LOCUS10031,1015,protein_coding,Ground-like domain-containing protein  [Source:UniProtKB/TrEMBL;Acc:A0A8J2MUL2],Cercopithifilaria johnstoni (PRJEB47283),protein_coding,cejohnprjeb47283
CJOHNSTONI_LOCUS2509,rna-CJOHNSTONI_LOCUS2509,242,protein_coding,Armadillo repeat protein  [Source:UniProtKB/TrEMBL;Acc:A0A8J2PRD0],Cercopithifilaria johnstoni (PRJEB47283),protein_coding,cejohnprjeb47283
CJOHNSTONI_LOCUS929,rna-CJOHNSTONI_LOCUS929,381,protein_coding,Glycosyltransferase family 25 (LPS biosynthesis protein)  [Source:UniProtKB/TrEMBL;Acc:A0A8J2MI72],Cercopithifilaria johnstoni (PRJEB47283),protein_coding,cejohnprjeb47283
CJOHNSTONI_LOCUS4500,rna-CJOHNSTONI_LOCUS4500,240,protein_coding,UDP-glucose:glycoprotein glucosyltransferase  [Source:UniProtKB/TrEMBL;Acc:A0A8J2M2Y0],Cercopithifilaria johnstoni (PRJEB47283),protein_coding,cejohnprjeb47283
CJOHNSTONI_LOCUS2217,rna-CJOHNSTONI_LOCUS2217,360,protein_coding,Chaoptin  [Source:UniProtKB/TrEMBL;Acc:A0A8J2LX57],Cercopithifilaria johnstoni (PRJEB47283),protein_coding,cejohnprjeb47283
CJOHNSTONI_LOCUS538,rna-CJOHNSTONI_LOCUS538,230,protein_coding,,Cercopithifilaria johnstoni (PRJEB47283),protein_coding,cejohnprjeb47283
CJOHNSTONI_LOCUS6520,rna-CJOHNSTONI_LOCUS6520,223,protein_coding,Syntrophin-1  [Source:UniProtKB/TrEMBL;Acc:A0A8J2Q826],Cercopithifilaria johnstoni (PRJEB47283),protein_coding,cejohnprjeb47283
CJOHNSTONI_LOCUS9108,rna-CJOHNSTONI_LOCUS9108,1445,protein_coding,Zinc finger protein 501-like  [Source:UniProtKB/TrEMBL;Acc:A0A8J2MF18],Cercopithifilaria johnstoni (PRJEB47283),protein_coding,cejohnprjeb47283
CJOHNSTONI_LOCUS1410,rna-CJOHNSTONI_LOCUS1410,268,protein_coding,Prothymosin alpha-like  [Source:UniProtKB/TrEMBL;Acc:A0A8J2LVX8],Cercopithifilaria johnstoni (PRJEB47283),protein_coding,cejohnprjeb47283
CJOHNSTONI_LOCUS1182,rna-CJOHNSTONI_LOCUS1182,179,protein_coding,,Cercopithifilaria johnstoni (PRJEB47283),protein_coding,cejohnprjeb47283
CJOHNSTONI_LOCUS3303,rna-CJOHNSTONI_LOCUS3303,271,protein_coding,Ima1_N domain-containing protein  [Source:UniProtKB/TrEMBL;Acc:A0A8J2LQS9],Cercopithifilaria johnstoni (PRJEB47283),protein_coding,cejohnprjeb47283
CJOHNSTONI_LOCUS1493,rna-CJOHNSTONI_LOCUS1493,155,protein_coding,Protein FAM76A  [Source:UniProtKB/TrEMBL;Acc:A0A8J2MJU3],Cercopithifilaria johnstoni (PRJEB47283),protein_coding,cejohnprjeb47283
CJOHNSTONI_LOCUS1666,rna-CJOHNSTONI_LOCUS1666,245,protein_coding,PNPLA domain-containing protein  [Source:UniProtKB/TrEMBL;Acc:A0A8J2Q8R1],Cercopithifilaria johnstoni (PRJEB47283),protein_coding,cejohnprjeb47283
CJOHNSTONI_LOCUS1421,rna-CJOHNSTONI_LOCUS1421,164,protein_coding,NEDD8-activating enzyme E1 catalytic subunit  [Source:UniProtKB/TrEMBL;Acc:A0A8J2MJR7],Cercopithifilaria johnstoni (PRJEB47283),protein_coding,cejohnprjeb47283
CJOHNSTONI_LOCUS256,rna-CJOHNSTONI_LOCUS256,224,protein_coding,RING-type E3 ubiquitin transferase  [Source:UniProtKB/TrEMBL;Acc:A0A8J2LTR8],Cercopithifilaria johnstoni (PRJEB47283),protein_coding,cejohnprjeb47283
CJOHNSTONI_LOCUS4120,rna-CJOHNSTONI_LOCUS4120,136,protein_coding,Transposase  [Source:UniProtKB/TrEMBL;Acc:A0A8J2Q315],Cercopithifilaria johnstoni (PRJEB47283),protein_coding,cejohnprjeb47283
CJOHNSTONI_LOCUS2125,rna-CJOHNSTONI_LOCUS2125,317,protein_coding,,Cercopithifilaria johnstoni (PRJEB47283),protein_coding,cejohnprjeb47283
CJOHNSTONI_LOCUS766,rna-CJOHNSTONI_LOCUS766,358,protein_coding,T-box domain-containing protein  [Source:UniProtKB/TrEMBL;Acc:A0A8J2MIL4],Cercopithifilaria johnstoni (PRJEB47283),protein_coding,cejohnprjeb47283
CJOHNSTONI_LOCUS3429,rna-CJOHNSTONI_LOCUS3429,307,protein_coding,Ras-related protein Rab-5B  [Source:UniProtKB/TrEMBL;Acc:A0A8J2LU01],Cercopithifilaria johnstoni (PRJEB47283),protein_coding,cejohnprjeb47283
CJOHNSTONI_LOCUS3279,rna-CJOHNSTONI_LOCUS3279,211,protein_coding,SET domain-containing protein  [Source:UniProtKB/TrEMBL;Acc:A0A8J2MLT3],Cercopithifilaria johnstoni (PRJEB47283),protein_coding,cejohnprjeb47283
CJOHNSTONI_LOCUS6314,rna-CJOHNSTONI_LOCUS6314,297,protein_coding,,Cercopithifilaria johnstoni (PRJEB47283),protein_coding,cejohnprjeb47283
CJOHNSTONI_LOCUS6385,rna-CJOHNSTONI_LOCUS6385,214,protein_coding,Aquaporin-9  [Source:UniProtKB/TrEMBL;Acc:A0A8J2QAG7],Cercopithifilaria johnstoni (PRJEB47283),protein_coding,cejohnprjeb47283
CJOHNSTONI_LOCUS7679,rna-CJOHNSTONI_LOCUS7679,212,protein_coding,,Cercopithifilaria johnstoni (PRJEB47283),protein_coding,cejohnprjeb47283
CJOHNSTONI_LOCUS6278,rna-CJOHNSTONI_LOCUS6278,192,protein_coding,Ubiquitin carboxyl-terminal hydrolase  [Source:UniProtKB/TrEMBL;Acc:A0A8J2Q1G7],Cercopithifilaria johnstoni (PRJEB47283),protein_coding,cejohnprjeb47283
CJOHNSTONI_LOCUS6371,rna-CJOHNSTONI_LOCUS6371,191,protein_coding,,Cercopithifilaria johnstoni (PRJEB47283),protein_coding,cejohnprjeb47283
CJOHNSTONI_LOCUS9437,rna-CJOHNSTONI_LOCUS9437,167,protein_coding,HIT domain-containing protein  [Source:UniProtKB/TrEMBL;Acc:A0A8J2M5R5],Cercopithifilaria johnstoni (PRJEB47283),protein_coding,cejohnprjeb47283
CJOHNSTONI_LOCUS4444,rna-CJOHNSTONI_LOCUS4444,392,protein_coding,BACK domain-containing protein  [Source:UniProtKB/TrEMBL;Acc:A0A8J2M3E5],Cercopithifilaria johnstoni (PRJEB47283),protein_coding,cejohnprjeb47283
CJOHNSTONI_LOCUS6515,rna-CJOHNSTONI_LOCUS6515,214,protein_coding,RNA-binding protein NOB1  [Source:UniProtKB/TrEMBL;Acc:A0A8J2M999],Cercopithifilaria johnstoni (PRJEB47283),protein_coding,cejohnprjeb47283
CJOHNSTONI_LOCUS6489,rna-CJOHNSTONI_LOCUS6489,200,protein_coding,Dolichyl-diphosphooligosaccharide--protein glycosyltransferase subunit KCP2  [Source:UniProtKB/TrEMBL;Acc:A0A8J2M6T7],Cercopithifilaria johnstoni (PRJEB47283),protein_coding,cejohnprjeb47283
CJOHNSTONI_LOCUS7527,rna-CJOHNSTONI_LOCUS7527,292,protein_coding,Dipeptidyl peptidase 9  [Source:UniProtKB/TrEMBL;Acc:A0A8J2M1H2],Cercopithifilaria johnstoni (PRJEB47283),protein_coding,cejohnprjeb47283
CJOHNSTONI_LOCUS2997,rna-CJOHNSTONI_LOCUS2997,312,protein_coding,HATPase_c domain-containing protein  [Source:UniProtKB/TrEMBL;Acc:A0A8J2LYW5],Cercopithifilaria johnstoni (PRJEB47283),protein_coding,cejohnprjeb47283
CJOHNSTONI_LOCUS6207,rna-CJOHNSTONI_LOCUS6207,174,protein_coding,protein-ribulosamine 3-kinase  [Source:UniProtKB/TrEMBL;Acc:A0A8J2Q7V8],Cercopithifilaria johnstoni (PRJEB47283),protein_coding,cejohnprjeb47283
CJOHNSTONI_LOCUS5137,rna-CJOHNSTONI_LOCUS5137,172,protein_coding,ADP-ribosylation factor-like protein 3  [Source:UniProtKB/TrEMBL;Acc:A0A8J2Q7A4],Cercopithifilaria johnstoni (PRJEB47283),protein_coding,cejohnprjeb47283
CJOHNSTONI_LOCUS9436,rna-CJOHNSTONI_LOCUS9436,224,protein_coding,BTB domain-containing protein  [Source:UniProtKB/TrEMBL;Acc:A0A8J2M4P1],Cercopithifilaria johnstoni (PRJEB47283),protein_coding,cejohnprjeb47283
CJOHNSTONI_LOCUS3861,rna-CJOHNSTONI_LOCUS3861,446,protein_coding,Archease domain-containing protein  [Source:UniProtKB/TrEMBL;Acc:A0A8J2M4S7],Cercopithifilaria johnstoni (PRJEB47283),protein_coding,cejohnprjeb47283
CJOHNSTONI_LOCUS872,rna-CJOHNSTONI_LOCUS872,172,protein_coding,,Cercopithifilaria johnstoni (PRJEB47283),protein_coding,cejohnprjeb47283
CJOHNSTONI_LOCUS1585,rna-CJOHNSTONI_LOCUS1585,170,protein_coding,ABC transporter domain-containing protein  [Source:UniProtKB/TrEMBL;Acc:A0A8J2LWA8],Cercopithifilaria johnstoni (PRJEB47283),protein_coding,cejohnprjeb47283
CJOHNSTONI_LOCUS2309,rna-CJOHNSTONI_LOCUS2309,295,protein_coding,Ovule protein  [Source:UniProtKB/TrEMBL;Acc:A0A8J2MK82],Cercopithifilaria johnstoni (PRJEB47283),protein_coding,cejohnprjeb47283
CJOHNSTONI_LOCUS394,rna-CJOHNSTONI_LOCUS394,236,protein_coding,"Isocitrate dehydrogenase [NAD] subunit, mitochondrial  [Source:UniProtKB/TrEMBL;Acc:A0A8J2LVS0]",Cercopithifilaria johnstoni (PRJEB47283),protein_coding,cejohnprjeb47283
CJOHNSTONI_LOCUS6352,rna-CJOHNSTONI_LOCUS6352,154,protein_coding,N-acetyltransferase domain-containing protein  [Source:UniProtKB/TrEMBL;Acc:A0A8J2M6L3],Cercopithifilaria johnstoni (PRJEB47283),protein_coding,cejohnprjeb47283
CJOHNSTONI_LOCUS403,rna-CJOHNSTONI_LOCUS403,1301,protein_coding,Nuclear receptor domain-containing protein  [Source:UniProtKB/TrEMBL;Acc:A0A8J2LL86],Cercopithifilaria johnstoni (PRJEB47283),protein_coding,cejohnprjeb47283
CJOHNSTONI_LOCUS3915,rna-CJOHNSTONI_LOCUS3915,300,protein_coding,Col_cuticle_N domain-containing protein  [Source:UniProtKB/TrEMBL;Acc:A0A8J2MLZ1],Cercopithifilaria johnstoni (PRJEB47283),protein_coding,cejohnprjeb47283
CJOHNSTONI_LOCUS2215,rna-CJOHNSTONI_LOCUS2215,289,protein_coding,Reelin  [Source:UniProtKB/TrEMBL;Acc:A0A8J2M220],Cercopithifilaria johnstoni (PRJEB47283),protein_coding,cejohnprjeb47283
CJOHNSTONI_LOCUS4189,rna-CJOHNSTONI_LOCUS4189,215,protein_coding,Eukaryotic translation initiation factor 3 subunit D  [Source:UniProtKB/TrEMBL;Acc:A0A8J2M317],Cercopithifilaria johnstoni (PRJEB47283),protein_coding,cejohnprjeb47283
CJOHNSTONI_LOCUS9837,rna-CJOHNSTONI_LOCUS9837,260,protein_coding,Velvet domain-containing protein  [Source:UniProtKB/TrEMBL;Acc:A0A8J2QB70],Cercopithifilaria johnstoni (PRJEB47283),protein_coding,cejohnprjeb47283
CJOHNSTONI_LOCUS6510,rna-CJOHNSTONI_LOCUS6510,227,protein_coding,Ovule protein  [Source:UniProtKB/TrEMBL;Acc:A0A8J2M021],Cercopithifilaria johnstoni (PRJEB47283),protein_coding,cejohnprjeb47283
CJOHNSTONI_LOCUS1680,rna-CJOHNSTONI_LOCUS1680,203,protein_coding,Arrestin_C domain-containing protein  [Source:UniProtKB/TrEMBL;Acc:A0A8J2Q8R6],Cercopithifilaria johnstoni (PRJEB47283),protein_coding,cejohnprjeb47283
CJOHNSTONI_LOCUS6979,rna-CJOHNSTONI_LOCUS6979,200,protein_coding,40S ribosomal protein S16  [Source:UniProtKB/TrEMBL;Acc:A0A8J2MR27],Cercopithifilaria johnstoni (PRJEB47283),protein_coding,cejohnprjeb47283
CJOHNSTONI_LOCUS6432,rna-CJOHNSTONI_LOCUS6432,200,protein_coding,Peptidase S1 domain-containing protein  [Source:UniProtKB/TrEMBL;Acc:A0A8J2M6Z4],Cercopithifilaria johnstoni (PRJEB47283),protein_coding,cejohnprjeb47283
CJOHNSTONI_LOCUS6062,rna-CJOHNSTONI_LOCUS6062,216,protein_coding,AAA domain-containing protein  [Source:UniProtKB/TrEMBL;Acc:A0A8J2QAE3],Cercopithifilaria johnstoni (PRJEB47283),protein_coding,cejohnprjeb47283
CJOHNSTONI_LOCUS6997,rna-CJOHNSTONI_LOCUS6997,168,protein_coding,,Cercopithifilaria johnstoni (PRJEB47283),protein_coding,cejohnprjeb47283
CJOHNSTONI_LOCUS6137,rna-CJOHNSTONI_LOCUS6137,219,protein_coding,Tubulin gamma chain  [Source:UniProtKB/TrEMBL;Acc:A0A8J2M6H0],Cercopithifilaria johnstoni (PRJEB47283),protein_coding,cejohnprjeb47283
CJOHNSTONI_LOCUS9867,rna-CJOHNSTONI_LOCUS9867,165,protein_coding,DUF4806 domain-containing protein  [Source:UniProtKB/TrEMBL;Acc:A0A8J2M5C3],Cercopithifilaria johnstoni (PRJEB47283),protein_coding,cejohnprjeb47283
CJOHNSTONI_LOCUS6132,rna-CJOHNSTONI_LOCUS6132,130,protein_coding,NAM-associated domain-containing protein  [Source:UniProtKB/TrEMBL;Acc:A0A8J2M559],Cercopithifilaria johnstoni (PRJEB47283),protein_coding,cejohnprjeb47283
CJOHNSTONI_LOCUS4850,rna-CJOHNSTONI_LOCUS4850,171,protein_coding,,Cercopithifilaria johnstoni (PRJEB47283),protein_coding,cejohnprjeb47283
CJOHNSTONI_LOCUS1041,rna-CJOHNSTONI_LOCUS1041,248,protein_coding,TPR_REGION domain-containing protein  [Source:UniProtKB/TrEMBL;Acc:A0A8J2LM92],Cercopithifilaria johnstoni (PRJEB47283),protein_coding,cejohnprjeb47283
CJOHNSTONI_LOCUS8248,rna-CJOHNSTONI_LOCUS8248,147,protein_coding,Magnetosome protein Mad26  [Source:UniProtKB/TrEMBL;Acc:A0A8J2MSV2],Cercopithifilaria johnstoni (PRJEB47283),protein_coding,cejohnprjeb47283
CJOHNSTONI_LOCUS517,rna-CJOHNSTONI_LOCUS517,206,protein_coding,LXG domain-containing protein  [Source:UniProtKB/TrEMBL;Acc:A0A8J2LWA2],Cercopithifilaria johnstoni (PRJEB47283),protein_coding,cejohnprjeb47283
CJOHNSTONI_LOCUS259,rna-CJOHNSTONI_LOCUS259,295,protein_coding,UBA domain-containing protein  [Source:UniProtKB/TrEMBL;Acc:A0A8J2Q317],Cercopithifilaria johnstoni (PRJEB47283),protein_coding,cejohnprjeb47283
CJOHNSTONI_LOCUS5606,rna-CJOHNSTONI_LOCUS5606,268,protein_coding,"39S ribosomal protein L32, mitochondrial  [Source:UniProtKB/TrEMBL;Acc:A0A8J2M5F7]",Cercopithifilaria johnstoni (PRJEB47283),protein_coding,cejohnprjeb47283
CJOHNSTONI_LOCUS992,rna-CJOHNSTONI_LOCUS992,359,protein_coding,t-SNARE coiled-coil homology domain-containing protein  [Source:UniProtKB/TrEMBL;Acc:A0A8J2LXA1],Cercopithifilaria johnstoni (PRJEB47283),protein_coding,cejohnprjeb47283
CJOHNSTONI_LOCUS10142,rna-CJOHNSTONI_LOCUS10142,233,protein_coding,EGF-like domain-containing protein  [Source:UniProtKB/TrEMBL;Acc:A0A8J2M7M3],Cercopithifilaria johnstoni (PRJEB47283),protein_coding,cejohnprjeb47283
CJOHNSTONI_LOCUS7084,rna-CJOHNSTONI_LOCUS7084,692,protein_coding,Transcription repressor  [Source:UniProtKB/TrEMBL;Acc:A0A8J2MR15],Cercopithifilaria johnstoni (PRJEB47283),protein_coding,cejohnprjeb47283
CJOHNSTONI_LOCUS2080,rna-CJOHNSTONI_LOCUS2080,185,protein_coding,Transmembrane protein 176B  [Source:UniProtKB/TrEMBL;Acc:A0A8J2PX57],Cercopithifilaria johnstoni (PRJEB47283),protein_coding,cejohnprjeb47283
CJOHNSTONI_LOCUS3812,rna-CJOHNSTONI_LOCUS3812,165,protein_coding,Microtubule-associated proteins 1A/1B light chain 3A  [Source:UniProtKB/TrEMBL;Acc:A0A8J2PSH6],Cercopithifilaria johnstoni (PRJEB47283),protein_coding,cejohnprjeb47283
CJOHNSTONI_LOCUS5909,rna-CJOHNSTONI_LOCUS5909,335,protein_coding,N-acetyltransferase ESCO2  [Source:UniProtKB/TrEMBL;Acc:A0A8J2Q4P9],Cercopithifilaria johnstoni (PRJEB47283),protein_coding,cejohnprjeb47283
CJOHNSTONI_LOCUS4899,rna-CJOHNSTONI_LOCUS4899,319,protein_coding,Protein quiver  [Source:UniProtKB/TrEMBL;Acc:A0A8J2MNI1],Cercopithifilaria johnstoni (PRJEB47283),protein_coding,cejohnprjeb47283
CJOHNSTONI_LOCUS2467,rna-CJOHNSTONI_LOCUS2467,269,protein_coding,PUA domain-containing protein  [Source:UniProtKB/TrEMBL;Acc:A0A8J2PRC1],Cercopithifilaria johnstoni (PRJEB47283),protein_coding,cejohnprjeb47283
CJOHNSTONI_LOCUS1142,rna-CJOHNSTONI_LOCUS1142,255,protein_coding,HECT-type E3 ubiquitin transferase  [Source:UniProtKB/TrEMBL;Acc:A0A8J2LWT0],Cercopithifilaria johnstoni (PRJEB47283),protein_coding,cejohnprjeb47283
CJOHNSTONI_LOCUS7289,rna-CJOHNSTONI_LOCUS7289,211,protein_coding,Protein orai-2  [Source:UniProtKB/TrEMBL;Acc:A0A8J2M857],Cercopithifilaria johnstoni (PRJEB47283),protein_coding,cejohnprjeb47283
CJOHNSTONI_LOCUS8304,rna-CJOHNSTONI_LOCUS8304,158,protein_coding,BTB domain-containing protein  [Source:UniProtKB/TrEMBL;Acc:A0A8J2M3F9],Cercopithifilaria johnstoni (PRJEB47283),protein_coding,cejohnprjeb47283
CJOHNSTONI_LOCUS9383,rna-CJOHNSTONI_LOCUS9383,293,protein_coding,PUM-HD domain-containing protein  [Source:UniProtKB/TrEMBL;Acc:A0A8J2MU19],Cercopithifilaria johnstoni (PRJEB47283),protein_coding,cejohnprjeb47283
CJOHNSTONI_LOCUS8499,rna-CJOHNSTONI_LOCUS8499,140,protein_coding,TspO/MBR family protein  [Source:UniProtKB/TrEMBL;Acc:A0A8J2MC83],Cercopithifilaria johnstoni (PRJEB47283),protein_coding,cejohnprjeb47283
CJOHNSTONI_LOCUS9461,rna-CJOHNSTONI_LOCUS9461,351,protein_coding,Phosphate transporter  [Source:UniProtKB/TrEMBL;Acc:A0A8J2PY65],Cercopithifilaria johnstoni (PRJEB47283),protein_coding,cejohnprjeb47283
CJOHNSTONI_LOCUS4128,rna-CJOHNSTONI_LOCUS4128,286,protein_coding,,Cercopithifilaria johnstoni (PRJEB47283),protein_coding,cejohnprjeb47283
CJOHNSTONI_LOCUS7682,rna-CJOHNSTONI_LOCUS7682,228,protein_coding,Ion_trans_2 domain-containing protein  [Source:UniProtKB/TrEMBL;Acc:A0A8J2MRP4],Cercopithifilaria johnstoni (PRJEB47283),protein_coding,cejohnprjeb47283
CJOHNSTONI_LOCUS4190,rna-CJOHNSTONI_LOCUS4190,2993,protein_coding,Flocculation protein FLO11-like  [Source:UniProtKB/TrEMBL;Acc:A0A8J2PST2],Cercopithifilaria johnstoni (PRJEB47283),protein_coding,cejohnprjeb47283
CJOHNSTONI_LOCUS6315,rna-CJOHNSTONI_LOCUS6315,572,protein_coding,BZIP domain-containing protein  [Source:UniProtKB/TrEMBL;Acc:A0A8J2Q7Y0],Cercopithifilaria johnstoni (PRJEB47283),protein_coding,cejohnprjeb47283
CJOHNSTONI_LOCUS525,rna-CJOHNSTONI_LOCUS525,338,protein_coding,ZP domain-containing protein  [Source:UniProtKB/TrEMBL;Acc:A0A8J2LU02],Cercopithifilaria johnstoni (PRJEB47283),protein_coding,cejohnprjeb47283
CJOHNSTONI_LOCUS3846,rna-CJOHNSTONI_LOCUS3846,332,protein_coding,Cyclin N-terminal domain-containing protein  [Source:UniProtKB/TrEMBL;Acc:A0A8J2M0B9],Cercopithifilaria johnstoni (PRJEB47283),protein_coding,cejohnprjeb47283
CJOHNSTONI_LOCUS7699,rna-CJOHNSTONI_LOCUS7699,463,protein_coding,Zinc finger protein  [Source:UniProtKB/TrEMBL;Acc:A0A8J2MBN4],Cercopithifilaria johnstoni (PRJEB47283),protein_coding,cejohnprjeb47283
CJOHNSTONI_LOCUS3808,rna-CJOHNSTONI_LOCUS3808,431,protein_coding,Chromo domain-containing protein  [Source:UniProtKB/TrEMBL;Acc:A0A8J2M0T6],Cercopithifilaria johnstoni (PRJEB47283),protein_coding,cejohnprjeb47283
CJOHNSTONI_LOCUS2618,rna-CJOHNSTONI_LOCUS2618,245,protein_coding,SH2 domain-containing protein  [Source:UniProtKB/TrEMBL;Acc:A0A8J2PY81],Cercopithifilaria johnstoni (PRJEB47283),protein_coding,cejohnprjeb47283
CJOHNSTONI_LOCUS3050,rna-CJOHNSTONI_LOCUS3050,233,protein_coding,KOW domain-containing protein  [Source:UniProtKB/TrEMBL;Acc:A0A8J2Q9D7],Cercopithifilaria johnstoni (PRJEB47283),protein_coding,cejohnprjeb47283
CJOHNSTONI_LOCUS9769,rna-CJOHNSTONI_LOCUS9769,314,protein_coding,DNA topoisomerase 2-binding protein 1  [Source:UniProtKB/TrEMBL;Acc:A0A8J2M580],Cercopithifilaria johnstoni (PRJEB47283),protein_coding,cejohnprjeb47283
CJOHNSTONI_LOCUS5194,rna-CJOHNSTONI_LOCUS5194,227,protein_coding,TAF domain-containing protein  [Source:UniProtKB/TrEMBL;Acc:A0A8J2MNI6],Cercopithifilaria johnstoni (PRJEB47283),protein_coding,cejohnprjeb47283
CJOHNSTONI_LOCUS5454,rna-CJOHNSTONI_LOCUS5454,224,protein_coding,Protein SMG9  [Source:UniProtKB/TrEMBL;Acc:A0A8J2LX04],Cercopithifilaria johnstoni (PRJEB47283),protein_coding,cejohnprjeb47283
CJOHNSTONI_LOCUS3246,rna-CJOHNSTONI_LOCUS3246,283,protein_coding,Myb-like domain-containing protein  [Source:UniProtKB/TrEMBL;Acc:A0A8J2LTH3],Cercopithifilaria johnstoni (PRJEB47283),protein_coding,cejohnprjeb47283
CJOHNSTONI_LOCUS6629,rna-CJOHNSTONI_LOCUS6629,222,protein_coding,PAN2-PAN3 deadenylation complex subunit PAN3  [Source:UniProtKB/TrEMBL;Acc:A0A8J2M717],Cercopithifilaria johnstoni (PRJEB47283),protein_coding,cejohnprjeb47283
CJOHNSTONI_LOCUS5230,rna-CJOHNSTONI_LOCUS5230,218,protein_coding,Triosephosphate isomerase  [Source:UniProtKB/TrEMBL;Acc:A0A8J2PTN7],Cercopithifilaria johnstoni (PRJEB47283),protein_coding,cejohnprjeb47283
CJOHNSTONI_LOCUS2012,rna-CJOHNSTONI_LOCUS2012,216,protein_coding,BMERB domain-containing protein  [Source:UniProtKB/TrEMBL;Acc:A0A8J2LR20],Cercopithifilaria johnstoni (PRJEB47283),protein_coding,cejohnprjeb47283
CJOHNSTONI_LOCUS3791,rna-CJOHNSTONI_LOCUS3791,211,protein_coding,C-type lectin domain-containing protein  [Source:UniProtKB/TrEMBL;Acc:A0A8J2MMD3],Cercopithifilaria johnstoni (PRJEB47283),protein_coding,cejohnprjeb47283
CJOHNSTONI_LOCUS5927,rna-CJOHNSTONI_LOCUS5927,222,protein_coding,PITH domain-containing protein  [Source:UniProtKB/TrEMBL;Acc:A0A8J2MPR1],Cercopithifilaria johnstoni (PRJEB47283),protein_coding,cejohnprjeb47283
CJOHNSTONI_LOCUS5414,rna-CJOHNSTONI_LOCUS5414,194,protein_coding,F-box domain-containing protein  [Source:UniProtKB/TrEMBL;Acc:A0A8J2LWP8],Cercopithifilaria johnstoni (PRJEB47283),protein_coding,cejohnprjeb47283
CJOHNSTONI_LOCUS1269,rna-CJOHNSTONI_LOCUS1269,188,protein_coding,,Cercopithifilaria johnstoni (PRJEB47283),protein_coding,cejohnprjeb47283
CJOHNSTONI_LOCUS7493,rna-CJOHNSTONI_LOCUS7493,181,protein_coding,CACTA en-spm transposon protein  [Source:UniProtKB/TrEMBL;Acc:A0A8J2M225],Cercopithifilaria johnstoni (PRJEB47283),protein_coding,cejohnprjeb47283
CJOHNSTONI_LOCUS2365,rna-CJOHNSTONI_LOCUS2365,313,protein_coding,Translation initiation factor eIF-2B subunit beta  [Source:UniProtKB/TrEMBL;Acc:A0A8J2Q1H8],Cercopithifilaria johnstoni (PRJEB47283),protein_coding,cejohnprjeb47283
CJOHNSTONI_LOCUS2387,rna-CJOHNSTONI_LOCUS2387,154,protein_coding,F-box domain-containing protein  [Source:UniProtKB/TrEMBL;Acc:A0A8J2M2B9],Cercopithifilaria johnstoni (PRJEB47283),protein_coding,cejohnprjeb47283
CJOHNSTONI_LOCUS4411,rna-CJOHNSTONI_LOCUS4411,280,protein_coding,PH domain-containing protein  [Source:UniProtKB/TrEMBL;Acc:A0A8J2LVY1],Cercopithifilaria johnstoni (PRJEB47283),protein_coding,cejohnprjeb47283
CJOHNSTONI_LOCUS120,rna-CJOHNSTONI_LOCUS120,257,protein_coding,Secreted protein  [Source:UniProtKB/TrEMBL;Acc:A0A8J2PZF0],Cercopithifilaria johnstoni (PRJEB47283),protein_coding,cejohnprjeb47283
CJOHNSTONI_LOCUS476,rna-CJOHNSTONI_LOCUS476,134,protein_coding,Variable large protein  [Source:UniProtKB/TrEMBL;Acc:A0A8J2LU50],Cercopithifilaria johnstoni (PRJEB47283),protein_coding,cejohnprjeb47283
CJOHNSTONI_LOCUS9165,rna-CJOHNSTONI_LOCUS9165,228,protein_coding,SSD domain-containing protein  [Source:UniProtKB/TrEMBL;Acc:A0A8J2MD37],Cercopithifilaria johnstoni (PRJEB47283),protein_coding,cejohnprjeb47283
CJOHNSTONI_LOCUS390,rna-CJOHNSTONI_LOCUS390,975,protein_coding,FHA domain-containing protein  [Source:UniProtKB/TrEMBL;Acc:A0A8J2LTS4],Cercopithifilaria johnstoni (PRJEB47283),protein_coding,cejohnprjeb47283
CJOHNSTONI_LOCUS1261,rna-CJOHNSTONI_LOCUS1261,222,protein_coding,WD_REPEATS_REGION domain-containing protein  [Source:UniProtKB/TrEMBL;Acc:A0A8J2Q8H6],Cercopithifilaria johnstoni (PRJEB47283),protein_coding,cejohnprjeb47283
CJOHNSTONI_LOCUS4131,rna-CJOHNSTONI_LOCUS4131,168,protein_coding,Cation_ATPase_C domain-containing protein  [Source:UniProtKB/TrEMBL;Acc:A0A8J2M2A8],Cercopithifilaria johnstoni (PRJEB47283),protein_coding,cejohnprjeb47283
CJOHNSTONI_LOCUS7479,rna-CJOHNSTONI_LOCUS7479,202,protein_coding,Protein MCM10 homolog  [Source:UniProtKB/TrEMBL;Acc:A0A8J2M218],Cercopithifilaria johnstoni (PRJEB47283),protein_coding,cejohnprjeb47283
CJOHNSTONI_LOCUS8128,rna-CJOHNSTONI_LOCUS8128,258,protein_coding,LAM_G_DOMAIN domain-containing protein  [Source:UniProtKB/TrEMBL;Acc:A0A8J2MSP1],Cercopithifilaria johnstoni (PRJEB47283),protein_coding,cejohnprjeb47283
CJOHNSTONI_LOCUS9181,rna-CJOHNSTONI_LOCUS9181,182,protein_coding,,Cercopithifilaria johnstoni (PRJEB47283),protein_coding,cejohnprjeb47283
CJOHNSTONI_LOCUS7096,rna-CJOHNSTONI_LOCUS7096,240,protein_coding,Sulfhydryl oxidase  [Source:UniProtKB/TrEMBL;Acc:A0A8J2MR81],Cercopithifilaria johnstoni (PRJEB47283),protein_coding,cejohnprjeb47283
CJOHNSTONI_LOCUS3297,rna-CJOHNSTONI_LOCUS3297,210,protein_coding,Fibronectin type-III domain-containing protein  [Source:UniProtKB/TrEMBL;Acc:A0A8J2M0X1],Cercopithifilaria johnstoni (PRJEB47283),protein_coding,cejohnprjeb47283
CJOHNSTONI_LOCUS3571,rna-CJOHNSTONI_LOCUS3571,172,protein_coding,Pribosyltran_N domain-containing protein  [Source:UniProtKB/TrEMBL;Acc:A0A8J2M1A9],Cercopithifilaria johnstoni (PRJEB47283),protein_coding,cejohnprjeb47283
CJOHNSTONI_LOCUS627,rna-CJOHNSTONI_LOCUS627,135,protein_coding,Cyclin-dependent kinases regulatory subunit  [Source:UniProtKB/TrEMBL;Acc:A0A8J2LW80],Cercopithifilaria johnstoni (PRJEB47283),protein_coding,cejohnprjeb47283
CJOHNSTONI_LOCUS8876,rna-CJOHNSTONI_LOCUS8876,923,protein_coding,Zinc finger protein 239-like  [Source:UniProtKB/TrEMBL;Acc:A0A8J2Q6L4],Cercopithifilaria johnstoni (PRJEB47283),protein_coding,cejohnprjeb47283
CJOHNSTONI_LOCUS9987,rna-CJOHNSTONI_LOCUS9987,161,protein_coding,DUF2185 domain-containing protein  [Source:UniProtKB/TrEMBL;Acc:A0A8J2Q4B9],Cercopithifilaria johnstoni (PRJEB47283),protein_coding,cejohnprjeb47283
CJOHNSTONI_LOCUS8839,rna-CJOHNSTONI_LOCUS8839,115,protein_coding,,Cercopithifilaria johnstoni (PRJEB47283),protein_coding,cejohnprjeb47283
CJOHNSTONI_LOCUS8864,rna-CJOHNSTONI_LOCUS8864,200,protein_coding,Ion_trans domain-containing protein  [Source:UniProtKB/TrEMBL;Acc:A0A8J2M3N4],Cercopithifilaria johnstoni (PRJEB47283),protein_coding,cejohnprjeb47283
CJOHNSTONI_LOCUS9738,rna-CJOHNSTONI_LOCUS9738,180,protein_coding,Acetylcholine receptor subunit alpha-type acr-16  [Source:UniProtKB/TrEMBL;Acc:A0A8J2PYG2],Cercopithifilaria johnstoni (PRJEB47283),protein_coding,cejohnprjeb47283
CJOHNSTONI_LOCUS5347,rna-CJOHNSTONI_LOCUS5347,350,protein_coding,,Cercopithifilaria johnstoni (PRJEB47283),protein_coding,cejohnprjeb47283
CJOHNSTONI_LOCUS8429,rna-CJOHNSTONI_LOCUS8429,191,protein_coding,C2H2-type domain-containing protein  [Source:UniProtKB/TrEMBL;Acc:A0A8J2MBF2],Cercopithifilaria johnstoni (PRJEB47283),protein_coding,cejohnprjeb47283
CJOHNSTONI_LOCUS8008,rna-CJOHNSTONI_LOCUS8008,234,protein_coding,DUF1736 domain-containing protein  [Source:UniProtKB/TrEMBL;Acc:A0A8J2Q8P4],Cercopithifilaria johnstoni (PRJEB47283),protein_coding,cejohnprjeb47283
CJOHNSTONI_LOCUS4264,rna-CJOHNSTONI_LOCUS4264,147,protein_coding,Ribosomal protein L16  [Source:UniProtKB/TrEMBL;Acc:A0A8J2M1B3],Cercopithifilaria johnstoni (PRJEB47283),protein_coding,cejohnprjeb47283
CJOHNSTONI_LOCUS5299,rna-CJOHNSTONI_LOCUS5299,297,protein_coding,Protein-serine O-palmitoleoyltransferase porcupine  [Source:UniProtKB/TrEMBL;Acc:A0A8J2LVQ9],Cercopithifilaria johnstoni (PRJEB47283),protein_coding,cejohnprjeb47283
CJOHNSTONI_LOCUS613,rna-CJOHNSTONI_LOCUS613,415,protein_coding,CAS family C-terminal domain-containing protein  [Source:UniProtKB/TrEMBL;Acc:A0A8J2LW73],Cercopithifilaria johnstoni (PRJEB47283),protein_coding,cejohnprjeb47283
CJOHNSTONI_LOCUS7576,rna-CJOHNSTONI_LOCUS7576,192,protein_coding,PH domain-containing protein  [Source:UniProtKB/TrEMBL;Acc:A0A8J2MBF3],Cercopithifilaria johnstoni (PRJEB47283),protein_coding,cejohnprjeb47283
CJOHNSTONI_LOCUS1824,rna-CJOHNSTONI_LOCUS1824,192,protein_coding,XK-related protein  [Source:UniProtKB/TrEMBL;Acc:A0A8J2LWX1],Cercopithifilaria johnstoni (PRJEB47283),protein_coding,cejohnprjeb47283
CJOHNSTONI_LOCUS2862,rna-CJOHNSTONI_LOCUS2862,160,protein_coding,DUF4238 domain-containing protein  [Source:UniProtKB/TrEMBL;Acc:A0A8J2M321],Cercopithifilaria johnstoni (PRJEB47283),protein_coding,cejohnprjeb47283
CJOHNSTONI_LOCUS3251,rna-CJOHNSTONI_LOCUS3251,128,protein_coding,C2H2-type domain-containing protein  [Source:UniProtKB/TrEMBL;Acc:A0A8J2M1C6],Cercopithifilaria johnstoni (PRJEB47283),protein_coding,cejohnprjeb47283
CJOHNSTONI_LOCUS1956,rna-CJOHNSTONI_LOCUS1956,320,protein_coding,F-box domain-containing protein  [Source:UniProtKB/TrEMBL;Acc:A0A8J2Q8Y1],Cercopithifilaria johnstoni (PRJEB47283),protein_coding,cejohnprjeb47283
CJOHNSTONI_LOCUS70,rna-CJOHNSTONI_LOCUS70,209,protein_coding,Mitochondrial inner membrane protease subunit 2  [Source:UniProtKB/TrEMBL;Acc:A0A8J2MGW7],Cercopithifilaria johnstoni (PRJEB47283),protein_coding,cejohnprjeb47283
CJOHNSTONI_LOCUS3658,rna-CJOHNSTONI_LOCUS3658,278,protein_coding,Phosphatidylserine synthase  [Source:UniProtKB/TrEMBL;Acc:A0A8J2M1F8],Cercopithifilaria johnstoni (PRJEB47283),protein_coding,cejohnprjeb47283
CJOHNSTONI_LOCUS2735,rna-CJOHNSTONI_LOCUS2735,244,protein_coding,,Cercopithifilaria johnstoni (PRJEB47283),protein_coding,cejohnprjeb47283
CJOHNSTONI_LOCUS6697,rna-CJOHNSTONI_LOCUS6697,227,protein_coding,TPT domain-containing protein  [Source:UniProtKB/TrEMBL;Acc:A0A8J2Q1S7],Cercopithifilaria johnstoni (PRJEB47283),protein_coding,cejohnprjeb47283
CJOHNSTONI_LOCUS5601,rna-CJOHNSTONI_LOCUS5601,278,protein_coding,7-dehydrocholesterol reductase  [Source:UniProtKB/TrEMBL;Acc:A0A8J2MPA8],Cercopithifilaria johnstoni (PRJEB47283),protein_coding,cejohnprjeb47283
CJOHNSTONI_LOCUS1499,rna-CJOHNSTONI_LOCUS1499,536,protein_coding,Ribos_L4_asso_C domain-containing protein  [Source:UniProtKB/TrEMBL;Acc:A0A8J2PWN2],Cercopithifilaria johnstoni (PRJEB47283),protein_coding,cejohnprjeb47283
CJOHNSTONI_LOCUS679,rna-CJOHNSTONI_LOCUS679,191,protein_coding,Protein kinase domain-containing protein  [Source:UniProtKB/TrEMBL;Acc:A0A8J2LLN3],Cercopithifilaria johnstoni (PRJEB47283),protein_coding,cejohnprjeb47283
CJOHNSTONI_LOCUS345,rna-CJOHNSTONI_LOCUS345,278,protein_coding,UPF0551 protein C8orf38  [Source:UniProtKB/TrEMBL;Acc:A0A8J2Q340],Cercopithifilaria johnstoni (PRJEB47283),protein_coding,cejohnprjeb47283
CJOHNSTONI_LOCUS1181,rna-CJOHNSTONI_LOCUS1181,290,protein_coding,Trafficking protein particle complex subunit 9  [Source:UniProtKB/TrEMBL;Acc:A0A8J2LWU3],Cercopithifilaria johnstoni (PRJEB47283),protein_coding,cejohnprjeb47283
CJOHNSTONI_LOCUS1277,rna-CJOHNSTONI_LOCUS1277,356,protein_coding,G_PROTEIN_RECEP_F1_2 domain-containing protein  [Source:UniProtKB/TrEMBL;Acc:A0A8J2MJK5],Cercopithifilaria johnstoni (PRJEB47283),protein_coding,cejohnprjeb47283
CJOHNSTONI_LOCUS7196,rna-CJOHNSTONI_LOCUS7196,185,protein_coding,,Cercopithifilaria johnstoni (PRJEB47283),protein_coding,cejohnprjeb47283
CJOHNSTONI_LOCUS235,rna-CJOHNSTONI_LOCUS235,314,protein_coding,Amidase domain-containing protein  [Source:UniProtKB/TrEMBL;Acc:A0A8J2LMU4],Cercopithifilaria johnstoni (PRJEB47283),protein_coding,cejohnprjeb47283
CJOHNSTONI_LOCUS6198,rna-CJOHNSTONI_LOCUS6198,176,protein_coding,Protein kinase domain-containing protein  [Source:UniProtKB/TrEMBL;Acc:A0A8J2LZM8],Cercopithifilaria johnstoni (PRJEB47283),protein_coding,cejohnprjeb47283
CJOHNSTONI_LOCUS9969,rna-CJOHNSTONI_LOCUS9969,233,protein_coding,G_PROTEIN_RECEP_F1_2 domain-containing protein  [Source:UniProtKB/TrEMBL;Acc:A0A8J2MCU7],Cercopithifilaria johnstoni (PRJEB47283),protein_coding,cejohnprjeb47283
CJOHNSTONI_LOCUS3182,rna-CJOHNSTONI_LOCUS3182,223,protein_coding,DFP domain-containing protein  [Source:UniProtKB/TrEMBL;Acc:A0A8J2ML60],Cercopithifilaria johnstoni (PRJEB47283),protein_coding,cejohnprjeb47283
CJOHNSTONI_LOCUS1861,rna-CJOHNSTONI_LOCUS1861,174,protein_coding,Collagen-like protein  [Source:UniProtKB/TrEMBL;Acc:A0A8J2PQU6],Cercopithifilaria johnstoni (PRJEB47283),protein_coding,cejohnprjeb47283
CJOHNSTONI_LOCUS361,rna-CJOHNSTONI_LOCUS361,237,protein_coding,Pept_C1 domain-containing protein  [Source:UniProtKB/TrEMBL;Acc:A0A8J2PPI5],Cercopithifilaria johnstoni (PRJEB47283),protein_coding,cejohnprjeb47283
CJOHNSTONI_LOCUS17,rna-CJOHNSTONI_LOCUS17,230,protein_coding,,Cercopithifilaria johnstoni (PRJEB47283),protein_coding,cejohnprjeb47283
CJOHNSTONI_LOCUS7202,rna-CJOHNSTONI_LOCUS7202,127,protein_coding,t-SNARE coiled-coil homology domain-containing protein  [Source:UniProtKB/TrEMBL;Acc:A0A8J2MRC2],Cercopithifilaria johnstoni (PRJEB47283),protein_coding,cejohnprjeb47283
CJOHNSTONI_LOCUS4194,rna-CJOHNSTONI_LOCUS4194,303,protein_coding,START domain-containing protein  [Source:UniProtKB/TrEMBL;Acc:A0A8J2LVI9],Cercopithifilaria johnstoni (PRJEB47283),protein_coding,cejohnprjeb47283
CJOHNSTONI_LOCUS1704,rna-CJOHNSTONI_LOCUS1704,122,protein_coding,Ovule protein  [Source:UniProtKB/TrEMBL;Acc:A0A8J2LYF7],Cercopithifilaria johnstoni (PRJEB47283),protein_coding,cejohnprjeb47283
CJOHNSTONI_LOCUS737,rna-CJOHNSTONI_LOCUS737,266,protein_coding,Transmembrane protein  [Source:UniProtKB/TrEMBL;Acc:A0A8J2LWF2],Cercopithifilaria johnstoni (PRJEB47283),protein_coding,cejohnprjeb47283
CJOHNSTONI_LOCUS1622,rna-CJOHNSTONI_LOCUS1622,209,protein_coding,t-SNARE coiled-coil homology domain-containing protein  [Source:UniProtKB/TrEMBL;Acc:A0A8J2Q407],Cercopithifilaria johnstoni (PRJEB47283),protein_coding,cejohnprjeb47283
CJOHNSTONI_LOCUS3918,rna-CJOHNSTONI_LOCUS3918,188,protein_coding,,Cercopithifilaria johnstoni (PRJEB47283),protein_coding,cejohnprjeb47283
CJOHNSTONI_LOCUS1742,rna-CJOHNSTONI_LOCUS1742,290,protein_coding,Leishmanolysin-like peptidase  [Source:UniProtKB/TrEMBL;Acc:A0A8J2LWP1],Cercopithifilaria johnstoni (PRJEB47283),protein_coding,cejohnprjeb47283
CJOHNSTONI_LOCUS1844,rna-CJOHNSTONI_LOCUS1844,255,protein_coding,Ras-GAP domain-containing protein  [Source:UniProtKB/TrEMBL;Acc:A0A8J2LY78],Cercopithifilaria johnstoni (PRJEB47283),protein_coding,cejohnprjeb47283
CJOHNSTONI_LOCUS2470,rna-CJOHNSTONI_LOCUS2470,251,protein_coding,CBS domain-containing protein  [Source:UniProtKB/TrEMBL;Acc:A0A8J2Q955],Cercopithifilaria johnstoni (PRJEB47283),protein_coding,cejohnprjeb47283
CJOHNSTONI_LOCUS6045,rna-CJOHNSTONI_LOCUS6045,211,protein_coding,peptidylprolyl isomerase  [Source:UniProtKB/TrEMBL;Acc:A0A8J2PUC3],Cercopithifilaria johnstoni (PRJEB47283),protein_coding,cejohnprjeb47283
CJOHNSTONI_LOCUS8200,rna-CJOHNSTONI_LOCUS8200,311,protein_coding,,Cercopithifilaria johnstoni (PRJEB47283),protein_coding,cejohnprjeb47283
CJOHNSTONI_LOCUS7273,rna-CJOHNSTONI_LOCUS7273,216,protein_coding,Helicase ATP-binding domain-containing protein  [Source:UniProtKB/TrEMBL;Acc:A0A8J2M8R3],Cercopithifilaria johnstoni (PRJEB47283),protein_coding,cejohnprjeb47283
CJOHNSTONI_LOCUS844,rna-CJOHNSTONI_LOCUS844,237,protein_coding,Col_cuticle_N domain-containing protein  [Source:UniProtKB/TrEMBL;Acc:A0A8J2Q8A9],Cercopithifilaria johnstoni (PRJEB47283),protein_coding,cejohnprjeb47283
CJOHNSTONI_LOCUS2532,rna-CJOHNSTONI_LOCUS2532,410,protein_coding,Ovule protein  [Source:UniProtKB/TrEMBL;Acc:A0A8J2LZJ6],Cercopithifilaria johnstoni (PRJEB47283),protein_coding,cejohnprjeb47283
CJOHNSTONI_LOCUS5387,rna-CJOHNSTONI_LOCUS5387,1125,protein_coding,Zinc finger PHD-type domain-containing protein  [Source:UniProtKB/TrEMBL;Acc:A0A8J2Q7G0],Cercopithifilaria johnstoni (PRJEB47283),protein_coding,cejohnprjeb47283
CJOHNSTONI_LOCUS1892,rna-CJOHNSTONI_LOCUS1892,183,protein_coding,COX assembly mitochondrial protein  [Source:UniProtKB/TrEMBL;Acc:A0A8J2LQT8],Cercopithifilaria johnstoni (PRJEB47283),protein_coding,cejohnprjeb47283
CJOHNSTONI_LOCUS99,rna-CJOHNSTONI_LOCUS99,253,protein_coding,Peripheral plasma membrane protein CASK  [Source:UniProtKB/TrEMBL;Acc:A0A8J2MHM2],Cercopithifilaria johnstoni (PRJEB47283),protein_coding,cejohnprjeb47283
CJOHNSTONI_LOCUS9848,rna-CJOHNSTONI_LOCUS9848,222,protein_coding,Transmembrane protein 106B  [Source:UniProtKB/TrEMBL;Acc:A0A8J2Q745],Cercopithifilaria johnstoni (PRJEB47283),protein_coding,cejohnprjeb47283
CJOHNSTONI_LOCUS4902,rna-CJOHNSTONI_LOCUS4902,241,protein_coding,protein-serine/threonine phosphatase  [Source:UniProtKB/TrEMBL;Acc:A0A8J2M429],Cercopithifilaria johnstoni (PRJEB47283),protein_coding,cejohnprjeb47283
CJOHNSTONI_LOCUS9485,rna-CJOHNSTONI_LOCUS9485,239,protein_coding,RNB domain-containing protein  [Source:UniProtKB/TrEMBL;Acc:A0A8J2MDP2],Cercopithifilaria johnstoni (PRJEB47283),protein_coding,cejohnprjeb47283
CJOHNSTONI_LOCUS6969,rna-CJOHNSTONI_LOCUS6969,204,protein_coding,mitogen-activated protein kinase  [Source:UniProtKB/TrEMBL;Acc:A0A8J2M8M8],Cercopithifilaria johnstoni (PRJEB47283),protein_coding,cejohnprjeb47283
CJOHNSTONI_LOCUS10049,rna-CJOHNSTONI_LOCUS10049,257,protein_coding,,Cercopithifilaria johnstoni (PRJEB47283),protein_coding,cejohnprjeb47283
CJOHNSTONI_LOCUS778,rna-CJOHNSTONI_LOCUS778,135,protein_coding,Homeobox domain-containing protein  [Source:UniProtKB/TrEMBL;Acc:A0A8J2LNT8],Cercopithifilaria johnstoni (PRJEB47283),protein_coding,cejohnprjeb47283
CJOHNSTONI_LOCUS1836,rna-CJOHNSTONI_LOCUS1836,164,protein_coding,,Cercopithifilaria johnstoni (PRJEB47283),protein_coding,cejohnprjeb47283
CJOHNSTONI_LOCUS8039,rna-CJOHNSTONI_LOCUS8039,233,protein_coding,TonB_dep_Rec domain-containing protein  [Source:UniProtKB/TrEMBL;Acc:A0A8J2M2C6],Cercopithifilaria johnstoni (PRJEB47283),protein_coding,cejohnprjeb47283
CJOHNSTONI_LOCUS4191,rna-CJOHNSTONI_LOCUS4191,156,protein_coding,GIDA_assoc domain-containing protein  [Source:UniProtKB/TrEMBL;Acc:A0A8J2Q335],Cercopithifilaria johnstoni (PRJEB47283),protein_coding,cejohnprjeb47283
CJOHNSTONI_LOCUS3819,rna-CJOHNSTONI_LOCUS3819,240,protein_coding,poly(ADP-ribose) glycohydrolase  [Source:UniProtKB/TrEMBL;Acc:A0A8J2MLV4],Cercopithifilaria johnstoni (PRJEB47283),protein_coding,cejohnprjeb47283
CJOHNSTONI_LOCUS8974,rna-CJOHNSTONI_LOCUS8974,214,protein_coding,Aquaporin-9  [Source:UniProtKB/TrEMBL;Acc:A0A8J2MBB6],Cercopithifilaria johnstoni (PRJEB47283),protein_coding,cejohnprjeb47283
CJOHNSTONI_LOCUS6754,rna-CJOHNSTONI_LOCUS6754,443,protein_coding,Prospero domain-containing protein  [Source:UniProtKB/TrEMBL;Acc:A0A8J2M6R3],Cercopithifilaria johnstoni (PRJEB47283),protein_coding,cejohnprjeb47283
CJOHNSTONI_LOCUS3379,rna-CJOHNSTONI_LOCUS3379,217,protein_coding,AB hydrolase-1 domain-containing protein  [Source:UniProtKB/TrEMBL;Acc:A0A8J2M104],Cercopithifilaria johnstoni (PRJEB47283),protein_coding,cejohnprjeb47283
CJOHNSTONI_LOCUS4846,rna-CJOHNSTONI_LOCUS4846,160,protein_coding,Odorant receptor  [Source:UniProtKB/TrEMBL;Acc:A0A8J2M469],Cercopithifilaria johnstoni (PRJEB47283),protein_coding,cejohnprjeb47283
CJOHNSTONI_LOCUS5265,rna-CJOHNSTONI_LOCUS5265,272,protein_coding,Ground-like domain-containing protein  [Source:UniProtKB/TrEMBL;Acc:A0A8J2M704],Cercopithifilaria johnstoni (PRJEB47283),protein_coding,cejohnprjeb47283
CJOHNSTONI_LOCUS3105,rna-CJOHNSTONI_LOCUS3105,251,protein_coding,Galactokinase  [Source:UniProtKB/TrEMBL;Acc:A0A8J2Q9E5],Cercopithifilaria johnstoni (PRJEB47283),protein_coding,cejohnprjeb47283
CJOHNSTONI_LOCUS8402,rna-CJOHNSTONI_LOCUS8402,141,protein_coding,Transposase  [Source:UniProtKB/TrEMBL;Acc:A0A8J2MC12],Cercopithifilaria johnstoni (PRJEB47283),protein_coding,cejohnprjeb47283
CJOHNSTONI_LOCUS145,rna-CJOHNSTONI_LOCUS145,206,protein_coding,Cytoplasmic protein NCK1  [Source:UniProtKB/TrEMBL;Acc:A0A8J2LVN2],Cercopithifilaria johnstoni (PRJEB47283),protein_coding,cejohnprjeb47283
CJOHNSTONI_LOCUS90,rna-CJOHNSTONI_LOCUS90,701,protein_coding,Zinc finger protein  [Source:UniProtKB/TrEMBL;Acc:A0A8J2LVK1],Cercopithifilaria johnstoni (PRJEB47283),protein_coding,cejohnprjeb47283
CJOHNSTONI_LOCUS9091,rna-CJOHNSTONI_LOCUS9091,257,protein_coding,"Glutamyl-tRNA(Gln) amidotransferase subunit C, mitochondrial  [Source:UniProtKB/TrEMBL;Acc:A0A8J2MTP8]",Cercopithifilaria johnstoni (PRJEB47283),protein_coding,cejohnprjeb47283
CJOHNSTONI_LOCUS10165,rna-CJOHNSTONI_LOCUS10165,473,protein_coding,,Cercopithifilaria johnstoni (PRJEB47283),protein_coding,cejohnprjeb47283
CJOHNSTONI_LOCUS9727,rna-CJOHNSTONI_LOCUS9727,640,protein_coding,MFS domain-containing protein  [Source:UniProtKB/TrEMBL;Acc:A0A8J2M560],Cercopithifilaria johnstoni (PRJEB47283),protein_coding,cejohnprjeb47283
CJOHNSTONI_LOCUS6329,rna-CJOHNSTONI_LOCUS6329,200,protein_coding,Histone acetyltransferase  [Source:UniProtKB/TrEMBL;Acc:A0A8J2Q511],Cercopithifilaria johnstoni (PRJEB47283),protein_coding,cejohnprjeb47283
CJOHNSTONI_LOCUS821,rna-CJOHNSTONI_LOCUS821,224,protein_coding,E3 ubiquitin-protein ligase TRIP12  [Source:UniProtKB/TrEMBL;Acc:A0A8J2LNX3],Cercopithifilaria johnstoni (PRJEB47283),protein_coding,cejohnprjeb47283
CJOHNSTONI_LOCUS4389,rna-CJOHNSTONI_LOCUS4389,226,protein_coding,,Cercopithifilaria johnstoni (PRJEB47283),protein_coding,cejohnprjeb47283
CJOHNSTONI_LOCUS2433,rna-CJOHNSTONI_LOCUS2433,743,protein_coding,SERPIN domain-containing protein  [Source:UniProtKB/TrEMBL;Acc:A0A8J2LZD3],Cercopithifilaria johnstoni (PRJEB47283),protein_coding,cejohnprjeb47283
CJOHNSTONI_LOCUS1810,rna-CJOHNSTONI_LOCUS1810,272,protein_coding,DUF4806 domain-containing protein  [Source:UniProtKB/TrEMBL;Acc:A0A8J2LQP2],Cercopithifilaria johnstoni (PRJEB47283),protein_coding,cejohnprjeb47283
CJOHNSTONI_LOCUS4605,rna-CJOHNSTONI_LOCUS4605,530,protein_coding,PHB domain-containing protein  [Source:UniProtKB/TrEMBL;Acc:A0A8J2MMR4],Cercopithifilaria johnstoni (PRJEB47283),protein_coding,cejohnprjeb47283
CJOHNSTONI_LOCUS136,rna-CJOHNSTONI_LOCUS136,252,protein_coding,G domain-containing protein  [Source:UniProtKB/TrEMBL;Acc:A0A8J2Q7X2],Cercopithifilaria johnstoni (PRJEB47283),protein_coding,cejohnprjeb47283
CJOHNSTONI_LOCUS8026,rna-CJOHNSTONI_LOCUS8026,234,protein_coding,Regulator of G protein signaling domain protein  [Source:UniProtKB/TrEMBL;Acc:A0A8J2M960],Cercopithifilaria johnstoni (PRJEB47283),protein_coding,cejohnprjeb47283
CJOHNSTONI_LOCUS2183,rna-CJOHNSTONI_LOCUS2183,658,protein_coding,,Cercopithifilaria johnstoni (PRJEB47283),protein_coding,cejohnprjeb47283
CJOHNSTONI_LOCUS7121,rna-CJOHNSTONI_LOCUS7121,197,protein_coding,Ribosome biogenesis protein NSA2 homolog  [Source:UniProtKB/TrEMBL;Acc:A0A8J2M7C8],Cercopithifilaria johnstoni (PRJEB47283),protein_coding,cejohnprjeb47283
CJOHNSTONI_LOCUS8171,rna-CJOHNSTONI_LOCUS8171,535,protein_coding,Col_cuticle_N domain-containing protein  [Source:UniProtKB/TrEMBL;Acc:A0A8J2MBF8],Cercopithifilaria johnstoni (PRJEB47283),protein_coding,cejohnprjeb47283
CJOHNSTONI_LOCUS269,rna-CJOHNSTONI_LOCUS269,268,protein_coding,Mothers against decapentaplegic homolog  [Source:UniProtKB/TrEMBL;Acc:A0A8J2LVI3],Cercopithifilaria johnstoni (PRJEB47283),protein_coding,cejohnprjeb47283
CJOHNSTONI_LOCUS7629,rna-CJOHNSTONI_LOCUS7629,190,protein_coding,Low molecular weight phosphotyrosine protein phosphatase  [Source:UniProtKB/TrEMBL;Acc:A0A8J2MS04],Cercopithifilaria johnstoni (PRJEB47283),protein_coding,cejohnprjeb47283
CJOHNSTONI_LOCUS3257,rna-CJOHNSTONI_LOCUS3257,186,protein_coding,Nuclear cap-binding protein subunit 1  [Source:UniProtKB/TrEMBL;Acc:A0A8J2Q2C9],Cercopithifilaria johnstoni (PRJEB47283),protein_coding,cejohnprjeb47283
CJOHNSTONI_LOCUS260,rna-CJOHNSTONI_LOCUS260,184,protein_coding,T-complex protein 1 subunit delta  [Source:UniProtKB/TrEMBL;Acc:A0A8J2PPF4],Cercopithifilaria johnstoni (PRJEB47283),protein_coding,cejohnprjeb47283
CJOHNSTONI_LOCUS7327,rna-CJOHNSTONI_LOCUS7327,176,protein_coding,Cytochrome c domain-containing protein  [Source:UniProtKB/TrEMBL;Acc:A0A8J2M9K7],Cercopithifilaria johnstoni (PRJEB47283),protein_coding,cejohnprjeb47283
CJOHNSTONI_LOCUS312,rna-CJOHNSTONI_LOCUS312,164,protein_coding,Splicing factor U2AF 26 kDa subunit  [Source:UniProtKB/TrEMBL;Acc:A0A8J2MHX3],Cercopithifilaria johnstoni (PRJEB47283),protein_coding,cejohnprjeb47283
CJOHNSTONI_LOCUS2664,rna-CJOHNSTONI_LOCUS2664,290,protein_coding,MYND-type domain-containing protein  [Source:UniProtKB/TrEMBL;Acc:A0A8J2ML69],Cercopithifilaria johnstoni (PRJEB47283),protein_coding,cejohnprjeb47283
CJOHNSTONI_LOCUS7677,rna-CJOHNSTONI_LOCUS7677,253,protein_coding,Protein kinase domain-containing protein  [Source:UniProtKB/TrEMBL;Acc:A0A8J2PWB1],Cercopithifilaria johnstoni (PRJEB47283),protein_coding,cejohnprjeb47283
CJOHNSTONI_LOCUS6752,rna-CJOHNSTONI_LOCUS6752,198,protein_coding,MFS domain-containing protein  [Source:UniProtKB/TrEMBL;Acc:A0A8J2M0G3],Cercopithifilaria johnstoni (PRJEB47283),protein_coding,cejohnprjeb47283
CJOHNSTONI_LOCUS5452,rna-CJOHNSTONI_LOCUS5452,161,protein_coding,Superoxide dismutase [Cu-Zn]  [Source:UniProtKB/TrEMBL;Acc:A0A8J2PTU8],Cercopithifilaria johnstoni (PRJEB47283),protein_coding,cejohnprjeb47283
CJOHNSTONI_LOCUS7088,rna-CJOHNSTONI_LOCUS7088,194,protein_coding,Homeobox domain-containing protein  [Source:UniProtKB/TrEMBL;Acc:A0A8J2M8B2],Cercopithifilaria johnstoni (PRJEB47283),protein_coding,cejohnprjeb47283
CJOHNSTONI_LOCUS652,rna-CJOHNSTONI_LOCUS652,140,protein_coding,Short-chain dehydrogenase  [Source:UniProtKB/TrEMBL;Acc:A0A8J2LNL1],Cercopithifilaria johnstoni (PRJEB47283),protein_coding,cejohnprjeb47283
CJOHNSTONI_LOCUS2352,rna-CJOHNSTONI_LOCUS2352,133,protein_coding,,Cercopithifilaria johnstoni (PRJEB47283),protein_coding,cejohnprjeb47283
CJOHNSTONI_LOCUS2366,rna-CJOHNSTONI_LOCUS2366,214,protein_coding,MHD domain-containing protein  [Source:UniProtKB/TrEMBL;Acc:A0A8J2PY11],Cercopithifilaria johnstoni (PRJEB47283),protein_coding,cejohnprjeb47283
CJOHNSTONI_LOCUS2091,rna-CJOHNSTONI_LOCUS2091,81,protein_coding,Transposase  [Source:UniProtKB/TrEMBL;Acc:A0A8J2Q4E2],Cercopithifilaria johnstoni (PRJEB47283),protein_coding,cejohnprjeb47283
CJOHNSTONI_LOCUS3681,rna-CJOHNSTONI_LOCUS3681,256,protein_coding,Unconventional myosin-XVIIIa  [Source:UniProtKB/TrEMBL;Acc:A0A8J2MLP2],Cercopithifilaria johnstoni (PRJEB47283),protein_coding,cejohnprjeb47283
CJOHNSTONI_LOCUS523,rna-CJOHNSTONI_LOCUS523,149,protein_coding,ERAP1_C domain-containing protein  [Source:UniProtKB/TrEMBL;Acc:A0A8J2LLF4],Cercopithifilaria johnstoni (PRJEB47283),protein_coding,cejohnprjeb47283
CJOHNSTONI_LOCUS1947,rna-CJOHNSTONI_LOCUS1947,301,protein_coding,C3H1-type domain-containing protein  [Source:UniProtKB/TrEMBL;Acc:A0A8J2LX46],Cercopithifilaria johnstoni (PRJEB47283),protein_coding,cejohnprjeb47283
CJOHNSTONI_LOCUS9180,rna-CJOHNSTONI_LOCUS9180,223,protein_coding,26S proteasome non-ATPase regulatory subunit 6  [Source:UniProtKB/TrEMBL;Acc:A0A8J2Q928],Cercopithifilaria johnstoni (PRJEB47283),protein_coding,cejohnprjeb47283
CJOHNSTONI_LOCUS7951,rna-CJOHNSTONI_LOCUS7951,620,protein_coding,,Cercopithifilaria johnstoni (PRJEB47283),protein_coding,cejohnprjeb47283
CJOHNSTONI_LOCUS3245,rna-CJOHNSTONI_LOCUS3245,230,protein_coding,Ovule protein  [Source:UniProtKB/TrEMBL;Acc:A0A8J2LQQ2],Cercopithifilaria johnstoni (PRJEB47283),protein_coding,cejohnprjeb47283
CJOHNSTONI_LOCUS9431,rna-CJOHNSTONI_LOCUS9431,189,protein_coding,BTB domain-containing protein  [Source:UniProtKB/TrEMBL;Acc:A0A8J2MED5],Cercopithifilaria johnstoni (PRJEB47283),protein_coding,cejohnprjeb47283
CJOHNSTONI_LOCUS7663,rna-CJOHNSTONI_LOCUS7663,183,protein_coding,DNA replication licensing factor MCM6  [Source:UniProtKB/TrEMBL;Acc:A0A8J2PWA7],Cercopithifilaria johnstoni (PRJEB47283),protein_coding,cejohnprjeb47283
CJOHNSTONI_LOCUS7673,rna-CJOHNSTONI_LOCUS7673,701,protein_coding,Zinc finger protein 239-like  [Source:UniProtKB/TrEMBL;Acc:A0A8J2MAD1],Cercopithifilaria johnstoni (PRJEB47283),protein_coding,cejohnprjeb47283
CJOHNSTONI_LOCUS4909,rna-CJOHNSTONI_LOCUS4909,237,protein_coding,UDENN domain-containing protein  [Source:UniProtKB/TrEMBL;Acc:A0A8J2QA57],Cercopithifilaria johnstoni (PRJEB47283),protein_coding,cejohnprjeb47283
CJOHNSTONI_LOCUS5338,rna-CJOHNSTONI_LOCUS5338,168,protein_coding,receptor protein serine/threonine kinase  [Source:UniProtKB/TrEMBL;Acc:A0A8J2LXW9],Cercopithifilaria johnstoni (PRJEB47283),protein_coding,cejohnprjeb47283
CJOHNSTONI_LOCUS2787,rna-CJOHNSTONI_LOCUS2787,164,protein_coding,Secreted protein  [Source:UniProtKB/TrEMBL;Acc:A0A8J2LQ33],Cercopithifilaria johnstoni (PRJEB47283),protein_coding,cejohnprjeb47283
CJOHNSTONI_LOCUS9309,rna-CJOHNSTONI_LOCUS9309,284,protein_coding,,Cercopithifilaria johnstoni (PRJEB47283),protein_coding,cejohnprjeb47283
CJOHNSTONI_LOCUS2621,rna-CJOHNSTONI_LOCUS2621,233,protein_coding,Protein muscleblind  [Source:UniProtKB/TrEMBL;Acc:A0A8J2LYA8],Cercopithifilaria johnstoni (PRJEB47283),protein_coding,cejohnprjeb47283
CJOHNSTONI_LOCUS6780,rna-CJOHNSTONI_LOCUS6780,187,protein_coding,Activin_recp domain-containing protein  [Source:UniProtKB/TrEMBL;Acc:A0A8J2Q1U1],Cercopithifilaria johnstoni (PRJEB47283),protein_coding,cejohnprjeb47283
CJOHNSTONI_LOCUS3822,rna-CJOHNSTONI_LOCUS3822,153,protein_coding,Envelope glycoprotein  [Source:UniProtKB/TrEMBL;Acc:A0A8J2M2A7],Cercopithifilaria johnstoni (PRJEB47283),protein_coding,cejohnprjeb47283
CJOHNSTONI_LOCUS3524,rna-CJOHNSTONI_LOCUS3524,292,protein_coding,Bromodomain adjacent to zinc finger domain protein 1A  [Source:UniProtKB/TrEMBL;Acc:A0A8J2Q9K4],Cercopithifilaria johnstoni (PRJEB47283),protein_coding,cejohnprjeb47283
CJOHNSTONI_LOCUS8568,rna-CJOHNSTONI_LOCUS8568,188,protein_coding,,Cercopithifilaria johnstoni (PRJEB47283),protein_coding,cejohnprjeb47283
CJOHNSTONI_LOCUS10011,rna-CJOHNSTONI_LOCUS10011,126,protein_coding,C3H1-type domain-containing protein  [Source:UniProtKB/TrEMBL;Acc:A0A8J2Q9F1],Cercopithifilaria johnstoni (PRJEB47283),protein_coding,cejohnprjeb47283
CJOHNSTONI_LOCUS9298,rna-CJOHNSTONI_LOCUS9298,177,protein_coding,SREBP regulating gene protein  [Source:UniProtKB/TrEMBL;Acc:A0A8J2M590],Cercopithifilaria johnstoni (PRJEB47283),protein_coding,cejohnprjeb47283
CJOHNSTONI_LOCUS5552,rna-CJOHNSTONI_LOCUS5552,508,protein_coding,Non-specific serine/threonine protein kinase  [Source:UniProtKB/TrEMBL;Acc:A0A8J2Q7I6],Cercopithifilaria johnstoni (PRJEB47283),protein_coding,cejohnprjeb47283
CJOHNSTONI_LOCUS6411,rna-CJOHNSTONI_LOCUS6411,124,protein_coding,Prefoldin subunit 6  [Source:UniProtKB/TrEMBL;Acc:A0A8J2LZW0],Cercopithifilaria johnstoni (PRJEB47283),protein_coding,cejohnprjeb47283
CJOHNSTONI_LOCUS4968,rna-CJOHNSTONI_LOCUS4968,222,protein_coding,RUN domain-containing protein  [Source:UniProtKB/TrEMBL;Acc:A0A8J2M6H9],Cercopithifilaria johnstoni (PRJEB47283),protein_coding,cejohnprjeb47283
CJOHNSTONI_LOCUS4654,rna-CJOHNSTONI_LOCUS4654,201,protein_coding,Transmembrane protein 49  [Source:UniProtKB/TrEMBL;Acc:A0A8J2PT64],Cercopithifilaria johnstoni (PRJEB47283),protein_coding,cejohnprjeb47283
CJOHNSTONI_LOCUS5437,rna-CJOHNSTONI_LOCUS5437,170,protein_coding,Small integral membrane protein 8  [Source:UniProtKB/TrEMBL;Acc:A0A8J2Q7G9],Cercopithifilaria johnstoni (PRJEB47283),protein_coding,cejohnprjeb47283
CJOHNSTONI_LOCUS7989,rna-CJOHNSTONI_LOCUS7989,232,protein_coding,Tyrosinase copper-binding domain-containing protein  [Source:UniProtKB/TrEMBL;Acc:A0A8J2M935],Cercopithifilaria johnstoni (PRJEB47283),protein_coding,cejohnprjeb47283
CJOHNSTONI_LOCUS7300,rna-CJOHNSTONI_LOCUS7300,272,protein_coding,Ubiquitinyl hydrolase 1  [Source:UniProtKB/TrEMBL;Acc:A0A8J2M9I9],Cercopithifilaria johnstoni (PRJEB47283),protein_coding,cejohnprjeb47283
CJOHNSTONI_LOCUS2098,rna-CJOHNSTONI_LOCUS2098,258,protein_coding,F-box domain-containing protein  [Source:UniProtKB/TrEMBL;Acc:A0A8J2LXD5],Cercopithifilaria johnstoni (PRJEB47283),protein_coding,cejohnprjeb47283
CJOHNSTONI_LOCUS10354,rna-CJOHNSTONI_LOCUS10354,173,protein_coding,Acyl-CoA dehydrogenase 6  [Source:UniProtKB/TrEMBL;Acc:A0A8J2Q4N2],Cercopithifilaria johnstoni (PRJEB47283),protein_coding,cejohnprjeb47283
CJOHNSTONI_LOCUS4285,rna-CJOHNSTONI_LOCUS4285,194,protein_coding,SERTA domain-containing protein  [Source:UniProtKB/TrEMBL;Acc:A0A8J2PSV5],Cercopithifilaria johnstoni (PRJEB47283),protein_coding,cejohnprjeb47283
CJOHNSTONI_LOCUS4089,rna-CJOHNSTONI_LOCUS4089,160,protein_coding,N_BRCA1_IG domain-containing protein  [Source:UniProtKB/TrEMBL;Acc:A0A8J2M2V8],Cercopithifilaria johnstoni (PRJEB47283),protein_coding,cejohnprjeb47283
CJOHNSTONI_LOCUS5504,rna-CJOHNSTONI_LOCUS5504,214,protein_coding,GSKIP_dom domain-containing protein  [Source:UniProtKB/TrEMBL;Acc:A0A8J2Q0R9],Cercopithifilaria johnstoni (PRJEB47283),protein_coding,cejohnprjeb47283
CJOHNSTONI_LOCUS9582,rna-CJOHNSTONI_LOCUS9582,343,protein_coding,Rho GTPase-activating protein 39  [Source:UniProtKB/TrEMBL;Acc:A0A8J2MDV9],Cercopithifilaria johnstoni (PRJEB47283),protein_coding,cejohnprjeb47283
CJOHNSTONI_LOCUS7892,rna-CJOHNSTONI_LOCUS7892,220,protein_coding,MyTH4 domain-containing protein  [Source:UniProtKB/TrEMBL;Acc:A0A8J2M8X0],Cercopithifilaria johnstoni (PRJEB47283),protein_coding,cejohnprjeb47283
CJOHNSTONI_LOCUS6138,rna-CJOHNSTONI_LOCUS6138,198,protein_coding,DNA-directed RNA polymerase I subunit D  [Source:UniProtKB/TrEMBL;Acc:A0A8J2M6S1],Cercopithifilaria johnstoni (PRJEB47283),protein_coding,cejohnprjeb47283
CJOHNSTONI_LOCUS9159,rna-CJOHNSTONI_LOCUS9159,385,protein_coding,Autophagy-related protein 9  [Source:UniProtKB/TrEMBL;Acc:A0A8J2M4Z1],Cercopithifilaria johnstoni (PRJEB47283),protein_coding,cejohnprjeb47283
CJOHNSTONI_LOCUS10212,rna-CJOHNSTONI_LOCUS10212,200,protein_coding,Pyruvate dehydrogenase E1 component subunit alpha  [Source:UniProtKB/TrEMBL;Acc:A0A8J2MUT1],Cercopithifilaria johnstoni (PRJEB47283),protein_coding,cejohnprjeb47283
CJOHNSTONI_LOCUS6774,rna-CJOHNSTONI_LOCUS6774,155,protein_coding,Secreted protein  [Source:UniProtKB/TrEMBL;Acc:A0A8J2M7M0],Cercopithifilaria johnstoni (PRJEB47283),protein_coding,cejohnprjeb47283
CJOHNSTONI_LOCUS6280,rna-CJOHNSTONI_LOCUS6280,3319,protein_coding,BRCT domain-containing protein  [Source:UniProtKB/TrEMBL;Acc:A0A8J2LZN3],Cercopithifilaria johnstoni (PRJEB47283),protein_coding,cejohnprjeb47283
CJOHNSTONI_LOCUS5894,rna-CJOHNSTONI_LOCUS5894,267,protein_coding,Scavenger receptor class A member 5  [Source:UniProtKB/TrEMBL;Acc:A0A8J2PU77],Cercopithifilaria johnstoni (PRJEB47283),protein_coding,cejohnprjeb47283
CJOHNSTONI_LOCUS3172,rna-CJOHNSTONI_LOCUS3172,209,protein_coding,Transmembrane protein 254  [Source:UniProtKB/TrEMBL;Acc:A0A8J2LZS4],Cercopithifilaria johnstoni (PRJEB47283),protein_coding,cejohnprjeb47283
CJOHNSTONI_LOCUS1872,rna-CJOHNSTONI_LOCUS1872,207,protein_coding,,Cercopithifilaria johnstoni (PRJEB47283),protein_coding,cejohnprjeb47283
CJOHNSTONI_LOCUS1260,rna-CJOHNSTONI_LOCUS1260,152,protein_coding,Cystatin domain-containing protein  [Source:UniProtKB/TrEMBL;Acc:A0A8J2PWG8],Cercopithifilaria johnstoni (PRJEB47283),protein_coding,cejohnprjeb47283
CJOHNSTONI_LOCUS3103,rna-CJOHNSTONI_LOCUS3103,285,protein_coding,Dephospho-CoA kinase domain-containing protein  [Source:UniProtKB/TrEMBL;Acc:A0A8J2Q290],Cercopithifilaria johnstoni (PRJEB47283),protein_coding,cejohnprjeb47283
CJOHNSTONI_LOCUS10278,rna-CJOHNSTONI_LOCUS10278,338,protein_coding,J domain-containing protein  [Source:UniProtKB/TrEMBL;Acc:A0A8J2MVM8],Cercopithifilaria johnstoni (PRJEB47283),protein_coding,cejohnprjeb47283
CJOHNSTONI_LOCUS9184,rna-CJOHNSTONI_LOCUS9184,251,protein_coding,40S ribosomal protein SA  [Source:UniProtKB/TrEMBL;Acc:A0A8J2M487],Cercopithifilaria johnstoni (PRJEB47283),protein_coding,cejohnprjeb47283
CJOHNSTONI_LOCUS6543,rna-CJOHNSTONI_LOCUS6543,266,protein_coding,Heterogeneous nuclear ribonucleoprotein Q  [Source:UniProtKB/TrEMBL;Acc:A0A8J2MQJ2],Cercopithifilaria johnstoni (PRJEB47283),protein_coding,cejohnprjeb47283
CJOHNSTONI_LOCUS9013,rna-CJOHNSTONI_LOCUS9013,564,protein_coding,OBG-type G domain-containing protein  [Source:UniProtKB/TrEMBL;Acc:A0A8J2MBE2],Cercopithifilaria johnstoni (PRJEB47283),protein_coding,cejohnprjeb47283
CJOHNSTONI_LOCUS9417,rna-CJOHNSTONI_LOCUS9417,191,protein_coding,MARVEL domain-containing protein  [Source:UniProtKB/TrEMBL;Acc:A0A8J2MC57],Cercopithifilaria johnstoni (PRJEB47283),protein_coding,cejohnprjeb47283
CJOHNSTONI_LOCUS7012,rna-CJOHNSTONI_LOCUS7012,142,protein_coding,Phosphatidylinositol 4-kinase type 2  [Source:UniProtKB/TrEMBL;Acc:A0A8J2QAL3],Cercopithifilaria johnstoni (PRJEB47283),protein_coding,cejohnprjeb47283
CJOHNSTONI_LOCUS10280,rna-CJOHNSTONI_LOCUS10280,234,protein_coding,MPN domain-containing protein  [Source:UniProtKB/TrEMBL;Acc:A0A8J2MFH2],Cercopithifilaria johnstoni (PRJEB47283),protein_coding,cejohnprjeb47283
CJOHNSTONI_LOCUS10372,rna-CJOHNSTONI_LOCUS10372,200,protein_coding,Single-stranded DNA-binding protein  [Source:UniProtKB/TrEMBL;Acc:A0A8J2M821],Cercopithifilaria johnstoni (PRJEB47283),protein_coding,cejohnprjeb47283
CJOHNSTONI_LOCUS3741,rna-CJOHNSTONI_LOCUS3741,662,protein_coding,LIM/homeobox protein Awh  [Source:UniProtKB/TrEMBL;Acc:A0A8J2Q9N6],Cercopithifilaria johnstoni (PRJEB47283),protein_coding,cejohnprjeb47283
CJOHNSTONI_LOCUS1396,rna-CJOHNSTONI_LOCUS1396,167,protein_coding,ATP synthase F0 subunit 8  [Source:UniProtKB/TrEMBL;Acc:A0A8J2LVW9],Cercopithifilaria johnstoni (PRJEB47283),protein_coding,cejohnprjeb47283
CJOHNSTONI_LOCUS4396,rna-CJOHNSTONI_LOCUS4396,318,protein_coding,Regulator of chromosome condensation  [Source:UniProtKB/TrEMBL;Acc:A0A8J2LT15],Cercopithifilaria johnstoni (PRJEB47283),protein_coding,cejohnprjeb47283
CJOHNSTONI_LOCUS9186,rna-CJOHNSTONI_LOCUS9186,1828,protein_coding,Non-specific serine/threonine protein kinase  [Source:UniProtKB/TrEMBL;Acc:A0A8J2MBK6],Cercopithifilaria johnstoni (PRJEB47283),protein_coding,cejohnprjeb47283
CJOHNSTONI_LOCUS9569,rna-CJOHNSTONI_LOCUS9569,318,protein_coding,CUB domain-containing protein  [Source:UniProtKB/TrEMBL;Acc:A0A8J2MCE7],Cercopithifilaria johnstoni (PRJEB47283),protein_coding,cejohnprjeb47283
CJOHNSTONI_LOCUS7649,rna-CJOHNSTONI_LOCUS7649,311,protein_coding,RasGAP_C domain-containing protein  [Source:UniProtKB/TrEMBL;Acc:A0A8J2Q8J9],Cercopithifilaria johnstoni (PRJEB47283),protein_coding,cejohnprjeb47283
CJOHNSTONI_LOCUS9315,rna-CJOHNSTONI_LOCUS9315,283,protein_coding,RING-type E3 ubiquitin transferase  [Source:UniProtKB/TrEMBL;Acc:A0A8J2MUC1],Cercopithifilaria johnstoni (PRJEB47283),protein_coding,cejohnprjeb47283
CJOHNSTONI_LOCUS169,rna-CJOHNSTONI_LOCUS169,277,protein_coding,,Cercopithifilaria johnstoni (PRJEB47283),protein_coding,cejohnprjeb47283
CJOHNSTONI_LOCUS3123,rna-CJOHNSTONI_LOCUS3123,255,protein_coding,Protein kinase domain-containing protein  [Source:UniProtKB/TrEMBL;Acc:A0A8J2ML45],Cercopithifilaria johnstoni (PRJEB47283),protein_coding,cejohnprjeb47283
CJOHNSTONI_LOCUS4666,rna-CJOHNSTONI_LOCUS4666,251,protein_coding,COP9 signalosome complex subunit 6  [Source:UniProtKB/TrEMBL;Acc:A0A8J2M3V8],Cercopithifilaria johnstoni (PRJEB47283),protein_coding,cejohnprjeb47283
CJOHNSTONI_LOCUS1747,rna-CJOHNSTONI_LOCUS1747,233,protein_coding,Ion_trans_2 domain-containing protein  [Source:UniProtKB/TrEMBL;Acc:A0A8J2LWK7],Cercopithifilaria johnstoni (PRJEB47283),protein_coding,cejohnprjeb47283
CJOHNSTONI_LOCUS490,rna-CJOHNSTONI_LOCUS490,230,protein_coding,Collagen triple helix repeat protein  [Source:UniProtKB/TrEMBL;Acc:A0A8J2LVR5],Cercopithifilaria johnstoni (PRJEB47283),protein_coding,cejohnprjeb47283
CJOHNSTONI_LOCUS5666,rna-CJOHNSTONI_LOCUS5666,219,protein_coding,Protein sprint  [Source:UniProtKB/TrEMBL;Acc:A0A8J2M4D4],Cercopithifilaria johnstoni (PRJEB47283),protein_coding,cejohnprjeb47283
CJOHNSTONI_LOCUS798,rna-CJOHNSTONI_LOCUS798,259,protein_coding,,Cercopithifilaria johnstoni (PRJEB47283),protein_coding,cejohnprjeb47283
CJOHNSTONI_LOCUS6004,rna-CJOHNSTONI_LOCUS6004,250,protein_coding,USP domain-containing protein  [Source:UniProtKB/TrEMBL;Acc:A0A8J2Q7R3],Cercopithifilaria johnstoni (PRJEB47283),protein_coding,cejohnprjeb47283
CJOHNSTONI_LOCUS3984,rna-CJOHNSTONI_LOCUS3984,362,protein_coding,Tyrosine-protein kinase  [Source:UniProtKB/TrEMBL;Acc:A0A8J2M0M9],Cercopithifilaria johnstoni (PRJEB47283),protein_coding,cejohnprjeb47283
CJOHNSTONI_LOCUS9512,rna-CJOHNSTONI_LOCUS9512,279,protein_coding,Homeobox domain-containing protein  [Source:UniProtKB/TrEMBL;Acc:A0A8J2MCC4],Cercopithifilaria johnstoni (PRJEB47283),protein_coding,cejohnprjeb47283
CJOHNSTONI_LOCUS4304,rna-CJOHNSTONI_LOCUS4304,255,protein_coding,Guanine nucleotide exchange factor  [Source:UniProtKB/TrEMBL;Acc:A0A8J2LSV6],Cercopithifilaria johnstoni (PRJEB47283),protein_coding,cejohnprjeb47283
CJOHNSTONI_LOCUS8434,rna-CJOHNSTONI_LOCUS8434,239,protein_coding,,Cercopithifilaria johnstoni (PRJEB47283),protein_coding,cejohnprjeb47283
CJOHNSTONI_LOCUS8589,rna-CJOHNSTONI_LOCUS8589,497,protein_coding,C2H2-type domain-containing protein  [Source:UniProtKB/TrEMBL;Acc:A0A8J2MAB5],Cercopithifilaria johnstoni (PRJEB47283),protein_coding,cejohnprjeb47283
CJOHNSTONI_LOCUS1186,rna-CJOHNSTONI_LOCUS1186-2,218,protein_coding,DRBM domain-containing protein  [Source:UniProtKB/TrEMBL;Acc:A0A8J2PWE1],Cercopithifilaria johnstoni (PRJEB47283),protein_coding,cejohnprjeb47283
CJOHNSTONI_LOCUS2516,rna-CJOHNSTONI_LOCUS2516,265,protein_coding,BMA-RPY-1  [Source:UniProtKB/TrEMBL;Acc:A0A8J2ML06],Cercopithifilaria johnstoni (PRJEB47283),protein_coding,cejohnprjeb47283
CJOHNSTONI_LOCUS1686,rna-CJOHNSTONI_LOCUS1686,245,protein_coding,Collagen alpha-1(I) chain-like  [Source:UniProtKB/TrEMBL;Acc:A0A8J2M186],Cercopithifilaria johnstoni (PRJEB47283),protein_coding,cejohnprjeb47283
CJOHNSTONI_LOCUS3350,rna-CJOHNSTONI_LOCUS3350,246,protein_coding,Piezo-type mechanosensitive ion channel component  [Source:UniProtKB/TrEMBL;Acc:A0A8J2M0Z2],Cercopithifilaria johnstoni (PRJEB47283),protein_coding,cejohnprjeb47283
CJOHNSTONI_LOCUS628,rna-CJOHNSTONI_LOCUS628,213,protein_coding,U4/U6.U5 tri-snRNP-associated protein 1  [Source:UniProtKB/TrEMBL;Acc:A0A8J2LUE0],Cercopithifilaria johnstoni (PRJEB47283),protein_coding,cejohnprjeb47283
CJOHNSTONI_LOCUS4554,rna-CJOHNSTONI_LOCUS4554,265,protein_coding,F-box domain-containing protein  [Source:UniProtKB/TrEMBL;Acc:A0A8J2MN51],Cercopithifilaria johnstoni (PRJEB47283),protein_coding,cejohnprjeb47283
CJOHNSTONI_LOCUS7793,rna-CJOHNSTONI_LOCUS7793,197,protein_coding,CHCH domain-containing protein  [Source:UniProtKB/TrEMBL;Acc:A0A8J2PWG0],Cercopithifilaria johnstoni (PRJEB47283),protein_coding,cejohnprjeb47283
CJOHNSTONI_LOCUS10345,rna-CJOHNSTONI_LOCUS10345,320,protein_coding,,Cercopithifilaria johnstoni (PRJEB47283),protein_coding,cejohnprjeb47283
CJOHNSTONI_LOCUS6018,rna-CJOHNSTONI_LOCUS6018,234,protein_coding,Exocyst complex component 7  [Source:UniProtKB/TrEMBL;Acc:A0A8J2Q4S7],Cercopithifilaria johnstoni (PRJEB47283),protein_coding,cejohnprjeb47283
CJOHNSTONI_LOCUS5501,rna-CJOHNSTONI_LOCUS5501,726,protein_coding,Rho-GAP domain-containing protein  [Source:UniProtKB/TrEMBL;Acc:A0A8J2Q7H9],Cercopithifilaria johnstoni (PRJEB47283),protein_coding,cejohnprjeb47283
CJOHNSTONI_LOCUS5232,rna-CJOHNSTONI_LOCUS5232,221,protein_coding,LIM zinc-binding domain-containing protein  [Source:UniProtKB/TrEMBL;Acc:A0A8J2Q0H2],Cercopithifilaria johnstoni (PRJEB47283),protein_coding,cejohnprjeb47283
CJOHNSTONI_LOCUS5105,rna-CJOHNSTONI_LOCUS5105,194,protein_coding,ALMS_motif domain-containing protein  [Source:UniProtKB/TrEMBL;Acc:A0A8J2M4N3],Cercopithifilaria johnstoni (PRJEB47283),protein_coding,cejohnprjeb47283
CJOHNSTONI_LOCUS4996,rna-CJOHNSTONI_LOCUS4996,341,protein_coding,Peptidase A1 domain-containing protein  [Source:UniProtKB/TrEMBL;Acc:A0A8J2M4E0],Cercopithifilaria johnstoni (PRJEB47283),protein_coding,cejohnprjeb47283
CJOHNSTONI_LOCUS2213,rna-CJOHNSTONI_LOCUS2213,193,protein_coding,NRF domain-containing protein  [Source:UniProtKB/TrEMBL;Acc:A0A8J2MK37],Cercopithifilaria johnstoni (PRJEB47283),protein_coding,cejohnprjeb47283
CJOHNSTONI_LOCUS6601,rna-CJOHNSTONI_LOCUS6601,197,protein_coding,1-acyl-sn-glycerol-3-phosphate acyltransferase  [Source:UniProtKB/TrEMBL;Acc:A0A8J2M7V2],Cercopithifilaria johnstoni (PRJEB47283),protein_coding,cejohnprjeb47283
CJOHNSTONI_LOCUS9410,rna-CJOHNSTONI_LOCUS9410,181,protein_coding,Secreted protein  [Source:UniProtKB/TrEMBL;Acc:A0A8J2MC18],Cercopithifilaria johnstoni (PRJEB47283),protein_coding,cejohnprjeb47283
CJOHNSTONI_LOCUS3587,rna-CJOHNSTONI_LOCUS3587,215,protein_coding,Bm10231  [Source:UniProtKB/TrEMBL;Acc:A0A8J2M1B8],Cercopithifilaria johnstoni (PRJEB47283),protein_coding,cejohnprjeb47283
CJOHNSTONI_LOCUS6496,rna-CJOHNSTONI_LOCUS6496,227,protein_coding,F-box domain-containing protein  [Source:UniProtKB/TrEMBL;Acc:A0A8J2M078],Cercopithifilaria johnstoni (PRJEB47283),protein_coding,cejohnprjeb47283
CJOHNSTONI_LOCUS2392,rna-CJOHNSTONI_LOCUS2392,201,protein_coding,Conserved oligomeric Golgi complex subunit 4  [Source:UniProtKB/TrEMBL;Acc:A0A8J2Q4N9],Cercopithifilaria johnstoni (PRJEB47283),protein_coding,cejohnprjeb47283
CJOHNSTONI_LOCUS9596,rna-CJOHNSTONI_LOCUS9596,173,protein_coding,CBFD_NFYB_HMF domain-containing protein  [Source:UniProtKB/TrEMBL;Acc:A0A8J2ME71],Cercopithifilaria johnstoni (PRJEB47283),protein_coding,cejohnprjeb47283
CJOHNSTONI_LOCUS10298,rna-CJOHNSTONI_LOCUS10298,172,protein_coding,Macrophage migration inhibitory factor  [Source:UniProtKB/TrEMBL;Acc:A0A8J2PZ05],Cercopithifilaria johnstoni (PRJEB47283),protein_coding,cejohnprjeb47283
CJOHNSTONI_LOCUS4731,rna-CJOHNSTONI_LOCUS4731,170,protein_coding,ABC transporter domain-containing protein  [Source:UniProtKB/TrEMBL;Acc:A0A8J2QA35],Cercopithifilaria johnstoni (PRJEB47283),protein_coding,cejohnprjeb47283
CJOHNSTONI_LOCUS6955,rna-CJOHNSTONI_LOCUS6955,351,protein_coding,protein-tyrosine-phosphatase  [Source:UniProtKB/TrEMBL;Acc:A0A8J2M8L5],Cercopithifilaria johnstoni (PRJEB47283),protein_coding,cejohnprjeb47283
CJOHNSTONI_LOCUS9994,rna-CJOHNSTONI_LOCUS9994,162,protein_coding,Protein capicua homolog  [Source:UniProtKB/TrEMBL;Acc:A0A8J2MGL2],Cercopithifilaria johnstoni (PRJEB47283),protein_coding,cejohnprjeb47283
CJOHNSTONI_LOCUS2489,rna-CJOHNSTONI_LOCUS2489,156,protein_coding,KOW domain-containing protein  [Source:UniProtKB/TrEMBL;Acc:A0A8J2M2G8],Cercopithifilaria johnstoni (PRJEB47283),protein_coding,cejohnprjeb47283
CJOHNSTONI_LOCUS3784,rna-CJOHNSTONI_LOCUS3784,330,protein_coding,ribose-5-phosphate isomerase  [Source:UniProtKB/TrEMBL;Acc:A0A8J2Q618],Cercopithifilaria johnstoni (PRJEB47283),protein_coding,cejohnprjeb47283
CJOHNSTONI_LOCUS3243,rna-CJOHNSTONI_LOCUS3243,173,protein_coding,Calponin-like protein OV9M  [Source:UniProtKB/TrEMBL;Acc:A0A8J2PYT5],Cercopithifilaria johnstoni (PRJEB47283),protein_coding,cejohnprjeb47283
CJOHNSTONI_LOCUS5749,rna-CJOHNSTONI_LOCUS5749,152,protein_coding,RRM domain-containing protein  [Source:UniProtKB/TrEMBL;Acc:A0A8J2QAC0],Cercopithifilaria johnstoni (PRJEB47283),protein_coding,cejohnprjeb47283
CJOHNSTONI_LOCUS9142,rna-CJOHNSTONI_LOCUS9142,146,protein_coding,DUF1767 domain-containing protein  [Source:UniProtKB/TrEMBL;Acc:A0A8J2PXY0],Cercopithifilaria johnstoni (PRJEB47283),protein_coding,cejohnprjeb47283
CJOHNSTONI_LOCUS4085,rna-CJOHNSTONI_LOCUS4085,137,protein_coding,Bact_transglu_N domain-containing protein  [Source:UniProtKB/TrEMBL;Acc:A0A8J2M572],Cercopithifilaria johnstoni (PRJEB47283),protein_coding,cejohnprjeb47283
CJOHNSTONI_LOCUS6333,rna-CJOHNSTONI_LOCUS6333,192,protein_coding,Thiamine transporter 2  [Source:UniProtKB/TrEMBL;Acc:A0A8J2M5W0],Cercopithifilaria johnstoni (PRJEB47283),protein_coding,cejohnprjeb47283
CJOHNSTONI_LOCUS4978,rna-CJOHNSTONI_LOCUS4978,299,protein_coding,PH domain-containing protein  [Source:UniProtKB/TrEMBL;Acc:A0A8J2MN95],Cercopithifilaria johnstoni (PRJEB47283),protein_coding,cejohnprjeb47283
CJOHNSTONI_LOCUS8882,rna-CJOHNSTONI_LOCUS8882,142,protein_coding,,Cercopithifilaria johnstoni (PRJEB47283),protein_coding,cejohnprjeb47283
CJOHNSTONI_LOCUS4918,rna-CJOHNSTONI_LOCUS4918,128,protein_coding,Neuropeptide-Like Protein  [Source:UniProtKB/TrEMBL;Acc:A0A8J2PTE4],Cercopithifilaria johnstoni (PRJEB47283),protein_coding,cejohnprjeb47283
CJOHNSTONI_LOCUS2972,rna-CJOHNSTONI_LOCUS2972,338,protein_coding,Flap endonuclease GEN-like 1  [Source:UniProtKB/TrEMBL;Acc:A0A8J2MKZ2],Cercopithifilaria johnstoni (PRJEB47283),protein_coding,cejohnprjeb47283
CJOHNSTONI_LOCUS1225,rna-CJOHNSTONI_LOCUS1225,275,protein_coding,MaoC-like domain-containing protein  [Source:UniProtKB/TrEMBL;Acc:A0A8J2M0B1],Cercopithifilaria johnstoni (PRJEB47283),protein_coding,cejohnprjeb47283
CJOHNSTONI_LOCUS4549,rna-CJOHNSTONI_LOCUS4549,246,protein_coding,BTB domain-containing protein  [Source:UniProtKB/TrEMBL;Acc:A0A8J2QA00],Cercopithifilaria johnstoni (PRJEB47283),protein_coding,cejohnprjeb47283
CJOHNSTONI_LOCUS3579,rna-CJOHNSTONI_LOCUS3579,242,protein_coding,RPOLD domain-containing protein  [Source:UniProtKB/TrEMBL;Acc:A0A8J2LRE2],Cercopithifilaria johnstoni (PRJEB47283),protein_coding,cejohnprjeb47283
CJOHNSTONI_LOCUS9157,rna-CJOHNSTONI_LOCUS9157,258,protein_coding,CRAL-TRIO domain-containing protein  [Source:UniProtKB/TrEMBL;Acc:A0A8J2Q3P2],Cercopithifilaria johnstoni (PRJEB47283),protein_coding,cejohnprjeb47283
CJOHNSTONI_LOCUS8210,rna-CJOHNSTONI_LOCUS8210,226,protein_coding,Tubulin beta chain  [Source:UniProtKB/TrEMBL;Acc:A0A8J2MAZ8],Cercopithifilaria johnstoni (PRJEB47283),protein_coding,cejohnprjeb47283
CJOHNSTONI_LOCUS4163,rna-CJOHNSTONI_LOCUS4163,235,protein_coding,J domain-containing protein  [Source:UniProtKB/TrEMBL;Acc:A0A8J2Q6N5],Cercopithifilaria johnstoni (PRJEB47283),protein_coding,cejohnprjeb47283
CJOHNSTONI_LOCUS3956,rna-CJOHNSTONI_LOCUS3956,222,protein_coding,Protein disulfide-isomerase  [Source:UniProtKB/TrEMBL;Acc:A0A8J2M0L2],Cercopithifilaria johnstoni (PRJEB47283),protein_coding,cejohnprjeb47283
CJOHNSTONI_LOCUS6829,rna-CJOHNSTONI_LOCUS6829,184,protein_coding,Tetratricopeptide repeat protein 15  [Source:UniProtKB/TrEMBL;Acc:A0A8J2MQW4],Cercopithifilaria johnstoni (PRJEB47283),protein_coding,cejohnprjeb47283
CJOHNSTONI_LOCUS3043,rna-CJOHNSTONI_LOCUS3043,151,protein_coding,"Collagen, type XXII, alpha 1  [Source:UniProtKB/TrEMBL;Acc:A0A8J2LYZ4]",Cercopithifilaria johnstoni (PRJEB47283),protein_coding,cejohnprjeb47283
CJOHNSTONI_LOCUS1241,rna-CJOHNSTONI_LOCUS1241,101,protein_coding,NADH dehydrogenase [ubiquinone] 1 alpha subcomplex subunit 12  [Source:UniProtKB/TrEMBL;Acc:A0A8J2LWZ3],Cercopithifilaria johnstoni (PRJEB47283),protein_coding,cejohnprjeb47283
CJOHNSTONI_LOCUS3044,rna-CJOHNSTONI_LOCUS3044,77,protein_coding,Collagen-like protein  [Source:UniProtKB/TrEMBL;Acc:A0A8J2ML12],Cercopithifilaria johnstoni (PRJEB47283),protein_coding,cejohnprjeb47283
CJOHNSTONI_LOCUS344,rna-CJOHNSTONI_LOCUS344,230,protein_coding,Chloride channel protein  [Source:UniProtKB/TrEMBL;Acc:A0A8J2LW02],Cercopithifilaria johnstoni (PRJEB47283),protein_coding,cejohnprjeb47283
CJOHNSTONI_LOCUS6272,rna-CJOHNSTONI_LOCUS6272,214,protein_coding,Anaphase-promoting complex subunit 2  [Source:UniProtKB/TrEMBL;Acc:A0A8J2M6Q0],Cercopithifilaria johnstoni (PRJEB47283),protein_coding,cejohnprjeb47283
CJOHNSTONI_LOCUS2487,rna-CJOHNSTONI_LOCUS2487,201,protein_coding,Acetyl-coenzyme A transporter 1  [Source:UniProtKB/TrEMBL;Acc:A0A8J2LY21],Cercopithifilaria johnstoni (PRJEB47283),protein_coding,cejohnprjeb47283
CJOHNSTONI_LOCUS8778,rna-CJOHNSTONI_LOCUS8778,565,protein_coding,Zinc finger protein  [Source:UniProtKB/TrEMBL;Acc:A0A8J2MCW4],Cercopithifilaria johnstoni (PRJEB47283),protein_coding,cejohnprjeb47283
CJOHNSTONI_LOCUS9253,rna-CJOHNSTONI_LOCUS9253,178,protein_coding,ADP-ribosylation factor-like protein 1  [Source:UniProtKB/TrEMBL;Acc:A0A8J2QB28],Cercopithifilaria johnstoni (PRJEB47283),protein_coding,cejohnprjeb47283
CJOHNSTONI_LOCUS1013,rna-CJOHNSTONI_LOCUS1013,171,protein_coding,RGS domain-containing protein  [Source:UniProtKB/TrEMBL;Acc:A0A8J2LVB6],Cercopithifilaria johnstoni (PRJEB47283),protein_coding,cejohnprjeb47283
CJOHNSTONI_LOCUS4503,rna-CJOHNSTONI_LOCUS4503,238,protein_coding,Cystathionine beta-synthase  [Source:UniProtKB/TrEMBL;Acc:A0A8J2PT15],Cercopithifilaria johnstoni (PRJEB47283),protein_coding,cejohnprjeb47283
CJOHNSTONI_LOCUS7922,rna-CJOHNSTONI_LOCUS7922,127,protein_coding,Ribosomal protein S12  [Source:UniProtKB/TrEMBL;Acc:A0A8J2MSD4],Cercopithifilaria johnstoni (PRJEB47283),protein_coding,cejohnprjeb47283
CJOHNSTONI_LOCUS10301,rna-CJOHNSTONI_LOCUS10301,221,protein_coding,,Cercopithifilaria johnstoni (PRJEB47283),protein_coding,cejohnprjeb47283
CJOHNSTONI_LOCUS3102,rna-CJOHNSTONI_LOCUS3102,687,protein_coding,Small conductance calcium-activated potassium channel protein  [Source:UniProtKB/TrEMBL;Acc:A0A8J2Q5A5],Cercopithifilaria johnstoni (PRJEB47283),protein_coding,cejohnprjeb47283
CJOHNSTONI_LOCUS2165,rna-CJOHNSTONI_LOCUS2165,274,protein_coding,Glyco_hydro38C2 domain-containing protein  [Source:UniProtKB/TrEMBL;Acc:A0A8J2Q4G2],Cercopithifilaria johnstoni (PRJEB47283),protein_coding,cejohnprjeb47283
CJOHNSTONI_LOCUS4933,rna-CJOHNSTONI_LOCUS4933,254,protein_coding,Gem-associated protein 2  [Source:UniProtKB/TrEMBL;Acc:A0A8J2Q078],Cercopithifilaria johnstoni (PRJEB47283),protein_coding,cejohnprjeb47283
CJOHNSTONI_LOCUS7387,rna-CJOHNSTONI_LOCUS7387,210,protein_coding,Spindle pole body component  [Source:UniProtKB/TrEMBL;Acc:A0A8J2QAP1],Cercopithifilaria johnstoni (PRJEB47283),protein_coding,cejohnprjeb47283
CJOHNSTONI_LOCUS3723,rna-CJOHNSTONI_LOCUS3723,162,protein_coding,Histone domain-containing protein  [Source:UniProtKB/TrEMBL;Acc:A0A8J2M252],Cercopithifilaria johnstoni (PRJEB47283),protein_coding,cejohnprjeb47283
CJOHNSTONI_LOCUS8676,rna-CJOHNSTONI_LOCUS8676,159,protein_coding,Lipoprotein  [Source:UniProtKB/TrEMBL;Acc:A0A8J2Q6I3],Cercopithifilaria johnstoni (PRJEB47283),protein_coding,cejohnprjeb47283
CJOHNSTONI_LOCUS3568,rna-CJOHNSTONI_LOCUS3568,200,protein_coding,Transposase  [Source:UniProtKB/TrEMBL;Acc:A0A8J2M489],Cercopithifilaria johnstoni (PRJEB47283),protein_coding,cejohnprjeb47283
CJOHNSTONI_LOCUS618,rna-CJOHNSTONI_LOCUS618,117,protein_coding,,Cercopithifilaria johnstoni (PRJEB47283),protein_coding,cejohnprjeb47283
CJOHNSTONI_LOCUS5849,rna-CJOHNSTONI_LOCUS5849,110,protein_coding,,Cercopithifilaria johnstoni (PRJEB47283),protein_coding,cejohnprjeb47283
CJOHNSTONI_LOCUS4535,rna-CJOHNSTONI_LOCUS4535,355,protein_coding,DH domain-containing protein  [Source:UniProtKB/TrEMBL;Acc:A0A8J2Q9Z8],Cercopithifilaria johnstoni (PRJEB47283),protein_coding,cejohnprjeb47283
CJOHNSTONI_LOCUS2665,rna-CJOHNSTONI_LOCUS2665,395,protein_coding,,Cercopithifilaria johnstoni (PRJEB47283),protein_coding,cejohnprjeb47283
CJOHNSTONI_LOCUS2016,rna-CJOHNSTONI_LOCUS2016,315,protein_coding,Nuclear hormone receptor E75  [Source:UniProtKB/TrEMBL;Acc:A0A8J2M1R2],Cercopithifilaria johnstoni (PRJEB47283),protein_coding,cejohnprjeb47283
CJOHNSTONI_LOCUS543,rna-CJOHNSTONI_LOCUS543,249,protein_coding,C4H2-type domain-containing protein  [Source:UniProtKB/TrEMBL;Acc:A0A8J2LW26],Cercopithifilaria johnstoni (PRJEB47283),protein_coding,cejohnprjeb47283
CJOHNSTONI_LOCUS6609,rna-CJOHNSTONI_LOCUS6609,213,protein_coding,F-box domain-containing protein  [Source:UniProtKB/TrEMBL;Acc:A0A8J2M0E4],Cercopithifilaria johnstoni (PRJEB47283),protein_coding,cejohnprjeb47283
CJOHNSTONI_LOCUS4361,rna-CJOHNSTONI_LOCUS4361,344,protein_coding,PH domain-containing protein  [Source:UniProtKB/TrEMBL;Acc:A0A8J2M3C0],Cercopithifilaria johnstoni (PRJEB47283),protein_coding,cejohnprjeb47283
CJOHNSTONI_LOCUS9812,rna-CJOHNSTONI_LOCUS9812,713,protein_coding,Zinc finger protein  [Source:UniProtKB/TrEMBL;Acc:A0A8J2M6F1],Cercopithifilaria johnstoni (PRJEB47283),protein_coding,cejohnprjeb47283
CJOHNSTONI_LOCUS870,rna-CJOHNSTONI_LOCUS870,239,protein_coding,MFS domain-containing protein  [Source:UniProtKB/TrEMBL;Acc:A0A8J2PVX2],Cercopithifilaria johnstoni (PRJEB47283),protein_coding,cejohnprjeb47283
CJOHNSTONI_LOCUS5877,rna-CJOHNSTONI_LOCUS5877,194,protein_coding,WD_REPEATS_REGION domain-containing protein  [Source:UniProtKB/TrEMBL;Acc:A0A8J2M5X5],Cercopithifilaria johnstoni (PRJEB47283),protein_coding,cejohnprjeb47283
CJOHNSTONI_LOCUS4942,rna-CJOHNSTONI_LOCUS4942,334,protein_coding,Solute carrier family 46 member 3  [Source:UniProtKB/TrEMBL;Acc:A0A8J2M3V0],Cercopithifilaria johnstoni (PRJEB47283),protein_coding,cejohnprjeb47283
CJOHNSTONI_LOCUS7395,rna-CJOHNSTONI_LOCUS7395,184,protein_coding,Guanine nucleotide-binding protein G(Q) subunit alpha  [Source:UniProtKB/TrEMBL;Acc:A0A8J2M8C6],Cercopithifilaria johnstoni (PRJEB47283),protein_coding,cejohnprjeb47283
CJOHNSTONI_LOCUS9519,rna-CJOHNSTONI_LOCUS9519,166,protein_coding,,Cercopithifilaria johnstoni (PRJEB47283),protein_coding,cejohnprjeb47283
CJOHNSTONI_LOCUS98,rna-CJOHNSTONI_LOCUS98,354,protein_coding,Reverse transcriptase domain-containing protein  [Source:UniProtKB/TrEMBL;Acc:A0A8J2MGY4],Cercopithifilaria johnstoni (PRJEB47283),protein_coding,cejohnprjeb47283
CJOHNSTONI_LOCUS9910,rna-CJOHNSTONI_LOCUS9910,157,protein_coding,Ig-like domain-containing protein  [Source:UniProtKB/TrEMBL;Acc:A0A8J2MV62],Cercopithifilaria johnstoni (PRJEB47283),protein_coding,cejohnprjeb47283
CJOHNSTONI_LOCUS8445,rna-CJOHNSTONI_LOCUS8445,185,protein_coding,Phosphate transporter  [Source:UniProtKB/TrEMBL;Acc:A0A8J2MC07],Cercopithifilaria johnstoni (PRJEB47283),protein_coding,cejohnprjeb47283
CJOHNSTONI_LOCUS9448,rna-CJOHNSTONI_LOCUS9448,149,protein_coding,CX9C domain-containing protein  [Source:UniProtKB/TrEMBL;Acc:A0A8J2Q6W5],Cercopithifilaria johnstoni (PRJEB47283),protein_coding,cejohnprjeb47283
CJOHNSTONI_LOCUS1921,rna-CJOHNSTONI_LOCUS1921,165,protein_coding,,Cercopithifilaria johnstoni (PRJEB47283),protein_coding,cejohnprjeb47283
CJOHNSTONI_LOCUS4727,rna-CJOHNSTONI_LOCUS4727,203,protein_coding,Rab-GAP TBC domain-containing protein  [Source:UniProtKB/TrEMBL;Acc:A0A8J2M3V5],Cercopithifilaria johnstoni (PRJEB47283),protein_coding,cejohnprjeb47283
CJOHNSTONI_LOCUS5898,rna-CJOHNSTONI_LOCUS5898,197,protein_coding,RNase NYN domain-containing protein  [Source:UniProtKB/TrEMBL;Acc:A0A8J2LYZ0],Cercopithifilaria johnstoni (PRJEB47283),protein_coding,cejohnprjeb47283
CJOHNSTONI_LOCUS9650,rna-CJOHNSTONI_LOCUS9650,198,protein_coding,KH domain-containing protein  [Source:UniProtKB/TrEMBL;Acc:A0A8J2MDZ9],Cercopithifilaria johnstoni (PRJEB47283),protein_coding,cejohnprjeb47283
CJOHNSTONI_LOCUS3661,rna-CJOHNSTONI_LOCUS3661,311,protein_coding,SET domain-containing protein  [Source:UniProtKB/TrEMBL;Acc:A0A8J2PSD7],Cercopithifilaria johnstoni (PRJEB47283),protein_coding,cejohnprjeb47283
CJOHNSTONI_LOCUS10420,rna-CJOHNSTONI_LOCUS10420,232,protein_coding,,Cercopithifilaria johnstoni (PRJEB47283),protein_coding,cejohnprjeb47283
CJOHNSTONI_LOCUS6929,rna-CJOHNSTONI_LOCUS6929,156,protein_coding,PLAT domain-containing protein  [Source:UniProtKB/TrEMBL;Acc:A0A8J2M7J0],Cercopithifilaria johnstoni (PRJEB47283),protein_coding,cejohnprjeb47283
CJOHNSTONI_LOCUS8646,rna-CJOHNSTONI_LOCUS8646,239,protein_coding,"Capsular polysaccharide synthesis enzyme CpsA, sugar transferase  [Source:UniProtKB/TrEMBL;Acc:A0A8J2PXH8]",Cercopithifilaria johnstoni (PRJEB47283),protein_coding,cejohnprjeb47283
CJOHNSTONI_LOCUS2430,rna-CJOHNSTONI_LOCUS2430,146,protein_coding,,Cercopithifilaria johnstoni (PRJEB47283),protein_coding,cejohnprjeb47283
CJOHNSTONI_LOCUS8652,rna-CJOHNSTONI_LOCUS8652,134,protein_coding,,Cercopithifilaria johnstoni (PRJEB47283),protein_coding,cejohnprjeb47283
CJOHNSTONI_LOCUS940,rna-CJOHNSTONI_LOCUS940,119,protein_coding,COX6C domain-containing protein  [Source:UniProtKB/TrEMBL;Acc:A0A8J2LP83],Cercopithifilaria johnstoni (PRJEB47283),protein_coding,cejohnprjeb47283
CJOHNSTONI_LOCUS7263,rna-CJOHNSTONI_LOCUS7263,652,protein_coding,PHD-type domain-containing protein  [Source:UniProtKB/TrEMBL;Acc:A0A8J2PVQ1],Cercopithifilaria johnstoni (PRJEB47283),protein_coding,cejohnprjeb47283
CJOHNSTONI_LOCUS600,rna-CJOHNSTONI_LOCUS600,233,protein_coding,CUE domain-containing protein  [Source:UniProtKB/TrEMBL;Acc:A0A8J2LW65],Cercopithifilaria johnstoni (PRJEB47283),protein_coding,cejohnprjeb47283
CJOHNSTONI_LOCUS615,rna-CJOHNSTONI_LOCUS615,147,protein_coding,Movement protein  [Source:UniProtKB/TrEMBL;Acc:A0A8J2LW04],Cercopithifilaria johnstoni (PRJEB47283),protein_coding,cejohnprjeb47283
CJOHNSTONI_LOCUS7319,rna-CJOHNSTONI_LOCUS7319,220,protein_coding,RRM domain-containing protein  [Source:UniProtKB/TrEMBL;Acc:A0A8J2Q5R9],Cercopithifilaria johnstoni (PRJEB47283),protein_coding,cejohnprjeb47283
CJOHNSTONI_LOCUS3775,rna-CJOHNSTONI_LOCUS3775,307,protein_coding,non-specific serine/threonine protein kinase  [Source:UniProtKB/TrEMBL;Acc:A0A8J2LUL0],Cercopithifilaria johnstoni (PRJEB47283),protein_coding,cejohnprjeb47283
CJOHNSTONI_LOCUS2538,rna-CJOHNSTONI_LOCUS2538,313,protein_coding,C2H2-type domain-containing protein  [Source:UniProtKB/TrEMBL;Acc:A0A8J2Q964],Cercopithifilaria johnstoni (PRJEB47283),protein_coding,cejohnprjeb47283
CJOHNSTONI_LOCUS8068,rna-CJOHNSTONI_LOCUS8068,202,protein_coding,protein kinase C  [Source:UniProtKB/TrEMBL;Acc:A0A8J2M326],Cercopithifilaria johnstoni (PRJEB47283),protein_coding,cejohnprjeb47283
CJOHNSTONI_LOCUS6605,rna-CJOHNSTONI_LOCUS6605,458,protein_coding,,Cercopithifilaria johnstoni (PRJEB47283),protein_coding,cejohnprjeb47283
CJOHNSTONI_LOCUS7128,rna-CJOHNSTONI_LOCUS7128,266,protein_coding,Transglut_C domain-containing protein  [Source:UniProtKB/TrEMBL;Acc:A0A8J2M7U8],Cercopithifilaria johnstoni (PRJEB47283),protein_coding,cejohnprjeb47283
CJOHNSTONI_LOCUS4815,rna-CJOHNSTONI_LOCUS4815,159,protein_coding,Mediator of RNA polymerase II transcription subunit 19  [Source:UniProtKB/TrEMBL;Acc:A0A8J2LWU9],Cercopithifilaria johnstoni (PRJEB47283),protein_coding,cejohnprjeb47283
CJOHNSTONI_LOCUS2623,rna-CJOHNSTONI_LOCUS2623,151,protein_coding,riboflavin kinase  [Source:UniProtKB/TrEMBL;Acc:A0A8J2ML53],Cercopithifilaria johnstoni (PRJEB47283),protein_coding,cejohnprjeb47283
CJOHNSTONI_LOCUS290,rna-CJOHNSTONI_LOCUS290,248,protein_coding,Col_cuticle_N domain-containing protein  [Source:UniProtKB/TrEMBL;Acc:A0A8J2PZL3],Cercopithifilaria johnstoni (PRJEB47283),protein_coding,cejohnprjeb47283
CJOHNSTONI_LOCUS603,rna-CJOHNSTONI_LOCUS603,184,protein_coding,DNA_MISMATCH_REPAIR_2 domain-containing protein  [Source:UniProtKB/TrEMBL;Acc:A0A8J2LWE9],Cercopithifilaria johnstoni (PRJEB47283),protein_coding,cejohnprjeb47283
CJOHNSTONI_LOCUS936,rna-CJOHNSTONI_LOCUS936,247,protein_coding,F-box protein  [Source:UniProtKB/TrEMBL;Acc:A0A8J2Q3I4],Cercopithifilaria johnstoni (PRJEB47283),protein_coding,cejohnprjeb47283
CJOHNSTONI_LOCUS3277,rna-CJOHNSTONI_LOCUS3277,215,protein_coding,LAM_G_DOMAIN domain-containing protein  [Source:UniProtKB/TrEMBL;Acc:A0A8J2LZE0],Cercopithifilaria johnstoni (PRJEB47283),protein_coding,cejohnprjeb47283
CJOHNSTONI_LOCUS7790,rna-CJOHNSTONI_LOCUS7790,245,protein_coding,,Cercopithifilaria johnstoni (PRJEB47283),protein_coding,cejohnprjeb47283
CJOHNSTONI_LOCUS1713,rna-CJOHNSTONI_LOCUS1713,167,protein_coding,Glycine-rich protein  [Source:UniProtKB/TrEMBL;Acc:A0A8J2MJH9],Cercopithifilaria johnstoni (PRJEB47283),protein_coding,cejohnprjeb47283
CJOHNSTONI_LOCUS1015,rna-CJOHNSTONI_LOCUS1015,131,protein_coding,,Cercopithifilaria johnstoni (PRJEB47283),protein_coding,cejohnprjeb47283
CJOHNSTONI_LOCUS6793,rna-CJOHNSTONI_LOCUS6793,289,protein_coding,SSD domain-containing protein  [Source:UniProtKB/TrEMBL;Acc:A0A8J2Q5F2],Cercopithifilaria johnstoni (PRJEB47283),protein_coding,cejohnprjeb47283
CJOHNSTONI_LOCUS2571,rna-CJOHNSTONI_LOCUS2571,322,protein_coding,TIL domain-containing protein  [Source:UniProtKB/TrEMBL;Acc:A0A8J2ML30],Cercopithifilaria johnstoni (PRJEB47283),protein_coding,cejohnprjeb47283
CJOHNSTONI_LOCUS2042,rna-CJOHNSTONI_LOCUS2042,221,protein_coding,Transmembrane protein  [Source:UniProtKB/TrEMBL;Acc:A0A8J2LR37],Cercopithifilaria johnstoni (PRJEB47283),protein_coding,cejohnprjeb47283
CJOHNSTONI_LOCUS9411,rna-CJOHNSTONI_LOCUS9411,209,protein_coding,Eukaryotic translation initiation factor 2 subunit 1  [Source:UniProtKB/TrEMBL;Acc:A0A8J2MU32],Cercopithifilaria johnstoni (PRJEB47283),protein_coding,cejohnprjeb47283
CJOHNSTONI_LOCUS306,rna-CJOHNSTONI_LOCUS306,566,protein_coding,PB1 domain-containing protein  [Source:UniProtKB/TrEMBL;Acc:A0A8J2PVF2],Cercopithifilaria johnstoni (PRJEB47283),protein_coding,cejohnprjeb47283
CJOHNSTONI_LOCUS2414,rna-CJOHNSTONI_LOCUS2414,240,protein_coding,Hydrolase_4 domain-containing protein  [Source:UniProtKB/TrEMBL;Acc:A0A8J2LXX8],Cercopithifilaria johnstoni (PRJEB47283),protein_coding,cejohnprjeb47283
CJOHNSTONI_LOCUS321,rna-CJOHNSTONI_LOCUS321,417,protein_coding,RING-type domain-containing protein  [Source:UniProtKB/TrEMBL;Acc:A0A8J2LL40],Cercopithifilaria johnstoni (PRJEB47283),protein_coding,cejohnprjeb47283
CJOHNSTONI_LOCUS2176,rna-CJOHNSTONI_LOCUS2176,460,protein_coding,Trimethylguanosine synthase  [Source:UniProtKB/TrEMBL;Acc:A0A8J2LZB3],Cercopithifilaria johnstoni (PRJEB47283),protein_coding,cejohnprjeb47283
CJOHNSTONI_LOCUS4811,rna-CJOHNSTONI_LOCUS4811,318,protein_coding,,Cercopithifilaria johnstoni (PRJEB47283),protein_coding,cejohnprjeb47283
CJOHNSTONI_LOCUS6985,rna-CJOHNSTONI_LOCUS6985,211,protein_coding,CD36 family protein  [Source:UniProtKB/TrEMBL;Acc:A0A8J2PV79],Cercopithifilaria johnstoni (PRJEB47283),protein_coding,cejohnprjeb47283
CJOHNSTONI_LOCUS1817,rna-CJOHNSTONI_LOCUS1817,187,protein_coding,Protein kinase domain-containing protein  [Source:UniProtKB/TrEMBL;Acc:A0A8J2LY61],Cercopithifilaria johnstoni (PRJEB47283),protein_coding,cejohnprjeb47283
CJOHNSTONI_LOCUS5207,rna-CJOHNSTONI_LOCUS5207,218,protein_coding,"Erythrocyte membrane protein 1, PfEMP1  [Source:UniProtKB/TrEMBL;Acc:A0A8J2LXN1]",Cercopithifilaria johnstoni (PRJEB47283),protein_coding,cejohnprjeb47283
CJOHNSTONI_LOCUS6239,rna-CJOHNSTONI_LOCUS6239,188,protein_coding,Phospholipid scramblase  [Source:UniProtKB/TrEMBL;Acc:A0A8J2M5M9],Cercopithifilaria johnstoni (PRJEB47283),protein_coding,cejohnprjeb47283
CJOHNSTONI_LOCUS4914,rna-CJOHNSTONI_LOCUS4914,257,protein_coding,Non-specific serine/threonine protein kinase  [Source:UniProtKB/TrEMBL;Acc:A0A8J2M6D2],Cercopithifilaria johnstoni (PRJEB47283),protein_coding,cejohnprjeb47283
CJOHNSTONI_LOCUS4875,rna-CJOHNSTONI_LOCUS4875,1179,protein_coding,[Histone H3]-lysine(79) N-trimethyltransferase  [Source:UniProtKB/TrEMBL;Acc:A0A8J2M3Q1],Cercopithifilaria johnstoni (PRJEB47283),protein_coding,cejohnprjeb47283
CJOHNSTONI_LOCUS8018,rna-CJOHNSTONI_LOCUS8018,483,protein_coding,RRM domain-containing protein  [Source:UniProtKB/TrEMBL;Acc:A0A8J2MAI1],Cercopithifilaria johnstoni (PRJEB47283),protein_coding,cejohnprjeb47283
CJOHNSTONI_LOCUS270,rna-CJOHNSTONI_LOCUS270,238,protein_coding,Major facilitator superfamily domain-containing protein 12  [Source:UniProtKB/TrEMBL;Acc:A0A8J2LTS6],Cercopithifilaria johnstoni (PRJEB47283),protein_coding,cejohnprjeb47283
CJOHNSTONI_LOCUS3898,rna-CJOHNSTONI_LOCUS3898,224,protein_coding,ABC transporter ATP-binding protein  [Source:UniProtKB/TrEMBL;Acc:A0A8J2M0E8],Cercopithifilaria johnstoni (PRJEB47283),protein_coding,cejohnprjeb47283
CJOHNSTONI_LOCUS4302,rna-CJOHNSTONI_LOCUS4302,224,protein_coding,Lysosomal acid phosphatase  [Source:UniProtKB/TrEMBL;Acc:A0A8J2Q363],Cercopithifilaria johnstoni (PRJEB47283),protein_coding,cejohnprjeb47283
CJOHNSTONI_LOCUS1490,rna-CJOHNSTONI_LOCUS1490,155,protein_coding,t-SNARE coiled-coil homology domain-containing protein  [Source:UniProtKB/TrEMBL;Acc:A0A8J2LQ71],Cercopithifilaria johnstoni (PRJEB47283),protein_coding,cejohnprjeb47283
CJOHNSTONI_LOCUS6747,rna-CJOHNSTONI_LOCUS6747,443,protein_coding,PID domain-containing protein  [Source:UniProtKB/TrEMBL;Acc:A0A8J2Q880],Cercopithifilaria johnstoni (PRJEB47283),protein_coding,cejohnprjeb47283
CJOHNSTONI_LOCUS8015,rna-CJOHNSTONI_LOCUS8015,239,protein_coding,Protein LTV1 homolog  [Source:UniProtKB/TrEMBL;Acc:A0A8J2MSI3],Cercopithifilaria johnstoni (PRJEB47283),protein_coding,cejohnprjeb47283
CJOHNSTONI_LOCUS4154,rna-CJOHNSTONI_LOCUS4154,223,protein_coding,Mitochondrial coenzyme A transporter SLC25A42  [Source:UniProtKB/TrEMBL;Acc:A0A8J2LVB5],Cercopithifilaria johnstoni (PRJEB47283),protein_coding,cejohnprjeb47283
CJOHNSTONI_LOCUS1891,rna-CJOHNSTONI_LOCUS1891,262,protein_coding,RRM domain-containing protein  [Source:UniProtKB/TrEMBL;Acc:A0A8J2Q8X1],Cercopithifilaria johnstoni (PRJEB47283),protein_coding,cejohnprjeb47283
CJOHNSTONI_LOCUS10047,rna-CJOHNSTONI_LOCUS10047,980,protein_coding,Vacuolar protein sorting-associated protein 16 homolog  [Source:UniProtKB/TrEMBL;Acc:A0A8J2MVC6],Cercopithifilaria johnstoni (PRJEB47283),protein_coding,cejohnprjeb47283
CJOHNSTONI_LOCUS8448,rna-CJOHNSTONI_LOCUS8448,225,protein_coding,Innexin  [Source:UniProtKB/TrEMBL;Acc:A0A8J2PXB8],Cercopithifilaria johnstoni (PRJEB47283),protein_coding,cejohnprjeb47283
CJOHNSTONI_LOCUS6228,rna-CJOHNSTONI_LOCUS6228,195,protein_coding,Suf domain-containing protein  [Source:UniProtKB/TrEMBL;Acc:A0A8J2MQ49],Cercopithifilaria johnstoni (PRJEB47283),protein_coding,cejohnprjeb47283
CJOHNSTONI_LOCUS2694,rna-CJOHNSTONI_LOCUS2694,307,protein_coding,Lipase  [Source:UniProtKB/TrEMBL;Acc:A0A8J2M2T3],Cercopithifilaria johnstoni (PRJEB47283),protein_coding,cejohnprjeb47283
CJOHNSTONI_LOCUS10469,rna-CJOHNSTONI_LOCUS10469,210,protein_coding,,Cercopithifilaria johnstoni (PRJEB47283),protein_coding,cejohnprjeb47283
CJOHNSTONI_LOCUS1029,rna-CJOHNSTONI_LOCUS1029,216,protein_coding,DNA_mis_repair domain-containing protein  [Source:UniProtKB/TrEMBL;Acc:A0A8J2MIC7],Cercopithifilaria johnstoni (PRJEB47283),protein_coding,cejohnprjeb47283
CJOHNSTONI_LOCUS3805,rna-CJOHNSTONI_LOCUS3805,164,protein_coding,Phosphatidylethanolamine-binding protein  [Source:UniProtKB/TrEMBL;Acc:A0A8J2MMD9],Cercopithifilaria johnstoni (PRJEB47283),protein_coding,cejohnprjeb47283
CJOHNSTONI_LOCUS4861,rna-CJOHNSTONI_LOCUS4861,515,protein_coding,DB domain-containing protein  [Source:UniProtKB/TrEMBL;Acc:A0A8J2M3P1],Cercopithifilaria johnstoni (PRJEB47283),protein_coding,cejohnprjeb47283
CJOHNSTONI_LOCUS4382,rna-CJOHNSTONI_LOCUS4382,251,protein_coding,CSRNP_N domain-containing protein  [Source:UniProtKB/TrEMBL;Acc:A0A8J2LVW3],Cercopithifilaria johnstoni (PRJEB47283),protein_coding,cejohnprjeb47283
CJOHNSTONI_LOCUS6876,rna-CJOHNSTONI_LOCUS6876,469,protein_coding,TSC22 domain family protein 1  [Source:UniProtKB/TrEMBL;Acc:A0A8J2Q5H5],Cercopithifilaria johnstoni (PRJEB47283),protein_coding,cejohnprjeb47283
CJOHNSTONI_LOCUS3483,rna-CJOHNSTONI_LOCUS3483,274,protein_coding,Glycos_transf_1 domain-containing protein  [Source:UniProtKB/TrEMBL;Acc:A0A8J2Q9J8],Cercopithifilaria johnstoni (PRJEB47283),protein_coding,cejohnprjeb47283
CJOHNSTONI_LOCUS6552,rna-CJOHNSTONI_LOCUS6552,219,protein_coding,P53 domain-containing protein  [Source:UniProtKB/TrEMBL;Acc:A0A8J2QAH9],Cercopithifilaria johnstoni (PRJEB47283),protein_coding,cejohnprjeb47283
CJOHNSTONI_LOCUS1951,rna-CJOHNSTONI_LOCUS1951,257,protein_coding,GPN-loop GTPase  [Source:UniProtKB/TrEMBL;Acc:A0A8J2LYF1],Cercopithifilaria johnstoni (PRJEB47283),protein_coding,cejohnprjeb47283
CJOHNSTONI_LOCUS5903,rna-CJOHNSTONI_LOCUS5903,192,protein_coding,Conserved oligomeric Golgi complex subunit 7  [Source:UniProtKB/TrEMBL;Acc:A0A8J2M863],Cercopithifilaria johnstoni (PRJEB47283),protein_coding,cejohnprjeb47283
CJOHNSTONI_LOCUS1076,rna-CJOHNSTONI_LOCUS1076,143,protein_coding,"39S ribosomal protein L18, mitochondrial  [Source:UniProtKB/TrEMBL;Acc:A0A8J2Q3M0]",Cercopithifilaria johnstoni (PRJEB47283),protein_coding,cejohnprjeb47283
CJOHNSTONI_LOCUS3120,rna-CJOHNSTONI_LOCUS3120,315,protein_coding,Protein kinase domain-containing protein  [Source:UniProtKB/TrEMBL;Acc:A0A8J2Q9E7],Cercopithifilaria johnstoni (PRJEB47283),protein_coding,cejohnprjeb47283
CJOHNSTONI_LOCUS728,rna-CJOHNSTONI_LOCUS728,122,protein_coding,Mitochondrial import inner membrane translocase subunit TIM16  [Source:UniProtKB/TrEMBL;Acc:A0A8J2PPT0],Cercopithifilaria johnstoni (PRJEB47283),protein_coding,cejohnprjeb47283
CJOHNSTONI_LOCUS4803,rna-CJOHNSTONI_LOCUS4803,318,protein_coding,VWFA domain-containing protein  [Source:UniProtKB/TrEMBL;Acc:A0A8J2MMX1],Cercopithifilaria johnstoni (PRJEB47283),protein_coding,cejohnprjeb47283
CJOHNSTONI_LOCUS7290,rna-CJOHNSTONI_LOCUS7290,237,protein_coding,,Cercopithifilaria johnstoni (PRJEB47283),protein_coding,cejohnprjeb47283
CJOHNSTONI_LOCUS5344,rna-CJOHNSTONI_LOCUS5344,209,protein_coding,PITH domain-containing protein  [Source:UniProtKB/TrEMBL;Acc:A0A8J2M4X7],Cercopithifilaria johnstoni (PRJEB47283),protein_coding,cejohnprjeb47283
CJOHNSTONI_LOCUS7659,rna-CJOHNSTONI_LOCUS7659,203,protein_coding,SHR-BD domain-containing protein  [Source:UniProtKB/TrEMBL;Acc:A0A8J2MBK9],Cercopithifilaria johnstoni (PRJEB47283),protein_coding,cejohnprjeb47283
CJOHNSTONI_LOCUS9429,rna-CJOHNSTONI_LOCUS9429,185,protein_coding,NADH dehydrogenase [ubiquinone] 1 beta subcomplex subunit 4  [Source:UniProtKB/TrEMBL;Acc:A0A8J2MDV5],Cercopithifilaria johnstoni (PRJEB47283),protein_coding,cejohnprjeb47283
CJOHNSTONI_LOCUS258,rna-CJOHNSTONI_LOCUS258,158,protein_coding,,Cercopithifilaria johnstoni (PRJEB47283),protein_coding,cejohnprjeb47283
CJOHNSTONI_LOCUS9889,rna-CJOHNSTONI_LOCUS9889,284,protein_coding,CNH domain-containing protein  [Source:UniProtKB/TrEMBL;Acc:A0A8J2PYL6],Cercopithifilaria johnstoni (PRJEB47283),protein_coding,cejohnprjeb47283
CJOHNSTONI_LOCUS657,rna-CJOHNSTONI_LOCUS657,216,protein_coding,Protein pelota homolog  [Source:UniProtKB/TrEMBL;Acc:A0A8J2LW97],Cercopithifilaria johnstoni (PRJEB47283),protein_coding,cejohnprjeb47283
CJOHNSTONI_LOCUS7550,rna-CJOHNSTONI_LOCUS7550,277,protein_coding,Zinc transporter 2  [Source:UniProtKB/TrEMBL;Acc:A0A8J2M8N6],Cercopithifilaria johnstoni (PRJEB47283),protein_coding,cejohnprjeb47283
CJOHNSTONI_LOCUS7605,rna-CJOHNSTONI_LOCUS7605,221,protein_coding,Carboxylic ester hydrolase  [Source:UniProtKB/TrEMBL;Acc:A0A8J2MA24],Cercopithifilaria johnstoni (PRJEB47283),protein_coding,cejohnprjeb47283
CJOHNSTONI_LOCUS8823,rna-CJOHNSTONI_LOCUS8823,187,protein_coding,"39S ribosomal protein L19, mitochondrial  [Source:UniProtKB/TrEMBL;Acc:A0A8J2M3L0]",Cercopithifilaria johnstoni (PRJEB47283),protein_coding,cejohnprjeb47283
CJOHNSTONI_LOCUS1210,rna-CJOHNSTONI_LOCUS1210,161,protein_coding,dimethylargininase  [Source:UniProtKB/TrEMBL;Acc:A0A8J2LMK7],Cercopithifilaria johnstoni (PRJEB47283),protein_coding,cejohnprjeb47283
CJOHNSTONI_LOCUS1380,rna-CJOHNSTONI_LOCUS1380,232,protein_coding,7TM_GPCR_Srx domain-containing protein  [Source:UniProtKB/TrEMBL;Acc:A0A8J2LXV3],Cercopithifilaria johnstoni (PRJEB47283),protein_coding,cejohnprjeb47283
CJOHNSTONI_LOCUS10480,rna-CJOHNSTONI_LOCUS10480,125,protein_coding,Conserved protein  [Source:UniProtKB/TrEMBL;Acc:A0A8J2PZ67],Cercopithifilaria johnstoni (PRJEB47283),protein_coding,cejohnprjeb47283
CJOHNSTONI_LOCUS3437,rna-CJOHNSTONI_LOCUS3437,279,protein_coding,protein-synthesizing GTPase  [Source:UniProtKB/TrEMBL;Acc:A0A8J2M119],Cercopithifilaria johnstoni (PRJEB47283),protein_coding,cejohnprjeb47283
CJOHNSTONI_LOCUS190,rna-CJOHNSTONI_LOCUS190,393,protein_coding,Laminin subunit alpha-2  [Source:UniProtKB/TrEMBL;Acc:A0A8J2Q2Z8],Cercopithifilaria johnstoni (PRJEB47283),protein_coding,cejohnprjeb47283
CJOHNSTONI_LOCUS7086,rna-CJOHNSTONI_LOCUS7086,1119,protein_coding,"dolichyl-P-Glc:Glc2Man9GlcNAc2-PP-dolichol alpha-1,2-glucosyltransferase  [Source:UniProtKB/TrEMBL;Acc:A0A8J2MAH3]",Cercopithifilaria johnstoni (PRJEB47283),protein_coding,cejohnprjeb47283
CJOHNSTONI_LOCUS4018,rna-CJOHNSTONI_LOCUS4018,209,protein_coding,AMPK1_CBM domain-containing protein  [Source:UniProtKB/TrEMBL;Acc:A0A8J2M2Q2],Cercopithifilaria johnstoni (PRJEB47283),protein_coding,cejohnprjeb47283
CJOHNSTONI_LOCUS2710,rna-CJOHNSTONI_LOCUS2710,326,protein_coding,SWIB/MDM2 domain-containing protein  [Source:UniProtKB/TrEMBL;Acc:A0A8J2LZX5],Cercopithifilaria johnstoni (PRJEB47283),protein_coding,cejohnprjeb47283
CJOHNSTONI_LOCUS2024,rna-CJOHNSTONI_LOCUS2024,310,protein_coding,TCTN_DUF1619 domain-containing protein  [Source:UniProtKB/TrEMBL;Acc:A0A8J2Q8Z1],Cercopithifilaria johnstoni (PRJEB47283),protein_coding,cejohnprjeb47283
CJOHNSTONI_LOCUS8665,rna-CJOHNSTONI_LOCUS8665,216,protein_coding,Activin_recp domain-containing protein  [Source:UniProtKB/TrEMBL;Acc:A0A8J2M427],Cercopithifilaria johnstoni (PRJEB47283),protein_coding,cejohnprjeb47283
CJOHNSTONI_LOCUS6111,rna-CJOHNSTONI_LOCUS6111,194,protein_coding,Protein-serine/threonine kinase  [Source:UniProtKB/TrEMBL;Acc:A0A8J2M6Y1],Cercopithifilaria johnstoni (PRJEB47283),protein_coding,cejohnprjeb47283
CJOHNSTONI_LOCUS4751,rna-CJOHNSTONI_LOCUS4751,1456,protein_coding,DH domain-containing protein  [Source:UniProtKB/TrEMBL;Acc:A0A8J2M407],Cercopithifilaria johnstoni (PRJEB47283),protein_coding,cejohnprjeb47283
CJOHNSTONI_LOCUS4054,rna-CJOHNSTONI_LOCUS4054,153,protein_coding,AB hydrolase-1 domain-containing protein  [Source:UniProtKB/TrEMBL;Acc:A0A8J2LV45],Cercopithifilaria johnstoni (PRJEB47283),protein_coding,cejohnprjeb47283
CJOHNSTONI_LOCUS4379,rna-CJOHNSTONI_LOCUS4379,290,protein_coding,MFP2 family protein  [Source:UniProtKB/TrEMBL;Acc:A0A8J2PZU8],Cercopithifilaria johnstoni (PRJEB47283),protein_coding,cejohnprjeb47283
CJOHNSTONI_LOCUS8296,rna-CJOHNSTONI_LOCUS8296,188,protein_coding,RAB6-interacting golgin  [Source:UniProtKB/TrEMBL;Acc:A0A8J2MB56],Cercopithifilaria johnstoni (PRJEB47283),protein_coding,cejohnprjeb47283
CJOHNSTONI_LOCUS10497,rna-CJOHNSTONI_LOCUS10497,171,protein_coding,AMP-binding domain-containing protein  [Source:UniProtKB/TrEMBL;Acc:A0A8J2QBB8],Cercopithifilaria johnstoni (PRJEB47283),protein_coding,cejohnprjeb47283
CJOHNSTONI_LOCUS10064,rna-CJOHNSTONI_LOCUS10064,211,protein_coding,WD_REPEATS_REGION domain-containing protein  [Source:UniProtKB/TrEMBL;Acc:A0A8J2MFT4],Cercopithifilaria johnstoni (PRJEB47283),protein_coding,cejohnprjeb47283
CJOHNSTONI_LOCUS2034,rna-CJOHNSTONI_LOCUS2034,230,protein_coding,MFS domain-containing protein  [Source:UniProtKB/TrEMBL;Acc:A0A8J2LYK0],Cercopithifilaria johnstoni (PRJEB47283),protein_coding,cejohnprjeb47283
CJOHNSTONI_LOCUS7444,rna-CJOHNSTONI_LOCUS7444,196,protein_coding,CASPASE_P20 domain-containing protein  [Source:UniProtKB/TrEMBL;Acc:A0A8J2MRK4],Cercopithifilaria johnstoni (PRJEB47283),protein_coding,cejohnprjeb47283
CJOHNSTONI_LOCUS7435,rna-CJOHNSTONI_LOCUS7435,179,protein_coding,histone acetyltransferase  [Source:UniProtKB/TrEMBL;Acc:A0A8J2Q8H7],Cercopithifilaria johnstoni (PRJEB47283),protein_coding,cejohnprjeb47283
CJOHNSTONI_LOCUS2082,rna-CJOHNSTONI_LOCUS2082,398,protein_coding,BED-type domain-containing protein  [Source:UniProtKB/TrEMBL;Acc:A0A8J2LP00],Cercopithifilaria johnstoni (PRJEB47283),protein_coding,cejohnprjeb47283
CJOHNSTONI_LOCUS10189,rna-CJOHNSTONI_LOCUS10189,229,protein_coding,,Cercopithifilaria johnstoni (PRJEB47283),protein_coding,cejohnprjeb47283
CJOHNSTONI_LOCUS9885,rna-CJOHNSTONI_LOCUS9885,173,protein_coding,Neuropeptide-like 1  [Source:UniProtKB/TrEMBL;Acc:A0A8J2MEP8],Cercopithifilaria johnstoni (PRJEB47283),protein_coding,cejohnprjeb47283
CJOHNSTONI_LOCUS5905,rna-CJOHNSTONI_LOCUS5905,240,protein_coding,Importin N-terminal domain-containing protein  [Source:UniProtKB/TrEMBL;Acc:A0A8J2M5Z4],Cercopithifilaria johnstoni (PRJEB47283),protein_coding,cejohnprjeb47283
CJOHNSTONI_LOCUS10177,rna-CJOHNSTONI_LOCUS10177,272,protein_coding,RNA-binding (RRM/RBD/RNP motifs) family protein  [Source:UniProtKB/TrEMBL;Acc:A0A8J2Q4H5],Cercopithifilaria johnstoni (PRJEB47283),protein_coding,cejohnprjeb47283
CJOHNSTONI_LOCUS5126,rna-CJOHNSTONI_LOCUS5126,592,protein_coding,Nucleotid_trans domain-containing protein  [Source:UniProtKB/TrEMBL;Acc:A0A8J2Q421],Cercopithifilaria johnstoni (PRJEB47283),protein_coding,cejohnprjeb47283
CJOHNSTONI_LOCUS773,rna-CJOHNSTONI_LOCUS773,263,protein_coding,,Cercopithifilaria johnstoni (PRJEB47283),protein_coding,cejohnprjeb47283
CJOHNSTONI_LOCUS3093,rna-CJOHNSTONI_LOCUS3093,217,protein_coding,Tyrosine-protein phosphatase domain-containing protein  [Source:UniProtKB/TrEMBL;Acc:A0A8J2Q9E3],Cercopithifilaria johnstoni (PRJEB47283),protein_coding,cejohnprjeb47283
CJOHNSTONI_LOCUS9141,rna-CJOHNSTONI_LOCUS9141,443,protein_coding,ACT domain-containing protein  [Source:UniProtKB/TrEMBL;Acc:A0A8J2Q922],Cercopithifilaria johnstoni (PRJEB47283),protein_coding,cejohnprjeb47283
CJOHNSTONI_LOCUS3065,rna-CJOHNSTONI_LOCUS3065,211,protein_coding,Aquaporin-9  [Source:UniProtKB/TrEMBL;Acc:A0A8J2LQF1],Cercopithifilaria johnstoni (PRJEB47283),protein_coding,cejohnprjeb47283
CJOHNSTONI_LOCUS7293,rna-CJOHNSTONI_LOCUS7293,508,protein_coding,Cleavage and polyadenylation specificity factor 100 kDa subunit  [Source:UniProtKB/TrEMBL;Acc:A0A8J2Q292],Cercopithifilaria johnstoni (PRJEB47283),protein_coding,cejohnprjeb47283
CJOHNSTONI_LOCUS4042,rna-CJOHNSTONI_LOCUS4042,202,protein_coding,CBF domain-containing protein  [Source:UniProtKB/TrEMBL;Acc:A0A8J2MMN6],Cercopithifilaria johnstoni (PRJEB47283),protein_coding,cejohnprjeb47283
CJOHNSTONI_LOCUS6483,rna-CJOHNSTONI_LOCUS6483,161,protein_coding,2-oxoisovalerate dehydrogenase subunit alpha  [Source:UniProtKB/TrEMBL;Acc:A0A8J2M676],Cercopithifilaria johnstoni (PRJEB47283),protein_coding,cejohnprjeb47283
CJOHNSTONI_LOCUS5664,rna-CJOHNSTONI_LOCUS5664,180,protein_coding,Spt5-NGN domain-containing protein  [Source:UniProtKB/TrEMBL;Acc:A0A8J2LY44],Cercopithifilaria johnstoni (PRJEB47283),protein_coding,cejohnprjeb47283
CJOHNSTONI_LOCUS56,rna-CJOHNSTONI_LOCUS56,184,protein_coding,UNC80_C domain-containing protein  [Source:UniProtKB/TrEMBL;Acc:A0A8J2MGW3],Cercopithifilaria johnstoni (PRJEB47283),protein_coding,cejohnprjeb47283
CJOHNSTONI_LOCUS10139,rna-CJOHNSTONI_LOCUS10139,133,protein_coding,Two-component sensor histidine kinase  [Source:UniProtKB/TrEMBL;Acc:A0A8J2Q4G4],Cercopithifilaria johnstoni (PRJEB47283),protein_coding,cejohnprjeb47283
CJOHNSTONI_LOCUS3848,rna-CJOHNSTONI_LOCUS3848,304,protein_coding,BOP1NT domain-containing protein  [Source:UniProtKB/TrEMBL;Acc:A0A8J2MMF7],Cercopithifilaria johnstoni (PRJEB47283),protein_coding,cejohnprjeb47283
CJOHNSTONI_LOCUS4855,rna-CJOHNSTONI_LOCUS4855,207,protein_coding,Protein Wnt  [Source:UniProtKB/TrEMBL;Acc:A0A8J2M2G2],Cercopithifilaria johnstoni (PRJEB47283),protein_coding,cejohnprjeb47283
CJOHNSTONI_LOCUS2027,rna-CJOHNSTONI_LOCUS2027,248,protein_coding,Collagen-like protein  [Source:UniProtKB/TrEMBL;Acc:A0A8J2LR28],Cercopithifilaria johnstoni (PRJEB47283),protein_coding,cejohnprjeb47283
CJOHNSTONI_LOCUS10156,rna-CJOHNSTONI_LOCUS10156,168,protein_coding,GLOBIN domain-containing protein  [Source:UniProtKB/TrEMBL;Acc:A0A8J2M7N0],Cercopithifilaria johnstoni (PRJEB47283),protein_coding,cejohnprjeb47283
CJOHNSTONI_LOCUS3367,rna-CJOHNSTONI_LOCUS3367,142,protein_coding,Pleckstrin homology domain-containing family F member 2  [Source:UniProtKB/TrEMBL;Acc:A0A8J2PS49],Cercopithifilaria johnstoni (PRJEB47283),protein_coding,cejohnprjeb47283
CJOHNSTONI_LOCUS4040,rna-CJOHNSTONI_LOCUS4040,259,protein_coding,WH1 domain-containing protein  [Source:UniProtKB/TrEMBL;Acc:A0A8J2M0Q4],Cercopithifilaria johnstoni (PRJEB47283),protein_coding,cejohnprjeb47283
CJOHNSTONI_LOCUS10558,rna-CJOHNSTONI_LOCUS10558,1304,protein_coding,C-type lectin domain-containing protein  [Source:UniProtKB/TrEMBL;Acc:A0A8J2MFN7],Cercopithifilaria johnstoni (PRJEB47283),protein_coding,cejohnprjeb47283
CJOHNSTONI_LOCUS1534,rna-CJOHNSTONI_LOCUS1534,116,protein_coding,4a-hydroxytetrahydrobiopterin dehydratase  [Source:UniProtKB/TrEMBL;Acc:A0A8J2Q3Y2],Cercopithifilaria johnstoni (PRJEB47283),protein_coding,cejohnprjeb47283
CJOHNSTONI_LOCUS5423,rna-CJOHNSTONI_LOCUS5423,224,protein_coding,BTB domain-containing protein  [Source:UniProtKB/TrEMBL;Acc:A0A8J2PTT8],Cercopithifilaria johnstoni (PRJEB47283),protein_coding,cejohnprjeb47283
CJOHNSTONI_LOCUS6817,rna-CJOHNSTONI_LOCUS6817,257,protein_coding,DUF659 domain-containing protein  [Source:UniProtKB/TrEMBL;Acc:A0A8J2M8E6],Cercopithifilaria johnstoni (PRJEB47283),protein_coding,cejohnprjeb47283
CJOHNSTONI_LOCUS6455,rna-CJOHNSTONI_LOCUS6455,413,protein_coding,DNA-directed DNA polymerase  [Source:UniProtKB/TrEMBL;Acc:A0A8J2LZY9],Cercopithifilaria johnstoni (PRJEB47283),protein_coding,cejohnprjeb47283
CJOHNSTONI_LOCUS4292,rna-CJOHNSTONI_LOCUS4292,358,protein_coding,G_PROTEIN_RECEP_F1_2 domain-containing protein  [Source:UniProtKB/TrEMBL;Acc:A0A8J2MMF9],Cercopithifilaria johnstoni (PRJEB47283),protein_coding,cejohnprjeb47283
CJOHNSTONI_LOCUS1837,rna-CJOHNSTONI_LOCUS1837,352,protein_coding,SUN domain-containing protein  [Source:UniProtKB/TrEMBL;Acc:A0A8J2LNJ5],Cercopithifilaria johnstoni (PRJEB47283),protein_coding,cejohnprjeb47283
CJOHNSTONI_LOCUS4806,rna-CJOHNSTONI_LOCUS4806,302,protein_coding,Palmitoyltransferase  [Source:UniProtKB/TrEMBL;Acc:A0A8J2M442],Cercopithifilaria johnstoni (PRJEB47283),protein_coding,cejohnprjeb47283
CJOHNSTONI_LOCUS9488,rna-CJOHNSTONI_LOCUS9488,289,protein_coding,Rad21_Rec8 domain-containing protein  [Source:UniProtKB/TrEMBL;Acc:A0A8J2Q6X4],Cercopithifilaria johnstoni (PRJEB47283),protein_coding,cejohnprjeb47283
CJOHNSTONI_LOCUS5396,rna-CJOHNSTONI_LOCUS5396,211,protein_coding,GOLGA2L5 domain-containing protein  [Source:UniProtKB/TrEMBL;Acc:A0A8J2M571],Cercopithifilaria johnstoni (PRJEB47283),protein_coding,cejohnprjeb47283
CJOHNSTONI_LOCUS3443,rna-CJOHNSTONI_LOCUS3443,207,protein_coding,RNA helicase  [Source:UniProtKB/TrEMBL;Acc:A0A8J2Q9J2],Cercopithifilaria johnstoni (PRJEB47283),protein_coding,cejohnprjeb47283
CJOHNSTONI_LOCUS1851,rna-CJOHNSTONI_LOCUS1851,224,protein_coding,Ubiquitin-like domain-containing protein  [Source:UniProtKB/TrEMBL;Acc:A0A8J2LNK4],Cercopithifilaria johnstoni (PRJEB47283),protein_coding,cejohnprjeb47283
CJOHNSTONI_LOCUS3307,rna-CJOHNSTONI_LOCUS3307,215,protein_coding,ShTK domain containing protein  [Source:UniProtKB/TrEMBL;Acc:A0A8J2MLT9],Cercopithifilaria johnstoni (PRJEB47283),protein_coding,cejohnprjeb47283
CJOHNSTONI_LOCUS6902,rna-CJOHNSTONI_LOCUS6902,241,protein_coding,HELP domain-containing protein  [Source:UniProtKB/TrEMBL;Acc:A0A8J2Q8A2],Cercopithifilaria johnstoni (PRJEB47283),protein_coding,cejohnprjeb47283
CJOHNSTONI_LOCUS3051,rna-CJOHNSTONI_LOCUS3051,233,protein_coding,O-acyltransferase  [Source:UniProtKB/TrEMBL;Acc:A0A8J2LT04],Cercopithifilaria johnstoni (PRJEB47283),protein_coding,cejohnprjeb47283
CJOHNSTONI_LOCUS6767,rna-CJOHNSTONI_LOCUS6767,331,protein_coding,,Cercopithifilaria johnstoni (PRJEB47283),protein_coding,cejohnprjeb47283
CJOHNSTONI_LOCUS9211,rna-CJOHNSTONI_LOCUS9211,221,protein_coding,TRUD domain-containing protein  [Source:UniProtKB/TrEMBL;Acc:A0A8J2M4A3],Cercopithifilaria johnstoni (PRJEB47283),protein_coding,cejohnprjeb47283
CJOHNSTONI_LOCUS6850,rna-CJOHNSTONI_LOCUS6850,152,protein_coding,ATPase_AAA_core domain-containing protein  [Source:UniProtKB/TrEMBL;Acc:A0A8J2Q1V4],Cercopithifilaria johnstoni (PRJEB47283),protein_coding,cejohnprjeb47283
CJOHNSTONI_LOCUS975,rna-CJOHNSTONI_LOCUS975,206,protein_coding,Mitochondrial carrier protein  [Source:UniProtKB/TrEMBL;Acc:A0A8J2LV05],Cercopithifilaria johnstoni (PRJEB47283),protein_coding,cejohnprjeb47283
CJOHNSTONI_LOCUS4743,rna-CJOHNSTONI_LOCUS4743,147,protein_coding,V-type proton ATPase 21 kDa proteolipid subunit  [Source:UniProtKB/TrEMBL;Acc:A0A8J2Q019],Cercopithifilaria johnstoni (PRJEB47283),protein_coding,cejohnprjeb47283
CJOHNSTONI_LOCUS4297,rna-CJOHNSTONI_LOCUS4297,466,protein_coding,BAT2_N domain-containing protein  [Source:UniProtKB/TrEMBL;Acc:A0A8J2M2I9],Cercopithifilaria johnstoni (PRJEB47283),protein_coding,cejohnprjeb47283
CJOHNSTONI_LOCUS5863,rna-CJOHNSTONI_LOCUS5863,199,protein_coding,Serine/threonine-protein kinase RIO3  [Source:UniProtKB/TrEMBL;Acc:A0A8J2M6J2],Cercopithifilaria johnstoni (PRJEB47283),protein_coding,cejohnprjeb47283
CJOHNSTONI_LOCUS2499,rna-CJOHNSTONI_LOCUS2499-2,431,protein_coding,VWFA domain-containing protein  [Source:UniProtKB/TrEMBL;Acc:A0A8J2LRY6],Cercopithifilaria johnstoni (PRJEB47283),protein_coding,cejohnprjeb47283
CJOHNSTONI_LOCUS7972,rna-CJOHNSTONI_LOCUS7972,262,protein_coding,F-box/LRR-repeat protein 7  [Source:UniProtKB/TrEMBL;Acc:A0A8J2QAT4],Cercopithifilaria johnstoni (PRJEB47283),protein_coding,cejohnprjeb47283
CJOHNSTONI_LOCUS9990,rna-CJOHNSTONI_LOCUS9990,358,protein_coding,,Cercopithifilaria johnstoni (PRJEB47283),protein_coding,cejohnprjeb47283
CJOHNSTONI_LOCUS9948,rna-CJOHNSTONI_LOCUS9948,236,protein_coding,Heterogeneous nuclear ribonucleoprotein K  [Source:UniProtKB/TrEMBL;Acc:A0A8J2MCW8],Cercopithifilaria johnstoni (PRJEB47283),protein_coding,cejohnprjeb47283
CJOHNSTONI_LOCUS9960,rna-CJOHNSTONI_LOCUS9960,200,protein_coding,Protein FAM98A  [Source:UniProtKB/TrEMBL;Acc:A0A8J2M5F6],Cercopithifilaria johnstoni (PRJEB47283),protein_coding,cejohnprjeb47283
CJOHNSTONI_LOCUS8741,rna-CJOHNSTONI_LOCUS8741,171,protein_coding,Fatty-acid and retinol-binding protein 1  [Source:UniProtKB/TrEMBL;Acc:A0A8J2PXK7],Cercopithifilaria johnstoni (PRJEB47283),protein_coding,cejohnprjeb47283
CJOHNSTONI_LOCUS2577,rna-CJOHNSTONI_LOCUS2577,149,protein_coding,Vps5 domain-containing protein  [Source:UniProtKB/TrEMBL;Acc:A0A8J2M011],Cercopithifilaria johnstoni (PRJEB47283),protein_coding,cejohnprjeb47283
CJOHNSTONI_LOCUS1700,rna-CJOHNSTONI_LOCUS1700,355,protein_coding,Protein shank  [Source:UniProtKB/TrEMBL;Acc:A0A8J2M194],Cercopithifilaria johnstoni (PRJEB47283),protein_coding,cejohnprjeb47283
CJOHNSTONI_LOCUS1040,rna-CJOHNSTONI_LOCUS1040,153,protein_coding,CPG4 domain-containing protein  [Source:UniProtKB/TrEMBL;Acc:A0A8J2Q8E0],Cercopithifilaria johnstoni (PRJEB47283),protein_coding,cejohnprjeb47283
CJOHNSTONI_LOCUS10351,rna-CJOHNSTONI_LOCUS10351,777,protein_coding,Homeobox domain-containing protein  [Source:UniProtKB/TrEMBL;Acc:A0A8J2Q9K1],Cercopithifilaria johnstoni (PRJEB47283),protein_coding,cejohnprjeb47283
CJOHNSTONI_LOCUS8759,rna-CJOHNSTONI_LOCUS8759,641,protein_coding,G_PROTEIN_RECEP_F1_2 domain-containing protein  [Source:UniProtKB/TrEMBL;Acc:A0A8J2MT99],Cercopithifilaria johnstoni (PRJEB47283),protein_coding,cejohnprjeb47283
CJOHNSTONI_LOCUS7983,rna-CJOHNSTONI_LOCUS7983,608,protein_coding,Terpene_synth_C domain-containing protein  [Source:UniProtKB/TrEMBL;Acc:A0A8J2PWX6],Cercopithifilaria johnstoni (PRJEB47283),protein_coding,cejohnprjeb47283
CJOHNSTONI_LOCUS66,rna-CJOHNSTONI_LOCUS66,229,protein_coding,ShTK domain protein  [Source:UniProtKB/TrEMBL;Acc:A0A8J2Q7V7],Cercopithifilaria johnstoni (PRJEB47283),protein_coding,cejohnprjeb47283
CJOHNSTONI_LOCUS7254,rna-CJOHNSTONI_LOCUS7254,282,protein_coding,SEC7 domain-containing protein  [Source:UniProtKB/TrEMBL;Acc:A0A8J2M112],Cercopithifilaria johnstoni (PRJEB47283),protein_coding,cejohnprjeb47283
CJOHNSTONI_LOCUS3360,rna-CJOHNSTONI_LOCUS3360,206,protein_coding,DDE_Tnp_1_7 domain-containing protein  [Source:UniProtKB/TrEMBL;Acc:A0A8J2MLV5],Cercopithifilaria johnstoni (PRJEB47283),protein_coding,cejohnprjeb47283
CJOHNSTONI_LOCUS3667,rna-CJOHNSTONI_LOCUS3667,178,protein_coding,Rab3 GTPase-activating protein catalytic subunit  [Source:UniProtKB/TrEMBL;Acc:A0A8J2M025],Cercopithifilaria johnstoni (PRJEB47283),protein_coding,cejohnprjeb47283
CJOHNSTONI_LOCUS8832,rna-CJOHNSTONI_LOCUS8832,245,protein_coding,Bm4292  [Source:UniProtKB/TrEMBL;Acc:A0A8J2MB33],Cercopithifilaria johnstoni (PRJEB47283),protein_coding,cejohnprjeb47283
CJOHNSTONI_LOCUS5059,rna-CJOHNSTONI_LOCUS5059,356,protein_coding,G_PROTEIN_RECEP_F1_2 domain-containing protein  [Source:UniProtKB/TrEMBL;Acc:A0A8J2LXE2],Cercopithifilaria johnstoni (PRJEB47283),protein_coding,cejohnprjeb47283
CJOHNSTONI_LOCUS1360,rna-CJOHNSTONI_LOCUS1360,182,protein_coding,,Cercopithifilaria johnstoni (PRJEB47283),protein_coding,cejohnprjeb47283
CJOHNSTONI_LOCUS9293,rna-CJOHNSTONI_LOCUS9293,181,protein_coding,Vps16_N domain-containing protein  [Source:UniProtKB/TrEMBL;Acc:A0A8J2Q944],Cercopithifilaria johnstoni (PRJEB47283),protein_coding,cejohnprjeb47283
CJOHNSTONI_LOCUS727,rna-CJOHNSTONI_LOCUS727,163,protein_coding,"39S ribosomal protein L40, mitochondrial  [Source:UniProtKB/TrEMBL;Acc:A0A8J2Q3E7]",Cercopithifilaria johnstoni (PRJEB47283),protein_coding,cejohnprjeb47283
CJOHNSTONI_LOCUS1308,rna-CJOHNSTONI_LOCUS1308,152,protein_coding,Coiled-coil domain-containing protein 102A  [Source:UniProtKB/TrEMBL;Acc:A0A8J2M0U6],Cercopithifilaria johnstoni (PRJEB47283),protein_coding,cejohnprjeb47283
CJOHNSTONI_LOCUS8779,rna-CJOHNSTONI_LOCUS8779,152,protein_coding,G_PROTEIN_RECEP_F1_2 domain-containing protein  [Source:UniProtKB/TrEMBL;Acc:A0A8J2MB00],Cercopithifilaria johnstoni (PRJEB47283),protein_coding,cejohnprjeb47283
CJOHNSTONI_LOCUS253,rna-CJOHNSTONI_LOCUS253,226,protein_coding,Secretory carrier-associated membrane protein  [Source:UniProtKB/TrEMBL;Acc:A0A8J2MHT9],Cercopithifilaria johnstoni (PRJEB47283),protein_coding,cejohnprjeb47283
CJOHNSTONI_LOCUS204,rna-CJOHNSTONI_LOCUS204,179,protein_coding,C-type lectin domain-containing protein  [Source:UniProtKB/TrEMBL;Acc:A0A8J2PPD6],Cercopithifilaria johnstoni (PRJEB47283),protein_coding,cejohnprjeb47283
CJOHNSTONI_LOCUS4679,rna-CJOHNSTONI_LOCUS4679,219,protein_coding,Protein-tyrosine phosphatase  [Source:UniProtKB/TrEMBL;Acc:A0A8J2M5X9],Cercopithifilaria johnstoni (PRJEB47283),protein_coding,cejohnprjeb47283
CJOHNSTONI_LOCUS10094,rna-CJOHNSTONI_LOCUS10094,190,protein_coding,60S ribosomal protein L44  [Source:UniProtKB/TrEMBL;Acc:A0A8J2PYT4],Cercopithifilaria johnstoni (PRJEB47283),protein_coding,cejohnprjeb47283
CJOHNSTONI_LOCUS8151,rna-CJOHNSTONI_LOCUS8151,418,protein_coding,DUF1336 domain-containing protein  [Source:UniProtKB/TrEMBL;Acc:A0A8J2M385],Cercopithifilaria johnstoni (PRJEB47283),protein_coding,cejohnprjeb47283
CJOHNSTONI_LOCUS8875,rna-CJOHNSTONI_LOCUS8875,306,protein_coding,GBD/FH3 domain-containing protein  [Source:UniProtKB/TrEMBL;Acc:A0A8J2PXQ1],Cercopithifilaria johnstoni (PRJEB47283),protein_coding,cejohnprjeb47283
CJOHNSTONI_LOCUS4437,rna-CJOHNSTONI_LOCUS4437,226,protein_coding,ADF-H domain-containing protein  [Source:UniProtKB/TrEMBL;Acc:A0A8J2M1L1],Cercopithifilaria johnstoni (PRJEB47283),protein_coding,cejohnprjeb47283
CJOHNSTONI_LOCUS10178,rna-CJOHNSTONI_LOCUS10178,204,protein_coding,,Cercopithifilaria johnstoni (PRJEB47283),protein_coding,cejohnprjeb47283
CJOHNSTONI_LOCUS3434,rna-CJOHNSTONI_LOCUS3434,123,protein_coding,Dynein light chain Tctex-type 1  [Source:UniProtKB/TrEMBL;Acc:A0A8J2M1N1],Cercopithifilaria johnstoni (PRJEB47283),protein_coding,cejohnprjeb47283
CJOHNSTONI_LOCUS1529,rna-CJOHNSTONI_LOCUS1529,242,protein_coding,PAP-associated domain-containing protein  [Source:UniProtKB/TrEMBL;Acc:A0A8J2MJW0],Cercopithifilaria johnstoni (PRJEB47283),protein_coding,cejohnprjeb47283
CJOHNSTONI_LOCUS2393,rna-CJOHNSTONI_LOCUS2393,232,protein_coding,ABC transporter domain-containing protein  [Source:UniProtKB/TrEMBL;Acc:A0A8J2PRA5],Cercopithifilaria johnstoni (PRJEB47283),protein_coding,cejohnprjeb47283
CJOHNSTONI_LOCUS946,rna-CJOHNSTONI_LOCUS946,194,protein_coding,BTB domain-containing protein  [Source:UniProtKB/TrEMBL;Acc:A0A8J2LUY5],Cercopithifilaria johnstoni (PRJEB47283),protein_coding,cejohnprjeb47283
CJOHNSTONI_LOCUS1954,rna-CJOHNSTONI_LOCUS1954,182,protein_coding,Receptor expression-enhancing protein  [Source:UniProtKB/TrEMBL;Acc:A0A8J2Q162],Cercopithifilaria johnstoni (PRJEB47283),protein_coding,cejohnprjeb47283
CJOHNSTONI_LOCUS5889,rna-CJOHNSTONI_LOCUS5889,180,protein_coding,Rpr2-domain-containing protein  [Source:UniProtKB/TrEMBL;Acc:A0A8J2M6K8],Cercopithifilaria johnstoni (PRJEB47283),protein_coding,cejohnprjeb47283
CJOHNSTONI_LOCUS2880,rna-CJOHNSTONI_LOCUS2880,179,protein_coding,Histone H4  [Source:UniProtKB/TrEMBL;Acc:A0A8J2LZA4],Cercopithifilaria johnstoni (PRJEB47283),protein_coding,cejohnprjeb47283
CJOHNSTONI_LOCUS6898,rna-CJOHNSTONI_LOCUS6898,164,protein_coding,,Cercopithifilaria johnstoni (PRJEB47283),protein_coding,cejohnprjeb47283
CJOHNSTONI_LOCUS9299,rna-CJOHNSTONI_LOCUS9299,152,protein_coding,ULP_PROTEASE domain-containing protein  [Source:UniProtKB/TrEMBL;Acc:A0A8J2MBT1],Cercopithifilaria johnstoni (PRJEB47283),protein_coding,cejohnprjeb47283
CJOHNSTONI_LOCUS9235,rna-CJOHNSTONI_LOCUS9235,140,protein_coding,Skp1-related protein  [Source:UniProtKB/TrEMBL;Acc:A0A8J2PY09],Cercopithifilaria johnstoni (PRJEB47283),protein_coding,cejohnprjeb47283
CJOHNSTONI_LOCUS8348,rna-CJOHNSTONI_LOCUS8348,132,protein_coding,"ATP synthase-coupling factor 6, mitochondrial  [Source:UniProtKB/TrEMBL;Acc:A0A8J2MDF0]",Cercopithifilaria johnstoni (PRJEB47283),protein_coding,cejohnprjeb47283
CJOHNSTONI_LOCUS5155,rna-CJOHNSTONI_LOCUS5155,115,protein_coding,,Cercopithifilaria johnstoni (PRJEB47283),protein_coding,cejohnprjeb47283
CJOHNSTONI_LOCUS9289,rna-CJOHNSTONI_LOCUS9289,367,protein_coding,Frizzled-4  [Source:UniProtKB/TrEMBL;Acc:A0A8J2MDL4],Cercopithifilaria johnstoni (PRJEB47283),protein_coding,cejohnprjeb47283
CJOHNSTONI_LOCUS8830,rna-CJOHNSTONI_LOCUS8830,269,protein_coding,RNA-binding protein 42  [Source:UniProtKB/TrEMBL;Acc:A0A8J2MCB3],Cercopithifilaria johnstoni (PRJEB47283),protein_coding,cejohnprjeb47283
CJOHNSTONI_LOCUS4117,rna-CJOHNSTONI_LOCUS4117,241,protein_coding,U4/U6 small nuclear ribonucleoprotein Prp31  [Source:UniProtKB/TrEMBL;Acc:A0A8J2M2X6],Cercopithifilaria johnstoni (PRJEB47283),protein_coding,cejohnprjeb47283
CJOHNSTONI_LOCUS2119,rna-CJOHNSTONI_LOCUS2119,238,protein_coding,Tetratricopeptide repeat protein 21B  [Source:UniProtKB/TrEMBL;Acc:A0A8J2LYQ5],Cercopithifilaria johnstoni (PRJEB47283),protein_coding,cejohnprjeb47283
CJOHNSTONI_LOCUS9281,rna-CJOHNSTONI_LOCUS9281,249,protein_coding,Regulator of nonsense transcripts 1  [Source:UniProtKB/TrEMBL;Acc:A0A8J2QB30],Cercopithifilaria johnstoni (PRJEB47283),protein_coding,cejohnprjeb47283
CJOHNSTONI_LOCUS809,rna-CJOHNSTONI_LOCUS809,232,protein_coding,WW domain-binding protein 4  [Source:UniProtKB/TrEMBL;Acc:A0A8J2MI05],Cercopithifilaria johnstoni (PRJEB47283),protein_coding,cejohnprjeb47283
CJOHNSTONI_LOCUS2755,rna-CJOHNSTONI_LOCUS2755,230,protein_coding,RNA helicase  [Source:UniProtKB/TrEMBL;Acc:A0A8J2PRL0],Cercopithifilaria johnstoni (PRJEB47283),protein_coding,cejohnprjeb47283
CJOHNSTONI_LOCUS3329,rna-CJOHNSTONI_LOCUS3329,262,protein_coding,DNA replication licensing factor MCM7  [Source:UniProtKB/TrEMBL;Acc:A0A8J2Q9H6],Cercopithifilaria johnstoni (PRJEB47283),protein_coding,cejohnprjeb47283
CJOHNSTONI_LOCUS6927,rna-CJOHNSTONI_LOCUS6927,219,protein_coding,COesterase domain-containing protein  [Source:UniProtKB/TrEMBL;Acc:A0A8J2M7Y9],Cercopithifilaria johnstoni (PRJEB47283),protein_coding,cejohnprjeb47283
CJOHNSTONI_LOCUS3972,rna-CJOHNSTONI_LOCUS3972,215,protein_coding,BCL domain-containing protein  [Source:UniProtKB/TrEMBL;Acc:A0A8J2MML1],Cercopithifilaria johnstoni (PRJEB47283),protein_coding,cejohnprjeb47283
CJOHNSTONI_LOCUS7946,rna-CJOHNSTONI_LOCUS7946,207,protein_coding,Fasciclin-1  [Source:UniProtKB/TrEMBL;Acc:A0A8J2M2T5],Cercopithifilaria johnstoni (PRJEB47283),protein_coding,cejohnprjeb47283
CJOHNSTONI_LOCUS3845,rna-CJOHNSTONI_LOCUS3845,134,protein_coding,Sm domain-containing protein  [Source:UniProtKB/TrEMBL;Acc:A0A8J2LUQ4],Cercopithifilaria johnstoni (PRJEB47283),protein_coding,cejohnprjeb47283
CJOHNSTONI_LOCUS1395,rna-CJOHNSTONI_LOCUS1395,494,protein_coding,RxLR effector protein  [Source:UniProtKB/TrEMBL;Acc:A0A8J2LXW6],Cercopithifilaria johnstoni (PRJEB47283),protein_coding,cejohnprjeb47283
CJOHNSTONI_LOCUS2207,rna-CJOHNSTONI_LOCUS2207,218,protein_coding,,Cercopithifilaria johnstoni (PRJEB47283),protein_coding,cejohnprjeb47283
CJOHNSTONI_LOCUS1475,rna-CJOHNSTONI_LOCUS1475,237,protein_coding,DNA-directed DNA polymerase  [Source:UniProtKB/TrEMBL;Acc:A0A8J2Q8L7],Cercopithifilaria johnstoni (PRJEB47283),protein_coding,cejohnprjeb47283
CJOHNSTONI_LOCUS45,rna-CJOHNSTONI_LOCUS45,251,protein_coding,RNA helicase  [Source:UniProtKB/TrEMBL;Acc:A0A8J2LV49],Cercopithifilaria johnstoni (PRJEB47283),protein_coding,cejohnprjeb47283
CJOHNSTONI_LOCUS9645,rna-CJOHNSTONI_LOCUS9645,287,protein_coding,1-phosphatidylinositol-3-phosphate 5-kinase  [Source:UniProtKB/TrEMBL;Acc:A0A8J2MCG9],Cercopithifilaria johnstoni (PRJEB47283),protein_coding,cejohnprjeb47283
CJOHNSTONI_LOCUS8097,rna-CJOHNSTONI_LOCUS8097,181,protein_coding,C2H2-type domain-containing protein  [Source:UniProtKB/TrEMBL;Acc:A0A8J2MSG6],Cercopithifilaria johnstoni (PRJEB47283),protein_coding,cejohnprjeb47283
CJOHNSTONI_LOCUS5076,rna-CJOHNSTONI_LOCUS5076,173,protein_coding,Protein kinase domain-containing protein  [Source:UniProtKB/TrEMBL;Acc:A0A8J2MND9],Cercopithifilaria johnstoni (PRJEB47283),protein_coding,cejohnprjeb47283
CJOHNSTONI_LOCUS6277,rna-CJOHNSTONI_LOCUS6277,233,protein_coding,Signal peptidase complex subunit 3  [Source:UniProtKB/TrEMBL;Acc:A0A8J2Q4Z5],Cercopithifilaria johnstoni (PRJEB47283),protein_coding,cejohnprjeb47283
CJOHNSTONI_LOCUS4921,rna-CJOHNSTONI_LOCUS4921,406,protein_coding,Transmembrane protein  [Source:UniProtKB/TrEMBL;Acc:A0A8J2QA58],Cercopithifilaria johnstoni (PRJEB47283),protein_coding,cejohnprjeb47283
CJOHNSTONI_LOCUS9539,rna-CJOHNSTONI_LOCUS9539,1097,protein_coding,MFS domain-containing protein  [Source:UniProtKB/TrEMBL;Acc:A0A8J2MEL4],Cercopithifilaria johnstoni (PRJEB47283),protein_coding,cejohnprjeb47283
CJOHNSTONI_LOCUS4041,rna-CJOHNSTONI_LOCUS4041,275,protein_coding,Ribonuclease Oy  [Source:UniProtKB/TrEMBL;Acc:A0A8J2MM49],Cercopithifilaria johnstoni (PRJEB47283),protein_coding,cejohnprjeb47283
CJOHNSTONI_LOCUS1970,rna-CJOHNSTONI_LOCUS1970,818,protein_coding,G_PROTEIN_RECEP_F1_2 domain-containing protein  [Source:UniProtKB/TrEMBL;Acc:A0A8J2LNT6],Cercopithifilaria johnstoni (PRJEB47283),protein_coding,cejohnprjeb47283
CJOHNSTONI_LOCUS10116,rna-CJOHNSTONI_LOCUS10116,173,protein_coding,EKC/KEOPS complex subunit TPRKB  [Source:UniProtKB/TrEMBL;Acc:A0A8J2MVF5],Cercopithifilaria johnstoni (PRJEB47283),protein_coding,cejohnprjeb47283
CJOHNSTONI_LOCUS8316,rna-CJOHNSTONI_LOCUS8316,1071,protein_coding,Guanylate cyclase  [Source:UniProtKB/TrEMBL;Acc:A0A8J2QAV9],Cercopithifilaria johnstoni (PRJEB47283),protein_coding,cejohnprjeb47283
CJOHNSTONI_LOCUS897,rna-CJOHNSTONI_LOCUS897,166,protein_coding,,Cercopithifilaria johnstoni (PRJEB47283),protein_coding,cejohnprjeb47283
CJOHNSTONI_LOCUS6713,rna-CJOHNSTONI_LOCUS6713,129,protein_coding,ABC transporter ATP-binding protein  [Source:UniProtKB/TrEMBL;Acc:A0A8J2M0E1],Cercopithifilaria johnstoni (PRJEB47283),protein_coding,cejohnprjeb47283
CJOHNSTONI_LOCUS1599,rna-CJOHNSTONI_LOCUS1599,122,protein_coding,Dehydrogenase  [Source:UniProtKB/TrEMBL;Acc:A0A8J2LWB9],Cercopithifilaria johnstoni (PRJEB47283),protein_coding,cejohnprjeb47283
CJOHNSTONI_LOCUS631,rna-CJOHNSTONI_LOCUS631,170,protein_coding,Major sperm protein  [Source:UniProtKB/TrEMBL;Acc:A0A8J2Q3C6],Cercopithifilaria johnstoni (PRJEB47283),protein_coding,cejohnprjeb47283
CJOHNSTONI_LOCUS10556,rna-CJOHNSTONI_LOCUS10556,452,protein_coding,Fibronectin type-III domain-containing protein  [Source:UniProtKB/TrEMBL;Acc:A0A8J2MHW2],Cercopithifilaria johnstoni (PRJEB47283),protein_coding,cejohnprjeb47283
CJOHNSTONI_LOCUS7233,rna-CJOHNSTONI_LOCUS7233,119,protein_coding,,Cercopithifilaria johnstoni (PRJEB47283),protein_coding,cejohnprjeb47283
CJOHNSTONI_LOCUS4112,rna-CJOHNSTONI_LOCUS4112,171,protein_coding,Caprin-1_dimer domain-containing protein  [Source:UniProtKB/TrEMBL;Acc:A0A8J2MMR3],Cercopithifilaria johnstoni (PRJEB47283),protein_coding,cejohnprjeb47283
CJOHNSTONI_LOCUS1004,rna-CJOHNSTONI_LOCUS1004,253,protein_coding,Ubiquitin carboxyl-terminal hydrolase 47  [Source:UniProtKB/TrEMBL;Acc:A0A8J2LV25],Cercopithifilaria johnstoni (PRJEB47283),protein_coding,cejohnprjeb47283
CJOHNSTONI_LOCUS4332,rna-CJOHNSTONI_LOCUS4332,260,protein_coding,Low-density lipoprotein receptor-related protein 6  [Source:UniProtKB/TrEMBL;Acc:A0A8J2M5G6],Cercopithifilaria johnstoni (PRJEB47283),protein_coding,cejohnprjeb47283
CJOHNSTONI_LOCUS9376,rna-CJOHNSTONI_LOCUS9376,251,protein_coding,RRM domain-containing protein  [Source:UniProtKB/TrEMBL;Acc:A0A8J2PY44],Cercopithifilaria johnstoni (PRJEB47283),protein_coding,cejohnprjeb47283
CJOHNSTONI_LOCUS2409,rna-CJOHNSTONI_LOCUS2409,181,protein_coding,TPR_REGION domain-containing protein  [Source:UniProtKB/TrEMBL;Acc:A0A8J2Q1J0],Cercopithifilaria johnstoni (PRJEB47283),protein_coding,cejohnprjeb47283
CJOHNSTONI_LOCUS1738,rna-CJOHNSTONI_LOCUS1738,193,protein_coding,Homeobox domain-containing protein  [Source:UniProtKB/TrEMBL;Acc:A0A8J2PWV1],Cercopithifilaria johnstoni (PRJEB47283),protein_coding,cejohnprjeb47283
CJOHNSTONI_LOCUS1705,rna-CJOHNSTONI_LOCUS1705,1354,protein_coding,Microtubule-associated protein futsch  [Source:UniProtKB/TrEMBL;Acc:A0A8J2Q430],Cercopithifilaria johnstoni (PRJEB47283),protein_coding,cejohnprjeb47283
CJOHNSTONI_LOCUS3798,rna-CJOHNSTONI_LOCUS3798,238,protein_coding,Cytoplasmic polyadenylation element-binding protein 1-B  [Source:UniProtKB/TrEMBL;Acc:A0A8J2Q2S4],Cercopithifilaria johnstoni (PRJEB47283),protein_coding,cejohnprjeb47283
CJOHNSTONI_LOCUS9707,rna-CJOHNSTONI_LOCUS9707,219,protein_coding,ANK_REP_REGION domain-containing protein  [Source:UniProtKB/TrEMBL;Acc:A0A8J2Q9A6],Cercopithifilaria johnstoni (PRJEB47283),protein_coding,cejohnprjeb47283
CJOHNSTONI_LOCUS5723,rna-CJOHNSTONI_LOCUS5723,124,protein_coding,1-deoxy-D-xylulose-5-phosphate synthase  [Source:UniProtKB/TrEMBL;Acc:A0A8J2MPF1],Cercopithifilaria johnstoni (PRJEB47283),protein_coding,cejohnprjeb47283
CJOHNSTONI_LOCUS176,rna-CJOHNSTONI_LOCUS176,221,protein_coding,DUF1929 domain-containing protein  [Source:UniProtKB/TrEMBL;Acc:A0A8J2PZI0],Cercopithifilaria johnstoni (PRJEB47283),protein_coding,cejohnprjeb47283
CJOHNSTONI_LOCUS10545,rna-CJOHNSTONI_LOCUS10545,245,protein_coding,,Cercopithifilaria johnstoni (PRJEB47283),protein_coding,cejohnprjeb47283
CJOHNSTONI_LOCUS6889,rna-CJOHNSTONI_LOCUS6889,297,protein_coding,Arginyl-tRNA--protein transferase 1  [Source:UniProtKB/TrEMBL;Acc:A0A8J2PV48],Cercopithifilaria johnstoni (PRJEB47283),protein_coding,cejohnprjeb47283
CJOHNSTONI_LOCUS1284,rna-CJOHNSTONI_LOCUS1284,387,protein_coding,Fe_hyd_lg_C domain-containing protein  [Source:UniProtKB/TrEMBL;Acc:A0A8J2PQB3],Cercopithifilaria johnstoni (PRJEB47283),protein_coding,cejohnprjeb47283
CJOHNSTONI_LOCUS8924,rna-CJOHNSTONI_LOCUS8924,284,protein_coding,,Cercopithifilaria johnstoni (PRJEB47283),protein_coding,cejohnprjeb47283
CJOHNSTONI_LOCUS2929,rna-CJOHNSTONI_LOCUS2929,282,protein_coding,SER_THR_PHOSPHATASE domain-containing protein  [Source:UniProtKB/TrEMBL;Acc:A0A8J2LYS8],Cercopithifilaria johnstoni (PRJEB47283),protein_coding,cejohnprjeb47283
CJOHNSTONI_LOCUS5202,rna-CJOHNSTONI_LOCUS5202,230,protein_coding,,Cercopithifilaria johnstoni (PRJEB47283),protein_coding,cejohnprjeb47283
CJOHNSTONI_LOCUS5518,rna-CJOHNSTONI_LOCUS5518,358,protein_coding,ENT domain-containing protein  [Source:UniProtKB/TrEMBL;Acc:A0A8J2LX45],Cercopithifilaria johnstoni (PRJEB47283),protein_coding,cejohnprjeb47283
CJOHNSTONI_LOCUS3018,rna-CJOHNSTONI_LOCUS3018,255,protein_coding,Electron transfer flavoprotein-ubiquinone oxidoreductase  [Source:UniProtKB/TrEMBL;Acc:A0A8J2LZI2],Cercopithifilaria johnstoni (PRJEB47283),protein_coding,cejohnprjeb47283
CJOHNSTONI_LOCUS10068,rna-CJOHNSTONI_LOCUS10068,217,protein_coding,Phosphoglycerate mutase family protein  [Source:UniProtKB/TrEMBL;Acc:A0A8J2Q797],Cercopithifilaria johnstoni (PRJEB47283),protein_coding,cejohnprjeb47283
CJOHNSTONI_LOCUS8578,rna-CJOHNSTONI_LOCUS8578,207,protein_coding,Acetyltransf_6 domain-containing protein  [Source:UniProtKB/TrEMBL;Acc:A0A8J2MDW6],Cercopithifilaria johnstoni (PRJEB47283),protein_coding,cejohnprjeb47283
CJOHNSTONI_LOCUS10392,rna-CJOHNSTONI_LOCUS10392,206,protein_coding,G_PROTEIN_RECEP_F1_2 domain-containing protein  [Source:UniProtKB/TrEMBL;Acc:A0A8J2MFP4],Cercopithifilaria johnstoni (PRJEB47283),protein_coding,cejohnprjeb47283
CJOHNSTONI_LOCUS10223,rna-CJOHNSTONI_LOCUS10223,152,protein_coding,Protein yippee-like  [Source:UniProtKB/TrEMBL;Acc:A0A8J2MUT9],Cercopithifilaria johnstoni (PRJEB47283),protein_coding,cejohnprjeb47283
CJOHNSTONI_LOCUS2990,rna-CJOHNSTONI_LOCUS2990,210,protein_coding,Polypeptide N-acetylgalactosaminyltransferase  [Source:UniProtKB/TrEMBL;Acc:A0A8J2M0C9],Cercopithifilaria johnstoni (PRJEB47283),protein_coding,cejohnprjeb47283
CJOHNSTONI_LOCUS9479,rna-CJOHNSTONI_LOCUS9479,203,protein_coding,PCI domain-containing protein  [Source:UniProtKB/TrEMBL;Acc:A0A8J2M5U4],Cercopithifilaria johnstoni (PRJEB47283),protein_coding,cejohnprjeb47283
CJOHNSTONI_LOCUS4970,rna-CJOHNSTONI_LOCUS4970,218,protein_coding,SSD domain-containing protein  [Source:UniProtKB/TrEMBL;Acc:A0A8J2M3W8],Cercopithifilaria johnstoni (PRJEB47283),protein_coding,cejohnprjeb47283
CJOHNSTONI_LOCUS783,rna-CJOHNSTONI_LOCUS783,227,protein_coding,FAR1 domain-containing protein  [Source:UniProtKB/TrEMBL;Acc:A0A8J2LUM7],Cercopithifilaria johnstoni (PRJEB47283),protein_coding,cejohnprjeb47283
CJOHNSTONI_LOCUS3244,rna-CJOHNSTONI_LOCUS3244,161,protein_coding,Calponin-homology (CH) domain-containing protein  [Source:UniProtKB/TrEMBL;Acc:A0A8J2Q9G4],Cercopithifilaria johnstoni (PRJEB47283),protein_coding,cejohnprjeb47283
CJOHNSTONI_LOCUS6040,rna-CJOHNSTONI_LOCUS6040,141,protein_coding,ACB domain-containing protein  [Source:UniProtKB/TrEMBL;Acc:A0A8J2M6U4],Cercopithifilaria johnstoni (PRJEB47283),protein_coding,cejohnprjeb47283
CJOHNSTONI_LOCUS3156,rna-CJOHNSTONI_LOCUS3156,423,protein_coding,,Cercopithifilaria johnstoni (PRJEB47283),protein_coding,cejohnprjeb47283
CJOHNSTONI_LOCUS5717,rna-CJOHNSTONI_LOCUS5717,450,protein_coding,Calcium-transporting ATPase  [Source:UniProtKB/TrEMBL;Acc:A0A8J2PU24],Cercopithifilaria johnstoni (PRJEB47283),protein_coding,cejohnprjeb47283
CJOHNSTONI_LOCUS4051,rna-CJOHNSTONI_LOCUS4051,219,protein_coding,,Cercopithifilaria johnstoni (PRJEB47283),protein_coding,cejohnprjeb47283
CJOHNSTONI_LOCUS1782,rna-CJOHNSTONI_LOCUS1782,183,protein_coding,Collagen-like protein  [Source:UniProtKB/TrEMBL;Acc:A0A8J2LQM7],Cercopithifilaria johnstoni (PRJEB47283),protein_coding,cejohnprjeb47283
CJOHNSTONI_LOCUS6263,rna-CJOHNSTONI_LOCUS6263,596,protein_coding,Zinc finger protein  [Source:UniProtKB/TrEMBL;Acc:A0A8J2Q4Z0],Cercopithifilaria johnstoni (PRJEB47283),protein_coding,cejohnprjeb47283
CJOHNSTONI_LOCUS10119,rna-CJOHNSTONI_LOCUS10119,194,protein_coding,Dynein light chain  [Source:UniProtKB/TrEMBL;Acc:A0A8J2MEU3],Cercopithifilaria johnstoni (PRJEB47283),protein_coding,cejohnprjeb47283
CJOHNSTONI_LOCUS1923,rna-CJOHNSTONI_LOCUS1923,249,protein_coding,DB domain-containing protein  [Source:UniProtKB/TrEMBL;Acc:A0A8J2MKB4],Cercopithifilaria johnstoni (PRJEB47283),protein_coding,cejohnprjeb47283
CJOHNSTONI_LOCUS9793,rna-CJOHNSTONI_LOCUS9793,287,protein_coding,B-box type zinc finger protein ncl-1  [Source:UniProtKB/TrEMBL;Acc:A0A8J2PYI2],Cercopithifilaria johnstoni (PRJEB47283),protein_coding,cejohnprjeb47283
CJOHNSTONI_LOCUS7354,rna-CJOHNSTONI_LOCUS7354,202,protein_coding,Transmembrane protein  [Source:UniProtKB/TrEMBL;Acc:A0A8J2MB01],Cercopithifilaria johnstoni (PRJEB47283),protein_coding,cejohnprjeb47283
CJOHNSTONI_LOCUS10275,rna-CJOHNSTONI_LOCUS10275,265,protein_coding,Nop domain-containing protein  [Source:UniProtKB/TrEMBL;Acc:A0A8J2M7W1],Cercopithifilaria johnstoni (PRJEB47283),protein_coding,cejohnprjeb47283
CJOHNSTONI_LOCUS6165,rna-CJOHNSTONI_LOCUS6165,191,protein_coding,Akirin  [Source:UniProtKB/TrEMBL;Acc:A0A8J2Q7U9],Cercopithifilaria johnstoni (PRJEB47283),protein_coding,cejohnprjeb47283
CJOHNSTONI_LOCUS2830,rna-CJOHNSTONI_LOCUS2830,307,protein_coding,,Cercopithifilaria johnstoni (PRJEB47283),protein_coding,cejohnprjeb47283
CJOHNSTONI_LOCUS3210,rna-CJOHNSTONI_LOCUS3210,184,protein_coding,ThiF domain-containing protein  [Source:UniProtKB/TrEMBL;Acc:A0A8J2MLR0],Cercopithifilaria johnstoni (PRJEB47283),protein_coding,cejohnprjeb47283
CJOHNSTONI_LOCUS781,rna-CJOHNSTONI_LOCUS781,371,protein_coding,Conidiation-specific protein 10  [Source:UniProtKB/TrEMBL;Acc:A0A8J2MIM2],Cercopithifilaria johnstoni (PRJEB47283),protein_coding,cejohnprjeb47283
CJOHNSTONI_LOCUS2797,rna-CJOHNSTONI_LOCUS2797-2,241,protein_coding,Lzipper-MIP1 domain-containing protein  [Source:UniProtKB/TrEMBL;Acc:A0A8J2PRM1],Cercopithifilaria johnstoni (PRJEB47283),protein_coding,cejohnprjeb47283
CJOHNSTONI_LOCUS865,rna-CJOHNSTONI_LOCUS865,200,protein_coding,Activin_recp domain-containing protein  [Source:UniProtKB/TrEMBL;Acc:A0A8J2LWI6],Cercopithifilaria johnstoni (PRJEB47283),protein_coding,cejohnprjeb47283
CJOHNSTONI_LOCUS4156,rna-CJOHNSTONI_LOCUS4156,285,protein_coding,Collagen alpha-5(VI) chain  [Source:UniProtKB/TrEMBL;Acc:A0A8J2MMA2],Cercopithifilaria johnstoni (PRJEB47283),protein_coding,cejohnprjeb47283
CJOHNSTONI_LOCUS6286,rna-CJOHNSTONI_LOCUS6286,453,protein_coding,Homeobox domain-containing protein  [Source:UniProtKB/TrEMBL;Acc:A0A8J2M6Q8],Cercopithifilaria johnstoni (PRJEB47283),protein_coding,cejohnprjeb47283
CJOHNSTONI_LOCUS4872,rna-CJOHNSTONI_LOCUS4872,458,protein_coding,,Cercopithifilaria johnstoni (PRJEB47283),protein_coding,cejohnprjeb47283
CJOHNSTONI_LOCUS368,rna-CJOHNSTONI_LOCUS368,279,protein_coding,C3H1-type domain-containing protein  [Source:UniProtKB/TrEMBL;Acc:A0A8J2LYJ2],Cercopithifilaria johnstoni (PRJEB47283),protein_coding,cejohnprjeb47283
CJOHNSTONI_LOCUS257,rna-CJOHNSTONI_LOCUS257,235,protein_coding,Helicase ATP-binding domain-containing protein  [Source:UniProtKB/TrEMBL;Acc:A0A8J2LVB0],Cercopithifilaria johnstoni (PRJEB47283),protein_coding,cejohnprjeb47283
CJOHNSTONI_LOCUS3559,rna-CJOHNSTONI_LOCUS3559,223,protein_coding,tRNA-5-taurinomethyluridine 2-sulfurtransferase  [Source:UniProtKB/TrEMBL;Acc:A0A8J2Q5P6],Cercopithifilaria johnstoni (PRJEB47283),protein_coding,cejohnprjeb47283
CJOHNSTONI_LOCUS10383,rna-CJOHNSTONI_LOCUS10383,191,protein_coding,MOB-like protein phocein  [Source:UniProtKB/TrEMBL;Acc:A0A8J2Q7G1],Cercopithifilaria johnstoni (PRJEB47283),protein_coding,cejohnprjeb47283
CJOHNSTONI_LOCUS5697,rna-CJOHNSTONI_LOCUS5697,401,protein_coding,Membralin  [Source:UniProtKB/TrEMBL;Acc:A0A8J2M688],Cercopithifilaria johnstoni (PRJEB47283),protein_coding,cejohnprjeb47283
CJOHNSTONI_LOCUS7541,rna-CJOHNSTONI_LOCUS7541,222,protein_coding,non-specific serine/threonine protein kinase  [Source:UniProtKB/TrEMBL;Acc:A0A8J2M1H7],Cercopithifilaria johnstoni (PRJEB47283),protein_coding,cejohnprjeb47283
CJOHNSTONI_LOCUS8967,rna-CJOHNSTONI_LOCUS8967,214,protein_coding,Histone acetyltransferase type B catalytic subunit  [Source:UniProtKB/TrEMBL;Acc:A0A8J2MB46],Cercopithifilaria johnstoni (PRJEB47283),protein_coding,cejohnprjeb47283
CJOHNSTONI_LOCUS9731,rna-CJOHNSTONI_LOCUS9731,278,protein_coding,PL48 domain-containing protein  [Source:UniProtKB/TrEMBL;Acc:A0A8J2MUY4],Cercopithifilaria johnstoni (PRJEB47283),protein_coding,cejohnprjeb47283
CJOHNSTONI_LOCUS2522,rna-CJOHNSTONI_LOCUS2522,279,protein_coding,BMA-KETN-1  [Source:UniProtKB/TrEMBL;Acc:A0A8J2PY52],Cercopithifilaria johnstoni (PRJEB47283),protein_coding,cejohnprjeb47283
CJOHNSTONI_LOCUS9565,rna-CJOHNSTONI_LOCUS9565,226,protein_coding,inositol-polyphosphate 5-phosphatase  [Source:UniProtKB/TrEMBL;Acc:A0A8J2MFY2],Cercopithifilaria johnstoni (PRJEB47283),protein_coding,cejohnprjeb47283
CJOHNSTONI_LOCUS9938,rna-CJOHNSTONI_LOCUS9938,219,protein_coding,Ribosomal protein L32  [Source:UniProtKB/TrEMBL;Acc:A0A8J2MEH6],Cercopithifilaria johnstoni (PRJEB47283),protein_coding,cejohnprjeb47283
CJOHNSTONI_LOCUS4553,rna-CJOHNSTONI_LOCUS4553,172,protein_coding,FABP domain-containing protein  [Source:UniProtKB/TrEMBL;Acc:A0A8J2MMP7],Cercopithifilaria johnstoni (PRJEB47283),protein_coding,cejohnprjeb47283
CJOHNSTONI_LOCUS6141,rna-CJOHNSTONI_LOCUS6141,170,protein_coding,Ataxin-10  [Source:UniProtKB/TrEMBL;Acc:A0A8J2PUF6],Cercopithifilaria johnstoni (PRJEB47283),protein_coding,cejohnprjeb47283
CJOHNSTONI_LOCUS7390,rna-CJOHNSTONI_LOCUS7390,197,protein_coding,26S proteasome non-ATPase regulatory subunit 13  [Source:UniProtKB/TrEMBL;Acc:A0A8J2MRE2],Cercopithifilaria johnstoni (PRJEB47283),protein_coding,cejohnprjeb47283
CJOHNSTONI_LOCUS638,rna-CJOHNSTONI_LOCUS638,169,protein_coding,RNA helicase  [Source:UniProtKB/TrEMBL;Acc:A0A8J2LU75],Cercopithifilaria johnstoni (PRJEB47283),protein_coding,cejohnprjeb47283
CJOHNSTONI_LOCUS7400,rna-CJOHNSTONI_LOCUS7400,168,protein_coding,,Cercopithifilaria johnstoni (PRJEB47283),protein_coding,cejohnprjeb47283
CJOHNSTONI_LOCUS2784,rna-CJOHNSTONI_LOCUS2784,162,protein_coding,Protein FAM50 homolog  [Source:UniProtKB/TrEMBL;Acc:A0A8J2Q206],Cercopithifilaria johnstoni (PRJEB47283),protein_coding,cejohnprjeb47283
CJOHNSTONI_LOCUS6660,rna-CJOHNSTONI_LOCUS6660,202,protein_coding,Potassium channel subfamily T member 1  [Source:UniProtKB/TrEMBL;Acc:A0A8J2M0B0],Cercopithifilaria johnstoni (PRJEB47283),protein_coding,cejohnprjeb47283
CJOHNSTONI_LOCUS2210,rna-CJOHNSTONI_LOCUS2210,100,protein_coding,,Cercopithifilaria johnstoni (PRJEB47283),protein_coding,cejohnprjeb47283
CJOHNSTONI_LOCUS4488,rna-CJOHNSTONI_LOCUS4488,248,protein_coding,Ovule protein  [Source:UniProtKB/TrEMBL;Acc:A0A8J2PT11],Cercopithifilaria johnstoni (PRJEB47283),protein_coding,cejohnprjeb47283
CJOHNSTONI_LOCUS7281,rna-CJOHNSTONI_LOCUS7281,266,protein_coding,protein-tyrosine-phosphatase  [Source:UniProtKB/TrEMBL;Acc:A0A8J2M122],Cercopithifilaria johnstoni (PRJEB47283),protein_coding,cejohnprjeb47283
CJOHNSTONI_LOCUS2081,rna-CJOHNSTONI_LOCUS2081,187,protein_coding,Exonuclease domain-containing protein  [Source:UniProtKB/TrEMBL;Acc:A0A8J2Q8Z9],Cercopithifilaria johnstoni (PRJEB47283),protein_coding,cejohnprjeb47283
CJOHNSTONI_LOCUS7346,rna-CJOHNSTONI_LOCUS7346,282,protein_coding,NYD-SP28_assoc domain-containing protein  [Source:UniProtKB/TrEMBL;Acc:A0A8J2Q8G5],Cercopithifilaria johnstoni (PRJEB47283),protein_coding,cejohnprjeb47283
CJOHNSTONI_LOCUS3774,rna-CJOHNSTONI_LOCUS3774,254,protein_coding,60S ribosomal export protein NMD3  [Source:UniProtKB/TrEMBL;Acc:A0A8J2LRV3],Cercopithifilaria johnstoni (PRJEB47283),protein_coding,cejohnprjeb47283
CJOHNSTONI_LOCUS9924,rna-CJOHNSTONI_LOCUS9924,287,protein_coding,,Cercopithifilaria johnstoni (PRJEB47283),protein_coding,cejohnprjeb47283
CJOHNSTONI_LOCUS7097,rna-CJOHNSTONI_LOCUS7097,327,protein_coding,RWD domain-containing protein  [Source:UniProtKB/TrEMBL;Acc:A0A8J2MAI2],Cercopithifilaria johnstoni (PRJEB47283),protein_coding,cejohnprjeb47283
CJOHNSTONI_LOCUS6005,rna-CJOHNSTONI_LOCUS6005,157,protein_coding,,Cercopithifilaria johnstoni (PRJEB47283),protein_coding,cejohnprjeb47283
CJOHNSTONI_LOCUS9525,rna-CJOHNSTONI_LOCUS9525,363,protein_coding,receptor protein-tyrosine kinase  [Source:UniProtKB/TrEMBL;Acc:A0A8J2MDS8],Cercopithifilaria johnstoni (PRJEB47283),protein_coding,cejohnprjeb47283
CJOHNSTONI_LOCUS5048,rna-CJOHNSTONI_LOCUS5048,281,protein_coding,TIL domain-containing protein  [Source:UniProtKB/TrEMBL;Acc:A0A8J2M6M8],Cercopithifilaria johnstoni (PRJEB47283),protein_coding,cejohnprjeb47283
CJOHNSTONI_LOCUS6708,rna-CJOHNSTONI_LOCUS6708,288,protein_coding,Mediator of RNA polymerase II transcription subunit 4  [Source:UniProtKB/TrEMBL;Acc:A0A8J2Q871],Cercopithifilaria johnstoni (PRJEB47283),protein_coding,cejohnprjeb47283
CJOHNSTONI_LOCUS8159,rna-CJOHNSTONI_LOCUS8159,281,protein_coding,N(6)-L-threonylcarbamoyladenine synthase  [Source:UniProtKB/TrEMBL;Acc:A0A8J2PX33],Cercopithifilaria johnstoni (PRJEB47283),protein_coding,cejohnprjeb47283
CJOHNSTONI_LOCUS3635,rna-CJOHNSTONI_LOCUS3635,262,protein_coding,G_PROTEIN_RECEP_F1_2 domain-containing protein  [Source:UniProtKB/TrEMBL;Acc:A0A8J2PZ55],Cercopithifilaria johnstoni (PRJEB47283),protein_coding,cejohnprjeb47283
CJOHNSTONI_LOCUS2456,rna-CJOHNSTONI_LOCUS2456,351,protein_coding,NADAR domain-containing protein  [Source:UniProtKB/TrEMBL;Acc:A0A8J2LPL7],Cercopithifilaria johnstoni (PRJEB47283),protein_coding,cejohnprjeb47283
CJOHNSTONI_LOCUS2405,rna-CJOHNSTONI_LOCUS2405,205,protein_coding,HEAT repeat family protein  [Source:UniProtKB/TrEMBL;Acc:A0A8J2LZB5],Cercopithifilaria johnstoni (PRJEB47283),protein_coding,cejohnprjeb47283
CJOHNSTONI_LOCUS10562,rna-CJOHNSTONI_LOCUS10562,151,protein_coding,Coiled-coil domain-containing protein 6  [Source:UniProtKB/TrEMBL;Acc:A0A8J2PZ96],Cercopithifilaria johnstoni (PRJEB47283),protein_coding,cejohnprjeb47283
CJOHNSTONI_LOCUS1812,rna-CJOHNSTONI_LOCUS1812,158,protein_coding,Coiled-coil domain-containing protein 124  [Source:UniProtKB/TrEMBL;Acc:A0A8J2MJL6],Cercopithifilaria johnstoni (PRJEB47283),protein_coding,cejohnprjeb47283
CJOHNSTONI_LOCUS6759,rna-CJOHNSTONI_LOCUS6759,260,protein_coding,WD_REPEATS_REGION domain-containing protein  [Source:UniProtKB/TrEMBL;Acc:A0A8J2M7L1],Cercopithifilaria johnstoni (PRJEB47283),protein_coding,cejohnprjeb47283
CJOHNSTONI_LOCUS379,rna-CJOHNSTONI_LOCUS379,224,protein_coding,,Cercopithifilaria johnstoni (PRJEB47283),protein_coding,cejohnprjeb47283
CJOHNSTONI_LOCUS5724,rna-CJOHNSTONI_LOCUS5724,146,protein_coding,Cyclin-dependent kinase 2-associated protein 1  [Source:UniProtKB/TrEMBL;Acc:A0A8J2MPG7],Cercopithifilaria johnstoni (PRJEB47283),protein_coding,cejohnprjeb47283
CJOHNSTONI_LOCUS2668,rna-CJOHNSTONI_LOCUS2668,131,protein_coding,,Cercopithifilaria johnstoni (PRJEB47283),protein_coding,cejohnprjeb47283
CJOHNSTONI_LOCUS1205,rna-CJOHNSTONI_LOCUS1205,307,protein_coding,Col_cuticle_N domain-containing protein  [Source:UniProtKB/TrEMBL;Acc:A0A8J2LXN5],Cercopithifilaria johnstoni (PRJEB47283),protein_coding,cejohnprjeb47283
CJOHNSTONI_LOCUS6881,rna-CJOHNSTONI_LOCUS6881,234,protein_coding,C2 domain-containing protein  [Source:UniProtKB/TrEMBL;Acc:A0A8J2MQU3],Cercopithifilaria johnstoni (PRJEB47283),protein_coding,cejohnprjeb47283
CJOHNSTONI_LOCUS5353,rna-CJOHNSTONI_LOCUS5353,140,protein_coding,Transposase  [Source:UniProtKB/TrEMBL;Acc:A0A8J2MP12],Cercopithifilaria johnstoni (PRJEB47283),protein_coding,cejohnprjeb47283
CJOHNSTONI_LOCUS3838,rna-CJOHNSTONI_LOCUS3838,136,protein_coding,RING-type domain-containing protein  [Source:UniProtKB/TrEMBL;Acc:A0A8J2M289],Cercopithifilaria johnstoni (PRJEB47283),protein_coding,cejohnprjeb47283
CJOHNSTONI_LOCUS5930,rna-CJOHNSTONI_LOCUS5930,254,protein_coding,UBR-type domain-containing protein  [Source:UniProtKB/TrEMBL;Acc:A0A8J2M614],Cercopithifilaria johnstoni (PRJEB47283),protein_coding,cejohnprjeb47283
CJOHNSTONI_LOCUS3179,rna-CJOHNSTONI_LOCUS3179,237,protein_coding,Heparan-sulfate 6-O-sulfotransferase  [Source:UniProtKB/TrEMBL;Acc:A0A8J2LQL2],Cercopithifilaria johnstoni (PRJEB47283),protein_coding,cejohnprjeb47283
CJOHNSTONI_LOCUS8596,rna-CJOHNSTONI_LOCUS8596,179,protein_coding,Inward rectifier potassium channel irk-1  [Source:UniProtKB/TrEMBL;Acc:A0A8J2MAN3],Cercopithifilaria johnstoni (PRJEB47283),protein_coding,cejohnprjeb47283
CJOHNSTONI_LOCUS1326,rna-CJOHNSTONI_LOCUS1326,253,protein_coding,Major sperm protein  [Source:UniProtKB/TrEMBL;Acc:A0A8J2Q3T4],Cercopithifilaria johnstoni (PRJEB47283),protein_coding,cejohnprjeb47283
CJOHNSTONI_LOCUS8936,rna-CJOHNSTONI_LOCUS8936,734,protein_coding,DUF1767 domain-containing protein  [Source:UniProtKB/TrEMBL;Acc:A0A8J2M4K1],Cercopithifilaria johnstoni (PRJEB47283),protein_coding,cejohnprjeb47283
CJOHNSTONI_LOCUS4841,rna-CJOHNSTONI_LOCUS4841,245,protein_coding,C2H2-type domain-containing protein  [Source:UniProtKB/TrEMBL;Acc:A0A8J2LU19],Cercopithifilaria johnstoni (PRJEB47283),protein_coding,cejohnprjeb47283
CJOHNSTONI_LOCUS7433,rna-CJOHNSTONI_LOCUS7433,230,protein_coding,MFS domain-containing protein  [Source:UniProtKB/TrEMBL;Acc:A0A8J2M9M8],Cercopithifilaria johnstoni (PRJEB47283),protein_coding,cejohnprjeb47283
CJOHNSTONI_LOCUS182,rna-CJOHNSTONI_LOCUS182,191,protein_coding,BHLH domain-containing protein  [Source:UniProtKB/TrEMBL;Acc:A0A8J2LTF8],Cercopithifilaria johnstoni (PRJEB47283),protein_coding,cejohnprjeb47283
CJOHNSTONI_LOCUS2883,rna-CJOHNSTONI_LOCUS2883,335,protein_coding,FAA_hydrolase domain-containing protein  [Source:UniProtKB/TrEMBL;Acc:A0A8J2Q543],Cercopithifilaria johnstoni (PRJEB47283),protein_coding,cejohnprjeb47283
CJOHNSTONI_LOCUS5870,rna-CJOHNSTONI_LOCUS5870,224,protein_coding,,Cercopithifilaria johnstoni (PRJEB47283),protein_coding,cejohnprjeb47283
CJOHNSTONI_LOCUS4701,rna-CJOHNSTONI_LOCUS4701,212,protein_coding,Ribosomal protein S18  [Source:UniProtKB/TrEMBL;Acc:A0A8J2Q715],Cercopithifilaria johnstoni (PRJEB47283),protein_coding,cejohnprjeb47283
CJOHNSTONI_LOCUS6885,rna-CJOHNSTONI_LOCUS6885,221,protein_coding,Aromatic-L-amino-acid decarboxylase  [Source:UniProtKB/TrEMBL;Acc:A0A8J2M7W0],Cercopithifilaria johnstoni (PRJEB47283),protein_coding,cejohnprjeb47283
CJOHNSTONI_LOCUS5342,rna-CJOHNSTONI_LOCUS5342,212,protein_coding,MYND-type domain-containing protein  [Source:UniProtKB/TrEMBL;Acc:A0A8J2M754],Cercopithifilaria johnstoni (PRJEB47283),protein_coding,cejohnprjeb47283
CJOHNSTONI_LOCUS1733,rna-CJOHNSTONI_LOCUS1733,305,protein_coding,TMEM131_like domain-containing protein  [Source:UniProtKB/TrEMBL;Acc:A0A8J2LYG9],Cercopithifilaria johnstoni (PRJEB47283),protein_coding,cejohnprjeb47283
CJOHNSTONI_LOCUS7352,rna-CJOHNSTONI_LOCUS7352,214,protein_coding,Transmembrane protein 41A  [Source:UniProtKB/TrEMBL;Acc:A0A8J2MRC3],Cercopithifilaria johnstoni (PRJEB47283),protein_coding,cejohnprjeb47283
CJOHNSTONI_LOCUS5183,rna-CJOHNSTONI_LOCUS5183,171,protein_coding,Ras-related protein Rab-28  [Source:UniProtKB/TrEMBL;Acc:A0A8J2M6W0],Cercopithifilaria johnstoni (PRJEB47283),protein_coding,cejohnprjeb47283
CJOHNSTONI_LOCUS4574,rna-CJOHNSTONI_LOCUS4574,275,protein_coding,Protein kinase domain-containing protein  [Source:UniProtKB/TrEMBL;Acc:A0A8J2PT37],Cercopithifilaria johnstoni (PRJEB47283),protein_coding,cejohnprjeb47283
CJOHNSTONI_LOCUS122,rna-CJOHNSTONI_LOCUS122,253,protein_coding,Zinc finger protein  [Source:UniProtKB/TrEMBL;Acc:A0A8J2Q7W9],Cercopithifilaria johnstoni (PRJEB47283),protein_coding,cejohnprjeb47283
CJOHNSTONI_LOCUS6838,rna-CJOHNSTONI_LOCUS6838,209,protein_coding,Guanine nucleotide-binding protein G(I) subunit alpha  [Source:UniProtKB/TrEMBL;Acc:A0A8J2Q1V3],Cercopithifilaria johnstoni (PRJEB47283),protein_coding,cejohnprjeb47283
CJOHNSTONI_LOCUS3850,rna-CJOHNSTONI_LOCUS3850,240,protein_coding,RING-type domain-containing protein  [Source:UniProtKB/TrEMBL;Acc:A0A8J2M142],Cercopithifilaria johnstoni (PRJEB47283),protein_coding,cejohnprjeb47283
CJOHNSTONI_LOCUS6805,rna-CJOHNSTONI_LOCUS6805,446,protein_coding,BPL/LPL catalytic domain-containing protein  [Source:UniProtKB/TrEMBL;Acc:A0A8J2M7C7],Cercopithifilaria johnstoni (PRJEB47283),protein_coding,cejohnprjeb47283
CJOHNSTONI_LOCUS7464,rna-CJOHNSTONI_LOCUS7464,223,protein_coding,ATP-binding cassette sub-family F member 3  [Source:UniProtKB/TrEMBL;Acc:A0A8J2M1D2],Cercopithifilaria johnstoni (PRJEB47283),protein_coding,cejohnprjeb47283
CJOHNSTONI_LOCUS3151,rna-CJOHNSTONI_LOCUS3151,362,protein_coding,RGS domain-containing protein  [Source:UniProtKB/TrEMBL;Acc:A0A8J2LT87],Cercopithifilaria johnstoni (PRJEB47283),protein_coding,cejohnprjeb47283
CJOHNSTONI_LOCUS2514,rna-CJOHNSTONI_LOCUS2514,221,protein_coding,Secreted protein  [Source:UniProtKB/TrEMBL;Acc:A0A8J2LY38],Cercopithifilaria johnstoni (PRJEB47283),protein_coding,cejohnprjeb47283
CJOHNSTONI_LOCUS953,rna-CJOHNSTONI_LOCUS953,329,protein_coding,Transducin/WD40 repeat-like superfamily protein  [Source:UniProtKB/TrEMBL;Acc:A0A8J2LM39],Cercopithifilaria johnstoni (PRJEB47283),protein_coding,cejohnprjeb47283
CJOHNSTONI_LOCUS9563,rna-CJOHNSTONI_LOCUS9563,1886,protein_coding,HTH CENPB-type domain-containing protein  [Source:UniProtKB/TrEMBL;Acc:A0A8J2MU99],Cercopithifilaria johnstoni (PRJEB47283),protein_coding,cejohnprjeb47283
CJOHNSTONI_LOCUS1159,rna-CJOHNSTONI_LOCUS1159,278,protein_coding,Arrestin_C domain-containing protein  [Source:UniProtKB/TrEMBL;Acc:A0A8J2PQ63],Cercopithifilaria johnstoni (PRJEB47283),protein_coding,cejohnprjeb47283
CJOHNSTONI_LOCUS6663,rna-CJOHNSTONI_LOCUS6663,287,protein_coding,NRF domain-containing protein  [Source:UniProtKB/TrEMBL;Acc:A0A8J2MQP2],Cercopithifilaria johnstoni (PRJEB47283),protein_coding,cejohnprjeb47283
CJOHNSTONI_LOCUS1430,rna-CJOHNSTONI_LOCUS1430,195,protein_coding,,Cercopithifilaria johnstoni (PRJEB47283),protein_coding,cejohnprjeb47283
CJOHNSTONI_LOCUS7564,rna-CJOHNSTONI_LOCUS7564,337,protein_coding,Branchpoint-bridging protein  [Source:UniProtKB/TrEMBL;Acc:A0A8J2M9Y9],Cercopithifilaria johnstoni (PRJEB47283),protein_coding,cejohnprjeb47283
CJOHNSTONI_LOCUS360,rna-CJOHNSTONI_LOCUS360,218,protein_coding,TRASH domain-containing protein  [Source:UniProtKB/TrEMBL;Acc:A0A8J2Q344],Cercopithifilaria johnstoni (PRJEB47283),protein_coding,cejohnprjeb47283
CJOHNSTONI_LOCUS1158,rna-CJOHNSTONI_LOCUS1158,182,protein_coding,ZP domain-containing protein  [Source:UniProtKB/TrEMBL;Acc:A0A8J2Q3P0],Cercopithifilaria johnstoni (PRJEB47283),protein_coding,cejohnprjeb47283
CJOHNSTONI_LOCUS7926,rna-CJOHNSTONI_LOCUS7926,128,protein_coding,peptidylprolyl isomerase  [Source:UniProtKB/TrEMBL;Acc:A0A8J2Q8N5],Cercopithifilaria johnstoni (PRJEB47283),protein_coding,cejohnprjeb47283
CJOHNSTONI_LOCUS5473,rna-CJOHNSTONI_LOCUS5473,239,protein_coding,dihydrofolate reductase  [Source:UniProtKB/TrEMBL;Acc:A0A8J2M5A7],Cercopithifilaria johnstoni (PRJEB47283),protein_coding,cejohnprjeb47283
CJOHNSTONI_LOCUS4016,rna-CJOHNSTONI_LOCUS4016,290,protein_coding,"HAD hydrolase, family IA, variant 3  [Source:UniProtKB/TrEMBL;Acc:A0A8J2M247]",Cercopithifilaria johnstoni (PRJEB47283),protein_coding,cejohnprjeb47283
CJOHNSTONI_LOCUS3823,rna-CJOHNSTONI_LOCUS3823,416,protein_coding,heparosan-N-sulfate-glucuronate 5-epimerase  [Source:UniProtKB/TrEMBL;Acc:A0A8J2M1Q8],Cercopithifilaria johnstoni (PRJEB47283),protein_coding,cejohnprjeb47283
CJOHNSTONI_LOCUS8917,rna-CJOHNSTONI_LOCUS8917,225,protein_coding,,Cercopithifilaria johnstoni (PRJEB47283),protein_coding,cejohnprjeb47283
CJOHNSTONI_LOCUS5515,rna-CJOHNSTONI_LOCUS5515,209,protein_coding,Serine/threonine-protein phosphatase  [Source:UniProtKB/TrEMBL;Acc:A0A8J2PTX2],Cercopithifilaria johnstoni (PRJEB47283),protein_coding,cejohnprjeb47283
CJOHNSTONI_LOCUS4393,rna-CJOHNSTONI_LOCUS4393,188,protein_coding,,Cercopithifilaria johnstoni (PRJEB47283),protein_coding,cejohnprjeb47283
CJOHNSTONI_LOCUS3717,rna-CJOHNSTONI_LOCUS3717,179,protein_coding,Calsequestrin  [Source:UniProtKB/TrEMBL;Acc:A0A8J2Q9N2],Cercopithifilaria johnstoni (PRJEB47283),protein_coding,cejohnprjeb47283
CJOHNSTONI_LOCUS3254,rna-CJOHNSTONI_LOCUS3254,298,protein_coding,"Retrotransposon protein, putative, Ty3-gypsy subclass  [Source:UniProtKB/TrEMBL;Acc:A0A8J2M165]",Cercopithifilaria johnstoni (PRJEB47283),protein_coding,cejohnprjeb47283
CJOHNSTONI_LOCUS7796,rna-CJOHNSTONI_LOCUS7796,348,protein_coding,Prothoracicostatic peptide  [Source:UniProtKB/TrEMBL;Acc:A0A8J2QAS1],Cercopithifilaria johnstoni (PRJEB47283),protein_coding,cejohnprjeb47283
CJOHNSTONI_LOCUS37,rna-CJOHNSTONI_LOCUS37,227,protein_coding,RNA helicase  [Source:UniProtKB/TrEMBL;Acc:A0A8J2PV78],Cercopithifilaria johnstoni (PRJEB47283),protein_coding,cejohnprjeb47283
CJOHNSTONI_LOCUS8980,rna-CJOHNSTONI_LOCUS8980,196,protein_coding,,Cercopithifilaria johnstoni (PRJEB47283),protein_coding,cejohnprjeb47283
CJOHNSTONI_LOCUS1592,rna-CJOHNSTONI_LOCUS1592,285,protein_coding,G_PROTEIN_RECEP_F1_2 domain-containing protein  [Source:UniProtKB/TrEMBL;Acc:A0A8J2Q3Z8],Cercopithifilaria johnstoni (PRJEB47283),protein_coding,cejohnprjeb47283
CJOHNSTONI_LOCUS637,rna-CJOHNSTONI_LOCUS637,829,protein_coding,Neurexin-3a  [Source:UniProtKB/TrEMBL;Acc:A0A8J2LNK3],Cercopithifilaria johnstoni (PRJEB47283),protein_coding,cejohnprjeb47283
CJOHNSTONI_LOCUS7616,rna-CJOHNSTONI_LOCUS7616,182,protein_coding,DUF4283 domain-containing protein  [Source:UniProtKB/TrEMBL;Acc:A0A8J2MRZ6],Cercopithifilaria johnstoni (PRJEB47283),protein_coding,cejohnprjeb47283
CJOHNSTONI_LOCUS3919,rna-CJOHNSTONI_LOCUS3919,164,protein_coding,Secreted protein  [Source:UniProtKB/TrEMBL;Acc:A0A8J2M1I7],Cercopithifilaria johnstoni (PRJEB47283),protein_coding,cejohnprjeb47283
CJOHNSTONI_LOCUS6984,rna-CJOHNSTONI_LOCUS6984,152,protein_coding,PDZ domain-containing protein  [Source:UniProtKB/TrEMBL;Acc:A0A8J2Q8B4],Cercopithifilaria johnstoni (PRJEB47283),protein_coding,cejohnprjeb47283
CJOHNSTONI_LOCUS7687,rna-CJOHNSTONI_LOCUS7687,233,protein_coding,Cytohesin-1  [Source:UniProtKB/TrEMBL;Acc:A0A8J2MAA1],Cercopithifilaria johnstoni (PRJEB47283),protein_coding,cejohnprjeb47283
CJOHNSTONI_LOCUS4037,rna-CJOHNSTONI_LOCUS4037,230,protein_coding,Nucleoporin_C domain-containing protein  [Source:UniProtKB/TrEMBL;Acc:A0A8J2PZJ6],Cercopithifilaria johnstoni (PRJEB47283),protein_coding,cejohnprjeb47283
CJOHNSTONI_LOCUS7788,rna-CJOHNSTONI_LOCUS7788,217,protein_coding,Ig-like domain-containing protein  [Source:UniProtKB/TrEMBL;Acc:A0A8J2MAM0],Cercopithifilaria johnstoni (PRJEB47283),protein_coding,cejohnprjeb47283
CJOHNSTONI_LOCUS10378,rna-CJOHNSTONI_LOCUS10378,269,protein_coding,SSD domain-containing protein  [Source:UniProtKB/TrEMBL;Acc:A0A8J2MFB9],Cercopithifilaria johnstoni (PRJEB47283),protein_coding,cejohnprjeb47283
CJOHNSTONI_LOCUS820,rna-CJOHNSTONI_LOCUS820,242,protein_coding,E3 ubiquitin-protein ligase  [Source:UniProtKB/TrEMBL;Acc:A0A8J2LLW5],Cercopithifilaria johnstoni (PRJEB47283),protein_coding,cejohnprjeb47283
CJOHNSTONI_LOCUS3061,rna-CJOHNSTONI_LOCUS3061,214,protein_coding,KH domain-containing protein  [Source:UniProtKB/TrEMBL;Acc:A0A8J2PRU6],Cercopithifilaria johnstoni (PRJEB47283),protein_coding,cejohnprjeb47283
CJOHNSTONI_LOCUS8978,rna-CJOHNSTONI_LOCUS8978,179,protein_coding,Fork-head domain-containing protein  [Source:UniProtKB/TrEMBL;Acc:A0A8J2Q3J1],Cercopithifilaria johnstoni (PRJEB47283),protein_coding,cejohnprjeb47283
CJOHNSTONI_LOCUS9059,rna-CJOHNSTONI_LOCUS9059,189,protein_coding,Tubulin polyglutamylase TTLL5  [Source:UniProtKB/TrEMBL;Acc:A0A8J2Q6N9],Cercopithifilaria johnstoni (PRJEB47283),protein_coding,cejohnprjeb47283
CJOHNSTONI_LOCUS8288,rna-CJOHNSTONI_LOCUS8288,259,protein_coding,ZP domain-containing protein  [Source:UniProtKB/TrEMBL;Acc:A0A8J2QAV7],Cercopithifilaria johnstoni (PRJEB47283),protein_coding,cejohnprjeb47283
CJOHNSTONI_LOCUS8098,rna-CJOHNSTONI_LOCUS8098,473,protein_coding,Zinc finger protein  [Source:UniProtKB/TrEMBL;Acc:A0A8J2MSM7],Cercopithifilaria johnstoni (PRJEB47283),protein_coding,cejohnprjeb47283
CJOHNSTONI_LOCUS2756,rna-CJOHNSTONI_LOCUS2756,357,protein_coding,Protein-L-isoaspartate O-methyltransferase  [Source:UniProtKB/TrEMBL;Acc:A0A8J2Q1Z8],Cercopithifilaria johnstoni (PRJEB47283),protein_coding,cejohnprjeb47283
CJOHNSTONI_LOCUS4421,rna-CJOHNSTONI_LOCUS4421,213,protein_coding,Splicing factor 45  [Source:UniProtKB/TrEMBL;Acc:A0A8J2Q396],Cercopithifilaria johnstoni (PRJEB47283),protein_coding,cejohnprjeb47283
CJOHNSTONI_LOCUS1678,rna-CJOHNSTONI_LOCUS1678,202,protein_coding,Ig-like domain-containing protein  [Source:UniProtKB/TrEMBL;Acc:A0A8J2Q0Y7],Cercopithifilaria johnstoni (PRJEB47283),protein_coding,cejohnprjeb47283
CJOHNSTONI_LOCUS1063,rna-CJOHNSTONI_LOCUS1063,173,protein_coding,Growth hormone receptor  [Source:UniProtKB/TrEMBL;Acc:A0A8J2Q0E8],Cercopithifilaria johnstoni (PRJEB47283),protein_coding,cejohnprjeb47283
CJOHNSTONI_LOCUS8767,rna-CJOHNSTONI_LOCUS8767,153,protein_coding,SCP domain-containing protein  [Source:UniProtKB/TrEMBL;Acc:A0A8J2PXL7],Cercopithifilaria johnstoni (PRJEB47283),protein_coding,cejohnprjeb47283
CJOHNSTONI_LOCUS506,rna-CJOHNSTONI_LOCUS506,266,protein_coding,N-acetyltransferase domain-containing protein  [Source:UniProtKB/TrEMBL;Acc:A0A8J2PPM6],Cercopithifilaria johnstoni (PRJEB47283),protein_coding,cejohnprjeb47283
CJOHNSTONI_LOCUS1206,rna-CJOHNSTONI_LOCUS1206,204,protein_coding,Membrane bound O-acyl transferase family protein  [Source:UniProtKB/TrEMBL;Acc:A0A8J2Q3Q4],Cercopithifilaria johnstoni (PRJEB47283),protein_coding,cejohnprjeb47283
CJOHNSTONI_LOCUS3634,rna-CJOHNSTONI_LOCUS3634,230,protein_coding,,Cercopithifilaria johnstoni (PRJEB47283),protein_coding,cejohnprjeb47283
CJOHNSTONI_LOCUS8947,rna-CJOHNSTONI_LOCUS8947,360,protein_coding,ER membrane protein complex subunit 1  [Source:UniProtKB/TrEMBL;Acc:A0A8J2PXS4],Cercopithifilaria johnstoni (PRJEB47283),protein_coding,cejohnprjeb47283
CJOHNSTONI_LOCUS8129,rna-CJOHNSTONI_LOCUS8129,251,protein_coding,Agrin  [Source:UniProtKB/TrEMBL;Acc:A0A8J2MCV8],Cercopithifilaria johnstoni (PRJEB47283),protein_coding,cejohnprjeb47283
CJOHNSTONI_LOCUS2617,rna-CJOHNSTONI_LOCUS2617,199,protein_coding,Peptidyl-prolyl cis-trans isomerase  [Source:UniProtKB/TrEMBL;Acc:A0A8J2Q1S4],Cercopithifilaria johnstoni (PRJEB47283),protein_coding,cejohnprjeb47283
CJOHNSTONI_LOCUS5212,rna-CJOHNSTONI_LOCUS5212,227,protein_coding,Transmembrane protein  [Source:UniProtKB/TrEMBL;Acc:A0A8J2M4U4],Cercopithifilaria johnstoni (PRJEB47283),protein_coding,cejohnprjeb47283
CJOHNSTONI_LOCUS7151,rna-CJOHNSTONI_LOCUS7151,176,protein_coding,TGF_BETA_2 domain-containing protein  [Source:UniProtKB/TrEMBL;Acc:A0A8J2M978],Cercopithifilaria johnstoni (PRJEB47283),protein_coding,cejohnprjeb47283
CJOHNSTONI_LOCUS4012,rna-CJOHNSTONI_LOCUS4012,174,protein_coding,SWIM-type domain-containing protein  [Source:UniProtKB/TrEMBL;Acc:A0A8J2M0P1],Cercopithifilaria johnstoni (PRJEB47283),protein_coding,cejohnprjeb47283
CJOHNSTONI_LOCUS5796,rna-CJOHNSTONI_LOCUS5796,154,protein_coding,Cardiolipin synthase (CMP-forming)  [Source:UniProtKB/TrEMBL;Acc:A0A8J2LYU3],Cercopithifilaria johnstoni (PRJEB47283),protein_coding,cejohnprjeb47283
CJOHNSTONI_LOCUS8301,rna-CJOHNSTONI_LOCUS8301,167,protein_coding,BMA-FLN-2  [Source:UniProtKB/TrEMBL;Acc:A0A8J2Q6C8],Cercopithifilaria johnstoni (PRJEB47283),protein_coding,cejohnprjeb47283
CJOHNSTONI_LOCUS165,rna-CJOHNSTONI_LOCUS165,363,protein_coding,G_PROTEIN_RECEP_F1_2 domain-containing protein  [Source:UniProtKB/TrEMBL;Acc:A0A8J2LKW3],Cercopithifilaria johnstoni (PRJEB47283),protein_coding,cejohnprjeb47283
CJOHNSTONI_LOCUS163,rna-CJOHNSTONI_LOCUS163,661,protein_coding,TPR_REGION domain-containing protein  [Source:UniProtKB/TrEMBL;Acc:A0A8J2PVB4],Cercopithifilaria johnstoni (PRJEB47283),protein_coding,cejohnprjeb47283
CJOHNSTONI_LOCUS2651,rna-CJOHNSTONI_LOCUS2651,248,protein_coding,CNNM transmembrane domain-containing protein  [Source:UniProtKB/TrEMBL;Acc:A0A8J2M090],Cercopithifilaria johnstoni (PRJEB47283),protein_coding,cejohnprjeb47283
CJOHNSTONI_LOCUS328,rna-CJOHNSTONI_LOCUS328,284,protein_coding,Ammonium transporter  [Source:UniProtKB/TrEMBL;Acc:A0A8J2LTW2],Cercopithifilaria johnstoni (PRJEB47283),protein_coding,cejohnprjeb47283
CJOHNSTONI_LOCUS8834,rna-CJOHNSTONI_LOCUS8834,238,protein_coding,VEFS-Box domain-containing protein  [Source:UniProtKB/TrEMBL;Acc:A0A8J2PXN8],Cercopithifilaria johnstoni (PRJEB47283),protein_coding,cejohnprjeb47283
CJOHNSTONI_LOCUS1800,rna-CJOHNSTONI_LOCUS1800,232,protein_coding,,Cercopithifilaria johnstoni (PRJEB47283),protein_coding,cejohnprjeb47283
CJOHNSTONI_LOCUS2107,rna-CJOHNSTONI_LOCUS2107,232,protein_coding,C2H2-type domain-containing protein  [Source:UniProtKB/TrEMBL;Acc:A0A8J2PR27],Cercopithifilaria johnstoni (PRJEB47283),protein_coding,cejohnprjeb47283
CJOHNSTONI_LOCUS10265,rna-CJOHNSTONI_LOCUS10265,161,protein_coding,MoCF_biosynth domain-containing protein  [Source:UniProtKB/TrEMBL;Acc:A0A8J2MH29],Cercopithifilaria johnstoni (PRJEB47283),protein_coding,cejohnprjeb47283
CJOHNSTONI_LOCUS5017,rna-CJOHNSTONI_LOCUS5017,370,protein_coding,CUB domain-containing protein  [Source:UniProtKB/TrEMBL;Acc:A0A8J2LXB4],Cercopithifilaria johnstoni (PRJEB47283),protein_coding,cejohnprjeb47283
CJOHNSTONI_LOCUS9605,rna-CJOHNSTONI_LOCUS9605,245,protein_coding,BTB domain-containing protein  [Source:UniProtKB/TrEMBL;Acc:A0A8J2MCF2],Cercopithifilaria johnstoni (PRJEB47283),protein_coding,cejohnprjeb47283
CJOHNSTONI_LOCUS6677,rna-CJOHNSTONI_LOCUS6677,214,protein_coding,Peptidase_M16_C domain-containing protein  [Source:UniProtKB/TrEMBL;Acc:A0A8J2MQP6],Cercopithifilaria johnstoni (PRJEB47283),protein_coding,cejohnprjeb47283
CJOHNSTONI_LOCUS730,rna-CJOHNSTONI_LOCUS730,206,protein_coding,,Cercopithifilaria johnstoni (PRJEB47283),protein_coding,cejohnprjeb47283
CJOHNSTONI_LOCUS4132,rna-CJOHNSTONI_LOCUS4132,568,protein_coding,,Cercopithifilaria johnstoni (PRJEB47283),protein_coding,cejohnprjeb47283
CJOHNSTONI_LOCUS1910,rna-CJOHNSTONI_LOCUS1910,231,protein_coding,FGGY_N domain-containing protein  [Source:UniProtKB/TrEMBL;Acc:A0A8J2LYT1],Cercopithifilaria johnstoni (PRJEB47283),protein_coding,cejohnprjeb47283
CJOHNSTONI_LOCUS5469,rna-CJOHNSTONI_LOCUS5469,203,protein_coding,Heterogeneous nuclear ribonucleoprotein K  [Source:UniProtKB/TrEMBL;Acc:A0A8J2M419],Cercopithifilaria johnstoni (PRJEB47283),protein_coding,cejohnprjeb47283
CJOHNSTONI_LOCUS1147,rna-CJOHNSTONI_LOCUS1147,202,protein_coding,Prohibitin  [Source:UniProtKB/TrEMBL;Acc:A0A8J2PWC6],Cercopithifilaria johnstoni (PRJEB47283),protein_coding,cejohnprjeb47283
CJOHNSTONI_LOCUS4077,rna-CJOHNSTONI_LOCUS4077,179,protein_coding,Protein kinase domain-containing protein  [Source:UniProtKB/TrEMBL;Acc:A0A8J2PSQ5],Cercopithifilaria johnstoni (PRJEB47283),protein_coding,cejohnprjeb47283
CJOHNSTONI_LOCUS4127,rna-CJOHNSTONI_LOCUS4127,272,protein_coding,BAG domain-containing protein  [Source:UniProtKB/TrEMBL;Acc:A0A8J2MMR5],Cercopithifilaria johnstoni (PRJEB47283),protein_coding,cejohnprjeb47283
CJOHNSTONI_LOCUS2771,rna-CJOHNSTONI_LOCUS2771,184,protein_coding,Tetratricopeptide repeat protein  [Source:UniProtKB/TrEMBL;Acc:A0A8J2Q997],Cercopithifilaria johnstoni (PRJEB47283),protein_coding,cejohnprjeb47283
CJOHNSTONI_LOCUS8789,rna-CJOHNSTONI_LOCUS8789,389,protein_coding,Hemerythrin domain-containing protein  [Source:UniProtKB/TrEMBL;Acc:A0A8J2ME92],Cercopithifilaria johnstoni (PRJEB47283),protein_coding,cejohnprjeb47283
CJOHNSTONI_LOCUS3131,rna-CJOHNSTONI_LOCUS3131,259,protein_coding,Lipase_3 domain-containing protein  [Source:UniProtKB/TrEMBL;Acc:A0A8J2PRX2],Cercopithifilaria johnstoni (PRJEB47283),protein_coding,cejohnprjeb47283
CJOHNSTONI_LOCUS3623,rna-CJOHNSTONI_LOCUS3623,236,protein_coding,DUF995 domain-containing protein  [Source:UniProtKB/TrEMBL;Acc:A0A8J2LUC1],Cercopithifilaria johnstoni (PRJEB47283),protein_coding,cejohnprjeb47283
CJOHNSTONI_LOCUS10323,rna-CJOHNSTONI_LOCUS10323,291,protein_coding,SAM_MT_ERG6_SMT domain-containing protein  [Source:UniProtKB/TrEMBL;Acc:A0A8J2Q9J7],Cercopithifilaria johnstoni (PRJEB47283),protein_coding,cejohnprjeb47283
CJOHNSTONI_LOCUS170,rna-CJOHNSTONI_LOCUS170,207,protein_coding,Ig-like domain-containing protein  [Source:UniProtKB/TrEMBL;Acc:A0A8J2LVC8],Cercopithifilaria johnstoni (PRJEB47283),protein_coding,cejohnprjeb47283
CJOHNSTONI_LOCUS1772,rna-CJOHNSTONI_LOCUS1772,195,protein_coding,Chemokine vCXCL1  [Source:UniProtKB/TrEMBL;Acc:A0A8J2M1C8],Cercopithifilaria johnstoni (PRJEB47283),protein_coding,cejohnprjeb47283
CJOHNSTONI_LOCUS9505,rna-CJOHNSTONI_LOCUS9505,191,protein_coding,Protein kinase domain-containing protein  [Source:UniProtKB/TrEMBL;Acc:A0A8J2M4U0],Cercopithifilaria johnstoni (PRJEB47283),protein_coding,cejohnprjeb47283
CJOHNSTONI_LOCUS4564,rna-CJOHNSTONI_LOCUS4564,174,protein_coding,TraG_N domain-containing protein  [Source:UniProtKB/TrEMBL;Acc:A0A8J2LW78],Cercopithifilaria johnstoni (PRJEB47283),protein_coding,cejohnprjeb47283
CJOHNSTONI_LOCUS6855,rna-CJOHNSTONI_LOCUS6855,165,protein_coding,Ligand-gated ion channel 50  [Source:UniProtKB/TrEMBL;Acc:A0A8J2MQT4],Cercopithifilaria johnstoni (PRJEB47283),protein_coding,cejohnprjeb47283
CJOHNSTONI_LOCUS2000,rna-CJOHNSTONI_LOCUS2000,169,protein_coding,,Cercopithifilaria johnstoni (PRJEB47283),protein_coding,cejohnprjeb47283
CJOHNSTONI_LOCUS1086,rna-CJOHNSTONI_LOCUS1086,130,protein_coding,FMRFamide-related neuropeptides-like  [Source:UniProtKB/TrEMBL;Acc:A0A8J2LX91],Cercopithifilaria johnstoni (PRJEB47283),protein_coding,cejohnprjeb47283
CJOHNSTONI_LOCUS9067,rna-CJOHNSTONI_LOCUS9067,115,protein_coding,,Cercopithifilaria johnstoni (PRJEB47283),protein_coding,cejohnprjeb47283
CJOHNSTONI_LOCUS6883,rna-CJOHNSTONI_LOCUS6883,191,protein_coding,Ras-related protein Rab-11A  [Source:UniProtKB/TrEMBL;Acc:A0A8J2MA32],Cercopithifilaria johnstoni (PRJEB47283),protein_coding,cejohnprjeb47283
CJOHNSTONI_LOCUS2663,rna-CJOHNSTONI_LOCUS2663,154,protein_coding,Vacuolar atpase assembly integral membrane protein vma21  [Source:UniProtKB/TrEMBL;Acc:A0A8J2MKM3],Cercopithifilaria johnstoni (PRJEB47283),protein_coding,cejohnprjeb47283
CJOHNSTONI_LOCUS3566,rna-CJOHNSTONI_LOCUS3566,245,protein_coding,Divalent cation transporter  [Source:UniProtKB/TrEMBL;Acc:A0A8J2MLK2],Cercopithifilaria johnstoni (PRJEB47283),protein_coding,cejohnprjeb47283
CJOHNSTONI_LOCUS7510,rna-CJOHNSTONI_LOCUS7510,233,protein_coding,Membrane-associated protein Hem  [Source:UniProtKB/TrEMBL;Acc:A0A8J2MRR6],Cercopithifilaria johnstoni (PRJEB47283),protein_coding,cejohnprjeb47283
CJOHNSTONI_LOCUS6776,rna-CJOHNSTONI_LOCUS6776,155,protein_coding,Galectin  [Source:UniProtKB/TrEMBL;Acc:A0A8J2M7A2],Cercopithifilaria johnstoni (PRJEB47283),protein_coding,cejohnprjeb47283
CJOHNSTONI_LOCUS185,rna-CJOHNSTONI_LOCUS185,356,protein_coding,G_PROTEIN_RECEP_F1_2 domain-containing protein  [Source:UniProtKB/TrEMBL;Acc:A0A8J2LY81],Cercopithifilaria johnstoni (PRJEB47283),protein_coding,cejohnprjeb47283
CJOHNSTONI_LOCUS3855,rna-CJOHNSTONI_LOCUS3855,147,protein_coding,Ras-related protein Rab-5B  [Source:UniProtKB/TrEMBL;Acc:A0A8J2Q2T9],Cercopithifilaria johnstoni (PRJEB47283),protein_coding,cejohnprjeb47283
CJOHNSTONI_LOCUS3499,rna-CJOHNSTONI_LOCUS3499,159,protein_coding,MADS-box domain-containing protein  [Source:UniProtKB/TrEMBL;Acc:A0A8J2LU44],Cercopithifilaria johnstoni (PRJEB47283),protein_coding,cejohnprjeb47283
CJOHNSTONI_LOCUS4836,rna-CJOHNSTONI_LOCUS4836,275,protein_coding,CDI domain-containing protein  [Source:UniProtKB/TrEMBL;Acc:A0A8J2Q740],Cercopithifilaria johnstoni (PRJEB47283),protein_coding,cejohnprjeb47283
CJOHNSTONI_LOCUS7842,rna-CJOHNSTONI_LOCUS7842,698,protein_coding,Gastrula zinc finger protein XlCGF7.1-like  [Source:UniProtKB/TrEMBL;Acc:A0A8J2MS96],Cercopithifilaria johnstoni (PRJEB47283),protein_coding,cejohnprjeb47283
CJOHNSTONI_LOCUS9366,rna-CJOHNSTONI_LOCUS9366,315,protein_coding,,Cercopithifilaria johnstoni (PRJEB47283),protein_coding,cejohnprjeb47283
CJOHNSTONI_LOCUS1503,rna-CJOHNSTONI_LOCUS1503,130,protein_coding,HD domain-containing protein  [Source:UniProtKB/TrEMBL;Acc:A0A8J2LW61],Cercopithifilaria johnstoni (PRJEB47283),protein_coding,cejohnprjeb47283
CJOHNSTONI_LOCUS9847,rna-CJOHNSTONI_LOCUS9847,629,protein_coding,USP domain-containing protein  [Source:UniProtKB/TrEMBL;Acc:A0A8J2PYK2],Cercopithifilaria johnstoni (PRJEB47283),protein_coding,cejohnprjeb47283
CJOHNSTONI_LOCUS9355,rna-CJOHNSTONI_LOCUS9355,1592,protein_coding,Myosin motor domain-containing protein  [Source:UniProtKB/TrEMBL;Acc:A0A8J2MUE0],Cercopithifilaria johnstoni (PRJEB47283),protein_coding,cejohnprjeb47283
CJOHNSTONI_LOCUS5883,rna-CJOHNSTONI_LOCUS5883,238,protein_coding,beta-ketoacyl-[acyl-carrier-protein] synthase I  [Source:UniProtKB/TrEMBL;Acc:A0A8J2QAD0],Cercopithifilaria johnstoni (PRJEB47283),protein_coding,cejohnprjeb47283
CJOHNSTONI_LOCUS9972,rna-CJOHNSTONI_LOCUS9972,243,protein_coding,tRNA-dihydrouridine synthase  [Source:UniProtKB/TrEMBL;Acc:A0A8J2Q778],Cercopithifilaria johnstoni (PRJEB47283),protein_coding,cejohnprjeb47283
CJOHNSTONI_LOCUS7984,rna-CJOHNSTONI_LOCUS7984,236,protein_coding,zf-LYAR domain-containing protein  [Source:UniProtKB/TrEMBL;Acc:A0A8J2Q675],Cercopithifilaria johnstoni (PRJEB47283),protein_coding,cejohnprjeb47283
CJOHNSTONI_LOCUS2135,rna-CJOHNSTONI_LOCUS2135,224,protein_coding,Protein kinase domain-containing protein  [Source:UniProtKB/TrEMBL;Acc:A0A8J2LZ70],Cercopithifilaria johnstoni (PRJEB47283),protein_coding,cejohnprjeb47283
CJOHNSTONI_LOCUS9798,rna-CJOHNSTONI_LOCUS9798,177,protein_coding,Coiled-coil domain-containing protein 134  [Source:UniProtKB/TrEMBL;Acc:A0A8J2M6E3],Cercopithifilaria johnstoni (PRJEB47283),protein_coding,cejohnprjeb47283
CJOHNSTONI_LOCUS8163,rna-CJOHNSTONI_LOCUS8163,175,protein_coding,RanBD1 domain-containing protein  [Source:UniProtKB/TrEMBL;Acc:A0A8J2M2J6],Cercopithifilaria johnstoni (PRJEB47283),protein_coding,cejohnprjeb47283
CJOHNSTONI_LOCUS1478,rna-CJOHNSTONI_LOCUS1478,209,protein_coding,"28S ribosomal protein S2, mitochondrial  [Source:UniProtKB/TrEMBL;Acc:A0A8J2LW46]",Cercopithifilaria johnstoni (PRJEB47283),protein_coding,cejohnprjeb47283
CJOHNSTONI_LOCUS8710,rna-CJOHNSTONI_LOCUS8710,166,protein_coding,Mitochondrial import inner membrane translocase subunit TIM44  [Source:UniProtKB/TrEMBL;Acc:A0A8J2MCL1],Cercopithifilaria johnstoni (PRJEB47283),protein_coding,cejohnprjeb47283
CJOHNSTONI_LOCUS1050,rna-CJOHNSTONI_LOCUS1050,218,protein_coding,Secreted protein  [Source:UniProtKB/TrEMBL;Acc:A0A8J2PQ25],Cercopithifilaria johnstoni (PRJEB47283),protein_coding,cejohnprjeb47283
CJOHNSTONI_LOCUS10018,rna-CJOHNSTONI_LOCUS10018,381,protein_coding,PP1-binding domain-containing protein  [Source:UniProtKB/TrEMBL;Acc:A0A8J2MD17],Cercopithifilaria johnstoni (PRJEB47283),protein_coding,cejohnprjeb47283
CJOHNSTONI_LOCUS8293,rna-CJOHNSTONI_LOCUS8293,473,protein_coding,DUF148 domain-containing protein  [Source:UniProtKB/TrEMBL;Acc:A0A8J2MSX1],Cercopithifilaria johnstoni (PRJEB47283),protein_coding,cejohnprjeb47283
CJOHNSTONI_LOCUS9567,rna-CJOHNSTONI_LOCUS9567,231,protein_coding,Zinc metalloproteinase  [Source:UniProtKB/TrEMBL;Acc:A0A8J2MDV1],Cercopithifilaria johnstoni (PRJEB47283),protein_coding,cejohnprjeb47283
CJOHNSTONI_LOCUS4110,rna-CJOHNSTONI_LOCUS4110,257,protein_coding,Bardet-Biedl syndrome 2 protein homolog  [Source:UniProtKB/TrEMBL;Acc:A0A8J2M118],Cercopithifilaria johnstoni (PRJEB47283),protein_coding,cejohnprjeb47283
CJOHNSTONI_LOCUS6863,rna-CJOHNSTONI_LOCUS6863,156,protein_coding,Nucleoside diphosphate kinase  [Source:UniProtKB/TrEMBL;Acc:A0A8J2Q5H2],Cercopithifilaria johnstoni (PRJEB47283),protein_coding,cejohnprjeb47283
CJOHNSTONI_LOCUS4936,rna-CJOHNSTONI_LOCUS4936,137,protein_coding,Cation_ATPase_N domain-containing protein  [Source:UniProtKB/TrEMBL;Acc:A0A8J2LX29],Cercopithifilaria johnstoni (PRJEB47283),protein_coding,cejohnprjeb47283
CJOHNSTONI_LOCUS374,rna-CJOHNSTONI_LOCUS374,183,protein_coding,Cytosolic purine 5'-nucleotidase  [Source:UniProtKB/TrEMBL;Acc:A0A8J2PVH1],Cercopithifilaria johnstoni (PRJEB47283),protein_coding,cejohnprjeb47283
CJOHNSTONI_LOCUS8369,rna-CJOHNSTONI_LOCUS8369,220,protein_coding,MFS domain-containing protein  [Source:UniProtKB/TrEMBL;Acc:A0A8J2Q350],Cercopithifilaria johnstoni (PRJEB47283),protein_coding,cejohnprjeb47283
CJOHNSTONI_LOCUS1901,rna-CJOHNSTONI_LOCUS1901,413,protein_coding,Mediator of RNA polymerase II transcription subunit 15  [Source:UniProtKB/TrEMBL;Acc:A0A8J2Q486],Cercopithifilaria johnstoni (PRJEB47283),protein_coding,cejohnprjeb47283
CJOHNSTONI_LOCUS8594,rna-CJOHNSTONI_LOCUS8594,138,protein_coding,zf-Tim10_DDP domain-containing protein  [Source:UniProtKB/TrEMBL;Acc:A0A8J2MBT0],Cercopithifilaria johnstoni (PRJEB47283),protein_coding,cejohnprjeb47283
CJOHNSTONI_LOCUS10389,rna-CJOHNSTONI_LOCUS10389,189,protein_coding,Ras-related and estrogen-regulated growth inhibitor  [Source:UniProtKB/TrEMBL;Acc:A0A8J2MV10],Cercopithifilaria johnstoni (PRJEB47283),protein_coding,cejohnprjeb47283
CJOHNSTONI_LOCUS4137,rna-CJOHNSTONI_LOCUS4137,290,protein_coding,Tonsoku-like protein  [Source:UniProtKB/TrEMBL;Acc:A0A8J2Q9U1],Cercopithifilaria johnstoni (PRJEB47283),protein_coding,cejohnprjeb47283
CJOHNSTONI_LOCUS7225,rna-CJOHNSTONI_LOCUS7225,241,protein_coding,WD_REPEATS_REGION domain-containing protein  [Source:UniProtKB/TrEMBL;Acc:A0A8J2Q5Q5],Cercopithifilaria johnstoni (PRJEB47283),protein_coding,cejohnprjeb47283
CJOHNSTONI_LOCUS3188,rna-CJOHNSTONI_LOCUS3188,208,protein_coding,Exostosin-1  [Source:UniProtKB/TrEMBL;Acc:A0A8J2M0Z6],Cercopithifilaria johnstoni (PRJEB47283),protein_coding,cejohnprjeb47283
CJOHNSTONI_LOCUS6921,rna-CJOHNSTONI_LOCUS6921,203,protein_coding,,Cercopithifilaria johnstoni (PRJEB47283),protein_coding,cejohnprjeb47283
CJOHNSTONI_LOCUS7469,rna-CJOHNSTONI_LOCUS7469,602,protein_coding,SAP domain-containing protein  [Source:UniProtKB/TrEMBL;Acc:A0A8J2MB82],Cercopithifilaria johnstoni (PRJEB47283),protein_coding,cejohnprjeb47283
CJOHNSTONI_LOCUS8865,rna-CJOHNSTONI_LOCUS8865,179,protein_coding,Vacuolar protein sorting-associated protein 52 homolog  [Source:UniProtKB/TrEMBL;Acc:A0A8J2M4F6],Cercopithifilaria johnstoni (PRJEB47283),protein_coding,cejohnprjeb47283
CJOHNSTONI_LOCUS1778,rna-CJOHNSTONI_LOCUS1778,253,protein_coding,DUF4793 domain-containing protein  [Source:UniProtKB/TrEMBL;Acc:A0A8J2Q114],Cercopithifilaria johnstoni (PRJEB47283),protein_coding,cejohnprjeb47283
CJOHNSTONI_LOCUS4498,rna-CJOHNSTONI_LOCUS4498,180,protein_coding,Folylpolyglutamate synthase  [Source:UniProtKB/TrEMBL;Acc:A0A8J2M3K3],Cercopithifilaria johnstoni (PRJEB47283),protein_coding,cejohnprjeb47283
CJOHNSTONI_LOCUS7827,rna-CJOHNSTONI_LOCUS7827,284,protein_coding,,Cercopithifilaria johnstoni (PRJEB47283),protein_coding,cejohnprjeb47283
CJOHNSTONI_LOCUS979,rna-CJOHNSTONI_LOCUS979,206,protein_coding,Enoyl reductase (ER) domain-containing protein  [Source:UniProtKB/TrEMBL;Acc:A0A8J2PQ02],Cercopithifilaria johnstoni (PRJEB47283),protein_coding,cejohnprjeb47283
CJOHNSTONI_LOCUS639,rna-CJOHNSTONI_LOCUS639,147,protein_coding,START domain-containing protein  [Source:UniProtKB/TrEMBL;Acc:A0A8J2MHR1],Cercopithifilaria johnstoni (PRJEB47283),protein_coding,cejohnprjeb47283
CJOHNSTONI_LOCUS1751,rna-CJOHNSTONI_LOCUS1751,115,protein_coding,G protein gamma domain-containing protein  [Source:UniProtKB/TrEMBL;Acc:A0A8J2Q104],Cercopithifilaria johnstoni (PRJEB47283),protein_coding,cejohnprjeb47283
CJOHNSTONI_LOCUS3998,rna-CJOHNSTONI_LOCUS3998,169,protein_coding,COesterase domain-containing protein  [Source:UniProtKB/TrEMBL;Acc:A0A8J2MM28],Cercopithifilaria johnstoni (PRJEB47283),protein_coding,cejohnprjeb47283
CJOHNSTONI_LOCUS2118,rna-CJOHNSTONI_LOCUS2118,160,protein_coding,HSF_DOMAIN domain-containing protein  [Source:UniProtKB/TrEMBL;Acc:A0A8J2LWY8],Cercopithifilaria johnstoni (PRJEB47283),protein_coding,cejohnprjeb47283
CJOHNSTONI_LOCUS2313,rna-CJOHNSTONI_LOCUS2313,248,protein_coding,"Collagen, type IX, alpha 1  [Source:UniProtKB/TrEMBL;Acc:A0A8J2LZ45]",Cercopithifilaria johnstoni (PRJEB47283),protein_coding,cejohnprjeb47283
CJOHNSTONI_LOCUS4203,rna-CJOHNSTONI_LOCUS4203,140,protein_coding,Transmembrane protein 17B  [Source:UniProtKB/TrEMBL;Acc:A0A8J2PST7],Cercopithifilaria johnstoni (PRJEB47283),protein_coding,cejohnprjeb47283
CJOHNSTONI_LOCUS1616,rna-CJOHNSTONI_LOCUS1616,281,protein_coding,ubiquitinyl hydrolase 1  [Source:UniProtKB/TrEMBL;Acc:A0A8J2MJZ3],Cercopithifilaria johnstoni (PRJEB47283),protein_coding,cejohnprjeb47283
CJOHNSTONI_LOCUS9734,rna-CJOHNSTONI_LOCUS9734,149,protein_coding,Signal recognition particle 14 kDa protein  [Source:UniProtKB/TrEMBL;Acc:A0A8J2ME51],Cercopithifilaria johnstoni (PRJEB47283),protein_coding,cejohnprjeb47283
CJOHNSTONI_LOCUS8424,rna-CJOHNSTONI_LOCUS8424,239,protein_coding,Protein Skeletor  [Source:UniProtKB/TrEMBL;Acc:A0A8J2M9Z6],Cercopithifilaria johnstoni (PRJEB47283),protein_coding,cejohnprjeb47283
CJOHNSTONI_LOCUS2282,rna-CJOHNSTONI_LOCUS2282,233,protein_coding,ANIS5_cation-bd domain-containing protein  [Source:UniProtKB/TrEMBL;Acc:A0A8J2MKQ6],Cercopithifilaria johnstoni (PRJEB47283),protein_coding,cejohnprjeb47283
CJOHNSTONI_LOCUS2568,rna-CJOHNSTONI_LOCUS2568,222,protein_coding,I-set domain-containing protein  [Source:UniProtKB/TrEMBL;Acc:A0A8J2LPS6],Cercopithifilaria johnstoni (PRJEB47283),protein_coding,cejohnprjeb47283
CJOHNSTONI_LOCUS8977,rna-CJOHNSTONI_LOCUS8977,217,protein_coding,Metalloendopeptidase  [Source:UniProtKB/TrEMBL;Acc:A0A8J2Q6M8],Cercopithifilaria johnstoni (PRJEB47283),protein_coding,cejohnprjeb47283
CJOHNSTONI_LOCUS2963,rna-CJOHNSTONI_LOCUS2963,563,protein_coding,,Cercopithifilaria johnstoni (PRJEB47283),protein_coding,cejohnprjeb47283
CJOHNSTONI_LOCUS9319,rna-CJOHNSTONI_LOCUS9319,225,protein_coding,60S ribosomal protein L23  [Source:UniProtKB/TrEMBL;Acc:A0A8J2ME34],Cercopithifilaria johnstoni (PRJEB47283),protein_coding,cejohnprjeb47283
CJOHNSTONI_LOCUS4425,rna-CJOHNSTONI_LOCUS4425,170,protein_coding,Prefoldin subunit 4  [Source:UniProtKB/TrEMBL;Acc:A0A8J2LVZ1],Cercopithifilaria johnstoni (PRJEB47283),protein_coding,cejohnprjeb47283
CJOHNSTONI_LOCUS10366,rna-CJOHNSTONI_LOCUS10366,352,protein_coding,Enhancer of polycomb-like protein  [Source:UniProtKB/TrEMBL;Acc:A0A8J2Q9K3],Cercopithifilaria johnstoni (PRJEB47283),protein_coding,cejohnprjeb47283
CJOHNSTONI_LOCUS4216,rna-CJOHNSTONI_LOCUS4216,95,protein_coding,,Cercopithifilaria johnstoni (PRJEB47283),protein_coding,cejohnprjeb47283
CJOHNSTONI_LOCUS9149,rna-CJOHNSTONI_LOCUS9149,217,protein_coding,,Cercopithifilaria johnstoni (PRJEB47283),protein_coding,cejohnprjeb47283
CJOHNSTONI_LOCUS9545,rna-CJOHNSTONI_LOCUS9545,239,protein_coding,Palmitoyltransferase  [Source:UniProtKB/TrEMBL;Acc:A0A8J2QB49],Cercopithifilaria johnstoni (PRJEB47283),protein_coding,cejohnprjeb47283
CJOHNSTONI_LOCUS2660,rna-CJOHNSTONI_LOCUS2660,283,protein_coding,C2H2-type domain-containing protein  [Source:UniProtKB/TrEMBL;Acc:A0A8J2LPX1],Cercopithifilaria johnstoni (PRJEB47283),protein_coding,cejohnprjeb47283
CJOHNSTONI_LOCUS7962,rna-CJOHNSTONI_LOCUS7962,188,protein_coding,Ubiquitin carboxyl-terminal hydrolase  [Source:UniProtKB/TrEMBL;Acc:A0A8J2M916],Cercopithifilaria johnstoni (PRJEB47283),protein_coding,cejohnprjeb47283
CJOHNSTONI_LOCUS2415,rna-CJOHNSTONI_LOCUS2415,207,protein_coding,Uridine 5'-monophosphate synthase  [Source:UniProtKB/TrEMBL;Acc:A0A8J2MKC8],Cercopithifilaria johnstoni (PRJEB47283),protein_coding,cejohnprjeb47283
CJOHNSTONI_LOCUS167,rna-CJOHNSTONI_LOCUS167,214,protein_coding,Conserved plasma membrane protein  [Source:UniProtKB/TrEMBL;Acc:A0A8J2LTF5],Cercopithifilaria johnstoni (PRJEB47283),protein_coding,cejohnprjeb47283
CJOHNSTONI_LOCUS2811,rna-CJOHNSTONI_LOCUS2811,248,protein_coding,F-box domain-containing protein  [Source:UniProtKB/TrEMBL;Acc:A0A8J2PYE9],Cercopithifilaria johnstoni (PRJEB47283),protein_coding,cejohnprjeb47283
CJOHNSTONI_LOCUS3644,rna-CJOHNSTONI_LOCUS3644,273,protein_coding,Peptidase_M14 domain-containing protein  [Source:UniProtKB/TrEMBL;Acc:A0A8J2M1F0],Cercopithifilaria johnstoni (PRJEB47283),protein_coding,cejohnprjeb47283
CJOHNSTONI_LOCUS2372,rna-CJOHNSTONI_LOCUS2372,213,protein_coding,TM2 domain-containing protein  [Source:UniProtKB/TrEMBL;Acc:A0A8J2MKV6],Cercopithifilaria johnstoni (PRJEB47283),protein_coding,cejohnprjeb47283
CJOHNSTONI_LOCUS9150,rna-CJOHNSTONI_LOCUS9150,182,protein_coding,Tubulin alpha chain  [Source:UniProtKB/TrEMBL;Acc:A0A8J2MF45],Cercopithifilaria johnstoni (PRJEB47283),protein_coding,cejohnprjeb47283
CJOHNSTONI_LOCUS7384,rna-CJOHNSTONI_LOCUS7384,326,protein_coding,Pecanex-like protein  [Source:UniProtKB/TrEMBL;Acc:A0A8J2Q8H1],Cercopithifilaria johnstoni (PRJEB47283),protein_coding,cejohnprjeb47283
CJOHNSTONI_LOCUS6739,rna-CJOHNSTONI_LOCUS6739,274,protein_coding,Adhesion G-protein coupled receptor F3  [Source:UniProtKB/TrEMBL;Acc:A0A8J2M6Q3],Cercopithifilaria johnstoni (PRJEB47283),protein_coding,cejohnprjeb47283
CJOHNSTONI_LOCUS6940,rna-CJOHNSTONI_LOCUS6940,226,protein_coding,RanBP2-like and GRIP domain-containing protein 4  [Source:UniProtKB/TrEMBL;Acc:A0A8J2M8R4],Cercopithifilaria johnstoni (PRJEB47283),protein_coding,cejohnprjeb47283
CJOHNSTONI_LOCUS10204,rna-CJOHNSTONI_LOCUS10204,161,protein_coding,,Cercopithifilaria johnstoni (PRJEB47283),protein_coding,cejohnprjeb47283
CJOHNSTONI_LOCUS3954,rna-CJOHNSTONI_LOCUS3954,373,protein_coding,DNA helicase  [Source:UniProtKB/TrEMBL;Acc:A0A8J2LSA2],Cercopithifilaria johnstoni (PRJEB47283),protein_coding,cejohnprjeb47283
CJOHNSTONI_LOCUS8278,rna-CJOHNSTONI_LOCUS8278,357,protein_coding,PCI domain-containing protein  [Source:UniProtKB/TrEMBL;Acc:A0A8J2MSQ1],Cercopithifilaria johnstoni (PRJEB47283),protein_coding,cejohnprjeb47283
CJOHNSTONI_LOCUS6486,rna-CJOHNSTONI_LOCUS6486,343,protein_coding,,Cercopithifilaria johnstoni (PRJEB47283),protein_coding,cejohnprjeb47283
CJOHNSTONI_LOCUS6384,rna-CJOHNSTONI_LOCUS6384,286,protein_coding,Rad4 domain-containing protein  [Source:UniProtKB/TrEMBL;Acc:A0A8J2Q1K0],Cercopithifilaria johnstoni (PRJEB47283),protein_coding,cejohnprjeb47283
CJOHNSTONI_LOCUS1292,rna-CJOHNSTONI_LOCUS1292,255,protein_coding,Trichohyalin  [Source:UniProtKB/TrEMBL;Acc:A0A8J2MJL5],Cercopithifilaria johnstoni (PRJEB47283),protein_coding,cejohnprjeb47283
CJOHNSTONI_LOCUS9687,rna-CJOHNSTONI_LOCUS9687,261,protein_coding,Col_cuticle_N domain-containing protein  [Source:UniProtKB/TrEMBL;Acc:A0A8J2MCI7],Cercopithifilaria johnstoni (PRJEB47283),protein_coding,cejohnprjeb47283
CJOHNSTONI_LOCUS4794,rna-CJOHNSTONI_LOCUS4794,244,protein_coding,Fibulin-1  [Source:UniProtKB/TrEMBL;Acc:A0A8J2M3I6],Cercopithifilaria johnstoni (PRJEB47283),protein_coding,cejohnprjeb47283
CJOHNSTONI_LOCUS5523,rna-CJOHNSTONI_LOCUS5523,290,protein_coding,Probable RNA polymerase II nuclear localization protein SLC7A6OS  [Source:UniProtKB/TrEMBL;Acc:A0A8J2M597],Cercopithifilaria johnstoni (PRJEB47283),protein_coding,cejohnprjeb47283
CJOHNSTONI_LOCUS1242,rna-CJOHNSTONI_LOCUS1242,222,protein_coding,NSFL1 cofactor p47  [Source:UniProtKB/TrEMBL;Acc:A0A8J2LXR6],Cercopithifilaria johnstoni (PRJEB47283),protein_coding,cejohnprjeb47283
CJOHNSTONI_LOCUS9125,rna-CJOHNSTONI_LOCUS9125,254,protein_coding,G_PROTEIN_RECEP_F2_4 domain-containing protein  [Source:UniProtKB/TrEMBL;Acc:A0A8J2MBL4],Cercopithifilaria johnstoni (PRJEB47283),protein_coding,cejohnprjeb47283
CJOHNSTONI_LOCUS5127,rna-CJOHNSTONI_LOCUS5127,215,protein_coding,G_PROTEIN_RECEP_F2_4 domain-containing protein  [Source:UniProtKB/TrEMBL;Acc:A0A8J2Q0E0],Cercopithifilaria johnstoni (PRJEB47283),protein_coding,cejohnprjeb47283
CJOHNSTONI_LOCUS10120,rna-CJOHNSTONI_LOCUS10120,344,protein_coding,MFS domain-containing protein  [Source:UniProtKB/TrEMBL;Acc:A0A8J2MFV9],Cercopithifilaria johnstoni (PRJEB47283),protein_coding,cejohnprjeb47283
CJOHNSTONI_LOCUS659,rna-CJOHNSTONI_LOCUS659,275,protein_coding,J domain-containing protein  [Source:UniProtKB/TrEMBL;Acc:A0A8J2Q3D3],Cercopithifilaria johnstoni (PRJEB47283),protein_coding,cejohnprjeb47283
CJOHNSTONI_LOCUS7368,rna-CJOHNSTONI_LOCUS7368,331,protein_coding,Neurobeachin  [Source:UniProtKB/TrEMBL;Acc:A0A8J2M9N6],Cercopithifilaria johnstoni (PRJEB47283),protein_coding,cejohnprjeb47283
CJOHNSTONI_LOCUS3695,rna-CJOHNSTONI_LOCUS3695,221,protein_coding,DOMON domain-containing protein  [Source:UniProtKB/TrEMBL;Acc:A0A8J2M043],Cercopithifilaria johnstoni (PRJEB47283),protein_coding,cejohnprjeb47283
CJOHNSTONI_LOCUS4618,rna-CJOHNSTONI_LOCUS4618,211,protein_coding,Diphthine--ammonia ligase  [Source:UniProtKB/TrEMBL;Acc:A0A8J2MMR7],Cercopithifilaria johnstoni (PRJEB47283),protein_coding,cejohnprjeb47283
CJOHNSTONI_LOCUS8802,rna-CJOHNSTONI_LOCUS8802,196,protein_coding,Ras-like protein family member 12  [Source:UniProtKB/TrEMBL;Acc:A0A8J2ME99],Cercopithifilaria johnstoni (PRJEB47283),protein_coding,cejohnprjeb47283
CJOHNSTONI_LOCUS917,rna-CJOHNSTONI_LOCUS917,187,protein_coding,1-acyl-sn-glycerol-3-phosphate acyltransferase  [Source:UniProtKB/TrEMBL;Acc:A0A8J2LWX6],Cercopithifilaria johnstoni (PRJEB47283),protein_coding,cejohnprjeb47283
CJOHNSTONI_LOCUS8522,rna-CJOHNSTONI_LOCUS8522,182,protein_coding,DNA primase large subunit  [Source:UniProtKB/TrEMBL;Acc:A0A8J2MCA6],Cercopithifilaria johnstoni (PRJEB47283),protein_coding,cejohnprjeb47283
CJOHNSTONI_LOCUS6624,rna-CJOHNSTONI_LOCUS6624,180,protein_coding,Activin_recp domain-containing protein  [Source:UniProtKB/TrEMBL;Acc:A0A8J2M6H5],Cercopithifilaria johnstoni (PRJEB47283),protein_coding,cejohnprjeb47283
CJOHNSTONI_LOCUS8490,rna-CJOHNSTONI_LOCUS8490,177,protein_coding,SER_THR_PHOSPHATASE domain-containing protein  [Source:UniProtKB/TrEMBL;Acc:A0A8J2PXD2],Cercopithifilaria johnstoni (PRJEB47283),protein_coding,cejohnprjeb47283
CJOHNSTONI_LOCUS443,rna-CJOHNSTONI_LOCUS443,176,protein_coding,Protein kinase domain-containing protein  [Source:UniProtKB/TrEMBL;Acc:A0A8J2LN92],Cercopithifilaria johnstoni (PRJEB47283),protein_coding,cejohnprjeb47283
CJOHNSTONI_LOCUS6594,rna-CJOHNSTONI_LOCUS6594,254,protein_coding,,Cercopithifilaria johnstoni (PRJEB47283),protein_coding,cejohnprjeb47283
CJOHNSTONI_LOCUS1670,rna-CJOHNSTONI_LOCUS1670,126,protein_coding,Apple domain-containing protein  [Source:UniProtKB/TrEMBL;Acc:A0A8J2MJG0],Cercopithifilaria johnstoni (PRJEB47283),protein_coding,cejohnprjeb47283
CJOHNSTONI_LOCUS6506,rna-CJOHNSTONI_LOCUS6506,112,protein_coding,Alpha-mann_mid domain-containing protein  [Source:UniProtKB/TrEMBL;Acc:A0A8J2PUS8],Cercopithifilaria johnstoni (PRJEB47283),protein_coding,cejohnprjeb47283
CJOHNSTONI_LOCUS2187,rna-CJOHNSTONI_LOCUS2187,623,protein_coding,Salivary glue protein Sgs-3-like  [Source:UniProtKB/TrEMBL;Acc:A0A8J2MK25],Cercopithifilaria johnstoni (PRJEB47283),protein_coding,cejohnprjeb47283
CJOHNSTONI_LOCUS2535,rna-CJOHNSTONI_LOCUS2535,425,protein_coding,POU domain protein  [Source:UniProtKB/TrEMBL;Acc:A0A8J2PRD9],Cercopithifilaria johnstoni (PRJEB47283),protein_coding,cejohnprjeb47283
CJOHNSTONI_LOCUS8975,rna-CJOHNSTONI_LOCUS8975,208,protein_coding,Animal hem peroxidase  [Source:UniProtKB/TrEMBL;Acc:A0A8J2Q8Z8],Cercopithifilaria johnstoni (PRJEB47283),protein_coding,cejohnprjeb47283
CJOHNSTONI_LOCUS10155,rna-CJOHNSTONI_LOCUS10155,397,protein_coding,Protein SZT2  [Source:UniProtKB/TrEMBL;Acc:A0A8J2QB93],Cercopithifilaria johnstoni (PRJEB47283),protein_coding,cejohnprjeb47283
CJOHNSTONI_LOCUS7434,rna-CJOHNSTONI_LOCUS7434,224,protein_coding,Tyrosine-protein kinase  [Source:UniProtKB/TrEMBL;Acc:A0A8J2M8F1],Cercopithifilaria johnstoni (PRJEB47283),protein_coding,cejohnprjeb47283
CJOHNSTONI_LOCUS7030,rna-CJOHNSTONI_LOCUS7030,291,protein_coding,Protein-tyrosine phosphatase  [Source:UniProtKB/TrEMBL;Acc:A0A8J2MAD4],Cercopithifilaria johnstoni (PRJEB47283),protein_coding,cejohnprjeb47283
CJOHNSTONI_LOCUS935,rna-CJOHNSTONI_LOCUS935,167,protein_coding,threonine--tRNA ligase  [Source:UniProtKB/TrEMBL;Acc:A0A8J2LX66],Cercopithifilaria johnstoni (PRJEB47283),protein_coding,cejohnprjeb47283
CJOHNSTONI_LOCUS5348,rna-CJOHNSTONI_LOCUS5348,316,protein_coding,"28S ribosomal protein S9, mitochondrial  [Source:UniProtKB/TrEMBL;Acc:A0A8J2Q492]",Cercopithifilaria johnstoni (PRJEB47283),protein_coding,cejohnprjeb47283
CJOHNSTONI_LOCUS1161,rna-CJOHNSTONI_LOCUS1161,130,protein_coding,Ovule protein  [Source:UniProtKB/TrEMBL;Acc:A0A8J2PWD0],Cercopithifilaria johnstoni (PRJEB47283),protein_coding,cejohnprjeb47283
CJOHNSTONI_LOCUS4273,rna-CJOHNSTONI_LOCUS4273,882,protein_coding,ANK_REP_REGION domain-containing protein  [Source:UniProtKB/TrEMBL;Acc:A0A8J2PZR9],Cercopithifilaria johnstoni (PRJEB47283),protein_coding,cejohnprjeb47283
CJOHNSTONI_LOCUS4311,rna-CJOHNSTONI_LOCUS4311,426,protein_coding,,Cercopithifilaria johnstoni (PRJEB47283),protein_coding,cejohnprjeb47283
CJOHNSTONI_LOCUS3977,rna-CJOHNSTONI_LOCUS3977,226,protein_coding,POU domain protein  [Source:UniProtKB/TrEMBL;Acc:A0A8J2M2L9],Cercopithifilaria johnstoni (PRJEB47283),protein_coding,cejohnprjeb47283
CJOHNSTONI_LOCUS8739,rna-CJOHNSTONI_LOCUS8739,290,protein_coding,Peritrophin-44  [Source:UniProtKB/TrEMBL;Acc:A0A8J2MAX2],Cercopithifilaria johnstoni (PRJEB47283),protein_coding,cejohnprjeb47283
CJOHNSTONI_LOCUS4408,rna-CJOHNSTONI_LOCUS4408,218,protein_coding,Tyrosine-protein phosphatase domain-containing protein  [Source:UniProtKB/TrEMBL;Acc:A0A8J2PZV6],Cercopithifilaria johnstoni (PRJEB47283),protein_coding,cejohnprjeb47283
CJOHNSTONI_LOCUS2768,rna-CJOHNSTONI_LOCUS2768,209,protein_coding,CDT1 domain-containing protein  [Source:UniProtKB/TrEMBL;Acc:A0A8J2PRL4],Cercopithifilaria johnstoni (PRJEB47283),protein_coding,cejohnprjeb47283
CJOHNSTONI_LOCUS4362,rna-CJOHNSTONI_LOCUS4362-2,274,protein_coding,Papilin  [Source:UniProtKB/TrEMBL;Acc:A0A8J2M3A3],Cercopithifilaria johnstoni (PRJEB47283),protein_coding,cejohnprjeb47283
CJOHNSTONI_LOCUS1888,rna-CJOHNSTONI_LOCUS1888,240,protein_coding,COesterase domain-containing protein  [Source:UniProtKB/TrEMBL;Acc:A0A8J2PQV6],Cercopithifilaria johnstoni (PRJEB47283),protein_coding,cejohnprjeb47283
CJOHNSTONI_LOCUS2258,rna-CJOHNSTONI_LOCUS2258,206,protein_coding,SURF6 domain-containing protein  [Source:UniProtKB/TrEMBL;Acc:A0A8J2M244],Cercopithifilaria johnstoni (PRJEB47283),protein_coding,cejohnprjeb47283
CJOHNSTONI_LOCUS9229,rna-CJOHNSTONI_LOCUS9229,143,protein_coding,Tub domain-containing protein  [Source:UniProtKB/TrEMBL;Acc:A0A8J2MF97],Cercopithifilaria johnstoni (PRJEB47283),protein_coding,cejohnprjeb47283
CJOHNSTONI_LOCUS6597,rna-CJOHNSTONI_LOCUS6597,160,protein_coding,Homeobox protein homothorax  [Source:UniProtKB/TrEMBL;Acc:A0A8J2M6F2],Cercopithifilaria johnstoni (PRJEB47283),protein_coding,cejohnprjeb47283
CJOHNSTONI_LOCUS1826,rna-CJOHNSTONI_LOCUS1826,397,protein_coding,Transmembrane protein  [Source:UniProtKB/TrEMBL;Acc:A0A8J2MK76],Cercopithifilaria johnstoni (PRJEB47283),protein_coding,cejohnprjeb47283
CJOHNSTONI_LOCUS7963,rna-CJOHNSTONI_LOCUS7963,194,protein_coding,Pre-mRNA-splicing factor 38  [Source:UniProtKB/TrEMBL;Acc:A0A8J2MS13],Cercopithifilaria johnstoni (PRJEB47283),protein_coding,cejohnprjeb47283
CJOHNSTONI_LOCUS9497,rna-CJOHNSTONI_LOCUS9497,164,protein_coding,Dimer_Tnp_hAT domain-containing protein  [Source:UniProtKB/TrEMBL;Acc:A0A8J2ME02],Cercopithifilaria johnstoni (PRJEB47283),protein_coding,cejohnprjeb47283
CJOHNSTONI_LOCUS5269,rna-CJOHNSTONI_LOCUS5269,211,protein_coding,SURP motif domain-containing protein  [Source:UniProtKB/TrEMBL;Acc:A0A8J2PTP6],Cercopithifilaria johnstoni (PRJEB47283),protein_coding,cejohnprjeb47283
CJOHNSTONI_LOCUS9973,rna-CJOHNSTONI_LOCUS9973,215,protein_coding,Shell matrix protein  [Source:UniProtKB/TrEMBL;Acc:A0A8J2Q4B5],Cercopithifilaria johnstoni (PRJEB47283),protein_coding,cejohnprjeb47283
CJOHNSTONI_LOCUS9194,rna-CJOHNSTONI_LOCUS9194,223,protein_coding,PCI domain-containing protein  [Source:UniProtKB/TrEMBL;Acc:A0A8J2PXZ7],Cercopithifilaria johnstoni (PRJEB47283),protein_coding,cejohnprjeb47283
CJOHNSTONI_LOCUS7074,rna-CJOHNSTONI_LOCUS7074,230,protein_coding,,Cercopithifilaria johnstoni (PRJEB47283),protein_coding,cejohnprjeb47283
CJOHNSTONI_LOCUS746,rna-CJOHNSTONI_LOCUS746,686,protein_coding,Zonadhesin  [Source:UniProtKB/TrEMBL;Acc:A0A8J2LLS2],Cercopithifilaria johnstoni (PRJEB47283),protein_coding,cejohnprjeb47283
CJOHNSTONI_LOCUS1369,rna-CJOHNSTONI_LOCUS1369,208,protein_coding,LIM domain protein  [Source:UniProtKB/TrEMBL;Acc:A0A8J2Q3U2],Cercopithifilaria johnstoni (PRJEB47283),protein_coding,cejohnprjeb47283
CJOHNSTONI_LOCUS1489,rna-CJOHNSTONI_LOCUS1489,272,protein_coding,RNA polymerase II subunit A C-terminal domain phosphatase  [Source:UniProtKB/TrEMBL;Acc:A0A8J2LMY2],Cercopithifilaria johnstoni (PRJEB47283),protein_coding,cejohnprjeb47283
CJOHNSTONI_LOCUS5872,rna-CJOHNSTONI_LOCUS5872,284,protein_coding,DB domain-containing protein  [Source:UniProtKB/TrEMBL;Acc:A0A8J2LZ01],Cercopithifilaria johnstoni (PRJEB47283),protein_coding,cejohnprjeb47283
CJOHNSTONI_LOCUS3221,rna-CJOHNSTONI_LOCUS3221,268,protein_coding,rRNA 2'-O-methyltransferase fibrillarin  [Source:UniProtKB/TrEMBL;Acc:A0A8J2LQN4],Cercopithifilaria johnstoni (PRJEB47283),protein_coding,cejohnprjeb47283
CJOHNSTONI_LOCUS6024,rna-CJOHNSTONI_LOCUS6024,249,protein_coding,Chitin-binding type-2 domain-containing protein  [Source:UniProtKB/TrEMBL;Acc:A0A8J2MPT7],Cercopithifilaria johnstoni (PRJEB47283),protein_coding,cejohnprjeb47283
CJOHNSTONI_LOCUS7369,rna-CJOHNSTONI_LOCUS7369,479,protein_coding,Mab-21 domain-containing protein  [Source:UniProtKB/TrEMBL;Acc:A0A8J2M904],Cercopithifilaria johnstoni (PRJEB47283),protein_coding,cejohnprjeb47283
CJOHNSTONI_LOCUS8049,rna-CJOHNSTONI_LOCUS8049,242,protein_coding,Arginine/serine-rich protein PNISR  [Source:UniProtKB/TrEMBL;Acc:A0A8J2PWZ8],Cercopithifilaria johnstoni (PRJEB47283),protein_coding,cejohnprjeb47283
CJOHNSTONI_LOCUS4282,rna-CJOHNSTONI_LOCUS4282,226,protein_coding,Protein Malvolio  [Source:UniProtKB/TrEMBL;Acc:A0A8J2M2I4],Cercopithifilaria johnstoni (PRJEB47283),protein_coding,cejohnprjeb47283
CJOHNSTONI_LOCUS396,rna-CJOHNSTONI_LOCUS396,200,protein_coding,DNA helicase  [Source:UniProtKB/TrEMBL;Acc:A0A8J2LVJ8],Cercopithifilaria johnstoni (PRJEB47283),protein_coding,cejohnprjeb47283
CJOHNSTONI_LOCUS4764,rna-CJOHNSTONI_LOCUS4764,369,protein_coding,C2H2-type domain-containing protein  [Source:UniProtKB/TrEMBL;Acc:A0A8J2MND1],Cercopithifilaria johnstoni (PRJEB47283),protein_coding,cejohnprjeb47283
CJOHNSTONI_LOCUS7467,rna-CJOHNSTONI_LOCUS7467,245,protein_coding,RRM domain-containing protein  [Source:UniProtKB/TrEMBL;Acc:A0A8J2MRH0],Cercopithifilaria johnstoni (PRJEB47283),protein_coding,cejohnprjeb47283
CJOHNSTONI_LOCUS2764,rna-CJOHNSTONI_LOCUS2764,208,protein_coding,"Putative lipoyltransferase 2, mitochondrial  [Source:UniProtKB/TrEMBL;Acc:A0A8J2M0F9]",Cercopithifilaria johnstoni (PRJEB47283),protein_coding,cejohnprjeb47283
CJOHNSTONI_LOCUS3829,rna-CJOHNSTONI_LOCUS3829,310,protein_coding,YTH domain-containing protein  [Source:UniProtKB/TrEMBL;Acc:A0A8J2LS43],Cercopithifilaria johnstoni (PRJEB47283),protein_coding,cejohnprjeb47283
CJOHNSTONI_LOCUS6073,rna-CJOHNSTONI_LOCUS6073,478,protein_coding,,Cercopithifilaria johnstoni (PRJEB47283),protein_coding,cejohnprjeb47283
CJOHNSTONI_LOCUS2812,rna-CJOHNSTONI_LOCUS2812,242,protein_coding,MMS19 nucleotide excision repair protein  [Source:UniProtKB/TrEMBL;Acc:A0A8J2Q9A3],Cercopithifilaria johnstoni (PRJEB47283),protein_coding,cejohnprjeb47283
CJOHNSTONI_LOCUS10528,rna-CJOHNSTONI_LOCUS10528,188,protein_coding,Innexin  [Source:UniProtKB/TrEMBL;Acc:A0A8J2M8C4],Cercopithifilaria johnstoni (PRJEB47283),protein_coding,cejohnprjeb47283
CJOHNSTONI_LOCUS5316,rna-CJOHNSTONI_LOCUS5316,184,protein_coding,4HBT domain-containing protein  [Source:UniProtKB/TrEMBL;Acc:A0A8J2M519],Cercopithifilaria johnstoni (PRJEB47283),protein_coding,cejohnprjeb47283
CJOHNSTONI_LOCUS4412,rna-CJOHNSTONI_LOCUS4412,209,protein_coding,AAA_23 domain-containing protein  [Source:UniProtKB/TrEMBL;Acc:A0A8J2M1J8],Cercopithifilaria johnstoni (PRJEB47283),protein_coding,cejohnprjeb47283
CJOHNSTONI_LOCUS1010,rna-CJOHNSTONI_LOCUS1010,167,protein_coding,BK channel  [Source:UniProtKB/TrEMBL;Acc:A0A8J2PW30],Cercopithifilaria johnstoni (PRJEB47283),protein_coding,cejohnprjeb47283
CJOHNSTONI_LOCUS3359,rna-CJOHNSTONI_LOCUS3359,260,protein_coding,C-myc promoter-binding protein  [Source:UniProtKB/TrEMBL;Acc:A0A8J2MLC3],Cercopithifilaria johnstoni (PRJEB47283),protein_coding,cejohnprjeb47283
CJOHNSTONI_LOCUS489,rna-CJOHNSTONI_LOCUS489,221,protein_coding,Collagen triple helix repeat protein  [Source:UniProtKB/TrEMBL;Acc:A0A8J2LU60],Cercopithifilaria johnstoni (PRJEB47283),protein_coding,cejohnprjeb47283
CJOHNSTONI_LOCUS1331,rna-CJOHNSTONI_LOCUS1331,188,protein_coding,HMG box domain-containing protein  [Source:UniProtKB/TrEMBL;Acc:A0A8J2LMS7],Cercopithifilaria johnstoni (PRJEB47283),protein_coding,cejohnprjeb47283
CJOHNSTONI_LOCUS3223,rna-CJOHNSTONI_LOCUS3223,236,protein_coding,Pentatricopeptide repeat-containing protein  [Source:UniProtKB/TrEMBL;Acc:A0A8J2ML74],Cercopithifilaria johnstoni (PRJEB47283),protein_coding,cejohnprjeb47283
CJOHNSTONI_LOCUS8597,rna-CJOHNSTONI_LOCUS8597,173,protein_coding,NADAR domain-containing protein  [Source:UniProtKB/TrEMBL;Acc:A0A8J2Q8U9],Cercopithifilaria johnstoni (PRJEB47283),protein_coding,cejohnprjeb47283
CJOHNSTONI_LOCUS10506,rna-CJOHNSTONI_LOCUS10506,608,protein_coding,Zinc finger protein 235  [Source:UniProtKB/TrEMBL;Acc:A0A8J2MGJ9],Cercopithifilaria johnstoni (PRJEB47283),protein_coding,cejohnprjeb47283
CJOHNSTONI_LOCUS4480,rna-CJOHNSTONI_LOCUS4480,161,protein_coding,Lysosomal acid phosphatase  [Source:UniProtKB/TrEMBL;Acc:A0A8J2MMM7],Cercopithifilaria johnstoni (PRJEB47283),protein_coding,cejohnprjeb47283
CJOHNSTONI_LOCUS6882,rna-CJOHNSTONI_LOCUS6882,416,protein_coding,Olfactomedin-like domain-containing protein  [Source:UniProtKB/TrEMBL;Acc:A0A8J2MQY5],Cercopithifilaria johnstoni (PRJEB47283),protein_coding,cejohnprjeb47283
CJOHNSTONI_LOCUS960,rna-CJOHNSTONI_LOCUS960,160,protein_coding,"Collagen, type VII, alpha 1  [Source:UniProtKB/TrEMBL;Acc:A0A8J2LUZ4]",Cercopithifilaria johnstoni (PRJEB47283),protein_coding,cejohnprjeb47283
CJOHNSTONI_LOCUS9498,rna-CJOHNSTONI_LOCUS9498,158,protein_coding,Nucleolar protein 12  [Source:UniProtKB/TrEMBL;Acc:A0A8J2MDQ1],Cercopithifilaria johnstoni (PRJEB47283),protein_coding,cejohnprjeb47283
CJOHNSTONI_LOCUS9096,rna-CJOHNSTONI_LOCUS9096,148,protein_coding,AcidPPc domain-containing protein  [Source:UniProtKB/TrEMBL;Acc:A0A8J2MDJ1],Cercopithifilaria johnstoni (PRJEB47283),protein_coding,cejohnprjeb47283
CJOHNSTONI_LOCUS2216,rna-CJOHNSTONI_LOCUS2216,261,protein_coding,DRIM domain-containing protein  [Source:UniProtKB/TrEMBL;Acc:A0A8J2LZD9],Cercopithifilaria johnstoni (PRJEB47283),protein_coding,cejohnprjeb47283
CJOHNSTONI_LOCUS10572,rna-CJOHNSTONI_LOCUS10572,321,protein_coding,Protein disulfide-isomerase  [Source:UniProtKB/TrEMBL;Acc:A0A8J2MDS3],Cercopithifilaria johnstoni (PRJEB47283),protein_coding,cejohnprjeb47283
CJOHNSTONI_LOCUS7332,rna-CJOHNSTONI_LOCUS7332,248,protein_coding,SGF29 C-terminal domain-containing protein  [Source:UniProtKB/TrEMBL;Acc:A0A8J2PVU3],Cercopithifilaria johnstoni (PRJEB47283),protein_coding,cejohnprjeb47283
CJOHNSTONI_LOCUS5962,rna-CJOHNSTONI_LOCUS5962,226,protein_coding,MFS domain-containing protein  [Source:UniProtKB/TrEMBL;Acc:A0A8J2Q7Q7],Cercopithifilaria johnstoni (PRJEB47283),protein_coding,cejohnprjeb47283
CJOHNSTONI_LOCUS10261,rna-CJOHNSTONI_LOCUS10261,179,protein_coding,,Cercopithifilaria johnstoni (PRJEB47283),protein_coding,cejohnprjeb47283
CJOHNSTONI_LOCUS4083,rna-CJOHNSTONI_LOCUS4083,127,protein_coding,,Cercopithifilaria johnstoni (PRJEB47283),protein_coding,cejohnprjeb47283
CJOHNSTONI_LOCUS5812,rna-CJOHNSTONI_LOCUS5812,355,protein_coding,UPF0764 protein C16orf89 homolog  [Source:UniProtKB/TrEMBL;Acc:A0A8J2M7Z7],Cercopithifilaria johnstoni (PRJEB47283),protein_coding,cejohnprjeb47283
CJOHNSTONI_LOCUS1408,rna-CJOHNSTONI_LOCUS1408,149,protein_coding,ERAP1_C domain-containing protein  [Source:UniProtKB/TrEMBL;Acc:A0A8J2M0X5],Cercopithifilaria johnstoni (PRJEB47283),protein_coding,cejohnprjeb47283
CJOHNSTONI_LOCUS6574,rna-CJOHNSTONI_LOCUS6574,208,protein_coding,Ig-like domain-containing protein  [Source:UniProtKB/TrEMBL;Acc:A0A8J2M782],Cercopithifilaria johnstoni (PRJEB47283),protein_coding,cejohnprjeb47283
CJOHNSTONI_LOCUS5528,rna-CJOHNSTONI_LOCUS5528,124,protein_coding,,Cercopithifilaria johnstoni (PRJEB47283),protein_coding,cejohnprjeb47283
CJOHNSTONI_LOCUS4391,rna-CJOHNSTONI_LOCUS4391,147,protein_coding,BHLH domain-containing protein  [Source:UniProtKB/TrEMBL;Acc:A0A8J2Q6V5],Cercopithifilaria johnstoni (PRJEB47283),protein_coding,cejohnprjeb47283
CJOHNSTONI_LOCUS4208,rna-CJOHNSTONI_LOCUS4208,128,protein_coding,Glutathione S-transferase  [Source:UniProtKB/TrEMBL;Acc:A0A8J2LVJ9],Cercopithifilaria johnstoni (PRJEB47283),protein_coding,cejohnprjeb47283
CJOHNSTONI_LOCUS4575,rna-CJOHNSTONI_LOCUS4575,338,protein_coding,,Cercopithifilaria johnstoni (PRJEB47283),protein_coding,cejohnprjeb47283
CJOHNSTONI_LOCUS5113,rna-CJOHNSTONI_LOCUS5113,1753,protein_coding,Macro domain-containing protein  [Source:UniProtKB/TrEMBL;Acc:A0A8J2QA72],Cercopithifilaria johnstoni (PRJEB47283),protein_coding,cejohnprjeb47283
CJOHNSTONI_LOCUS6070,rna-CJOHNSTONI_LOCUS6070,2527,protein_coding,F-box domain-containing protein  [Source:UniProtKB/TrEMBL;Acc:A0A8J2M6B7],Cercopithifilaria johnstoni (PRJEB47283),protein_coding,cejohnprjeb47283
CJOHNSTONI_LOCUS1758,rna-CJOHNSTONI_LOCUS1758,300,protein_coding,,Cercopithifilaria johnstoni (PRJEB47283),protein_coding,cejohnprjeb47283
CJOHNSTONI_LOCUS7599,rna-CJOHNSTONI_LOCUS7599,275,protein_coding,MATH domain-containing protein  [Source:UniProtKB/TrEMBL;Acc:A0A8J2M8B5],Cercopithifilaria johnstoni (PRJEB47283),protein_coding,cejohnprjeb47283
CJOHNSTONI_LOCUS3934,rna-CJOHNSTONI_LOCUS3934,205,protein_coding,Two pore potassium channel protein sup-9  [Source:UniProtKB/TrEMBL;Acc:A0A8J2M1M5],Cercopithifilaria johnstoni (PRJEB47283),protein_coding,cejohnprjeb47283
CJOHNSTONI_LOCUS6011,rna-CJOHNSTONI_LOCUS6011,390,protein_coding,Nucleoporin Nup60  [Source:UniProtKB/TrEMBL;Acc:A0A8J2MPU7],Cercopithifilaria johnstoni (PRJEB47283),protein_coding,cejohnprjeb47283
CJOHNSTONI_LOCUS1094,rna-CJOHNSTONI_LOCUS1094,222,protein_coding,HipN domain-containing protein  [Source:UniProtKB/TrEMBL;Acc:A0A8J2PW97],Cercopithifilaria johnstoni (PRJEB47283),protein_coding,cejohnprjeb47283
CJOHNSTONI_LOCUS10217,rna-CJOHNSTONI_LOCUS10217,200,protein_coding,DUF4258 domain-containing protein  [Source:UniProtKB/TrEMBL;Acc:A0A8J2MD87],Cercopithifilaria johnstoni (PRJEB47283),protein_coding,cejohnprjeb47283
CJOHNSTONI_LOCUS6745,rna-CJOHNSTONI_LOCUS6745,190,protein_coding,Inhibitor of growth protein  [Source:UniProtKB/TrEMBL;Acc:A0A8J2M852],Cercopithifilaria johnstoni (PRJEB47283),protein_coding,cejohnprjeb47283
CJOHNSTONI_LOCUS6648,rna-CJOHNSTONI_LOCUS6648,285,protein_coding,T-cell immunomodulatory protein  [Source:UniProtKB/TrEMBL;Acc:A0A8J2M6J1],Cercopithifilaria johnstoni (PRJEB47283),protein_coding,cejohnprjeb47283
CJOHNSTONI_LOCUS651,rna-CJOHNSTONI_LOCUS651,324,protein_coding,G_PROTEIN_RECEP_F1_2 domain-containing protein  [Source:UniProtKB/TrEMBL;Acc:A0A8J2LLL9],Cercopithifilaria johnstoni (PRJEB47283),protein_coding,cejohnprjeb47283
CJOHNSTONI_LOCUS842,rna-CJOHNSTONI_LOCUS842,310,protein_coding,Mitochondrial inner membrane protein OXA1  [Source:UniProtKB/TrEMBL;Acc:A0A8J2LX01],Cercopithifilaria johnstoni (PRJEB47283),protein_coding,cejohnprjeb47283
CJOHNSTONI_LOCUS3693,rna-CJOHNSTONI_LOCUS3693,243,protein_coding,Peptidase_M14 domain-containing protein  [Source:UniProtKB/TrEMBL;Acc:A0A8J2LRL1],Cercopithifilaria johnstoni (PRJEB47283),protein_coding,cejohnprjeb47283
CJOHNSTONI_LOCUS8521,rna-CJOHNSTONI_LOCUS8521,226,protein_coding,PWI domain-containing protein  [Source:UniProtKB/TrEMBL;Acc:A0A8J2MT72],Cercopithifilaria johnstoni (PRJEB47283),protein_coding,cejohnprjeb47283
CJOHNSTONI_LOCUS2628,rna-CJOHNSTONI_LOCUS2628,336,protein_coding,,Cercopithifilaria johnstoni (PRJEB47283),protein_coding,cejohnprjeb47283
CJOHNSTONI_LOCUS10121,rna-CJOHNSTONI_LOCUS10121,188,protein_coding,WD_REPEATS_REGION domain-containing protein  [Source:UniProtKB/TrEMBL;Acc:A0A8J2MD32],Cercopithifilaria johnstoni (PRJEB47283),protein_coding,cejohnprjeb47283
CJOHNSTONI_LOCUS8640,rna-CJOHNSTONI_LOCUS8640,183,protein_coding,Protein wntless-like protein  [Source:UniProtKB/TrEMBL;Acc:A0A8J2MAF2],Cercopithifilaria johnstoni (PRJEB47283),protein_coding,cejohnprjeb47283
CJOHNSTONI_LOCUS5879,rna-CJOHNSTONI_LOCUS5879,198,protein_coding,,Cercopithifilaria johnstoni (PRJEB47283),protein_coding,cejohnprjeb47283
CJOHNSTONI_LOCUS4372,rna-CJOHNSTONI_LOCUS4372,173,protein_coding,UBC core domain-containing protein  [Source:UniProtKB/TrEMBL;Acc:A0A8J2M5I4],Cercopithifilaria johnstoni (PRJEB47283),protein_coding,cejohnprjeb47283
CJOHNSTONI_LOCUS4704,rna-CJOHNSTONI_LOCUS4704,139,protein_coding,GTP-binding protein Rheb homolog  [Source:UniProtKB/TrEMBL;Acc:A0A8J2Q007],Cercopithifilaria johnstoni (PRJEB47283),protein_coding,cejohnprjeb47283
CJOHNSTONI_LOCUS9713,rna-CJOHNSTONI_LOCUS9713,8297,protein_coding,Titin  [Source:UniProtKB/TrEMBL;Acc:A0A8J2M695],Cercopithifilaria johnstoni (PRJEB47283),protein_coding,cejohnprjeb47283
CJOHNSTONI_LOCUS3761,rna-CJOHNSTONI_LOCUS3761,260,protein_coding,NEDD8-activating enzyme E1 regulatory subunit  [Source:UniProtKB/TrEMBL;Acc:A0A8J2MLT8],Cercopithifilaria johnstoni (PRJEB47283),protein_coding,cejohnprjeb47283
CJOHNSTONI_LOCUS1865,rna-CJOHNSTONI_LOCUS1865,409,protein_coding,Protein kinase domain-containing protein  [Source:UniProtKB/TrEMBL;Acc:A0A8J2LNL3],Cercopithifilaria johnstoni (PRJEB47283),protein_coding,cejohnprjeb47283
CJOHNSTONI_LOCUS4789,rna-CJOHNSTONI_LOCUS4789,148,protein_coding,Calponin-homology (CH) domain-containing protein  [Source:UniProtKB/TrEMBL;Acc:A0A8J2MMW5],Cercopithifilaria johnstoni (PRJEB47283),protein_coding,cejohnprjeb47283
CJOHNSTONI_LOCUS10232,rna-CJOHNSTONI_LOCUS10232,331,protein_coding,G_PROTEIN_RECEP_F1_2 domain-containing protein  [Source:UniProtKB/TrEMBL;Acc:A0A8J2Q4J3],Cercopithifilaria johnstoni (PRJEB47283),protein_coding,cejohnprjeb47283
CJOHNSTONI_LOCUS2401,rna-CJOHNSTONI_LOCUS2401,206,protein_coding,UBC core domain-containing protein  [Source:UniProtKB/TrEMBL;Acc:A0A8J2MKW8],Cercopithifilaria johnstoni (PRJEB47283),protein_coding,cejohnprjeb47283
CJOHNSTONI_LOCUS9656,rna-CJOHNSTONI_LOCUS9656,185,protein_coding,BHLH domain-containing protein  [Source:UniProtKB/TrEMBL;Acc:A0A8J2QB57],Cercopithifilaria johnstoni (PRJEB47283),protein_coding,cejohnprjeb47283
CJOHNSTONI_LOCUS4793,rna-CJOHNSTONI_LOCUS4793,161,protein_coding,Mitochondrial inner membrane protein COX18  [Source:UniProtKB/TrEMBL;Acc:A0A8J2M3V6],Cercopithifilaria johnstoni (PRJEB47283),protein_coding,cejohnprjeb47283
CJOHNSTONI_LOCUS2151,rna-CJOHNSTONI_LOCUS2151,253,protein_coding,Lysosomal Pro-X carboxypeptidase  [Source:UniProtKB/TrEMBL;Acc:A0A8J2Q4F8],Cercopithifilaria johnstoni (PRJEB47283),protein_coding,cejohnprjeb47283
CJOHNSTONI_LOCUS9279,rna-CJOHNSTONI_LOCUS9279,636,protein_coding,,Cercopithifilaria johnstoni (PRJEB47283),protein_coding,cejohnprjeb47283
CJOHNSTONI_LOCUS9557,rna-CJOHNSTONI_LOCUS9557,218,protein_coding,Secreted protein  [Source:UniProtKB/TrEMBL;Acc:A0A8J2Q6Z1],Cercopithifilaria johnstoni (PRJEB47283),protein_coding,cejohnprjeb47283
CJOHNSTONI_LOCUS3027,rna-CJOHNSTONI_LOCUS3027,204,protein_coding,,Cercopithifilaria johnstoni (PRJEB47283),protein_coding,cejohnprjeb47283
CJOHNSTONI_LOCUS9571,rna-CJOHNSTONI_LOCUS9571,308,protein_coding,Not3 domain-containing protein  [Source:UniProtKB/TrEMBL;Acc:A0A8J2PYA4],Cercopithifilaria johnstoni (PRJEB47283),protein_coding,cejohnprjeb47283
CJOHNSTONI_LOCUS9028,rna-CJOHNSTONI_LOCUS9028,247,protein_coding,AAA domain-containing protein  [Source:UniProtKB/TrEMBL;Acc:A0A8J2MBF1],Cercopithifilaria johnstoni (PRJEB47283),protein_coding,cejohnprjeb47283
CJOHNSTONI_LOCUS6925,rna-CJOHNSTONI_LOCUS6925,278,protein_coding,Secreted protein  [Source:UniProtKB/TrEMBL;Acc:A0A8J2MA59],Cercopithifilaria johnstoni (PRJEB47283),protein_coding,cejohnprjeb47283
CJOHNSTONI_LOCUS1994,rna-CJOHNSTONI_LOCUS1994,249,protein_coding,PHD finger protein 10  [Source:UniProtKB/TrEMBL;Acc:A0A8J2Q172],Cercopithifilaria johnstoni (PRJEB47283),protein_coding,cejohnprjeb47283
CJOHNSTONI_LOCUS2800,rna-CJOHNSTONI_LOCUS2800,331,protein_coding,Rab-GAP TBC domain-containing protein  [Source:UniProtKB/TrEMBL;Acc:A0A8J2LQ37],Cercopithifilaria johnstoni (PRJEB47283),protein_coding,cejohnprjeb47283
CJOHNSTONI_LOCUS7877,rna-CJOHNSTONI_LOCUS7877,193,protein_coding,Aminopeptidase  [Source:UniProtKB/TrEMBL;Acc:A0A8J2M229],Cercopithifilaria johnstoni (PRJEB47283),protein_coding,cejohnprjeb47283
CJOHNSTONI_LOCUS3314,rna-CJOHNSTONI_LOCUS3314,176,protein_coding,Serine/threonine-protein phosphatase  [Source:UniProtKB/TrEMBL;Acc:A0A8J2Q2E5],Cercopithifilaria johnstoni (PRJEB47283),protein_coding,cejohnprjeb47283
CJOHNSTONI_LOCUS9267,rna-CJOHNSTONI_LOCUS9267,506,protein_coding,Homeobox domain-containing protein  [Source:UniProtKB/TrEMBL;Acc:A0A8J2M4E2],Cercopithifilaria johnstoni (PRJEB47283),protein_coding,cejohnprjeb47283
CJOHNSTONI_LOCUS6059,rna-CJOHNSTONI_LOCUS6059,266,protein_coding,Delta-like protein  [Source:UniProtKB/TrEMBL;Acc:A0A8J2Q7S5],Cercopithifilaria johnstoni (PRJEB47283),protein_coding,cejohnprjeb47283
CJOHNSTONI_LOCUS4714,rna-CJOHNSTONI_LOCUS4714,830,protein_coding,,Cercopithifilaria johnstoni (PRJEB47283),protein_coding,cejohnprjeb47283
CJOHNSTONI_LOCUS2843,rna-CJOHNSTONI_LOCUS2843,406,protein_coding,Homeobox domain-containing protein  [Source:UniProtKB/TrEMBL;Acc:A0A8J2LSP7],Cercopithifilaria johnstoni (PRJEB47283),protein_coding,cejohnprjeb47283
CJOHNSTONI_LOCUS1101,rna-CJOHNSTONI_LOCUS1101,276,protein_coding,Rab5 GDP/GTP exchange factor  [Source:UniProtKB/TrEMBL;Acc:A0A8J2MJB8],Cercopithifilaria johnstoni (PRJEB47283),protein_coding,cejohnprjeb47283
CJOHNSTONI_LOCUS10002,rna-CJOHNSTONI_LOCUS10002,234,protein_coding,SAC domain-containing protein  [Source:UniProtKB/TrEMBL;Acc:A0A8J2M5H5],Cercopithifilaria johnstoni (PRJEB47283),protein_coding,cejohnprjeb47283
CJOHNSTONI_LOCUS2005,rna-CJOHNSTONI_LOCUS2005,151,protein_coding,"39S ribosomal protein L49, mitochondrial  [Source:UniProtKB/TrEMBL;Acc:A0A8J2LYI2]",Cercopithifilaria johnstoni (PRJEB47283),protein_coding,cejohnprjeb47283
CJOHNSTONI_LOCUS6950,rna-CJOHNSTONI_LOCUS6950,261,protein_coding,Pre-mRNA-splicing factor ISY1 homolog  [Source:UniProtKB/TrEMBL;Acc:A0A8J2MQW6],Cercopithifilaria johnstoni (PRJEB47283),protein_coding,cejohnprjeb47283
CJOHNSTONI_LOCUS2767,rna-CJOHNSTONI_LOCUS2767,239,protein_coding,E2F_TDP domain-containing protein  [Source:UniProtKB/TrEMBL;Acc:A0A8J2Q513],Cercopithifilaria johnstoni (PRJEB47283),protein_coding,cejohnprjeb47283
CJOHNSTONI_LOCUS5789,rna-CJOHNSTONI_LOCUS5789,218,protein_coding,Ig-like domain-containing protein  [Source:UniProtKB/TrEMBL;Acc:A0A8J2M5M7],Cercopithifilaria johnstoni (PRJEB47283),protein_coding,cejohnprjeb47283
CJOHNSTONI_LOCUS4620,rna-CJOHNSTONI_LOCUS4620,228,protein_coding,DNA polymerase  [Source:UniProtKB/TrEMBL;Acc:A0A8J2M5U8],Cercopithifilaria johnstoni (PRJEB47283),protein_coding,cejohnprjeb47283
CJOHNSTONI_LOCUS3834,rna-CJOHNSTONI_LOCUS3834,258,protein_coding,RuvB-like helicase  [Source:UniProtKB/TrEMBL;Acc:A0A8J2M4R3],Cercopithifilaria johnstoni (PRJEB47283),protein_coding,cejohnprjeb47283
CJOHNSTONI_LOCUS7394,rna-CJOHNSTONI_LOCUS7394,239,protein_coding,alanine transaminase  [Source:UniProtKB/TrEMBL;Acc:A0A8J2M9J8],Cercopithifilaria johnstoni (PRJEB47283),protein_coding,cejohnprjeb47283
CJOHNSTONI_LOCUS6511,rna-CJOHNSTONI_LOCUS6511,210,protein_coding,Ribosomal_L2_C domain-containing protein  [Source:UniProtKB/TrEMBL;Acc:A0A8J2M087],Cercopithifilaria johnstoni (PRJEB47283),protein_coding,cejohnprjeb47283
CJOHNSTONI_LOCUS1512,rna-CJOHNSTONI_LOCUS1512,208,protein_coding,DUF19 domain-containing protein  [Source:UniProtKB/TrEMBL;Acc:A0A8J2Q0T8],Cercopithifilaria johnstoni (PRJEB47283),protein_coding,cejohnprjeb47283
CJOHNSTONI_LOCUS2049,rna-CJOHNSTONI_LOCUS2049,230,protein_coding,Nuclear hormone receptor E75  [Source:UniProtKB/TrEMBL;Acc:A0A8J2LYK9],Cercopithifilaria johnstoni (PRJEB47283),protein_coding,cejohnprjeb47283
CJOHNSTONI_LOCUS7265,rna-CJOHNSTONI_LOCUS7265,167,protein_coding,Synaptobrevin homolog YKT6  [Source:UniProtKB/TrEMBL;Acc:A0A8J2Q285],Cercopithifilaria johnstoni (PRJEB47283),protein_coding,cejohnprjeb47283
CJOHNSTONI_LOCUS8608,rna-CJOHNSTONI_LOCUS8608,160,protein_coding,SKIP_SNW domain-containing protein  [Source:UniProtKB/TrEMBL;Acc:A0A8J2PXG7],Cercopithifilaria johnstoni (PRJEB47283),protein_coding,cejohnprjeb47283
CJOHNSTONI_LOCUS6880,rna-CJOHNSTONI_LOCUS6880,785,protein_coding,,Cercopithifilaria johnstoni (PRJEB47283),protein_coding,cejohnprjeb47283
CJOHNSTONI_LOCUS158,rna-CJOHNSTONI_LOCUS158,325,protein_coding,SAP domain-containing protein  [Source:UniProtKB/TrEMBL;Acc:A0A8J2LTJ8],Cercopithifilaria johnstoni (PRJEB47283),protein_coding,cejohnprjeb47283
CJOHNSTONI_LOCUS1318,rna-CJOHNSTONI_LOCUS1318,279,protein_coding,,Cercopithifilaria johnstoni (PRJEB47283),protein_coding,cejohnprjeb47283
CJOHNSTONI_LOCUS5087,rna-CJOHNSTONI_LOCUS5087,289,protein_coding,Shugoshin_C domain-containing protein  [Source:UniProtKB/TrEMBL;Acc:A0A8J2LXF8],Cercopithifilaria johnstoni (PRJEB47283),protein_coding,cejohnprjeb47283
CJOHNSTONI_LOCUS6264,rna-CJOHNSTONI_LOCUS6264,234,protein_coding,C2H2-type domain-containing protein  [Source:UniProtKB/TrEMBL;Acc:A0A8J2Q1G3],Cercopithifilaria johnstoni (PRJEB47283),protein_coding,cejohnprjeb47283
CJOHNSTONI_LOCUS714,rna-CJOHNSTONI_LOCUS714,226,protein_coding,Degenerin-like protein unc-105  [Source:UniProtKB/TrEMBL;Acc:A0A8J2Q3E5],Cercopithifilaria johnstoni (PRJEB47283),protein_coding,cejohnprjeb47283
CJOHNSTONI_LOCUS5162,rna-CJOHNSTONI_LOCUS5162,225,protein_coding,Protein FRA10AC1  [Source:UniProtKB/TrEMBL;Acc:A0A8J2PTM2],Cercopithifilaria johnstoni (PRJEB47283),protein_coding,cejohnprjeb47283
CJOHNSTONI_LOCUS1519,rna-CJOHNSTONI_LOCUS1519,210,protein_coding,DUF4460 domain-containing protein  [Source:UniProtKB/TrEMBL;Acc:A0A8J2MJV5],Cercopithifilaria johnstoni (PRJEB47283),protein_coding,cejohnprjeb47283
CJOHNSTONI_LOCUS1363,rna-CJOHNSTONI_LOCUS1363,203,protein_coding,PPIase cyclophilin-type domain-containing protein  [Source:UniProtKB/TrEMBL;Acc:A0A8J2LVY0],Cercopithifilaria johnstoni (PRJEB47283),protein_coding,cejohnprjeb47283
CJOHNSTONI_LOCUS3654,rna-CJOHNSTONI_LOCUS3654,662,protein_coding,C-type lectin domain-containing protein  [Source:UniProtKB/TrEMBL;Acc:A0A8J2MM72],Cercopithifilaria johnstoni (PRJEB47283),protein_coding,cejohnprjeb47283
CJOHNSTONI_LOCUS7338,rna-CJOHNSTONI_LOCUS7338,340,protein_coding,,Cercopithifilaria johnstoni (PRJEB47283),protein_coding,cejohnprjeb47283
CJOHNSTONI_LOCUS7630,rna-CJOHNSTONI_LOCUS7630,313,protein_coding,Actin-binding lim zn-finger protein limatin involved in axon guidance  [Source:UniProtKB/TrEMBL;Acc:A0A8J2MBJ1],Cercopithifilaria johnstoni (PRJEB47283),protein_coding,cejohnprjeb47283
CJOHNSTONI_LOCUS239,rna-CJOHNSTONI_LOCUS239,243,protein_coding,Adenosylhomocysteinase  [Source:UniProtKB/TrEMBL;Acc:A0A8J2LYB5],Cercopithifilaria johnstoni (PRJEB47283),protein_coding,cejohnprjeb47283
CJOHNSTONI_LOCUS7628,rna-CJOHNSTONI_LOCUS7628,194,protein_coding,aminoacyl-tRNA hydrolase  [Source:UniProtKB/TrEMBL;Acc:A0A8J2MRM6],Cercopithifilaria johnstoni (PRJEB47283),protein_coding,cejohnprjeb47283
CJOHNSTONI_LOCUS5585,rna-CJOHNSTONI_LOCUS5585,192,protein_coding,Ammonium_transp domain-containing protein  [Source:UniProtKB/TrEMBL;Acc:A0A8J2MP84],Cercopithifilaria johnstoni (PRJEB47283),protein_coding,cejohnprjeb47283
CJOHNSTONI_LOCUS6522,rna-CJOHNSTONI_LOCUS6522,183,protein_coding,"NADH dehydrogenase [ubiquinone] iron-sulfur protein 4, mitochondrial  [Source:UniProtKB/TrEMBL;Acc:A0A8J2Q565]",Cercopithifilaria johnstoni (PRJEB47283),protein_coding,cejohnprjeb47283
CJOHNSTONI_LOCUS5072,rna-CJOHNSTONI_LOCUS5072,259,protein_coding,BZIP domain-containing protein  [Source:UniProtKB/TrEMBL;Acc:A0A8J2QA69],Cercopithifilaria johnstoni (PRJEB47283),protein_coding,cejohnprjeb47283
CJOHNSTONI_LOCUS2762,rna-CJOHNSTONI_LOCUS2762,170,protein_coding,Protein kinase domain-containing protein  [Source:UniProtKB/TrEMBL;Acc:A0A8J2MKR9],Cercopithifilaria johnstoni (PRJEB47283),protein_coding,cejohnprjeb47283
CJOHNSTONI_LOCUS4952,rna-CJOHNSTONI_LOCUS4952,169,protein_coding,DUF4604 domain-containing protein  [Source:UniProtKB/TrEMBL;Acc:A0A8J2MNJ7],Cercopithifilaria johnstoni (PRJEB47283),protein_coding,cejohnprjeb47283
CJOHNSTONI_LOCUS7301,rna-CJOHNSTONI_LOCUS7301,161,protein_coding,DNA replication complex GINS protein PSF2  [Source:UniProtKB/TrEMBL;Acc:A0A8J2M867],Cercopithifilaria johnstoni (PRJEB47283),protein_coding,cejohnprjeb47283
CJOHNSTONI_LOCUS724,rna-CJOHNSTONI_LOCUS724,146,protein_coding,FeS_assembly_P domain-containing protein  [Source:UniProtKB/TrEMBL;Acc:A0A8J2LWE3],Cercopithifilaria johnstoni (PRJEB47283),protein_coding,cejohnprjeb47283
CJOHNSTONI_LOCUS5021,rna-CJOHNSTONI_LOCUS5021,250,protein_coding,LMBR1-like region  [Source:UniProtKB/TrEMBL;Acc:A0A8J2M4H8],Cercopithifilaria johnstoni (PRJEB47283),protein_coding,cejohnprjeb47283
CJOHNSTONI_LOCUS5350,rna-CJOHNSTONI_LOCUS5350,114,protein_coding,PH domain-containing protein  [Source:UniProtKB/TrEMBL;Acc:A0A8J2QA90],Cercopithifilaria johnstoni (PRJEB47283),protein_coding,cejohnprjeb47283
CJOHNSTONI_LOCUS3208,rna-CJOHNSTONI_LOCUS3208,510,protein_coding,Ovule protein  [Source:UniProtKB/TrEMBL;Acc:A0A8J2LZA0],Cercopithifilaria johnstoni (PRJEB47283),protein_coding,cejohnprjeb47283
CJOHNSTONI_LOCUS5678,rna-CJOHNSTONI_LOCUS5678,257,protein_coding,Trafficking protein particle complex subunit  [Source:UniProtKB/TrEMBL;Acc:A0A8J2LY76],Cercopithifilaria johnstoni (PRJEB47283),protein_coding,cejohnprjeb47283
CJOHNSTONI_LOCUS4791,rna-CJOHNSTONI_LOCUS4791,343,protein_coding,MADF domain-containing protein  [Source:UniProtKB/TrEMBL;Acc:A0A8J2M652],Cercopithifilaria johnstoni (PRJEB47283),protein_coding,cejohnprjeb47283
CJOHNSTONI_LOCUS4404,rna-CJOHNSTONI_LOCUS4404,187,protein_coding,Phospholipase A-2-activating protein  [Source:UniProtKB/TrEMBL;Acc:A0A8J2M3C4],Cercopithifilaria johnstoni (PRJEB47283),protein_coding,cejohnprjeb47283
CJOHNSTONI_LOCUS5476,rna-CJOHNSTONI_LOCUS5476,598,protein_coding,Dynein light chain  [Source:UniProtKB/TrEMBL;Acc:A0A8J2Q4D4],Cercopithifilaria johnstoni (PRJEB47283),protein_coding,cejohnprjeb47283
CJOHNSTONI_LOCUS2482,rna-CJOHNSTONI_LOCUS2482,1091,protein_coding,L-type lectin-like domain-containing protein  [Source:UniProtKB/TrEMBL;Acc:A0A8J2PRC4],Cercopithifilaria johnstoni (PRJEB47283),protein_coding,cejohnprjeb47283
CJOHNSTONI_LOCUS4105,rna-CJOHNSTONI_LOCUS4105,100,protein_coding,EF-hand domain-containing protein  [Source:UniProtKB/TrEMBL;Acc:A0A8J2PSR4],Cercopithifilaria johnstoni (PRJEB47283),protein_coding,cejohnprjeb47283
CJOHNSTONI_LOCUS4982,rna-CJOHNSTONI_LOCUS4982,305,protein_coding,,Cercopithifilaria johnstoni (PRJEB47283),protein_coding,cejohnprjeb47283
CJOHNSTONI_LOCUS4997,rna-CJOHNSTONI_LOCUS4997,341,protein_coding,Peptidase A1 domain-containing protein  [Source:UniProtKB/TrEMBL;Acc:A0A8J2Q774],Cercopithifilaria johnstoni (PRJEB47283),protein_coding,cejohnprjeb47283
CJOHNSTONI_LOCUS3501,rna-CJOHNSTONI_LOCUS3501,254,protein_coding,,Cercopithifilaria johnstoni (PRJEB47283),protein_coding,cejohnprjeb47283
CJOHNSTONI_LOCUS464,rna-CJOHNSTONI_LOCUS464,188,protein_coding,Ras-like GTP-binding protein Rho1  [Source:UniProtKB/TrEMBL;Acc:A0A8J2Q376],Cercopithifilaria johnstoni (PRJEB47283),protein_coding,cejohnprjeb47283
CJOHNSTONI_LOCUS6753,rna-CJOHNSTONI_LOCUS6753,503,protein_coding,,Cercopithifilaria johnstoni (PRJEB47283),protein_coding,cejohnprjeb47283
CJOHNSTONI_LOCUS948,rna-CJOHNSTONI_LOCUS948,369,protein_coding,RGS domain-containing protein  [Source:UniProtKB/TrEMBL;Acc:A0A8J2LX74],Cercopithifilaria johnstoni (PRJEB47283),protein_coding,cejohnprjeb47283
CJOHNSTONI_LOCUS4852,rna-CJOHNSTONI_LOCUS4852,186,protein_coding,,Cercopithifilaria johnstoni (PRJEB47283),protein_coding,cejohnprjeb47283
CJOHNSTONI_LOCUS4068,rna-CJOHNSTONI_LOCUS4068,181,protein_coding,,Cercopithifilaria johnstoni (PRJEB47283),protein_coding,cejohnprjeb47283
CJOHNSTONI_LOCUS8908,rna-CJOHNSTONI_LOCUS8908,1397,protein_coding,Gastrula zinc finger protein XlCGF26.1-like  [Source:UniProtKB/TrEMBL;Acc:A0A8J2Q6L7],Cercopithifilaria johnstoni (PRJEB47283),protein_coding,cejohnprjeb47283
CJOHNSTONI_LOCUS8104,rna-CJOHNSTONI_LOCUS8104,233,protein_coding,Vinculin  [Source:UniProtKB/TrEMBL;Acc:A0A8J2Q8Q3],Cercopithifilaria johnstoni (PRJEB47283),protein_coding,cejohnprjeb47283
CJOHNSTONI_LOCUS541,rna-CJOHNSTONI_LOCUS541,242,protein_coding,ELM2 domain-containing protein  [Source:UniProtKB/TrEMBL;Acc:A0A8J2MIA1],Cercopithifilaria johnstoni (PRJEB47283),protein_coding,cejohnprjeb47283
CJOHNSTONI_LOCUS7163,rna-CJOHNSTONI_LOCUS7163,186,protein_coding,Protein kinase domain-containing protein  [Source:UniProtKB/TrEMBL;Acc:A0A8J2MR49],Cercopithifilaria johnstoni (PRJEB47283),protein_coding,cejohnprjeb47283
CJOHNSTONI_LOCUS5188,rna-CJOHNSTONI_LOCUS5188,266,protein_coding,Mitochondrial mRNA-processing protein COX24 C-terminal domain-containing protein  [Source:UniProtKB/TrEMBL;Acc:A0A8J2Q7B6],Cercopithifilaria johnstoni (PRJEB47283),protein_coding,cejohnprjeb47283
CJOHNSTONI_LOCUS2404,rna-CJOHNSTONI_LOCUS2404,260,protein_coding,Rap-GAP domain-containing protein  [Source:UniProtKB/TrEMBL;Acc:A0A8J2LXI9],Cercopithifilaria johnstoni (PRJEB47283),protein_coding,cejohnprjeb47283
CJOHNSTONI_LOCUS4676,rna-CJOHNSTONI_LOCUS4676,180,protein_coding,DDRGK domain-containing protein 1  [Source:UniProtKB/TrEMBL;Acc:A0A8J2M203],Cercopithifilaria johnstoni (PRJEB47283),protein_coding,cejohnprjeb47283
CJOHNSTONI_LOCUS4955,rna-CJOHNSTONI_LOCUS4955,755,protein_coding,Glutamic acid-rich protein-like  [Source:UniProtKB/TrEMBL;Acc:A0A8J2M478],Cercopithifilaria johnstoni (PRJEB47283),protein_coding,cejohnprjeb47283
CJOHNSTONI_LOCUS50,rna-CJOHNSTONI_LOCUS50,223,protein_coding,,Cercopithifilaria johnstoni (PRJEB47283),protein_coding,cejohnprjeb47283
CJOHNSTONI_LOCUS4073,rna-CJOHNSTONI_LOCUS4073,227,protein_coding,40S ribosomal protein S28  [Source:UniProtKB/TrEMBL;Acc:A0A8J2M2N6],Cercopithifilaria johnstoni (PRJEB47283),protein_coding,cejohnprjeb47283
CJOHNSTONI_LOCUS6326,rna-CJOHNSTONI_LOCUS6326,155,protein_coding,Tropomyosin  [Source:UniProtKB/TrEMBL;Acc:A0A8J2M6K2],Cercopithifilaria johnstoni (PRJEB47283),protein_coding,cejohnprjeb47283
CJOHNSTONI_LOCUS9288,rna-CJOHNSTONI_LOCUS9288,197,protein_coding,ELMO domain-containing protein  [Source:UniProtKB/TrEMBL;Acc:A0A8J2MFF0],Cercopithifilaria johnstoni (PRJEB47283),protein_coding,cejohnprjeb47283
CJOHNSTONI_LOCUS7187,rna-CJOHNSTONI_LOCUS7187,265,protein_coding,G_PROTEIN_RECEP_F1_2 domain-containing protein  [Source:UniProtKB/TrEMBL;Acc:A0A8J2MR61],Cercopithifilaria johnstoni (PRJEB47283),protein_coding,cejohnprjeb47283
CJOHNSTONI_LOCUS1472,rna-CJOHNSTONI_LOCUS1472,218,protein_coding,GOLD domain-containing protein  [Source:UniProtKB/TrEMBL;Acc:A0A8J2PQH2],Cercopithifilaria johnstoni (PRJEB47283),protein_coding,cejohnprjeb47283
CJOHNSTONI_LOCUS1874,rna-CJOHNSTONI_LOCUS1874,200,protein_coding,,Cercopithifilaria johnstoni (PRJEB47283),protein_coding,cejohnprjeb47283
CJOHNSTONI_LOCUS357,rna-CJOHNSTONI_LOCUS357,271,protein_coding,G_PROTEIN_RECEP_F1_2 domain-containing protein  [Source:UniProtKB/TrEMBL;Acc:A0A8J2LTX7],Cercopithifilaria johnstoni (PRJEB47283),protein_coding,cejohnprjeb47283
CJOHNSTONI_LOCUS10309,rna-CJOHNSTONI_LOCUS10309,524,protein_coding,Hexosyltransferase  [Source:UniProtKB/TrEMBL;Acc:A0A8J2MDD6],Cercopithifilaria johnstoni (PRJEB47283),protein_coding,cejohnprjeb47283
CJOHNSTONI_LOCUS3400,rna-CJOHNSTONI_LOCUS3400,204,protein_coding,,Cercopithifilaria johnstoni (PRJEB47283),protein_coding,cejohnprjeb47283
CJOHNSTONI_LOCUS6341,rna-CJOHNSTONI_LOCUS6341,173,protein_coding,ATP synthase F1 subunit epsilon  [Source:UniProtKB/TrEMBL;Acc:A0A8J2PUM6],Cercopithifilaria johnstoni (PRJEB47283),protein_coding,cejohnprjeb47283
CJOHNSTONI_LOCUS8474,rna-CJOHNSTONI_LOCUS8474,173,protein_coding,,Cercopithifilaria johnstoni (PRJEB47283),protein_coding,cejohnprjeb47283
CJOHNSTONI_LOCUS7587,rna-CJOHNSTONI_LOCUS7587,364,protein_coding,GYF domain-containing protein  [Source:UniProtKB/TrEMBL;Acc:A0A8J2M8A6],Cercopithifilaria johnstoni (PRJEB47283),protein_coding,cejohnprjeb47283
CJOHNSTONI_LOCUS7148,rna-CJOHNSTONI_LOCUS7148,157,protein_coding,DNA repair protein RAD51 homolog  [Source:UniProtKB/TrEMBL;Acc:A0A8J2MR45],Cercopithifilaria johnstoni (PRJEB47283),protein_coding,cejohnprjeb47283
CJOHNSTONI_LOCUS3619,rna-CJOHNSTONI_LOCUS3619,296,protein_coding,E3 ubiquitin-protein ligase listerin  [Source:UniProtKB/TrEMBL;Acc:A0A8J2PSC5],Cercopithifilaria johnstoni (PRJEB47283),protein_coding,cejohnprjeb47283
CJOHNSTONI_LOCUS626,rna-CJOHNSTONI_LOCUS626,284,protein_coding,Sema domain-containing protein  [Source:UniProtKB/TrEMBL;Acc:A0A8J2LZ09],Cercopithifilaria johnstoni (PRJEB47283),protein_coding,cejohnprjeb47283
CJOHNSTONI_LOCUS5285,rna-CJOHNSTONI_LOCUS5285,340,protein_coding,Death domain-containing protein  [Source:UniProtKB/TrEMBL;Acc:A0A8J2Q0I9],Cercopithifilaria johnstoni (PRJEB47283),protein_coding,cejohnprjeb47283
CJOHNSTONI_LOCUS5211,rna-CJOHNSTONI_LOCUS5211,287,protein_coding,Peptidase S1 domain-containing protein  [Source:UniProtKB/TrEMBL;Acc:A0A8J2M6X8],Cercopithifilaria johnstoni (PRJEB47283),protein_coding,cejohnprjeb47283
CJOHNSTONI_LOCUS7816,rna-CJOHNSTONI_LOCUS7816,213,protein_coding,Solute carrier organic anion transporter family member  [Source:UniProtKB/TrEMBL;Acc:A0A8J2MA07],Cercopithifilaria johnstoni (PRJEB47283),protein_coding,cejohnprjeb47283
CJOHNSTONI_LOCUS9610,rna-CJOHNSTONI_LOCUS9610,205,protein_coding,BED-type domain-containing protein  [Source:UniProtKB/TrEMBL;Acc:A0A8J2MDX6],Cercopithifilaria johnstoni (PRJEB47283),protein_coding,cejohnprjeb47283
CJOHNSTONI_LOCUS8742,rna-CJOHNSTONI_LOCUS8742,211,protein_coding,Fatty-acid and retinol-binding protein 1  [Source:UniProtKB/TrEMBL;Acc:A0A8J2Q6J4],Cercopithifilaria johnstoni (PRJEB47283),protein_coding,cejohnprjeb47283
CJOHNSTONI_LOCUS10218,rna-CJOHNSTONI_LOCUS10218,169,protein_coding,Phosphodiesterase  [Source:UniProtKB/TrEMBL;Acc:A0A8J2Q9I1],Cercopithifilaria johnstoni (PRJEB47283),protein_coding,cejohnprjeb47283
CJOHNSTONI_LOCUS4767,rna-CJOHNSTONI_LOCUS4767,1320,protein_coding,POU domain protein  [Source:UniProtKB/TrEMBL;Acc:A0A8J2M3T6],Cercopithifilaria johnstoni (PRJEB47283),protein_coding,cejohnprjeb47283
CJOHNSTONI_LOCUS956,rna-CJOHNSTONI_LOCUS956,533,protein_coding,,Cercopithifilaria johnstoni (PRJEB47283),protein_coding,cejohnprjeb47283
CJOHNSTONI_LOCUS2038,rna-CJOHNSTONI_LOCUS2038,424,protein_coding,,Cercopithifilaria johnstoni (PRJEB47283),protein_coding,cejohnprjeb47283
CJOHNSTONI_LOCUS2776,rna-CJOHNSTONI_LOCUS2776,322,protein_coding,G_PROTEIN_RECEP_F1_2 domain-containing protein  [Source:UniProtKB/TrEMBL;Acc:A0A8J2MLB2],Cercopithifilaria johnstoni (PRJEB47283),protein_coding,cejohnprjeb47283
CJOHNSTONI_LOCUS3522,rna-CJOHNSTONI_LOCUS3522,288,protein_coding,Deoxyhypusine synthase  [Source:UniProtKB/TrEMBL;Acc:A0A8J2PS97],Cercopithifilaria johnstoni (PRJEB47283),protein_coding,cejohnprjeb47283
CJOHNSTONI_LOCUS238,rna-CJOHNSTONI_LOCUS238,205,protein_coding,Nuclear transport factor 2  [Source:UniProtKB/TrEMBL;Acc:A0A8J2MHT2],Cercopithifilaria johnstoni (PRJEB47283),protein_coding,cejohnprjeb47283
CJOHNSTONI_LOCUS4507,rna-CJOHNSTONI_LOCUS4507,474,protein_coding,Trichohyalin  [Source:UniProtKB/TrEMBL;Acc:A0A8J2LT85],Cercopithifilaria johnstoni (PRJEB47283),protein_coding,cejohnprjeb47283
CJOHNSTONI_LOCUS5607,rna-CJOHNSTONI_LOCUS5607,191,protein_coding,Kinase suppressor of Ras 2  [Source:UniProtKB/TrEMBL;Acc:A0A8J2Q7J4],Cercopithifilaria johnstoni (PRJEB47283),protein_coding,cejohnprjeb47283
CJOHNSTONI_LOCUS7101,rna-CJOHNSTONI_LOCUS7101,161,protein_coding,Ovule protein  [Source:UniProtKB/TrEMBL;Acc:A0A8J2M7S9],Cercopithifilaria johnstoni (PRJEB47283),protein_coding,cejohnprjeb47283
CJOHNSTONI_LOCUS4682,rna-CJOHNSTONI_LOCUS4682,195,protein_coding,4HBT domain-containing protein  [Source:UniProtKB/TrEMBL;Acc:A0A8J2M3A0],Cercopithifilaria johnstoni (PRJEB47283),protein_coding,cejohnprjeb47283
CJOHNSTONI_LOCUS9776,rna-CJOHNSTONI_LOCUS9776,150,protein_coding,Protein kinase domain-containing protein  [Source:UniProtKB/TrEMBL;Acc:A0A8J2MF03],Cercopithifilaria johnstoni (PRJEB47283),protein_coding,cejohnprjeb47283
CJOHNSTONI_LOCUS4628,rna-CJOHNSTONI_LOCUS4628,191,protein_coding,non-specific protein-tyrosine kinase  [Source:UniProtKB/TrEMBL;Acc:A0A8J2LWC1],Cercopithifilaria johnstoni (PRJEB47283),protein_coding,cejohnprjeb47283
CJOHNSTONI_LOCUS1894,rna-CJOHNSTONI_LOCUS1894,87,protein_coding,DUF4102 domain-containing protein  [Source:UniProtKB/TrEMBL;Acc:A0A8J2MJQ3],Cercopithifilaria johnstoni (PRJEB47283),protein_coding,cejohnprjeb47283
CJOHNSTONI_LOCUS8868,rna-CJOHNSTONI_LOCUS8868,296,protein_coding,MFS domain-containing protein  [Source:UniProtKB/TrEMBL;Acc:A0A8J2MTP4],Cercopithifilaria johnstoni (PRJEB47283),protein_coding,cejohnprjeb47283
CJOHNSTONI_LOCUS765,rna-CJOHNSTONI_LOCUS765,236,protein_coding,Transmembrane protein  [Source:UniProtKB/TrEMBL;Acc:A0A8J2MHY3],Cercopithifilaria johnstoni (PRJEB47283),protein_coding,cejohnprjeb47283
CJOHNSTONI_LOCUS5774,rna-CJOHNSTONI_LOCUS5774,181,protein_coding,,Cercopithifilaria johnstoni (PRJEB47283),protein_coding,cejohnprjeb47283
CJOHNSTONI_LOCUS6276,rna-CJOHNSTONI_LOCUS6276,238,protein_coding,isopentenyl-diphosphate Delta-isomerase  [Source:UniProtKB/TrEMBL;Acc:A0A8J2PUK4],Cercopithifilaria johnstoni (PRJEB47283),protein_coding,cejohnprjeb47283
CJOHNSTONI_LOCUS5349,rna-CJOHNSTONI_LOCUS5349,277,protein_coding,"Transporter, cation channel family protein  [Source:UniProtKB/TrEMBL;Acc:A0A8J2Q0L1]",Cercopithifilaria johnstoni (PRJEB47283),protein_coding,cejohnprjeb47283
CJOHNSTONI_LOCUS10235,rna-CJOHNSTONI_LOCUS10235,209,protein_coding,MFS domain-containing protein  [Source:UniProtKB/TrEMBL;Acc:A0A8J2MDE9],Cercopithifilaria johnstoni (PRJEB47283),protein_coding,cejohnprjeb47283
CJOHNSTONI_LOCUS9530,rna-CJOHNSTONI_LOCUS9530,181,protein_coding,WD_REPEATS_REGION domain-containing protein  [Source:UniProtKB/TrEMBL;Acc:A0A8J2QB48],Cercopithifilaria johnstoni (PRJEB47283),protein_coding,cejohnprjeb47283
CJOHNSTONI_LOCUS10367,rna-CJOHNSTONI_LOCUS10367,187,protein_coding,Secreted protein  [Source:UniProtKB/TrEMBL;Acc:A0A8J2PZ29],Cercopithifilaria johnstoni (PRJEB47283),protein_coding,cejohnprjeb47283
CJOHNSTONI_LOCUS9000,rna-CJOHNSTONI_LOCUS9000,333,protein_coding,,Cercopithifilaria johnstoni (PRJEB47283),protein_coding,cejohnprjeb47283
CJOHNSTONI_LOCUS3976,rna-CJOHNSTONI_LOCUS3976,366,protein_coding,CUE domain-containing protein  [Source:UniProtKB/TrEMBL;Acc:A0A8J2M206],Cercopithifilaria johnstoni (PRJEB47283),protein_coding,cejohnprjeb47283
CJOHNSTONI_LOCUS5486,rna-CJOHNSTONI_LOCUS5486,230,protein_coding,phenylalanine--tRNA ligase  [Source:UniProtKB/TrEMBL;Acc:A0A8J2M578],Cercopithifilaria johnstoni (PRJEB47283),protein_coding,cejohnprjeb47283
CJOHNSTONI_LOCUS5691,rna-CJOHNSTONI_LOCUS5691,298,protein_coding,Zinc finger protein  [Source:UniProtKB/TrEMBL;Acc:A0A8J2QAB6],Cercopithifilaria johnstoni (PRJEB47283),protein_coding,cejohnprjeb47283
CJOHNSTONI_LOCUS8916,rna-CJOHNSTONI_LOCUS8916-2,175,protein_coding,Protein kinase domain-containing protein  [Source:UniProtKB/TrEMBL;Acc:A0A8J2MEM3],Cercopithifilaria johnstoni (PRJEB47283),protein_coding,cejohnprjeb47283
CJOHNSTONI_LOCUS7615,rna-CJOHNSTONI_LOCUS7615,264,protein_coding,CNH domain-containing protein  [Source:UniProtKB/TrEMBL;Acc:A0A8J2MRM1],Cercopithifilaria johnstoni (PRJEB47283),protein_coding,cejohnprjeb47283
CJOHNSTONI_LOCUS5410,rna-CJOHNSTONI_LOCUS5410,181,protein_coding,MAGE domain-containing protein  [Source:UniProtKB/TrEMBL;Acc:A0A8J2M524],Cercopithifilaria johnstoni (PRJEB47283),protein_coding,cejohnprjeb47283
CJOHNSTONI_LOCUS3403,rna-CJOHNSTONI_LOCUS3403,143,protein_coding,Polyprotein  [Source:UniProtKB/TrEMBL;Acc:A0A8J2LZM0],Cercopithifilaria johnstoni (PRJEB47283),protein_coding,cejohnprjeb47283
CJOHNSTONI_LOCUS36,rna-CJOHNSTONI_LOCUS36,197,protein_coding,RRM domain-containing protein  [Source:UniProtKB/TrEMBL;Acc:A0A8J2PP89],Cercopithifilaria johnstoni (PRJEB47283),protein_coding,cejohnprjeb47283
CJOHNSTONI_LOCUS8900,rna-CJOHNSTONI_LOCUS8900,103,protein_coding,Secreted protein  [Source:UniProtKB/TrEMBL;Acc:A0A8J2MEL2],Cercopithifilaria johnstoni (PRJEB47283),protein_coding,cejohnprjeb47283
CJOHNSTONI_LOCUS4770,rna-CJOHNSTONI_LOCUS4770,236,protein_coding,Tubulin beta chain  [Source:UniProtKB/TrEMBL;Acc:A0A8J2PT96],Cercopithifilaria johnstoni (PRJEB47283),protein_coding,cejohnprjeb47283
CJOHNSTONI_LOCUS7229,rna-CJOHNSTONI_LOCUS7229,186,protein_coding,Fibronectin type-III domain-containing protein  [Source:UniProtKB/TrEMBL;Acc:A0A8J2M1N2],Cercopithifilaria johnstoni (PRJEB47283),protein_coding,cejohnprjeb47283
CJOHNSTONI_LOCUS2747,rna-CJOHNSTONI_LOCUS2747,164,protein_coding,Branched-chain-amino-acid aminotransferase  [Source:UniProtKB/TrEMBL;Acc:A0A8J2LYI3],Cercopithifilaria johnstoni (PRJEB47283),protein_coding,cejohnprjeb47283
CJOHNSTONI_LOCUS6067,rna-CJOHNSTONI_LOCUS6067,252,protein_coding,HEAT repeat-containing protein 5B  [Source:UniProtKB/TrEMBL;Acc:A0A8J2MPX2],Cercopithifilaria johnstoni (PRJEB47283),protein_coding,cejohnprjeb47283
CJOHNSTONI_LOCUS4998,rna-CJOHNSTONI_LOCUS4998,341,protein_coding,Peptidase A1 domain-containing protein  [Source:UniProtKB/TrEMBL;Acc:A0A8J2PTH5],Cercopithifilaria johnstoni (PRJEB47283),protein_coding,cejohnprjeb47283
CJOHNSTONI_LOCUS857,rna-CJOHNSTONI_LOCUS857,254,protein_coding,"28S ribosomal protein S30, mitochondrial  [Source:UniProtKB/TrEMBL;Acc:A0A8J2Q083]",Cercopithifilaria johnstoni (PRJEB47283),protein_coding,cejohnprjeb47283
CJOHNSTONI_LOCUS1320,rna-CJOHNSTONI_LOCUS1320,140,protein_coding,AbrB/MazE/SpoVT family DNA-binding domain-containing protein  [Source:UniProtKB/TrEMBL;Acc:A0A8J2MJM6],Cercopithifilaria johnstoni (PRJEB47283),protein_coding,cejohnprjeb47283
CJOHNSTONI_LOCUS3551,rna-CJOHNSTONI_LOCUS3551-2,305,protein_coding,NAD_Gly3P_dh_C domain-containing protein  [Source:UniProtKB/TrEMBL;Acc:A0A8J2LU80],Cercopithifilaria johnstoni (PRJEB47283),protein_coding,cejohnprjeb47283
CJOHNSTONI_LOCUS9575,rna-CJOHNSTONI_LOCUS9575,176,protein_coding,Protein-tyrosine phosphatase  [Source:UniProtKB/TrEMBL;Acc:A0A8J2M4Y0],Cercopithifilaria johnstoni (PRJEB47283),protein_coding,cejohnprjeb47283
CJOHNSTONI_LOCUS5084,rna-CJOHNSTONI_LOCUS5084-2,232,protein_coding,Velvet domain-containing protein  [Source:UniProtKB/TrEMBL;Acc:A0A8J2Q0C7],Cercopithifilaria johnstoni (PRJEB47283),protein_coding,cejohnprjeb47283
CJOHNSTONI_LOCUS4060,rna-CJOHNSTONI_LOCUS4060,155,protein_coding,MFS domain-containing protein  [Source:UniProtKB/TrEMBL;Acc:A0A8J2M2B7],Cercopithifilaria johnstoni (PRJEB47283),protein_coding,cejohnprjeb47283
CJOHNSTONI_LOCUS2363,rna-CJOHNSTONI_LOCUS2363,260,protein_coding,,Cercopithifilaria johnstoni (PRJEB47283),protein_coding,cejohnprjeb47283
CJOHNSTONI_LOCUS196,rna-CJOHNSTONI_LOCUS196,253,protein_coding,Cadherin  [Source:UniProtKB/TrEMBL;Acc:A0A8J2LTG7],Cercopithifilaria johnstoni (PRJEB47283),protein_coding,cejohnprjeb47283
CJOHNSTONI_LOCUS6544,rna-CJOHNSTONI_LOCUS6544,340,protein_coding,ATP synthase subunit alpha  [Source:UniProtKB/TrEMBL;Acc:A0A8J2M9B9],Cercopithifilaria johnstoni (PRJEB47283),protein_coding,cejohnprjeb47283
CJOHNSTONI_LOCUS722,rna-CJOHNSTONI_LOCUS722,182,protein_coding,,Cercopithifilaria johnstoni (PRJEB47283),protein_coding,cejohnprjeb47283
CJOHNSTONI_LOCUS2246,rna-CJOHNSTONI_LOCUS2246,207,protein_coding,Retrotrans_gag domain-containing protein  [Source:UniProtKB/TrEMBL;Acc:A0A8J2LYZ7],Cercopithifilaria johnstoni (PRJEB47283),protein_coding,cejohnprjeb47283
CJOHNSTONI_LOCUS5684,rna-CJOHNSTONI_LOCUS5684,338,protein_coding,Peptidase A1 domain-containing protein  [Source:UniProtKB/TrEMBL;Acc:A0A8J2M5G7],Cercopithifilaria johnstoni (PRJEB47283),protein_coding,cejohnprjeb47283
CJOHNSTONI_LOCUS3009,rna-CJOHNSTONI_LOCUS3009,226,protein_coding,separase  [Source:UniProtKB/TrEMBL;Acc:A0A8J2PYL2],Cercopithifilaria johnstoni (PRJEB47283),protein_coding,cejohnprjeb47283
CJOHNSTONI_LOCUS2684,rna-CJOHNSTONI_LOCUS2684,318,protein_coding,Dynamin-type G domain-containing protein  [Source:UniProtKB/TrEMBL;Acc:A0A8J2Q4Y8],Cercopithifilaria johnstoni (PRJEB47283),protein_coding,cejohnprjeb47283
CJOHNSTONI_LOCUS10495,rna-CJOHNSTONI_LOCUS10495,290,protein_coding,Transcriptional regulator ATRX-like  [Source:UniProtKB/TrEMBL;Acc:A0A8J2PZ71],Cercopithifilaria johnstoni (PRJEB47283),protein_coding,cejohnprjeb47283
CJOHNSTONI_LOCUS10292,rna-CJOHNSTONI_LOCUS10292,201,protein_coding,Peptidase A1 domain-containing protein  [Source:UniProtKB/TrEMBL;Acc:A0A8J2MH47],Cercopithifilaria johnstoni (PRJEB47283),protein_coding,cejohnprjeb47283
CJOHNSTONI_LOCUS6907,rna-CJOHNSTONI_LOCUS6907,200,protein_coding,,Cercopithifilaria johnstoni (PRJEB47283),protein_coding,cejohnprjeb47283
CJOHNSTONI_LOCUS7275,rna-CJOHNSTONI_LOCUS7275,179,protein_coding,DNA replication licensing factor MCM5  [Source:UniProtKB/TrEMBL;Acc:A0A8J2M847],Cercopithifilaria johnstoni (PRJEB47283),protein_coding,cejohnprjeb47283
CJOHNSTONI_LOCUS5223,rna-CJOHNSTONI_LOCUS5223,200,protein_coding,Eukaryotic translation initiation factor 3 subunit E  [Source:UniProtKB/TrEMBL;Acc:A0A8J2MNV9],Cercopithifilaria johnstoni (PRJEB47283),protein_coding,cejohnprjeb47283
CJOHNSTONI_LOCUS1906,rna-CJOHNSTONI_LOCUS1906,331,protein_coding,PID domain-containing protein  [Source:UniProtKB/TrEMBL;Acc:A0A8J2LX22],Cercopithifilaria johnstoni (PRJEB47283),protein_coding,cejohnprjeb47283
CJOHNSTONI_LOCUS10226,rna-CJOHNSTONI_LOCUS10226,200,protein_coding,Stress-activated protein kinase JNK  [Source:UniProtKB/TrEMBL;Acc:A0A8J2MFD4],Cercopithifilaria johnstoni (PRJEB47283),protein_coding,cejohnprjeb47283
CJOHNSTONI_LOCUS1776,rna-CJOHNSTONI_LOCUS1776,242,protein_coding,,Cercopithifilaria johnstoni (PRJEB47283),protein_coding,cejohnprjeb47283
CJOHNSTONI_LOCUS6451,rna-CJOHNSTONI_LOCUS6451,179,protein_coding,Luc7-like protein 3  [Source:UniProtKB/TrEMBL;Acc:A0A8J2PUR0],Cercopithifilaria johnstoni (PRJEB47283),protein_coding,cejohnprjeb47283
CJOHNSTONI_LOCUS4992,rna-CJOHNSTONI_LOCUS4992,205,protein_coding,Headcase domain-containing protein  [Source:UniProtKB/TrEMBL;Acc:A0A8J2M6J6],Cercopithifilaria johnstoni (PRJEB47283),protein_coding,cejohnprjeb47283
CJOHNSTONI_LOCUS1078,rna-CJOHNSTONI_LOCUS1078,209,protein_coding,HECT domain-containing protein  [Source:UniProtKB/TrEMBL;Acc:A0A8J2Q0F3],Cercopithifilaria johnstoni (PRJEB47283),protein_coding,cejohnprjeb47283
CJOHNSTONI_LOCUS7052,rna-CJOHNSTONI_LOCUS7052,179,protein_coding,UBC core domain-containing protein  [Source:UniProtKB/TrEMBL;Acc:A0A8J2Q5M2],Cercopithifilaria johnstoni (PRJEB47283),protein_coding,cejohnprjeb47283
CJOHNSTONI_LOCUS5130,rna-CJOHNSTONI_LOCUS5130,425,protein_coding,RNA helicase  [Source:UniProtKB/TrEMBL;Acc:A0A8J2LXI3],Cercopithifilaria johnstoni (PRJEB47283),protein_coding,cejohnprjeb47283
CJOHNSTONI_LOCUS3094,rna-CJOHNSTONI_LOCUS3094,369,protein_coding,Group-specific protein  [Source:UniProtKB/TrEMBL;Acc:A0A8J2LQG6],Cercopithifilaria johnstoni (PRJEB47283),protein_coding,cejohnprjeb47283
CJOHNSTONI_LOCUS1252,rna-CJOHNSTONI_LOCUS1252,227,protein_coding,Collagen-like protein  [Source:UniProtKB/TrEMBL;Acc:A0A8J2MJJ3],Cercopithifilaria johnstoni (PRJEB47283),protein_coding,cejohnprjeb47283
CJOHNSTONI_LOCUS1141,rna-CJOHNSTONI_LOCUS1141,221,protein_coding,Protein lin-7 homolog  [Source:UniProtKB/TrEMBL;Acc:A0A8J2LVD0],Cercopithifilaria johnstoni (PRJEB47283),protein_coding,cejohnprjeb47283
CJOHNSTONI_LOCUS8812,rna-CJOHNSTONI_LOCUS8812,195,protein_coding,RNA-splicing ligase RtcB homolog  [Source:UniProtKB/TrEMBL;Acc:A0A8J2M3K2],Cercopithifilaria johnstoni (PRJEB47283),protein_coding,cejohnprjeb47283
CJOHNSTONI_LOCUS2580,rna-CJOHNSTONI_LOCUS2580,89,protein_coding,Phosphoenolpyruvate synthase  [Source:UniProtKB/TrEMBL;Acc:A0A8J2PRF2],Cercopithifilaria johnstoni (PRJEB47283),protein_coding,cejohnprjeb47283
CJOHNSTONI_LOCUS3198,rna-CJOHNSTONI_LOCUS3198,256,protein_coding,FSA_C domain-containing protein  [Source:UniProtKB/TrEMBL;Acc:A0A8J2MLQ5],Cercopithifilaria johnstoni (PRJEB47283),protein_coding,cejohnprjeb47283
CJOHNSTONI_LOCUS9739,rna-CJOHNSTONI_LOCUS9739,250,protein_coding,,Cercopithifilaria johnstoni (PRJEB47283),protein_coding,cejohnprjeb47283
CJOHNSTONI_LOCUS7824,rna-CJOHNSTONI_LOCUS7824,208,protein_coding,Sm domain-containing protein  [Source:UniProtKB/TrEMBL;Acc:A0A8J2M2L5],Cercopithifilaria johnstoni (PRJEB47283),protein_coding,cejohnprjeb47283
CJOHNSTONI_LOCUS4423,rna-CJOHNSTONI_LOCUS4423,122,protein_coding,,Cercopithifilaria johnstoni (PRJEB47283),protein_coding,cejohnprjeb47283
CJOHNSTONI_LOCUS3432,rna-CJOHNSTONI_LOCUS3432,272,protein_coding,Alpha-catulin  [Source:UniProtKB/TrEMBL;Acc:A0A8J2MLX7],Cercopithifilaria johnstoni (PRJEB47283),protein_coding,cejohnprjeb47283
CJOHNSTONI_LOCUS5732,rna-CJOHNSTONI_LOCUS5732,112,protein_coding,Transmembrane protein 107  [Source:UniProtKB/TrEMBL;Acc:A0A8J2Q4K1],Cercopithifilaria johnstoni (PRJEB47283),protein_coding,cejohnprjeb47283
CJOHNSTONI_LOCUS3511,rna-CJOHNSTONI_LOCUS3511,218,protein_coding,histidine--tRNA ligase  [Source:UniProtKB/TrEMBL;Acc:A0A8J2LRA3],Cercopithifilaria johnstoni (PRJEB47283),protein_coding,cejohnprjeb47283
CJOHNSTONI_LOCUS4469,rna-CJOHNSTONI_LOCUS4469,131,protein_coding,,Cercopithifilaria johnstoni (PRJEB47283),protein_coding,cejohnprjeb47283
CJOHNSTONI_LOCUS849,rna-CJOHNSTONI_LOCUS849,236,protein_coding,FIT family protein  [Source:UniProtKB/TrEMBL;Acc:A0A8J2MIR3],Cercopithifilaria johnstoni (PRJEB47283),protein_coding,cejohnprjeb47283
CJOHNSTONI_LOCUS2465,rna-CJOHNSTONI_LOCUS2465,266,protein_coding,J domain-containing protein  [Source:UniProtKB/TrEMBL;Acc:A0A8J2LZT9],Cercopithifilaria johnstoni (PRJEB47283),protein_coding,cejohnprjeb47283
CJOHNSTONI_LOCUS8454,rna-CJOHNSTONI_LOCUS8454,187,protein_coding,Gamma-tubulin complex component  [Source:UniProtKB/TrEMBL;Acc:A0A8J2MSX2],Cercopithifilaria johnstoni (PRJEB47283),protein_coding,cejohnprjeb47283
CJOHNSTONI_LOCUS4923,rna-CJOHNSTONI_LOCUS4923,209,protein_coding,Nuclear transcription factor Y subunit  [Source:UniProtKB/TrEMBL;Acc:A0A8J2LX19],Cercopithifilaria johnstoni (PRJEB47283),protein_coding,cejohnprjeb47283
CJOHNSTONI_LOCUS3765,rna-CJOHNSTONI_LOCUS3765,182,protein_coding,,Cercopithifilaria johnstoni (PRJEB47283),protein_coding,cejohnprjeb47283
CJOHNSTONI_LOCUS6159,rna-CJOHNSTONI_LOCUS6159,349,protein_coding,Gustatory receptor  [Source:UniProtKB/TrEMBL;Acc:A0A8J2M5B1],Cercopithifilaria johnstoni (PRJEB47283),protein_coding,cejohnprjeb47283
CJOHNSTONI_LOCUS7024,rna-CJOHNSTONI_LOCUS7024,262,protein_coding,Aromatic-L-amino-acid decarboxylase  [Source:UniProtKB/TrEMBL;Acc:A0A8J2Q5L7],Cercopithifilaria johnstoni (PRJEB47283),protein_coding,cejohnprjeb47283
CJOHNSTONI_LOCUS5068,rna-CJOHNSTONI_LOCUS5068,262,protein_coding,Secreted protein  [Source:UniProtKB/TrEMBL;Acc:A0A8J2Q789],Cercopithifilaria johnstoni (PRJEB47283),protein_coding,cejohnprjeb47283
CJOHNSTONI_LOCUS5817,rna-CJOHNSTONI_LOCUS5817,235,protein_coding,Hydrolase_4 domain-containing protein  [Source:UniProtKB/TrEMBL;Acc:A0A8J2Q4M3],Cercopithifilaria johnstoni (PRJEB47283),protein_coding,cejohnprjeb47283
CJOHNSTONI_LOCUS3374,rna-CJOHNSTONI_LOCUS3374,183,protein_coding,,Cercopithifilaria johnstoni (PRJEB47283),protein_coding,cejohnprjeb47283
CJOHNSTONI_LOCUS6733,rna-CJOHNSTONI_LOCUS6733,274,protein_coding,Rod_C domain-containing protein  [Source:UniProtKB/TrEMBL;Acc:A0A8J2M836],Cercopithifilaria johnstoni (PRJEB47283),protein_coding,cejohnprjeb47283
CJOHNSTONI_LOCUS6868,rna-CJOHNSTONI_LOCUS6868,310,protein_coding,LEM domain-containing protein  [Source:UniProtKB/TrEMBL;Acc:A0A8J2MQT9],Cercopithifilaria johnstoni (PRJEB47283),protein_coding,cejohnprjeb47283
CJOHNSTONI_LOCUS9737,rna-CJOHNSTONI_LOCUS9737,260,protein_coding,Secreted protein  [Source:UniProtKB/TrEMBL;Acc:A0A8J2Q9B0],Cercopithifilaria johnstoni (PRJEB47283),protein_coding,cejohnprjeb47283
CJOHNSTONI_LOCUS130,rna-CJOHNSTONI_LOCUS130,258,protein_coding,"28S ribosomal protein S18-2, mitochondrial  [Source:UniProtKB/TrEMBL;Acc:A0A8J2LTI1]",Cercopithifilaria johnstoni (PRJEB47283),protein_coding,cejohnprjeb47283
CJOHNSTONI_LOCUS7353,rna-CJOHNSTONI_LOCUS7353,232,protein_coding,HCO3_cotransp domain-containing protein  [Source:UniProtKB/TrEMBL;Acc:A0A8J2MRI0],Cercopithifilaria johnstoni (PRJEB47283),protein_coding,cejohnprjeb47283
CJOHNSTONI_LOCUS2902,rna-CJOHNSTONI_LOCUS2902,419,protein_coding,Caveolin  [Source:UniProtKB/TrEMBL;Acc:A0A8J2LSS2],Cercopithifilaria johnstoni (PRJEB47283),protein_coding,cejohnprjeb47283
CJOHNSTONI_LOCUS3327,rna-CJOHNSTONI_LOCUS3327,281,protein_coding,,Cercopithifilaria johnstoni (PRJEB47283),protein_coding,cejohnprjeb47283
CJOHNSTONI_LOCUS6999,rna-CJOHNSTONI_LOCUS6999,231,protein_coding,Ligand-gated ion channel 50  [Source:UniProtKB/TrEMBL;Acc:A0A8J2QAL2],Cercopithifilaria johnstoni (PRJEB47283),protein_coding,cejohnprjeb47283
CJOHNSTONI_LOCUS3550,rna-CJOHNSTONI_LOCUS3550,230,protein_coding,Innexin  [Source:UniProtKB/TrEMBL;Acc:A0A8J2LRC8],Cercopithifilaria johnstoni (PRJEB47283),protein_coding,cejohnprjeb47283
CJOHNSTONI_LOCUS3295,rna-CJOHNSTONI_LOCUS3295,208,protein_coding,ZP domain-containing protein  [Source:UniProtKB/TrEMBL;Acc:A0A8J2M3Q9],Cercopithifilaria johnstoni (PRJEB47283),protein_coding,cejohnprjeb47283
CJOHNSTONI_LOCUS4695,rna-CJOHNSTONI_LOCUS4695,198,protein_coding,Mediator of RNA polymerase II transcription subunit 18  [Source:UniProtKB/TrEMBL;Acc:A0A8J2MNA2],Cercopithifilaria johnstoni (PRJEB47283),protein_coding,cejohnprjeb47283
CJOHNSTONI_LOCUS7092,rna-CJOHNSTONI_LOCUS7092,192,protein_coding,Ig-like domain-containing protein  [Source:UniProtKB/TrEMBL;Acc:A0A8J2Q234],Cercopithifilaria johnstoni (PRJEB47283),protein_coding,cejohnprjeb47283
CJOHNSTONI_LOCUS6684,rna-CJOHNSTONI_LOCUS6684,191,protein_coding,"Methionine--tRNA ligase, mitochondrial  [Source:UniProtKB/TrEMBL;Acc:A0A8J2PUY2]",Cercopithifilaria johnstoni (PRJEB47283),protein_coding,cejohnprjeb47283
CJOHNSTONI_LOCUS4336,rna-CJOHNSTONI_LOCUS4336,259,protein_coding,Ubiquitin-like domain-containing protein  [Source:UniProtKB/TrEMBL;Acc:A0A8J2Q6U4],Cercopithifilaria johnstoni (PRJEB47283),protein_coding,cejohnprjeb47283
CJOHNSTONI_LOCUS9414,rna-CJOHNSTONI_LOCUS9414,185,protein_coding,60S acidic ribosomal protein P1  [Source:UniProtKB/TrEMBL;Acc:A0A8J2MDU6],Cercopithifilaria johnstoni (PRJEB47283),protein_coding,cejohnprjeb47283
CJOHNSTONI_LOCUS10505,rna-CJOHNSTONI_LOCUS10505,785,protein_coding,Gastrula zinc finger protein XlCGF7.1-like  [Source:UniProtKB/TrEMBL;Acc:A0A8J2MFK3],Cercopithifilaria johnstoni (PRJEB47283),protein_coding,cejohnprjeb47283
CJOHNSTONI_LOCUS1905,rna-CJOHNSTONI_LOCUS1905,221,protein_coding,AP complex subunit beta  [Source:UniProtKB/TrEMBL;Acc:A0A8J2LNP0],Cercopithifilaria johnstoni (PRJEB47283),protein_coding,cejohnprjeb47283
CJOHNSTONI_LOCUS3488,rna-CJOHNSTONI_LOCUS3488,180,protein_coding,RNase NYN domain-containing protein  [Source:UniProtKB/TrEMBL;Acc:A0A8J2M433],Cercopithifilaria johnstoni (PRJEB47283),protein_coding,cejohnprjeb47283
CJOHNSTONI_LOCUS4406,rna-CJOHNSTONI_LOCUS4406,289,protein_coding,Cyclic nucleotide-binding domain-containing protein  [Source:UniProtKB/TrEMBL;Acc:A0A8J2PSY7],Cercopithifilaria johnstoni (PRJEB47283),protein_coding,cejohnprjeb47283
CJOHNSTONI_LOCUS6599,rna-CJOHNSTONI_LOCUS6599,196,protein_coding,,Cercopithifilaria johnstoni (PRJEB47283),protein_coding,cejohnprjeb47283
CJOHNSTONI_LOCUS10384,rna-CJOHNSTONI_LOCUS10384,179,protein_coding,RECA_2 domain-containing protein  [Source:UniProtKB/TrEMBL;Acc:A0A8J2Q4P2],Cercopithifilaria johnstoni (PRJEB47283),protein_coding,cejohnprjeb47283
CJOHNSTONI_LOCUS1972,rna-CJOHNSTONI_LOCUS1972,290,protein_coding,,Cercopithifilaria johnstoni (PRJEB47283),protein_coding,cejohnprjeb47283
CJOHNSTONI_LOCUS9978,rna-CJOHNSTONI_LOCUS9978,177,protein_coding,G-patch domain-containing protein  [Source:UniProtKB/TrEMBL;Acc:A0A8J2MGK6],Cercopithifilaria johnstoni (PRJEB47283),protein_coding,cejohnprjeb47283
CJOHNSTONI_LOCUS6028,rna-CJOHNSTONI_LOCUS6028,213,protein_coding,,Cercopithifilaria johnstoni (PRJEB47283),protein_coding,cejohnprjeb47283
CJOHNSTONI_LOCUS2130,rna-CJOHNSTONI_LOCUS2130,128,protein_coding,Collagen triple helix repeat protein  [Source:UniProtKB/TrEMBL;Acc:A0A8J2MKJ6],Cercopithifilaria johnstoni (PRJEB47283),protein_coding,cejohnprjeb47283
CJOHNSTONI_LOCUS10552,rna-CJOHNSTONI_LOCUS10552,344,protein_coding,,Cercopithifilaria johnstoni (PRJEB47283),protein_coding,cejohnprjeb47283
CJOHNSTONI_LOCUS3684,rna-CJOHNSTONI_LOCUS3684,345,protein_coding,SEC7 domain-containing protein  [Source:UniProtKB/TrEMBL;Acc:A0A8J2M227],Cercopithifilaria johnstoni (PRJEB47283),protein_coding,cejohnprjeb47283
CJOHNSTONI_LOCUS3255,rna-CJOHNSTONI_LOCUS3255,189,protein_coding,,Cercopithifilaria johnstoni (PRJEB47283),protein_coding,cejohnprjeb47283
CJOHNSTONI_LOCUS8605,rna-CJOHNSTONI_LOCUS8605,277,protein_coding,,Cercopithifilaria johnstoni (PRJEB47283),protein_coding,cejohnprjeb47283
CJOHNSTONI_LOCUS6177,rna-CJOHNSTONI_LOCUS6177,238,protein_coding,Guanine nucleotide exchange factor MSS4  [Source:UniProtKB/TrEMBL;Acc:A0A8J2M6J3],Cercopithifilaria johnstoni (PRJEB47283),protein_coding,cejohnprjeb47283
CJOHNSTONI_LOCUS4006,rna-CJOHNSTONI_LOCUS4006,225,protein_coding,Protein Wnt  [Source:UniProtKB/TrEMBL;Acc:A0A8J2PSN2],Cercopithifilaria johnstoni (PRJEB47283),protein_coding,cejohnprjeb47283
CJOHNSTONI_LOCUS6938,rna-CJOHNSTONI_LOCUS6938,222,protein_coding,TFIIS N-terminal domain-containing protein  [Source:UniProtKB/TrEMBL;Acc:A0A8J2MR07],Cercopithifilaria johnstoni (PRJEB47283),protein_coding,cejohnprjeb47283
CJOHNSTONI_LOCUS7417,rna-CJOHNSTONI_LOCUS7417,204,protein_coding,DNA-binding protein  [Source:UniProtKB/TrEMBL;Acc:A0A8J2MRJ5],Cercopithifilaria johnstoni (PRJEB47283),protein_coding,cejohnprjeb47283
CJOHNSTONI_LOCUS7397,rna-CJOHNSTONI_LOCUS7397,171,protein_coding,60S ribosomal protein L27  [Source:UniProtKB/TrEMBL;Acc:A0A8J2PW11],Cercopithifilaria johnstoni (PRJEB47283),protein_coding,cejohnprjeb47283
CJOHNSTONI_LOCUS868,rna-CJOHNSTONI_LOCUS868,239,protein_coding,ABC transmembrane type-1 domain-containing protein  [Source:UniProtKB/TrEMBL;Acc:A0A8J2PPW6],Cercopithifilaria johnstoni (PRJEB47283),protein_coding,cejohnprjeb47283
CJOHNSTONI_LOCUS5922,rna-CJOHNSTONI_LOCUS5922,194,protein_coding,Ground-like domain-containing protein  [Source:UniProtKB/TrEMBL;Acc:A0A8J2QAD3],Cercopithifilaria johnstoni (PRJEB47283),protein_coding,cejohnprjeb47283
CJOHNSTONI_LOCUS3474,rna-CJOHNSTONI_LOCUS3474,173,protein_coding,,Cercopithifilaria johnstoni (PRJEB47283),protein_coding,cejohnprjeb47283
CJOHNSTONI_LOCUS8728,rna-CJOHNSTONI_LOCUS8728,184,protein_coding,Centrin  [Source:UniProtKB/TrEMBL;Acc:A0A8J2Q8W2],Cercopithifilaria johnstoni (PRJEB47283),protein_coding,cejohnprjeb47283
CJOHNSTONI_LOCUS5003,rna-CJOHNSTONI_LOCUS5003,162,protein_coding,Neuropeptide-Like Protein  [Source:UniProtKB/TrEMBL;Acc:A0A8J2LXA6],Cercopithifilaria johnstoni (PRJEB47283),protein_coding,cejohnprjeb47283
CJOHNSTONI_LOCUS5947,rna-CJOHNSTONI_LOCUS5947,212,protein_coding,Helicase POLQ-like  [Source:UniProtKB/TrEMBL;Acc:A0A8J2M5V5],Cercopithifilaria johnstoni (PRJEB47283),protein_coding,cejohnprjeb47283
CJOHNSTONI_LOCUS759,rna-CJOHNSTONI_LOCUS759,416,protein_coding,Zinc finger protein  [Source:UniProtKB/TrEMBL;Acc:A0A8J2Q055],Cercopithifilaria johnstoni (PRJEB47283),protein_coding,cejohnprjeb47283
CJOHNSTONI_LOCUS9890,rna-CJOHNSTONI_LOCUS9890,230,protein_coding,,Cercopithifilaria johnstoni (PRJEB47283),protein_coding,cejohnprjeb47283
CJOHNSTONI_LOCUS8091,rna-CJOHNSTONI_LOCUS8091,230,protein_coding,Protein kinase domain-containing protein  [Source:UniProtKB/TrEMBL;Acc:A0A8J2Q692],Cercopithifilaria johnstoni (PRJEB47283),protein_coding,cejohnprjeb47283
CJOHNSTONI_LOCUS9577,rna-CJOHNSTONI_LOCUS9577,259,protein_coding,60S ribosomal protein L7a  [Source:UniProtKB/TrEMBL;Acc:A0A8J2MCE0],Cercopithifilaria johnstoni (PRJEB47283),protein_coding,cejohnprjeb47283
CJOHNSTONI_LOCUS6313,rna-CJOHNSTONI_LOCUS6313,236,protein_coding,C-type lectin domain-containing protein  [Source:UniProtKB/TrEMBL;Acc:A0A8J2M755],Cercopithifilaria johnstoni (PRJEB47283),protein_coding,cejohnprjeb47283
CJOHNSTONI_LOCUS1943,rna-CJOHNSTONI_LOCUS1943,169,protein_coding,SH2 domain-containing protein  [Source:UniProtKB/TrEMBL;Acc:A0A8J2Q157],Cercopithifilaria johnstoni (PRJEB47283),protein_coding,cejohnprjeb47283
CJOHNSTONI_LOCUS1480,rna-CJOHNSTONI_LOCUS1480,206,protein_coding,TPR_REGION domain-containing protein  [Source:UniProtKB/TrEMBL;Acc:A0A8J2LY14],Cercopithifilaria johnstoni (PRJEB47283),protein_coding,cejohnprjeb47283
CJOHNSTONI_LOCUS1112,rna-CJOHNSTONI_LOCUS1112,356,protein_coding,G_PROTEIN_RECEP_F1_2 domain-containing protein  [Source:UniProtKB/TrEMBL;Acc:A0A8J2MIH4],Cercopithifilaria johnstoni (PRJEB47283),protein_coding,cejohnprjeb47283
CJOHNSTONI_LOCUS456,rna-CJOHNSTONI_LOCUS456,154,protein_coding,BTB domain-containing protein  [Source:UniProtKB/TrEMBL;Acc:A0A8J2LN96],Cercopithifilaria johnstoni (PRJEB47283),protein_coding,cejohnprjeb47283
CJOHNSTONI_LOCUS1425,rna-CJOHNSTONI_LOCUS1425,236,protein_coding,BTB domain-containing protein  [Source:UniProtKB/TrEMBL;Acc:A0A8J2LXE6],Cercopithifilaria johnstoni (PRJEB47283),protein_coding,cejohnprjeb47283
CJOHNSTONI_LOCUS7247,rna-CJOHNSTONI_LOCUS7247,268,protein_coding,Sec15 domain-containing protein  [Source:UniProtKB/TrEMBL;Acc:A0A8J2M8N4],Cercopithifilaria johnstoni (PRJEB47283),protein_coding,cejohnprjeb47283
CJOHNSTONI_LOCUS5866,rna-CJOHNSTONI_LOCUS5866,215,protein_coding,Mothers against decapentaplegic homolog  [Source:UniProtKB/TrEMBL;Acc:A0A8J2Q7P3],Cercopithifilaria johnstoni (PRJEB47283),protein_coding,cejohnprjeb47283
CJOHNSTONI_LOCUS7862,rna-CJOHNSTONI_LOCUS7862,194,protein_coding,SH3 domain-containing protein  [Source:UniProtKB/TrEMBL;Acc:A0A8J2Q653],Cercopithifilaria johnstoni (PRJEB47283),protein_coding,cejohnprjeb47283
CJOHNSTONI_LOCUS9331,rna-CJOHNSTONI_LOCUS9331,194,protein_coding,Major sperm protein  [Source:UniProtKB/TrEMBL;Acc:A0A8J2MDP3],Cercopithifilaria johnstoni (PRJEB47283),protein_coding,cejohnprjeb47283
CJOHNSTONI_LOCUS10184,rna-CJOHNSTONI_LOCUS10184,192,protein_coding,,Cercopithifilaria johnstoni (PRJEB47283),protein_coding,cejohnprjeb47283
CJOHNSTONI_LOCUS2448,rna-CJOHNSTONI_LOCUS2448,126,protein_coding,Transcriptional regulator  [Source:UniProtKB/TrEMBL;Acc:A0A8J2LXL8],Cercopithifilaria johnstoni (PRJEB47283),protein_coding,cejohnprjeb47283
CJOHNSTONI_LOCUS3415,rna-CJOHNSTONI_LOCUS3415,306,protein_coding,FAM178 domain-containing protein  [Source:UniProtKB/TrEMBL;Acc:A0A8J2LQZ0],Cercopithifilaria johnstoni (PRJEB47283),protein_coding,cejohnprjeb47283
CJOHNSTONI_LOCUS3599,rna-CJOHNSTONI_LOCUS3599,740,protein_coding,Conserved oligomeric Golgi complex subunit 5  [Source:UniProtKB/TrEMBL;Acc:A0A8J2M1Y1],Cercopithifilaria johnstoni (PRJEB47283),protein_coding,cejohnprjeb47283
CJOHNSTONI_LOCUS3015,rna-CJOHNSTONI_LOCUS3015,269,protein_coding,SSD domain-containing protein  [Source:UniProtKB/TrEMBL;Acc:A0A8J2MLJ3],Cercopithifilaria johnstoni (PRJEB47283),protein_coding,cejohnprjeb47283
CJOHNSTONI_LOCUS8670,rna-CJOHNSTONI_LOCUS8670,209,protein_coding,G_PROTEIN_RECEP_F1_2 domain-containing protein  [Source:UniProtKB/TrEMBL;Acc:A0A8J2MCJ2],Cercopithifilaria johnstoni (PRJEB47283),protein_coding,cejohnprjeb47283
CJOHNSTONI_LOCUS3932,rna-CJOHNSTONI_LOCUS3932,216,protein_coding,G_PROTEIN_RECEP_F1_2 domain-containing protein  [Source:UniProtKB/TrEMBL;Acc:A0A8J2M4W9],Cercopithifilaria johnstoni (PRJEB47283),protein_coding,cejohnprjeb47283
CJOHNSTONI_LOCUS40,rna-CJOHNSTONI_LOCUS40,195,protein_coding,Exocyst complex component 5  [Source:UniProtKB/TrEMBL;Acc:A0A8J2LMJ1],Cercopithifilaria johnstoni (PRJEB47283),protein_coding,cejohnprjeb47283
CJOHNSTONI_LOCUS4950,rna-CJOHNSTONI_LOCUS4950,224,protein_coding,Protein kinase domain-containing protein  [Source:UniProtKB/TrEMBL;Acc:A0A8J2M304],Cercopithifilaria johnstoni (PRJEB47283),protein_coding,cejohnprjeb47283
CJOHNSTONI_LOCUS3417,rna-CJOHNSTONI_LOCUS3417,200,protein_coding,Glutathione peroxidase  [Source:UniProtKB/TrEMBL;Acc:A0A8J2MLE3],Cercopithifilaria johnstoni (PRJEB47283),protein_coding,cejohnprjeb47283
CJOHNSTONI_LOCUS2449,rna-CJOHNSTONI_LOCUS2449,188,protein_coding,Ricin B-type lectin domain-containing protein  [Source:UniProtKB/TrEMBL;Acc:A0A8J2LZE4],Cercopithifilaria johnstoni (PRJEB47283),protein_coding,cejohnprjeb47283
CJOHNSTONI_LOCUS8267,rna-CJOHNSTONI_LOCUS8267,182,protein_coding,Zinc transporter ZIP3  [Source:UniProtKB/TrEMBL;Acc:A0A8J2MBM7],Cercopithifilaria johnstoni (PRJEB47283),protein_coding,cejohnprjeb47283
CJOHNSTONI_LOCUS8181,rna-CJOHNSTONI_LOCUS8181,227,protein_coding,DnaJ subfamily A member 2  [Source:UniProtKB/TrEMBL;Acc:A0A8J2MSL5],Cercopithifilaria johnstoni (PRJEB47283),protein_coding,cejohnprjeb47283
CJOHNSTONI_LOCUS2441,rna-CJOHNSTONI_LOCUS2441,172,protein_coding,ANK_REP_REGION domain-containing protein  [Source:UniProtKB/TrEMBL;Acc:A0A8J2LRV5],Cercopithifilaria johnstoni (PRJEB47283),protein_coding,cejohnprjeb47283
CJOHNSTONI_LOCUS7215,rna-CJOHNSTONI_LOCUS7215,179,protein_coding,Nucleoporin NDC1  [Source:UniProtKB/TrEMBL;Acc:A0A8J2M7I7],Cercopithifilaria johnstoni (PRJEB47283),protein_coding,cejohnprjeb47283
CJOHNSTONI_LOCUS5702,rna-CJOHNSTONI_LOCUS5702,1353,protein_coding,,Cercopithifilaria johnstoni (PRJEB47283),protein_coding,cejohnprjeb47283
CJOHNSTONI_LOCUS4153,rna-CJOHNSTONI_LOCUS4153,182,protein_coding,Homeobox domain-containing protein  [Source:UniProtKB/TrEMBL;Acc:A0A8J2LSM1],Cercopithifilaria johnstoni (PRJEB47283),protein_coding,cejohnprjeb47283
CJOHNSTONI_LOCUS2739,rna-CJOHNSTONI_LOCUS2739,155,protein_coding,peptidylprolyl isomerase  [Source:UniProtKB/TrEMBL;Acc:A0A8J2M0A0],Cercopithifilaria johnstoni (PRJEB47283),protein_coding,cejohnprjeb47283
CJOHNSTONI_LOCUS201,rna-CJOHNSTONI_LOCUS201,300,protein_coding,CST complex subunit CTC1  [Source:UniProtKB/TrEMBL;Acc:A0A8J2LV73],Cercopithifilaria johnstoni (PRJEB47283),protein_coding,cejohnprjeb47283
CJOHNSTONI_LOCUS8014,rna-CJOHNSTONI_LOCUS8014,346,protein_coding,Peptidase_M14 domain-containing protein  [Source:UniProtKB/TrEMBL;Acc:A0A8J2MS64],Cercopithifilaria johnstoni (PRJEB47283),protein_coding,cejohnprjeb47283
CJOHNSTONI_LOCUS3049,rna-CJOHNSTONI_LOCUS3049,227,protein_coding,Tyrosine-protein kinase receptor  [Source:UniProtKB/TrEMBL;Acc:A0A8J2M0N1],Cercopithifilaria johnstoni (PRJEB47283),protein_coding,cejohnprjeb47283
CJOHNSTONI_LOCUS1995,rna-CJOHNSTONI_LOCUS1995,146,protein_coding,PHD finger protein 10  [Source:UniProtKB/TrEMBL;Acc:A0A8J2PX30],Cercopithifilaria johnstoni (PRJEB47283),protein_coding,cejohnprjeb47283
CJOHNSTONI_LOCUS7313,rna-CJOHNSTONI_LOCUS7313,404,protein_coding,Tudor domain-containing protein  [Source:UniProtKB/TrEMBL;Acc:A0A8J2M9J7],Cercopithifilaria johnstoni (PRJEB47283),protein_coding,cejohnprjeb47283
CJOHNSTONI_LOCUS2214,rna-CJOHNSTONI_LOCUS2214,271,protein_coding,SLBP_RNA_bind domain-containing protein  [Source:UniProtKB/TrEMBL;Acc:A0A8J2MKM9],Cercopithifilaria johnstoni (PRJEB47283),protein_coding,cejohnprjeb47283
CJOHNSTONI_LOCUS5027,rna-CJOHNSTONI_LOCUS5027,198,protein_coding,Secreted protein  [Source:UniProtKB/TrEMBL;Acc:A0A8J2PTI7],Cercopithifilaria johnstoni (PRJEB47283),protein_coding,cejohnprjeb47283
CJOHNSTONI_LOCUS2898,rna-CJOHNSTONI_LOCUS2898,365,protein_coding,Procollagen-proline 3-dioxygenase  [Source:UniProtKB/TrEMBL;Acc:A0A8J2Q238],Cercopithifilaria johnstoni (PRJEB47283),protein_coding,cejohnprjeb47283
CJOHNSTONI_LOCUS10339,rna-CJOHNSTONI_LOCUS10339,335,protein_coding,,Cercopithifilaria johnstoni (PRJEB47283),protein_coding,cejohnprjeb47283
CJOHNSTONI_LOCUS4403,rna-CJOHNSTONI_LOCUS4403,291,protein_coding,Matrin-type domain-containing protein  [Source:UniProtKB/TrEMBL;Acc:A0A8J2M2R8],Cercopithifilaria johnstoni (PRJEB47283),protein_coding,cejohnprjeb47283
CJOHNSTONI_LOCUS5472,rna-CJOHNSTONI_LOCUS5472-3,300,protein_coding,DUF2428 domain-containing protein  [Source:UniProtKB/TrEMBL;Acc:A0A8J2M5J6],Cercopithifilaria johnstoni (PRJEB47283),protein_coding,cejohnprjeb47283
CJOHNSTONI_LOCUS6289,rna-CJOHNSTONI_LOCUS6289,268,protein_coding,Soluble calcium-activated nucleotidase 1  [Source:UniProtKB/TrEMBL;Acc:A0A8J2PUK9],Cercopithifilaria johnstoni (PRJEB47283),protein_coding,cejohnprjeb47283
CJOHNSTONI_LOCUS289,rna-CJOHNSTONI_LOCUS289,200,protein_coding,ABC transmembrane type-1 domain-containing protein  [Source:UniProtKB/TrEMBL;Acc:A0A8J2PPG2],Cercopithifilaria johnstoni (PRJEB47283),protein_coding,cejohnprjeb47283
CJOHNSTONI_LOCUS4738,rna-CJOHNSTONI_LOCUS4738,103,protein_coding,Ribosomal protein L33  [Source:UniProtKB/TrEMBL;Acc:A0A8J2M3R9],Cercopithifilaria johnstoni (PRJEB47283),protein_coding,cejohnprjeb47283
CJOHNSTONI_LOCUS4832,rna-CJOHNSTONI_LOCUS4832,406,protein_coding,,Cercopithifilaria johnstoni (PRJEB47283),protein_coding,cejohnprjeb47283
CJOHNSTONI_LOCUS10268,rna-CJOHNSTONI_LOCUS10268,141,protein_coding,Transthyretin-like family protein  [Source:UniProtKB/TrEMBL;Acc:A0A8J2MDB4],Cercopithifilaria johnstoni (PRJEB47283),protein_coding,cejohnprjeb47283
CJOHNSTONI_LOCUS2238,rna-CJOHNSTONI_LOCUS2238,195,protein_coding,Amino acid permease  [Source:UniProtKB/TrEMBL;Acc:A0A8J2Q921],Cercopithifilaria johnstoni (PRJEB47283),protein_coding,cejohnprjeb47283
CJOHNSTONI_LOCUS8493,rna-CJOHNSTONI_LOCUS8493,192,protein_coding,Cyclin-H  [Source:UniProtKB/TrEMBL;Acc:A0A8J2QAX2],Cercopithifilaria johnstoni (PRJEB47283),protein_coding,cejohnprjeb47283
CJOHNSTONI_LOCUS4521,rna-CJOHNSTONI_LOCUS4521,281,protein_coding,PAS domain-containing protein  [Source:UniProtKB/TrEMBL;Acc:A0A8J2Q9Z6],Cercopithifilaria johnstoni (PRJEB47283),protein_coding,cejohnprjeb47283
CJOHNSTONI_LOCUS7154,rna-CJOHNSTONI_LOCUS7154,787,protein_coding,PDZ domain-containing protein  [Source:UniProtKB/TrEMBL;Acc:A0A8J2M7W7],Cercopithifilaria johnstoni (PRJEB47283),protein_coding,cejohnprjeb47283
CJOHNSTONI_LOCUS6093,rna-CJOHNSTONI_LOCUS6093,134,protein_coding,J domain-containing protein  [Source:UniProtKB/TrEMBL;Acc:A0A8J2M537],Cercopithifilaria johnstoni (PRJEB47283),protein_coding,cejohnprjeb47283
CJOHNSTONI_LOCUS6346,rna-CJOHNSTONI_LOCUS6346,338,protein_coding,Ras-GAP domain-containing protein  [Source:UniProtKB/TrEMBL;Acc:A0A8J2LZX9],Cercopithifilaria johnstoni (PRJEB47283),protein_coding,cejohnprjeb47283
CJOHNSTONI_LOCUS5292,rna-CJOHNSTONI_LOCUS5292,285,protein_coding,Ubiquitinyl hydrolase 1  [Source:UniProtKB/TrEMBL;Acc:A0A8J2M4T6],Cercopithifilaria johnstoni (PRJEB47283),protein_coding,cejohnprjeb47283
CJOHNSTONI_LOCUS2662,rna-CJOHNSTONI_LOCUS2662,257,protein_coding,ORC3_N domain-containing protein  [Source:UniProtKB/TrEMBL;Acc:A0A8J2LYD3],Cercopithifilaria johnstoni (PRJEB47283),protein_coding,cejohnprjeb47283
CJOHNSTONI_LOCUS7597,rna-CJOHNSTONI_LOCUS7597,243,protein_coding,Neuroguidin  [Source:UniProtKB/TrEMBL;Acc:A0A8J2M1K6],Cercopithifilaria johnstoni (PRJEB47283),protein_coding,cejohnprjeb47283
CJOHNSTONI_LOCUS6123,rna-CJOHNSTONI_LOCUS6123,352,protein_coding,,Cercopithifilaria johnstoni (PRJEB47283),protein_coding,cejohnprjeb47283
CJOHNSTONI_LOCUS1781,rna-CJOHNSTONI_LOCUS1781,181,protein_coding,Partner of Y14 and mago  [Source:UniProtKB/TrEMBL;Acc:A0A8J2LNG4],Cercopithifilaria johnstoni (PRJEB47283),protein_coding,cejohnprjeb47283
CJOHNSTONI_LOCUS10036,rna-CJOHNSTONI_LOCUS10036,178,protein_coding,,Cercopithifilaria johnstoni (PRJEB47283),protein_coding,cejohnprjeb47283
CJOHNSTONI_LOCUS1359,rna-CJOHNSTONI_LOCUS1359,248,protein_coding,,Cercopithifilaria johnstoni (PRJEB47283),protein_coding,cejohnprjeb47283
CJOHNSTONI_LOCUS9190,rna-CJOHNSTONI_LOCUS9190,203,protein_coding,ANK_REP_REGION domain-containing protein  [Source:UniProtKB/TrEMBL;Acc:A0A8J2MDF7],Cercopithifilaria johnstoni (PRJEB47283),protein_coding,cejohnprjeb47283
CJOHNSTONI_LOCUS2983,rna-CJOHNSTONI_LOCUS2983,242,protein_coding,TAP42-like protein  [Source:UniProtKB/TrEMBL;Acc:A0A8J2Q9C6],Cercopithifilaria johnstoni (PRJEB47283),protein_coding,cejohnprjeb47283
CJOHNSTONI_LOCUS6551,rna-CJOHNSTONI_LOCUS6551,165,protein_coding,Meiotic nuclear division protein 1 homolog  [Source:UniProtKB/TrEMBL;Acc:A0A8J2Q1P4],Cercopithifilaria johnstoni (PRJEB47283),protein_coding,cejohnprjeb47283
CJOHNSTONI_LOCUS8134,rna-CJOHNSTONI_LOCUS8134,720,protein_coding,RUN domain-containing protein  [Source:UniProtKB/TrEMBL;Acc:A0A8J2Q2Y0],Cercopithifilaria johnstoni (PRJEB47283),protein_coding,cejohnprjeb47283
CJOHNSTONI_LOCUS10381,rna-CJOHNSTONI_LOCUS10381,263,protein_coding,WD_REPEATS_REGION domain-containing protein  [Source:UniProtKB/TrEMBL;Acc:A0A8J2Q9K5],Cercopithifilaria johnstoni (PRJEB47283),protein_coding,cejohnprjeb47283
CJOHNSTONI_LOCUS10213,rna-CJOHNSTONI_LOCUS10213,279,protein_coding,U-box domain-containing protein  [Source:UniProtKB/TrEMBL;Acc:A0A8J2MVJ9],Cercopithifilaria johnstoni (PRJEB47283),protein_coding,cejohnprjeb47283
CJOHNSTONI_LOCUS1939,rna-CJOHNSTONI_LOCUS1939,241,protein_coding,Histone H3  [Source:UniProtKB/TrEMBL;Acc:A0A8J2LWQ9],Cercopithifilaria johnstoni (PRJEB47283),protein_coding,cejohnprjeb47283
CJOHNSTONI_LOCUS1418,rna-CJOHNSTONI_LOCUS1418,263,protein_coding,WD_REPEATS_REGION domain-containing protein  [Source:UniProtKB/TrEMBL;Acc:A0A8J2LMV7],Cercopithifilaria johnstoni (PRJEB47283),protein_coding,cejohnprjeb47283
CJOHNSTONI_LOCUS822,rna-CJOHNSTONI_LOCUS822,402,protein_coding,RNA helicase  [Source:UniProtKB/TrEMBL;Acc:A0A8J2LUZ1],Cercopithifilaria johnstoni (PRJEB47283),protein_coding,cejohnprjeb47283
CJOHNSTONI_LOCUS3627,rna-CJOHNSTONI_LOCUS3627,205,protein_coding,t-SNARE coiled-coil homology domain-containing protein  [Source:UniProtKB/TrEMBL;Acc:A0A8J2M4C5],Cercopithifilaria johnstoni (PRJEB47283),protein_coding,cejohnprjeb47283
CJOHNSTONI_LOCUS9204,rna-CJOHNSTONI_LOCUS9204,200,protein_coding,Dirigent protein  [Source:UniProtKB/TrEMBL;Acc:A0A8J2MDS0],Cercopithifilaria johnstoni (PRJEB47283),protein_coding,cejohnprjeb47283
CJOHNSTONI_LOCUS7407,rna-CJOHNSTONI_LOCUS7407,197,protein_coding,,Cercopithifilaria johnstoni (PRJEB47283),protein_coding,cejohnprjeb47283
CJOHNSTONI_LOCUS5965,rna-CJOHNSTONI_LOCUS5965,225,protein_coding,Equilibrative nucleoside transporter  [Source:UniProtKB/TrEMBL;Acc:A0A8J2Q163],Cercopithifilaria johnstoni (PRJEB47283),protein_coding,cejohnprjeb47283
CJOHNSTONI_LOCUS9058,rna-CJOHNSTONI_LOCUS9058,200,protein_coding,Col_cuticle_N domain-containing protein  [Source:UniProtKB/TrEMBL;Acc:A0A8J2PXV6],Cercopithifilaria johnstoni (PRJEB47283),protein_coding,cejohnprjeb47283
CJOHNSTONI_LOCUS6282,rna-CJOHNSTONI_LOCUS6282,243,protein_coding,Rap-GAP domain-containing protein  [Source:UniProtKB/TrEMBL;Acc:A0A8J2MQ52],Cercopithifilaria johnstoni (PRJEB47283),protein_coding,cejohnprjeb47283
CJOHNSTONI_LOCUS3712,rna-CJOHNSTONI_LOCUS3712,312,protein_coding,Phosphoinositide phospholipase C  [Source:UniProtKB/TrEMBL;Acc:A0A8J2M242],Cercopithifilaria johnstoni (PRJEB47283),protein_coding,cejohnprjeb47283
CJOHNSTONI_LOCUS7848,rna-CJOHNSTONI_LOCUS7848,1094,protein_coding,Zinc finger protein  [Source:UniProtKB/TrEMBL;Acc:A0A8J2Q8M6],Cercopithifilaria johnstoni (PRJEB47283),protein_coding,cejohnprjeb47283
CJOHNSTONI_LOCUS1340,rna-CJOHNSTONI_LOCUS1340,618,protein_coding,ATP-binding cassette sub-family B member 9  [Source:UniProtKB/TrEMBL;Acc:A0A8J2LXX6],Cercopithifilaria johnstoni (PRJEB47283),protein_coding,cejohnprjeb47283
CJOHNSTONI_LOCUS9041,rna-CJOHNSTONI_LOCUS9041,390,protein_coding,Transcription factor  [Source:UniProtKB/TrEMBL;Acc:A0A8J2MDE3],Cercopithifilaria johnstoni (PRJEB47283),protein_coding,cejohnprjeb47283
CJOHNSTONI_LOCUS6295,rna-CJOHNSTONI_LOCUS6295,272,protein_coding,Short-chain dehydrogenase/reductase family 16C member 6  [Source:UniProtKB/TrEMBL;Acc:A0A8J2M5T1],Cercopithifilaria johnstoni (PRJEB47283),protein_coding,cejohnprjeb47283
CJOHNSTONI_LOCUS3604,rna-CJOHNSTONI_LOCUS3604,266,protein_coding,Ovule protein  [Source:UniProtKB/TrEMBL;Acc:A0A8J2Q5Q9],Cercopithifilaria johnstoni (PRJEB47283),protein_coding,cejohnprjeb47283
CJOHNSTONI_LOCUS6947,rna-CJOHNSTONI_LOCUS6947,266,protein_coding,Paxillin  [Source:UniProtKB/TrEMBL;Acc:A0A8J2M0R5],Cercopithifilaria johnstoni (PRJEB47283),protein_coding,cejohnprjeb47283
CJOHNSTONI_LOCUS5063,rna-CJOHNSTONI_LOCUS5063,248,protein_coding,MRP-L46 domain-containing protein  [Source:UniProtKB/TrEMBL;Acc:A0A8J2M6N6],Cercopithifilaria johnstoni (PRJEB47283),protein_coding,cejohnprjeb47283
CJOHNSTONI_LOCUS4162,rna-CJOHNSTONI_LOCUS4162,293,protein_coding,Ubiquitin carboxyl-terminal hydrolase  [Source:UniProtKB/TrEMBL;Acc:A0A8J2M2Z8],Cercopithifilaria johnstoni (PRJEB47283),protein_coding,cejohnprjeb47283
CJOHNSTONI_LOCUS6331,rna-CJOHNSTONI_LOCUS6331,206,protein_coding,Lipid droplet-associated hydrolase  [Source:UniProtKB/TrEMBL;Acc:A0A8J2QAG3],Cercopithifilaria johnstoni (PRJEB47283),protein_coding,cejohnprjeb47283
CJOHNSTONI_LOCUS1454,rna-CJOHNSTONI_LOCUS1454,221,protein_coding,Protein kinase domain-containing protein  [Source:UniProtKB/TrEMBL;Acc:A0A8J2LW09],Cercopithifilaria johnstoni (PRJEB47283),protein_coding,cejohnprjeb47283
CJOHNSTONI_LOCUS8183,rna-CJOHNSTONI_LOCUS8183,182,protein_coding,Tubulin alpha chain  [Source:UniProtKB/TrEMBL;Acc:A0A8J2MD11],Cercopithifilaria johnstoni (PRJEB47283),protein_coding,cejohnprjeb47283
CJOHNSTONI_LOCUS9980,rna-CJOHNSTONI_LOCUS9980,193,protein_coding,MFS domain-containing protein  [Source:UniProtKB/TrEMBL;Acc:A0A8J2MEJ7],Cercopithifilaria johnstoni (PRJEB47283),protein_coding,cejohnprjeb47283
CJOHNSTONI_LOCUS1702,rna-CJOHNSTONI_LOCUS1702,175,protein_coding,Col_cuticle_N domain-containing protein  [Source:UniProtKB/TrEMBL;Acc:A0A8J2LWI7],Cercopithifilaria johnstoni (PRJEB47283),protein_coding,cejohnprjeb47283
CJOHNSTONI_LOCUS2289,rna-CJOHNSTONI_LOCUS2289,166,protein_coding,Serine hydrolase  [Source:UniProtKB/TrEMBL;Acc:A0A8J2PR77],Cercopithifilaria johnstoni (PRJEB47283),protein_coding,cejohnprjeb47283
CJOHNSTONI_LOCUS7462,rna-CJOHNSTONI_LOCUS7462,156,protein_coding,ATP-dependent RNA helicase DHX35  [Source:UniProtKB/TrEMBL;Acc:A0A8J2Q5U8],Cercopithifilaria johnstoni (PRJEB47283),protein_coding,cejohnprjeb47283
CJOHNSTONI_LOCUS7118,rna-CJOHNSTONI_LOCUS7118,280,protein_coding,Phosphatidylinositol 3-kinase catalytic subunit type 3  [Source:UniProtKB/TrEMBL;Acc:A0A8J2QAM1],Cercopithifilaria johnstoni (PRJEB47283),protein_coding,cejohnprjeb47283
CJOHNSTONI_LOCUS7205,rna-CJOHNSTONI_LOCUS7205,206,protein_coding,,Cercopithifilaria johnstoni (PRJEB47283),protein_coding,cejohnprjeb47283
CJOHNSTONI_LOCUS1683,rna-CJOHNSTONI_LOCUS1683,179,protein_coding,Acireductone dioxygenase homolog  [Source:UniProtKB/TrEMBL;Acc:A0A8J2LWG6],Cercopithifilaria johnstoni (PRJEB47283),protein_coding,cejohnprjeb47283
CJOHNSTONI_LOCUS9758,rna-CJOHNSTONI_LOCUS9758,165,protein_coding,PDZ domain-containing protein  [Source:UniProtKB/TrEMBL;Acc:A0A8J2MUG3],Cercopithifilaria johnstoni (PRJEB47283),protein_coding,cejohnprjeb47283
CJOHNSTONI_LOCUS5880,rna-CJOHNSTONI_LOCUS5880,362,protein_coding,Katanin p60 ATPase-containing subunit A1  [Source:UniProtKB/TrEMBL;Acc:A0A8J2Q7P5],Cercopithifilaria johnstoni (PRJEB47283),protein_coding,cejohnprjeb47283
CJOHNSTONI_LOCUS7860,rna-CJOHNSTONI_LOCUS7860,301,protein_coding,ANK_REP_REGION domain-containing protein  [Source:UniProtKB/TrEMBL;Acc:A0A8J2Q8M8],Cercopithifilaria johnstoni (PRJEB47283),protein_coding,cejohnprjeb47283
CJOHNSTONI_LOCUS3073,rna-CJOHNSTONI_LOCUS3073,221,protein_coding,,Cercopithifilaria johnstoni (PRJEB47283),protein_coding,cejohnprjeb47283
CJOHNSTONI_LOCUS606,rna-CJOHNSTONI_LOCUS606,342,protein_coding,MgtE_N domain-containing protein  [Source:UniProtKB/TrEMBL;Acc:A0A8J2PVP2],Cercopithifilaria johnstoni (PRJEB47283),protein_coding,cejohnprjeb47283
CJOHNSTONI_LOCUS5075,rna-CJOHNSTONI_LOCUS5075,149,protein_coding,Secreted protein  [Source:UniProtKB/TrEMBL;Acc:A0A8J2M380],Cercopithifilaria johnstoni (PRJEB47283),protein_coding,cejohnprjeb47283
CJOHNSTONI_LOCUS3310,rna-CJOHNSTONI_LOCUS3310,134,protein_coding,,Cercopithifilaria johnstoni (PRJEB47283),protein_coding,cejohnprjeb47283
CJOHNSTONI_LOCUS4251,rna-CJOHNSTONI_LOCUS4251,156,protein_coding,Transmembrane protein  [Source:UniProtKB/TrEMBL;Acc:A0A8J2LVM4],Cercopithifilaria johnstoni (PRJEB47283),protein_coding,cejohnprjeb47283
CJOHNSTONI_LOCUS2795,rna-CJOHNSTONI_LOCUS2795,235,protein_coding,Glycosyltransferase family 92 protein  [Source:UniProtKB/TrEMBL;Acc:A0A8J2M0C7],Cercopithifilaria johnstoni (PRJEB47283),protein_coding,cejohnprjeb47283
CJOHNSTONI_LOCUS8342,rna-CJOHNSTONI_LOCUS8342,659,protein_coding,,Cercopithifilaria johnstoni (PRJEB47283),protein_coding,cejohnprjeb47283
CJOHNSTONI_LOCUS92,rna-CJOHNSTONI_LOCUS92,259,protein_coding,,Cercopithifilaria johnstoni (PRJEB47283),protein_coding,cejohnprjeb47283
CJOHNSTONI_LOCUS5746,rna-CJOHNSTONI_LOCUS5746,243,protein_coding,BTB domain-containing protein  [Source:UniProtKB/TrEMBL;Acc:A0A8J2PU32],Cercopithifilaria johnstoni (PRJEB47283),protein_coding,cejohnprjeb47283
CJOHNSTONI_LOCUS8489,rna-CJOHNSTONI_LOCUS8489,274,protein_coding,,Cercopithifilaria johnstoni (PRJEB47283),protein_coding,cejohnprjeb47283
CJOHNSTONI_LOCUS6536,rna-CJOHNSTONI_LOCUS6536,272,protein_coding,Tyrosine-protein kinase  [Source:UniProtKB/TrEMBL;Acc:A0A8J2PUT6],Cercopithifilaria johnstoni (PRJEB47283),protein_coding,cejohnprjeb47283
CJOHNSTONI_LOCUS6996,rna-CJOHNSTONI_LOCUS6996,272,protein_coding,,Cercopithifilaria johnstoni (PRJEB47283),protein_coding,cejohnprjeb47283
CJOHNSTONI_LOCUS9836,rna-CJOHNSTONI_LOCUS9836,239,protein_coding,ATP-dependent RNA helicase DHX34  [Source:UniProtKB/TrEMBL;Acc:A0A8J2Q742],Cercopithifilaria johnstoni (PRJEB47283),protein_coding,cejohnprjeb47283
CJOHNSTONI_LOCUS9277,rna-CJOHNSTONI_LOCUS9277,209,protein_coding,Tetraspanin  [Source:UniProtKB/TrEMBL;Acc:A0A8J2Q942],Cercopithifilaria johnstoni (PRJEB47283),protein_coding,cejohnprjeb47283
CJOHNSTONI_LOCUS1707,rna-CJOHNSTONI_LOCUS1707,242,protein_coding,MANEC domain-containing protein  [Source:UniProtKB/TrEMBL;Acc:A0A8J2Q0Z4],Cercopithifilaria johnstoni (PRJEB47283),protein_coding,cejohnprjeb47283
CJOHNSTONI_LOCUS3586,rna-CJOHNSTONI_LOCUS3586,198,protein_coding,Protein VAC14 homolog  [Source:UniProtKB/TrEMBL;Acc:A0A8J2M0G8],Cercopithifilaria johnstoni (PRJEB47283),protein_coding,cejohnprjeb47283
CJOHNSTONI_LOCUS1802,rna-CJOHNSTONI_LOCUS1802,1211,protein_coding,Fork-head domain-containing protein  [Source:UniProtKB/TrEMBL;Acc:A0A8J2LY52],Cercopithifilaria johnstoni (PRJEB47283),protein_coding,cejohnprjeb47283
CJOHNSTONI_LOCUS10175,rna-CJOHNSTONI_LOCUS10175,203,protein_coding,,Cercopithifilaria johnstoni (PRJEB47283),protein_coding,cejohnprjeb47283
CJOHNSTONI_LOCUS1156,rna-CJOHNSTONI_LOCUS1156,148,protein_coding,DNA-directed RNA polymerase  [Source:UniProtKB/TrEMBL;Acc:A0A8J2LVD8],Cercopithifilaria johnstoni (PRJEB47283),protein_coding,cejohnprjeb47283
CJOHNSTONI_LOCUS1453,rna-CJOHNSTONI_LOCUS1453,104,protein_coding,CCDC92 domain-containing protein  [Source:UniProtKB/TrEMBL;Acc:A0A8J2LXZ9],Cercopithifilaria johnstoni (PRJEB47283),protein_coding,cejohnprjeb47283
CJOHNSTONI_LOCUS3111,rna-CJOHNSTONI_LOCUS3111,110,protein_coding,,Cercopithifilaria johnstoni (PRJEB47283),protein_coding,cejohnprjeb47283
CJOHNSTONI_LOCUS9799,rna-CJOHNSTONI_LOCUS9799,291,protein_coding,LSR  [Source:UniProtKB/TrEMBL;Acc:A0A8J2MCM9],Cercopithifilaria johnstoni (PRJEB47283),protein_coding,cejohnprjeb47283
CJOHNSTONI_LOCUS4524,rna-CJOHNSTONI_LOCUS4524,134,protein_coding,50S ribosomal protein L34  [Source:UniProtKB/TrEMBL;Acc:A0A8J2M1R0],Cercopithifilaria johnstoni (PRJEB47283),protein_coding,cejohnprjeb47283
CJOHNSTONI_LOCUS4233,rna-CJOHNSTONI_LOCUS4233,229,protein_coding,Cilia- and flagella-associated protein 97  [Source:UniProtKB/TrEMBL;Acc:A0A8J2PZQ5],Cercopithifilaria johnstoni (PRJEB47283),protein_coding,cejohnprjeb47283
CJOHNSTONI_LOCUS6009,rna-CJOHNSTONI_LOCUS6009,623,protein_coding,Centrosomal protein  [Source:UniProtKB/TrEMBL;Acc:A0A8J2M4Y9],Cercopithifilaria johnstoni (PRJEB47283),protein_coding,cejohnprjeb47283
CJOHNSTONI_LOCUS9384,rna-CJOHNSTONI_LOCUS9384,251,protein_coding,V-SNARE coiled-coil homology domain-containing protein  [Source:UniProtKB/TrEMBL;Acc:A0A8J2MUF2],Cercopithifilaria johnstoni (PRJEB47283),protein_coding,cejohnprjeb47283
CJOHNSTONI_LOCUS1365,rna-CJOHNSTONI_LOCUS1365,193,protein_coding,WD_REPEATS_REGION domain-containing protein  [Source:UniProtKB/TrEMBL;Acc:A0A8J2MJP5],Cercopithifilaria johnstoni (PRJEB47283),protein_coding,cejohnprjeb47283
CJOHNSTONI_LOCUS5670,rna-CJOHNSTONI_LOCUS5670,458,protein_coding,C2H2-type domain-containing protein  [Source:UniProtKB/TrEMBL;Acc:A0A8J2M667],Cercopithifilaria johnstoni (PRJEB47283),protein_coding,cejohnprjeb47283
CJOHNSTONI_LOCUS5647,rna-CJOHNSTONI_LOCUS5647,154,protein_coding,CAP-Gly domain-containing protein  [Source:UniProtKB/TrEMBL;Acc:A0A8J2QAB3],Cercopithifilaria johnstoni (PRJEB47283),protein_coding,cejohnprjeb47283
CJOHNSTONI_LOCUS10138,rna-CJOHNSTONI_LOCUS10138,225,protein_coding,,Cercopithifilaria johnstoni (PRJEB47283),protein_coding,cejohnprjeb47283
CJOHNSTONI_LOCUS2933,rna-CJOHNSTONI_LOCUS2933,353,protein_coding,Rap guanine nucleotide exchange factor 2  [Source:UniProtKB/TrEMBL;Acc:A0A8J2M0N9],Cercopithifilaria johnstoni (PRJEB47283),protein_coding,cejohnprjeb47283
CJOHNSTONI_LOCUS2903,rna-CJOHNSTONI_LOCUS2903,221,protein_coding,Congested-like trachea protein  [Source:UniProtKB/TrEMBL;Acc:A0A8J2LYR0],Cercopithifilaria johnstoni (PRJEB47283),protein_coding,cejohnprjeb47283
CJOHNSTONI_LOCUS4539,rna-CJOHNSTONI_LOCUS4539,220,protein_coding,snRNA-activating protein complex subunit 3  [Source:UniProtKB/TrEMBL;Acc:A0A8J2MMP3],Cercopithifilaria johnstoni (PRJEB47283),protein_coding,cejohnprjeb47283
CJOHNSTONI_LOCUS573,rna-CJOHNSTONI_LOCUS573,161,protein_coding,CSD domain-containing protein  [Source:UniProtKB/TrEMBL;Acc:A0A8J2LUB0],Cercopithifilaria johnstoni (PRJEB47283),protein_coding,cejohnprjeb47283
CJOHNSTONI_LOCUS7806,rna-CJOHNSTONI_LOCUS7806-2,235,protein_coding,Transcription initiation factor TFIID subunit 5  [Source:UniProtKB/TrEMBL;Acc:A0A8J2PWJ8],Cercopithifilaria johnstoni (PRJEB47283),protein_coding,cejohnprjeb47283
CJOHNSTONI_LOCUS9826,rna-CJOHNSTONI_LOCUS9826,183,protein_coding,Wsv323  [Source:UniProtKB/TrEMBL;Acc:A0A8J2M6G1],Cercopithifilaria johnstoni (PRJEB47283),protein_coding,cejohnprjeb47283
CJOHNSTONI_LOCUS9428,rna-CJOHNSTONI_LOCUS9428,211,protein_coding,"Beta-1,3-glucosyltransferase  [Source:UniProtKB/TrEMBL;Acc:A0A8J2MFN6]",Cercopithifilaria johnstoni (PRJEB47283),protein_coding,cejohnprjeb47283
CJOHNSTONI_LOCUS880,rna-CJOHNSTONI_LOCUS880,1122,protein_coding,BTB domain-containing protein  [Source:UniProtKB/TrEMBL;Acc:A0A8J2Q3H3],Cercopithifilaria johnstoni (PRJEB47283),protein_coding,cejohnprjeb47283
CJOHNSTONI_LOCUS8199,rna-CJOHNSTONI_LOCUS8199,279,protein_coding,,Cercopithifilaria johnstoni (PRJEB47283),protein_coding,cejohnprjeb47283
CJOHNSTONI_LOCUS963,rna-CJOHNSTONI_LOCUS963,202,protein_coding,Ribosome production factor 2 homolog  [Source:UniProtKB/TrEMBL;Acc:A0A8J2Q3I9],Cercopithifilaria johnstoni (PRJEB47283),protein_coding,cejohnprjeb47283
CJOHNSTONI_LOCUS4904,rna-CJOHNSTONI_LOCUS4904,351,protein_coding,NRF domain-containing protein  [Source:UniProtKB/TrEMBL;Acc:A0A8J2M474],Cercopithifilaria johnstoni (PRJEB47283),protein_coding,cejohnprjeb47283
CJOHNSTONI_LOCUS1060,rna-CJOHNSTONI_LOCUS1060,226,protein_coding,Low-density lipoprotein receptor-related protein 2  [Source:UniProtKB/TrEMBL;Acc:A0A8J2LXE5],Cercopithifilaria johnstoni (PRJEB47283),protein_coding,cejohnprjeb47283
CJOHNSTONI_LOCUS527,rna-CJOHNSTONI_LOCUS527,530,protein_coding,Zinc finger protein 239-like  [Source:UniProtKB/TrEMBL;Acc:A0A8J2MI94],Cercopithifilaria johnstoni (PRJEB47283),protein_coding,cejohnprjeb47283
CJOHNSTONI_LOCUS2096,rna-CJOHNSTONI_LOCUS2096,303,protein_coding,Kelch-like protein 10  [Source:UniProtKB/TrEMBL;Acc:A0A8J2LP06],Cercopithifilaria johnstoni (PRJEB47283),protein_coding,cejohnprjeb47283
CJOHNSTONI_LOCUS4062,rna-CJOHNSTONI_LOCUS4062,228,protein_coding,FABD domain-containing protein  [Source:UniProtKB/TrEMBL;Acc:A0A8J2M2T0],Cercopithifilaria johnstoni (PRJEB47283),protein_coding,cejohnprjeb47283
CJOHNSTONI_LOCUS1960,rna-CJOHNSTONI_LOCUS1960,218,protein_coding,RSN1_TM domain-containing protein  [Source:UniProtKB/TrEMBL;Acc:A0A8J2MJT1],Cercopithifilaria johnstoni (PRJEB47283),protein_coding,cejohnprjeb47283
CJOHNSTONI_LOCUS7583,rna-CJOHNSTONI_LOCUS7583,218,protein_coding,Retinoic acid receptor RXR  [Source:UniProtKB/TrEMBL;Acc:A0A8J2Q2I1],Cercopithifilaria johnstoni (PRJEB47283),protein_coding,cejohnprjeb47283
CJOHNSTONI_LOCUS10238,rna-CJOHNSTONI_LOCUS10238,201,protein_coding,DNA-directed RNA polymerase III subunit RPC8  [Source:UniProtKB/TrEMBL;Acc:A0A8J2MFE5],Cercopithifilaria johnstoni (PRJEB47283),protein_coding,cejohnprjeb47283
CJOHNSTONI_LOCUS511,rna-CJOHNSTONI_LOCUS511,178,protein_coding,Protein kinase domain-containing protein  [Source:UniProtKB/TrEMBL;Acc:A0A8J2LTZ3],Cercopithifilaria johnstoni (PRJEB47283),protein_coding,cejohnprjeb47283
CJOHNSTONI_LOCUS5195,rna-CJOHNSTONI_LOCUS5195,157,protein_coding,Signal peptidase complex subunit 2  [Source:UniProtKB/TrEMBL;Acc:A0A8J2MNU7],Cercopithifilaria johnstoni (PRJEB47283),protein_coding,cejohnprjeb47283
CJOHNSTONI_LOCUS7331,rna-CJOHNSTONI_LOCUS7331,965,protein_coding,tRNA_int_end_N2 domain-containing protein  [Source:UniProtKB/TrEMBL;Acc:A0A8J2Q8G3],Cercopithifilaria johnstoni (PRJEB47283),protein_coding,cejohnprjeb47283
CJOHNSTONI_LOCUS9616,rna-CJOHNSTONI_LOCUS9616,260,protein_coding,Protein mesh  [Source:UniProtKB/TrEMBL;Acc:A0A8J2QB54],Cercopithifilaria johnstoni (PRJEB47283),protein_coding,cejohnprjeb47283
CJOHNSTONI_LOCUS2444,rna-CJOHNSTONI_LOCUS2444,278,protein_coding,Jun D proto-oncogene  [Source:UniProtKB/TrEMBL;Acc:A0A8J2MKY6],Cercopithifilaria johnstoni (PRJEB47283),protein_coding,cejohnprjeb47283
CJOHNSTONI_LOCUS5229,rna-CJOHNSTONI_LOCUS5229,272,protein_coding,cysteine--tRNA ligase  [Source:UniProtKB/TrEMBL;Acc:A0A8J2Q7C7],Cercopithifilaria johnstoni (PRJEB47283),protein_coding,cejohnprjeb47283
CJOHNSTONI_LOCUS4035,rna-CJOHNSTONI_LOCUS4035,236,protein_coding,rRNA-processing protein UTP23 homolog  [Source:UniProtKB/TrEMBL;Acc:A0A8J2Q6D0],Cercopithifilaria johnstoni (PRJEB47283),protein_coding,cejohnprjeb47283
CJOHNSTONI_LOCUS8374,rna-CJOHNSTONI_LOCUS8374,230,protein_coding,CCDC34 domain-containing protein  [Source:UniProtKB/TrEMBL;Acc:A0A8J2MBY9],Cercopithifilaria johnstoni (PRJEB47283),protein_coding,cejohnprjeb47283
CJOHNSTONI_LOCUS2805,rna-CJOHNSTONI_LOCUS2805,154,protein_coding,Neurotransmitter-gated ion-channel ligand binding domain protein  [Source:UniProtKB/TrEMBL;Acc:A0A8J2LZ61],Cercopithifilaria johnstoni (PRJEB47283),protein_coding,cejohnprjeb47283
CJOHNSTONI_LOCUS8047,rna-CJOHNSTONI_LOCUS8047,174,protein_coding,Gem-associated protein 6  [Source:UniProtKB/TrEMBL;Acc:A0A8J2M9M5],Cercopithifilaria johnstoni (PRJEB47283),protein_coding,cejohnprjeb47283
CJOHNSTONI_LOCUS1484,rna-CJOHNSTONI_LOCUS1484,134,protein_coding,,Cercopithifilaria johnstoni (PRJEB47283),protein_coding,cejohnprjeb47283
CJOHNSTONI_LOCUS2704,rna-CJOHNSTONI_LOCUS2704,125,protein_coding,Ras-related protein Rab-18  [Source:UniProtKB/TrEMBL;Acc:A0A8J2LSH1],Cercopithifilaria johnstoni (PRJEB47283),protein_coding,cejohnprjeb47283
CJOHNSTONI_LOCUS3553,rna-CJOHNSTONI_LOCUS3553,122,protein_coding,Glycosylphosphatidylinositol anchor biosynthesis protein 11  [Source:UniProtKB/TrEMBL;Acc:A0A8J2MM31],Cercopithifilaria johnstoni (PRJEB47283),protein_coding,cejohnprjeb47283
CJOHNSTONI_LOCUS194,rna-CJOHNSTONI_LOCUS194,545,protein_coding,,Cercopithifilaria johnstoni (PRJEB47283),protein_coding,cejohnprjeb47283
CJOHNSTONI_LOCUS2848,rna-CJOHNSTONI_LOCUS2848,347,protein_coding,adenylate cyclase  [Source:UniProtKB/TrEMBL;Acc:A0A8J2M0J6],Cercopithifilaria johnstoni (PRJEB47283),protein_coding,cejohnprjeb47283
CJOHNSTONI_LOCUS6808,rna-CJOHNSTONI_LOCUS6808,242,protein_coding,Cleavage and polyadenylation specificity factor subunit 2  [Source:UniProtKB/TrEMBL;Acc:A0A8J2Q5F6],Cercopithifilaria johnstoni (PRJEB47283),protein_coding,cejohnprjeb47283
CJOHNSTONI_LOCUS10312,rna-CJOHNSTONI_LOCUS10312,236,protein_coding,RWD domain-containing protein  [Source:UniProtKB/TrEMBL;Acc:A0A8J2Q7E8],Cercopithifilaria johnstoni (PRJEB47283),protein_coding,cejohnprjeb47283
CJOHNSTONI_LOCUS9732,rna-CJOHNSTONI_LOCUS9732,220,protein_coding,RNA-binding protein 19  [Source:UniProtKB/TrEMBL;Acc:A0A8J2MG55],Cercopithifilaria johnstoni (PRJEB47283),protein_coding,cejohnprjeb47283
CJOHNSTONI_LOCUS10176,rna-CJOHNSTONI_LOCUS10176,293,protein_coding,Transmembrane protein  [Source:UniProtKB/TrEMBL;Acc:A0A8J2Q7C0],Cercopithifilaria johnstoni (PRJEB47283),protein_coding,cejohnprjeb47283
CJOHNSTONI_LOCUS9328,rna-CJOHNSTONI_LOCUS9328,176,protein_coding,MFS domain-containing protein  [Source:UniProtKB/TrEMBL;Acc:A0A8J2MC03],Cercopithifilaria johnstoni (PRJEB47283),protein_coding,cejohnprjeb47283
CJOHNSTONI_LOCUS1271,rna-CJOHNSTONI_LOCUS1271,259,protein_coding,Ligand-gated ion channel 50  [Source:UniProtKB/TrEMBL;Acc:A0A8J2LXT1],Cercopithifilaria johnstoni (PRJEB47283),protein_coding,cejohnprjeb47283
CJOHNSTONI_LOCUS5090,rna-CJOHNSTONI_LOCUS5090,109,protein_coding,,Cercopithifilaria johnstoni (PRJEB47283),protein_coding,cejohnprjeb47283
CJOHNSTONI_LOCUS7018,rna-CJOHNSTONI_LOCUS7018,377,protein_coding,Ovule protein  [Source:UniProtKB/TrEMBL;Acc:A0A8J2MAC6],Cercopithifilaria johnstoni (PRJEB47283),protein_coding,cejohnprjeb47283
CJOHNSTONI_LOCUS7763,rna-CJOHNSTONI_LOCUS7763,265,protein_coding,AH domain-containing protein  [Source:UniProtKB/TrEMBL;Acc:A0A8J2Q634],Cercopithifilaria johnstoni (PRJEB47283),protein_coding,cejohnprjeb47283
CJOHNSTONI_LOCUS6768,rna-CJOHNSTONI_LOCUS6768,284,protein_coding,PH domain-containing protein  [Source:UniProtKB/TrEMBL;Acc:A0A8J2M0V3],Cercopithifilaria johnstoni (PRJEB47283),protein_coding,cejohnprjeb47283
CJOHNSTONI_LOCUS10344,rna-CJOHNSTONI_LOCUS10344,257,protein_coding,Secreted protein  [Source:UniProtKB/TrEMBL;Acc:A0A8J2MUZ2],Cercopithifilaria johnstoni (PRJEB47283),protein_coding,cejohnprjeb47283
CJOHNSTONI_LOCUS5622,rna-CJOHNSTONI_LOCUS5622,254,protein_coding,RRF domain-containing protein  [Source:UniProtKB/TrEMBL;Acc:A0A8J2Q0V9],Cercopithifilaria johnstoni (PRJEB47283),protein_coding,cejohnprjeb47283
CJOHNSTONI_LOCUS7737,rna-CJOHNSTONI_LOCUS7737,243,protein_coding,Cytospin-A  [Source:UniProtKB/TrEMBL;Acc:A0A8J2M2H5],Cercopithifilaria johnstoni (PRJEB47283),protein_coding,cejohnprjeb47283
CJOHNSTONI_LOCUS10001,rna-CJOHNSTONI_LOCUS10001,226,protein_coding,DNA-directed RNA polymerase III subunit RPC7  [Source:UniProtKB/TrEMBL;Acc:A0A8J2QB82],Cercopithifilaria johnstoni (PRJEB47283),protein_coding,cejohnprjeb47283
CJOHNSTONI_LOCUS1661,rna-CJOHNSTONI_LOCUS1661,237,protein_coding,,Cercopithifilaria johnstoni (PRJEB47283),protein_coding,cejohnprjeb47283
CJOHNSTONI_LOCUS6608,rna-CJOHNSTONI_LOCUS6608,178,protein_coding,Protein TSSC4  [Source:UniProtKB/TrEMBL;Acc:A0A8J2M080],Cercopithifilaria johnstoni (PRJEB47283),protein_coding,cejohnprjeb47283
CJOHNSTONI_LOCUS293,rna-CJOHNSTONI_LOCUS293,155,protein_coding,V-SNARE coiled-coil homology domain-containing protein  [Source:UniProtKB/TrEMBL;Acc:A0A8J2LL21],Cercopithifilaria johnstoni (PRJEB47283),protein_coding,cejohnprjeb47283
CJOHNSTONI_LOCUS9909,rna-CJOHNSTONI_LOCUS9909,149,protein_coding,ANK_REP_REGION domain-containing protein  [Source:UniProtKB/TrEMBL;Acc:A0A8J2MUJ0],Cercopithifilaria johnstoni (PRJEB47283),protein_coding,cejohnprjeb47283
CJOHNSTONI_LOCUS7548,rna-CJOHNSTONI_LOCUS7548,233,protein_coding,Calponin-homology (CH) domain-containing protein  [Source:UniProtKB/TrEMBL;Acc:A0A8J2M9F3],Cercopithifilaria johnstoni (PRJEB47283),protein_coding,cejohnprjeb47283
CJOHNSTONI_LOCUS9680,rna-CJOHNSTONI_LOCUS9680,195,protein_coding,NRF domain-containing protein  [Source:UniProtKB/TrEMBL;Acc:A0A8J2Q9A2],Cercopithifilaria johnstoni (PRJEB47283),protein_coding,cejohnprjeb47283
CJOHNSTONI_LOCUS5964,rna-CJOHNSTONI_LOCUS5964,173,protein_coding,,Cercopithifilaria johnstoni (PRJEB47283),protein_coding,cejohnprjeb47283
CJOHNSTONI_LOCUS1198,rna-CJOHNSTONI_LOCUS1198,137,protein_coding,CUB domain-containing protein  [Source:UniProtKB/TrEMBL;Acc:A0A8J2Q8G4],Cercopithifilaria johnstoni (PRJEB47283),protein_coding,cejohnprjeb47283
CJOHNSTONI_LOCUS2477,rna-CJOHNSTONI_LOCUS2477,354,protein_coding,MIF4G domain-containing protein  [Source:UniProtKB/TrEMBL;Acc:A0A8J2LZW7],Cercopithifilaria johnstoni (PRJEB47283),protein_coding,cejohnprjeb47283
CJOHNSTONI_LOCUS2311,rna-CJOHNSTONI_LOCUS2311,316,protein_coding,Protein kinase domain-containing protein  [Source:UniProtKB/TrEMBL;Acc:A0A8J2LZK1],Cercopithifilaria johnstoni (PRJEB47283),protein_coding,cejohnprjeb47283
CJOHNSTONI_LOCUS6669,rna-CJOHNSTONI_LOCUS6669,287,protein_coding,ribonuclease Z  [Source:UniProtKB/TrEMBL;Acc:A0A8J2PUX7],Cercopithifilaria johnstoni (PRJEB47283),protein_coding,cejohnprjeb47283
CJOHNSTONI_LOCUS282,rna-CJOHNSTONI_LOCUS282,185,protein_coding,Transposase  [Source:UniProtKB/TrEMBL;Acc:A0A8J2MHV6],Cercopithifilaria johnstoni (PRJEB47283),protein_coding,cejohnprjeb47283
CJOHNSTONI_LOCUS7271,rna-CJOHNSTONI_LOCUS7271,176,protein_coding,,Cercopithifilaria johnstoni (PRJEB47283),protein_coding,cejohnprjeb47283
CJOHNSTONI_LOCUS1612,rna-CJOHNSTONI_LOCUS1612,204,protein_coding,Fibronectin type-III domain-containing protein  [Source:UniProtKB/TrEMBL;Acc:A0A8J2Q8P1],Cercopithifilaria johnstoni (PRJEB47283),protein_coding,cejohnprjeb47283
CJOHNSTONI_LOCUS9263,rna-CJOHNSTONI_LOCUS9263,118,protein_coding,Reverse transcriptase domain-containing protein  [Source:UniProtKB/TrEMBL;Acc:A0A8J2PY18],Cercopithifilaria johnstoni (PRJEB47283),protein_coding,cejohnprjeb47283
CJOHNSTONI_LOCUS827,rna-CJOHNSTONI_LOCUS827,114,protein_coding,,Cercopithifilaria johnstoni (PRJEB47283),protein_coding,cejohnprjeb47283
CJOHNSTONI_LOCUS6848,rna-CJOHNSTONI_LOCUS6848,107,protein_coding,PDZ domain-containing protein  [Source:UniProtKB/TrEMBL;Acc:A0A8J2M7E6],Cercopithifilaria johnstoni (PRJEB47283),protein_coding,cejohnprjeb47283
CJOHNSTONI_LOCUS341,rna-CJOHNSTONI_LOCUS341,218,protein_coding,Neprilysin  [Source:UniProtKB/TrEMBL;Acc:A0A8J2LVM9],Cercopithifilaria johnstoni (PRJEB47283),protein_coding,cejohnprjeb47283
CJOHNSTONI_LOCUS10418,rna-CJOHNSTONI_LOCUS10418,595,protein_coding,Zinc finger protein 235  [Source:UniProtKB/TrEMBL;Acc:A0A8J2MV23],Cercopithifilaria johnstoni (PRJEB47283),protein_coding,cejohnprjeb47283
CJOHNSTONI_LOCUS8209,rna-CJOHNSTONI_LOCUS8209,226,protein_coding,Tubulin beta chain  [Source:UniProtKB/TrEMBL;Acc:A0A8J2MBL1],Cercopithifilaria johnstoni (PRJEB47283),protein_coding,cejohnprjeb47283
CJOHNSTONI_LOCUS8814,rna-CJOHNSTONI_LOCUS8814,311,protein_coding,isoleucine--tRNA ligase  [Source:UniProtKB/TrEMBL;Acc:A0A8J2MTL6],Cercopithifilaria johnstoni (PRJEB47283),protein_coding,cejohnprjeb47283
CJOHNSTONI_LOCUS8077,rna-CJOHNSTONI_LOCUS8077,215,protein_coding,C2H2-type domain-containing protein  [Source:UniProtKB/TrEMBL;Acc:A0A8J2Q8Q1],Cercopithifilaria johnstoni (PRJEB47283),protein_coding,cejohnprjeb47283
CJOHNSTONI_LOCUS813,rna-CJOHNSTONI_LOCUS813,215,protein_coding,N-terminal Xaa-Pro-Lys N-methyltransferase 1  [Source:UniProtKB/TrEMBL;Acc:A0A8J2LUP6],Cercopithifilaria johnstoni (PRJEB47283),protein_coding,cejohnprjeb47283
CJOHNSTONI_LOCUS4339,rna-CJOHNSTONI_LOCUS4339,767,protein_coding,Homeobox domain-containing protein  [Source:UniProtKB/TrEMBL;Acc:A0A8J2PZT7],Cercopithifilaria johnstoni (PRJEB47283),protein_coding,cejohnprjeb47283
CJOHNSTONI_LOCUS6832,rna-CJOHNSTONI_LOCUS6832,250,protein_coding,IRS-type PTB domain-containing protein  [Source:UniProtKB/TrEMBL;Acc:A0A8J2M7S1],Cercopithifilaria johnstoni (PRJEB47283),protein_coding,cejohnprjeb47283
CJOHNSTONI_LOCUS3952,rna-CJOHNSTONI_LOCUS3952,225,protein_coding,PDZ domain-containing protein 8  [Source:UniProtKB/TrEMBL;Acc:A0A8J2Q2W7],Cercopithifilaria johnstoni (PRJEB47283),protein_coding,cejohnprjeb47283
CJOHNSTONI_LOCUS101,rna-CJOHNSTONI_LOCUS101,275,protein_coding,Immunoglobulin I-set domain protein  [Source:UniProtKB/TrEMBL;Acc:A0A8J2LV84],Cercopithifilaria johnstoni (PRJEB47283),protein_coding,cejohnprjeb47283
CJOHNSTONI_LOCUS297,rna-CJOHNSTONI_LOCUS297,194,protein_coding,Ribosomal protein L15  [Source:UniProtKB/TrEMBL;Acc:A0A8J2MHW5],Cercopithifilaria johnstoni (PRJEB47283),protein_coding,cejohnprjeb47283
CJOHNSTONI_LOCUS3368,rna-CJOHNSTONI_LOCUS3368,391,protein_coding,Coatomer_WDAD domain-containing protein  [Source:UniProtKB/TrEMBL;Acc:A0A8J2Q2G0],Cercopithifilaria johnstoni (PRJEB47283),protein_coding,cejohnprjeb47283
CJOHNSTONI_LOCUS8773,rna-CJOHNSTONI_LOCUS8773,290,protein_coding,WH1 domain-containing protein  [Source:UniProtKB/TrEMBL;Acc:A0A8J2MTA6],Cercopithifilaria johnstoni (PRJEB47283),protein_coding,cejohnprjeb47283
CJOHNSTONI_LOCUS8590,rna-CJOHNSTONI_LOCUS8590,209,protein_coding,Acetylcholine receptor subunit alpha-type unc-63  [Source:UniProtKB/TrEMBL;Acc:A0A8J2MT26],Cercopithifilaria johnstoni (PRJEB47283),protein_coding,cejohnprjeb47283
CJOHNSTONI_LOCUS2030,rna-CJOHNSTONI_LOCUS2030,410,protein_coding,Histone H3  [Source:UniProtKB/TrEMBL;Acc:A0A8J2MKF6],Cercopithifilaria johnstoni (PRJEB47283),protein_coding,cejohnprjeb47283
CJOHNSTONI_LOCUS4053,rna-CJOHNSTONI_LOCUS4053,271,protein_coding,VWFA domain-containing protein  [Source:UniProtKB/TrEMBL;Acc:A0A8J2LSF2],Cercopithifilaria johnstoni (PRJEB47283),protein_coding,cejohnprjeb47283
CJOHNSTONI_LOCUS8405,rna-CJOHNSTONI_LOCUS8405,199,protein_coding,Replication factor C subunit 3  [Source:UniProtKB/TrEMBL;Acc:A0A8J2MAB4],Cercopithifilaria johnstoni (PRJEB47283),protein_coding,cejohnprjeb47283
CJOHNSTONI_LOCUS9819,rna-CJOHNSTONI_LOCUS9819,192,protein_coding,Hexosyltransferase  [Source:UniProtKB/TrEMBL;Acc:A0A8J2MCM7],Cercopithifilaria johnstoni (PRJEB47283),protein_coding,cejohnprjeb47283
CJOHNSTONI_LOCUS3059,rna-CJOHNSTONI_LOCUS3059,209,protein_coding,Cysteine and histidine-rich domain-containing protein 1  [Source:UniProtKB/TrEMBL;Acc:A0A8J2M0N7],Cercopithifilaria johnstoni (PRJEB47283),protein_coding,cejohnprjeb47283
CJOHNSTONI_LOCUS4895,rna-CJOHNSTONI_LOCUS4895,135,protein_coding,Transcription elongation factor 1 homolog  [Source:UniProtKB/TrEMBL;Acc:A0A8J2LUA1],Cercopithifilaria johnstoni (PRJEB47283),protein_coding,cejohnprjeb47283
CJOHNSTONI_LOCUS5333,rna-CJOHNSTONI_LOCUS5333,172,protein_coding,"NADH dehydrogenase [ubiquinone] iron-sulfur protein 8, mitochondrial  [Source:UniProtKB/TrEMBL;Acc:A0A8J2Q7F2]",Cercopithifilaria johnstoni (PRJEB47283),protein_coding,cejohnprjeb47283
CJOHNSTONI_LOCUS8370,rna-CJOHNSTONI_LOCUS8370,198,protein_coding,arginine kinase  [Source:UniProtKB/TrEMBL;Acc:A0A8J2QAW3],Cercopithifilaria johnstoni (PRJEB47283),protein_coding,cejohnprjeb47283
CJOHNSTONI_LOCUS885,rna-CJOHNSTONI_LOCUS885,194,protein_coding,RRM domain-containing protein  [Source:UniProtKB/TrEMBL;Acc:A0A8J2LV33],Cercopithifilaria johnstoni (PRJEB47283),protein_coding,cejohnprjeb47283
CJOHNSTONI_LOCUS2597,rna-CJOHNSTONI_LOCUS2597,211,protein_coding,Disks large homolog 1  [Source:UniProtKB/TrEMBL;Acc:A0A8J2LPT9],Cercopithifilaria johnstoni (PRJEB47283),protein_coding,cejohnprjeb47283
CJOHNSTONI_LOCUS4860,rna-CJOHNSTONI_LOCUS4860,227,protein_coding,cAMP-dependent protein kinase  [Source:UniProtKB/TrEMBL;Acc:A0A8J2M401],Cercopithifilaria johnstoni (PRJEB47283),protein_coding,cejohnprjeb47283
CJOHNSTONI_LOCUS5225,rna-CJOHNSTONI_LOCUS5225,193,protein_coding,BACK domain-containing protein  [Source:UniProtKB/TrEMBL;Acc:A0A8J2M4V4],Cercopithifilaria johnstoni (PRJEB47283),protein_coding,cejohnprjeb47283
CJOHNSTONI_LOCUS8699,rna-CJOHNSTONI_LOCUS8699,194,protein_coding,40S ribosomal protein S14  [Source:UniProtKB/TrEMBL;Acc:A0A8J2Q8V9],Cercopithifilaria johnstoni (PRJEB47283),protein_coding,cejohnprjeb47283
CJOHNSTONI_LOCUS6899,rna-CJOHNSTONI_LOCUS6899,190,protein_coding,TGF_BETA_2 domain-containing protein  [Source:UniProtKB/TrEMBL;Acc:A0A8J2M7X0],Cercopithifilaria johnstoni (PRJEB47283),protein_coding,cejohnprjeb47283
CJOHNSTONI_LOCUS9160,rna-CJOHNSTONI_LOCUS9160,172,protein_coding,Sulfate_transp domain-containing protein  [Source:UniProtKB/TrEMBL;Acc:A0A8J2MBI6],Cercopithifilaria johnstoni (PRJEB47283),protein_coding,cejohnprjeb47283
CJOHNSTONI_LOCUS4653,rna-CJOHNSTONI_LOCUS4653,199,protein_coding,Glutamate decarboxylase 1  [Source:UniProtKB/TrEMBL;Acc:A0A8J2Q709],Cercopithifilaria johnstoni (PRJEB47283),protein_coding,cejohnprjeb47283
CJOHNSTONI_LOCUS6981,rna-CJOHNSTONI_LOCUS6981,193,protein_coding,ShET2/EspL2 family type III secretion system effector toxin  [Source:UniProtKB/TrEMBL;Acc:A0A8J2M8U4],Cercopithifilaria johnstoni (PRJEB47283),protein_coding,cejohnprjeb47283
CJOHNSTONI_LOCUS3020,rna-CJOHNSTONI_LOCUS3020,484,protein_coding,T-box domain-containing protein  [Source:UniProtKB/TrEMBL;Acc:A0A8J2M0L7],Cercopithifilaria johnstoni (PRJEB47283),protein_coding,cejohnprjeb47283
CJOHNSTONI_LOCUS8952,rna-CJOHNSTONI_LOCUS8952,114,protein_coding,Secreted protein  [Source:UniProtKB/TrEMBL;Acc:A0A8J2M4L0],Cercopithifilaria johnstoni (PRJEB47283),protein_coding,cejohnprjeb47283
CJOHNSTONI_LOCUS3485,rna-CJOHNSTONI_LOCUS3485,220,protein_coding,Eukaryotic translation initiation factor 5B  [Source:UniProtKB/TrEMBL;Acc:A0A8J2LU35],Cercopithifilaria johnstoni (PRJEB47283),protein_coding,cejohnprjeb47283
CJOHNSTONI_LOCUS8190,rna-CJOHNSTONI_LOCUS8190,226,protein_coding,Mediator complex subunit 4  [Source:UniProtKB/TrEMBL;Acc:A0A8J2Q6A9],Cercopithifilaria johnstoni (PRJEB47283),protein_coding,cejohnprjeb47283
CJOHNSTONI_LOCUS7180,rna-CJOHNSTONI_LOCUS7180,207,protein_coding,TWiK family of potassium channels protein 7  [Source:UniProtKB/TrEMBL;Acc:A0A8J2M936],Cercopithifilaria johnstoni (PRJEB47283),protein_coding,cejohnprjeb47283
CJOHNSTONI_LOCUS337,rna-CJOHNSTONI_LOCUS337,299,protein_coding,DCAF15_WD40 domain-containing protein  [Source:UniProtKB/TrEMBL;Acc:A0A8J2LTP5],Cercopithifilaria johnstoni (PRJEB47283),protein_coding,cejohnprjeb47283
CJOHNSTONI_LOCUS6324,rna-CJOHNSTONI_LOCUS6324,698,protein_coding,Endostatin domain-containing protein  [Source:UniProtKB/TrEMBL;Acc:A0A8J2M6T1],Cercopithifilaria johnstoni (PRJEB47283),protein_coding,cejohnprjeb47283
CJOHNSTONI_LOCUS6188,rna-CJOHNSTONI_LOCUS6188,881,protein_coding,BESS domain-containing protein  [Source:UniProtKB/TrEMBL;Acc:A0A8J2M733],Cercopithifilaria johnstoni (PRJEB47283),protein_coding,cejohnprjeb47283
CJOHNSTONI_LOCUS5920,rna-CJOHNSTONI_LOCUS5920,670,protein_coding,Kunitz/Bovine pancreatic trypsin inhibitor domain protein  [Source:UniProtKB/TrEMBL;Acc:A0A8J2Q4Q3],Cercopithifilaria johnstoni (PRJEB47283),protein_coding,cejohnprjeb47283
CJOHNSTONI_LOCUS8702,rna-CJOHNSTONI_LOCUS8702,343,protein_coding,DNA_pol_E_B domain-containing protein  [Source:UniProtKB/TrEMBL;Acc:A0A8J2Q3E4],Cercopithifilaria johnstoni (PRJEB47283),protein_coding,cejohnprjeb47283
CJOHNSTONI_LOCUS934,rna-CJOHNSTONI_LOCUS934,329,protein_coding,Peptidase A1 domain-containing protein  [Source:UniProtKB/TrEMBL;Acc:A0A8J2LWL4],Cercopithifilaria johnstoni (PRJEB47283),protein_coding,cejohnprjeb47283
CJOHNSTONI_LOCUS1855,rna-CJOHNSTONI_LOCUS1855,239,protein_coding,COesterase domain-containing protein  [Source:UniProtKB/TrEMBL;Acc:A0A8J2MK88],Cercopithifilaria johnstoni (PRJEB47283),protein_coding,cejohnprjeb47283
CJOHNSTONI_LOCUS10461,rna-CJOHNSTONI_LOCUS10461,228,protein_coding,fumarate hydratase  [Source:UniProtKB/TrEMBL;Acc:A0A8J2MFH7],Cercopithifilaria johnstoni (PRJEB47283),protein_coding,cejohnprjeb47283
CJOHNSTONI_LOCUS7720,rna-CJOHNSTONI_LOCUS7720,196,protein_coding,Cytochrome b5 heme-binding domain-containing protein  [Source:UniProtKB/TrEMBL;Acc:A0A8J2QAR6],Cercopithifilaria johnstoni (PRJEB47283),protein_coding,cejohnprjeb47283
CJOHNSTONI_LOCUS233,rna-CJOHNSTONI_LOCUS233,191,protein_coding,Innexin  [Source:UniProtKB/TrEMBL;Acc:A0A8J2Q7Z2],Cercopithifilaria johnstoni (PRJEB47283),protein_coding,cejohnprjeb47283
CJOHNSTONI_LOCUS8122,rna-CJOHNSTONI_LOCUS8122,180,protein_coding,Cleavage stimulation factor 50 kDa subunit  [Source:UniProtKB/TrEMBL;Acc:A0A8J2Q2X6],Cercopithifilaria johnstoni (PRJEB47283),protein_coding,cejohnprjeb47283
CJOHNSTONI_LOCUS10174,rna-CJOHNSTONI_LOCUS10174,167,protein_coding,Protein kinase domain-containing protein  [Source:UniProtKB/TrEMBL;Acc:A0A8J2Q9H5],Cercopithifilaria johnstoni (PRJEB47283),protein_coding,cejohnprjeb47283
CJOHNSTONI_LOCUS8692,rna-CJOHNSTONI_LOCUS8692,438,protein_coding,Mediator of RNA polymerase II transcription subunit 1  [Source:UniProtKB/TrEMBL;Acc:A0A8J2M3C6],Cercopithifilaria johnstoni (PRJEB47283),protein_coding,cejohnprjeb47283
CJOHNSTONI_LOCUS4370,rna-CJOHNSTONI_LOCUS4370,428,protein_coding,Oxidoreductase-like domain-containing protein  [Source:UniProtKB/TrEMBL;Acc:A0A8J2MMJ0],Cercopithifilaria johnstoni (PRJEB47283),protein_coding,cejohnprjeb47283
CJOHNSTONI_LOCUS2395,rna-CJOHNSTONI_LOCUS2395,191,protein_coding,ABC transporter domain-containing protein  [Source:UniProtKB/TrEMBL;Acc:A0A8J2PY20],Cercopithifilaria johnstoni (PRJEB47283),protein_coding,cejohnprjeb47283
CJOHNSTONI_LOCUS5806,rna-CJOHNSTONI_LOCUS5806,251,protein_coding,VPS9 domain-containing protein  [Source:UniProtKB/TrEMBL;Acc:A0A8J2Q113],Cercopithifilaria johnstoni (PRJEB47283),protein_coding,cejohnprjeb47283
CJOHNSTONI_LOCUS9416,rna-CJOHNSTONI_LOCUS9416,224,protein_coding,F-box domain-containing protein  [Source:UniProtKB/TrEMBL;Acc:A0A8J2MEC7],Cercopithifilaria johnstoni (PRJEB47283),protein_coding,cejohnprjeb47283
CJOHNSTONI_LOCUS6176,rna-CJOHNSTONI_LOCUS6176,158,protein_coding,Charged multivesicular body protein 3  [Source:UniProtKB/TrEMBL;Acc:A0A8J2M725],Cercopithifilaria johnstoni (PRJEB47283),protein_coding,cejohnprjeb47283
CJOHNSTONI_LOCUS8979,rna-CJOHNSTONI_LOCUS8979,455,protein_coding,ETS domain-containing protein  [Source:UniProtKB/TrEMBL;Acc:A0A8J2QB08],Cercopithifilaria johnstoni (PRJEB47283),protein_coding,cejohnprjeb47283
CJOHNSTONI_LOCUS9586,rna-CJOHNSTONI_LOCUS9586,149,protein_coding,Golgi phosphoprotein 3 homolog sauron  [Source:UniProtKB/TrEMBL;Acc:A0A8J2PYA8],Cercopithifilaria johnstoni (PRJEB47283),protein_coding,cejohnprjeb47283
CJOHNSTONI_LOCUS10334,rna-CJOHNSTONI_LOCUS10334,185,protein_coding,RRM domain-containing protein  [Source:UniProtKB/TrEMBL;Acc:A0A8J2MF94],Cercopithifilaria johnstoni (PRJEB47283),protein_coding,cejohnprjeb47283
CJOHNSTONI_LOCUS10058,rna-CJOHNSTONI_LOCUS10058,128,protein_coding,VWFA domain-containing protein  [Source:UniProtKB/TrEMBL;Acc:A0A8J2MD40],Cercopithifilaria johnstoni (PRJEB47283),protein_coding,cejohnprjeb47283
CJOHNSTONI_LOCUS5161,rna-CJOHNSTONI_LOCUS5161,213,protein_coding,,Cercopithifilaria johnstoni (PRJEB47283),protein_coding,cejohnprjeb47283
CJOHNSTONI_LOCUS8165,rna-CJOHNSTONI_LOCUS8165,436,protein_coding,MADF domain-containing protein  [Source:UniProtKB/TrEMBL;Acc:A0A8J2M9G9],Cercopithifilaria johnstoni (PRJEB47283),protein_coding,cejohnprjeb47283
CJOHNSTONI_LOCUS278,rna-CJOHNSTONI_LOCUS278,191,protein_coding,tRNA (adenine(58)-N(1))-methyltransferase catalytic subunit TRMT61A  [Source:UniProtKB/TrEMBL;Acc:A0A8J2LL14],Cercopithifilaria johnstoni (PRJEB47283),protein_coding,cejohnprjeb47283
CJOHNSTONI_LOCUS3449,rna-CJOHNSTONI_LOCUS3449,115,protein_coding,PE-PGRS family protein  [Source:UniProtKB/TrEMBL;Acc:A0A8J2M409],Cercopithifilaria johnstoni (PRJEB47283),protein_coding,cejohnprjeb47283
CJOHNSTONI_LOCUS4008,rna-CJOHNSTONI_LOCUS4008,116,protein_coding,PID domain-containing protein  [Source:UniProtKB/TrEMBL;Acc:A0A8J2PZI5],Cercopithifilaria johnstoni (PRJEB47283),protein_coding,cejohnprjeb47283
CJOHNSTONI_LOCUS9447,rna-CJOHNSTONI_LOCUS9447,465,protein_coding,RNA-binding protein Nova-1  [Source:UniProtKB/TrEMBL;Acc:A0A8J2PY60],Cercopithifilaria johnstoni (PRJEB47283),protein_coding,cejohnprjeb47283
CJOHNSTONI_LOCUS856,rna-CJOHNSTONI_LOCUS856,228,protein_coding,Ubiquitin carboxyl-terminal hydrolase  [Source:UniProtKB/TrEMBL;Acc:A0A8J2PPW2],Cercopithifilaria johnstoni (PRJEB47283),protein_coding,cejohnprjeb47283
CJOHNSTONI_LOCUS7754,rna-CJOHNSTONI_LOCUS7754,270,protein_coding,"39S ribosomal protein L38, mitochondrial  [Source:UniProtKB/TrEMBL;Acc:A0A8J2MRR8]",Cercopithifilaria johnstoni (PRJEB47283),protein_coding,cejohnprjeb47283
CJOHNSTONI_LOCUS7480,rna-CJOHNSTONI_LOCUS7480,1602,protein_coding,TACC_C domain-containing protein  [Source:UniProtKB/TrEMBL;Acc:A0A8J2M828],Cercopithifilaria johnstoni (PRJEB47283),protein_coding,cejohnprjeb47283
CJOHNSTONI_LOCUS5297,rna-CJOHNSTONI_LOCUS5297,230,protein_coding,,Cercopithifilaria johnstoni (PRJEB47283),protein_coding,cejohnprjeb47283
CJOHNSTONI_LOCUS2741,rna-CJOHNSTONI_LOCUS2741,213,protein_coding,HORMA domain-containing protein  [Source:UniProtKB/TrEMBL;Acc:A0A8J2PRK6],Cercopithifilaria johnstoni (PRJEB47283),protein_coding,cejohnprjeb47283
CJOHNSTONI_LOCUS3191,rna-CJOHNSTONI_LOCUS3191,323,protein_coding,Zinc finger protein  [Source:UniProtKB/TrEMBL;Acc:A0A8J2Q2B2],Cercopithifilaria johnstoni (PRJEB47283),protein_coding,cejohnprjeb47283
CJOHNSTONI_LOCUS3920,rna-CJOHNSTONI_LOCUS3920,210,protein_coding,,Cercopithifilaria johnstoni (PRJEB47283),protein_coding,cejohnprjeb47283
CJOHNSTONI_LOCUS1434,rna-CJOHNSTONI_LOCUS1434,247,protein_coding,SCP2 domain-containing protein  [Source:UniProtKB/TrEMBL;Acc:A0A8J2LW22],Cercopithifilaria johnstoni (PRJEB47283),protein_coding,cejohnprjeb47283
CJOHNSTONI_LOCUS9850,rna-CJOHNSTONI_LOCUS9850,210,protein_coding,Flap endonuclease 1  [Source:UniProtKB/TrEMBL;Acc:A0A8J2QB71],Cercopithifilaria johnstoni (PRJEB47283),protein_coding,cejohnprjeb47283
CJOHNSTONI_LOCUS5488,rna-CJOHNSTONI_LOCUS5488,218,protein_coding,RRM domain-containing protein  [Source:UniProtKB/TrEMBL;Acc:A0A8J2Q7H7],Cercopithifilaria johnstoni (PRJEB47283),protein_coding,cejohnprjeb47283
CJOHNSTONI_LOCUS7906,rna-CJOHNSTONI_LOCUS7906,228,protein_coding,DUF4216 domain-containing protein  [Source:UniProtKB/TrEMBL;Acc:A0A8J2M8X8],Cercopithifilaria johnstoni (PRJEB47283),protein_coding,cejohnprjeb47283
CJOHNSTONI_LOCUS6836,rna-CJOHNSTONI_LOCUS6836,208,protein_coding,Trehalase  [Source:UniProtKB/TrEMBL;Acc:A0A8J2PV31],Cercopithifilaria johnstoni (PRJEB47283),protein_coding,cejohnprjeb47283
CJOHNSTONI_LOCUS6170,rna-CJOHNSTONI_LOCUS6170,210,protein_coding,NADH-ubiquinone oxidoreductase B17 subunit  [Source:UniProtKB/TrEMBL;Acc:A0A8J2LZG6],Cercopithifilaria johnstoni (PRJEB47283),protein_coding,cejohnprjeb47283
CJOHNSTONI_LOCUS3941,rna-CJOHNSTONI_LOCUS3941,195,protein_coding,Clc-like protein  [Source:UniProtKB/TrEMBL;Acc:A0A8J2LS95],Cercopithifilaria johnstoni (PRJEB47283),protein_coding,cejohnprjeb47283
CJOHNSTONI_LOCUS6075,rna-CJOHNSTONI_LOCUS6075,180,protein_coding,Glutaredoxin-3  [Source:UniProtKB/TrEMBL;Acc:A0A8J2Q1A0],Cercopithifilaria johnstoni (PRJEB47283),protein_coding,cejohnprjeb47283
CJOHNSTONI_LOCUS9920,rna-CJOHNSTONI_LOCUS9920,179,protein_coding,DUF3456 domain-containing protein  [Source:UniProtKB/TrEMBL;Acc:A0A8J2M6Y8],Cercopithifilaria johnstoni (PRJEB47283),protein_coding,cejohnprjeb47283
CJOHNSTONI_LOCUS3642,rna-CJOHNSTONI_LOCUS3642,290,protein_coding,,Cercopithifilaria johnstoni (PRJEB47283),protein_coding,cejohnprjeb47283
CJOHNSTONI_LOCUS1916,rna-CJOHNSTONI_LOCUS1916,458,protein_coding,UBC core domain-containing protein  [Source:UniProtKB/TrEMBL;Acc:A0A8J2Q149],Cercopithifilaria johnstoni (PRJEB47283),protein_coding,cejohnprjeb47283
CJOHNSTONI_LOCUS10050,rna-CJOHNSTONI_LOCUS10050,201,protein_coding,TYR_PHOSPHATASE_2 domain-containing protein  [Source:UniProtKB/TrEMBL;Acc:A0A8J2MEP6],Cercopithifilaria johnstoni (PRJEB47283),protein_coding,cejohnprjeb47283
CJOHNSTONI_LOCUS3464,rna-CJOHNSTONI_LOCUS3464,233,protein_coding,PseudoU_synth_1 domain-containing protein  [Source:UniProtKB/TrEMBL;Acc:A0A8J2M099],Cercopithifilaria johnstoni (PRJEB47283),protein_coding,cejohnprjeb47283
CJOHNSTONI_LOCUS1814,rna-CJOHNSTONI_LOCUS1814,236,protein_coding,Acid-sensing ion channel 1-like  [Source:UniProtKB/TrEMBL;Acc:A0A8J2M1F1],Cercopithifilaria johnstoni (PRJEB47283),protein_coding,cejohnprjeb47283
CJOHNSTONI_LOCUS7516,rna-CJOHNSTONI_LOCUS7516,199,protein_coding,C2-C2_1 domain-containing protein  [Source:UniProtKB/TrEMBL;Acc:A0A8J2Q5V8],Cercopithifilaria johnstoni (PRJEB47283),protein_coding,cejohnprjeb47283
CJOHNSTONI_LOCUS7802,rna-CJOHNSTONI_LOCUS7802,621,protein_coding,Transcription initiation factor TFIID subunit 1  [Source:UniProtKB/TrEMBL;Acc:A0A8J2MBV2],Cercopithifilaria johnstoni (PRJEB47283),protein_coding,cejohnprjeb47283
CJOHNSTONI_LOCUS53,rna-CJOHNSTONI_LOCUS53,185,protein_coding,BUD22 domain-containing protein  [Source:UniProtKB/TrEMBL;Acc:A0A8J2Q7V4],Cercopithifilaria johnstoni (PRJEB47283),protein_coding,cejohnprjeb47283
CJOHNSTONI_LOCUS2353,rna-CJOHNSTONI_LOCUS2353,178,protein_coding,Protein kinase domain-containing protein  [Source:UniProtKB/TrEMBL;Acc:A0A8J2PY06],Cercopithifilaria johnstoni (PRJEB47283),protein_coding,cejohnprjeb47283
CJOHNSTONI_LOCUS208,rna-CJOHNSTONI_LOCUS208,164,protein_coding,6PF2K domain-containing protein  [Source:UniProtKB/TrEMBL;Acc:A0A8J2LMR2],Cercopithifilaria johnstoni (PRJEB47283),protein_coding,cejohnprjeb47283
CJOHNSTONI_LOCUS372,rna-CJOHNSTONI_LOCUS372,158,protein_coding,Mediator of RNA polymerase II transcription subunit 10  [Source:UniProtKB/TrEMBL;Acc:A0A8J2PPI9],Cercopithifilaria johnstoni (PRJEB47283),protein_coding,cejohnprjeb47283
CJOHNSTONI_LOCUS3273,rna-CJOHNSTONI_LOCUS3273,137,protein_coding,ABC transporter ATP-binding protein  [Source:UniProtKB/TrEMBL;Acc:A0A8J2PYU4],Cercopithifilaria johnstoni (PRJEB47283),protein_coding,cejohnprjeb47283
CJOHNSTONI_LOCUS9226,rna-CJOHNSTONI_LOCUS9226,211,protein_coding,AAA domain-containing protein  [Source:UniProtKB/TrEMBL;Acc:A0A8J2MBN5],Cercopithifilaria johnstoni (PRJEB47283),protein_coding,cejohnprjeb47283
CJOHNSTONI_LOCUS4893,rna-CJOHNSTONI_LOCUS4893,302,protein_coding,Zinc finger protein  [Source:UniProtKB/TrEMBL;Acc:A0A8J2PTD5],Cercopithifilaria johnstoni (PRJEB47283),protein_coding,cejohnprjeb47283
CJOHNSTONI_LOCUS6702,rna-CJOHNSTONI_LOCUS6702,197,protein_coding,G protein-coupled receptor  [Source:UniProtKB/TrEMBL;Acc:A0A8J2MQM4],Cercopithifilaria johnstoni (PRJEB47283),protein_coding,cejohnprjeb47283
CJOHNSTONI_LOCUS2093,rna-CJOHNSTONI_LOCUS2093,170,protein_coding,,Cercopithifilaria johnstoni (PRJEB47283),protein_coding,cejohnprjeb47283
CJOHNSTONI_LOCUS9344,rna-CJOHNSTONI_LOCUS9344,345,protein_coding,Conserved protein  [Source:UniProtKB/TrEMBL;Acc:A0A8J2MDQ6],Cercopithifilaria johnstoni (PRJEB47283),protein_coding,cejohnprjeb47283
CJOHNSTONI_LOCUS7013,rna-CJOHNSTONI_LOCUS7013,244,protein_coding,Major antigen  [Source:UniProtKB/TrEMBL;Acc:A0A8J2M0T5],Cercopithifilaria johnstoni (PRJEB47283),protein_coding,cejohnprjeb47283
CJOHNSTONI_LOCUS8330,rna-CJOHNSTONI_LOCUS8330,331,protein_coding,Suppressor of Ty 6 homolog  [Source:UniProtKB/TrEMBL;Acc:A0A8J2Q339],Cercopithifilaria johnstoni (PRJEB47283),protein_coding,cejohnprjeb47283
CJOHNSTONI_LOCUS4684,rna-CJOHNSTONI_LOCUS4684,228,protein_coding,Heat shock protein 60  [Source:UniProtKB/TrEMBL;Acc:A0A8J2Q713],Cercopithifilaria johnstoni (PRJEB47283),protein_coding,cejohnprjeb47283
CJOHNSTONI_LOCUS8920,rna-CJOHNSTONI_LOCUS8920,165,protein_coding,Anaphase-promoting complex subunit 10  [Source:UniProtKB/TrEMBL;Acc:A0A8J2Q6L9],Cercopithifilaria johnstoni (PRJEB47283),protein_coding,cejohnprjeb47283
CJOHNSTONI_LOCUS9303,rna-CJOHNSTONI_LOCUS9303,337,protein_coding,Glycosyltransferase 25 family member  [Source:UniProtKB/TrEMBL;Acc:A0A8J2MDM4],Cercopithifilaria johnstoni (PRJEB47283),protein_coding,cejohnprjeb47283
CJOHNSTONI_LOCUS4888,rna-CJOHNSTONI_LOCUS4888,241,protein_coding,Protein-tyrosine phosphatase  [Source:UniProtKB/TrEMBL;Acc:A0A8J2M491],Cercopithifilaria johnstoni (PRJEB47283),protein_coding,cejohnprjeb47283
CJOHNSTONI_LOCUS497,rna-CJOHNSTONI_LOCUS497,221,protein_coding,Scm-like with four MBT domains protein 2  [Source:UniProtKB/TrEMBL;Acc:A0A8J2LTY7],Cercopithifilaria johnstoni (PRJEB47283),protein_coding,cejohnprjeb47283
CJOHNSTONI_LOCUS2182,rna-CJOHNSTONI_LOCUS2182,203,protein_coding,BLOC-1-related complex subunit 5  [Source:UniProtKB/TrEMBL;Acc:A0A8J2Q1C5],Cercopithifilaria johnstoni (PRJEB47283),protein_coding,cejohnprjeb47283
CJOHNSTONI_LOCUS824,rna-CJOHNSTONI_LOCUS824,685,protein_coding,Trehalase  [Source:UniProtKB/TrEMBL;Acc:A0A8J2MIP5],Cercopithifilaria johnstoni (PRJEB47283),protein_coding,cejohnprjeb47283
CJOHNSTONI_LOCUS3495,rna-CJOHNSTONI_LOCUS3495,291,protein_coding,Exonuclease domain-containing protein  [Source:UniProtKB/TrEMBL;Acc:A0A8J2Q2J3],Cercopithifilaria johnstoni (PRJEB47283),protein_coding,cejohnprjeb47283
CJOHNSTONI_LOCUS8595,rna-CJOHNSTONI_LOCUS8595,407,protein_coding,PHB domain-containing protein  [Source:UniProtKB/TrEMBL;Acc:A0A8J2MCD0],Cercopithifilaria johnstoni (PRJEB47283),protein_coding,cejohnprjeb47283
CJOHNSTONI_LOCUS6909,rna-CJOHNSTONI_LOCUS6909,338,protein_coding,Bromodomain adjacent to zinc finger domain protein 2B  [Source:UniProtKB/TrEMBL;Acc:A0A8J2M705],Cercopithifilaria johnstoni (PRJEB47283),protein_coding,cejohnprjeb47283
CJOHNSTONI_LOCUS6470,rna-CJOHNSTONI_LOCUS6470,323,protein_coding,Integrin_alpha2 domain-containing protein  [Source:UniProtKB/TrEMBL;Acc:A0A8J2M060],Cercopithifilaria johnstoni (PRJEB47283),protein_coding,cejohnprjeb47283
CJOHNSTONI_LOCUS5120,rna-CJOHNSTONI_LOCUS5120,296,protein_coding,Col_cuticle_N domain-containing protein  [Source:UniProtKB/TrEMBL;Acc:A0A8J2M4P0],Cercopithifilaria johnstoni (PRJEB47283),protein_coding,cejohnprjeb47283
CJOHNSTONI_LOCUS7644,rna-CJOHNSTONI_LOCUS7644,258,protein_coding,Cyclin N-terminal domain-containing protein  [Source:UniProtKB/TrEMBL;Acc:A0A8J2MBJ9],Cercopithifilaria johnstoni (PRJEB47283),protein_coding,cejohnprjeb47283
CJOHNSTONI_LOCUS3891,rna-CJOHNSTONI_LOCUS3891-2,223,protein_coding,Fibronectin type-III domain-containing protein  [Source:UniProtKB/TrEMBL;Acc:A0A8J2M2D3],Cercopithifilaria johnstoni (PRJEB47283),protein_coding,cejohnprjeb47283
CJOHNSTONI_LOCUS5592,rna-CJOHNSTONI_LOCUS5592,221,protein_coding,Amiloride-sensitive sodium channel  [Source:UniProtKB/TrEMBL;Acc:A0A8J2Q7J2],Cercopithifilaria johnstoni (PRJEB47283),protein_coding,cejohnprjeb47283
CJOHNSTONI_LOCUS3992,rna-CJOHNSTONI_LOCUS3992,946,protein_coding,MH2 domain-containing protein  [Source:UniProtKB/TrEMBL;Acc:A0A8J2PZI1],Cercopithifilaria johnstoni (PRJEB47283),protein_coding,cejohnprjeb47283
CJOHNSTONI_LOCUS8544,rna-CJOHNSTONI_LOCUS8544,219,protein_coding,BZIP domain-containing protein  [Source:UniProtKB/TrEMBL;Acc:A0A8J2M344],Cercopithifilaria johnstoni (PRJEB47283),protein_coding,cejohnprjeb47283
CJOHNSTONI_LOCUS9532,rna-CJOHNSTONI_LOCUS9532,199,protein_coding,U6 snRNA-associated Sm-like protein LSm8  [Source:UniProtKB/TrEMBL;Acc:A0A8J2M5Z0],Cercopithifilaria johnstoni (PRJEB47283),protein_coding,cejohnprjeb47283
CJOHNSTONI_LOCUS2545,rna-CJOHNSTONI_LOCUS2545,174,protein_coding,,Cercopithifilaria johnstoni (PRJEB47283),protein_coding,cejohnprjeb47283
CJOHNSTONI_LOCUS9790,rna-CJOHNSTONI_LOCUS9790,500,protein_coding,AMP-binding domain-containing protein  [Source:UniProtKB/TrEMBL;Acc:A0A8J2MF12],Cercopithifilaria johnstoni (PRJEB47283),protein_coding,cejohnprjeb47283
CJOHNSTONI_LOCUS9451,rna-CJOHNSTONI_LOCUS9451,404,protein_coding,IGFBP N-terminal domain-containing protein  [Source:UniProtKB/TrEMBL;Acc:A0A8J2M4Q0],Cercopithifilaria johnstoni (PRJEB47283),protein_coding,cejohnprjeb47283
CJOHNSTONI_LOCUS43,rna-CJOHNSTONI_LOCUS43,284,protein_coding,Acyl-coenzyme A oxidase  [Source:UniProtKB/TrEMBL;Acc:A0A8J2MHJ0],Cercopithifilaria johnstoni (PRJEB47283),protein_coding,cejohnprjeb47283
CJOHNSTONI_LOCUS8685,rna-CJOHNSTONI_LOCUS8685,163,protein_coding,40S ribosomal protein S23  [Source:UniProtKB/TrEMBL;Acc:A0A8J2MCP0],Cercopithifilaria johnstoni (PRJEB47283),protein_coding,cejohnprjeb47283
CJOHNSTONI_LOCUS3668,rna-CJOHNSTONI_LOCUS3668,275,protein_coding,Apple domain-containing protein  [Source:UniProtKB/TrEMBL;Acc:A0A8J2M4F5],Cercopithifilaria johnstoni (PRJEB47283),protein_coding,cejohnprjeb47283
CJOHNSTONI_LOCUS4677,rna-CJOHNSTONI_LOCUS4677,188,protein_coding,Tr-type G domain-containing protein  [Source:UniProtKB/TrEMBL;Acc:A0A8J2MMT2],Cercopithifilaria johnstoni (PRJEB47283),protein_coding,cejohnprjeb47283
CJOHNSTONI_LOCUS9594,rna-CJOHNSTONI_LOCUS9594,263,protein_coding,Nuclear pore protein  [Source:UniProtKB/TrEMBL;Acc:A0A8J2MUS2],Cercopithifilaria johnstoni (PRJEB47283),protein_coding,cejohnprjeb47283
CJOHNSTONI_LOCUS9846,rna-CJOHNSTONI_LOCUS9846,242,protein_coding,AhpC-TSA domain-containing protein  [Source:UniProtKB/TrEMBL;Acc:A0A8J2MCN7],Cercopithifilaria johnstoni (PRJEB47283),protein_coding,cejohnprjeb47283
CJOHNSTONI_LOCUS6823,rna-CJOHNSTONI_LOCUS6823,194,protein_coding,Secreted protein  [Source:UniProtKB/TrEMBL;Acc:A0A8J2Q1V0],Cercopithifilaria johnstoni (PRJEB47283),protein_coding,cejohnprjeb47283
CJOHNSTONI_LOCUS1554,rna-CJOHNSTONI_LOCUS1554,204,protein_coding,,Cercopithifilaria johnstoni (PRJEB47283),protein_coding,cejohnprjeb47283
CJOHNSTONI_LOCUS6534,rna-CJOHNSTONI_LOCUS6534,195,protein_coding,Dual specificity protein phosphatase 14  [Source:UniProtKB/TrEMBL;Acc:A0A8J2M6V7],Cercopithifilaria johnstoni (PRJEB47283),protein_coding,cejohnprjeb47283
CJOHNSTONI_LOCUS4843,rna-CJOHNSTONI_LOCUS4843,194,protein_coding,CDT1 domain-containing protein  [Source:UniProtKB/TrEMBL;Acc:A0A8J2M2A5],Cercopithifilaria johnstoni (PRJEB47283),protein_coding,cejohnprjeb47283
CJOHNSTONI_LOCUS203,rna-CJOHNSTONI_LOCUS203,186,protein_coding,DBR1 domain-containing protein  [Source:UniProtKB/TrEMBL;Acc:A0A8J2Q301],Cercopithifilaria johnstoni (PRJEB47283),protein_coding,cejohnprjeb47283
CJOHNSTONI_LOCUS8523,rna-CJOHNSTONI_LOCUS8523,181,protein_coding,AAA domain-containing protein  [Source:UniProtKB/TrEMBL;Acc:A0A8J2MBM2],Cercopithifilaria johnstoni (PRJEB47283),protein_coding,cejohnprjeb47283
CJOHNSTONI_LOCUS5041,rna-CJOHNSTONI_LOCUS5041,216,protein_coding,C2 domain-containing protein  [Source:UniProtKB/TrEMBL;Acc:A0A8J2Q0B3],Cercopithifilaria johnstoni (PRJEB47283),protein_coding,cejohnprjeb47283
CJOHNSTONI_LOCUS458,rna-CJOHNSTONI_LOCUS458,156,protein_coding,"39S ribosomal protein L41, mitochondrial  [Source:UniProtKB/TrEMBL;Acc:A0A8J2MHH6]",Cercopithifilaria johnstoni (PRJEB47283),protein_coding,cejohnprjeb47283
CJOHNSTONI_LOCUS7584,rna-CJOHNSTONI_LOCUS7584,155,protein_coding,ADH_zinc_N domain-containing protein  [Source:UniProtKB/TrEMBL;Acc:A0A8J2QAQ6],Cercopithifilaria johnstoni (PRJEB47283),protein_coding,cejohnprjeb47283
CJOHNSTONI_LOCUS3493,rna-CJOHNSTONI_LOCUS3493,380,protein_coding,Ovule protein  [Source:UniProtKB/TrEMBL;Acc:A0A8J2Q5M5],Cercopithifilaria johnstoni (PRJEB47283),protein_coding,cejohnprjeb47283
CJOHNSTONI_LOCUS7138,rna-CJOHNSTONI_LOCUS7138,350,protein_coding,,Cercopithifilaria johnstoni (PRJEB47283),protein_coding,cejohnprjeb47283
CJOHNSTONI_LOCUS2010,rna-CJOHNSTONI_LOCUS2010,274,protein_coding,PlsC domain-containing protein  [Source:UniProtKB/TrEMBL;Acc:A0A8J2Q8Y9],Cercopithifilaria johnstoni (PRJEB47283),protein_coding,cejohnprjeb47283
CJOHNSTONI_LOCUS4550,rna-CJOHNSTONI_LOCUS4550,443,protein_coding,RRM domain-containing protein  [Source:UniProtKB/TrEMBL;Acc:A0A8J2LTA7],Cercopithifilaria johnstoni (PRJEB47283),protein_coding,cejohnprjeb47283
CJOHNSTONI_LOCUS703,rna-CJOHNSTONI_LOCUS703,204,protein_coding,Mitochondrial import receptor subunit TOM70  [Source:UniProtKB/TrEMBL;Acc:A0A8J2Q036],Cercopithifilaria johnstoni (PRJEB47283),protein_coding,cejohnprjeb47283
CJOHNSTONI_LOCUS2560,rna-CJOHNSTONI_LOCUS2560,98,protein_coding,Transcriptional regulator  [Source:UniProtKB/TrEMBL;Acc:A0A8J2LXT9],Cercopithifilaria johnstoni (PRJEB47283),protein_coding,cejohnprjeb47283
CJOHNSTONI_LOCUS8284,rna-CJOHNSTONI_LOCUS8284,287,protein_coding,,Cercopithifilaria johnstoni (PRJEB47283),protein_coding,cejohnprjeb47283
CJOHNSTONI_LOCUS6806,rna-CJOHNSTONI_LOCUS6806,176,protein_coding,U5 small nuclear ribonucleoprotein 40 kDa protein  [Source:UniProtKB/TrEMBL;Acc:A0A8J2Q889],Cercopithifilaria johnstoni (PRJEB47283),protein_coding,cejohnprjeb47283
CJOHNSTONI_LOCUS2233,rna-CJOHNSTONI_LOCUS2233,434,protein_coding,,Cercopithifilaria johnstoni (PRJEB47283),protein_coding,cejohnprjeb47283
CJOHNSTONI_LOCUS9833,rna-CJOHNSTONI_LOCUS9833,367,protein_coding,Thioredoxin_16 domain-containing protein  [Source:UniProtKB/TrEMBL;Acc:A0A8J2MF39],Cercopithifilaria johnstoni (PRJEB47283),protein_coding,cejohnprjeb47283
CJOHNSTONI_LOCUS6014,rna-CJOHNSTONI_LOCUS6014,280,protein_coding,INCENP_ARK-bind domain-containing protein  [Source:UniProtKB/TrEMBL;Acc:A0A8J2M6I9],Cercopithifilaria johnstoni (PRJEB47283),protein_coding,cejohnprjeb47283
CJOHNSTONI_LOCUS705,rna-CJOHNSTONI_LOCUS705,332,protein_coding,Vezatin  [Source:UniProtKB/TrEMBL;Acc:A0A8J2LLP9],Cercopithifilaria johnstoni (PRJEB47283),protein_coding,cejohnprjeb47283
CJOHNSTONI_LOCUS3743,rna-CJOHNSTONI_LOCUS3743,242,protein_coding,,Cercopithifilaria johnstoni (PRJEB47283),protein_coding,cejohnprjeb47283
CJOHNSTONI_LOCUS5121,rna-CJOHNSTONI_LOCUS5121,233,protein_coding,Secreted protein  [Source:UniProtKB/TrEMBL;Acc:A0A8J2M4I2],Cercopithifilaria johnstoni (PRJEB47283),protein_coding,cejohnprjeb47283
CJOHNSTONI_LOCUS3341,rna-CJOHNSTONI_LOCUS3341,210,protein_coding,DUF4283 domain-containing protein  [Source:UniProtKB/TrEMBL;Acc:A0A8J2PYW5],Cercopithifilaria johnstoni (PRJEB47283),protein_coding,cejohnprjeb47283
CJOHNSTONI_LOCUS5237,rna-CJOHNSTONI_LOCUS5237,198,protein_coding,Peptidase S1 domain-containing protein  [Source:UniProtKB/TrEMBL;Acc:A0A8J2MNK0],Cercopithifilaria johnstoni (PRJEB47283),protein_coding,cejohnprjeb47283
CJOHNSTONI_LOCUS5287,rna-CJOHNSTONI_LOCUS5287,169,protein_coding,Voltage-dependent anion-selective channel protein 3  [Source:UniProtKB/TrEMBL;Acc:A0A8J2LVK2],Cercopithifilaria johnstoni (PRJEB47283),protein_coding,cejohnprjeb47283
CJOHNSTONI_LOCUS7992,rna-CJOHNSTONI_LOCUS7992,164,protein_coding,"CDGSH iron-sulfur domain-containing protein 3, mitochondrial  [Source:UniProtKB/TrEMBL;Acc:A0A8J2MC84]",Cercopithifilaria johnstoni (PRJEB47283),protein_coding,cejohnprjeb47283
CJOHNSTONI_LOCUS5018,rna-CJOHNSTONI_LOCUS5018,155,protein_coding,Homeobox domain-containing protein  [Source:UniProtKB/TrEMBL;Acc:A0A8J2M348],Cercopithifilaria johnstoni (PRJEB47283),protein_coding,cejohnprjeb47283
CJOHNSTONI_LOCUS7811,rna-CJOHNSTONI_LOCUS7811,511,protein_coding,Dehydrogenase/reductase SDR family member 7B  [Source:UniProtKB/TrEMBL;Acc:A0A8J2M8P9],Cercopithifilaria johnstoni (PRJEB47283),protein_coding,cejohnprjeb47283
CJOHNSTONI_LOCUS7768,rna-CJOHNSTONI_LOCUS7768,344,protein_coding,DNA-directed RNA polymerase III subunit RPC6  [Source:UniProtKB/TrEMBL;Acc:A0A8J2M8M5],Cercopithifilaria johnstoni (PRJEB47283),protein_coding,cejohnprjeb47283
CJOHNSTONI_LOCUS6517,rna-CJOHNSTONI_LOCUS6517,321,protein_coding,DNA polymerase epsilon catalytic subunit  [Source:UniProtKB/TrEMBL;Acc:A0A8J2M748],Cercopithifilaria johnstoni (PRJEB47283),protein_coding,cejohnprjeb47283
CJOHNSTONI_LOCUS9426,rna-CJOHNSTONI_LOCUS9426,236,protein_coding,RNase H type-1 domain-containing protein  [Source:UniProtKB/TrEMBL;Acc:A0A8J2MU36],Cercopithifilaria johnstoni (PRJEB47283),protein_coding,cejohnprjeb47283
CJOHNSTONI_LOCUS6704,rna-CJOHNSTONI_LOCUS6704,139,protein_coding,HNH homing endonuclease  [Source:UniProtKB/TrEMBL;Acc:A0A8J2M846],Cercopithifilaria johnstoni (PRJEB47283),protein_coding,cejohnprjeb47283
CJOHNSTONI_LOCUS749,rna-CJOHNSTONI_LOCUS749,200,protein_coding,,Cercopithifilaria johnstoni (PRJEB47283),protein_coding,cejohnprjeb47283
CJOHNSTONI_LOCUS8279,rna-CJOHNSTONI_LOCUS8279,1983,protein_coding,VWFA domain-containing protein  [Source:UniProtKB/TrEMBL;Acc:A0A8J2MSW4],Cercopithifilaria johnstoni (PRJEB47283),protein_coding,cejohnprjeb47283
CJOHNSTONI_LOCUS6305,rna-CJOHNSTONI_LOCUS6305,282,protein_coding,C2 domain-containing protein  [Source:UniProtKB/TrEMBL;Acc:A0A8J2QAG1],Cercopithifilaria johnstoni (PRJEB47283),protein_coding,cejohnprjeb47283
CJOHNSTONI_LOCUS9542,rna-CJOHNSTONI_LOCUS9542,237,protein_coding,,Cercopithifilaria johnstoni (PRJEB47283),protein_coding,cejohnprjeb47283
CJOHNSTONI_LOCUS9330,rna-CJOHNSTONI_LOCUS9330,203,protein_coding,PRESAN domain-containing protein  [Source:UniProtKB/TrEMBL;Acc:A0A8J2MFH5],Cercopithifilaria johnstoni (PRJEB47283),protein_coding,cejohnprjeb47283
CJOHNSTONI_LOCUS1656,rna-CJOHNSTONI_LOCUS1656,1019,protein_coding,Apple domain-containing protein  [Source:UniProtKB/TrEMBL;Acc:A0A8J2MK10],Cercopithifilaria johnstoni (PRJEB47283),protein_coding,cejohnprjeb47283
CJOHNSTONI_LOCUS1136,rna-CJOHNSTONI_LOCUS1136,162,protein_coding,Membrane-associated kinase regulator 6  [Source:UniProtKB/TrEMBL;Acc:A0A8J2LVI8],Cercopithifilaria johnstoni (PRJEB47283),protein_coding,cejohnprjeb47283
CJOHNSTONI_LOCUS6337,rna-CJOHNSTONI_LOCUS6337,303,protein_coding,RRM domain-containing protein  [Source:UniProtKB/TrEMBL;Acc:A0A8J2M6T8],Cercopithifilaria johnstoni (PRJEB47283),protein_coding,cejohnprjeb47283
CJOHNSTONI_LOCUS4901,rna-CJOHNSTONI_LOCUS4901,203,protein_coding,NAB domain-containing protein  [Source:UniProtKB/TrEMBL;Acc:A0A8J2M499],Cercopithifilaria johnstoni (PRJEB47283),protein_coding,cejohnprjeb47283
CJOHNSTONI_LOCUS9907,rna-CJOHNSTONI_LOCUS9907,260,protein_coding,,Cercopithifilaria johnstoni (PRJEB47283),protein_coding,cejohnprjeb47283
CJOHNSTONI_LOCUS10487,rna-CJOHNSTONI_LOCUS10487,334,protein_coding,cathepsin X  [Source:UniProtKB/TrEMBL;Acc:A0A8J2MV53],Cercopithifilaria johnstoni (PRJEB47283),protein_coding,cejohnprjeb47283
CJOHNSTONI_LOCUS3165,rna-CJOHNSTONI_LOCUS3165,227,protein_coding,Cysteine-rich protein 1  [Source:UniProtKB/TrEMBL;Acc:A0A8J2LQK5],Cercopithifilaria johnstoni (PRJEB47283),protein_coding,cejohnprjeb47283
CJOHNSTONI_LOCUS1243,rna-CJOHNSTONI_LOCUS1243,148,protein_coding,Interglobin  [Source:UniProtKB/TrEMBL;Acc:A0A8J2Q3R3],Cercopithifilaria johnstoni (PRJEB47283),protein_coding,cejohnprjeb47283
CJOHNSTONI_LOCUS6475,rna-CJOHNSTONI_LOCUS6475,289,protein_coding,Amyloid protein-binding protein 2  [Source:UniProtKB/TrEMBL;Acc:A0A8J2M719],Cercopithifilaria johnstoni (PRJEB47283),protein_coding,cejohnprjeb47283
CJOHNSTONI_LOCUS8845,rna-CJOHNSTONI_LOCUS8845,162,protein_coding,Histone domain-containing protein  [Source:UniProtKB/TrEMBL;Acc:A0A8J2MD13],Cercopithifilaria johnstoni (PRJEB47283),protein_coding,cejohnprjeb47283
CJOHNSTONI_LOCUS7728,rna-CJOHNSTONI_LOCUS7728,174,protein_coding,Protein muscleblind  [Source:UniProtKB/TrEMBL;Acc:A0A8J2MAH6],Cercopithifilaria johnstoni (PRJEB47283),protein_coding,cejohnprjeb47283
CJOHNSTONI_LOCUS8412,rna-CJOHNSTONI_LOCUS8412,283,protein_coding,TIR domain-containing protein  [Source:UniProtKB/TrEMBL;Acc:A0A8J2MSV5],Cercopithifilaria johnstoni (PRJEB47283),protein_coding,cejohnprjeb47283
CJOHNSTONI_LOCUS8215,rna-CJOHNSTONI_LOCUS8215,391,protein_coding,Rho-related GTP-binding protein RhoU  [Source:UniProtKB/TrEMBL;Acc:A0A8J2Q6B4],Cercopithifilaria johnstoni (PRJEB47283),protein_coding,cejohnprjeb47283
CJOHNSTONI_LOCUS9066,rna-CJOHNSTONI_LOCUS9066,271,protein_coding,RRM domain-containing protein  [Source:UniProtKB/TrEMBL;Acc:A0A8J2MTZ3],Cercopithifilaria johnstoni (PRJEB47283),protein_coding,cejohnprjeb47283
CJOHNSTONI_LOCUS9323,rna-CJOHNSTONI_LOCUS9323,229,protein_coding,60S ribosomal protein L5  [Source:UniProtKB/TrEMBL;Acc:A0A8J2Q3S9],Cercopithifilaria johnstoni (PRJEB47283),protein_coding,cejohnprjeb47283
CJOHNSTONI_LOCUS8317,rna-CJOHNSTONI_LOCUS8317,160,protein_coding,Protein kinase domain-containing protein  [Source:UniProtKB/TrEMBL;Acc:A0A8J2M2R7],Cercopithifilaria johnstoni (PRJEB47283),protein_coding,cejohnprjeb47283
CJOHNSTONI_LOCUS3304,rna-CJOHNSTONI_LOCUS3304,452,protein_coding,,Cercopithifilaria johnstoni (PRJEB47283),protein_coding,cejohnprjeb47283
CJOHNSTONI_LOCUS4585,rna-CJOHNSTONI_LOCUS4585,232,protein_coding,RNA-directed RNA polymerase  [Source:UniProtKB/TrEMBL;Acc:A0A8J2M3G6],Cercopithifilaria johnstoni (PRJEB47283),protein_coding,cejohnprjeb47283
CJOHNSTONI_LOCUS5392,rna-CJOHNSTONI_LOCUS5392,186,protein_coding,Histone chaperone asf1  [Source:UniProtKB/TrEMBL;Acc:A0A8J2LY08],Cercopithifilaria johnstoni (PRJEB47283),protein_coding,cejohnprjeb47283
CJOHNSTONI_LOCUS5294,rna-CJOHNSTONI_LOCUS5294,379,protein_coding,receptor protein-tyrosine kinase  [Source:UniProtKB/TrEMBL;Acc:A0A8J2Q7E3],Cercopithifilaria johnstoni (PRJEB47283),protein_coding,cejohnprjeb47283
CJOHNSTONI_LOCUS8886,rna-CJOHNSTONI_LOCUS8886,203,protein_coding,Phosphatidylinositol 4-kinase type 2  [Source:UniProtKB/TrEMBL;Acc:A0A8J2MCE9],Cercopithifilaria johnstoni (PRJEB47283),protein_coding,cejohnprjeb47283
CJOHNSTONI_LOCUS1759,rna-CJOHNSTONI_LOCUS1759,1631,protein_coding,Dentin sialophosphoprotein-like  [Source:UniProtKB/TrEMBL;Acc:A0A8J2M1C3],Cercopithifilaria johnstoni (PRJEB47283),protein_coding,cejohnprjeb47283
CJOHNSTONI_LOCUS10106,rna-CJOHNSTONI_LOCUS10106,219,protein_coding,Caspase-2  [Source:UniProtKB/TrEMBL;Acc:A0A8J2MFV2],Cercopithifilaria johnstoni (PRJEB47283),protein_coding,cejohnprjeb47283
CJOHNSTONI_LOCUS4169,rna-CJOHNSTONI_LOCUS4169,194,protein_coding,,Cercopithifilaria johnstoni (PRJEB47283),protein_coding,cejohnprjeb47283
CJOHNSTONI_LOCUS6039,rna-CJOHNSTONI_LOCUS6039,196,protein_coding,Transcription initiation factor TFIID subunit 10  [Source:UniProtKB/TrEMBL;Acc:A0A8J2M8F6],Cercopithifilaria johnstoni (PRJEB47283),protein_coding,cejohnprjeb47283
CJOHNSTONI_LOCUS1715,rna-CJOHNSTONI_LOCUS1715,234,protein_coding,Nucleotide-diphospho-sugar transferase  [Source:UniProtKB/TrEMBL;Acc:A0A8J2M1A2],Cercopithifilaria johnstoni (PRJEB47283),protein_coding,cejohnprjeb47283
CJOHNSTONI_LOCUS7189,rna-CJOHNSTONI_LOCUS7189,181,protein_coding,C2 domain-containing protein  [Source:UniProtKB/TrEMBL;Acc:A0A8J2M9A7],Cercopithifilaria johnstoni (PRJEB47283),protein_coding,cejohnprjeb47283
CJOHNSTONI_LOCUS5206,rna-CJOHNSTONI_LOCUS5206,1217,protein_coding,Serine/threonine-protein kinase DDB_G0282963  [Source:UniProtKB/TrEMBL;Acc:A0A8J2LV83],Cercopithifilaria johnstoni (PRJEB47283),protein_coding,cejohnprjeb47283
CJOHNSTONI_LOCUS1491,rna-CJOHNSTONI_LOCUS1491,355,protein_coding,PWWP domain-containing protein  [Source:UniProtKB/TrEMBL;Acc:A0A8J2LW54],Cercopithifilaria johnstoni (PRJEB47283),protein_coding,cejohnprjeb47283
CJOHNSTONI_LOCUS7409,rna-CJOHNSTONI_LOCUS7409,1753,protein_coding,SH2 domain-containing protein  [Source:UniProtKB/TrEMBL;Acc:A0A8J2M9K8],Cercopithifilaria johnstoni (PRJEB47283),protein_coding,cejohnprjeb47283
CJOHNSTONI_LOCUS5587,rna-CJOHNSTONI_LOCUS5587,203,protein_coding,Ground-like domain-containing protein  [Source:UniProtKB/TrEMBL;Acc:A0A8J2M7L0],Cercopithifilaria johnstoni (PRJEB47283),protein_coding,cejohnprjeb47283
CJOHNSTONI_LOCUS6502,rna-CJOHNSTONI_LOCUS6502,227,protein_coding,"Glutamyl-tRNA(Gln) amidotransferase subunit B, mitochondrial  [Source:UniProtKB/TrEMBL;Acc:A0A8J2M739]",Cercopithifilaria johnstoni (PRJEB47283),protein_coding,cejohnprjeb47283
CJOHNSTONI_LOCUS207,rna-CJOHNSTONI_LOCUS207,338,protein_coding,Protein TIC 214  [Source:UniProtKB/TrEMBL;Acc:A0A8J2LKY0],Cercopithifilaria johnstoni (PRJEB47283),protein_coding,cejohnprjeb47283
CJOHNSTONI_LOCUS4158,rna-CJOHNSTONI_LOCUS4158,188,protein_coding,Zinc finger CCCH domain-containing protein 15  [Source:UniProtKB/TrEMBL;Acc:A0A8J2MMS2],Cercopithifilaria johnstoni (PRJEB47283),protein_coding,cejohnprjeb47283
CJOHNSTONI_LOCUS8713,rna-CJOHNSTONI_LOCUS8713,239,protein_coding,CaMBD domain-containing protein  [Source:UniProtKB/TrEMBL;Acc:A0A8J2MAV5],Cercopithifilaria johnstoni (PRJEB47283),protein_coding,cejohnprjeb47283
CJOHNSTONI_LOCUS5934,rna-CJOHNSTONI_LOCUS5934,566,protein_coding,Myelin expression factor 2  [Source:UniProtKB/TrEMBL;Acc:A0A8J2PU89],Cercopithifilaria johnstoni (PRJEB47283),protein_coding,cejohnprjeb47283
CJOHNSTONI_LOCUS2548,rna-CJOHNSTONI_LOCUS2548,234,protein_coding,Anaphase-promoting complex subunit 13  [Source:UniProtKB/TrEMBL;Acc:A0A8J2LZZ3],Cercopithifilaria johnstoni (PRJEB47283),protein_coding,cejohnprjeb47283
CJOHNSTONI_LOCUS8432,rna-CJOHNSTONI_LOCUS8432,187,protein_coding,RRM domain-containing protein  [Source:UniProtKB/TrEMBL;Acc:A0A8J2Q8T3],Cercopithifilaria johnstoni (PRJEB47283),protein_coding,cejohnprjeb47283
CJOHNSTONI_LOCUS7080,rna-CJOHNSTONI_LOCUS7080,341,protein_coding,Ovule protein  [Source:UniProtKB/TrEMBL;Acc:A0A8J2Q5N0],Cercopithifilaria johnstoni (PRJEB47283),protein_coding,cejohnprjeb47283
CJOHNSTONI_LOCUS10024,rna-CJOHNSTONI_LOCUS10024,268,protein_coding,Partitioning defective protein 3  [Source:UniProtKB/TrEMBL;Acc:A0A8J2MCX6],Cercopithifilaria johnstoni (PRJEB47283),protein_coding,cejohnprjeb47283
CJOHNSTONI_LOCUS7586,rna-CJOHNSTONI_LOCUS7586,257,protein_coding,40S ribosomal protein S3a  [Source:UniProtKB/TrEMBL;Acc:A0A8J2M277],Cercopithifilaria johnstoni (PRJEB47283),protein_coding,cejohnprjeb47283
CJOHNSTONI_LOCUS5814,rna-CJOHNSTONI_LOCUS5814,246,protein_coding,G_PROTEIN_RECEP_F1_2 domain-containing protein  [Source:UniProtKB/TrEMBL;Acc:A0A8J2M5T4],Cercopithifilaria johnstoni (PRJEB47283),protein_coding,cejohnprjeb47283
CJOHNSTONI_LOCUS9324,rna-CJOHNSTONI_LOCUS9324,177,protein_coding,,Cercopithifilaria johnstoni (PRJEB47283),protein_coding,cejohnprjeb47283
CJOHNSTONI_LOCUS10425,rna-CJOHNSTONI_LOCUS10425,170,protein_coding,Collagen triple helix repeat protein  [Source:UniProtKB/TrEMBL;Acc:A0A8J2Q9L1],Cercopithifilaria johnstoni (PRJEB47283),protein_coding,cejohnprjeb47283
CJOHNSTONI_LOCUS5213,rna-CJOHNSTONI_LOCUS5213,170,protein_coding,Transmembrane protein 199  [Source:UniProtKB/TrEMBL;Acc:A0A8J2M4P2],Cercopithifilaria johnstoni (PRJEB47283),protein_coding,cejohnprjeb47283
CJOHNSTONI_LOCUS3124,rna-CJOHNSTONI_LOCUS3124,167,protein_coding,Microtubule-associated protein RP/EB family member 1  [Source:UniProtKB/TrEMBL;Acc:A0A8J2MLN0],Cercopithifilaria johnstoni (PRJEB47283),protein_coding,cejohnprjeb47283
CJOHNSTONI_LOCUS4009,rna-CJOHNSTONI_LOCUS4009,271,protein_coding,M-phase phosphoprotein 9  [Source:UniProtKB/TrEMBL;Acc:A0A8J2Q9S4],Cercopithifilaria johnstoni (PRJEB47283),protein_coding,cejohnprjeb47283
CJOHNSTONI_LOCUS425,rna-CJOHNSTONI_LOCUS425,215,protein_coding,Innexin  [Source:UniProtKB/TrEMBL;Acc:A0A8J2PZQ4],Cercopithifilaria johnstoni (PRJEB47283),protein_coding,cejohnprjeb47283
CJOHNSTONI_LOCUS5924,rna-CJOHNSTONI_LOCUS5924,242,protein_coding,Protein kinase domain-containing protein  [Source:UniProtKB/TrEMBL;Acc:A0A8J2LZ41],Cercopithifilaria johnstoni (PRJEB47283),protein_coding,cejohnprjeb47283
CJOHNSTONI_LOCUS10274,rna-CJOHNSTONI_LOCUS10274,208,protein_coding,PQ loop repeat family protein  [Source:UniProtKB/TrEMBL;Acc:A0A8J2M5W5],Cercopithifilaria johnstoni (PRJEB47283),protein_coding,cejohnprjeb47283
CJOHNSTONI_LOCUS4586,rna-CJOHNSTONI_LOCUS4586,170,protein_coding,Probable cytosolic iron-sulfur protein assembly protein CIAO1 homolog  [Source:UniProtKB/TrEMBL;Acc:A0A8J2M337],Cercopithifilaria johnstoni (PRJEB47283),protein_coding,cejohnprjeb47283
CJOHNSTONI_LOCUS483,rna-CJOHNSTONI_LOCUS483,157,protein_coding,Zinc finger protein ZPR1  [Source:UniProtKB/TrEMBL;Acc:A0A8J2LLD2],Cercopithifilaria johnstoni (PRJEB47283),protein_coding,cejohnprjeb47283
CJOHNSTONI_LOCUS7834,rna-CJOHNSTONI_LOCUS7834,129,protein_coding,Transposase  [Source:UniProtKB/TrEMBL;Acc:A0A8J2PWQ1],Cercopithifilaria johnstoni (PRJEB47283),protein_coding,cejohnprjeb47283
CJOHNSTONI_LOCUS4928,rna-CJOHNSTONI_LOCUS4928,242,protein_coding,PAN domain protein  [Source:UniProtKB/TrEMBL;Acc:A0A8J2M461],Cercopithifilaria johnstoni (PRJEB47283),protein_coding,cejohnprjeb47283
CJOHNSTONI_LOCUS3987,rna-CJOHNSTONI_LOCUS3987,145,protein_coding,RF_PROK_I domain-containing protein  [Source:UniProtKB/TrEMBL;Acc:A0A8J2M2J3],Cercopithifilaria johnstoni (PRJEB47283),protein_coding,cejohnprjeb47283
CJOHNSTONI_LOCUS7520,rna-CJOHNSTONI_LOCUS7520,417,protein_coding,Palmitoyltransferase  [Source:UniProtKB/TrEMBL;Acc:A0A8J2M858],Cercopithifilaria johnstoni (PRJEB47283),protein_coding,cejohnprjeb47283
CJOHNSTONI_LOCUS7882,rna-CJOHNSTONI_LOCUS7882,271,protein_coding,Laminin N-terminal domain-containing protein  [Source:UniProtKB/TrEMBL;Acc:A0A8J2MAV2],Cercopithifilaria johnstoni (PRJEB47283),protein_coding,cejohnprjeb47283
CJOHNSTONI_LOCUS3536,rna-CJOHNSTONI_LOCUS3536,351,protein_coding,Cadherin domain-containing protein  [Source:UniProtKB/TrEMBL;Acc:A0A8J2Q2K3],Cercopithifilaria johnstoni (PRJEB47283),protein_coding,cejohnprjeb47283
CJOHNSTONI_LOCUS3408,rna-CJOHNSTONI_LOCUS3408,126,protein_coding,Ribosomal protein L2  [Source:UniProtKB/TrEMBL;Acc:A0A8J2M067],Cercopithifilaria johnstoni (PRJEB47283),protein_coding,cejohnprjeb47283
CJOHNSTONI_LOCUS6569,rna-CJOHNSTONI_LOCUS6569,171,protein_coding,C2 domain-containing protein  [Source:UniProtKB/TrEMBL;Acc:A0A8J2M6D3],Cercopithifilaria johnstoni (PRJEB47283),protein_coding,cejohnprjeb47283
CJOHNSTONI_LOCUS3859,rna-CJOHNSTONI_LOCUS3859,677,protein_coding,FYVE-type domain-containing protein  [Source:UniProtKB/TrEMBL;Acc:A0A8J2M0C5],Cercopithifilaria johnstoni (PRJEB47283),protein_coding,cejohnprjeb47283
CJOHNSTONI_LOCUS38,rna-CJOHNSTONI_LOCUS38,217,protein_coding,Piwi domain-containing protein  [Source:UniProtKB/TrEMBL;Acc:A0A8J2Q7V1],Cercopithifilaria johnstoni (PRJEB47283),protein_coding,cejohnprjeb47283
CJOHNSTONI_LOCUS4438,rna-CJOHNSTONI_LOCUS4438,249,protein_coding,,Cercopithifilaria johnstoni (PRJEB47283),protein_coding,cejohnprjeb47283
CJOHNSTONI_LOCUS5403,rna-CJOHNSTONI_LOCUS5403,239,protein_coding,PNP_UDP_1 domain-containing protein  [Source:UniProtKB/TrEMBL;Acc:A0A8J2LWM6],Cercopithifilaria johnstoni (PRJEB47283),protein_coding,cejohnprjeb47283
CJOHNSTONI_LOCUS4590,rna-CJOHNSTONI_LOCUS4590,362,protein_coding,Plasmodium vivax Vir protein  [Source:UniProtKB/TrEMBL;Acc:A0A8J2LTD0],Cercopithifilaria johnstoni (PRJEB47283),protein_coding,cejohnprjeb47283
CJOHNSTONI_LOCUS973,rna-CJOHNSTONI_LOCUS973,275,protein_coding,F-box domain-containing protein  [Source:UniProtKB/TrEMBL;Acc:A0A8J2LZN5],Cercopithifilaria johnstoni (PRJEB47283),protein_coding,cejohnprjeb47283
CJOHNSTONI_LOCUS1731,rna-CJOHNSTONI_LOCUS1731,1310,protein_coding,,Cercopithifilaria johnstoni (PRJEB47283),protein_coding,cejohnprjeb47283
CJOHNSTONI_LOCUS8760,rna-CJOHNSTONI_LOCUS8760,196,protein_coding,Pyruvate kinase  [Source:UniProtKB/TrEMBL;Acc:A0A8J2MTI7],Cercopithifilaria johnstoni (PRJEB47283),protein_coding,cejohnprjeb47283
CJOHNSTONI_LOCUS10072,rna-CJOHNSTONI_LOCUS10072,186,protein_coding,BHLH domain-containing protein  [Source:UniProtKB/TrEMBL;Acc:A0A8J2MD50],Cercopithifilaria johnstoni (PRJEB47283),protein_coding,cejohnprjeb47283
CJOHNSTONI_LOCUS6082,rna-CJOHNSTONI_LOCUS6082,227,protein_coding,COP9 signalosome complex subunit 9  [Source:UniProtKB/TrEMBL;Acc:A0A8J2M8I2],Cercopithifilaria johnstoni (PRJEB47283),protein_coding,cejohnprjeb47283
CJOHNSTONI_LOCUS9982,rna-CJOHNSTONI_LOCUS9982,186,protein_coding,Protein kinase domain-containing protein  [Source:UniProtKB/TrEMBL;Acc:A0A8J2MCV4],Cercopithifilaria johnstoni (PRJEB47283),protein_coding,cejohnprjeb47283
CJOHNSTONI_LOCUS6148,rna-CJOHNSTONI_LOCUS6148,458,protein_coding,Cir_N domain-containing protein  [Source:UniProtKB/TrEMBL;Acc:A0A8J2MPZ1],Cercopithifilaria johnstoni (PRJEB47283),protein_coding,cejohnprjeb47283
CJOHNSTONI_LOCUS442,rna-CJOHNSTONI_LOCUS442,176,protein_coding,Protein kinase domain-containing protein  [Source:UniProtKB/TrEMBL;Acc:A0A8J2LLB0],Cercopithifilaria johnstoni (PRJEB47283),protein_coding,cejohnprjeb47283
CJOHNSTONI_LOCUS385,rna-CJOHNSTONI_LOCUS385,130,protein_coding,Phage protein  [Source:UniProtKB/TrEMBL;Acc:A0A8J2PPJ1],Cercopithifilaria johnstoni (PRJEB47283),protein_coding,cejohnprjeb47283
CJOHNSTONI_LOCUS2274,rna-CJOHNSTONI_LOCUS2274,256,protein_coding,Sodium/potassium-transporting ATPase subunit alpha  [Source:UniProtKB/TrEMBL;Acc:A0A8J2Q1F1],Cercopithifilaria johnstoni (PRJEB47283),protein_coding,cejohnprjeb47283
CJOHNSTONI_LOCUS8991,rna-CJOHNSTONI_LOCUS8991,176,protein_coding,14-3-3 protein  [Source:UniProtKB/TrEMBL;Acc:A0A8J2Q6N0],Cercopithifilaria johnstoni (PRJEB47283),protein_coding,cejohnprjeb47283
CJOHNSTONI_LOCUS429,rna-CJOHNSTONI_LOCUS429,171,protein_coding,Ferric-chelate reductase 1  [Source:UniProtKB/TrEMBL;Acc:A0A8J2LN83],Cercopithifilaria johnstoni (PRJEB47283),protein_coding,cejohnprjeb47283
CJOHNSTONI_LOCUS6373,rna-CJOHNSTONI_LOCUS6373,767,protein_coding,Gastrula zinc finger protein XlCGF7.1-like  [Source:UniProtKB/TrEMBL;Acc:A0A8J2M5Y4],Cercopithifilaria johnstoni (PRJEB47283),protein_coding,cejohnprjeb47283
CJOHNSTONI_LOCUS4736,rna-CJOHNSTONI_LOCUS4736,576,protein_coding,,Cercopithifilaria johnstoni (PRJEB47283),protein_coding,cejohnprjeb47283
CJOHNSTONI_LOCUS2550,rna-CJOHNSTONI_LOCUS2550,992,protein_coding,Zinc finger protein 239-like  [Source:UniProtKB/TrEMBL;Acc:A0A8J2PRE4],Cercopithifilaria johnstoni (PRJEB47283),protein_coding,cejohnprjeb47283
CJOHNSTONI_LOCUS4965,rna-CJOHNSTONI_LOCUS4965,757,protein_coding,Diacylglycerol kinase  [Source:UniProtKB/TrEMBL;Acc:A0A8J2M315],Cercopithifilaria johnstoni (PRJEB47283),protein_coding,cejohnprjeb47283
CJOHNSTONI_LOCUS5988,rna-CJOHNSTONI_LOCUS5988,268,protein_coding,FHA domain-containing protein  [Source:UniProtKB/TrEMBL;Acc:A0A8J2M6G6],Cercopithifilaria johnstoni (PRJEB47283),protein_coding,cejohnprjeb47283
CJOHNSTONI_LOCUS6139,rna-CJOHNSTONI_LOCUS6139,264,protein_coding,PPM-type phosphatase domain-containing protein  [Source:UniProtKB/TrEMBL;Acc:A0A8J2M675],Cercopithifilaria johnstoni (PRJEB47283),protein_coding,cejohnprjeb47283
CJOHNSTONI_LOCUS4571,rna-CJOHNSTONI_LOCUS4571,232,protein_coding,Outer membrane efflux protein  [Source:UniProtKB/TrEMBL;Acc:A0A8J2M327],Cercopithifilaria johnstoni (PRJEB47283),protein_coding,cejohnprjeb47283
CJOHNSTONI_LOCUS9858,rna-CJOHNSTONI_LOCUS9858,227,protein_coding,Adenine phosphoribosyltransferase  [Source:UniProtKB/TrEMBL;Acc:A0A8J2MEM9],Cercopithifilaria johnstoni (PRJEB47283),protein_coding,cejohnprjeb47283
CJOHNSTONI_LOCUS10039,rna-CJOHNSTONI_LOCUS10039,206,protein_coding,t-SNARE coiled-coil homology domain-containing protein  [Source:UniProtKB/TrEMBL;Acc:A0A8J2PYR7],Cercopithifilaria johnstoni (PRJEB47283),protein_coding,cejohnprjeb47283
CJOHNSTONI_LOCUS2234,rna-CJOHNSTONI_LOCUS2234,200,protein_coding,"Alpha-1,3-mannosyl-glycoprotein 2-beta-N-acetylglucosaminyltransferase  [Source:UniProtKB/TrEMBL;Acc:A0A8J2Q4I4]",Cercopithifilaria johnstoni (PRJEB47283),protein_coding,cejohnprjeb47283
CJOHNSTONI_LOCUS6616,rna-CJOHNSTONI_LOCUS6616,180,protein_coding,RING-type domain-containing protein  [Source:UniProtKB/TrEMBL;Acc:A0A8J2M708],Cercopithifilaria johnstoni (PRJEB47283),protein_coding,cejohnprjeb47283
CJOHNSTONI_LOCUS5912,rna-CJOHNSTONI_LOCUS5912,203,protein_coding,CWF19-like protein 1 homolog  [Source:UniProtKB/TrEMBL;Acc:A0A8J2LZ00],Cercopithifilaria johnstoni (PRJEB47283),protein_coding,cejohnprjeb47283
CJOHNSTONI_LOCUS8009,rna-CJOHNSTONI_LOCUS8009,287,protein_coding,UBC core domain-containing protein  [Source:UniProtKB/TrEMBL;Acc:A0A8J2PWY6],Cercopithifilaria johnstoni (PRJEB47283),protein_coding,cejohnprjeb47283
CJOHNSTONI_LOCUS7917,rna-CJOHNSTONI_LOCUS7917,230,protein_coding,SLC12 domain-containing protein  [Source:UniProtKB/TrEMBL;Acc:A0A8J2QAT0],Cercopithifilaria johnstoni (PRJEB47283),protein_coding,cejohnprjeb47283
CJOHNSTONI_LOCUS721,rna-CJOHNSTONI_LOCUS721,154,protein_coding,Enolase_N domain-containing protein  [Source:UniProtKB/TrEMBL;Acc:A0A8J2MHV7],Cercopithifilaria johnstoni (PRJEB47283),protein_coding,cejohnprjeb47283
CJOHNSTONI_LOCUS4359,rna-CJOHNSTONI_LOCUS4359,395,protein_coding,Cyclin N-terminal domain-containing protein  [Source:UniProtKB/TrEMBL;Acc:A0A8J2MMI4],Cercopithifilaria johnstoni (PRJEB47283),protein_coding,cejohnprjeb47283
CJOHNSTONI_LOCUS6659,rna-CJOHNSTONI_LOCUS6659,460,protein_coding,SH2 domain-containing protein  [Source:UniProtKB/TrEMBL;Acc:A0A8J2QAI7],Cercopithifilaria johnstoni (PRJEB47283),protein_coding,cejohnprjeb47283
CJOHNSTONI_LOCUS3849,rna-CJOHNSTONI_LOCUS3849,199,protein_coding,ThiF domain-containing protein  [Source:UniProtKB/TrEMBL;Acc:A0A8J2M4R9],Cercopithifilaria johnstoni (PRJEB47283),protein_coding,cejohnprjeb47283
CJOHNSTONI_LOCUS8842,rna-CJOHNSTONI_LOCUS8842,128,protein_coding,Disorganized muscle protein 1  [Source:UniProtKB/TrEMBL;Acc:A0A8J2MED3],Cercopithifilaria johnstoni (PRJEB47283),protein_coding,cejohnprjeb47283
CJOHNSTONI_LOCUS6178,rna-CJOHNSTONI_LOCUS6178,270,protein_coding,ZnMc domain-containing protein  [Source:UniProtKB/TrEMBL;Acc:A0A8J2M6W2],Cercopithifilaria johnstoni (PRJEB47283),protein_coding,cejohnprjeb47283
CJOHNSTONI_LOCUS9685,rna-CJOHNSTONI_LOCUS9685,230,protein_coding,CTF/NF-I domain-containing protein  [Source:UniProtKB/TrEMBL;Acc:A0A8J2M541],Cercopithifilaria johnstoni (PRJEB47283),protein_coding,cejohnprjeb47283
CJOHNSTONI_LOCUS568,rna-CJOHNSTONI_LOCUS568,224,protein_coding,Prothymosin alpha-like  [Source:UniProtKB/TrEMBL;Acc:A0A8J2LU27],Cercopithifilaria johnstoni (PRJEB47283),protein_coding,cejohnprjeb47283
CJOHNSTONI_LOCUS10249,rna-CJOHNSTONI_LOCUS10249,185,protein_coding,Calmodulin-like protein  [Source:UniProtKB/TrEMBL;Acc:A0A8J2MUV2],Cercopithifilaria johnstoni (PRJEB47283),protein_coding,cejohnprjeb47283
CJOHNSTONI_LOCUS3504,rna-CJOHNSTONI_LOCUS3504,218,protein_coding,G_PROTEIN_RECEP_F1_2 domain-containing protein  [Source:UniProtKB/TrEMBL;Acc:A0A8J2M1S2],Cercopithifilaria johnstoni (PRJEB47283),protein_coding,cejohnprjeb47283
CJOHNSTONI_LOCUS6296,rna-CJOHNSTONI_LOCUS6296,212,protein_coding,hDGE_amylase domain-containing protein  [Source:UniProtKB/TrEMBL;Acc:A0A8J2MQ87],Cercopithifilaria johnstoni (PRJEB47283),protein_coding,cejohnprjeb47283
CJOHNSTONI_LOCUS7078,rna-CJOHNSTONI_LOCUS7078,260,protein_coding,C2 domain-containing protein  [Source:UniProtKB/TrEMBL;Acc:A0A8J2Q8C6],Cercopithifilaria johnstoni (PRJEB47283),protein_coding,cejohnprjeb47283
CJOHNSTONI_LOCUS2471,rna-CJOHNSTONI_LOCUS2471,254,protein_coding,HABP4_PAI-RBP1 domain-containing protein  [Source:UniProtKB/TrEMBL;Acc:A0A8J2LPM4],Cercopithifilaria johnstoni (PRJEB47283),protein_coding,cejohnprjeb47283
CJOHNSTONI_LOCUS6290,rna-CJOHNSTONI_LOCUS6290,243,protein_coding,Copper transport protein  [Source:UniProtKB/TrEMBL;Acc:A0A8J2Q4Z9],Cercopithifilaria johnstoni (PRJEB47283),protein_coding,cejohnprjeb47283
CJOHNSTONI_LOCUS6255,rna-CJOHNSTONI_LOCUS6255,673,protein_coding,Zinc finger protein  [Source:UniProtKB/TrEMBL;Acc:A0A8J2MQ41],Cercopithifilaria johnstoni (PRJEB47283),protein_coding,cejohnprjeb47283
CJOHNSTONI_LOCUS7715,rna-CJOHNSTONI_LOCUS7715,222,protein_coding,Conserved oligomeric Golgi complex subunit 3  [Source:UniProtKB/TrEMBL;Acc:A0A8J2MAC4],Cercopithifilaria johnstoni (PRJEB47283),protein_coding,cejohnprjeb47283
CJOHNSTONI_LOCUS5994,rna-CJOHNSTONI_LOCUS5994,299,protein_coding,,Cercopithifilaria johnstoni (PRJEB47283),protein_coding,cejohnprjeb47283
CJOHNSTONI_LOCUS9677,rna-CJOHNSTONI_LOCUS9677,206,protein_coding,PDZ domain-containing protein  [Source:UniProtKB/TrEMBL;Acc:A0A8J2ME13],Cercopithifilaria johnstoni (PRJEB47283),protein_coding,cejohnprjeb47283
CJOHNSTONI_LOCUS1779,rna-CJOHNSTONI_LOCUS1779,227,protein_coding,Intraflagellar transport protein 46 homolog  [Source:UniProtKB/TrEMBL;Acc:A0A8J2PWW4],Cercopithifilaria johnstoni (PRJEB47283),protein_coding,cejohnprjeb47283
CJOHNSTONI_LOCUS6241,rna-CJOHNSTONI_LOCUS6241,204,protein_coding,Serine/threonine-protein phosphatase  [Source:UniProtKB/TrEMBL;Acc:A0A8J2MQ35],Cercopithifilaria johnstoni (PRJEB47283),protein_coding,cejohnprjeb47283
CJOHNSTONI_LOCUS356,rna-CJOHNSTONI_LOCUS356,275,protein_coding,Ribosomal protein S18  [Source:UniProtKB/TrEMBL;Acc:A0A8J2LVN9],Cercopithifilaria johnstoni (PRJEB47283),protein_coding,cejohnprjeb47283
CJOHNSTONI_LOCUS332,rna-CJOHNSTONI_LOCUS332,197,protein_coding,Phospholipase D3  [Source:UniProtKB/TrEMBL;Acc:A0A8J2PZM4],Cercopithifilaria johnstoni (PRJEB47283),protein_coding,cejohnprjeb47283
CJOHNSTONI_LOCUS2347,rna-CJOHNSTONI_LOCUS2347,191,protein_coding,GLOBIN domain-containing protein  [Source:UniProtKB/TrEMBL;Acc:A0A8J2LXF3],Cercopithifilaria johnstoni (PRJEB47283),protein_coding,cejohnprjeb47283
CJOHNSTONI_LOCUS6652,rna-CJOHNSTONI_LOCUS6652,287,protein_coding,DNA_mis_repair domain-containing protein  [Source:UniProtKB/TrEMBL;Acc:A0A8J2M800],Cercopithifilaria johnstoni (PRJEB47283),protein_coding,cejohnprjeb47283
CJOHNSTONI_LOCUS173,rna-CJOHNSTONI_LOCUS173,590,protein_coding,Zinc finger protein  [Source:UniProtKB/TrEMBL;Acc:A0A8J2LVP8],Cercopithifilaria johnstoni (PRJEB47283),protein_coding,cejohnprjeb47283
CJOHNSTONI_LOCUS137,rna-CJOHNSTONI_LOCUS137,416,protein_coding,Elongator complex protein 4  [Source:UniProtKB/TrEMBL;Acc:A0A8J2LKU8],Cercopithifilaria johnstoni (PRJEB47283),protein_coding,cejohnprjeb47283
CJOHNSTONI_LOCUS495,rna-CJOHNSTONI_LOCUS495,440,protein_coding,FRIGIDA-like protein  [Source:UniProtKB/TrEMBL;Acc:A0A8J2LLD9],Cercopithifilaria johnstoni (PRJEB47283),protein_coding,cejohnprjeb47283
CJOHNSTONI_LOCUS9340,rna-CJOHNSTONI_LOCUS9340,208,protein_coding,Eukaryotic translation initiation factor 4C  [Source:UniProtKB/TrEMBL;Acc:A0A8J2M4I5],Cercopithifilaria johnstoni (PRJEB47283),protein_coding,cejohnprjeb47283
CJOHNSTONI_LOCUS9124,rna-CJOHNSTONI_LOCUS9124,192,protein_coding,Mitochondrial matrix protein  [Source:UniProtKB/TrEMBL;Acc:A0A8J2MD02],Cercopithifilaria johnstoni (PRJEB47283),protein_coding,cejohnprjeb47283
CJOHNSTONI_LOCUS1555,rna-CJOHNSTONI_LOCUS1555,160,protein_coding,RNP4F protein  [Source:UniProtKB/TrEMBL;Acc:A0A8J2LN22],Cercopithifilaria johnstoni (PRJEB47283),protein_coding,cejohnprjeb47283
CJOHNSTONI_LOCUS5643,rna-CJOHNSTONI_LOCUS5643,1847,protein_coding,H(+)-transporting two-sector ATPase  [Source:UniProtKB/TrEMBL;Acc:A0A8J2Q7K0],Cercopithifilaria johnstoni (PRJEB47283),protein_coding,cejohnprjeb47283
CJOHNSTONI_LOCUS1208,rna-CJOHNSTONI_LOCUS1208,221,protein_coding,C2H2-type domain-containing protein  [Source:UniProtKB/TrEMBL;Acc:A0A8J2Q0J4],Cercopithifilaria johnstoni (PRJEB47283),protein_coding,cejohnprjeb47283
CJOHNSTONI_LOCUS9899,rna-CJOHNSTONI_LOCUS9899,246,protein_coding,,Cercopithifilaria johnstoni (PRJEB47283),protein_coding,cejohnprjeb47283
CJOHNSTONI_LOCUS7475,rna-CJOHNSTONI_LOCUS7475,290,protein_coding,Secreted protein  [Source:UniProtKB/TrEMBL;Acc:A0A8J2PW40],Cercopithifilaria johnstoni (PRJEB47283),protein_coding,cejohnprjeb47283
CJOHNSTONI_LOCUS6505,rna-CJOHNSTONI_LOCUS6505,295,protein_coding,Metalloendopeptidase  [Source:UniProtKB/TrEMBL;Acc:A0A8J2Q823],Cercopithifilaria johnstoni (PRJEB47283),protein_coding,cejohnprjeb47283
CJOHNSTONI_LOCUS7618,rna-CJOHNSTONI_LOCUS7618,243,protein_coding,Protein kinase domain-containing protein  [Source:UniProtKB/TrEMBL;Acc:A0A8J2MA88],Cercopithifilaria johnstoni (PRJEB47283),protein_coding,cejohnprjeb47283
CJOHNSTONI_LOCUS9313,rna-CJOHNSTONI_LOCUS9313,211,protein_coding,E3 ubiquitin protein ligase  [Source:UniProtKB/TrEMBL;Acc:A0A8J2MBU0],Cercopithifilaria johnstoni (PRJEB47283),protein_coding,cejohnprjeb47283
CJOHNSTONI_LOCUS10509,rna-CJOHNSTONI_LOCUS10509,185,protein_coding,Collagen triple helix repeat protein  [Source:UniProtKB/TrEMBL;Acc:A0A8J2PZ76],Cercopithifilaria johnstoni (PRJEB47283),protein_coding,cejohnprjeb47283
CJOHNSTONI_LOCUS5818,rna-CJOHNSTONI_LOCUS5818,173,protein_coding,,Cercopithifilaria johnstoni (PRJEB47283),protein_coding,cejohnprjeb47283
CJOHNSTONI_LOCUS859,rna-CJOHNSTONI_LOCUS859,145,protein_coding,UBC core domain-containing protein  [Source:UniProtKB/TrEMBL;Acc:A0A8J2Q8B1],Cercopithifilaria johnstoni (PRJEB47283),protein_coding,cejohnprjeb47283
CJOHNSTONI_LOCUS6514,rna-CJOHNSTONI_LOCUS6514,272,protein_coding,SFM domain-containing protein  [Source:UniProtKB/TrEMBL;Acc:A0A8J2MQI2],Cercopithifilaria johnstoni (PRJEB47283),protein_coding,cejohnprjeb47283
CJOHNSTONI_LOCUS5993,rna-CJOHNSTONI_LOCUS5993,137,protein_coding,VbhA domain-containing protein  [Source:UniProtKB/TrEMBL;Acc:A0A8J2Q174],Cercopithifilaria johnstoni (PRJEB47283),protein_coding,cejohnprjeb47283
CJOHNSTONI_LOCUS1069,rna-CJOHNSTONI_LOCUS1069,171,protein_coding,G protein subunit alpha o1  [Source:UniProtKB/TrEMBL;Acc:A0A8J2MIF0],Cercopithifilaria johnstoni (PRJEB47283),protein_coding,cejohnprjeb47283
CJOHNSTONI_LOCUS2266,rna-CJOHNSTONI_LOCUS2266,114,protein_coding,Ovule protein  [Source:UniProtKB/TrEMBL;Acc:A0A8J2LRI0],Cercopithifilaria johnstoni (PRJEB47283),protein_coding,cejohnprjeb47283
CJOHNSTONI_LOCUS3660,rna-CJOHNSTONI_LOCUS3660,111,protein_coding,FAM13B  [Source:UniProtKB/TrEMBL;Acc:A0A8J2Q5V7],Cercopithifilaria johnstoni (PRJEB47283),protein_coding,cejohnprjeb47283
CJOHNSTONI_LOCUS7592,rna-CJOHNSTONI_LOCUS7592,202,protein_coding,Ran-binding protein 10  [Source:UniProtKB/TrEMBL;Acc:A0A8J2Q8J3],Cercopithifilaria johnstoni (PRJEB47283),protein_coding,cejohnprjeb47283
CJOHNSTONI_LOCUS5271,rna-CJOHNSTONI_LOCUS5271,179,protein_coding,,Cercopithifilaria johnstoni (PRJEB47283),protein_coding,cejohnprjeb47283
CJOHNSTONI_LOCUS6992,rna-CJOHNSTONI_LOCUS6992,239,protein_coding,Histone-lysine N-methyltransferase  [Source:UniProtKB/TrEMBL;Acc:A0A8J2M8V5],Cercopithifilaria johnstoni (PRJEB47283),protein_coding,cejohnprjeb47283
CJOHNSTONI_LOCUS119,rna-CJOHNSTONI_LOCUS119,215,protein_coding,Condensin complex subunit 1  [Source:UniProtKB/TrEMBL;Acc:A0A8J2Q2X9],Cercopithifilaria johnstoni (PRJEB47283),protein_coding,cejohnprjeb47283
CJOHNSTONI_LOCUS7392,rna-CJOHNSTONI_LOCUS7392,1321,protein_coding,Histone-lysine N-methyltransferase  [Source:UniProtKB/TrEMBL;Acc:A0A8J2MB26],Cercopithifilaria johnstoni (PRJEB47283),protein_coding,cejohnprjeb47283
CJOHNSTONI_LOCUS9195,rna-CJOHNSTONI_LOCUS9195,156,protein_coding,Trafficking protein particle complex subunit  [Source:UniProtKB/TrEMBL;Acc:A0A8J2Q6R1],Cercopithifilaria johnstoni (PRJEB47283),protein_coding,cejohnprjeb47283
CJOHNSTONI_LOCUS8745,rna-CJOHNSTONI_LOCUS8745,152,protein_coding,RING-type domain-containing protein  [Source:UniProtKB/TrEMBL;Acc:A0A8J2M3G0],Cercopithifilaria johnstoni (PRJEB47283),protein_coding,cejohnprjeb47283
CJOHNSTONI_LOCUS7227,rna-CJOHNSTONI_LOCUS7227,217,protein_coding,Major sperm protein  [Source:UniProtKB/TrEMBL;Acc:A0A8J2QAM9],Cercopithifilaria johnstoni (PRJEB47283),protein_coding,cejohnprjeb47283
CJOHNSTONI_LOCUS3929,rna-CJOHNSTONI_LOCUS3929,157,protein_coding,U6 snRNA-associated Sm-like protein LSm1  [Source:UniProtKB/TrEMBL;Acc:A0A8J2M0J7],Cercopithifilaria johnstoni (PRJEB47283),protein_coding,cejohnprjeb47283
CJOHNSTONI_LOCUS10417,rna-CJOHNSTONI_LOCUS10417,226,protein_coding,Rhomboid domain-containing protein  [Source:UniProtKB/TrEMBL;Acc:A0A8J2MDQ0],Cercopithifilaria johnstoni (PRJEB47283),protein_coding,cejohnprjeb47283
CJOHNSTONI_LOCUS2179,rna-CJOHNSTONI_LOCUS2179,185,protein_coding,General transcription factor 3C polypeptide 5  [Source:UniProtKB/TrEMBL;Acc:A0A8J2LZ99],Cercopithifilaria johnstoni (PRJEB47283),protein_coding,cejohnprjeb47283
CJOHNSTONI_LOCUS6498,rna-CJOHNSTONI_LOCUS6498,183,protein_coding,TPR_REGION domain-containing protein  [Source:UniProtKB/TrEMBL;Acc:A0A8J2MQD8],Cercopithifilaria johnstoni (PRJEB47283),protein_coding,cejohnprjeb47283
CJOHNSTONI_LOCUS4833,rna-CJOHNSTONI_LOCUS4833,171,protein_coding,3D domain-containing protein  [Source:UniProtKB/TrEMBL;Acc:A0A8J2M3Y4],Cercopithifilaria johnstoni (PRJEB47283),protein_coding,cejohnprjeb47283
CJOHNSTONI_LOCUS991,rna-CJOHNSTONI_LOCUS991,1725,protein_coding,ShKT domain-containing protein  [Source:UniProtKB/TrEMBL;Acc:A0A8J2LWN2],Cercopithifilaria johnstoni (PRJEB47283),protein_coding,cejohnprjeb47283
CJOHNSTONI_LOCUS4265,rna-CJOHNSTONI_LOCUS4265,370,protein_coding,EGF-like domain-containing protein  [Source:UniProtKB/TrEMBL;Acc:A0A8J2MME9],Cercopithifilaria johnstoni (PRJEB47283),protein_coding,cejohnprjeb47283
CJOHNSTONI_LOCUS9573,rna-CJOHNSTONI_LOCUS9573,260,protein_coding,SER_THR_PHOSPHATASE domain-containing protein  [Source:UniProtKB/TrEMBL;Acc:A0A8J2Q3Z7],Cercopithifilaria johnstoni (PRJEB47283),protein_coding,cejohnprjeb47283
CJOHNSTONI_LOCUS2794,rna-CJOHNSTONI_LOCUS2794,362,protein_coding,DUF19 domain-containing protein  [Source:UniProtKB/TrEMBL;Acc:A0A8J2M022],Cercopithifilaria johnstoni (PRJEB47283),protein_coding,cejohnprjeb47283
CJOHNSTONI_LOCUS3180,rna-CJOHNSTONI_LOCUS3180,269,protein_coding,,Cercopithifilaria johnstoni (PRJEB47283),protein_coding,cejohnprjeb47283
CJOHNSTONI_LOCUS6963,rna-CJOHNSTONI_LOCUS6963,208,protein_coding,ZP domain-containing protein  [Source:UniProtKB/TrEMBL;Acc:A0A8J2M1A3],Cercopithifilaria johnstoni (PRJEB47283),protein_coding,cejohnprjeb47283
CJOHNSTONI_LOCUS6061,rna-CJOHNSTONI_LOCUS6061,161,protein_coding,SCP domain-containing protein  [Source:UniProtKB/TrEMBL;Acc:A0A8J2Q4T8],Cercopithifilaria johnstoni (PRJEB47283),protein_coding,cejohnprjeb47283
CJOHNSTONI_LOCUS320,rna-CJOHNSTONI_LOCUS320,215,protein_coding,ethanolamine-phosphate cytidylyltransferase  [Source:UniProtKB/TrEMBL;Acc:A0A8J2Q809],Cercopithifilaria johnstoni (PRJEB47283),protein_coding,cejohnprjeb47283
CJOHNSTONI_LOCUS3144,rna-CJOHNSTONI_LOCUS3144,418,protein_coding,Ion_trans_2 domain-containing protein  [Source:UniProtKB/TrEMBL;Acc:A0A8J2M0S7],Cercopithifilaria johnstoni (PRJEB47283),protein_coding,cejohnprjeb47283
CJOHNSTONI_LOCUS1516,rna-CJOHNSTONI_LOCUS1516,148,protein_coding,Lysozyme  [Source:UniProtKB/TrEMBL;Acc:A0A8J2LQ82],Cercopithifilaria johnstoni (PRJEB47283),protein_coding,cejohnprjeb47283
CJOHNSTONI_LOCUS2593,rna-CJOHNSTONI_LOCUS2593,175,protein_coding,Malate dehydrogenase  [Source:UniProtKB/TrEMBL;Acc:A0A8J2PRF6],Cercopithifilaria johnstoni (PRJEB47283),protein_coding,cejohnprjeb47283
CJOHNSTONI_LOCUS271,rna-CJOHNSTONI_LOCUS271,183,protein_coding,Small monomeric GTPase  [Source:UniProtKB/TrEMBL;Acc:A0A8J2LVB9],Cercopithifilaria johnstoni (PRJEB47283),protein_coding,cejohnprjeb47283
CJOHNSTONI_LOCUS2185,rna-CJOHNSTONI_LOCUS2185,134,protein_coding,Transmembrane protein  [Source:UniProtKB/TrEMBL;Acc:A0A8J2LRC4],Cercopithifilaria johnstoni (PRJEB47283),protein_coding,cejohnprjeb47283
CJOHNSTONI_LOCUS4706,rna-CJOHNSTONI_LOCUS4706,224,protein_coding,Major sperm protein  [Source:UniProtKB/TrEMBL;Acc:A0A8J2LTL8],Cercopithifilaria johnstoni (PRJEB47283),protein_coding,cejohnprjeb47283
CJOHNSTONI_LOCUS8731,rna-CJOHNSTONI_LOCUS8731,117,protein_coding,Secreted protein  [Source:UniProtKB/TrEMBL;Acc:A0A8J2Q3E8],Cercopithifilaria johnstoni (PRJEB47283),protein_coding,cejohnprjeb47283
CJOHNSTONI_LOCUS2753,rna-CJOHNSTONI_LOCUS2753,142,protein_coding,E3 UFM1-protein ligase 1 homolog  [Source:UniProtKB/TrEMBL;Acc:A0A8J2M0A6],Cercopithifilaria johnstoni (PRJEB47283),protein_coding,cejohnprjeb47283
CJOHNSTONI_LOCUS69,rna-CJOHNSTONI_LOCUS69,323,protein_coding,Protein kinase domain-containing protein  [Source:UniProtKB/TrEMBL;Acc:A0A8J2LT97],Cercopithifilaria johnstoni (PRJEB47283),protein_coding,cejohnprjeb47283
CJOHNSTONI_LOCUS9388,rna-CJOHNSTONI_LOCUS9388,212,protein_coding,Ovule protein  [Source:UniProtKB/TrEMBL;Acc:A0A8J2MC40],Cercopithifilaria johnstoni (PRJEB47283),protein_coding,cejohnprjeb47283
CJOHNSTONI_LOCUS8835,rna-CJOHNSTONI_LOCUS8835,464,protein_coding,Protein tincar  [Source:UniProtKB/TrEMBL;Acc:A0A8J2Q6K8],Cercopithifilaria johnstoni (PRJEB47283),protein_coding,cejohnprjeb47283
CJOHNSTONI_LOCUS8421,rna-CJOHNSTONI_LOCUS8421,236,protein_coding,"Protein PTCD3 homolog, mitochondrial  [Source:UniProtKB/TrEMBL;Acc:A0A8J2QAW7]",Cercopithifilaria johnstoni (PRJEB47283),protein_coding,cejohnprjeb47283
CJOHNSTONI_LOCUS5578,rna-CJOHNSTONI_LOCUS5578,329,protein_coding,BHLH domain-containing protein  [Source:UniProtKB/TrEMBL;Acc:A0A8J2PTZ1],Cercopithifilaria johnstoni (PRJEB47283),protein_coding,cejohnprjeb47283
CJOHNSTONI_LOCUS307,rna-CJOHNSTONI_LOCUS307,383,protein_coding,NTP_transferase domain-containing protein  [Source:UniProtKB/TrEMBL;Acc:A0A8J2Q806],Cercopithifilaria johnstoni (PRJEB47283),protein_coding,cejohnprjeb47283
CJOHNSTONI_LOCUS776,rna-CJOHNSTONI_LOCUS776,177,protein_coding,Ion_trans_2 domain-containing protein  [Source:UniProtKB/TrEMBL;Acc:A0A8J2Q898],Cercopithifilaria johnstoni (PRJEB47283),protein_coding,cejohnprjeb47283
CJOHNSTONI_LOCUS7264,rna-CJOHNSTONI_LOCUS7264,162,protein_coding,"GDP-Man:Man(3)GlcNAc(2)-PP-Dol alpha-1,2-mannosyltransferase  [Source:UniProtKB/TrEMBL;Acc:A0A8J2Q5R0]",Cercopithifilaria johnstoni (PRJEB47283),protein_coding,cejohnprjeb47283
CJOHNSTONI_LOCUS7558,rna-CJOHNSTONI_LOCUS7558,356,protein_coding,,Cercopithifilaria johnstoni (PRJEB47283),protein_coding,cejohnprjeb47283
CJOHNSTONI_LOCUS8674,rna-CJOHNSTONI_LOCUS8674,321,protein_coding,DUF4228 domain protein  [Source:UniProtKB/TrEMBL;Acc:A0A8J2Q8V6],Cercopithifilaria johnstoni (PRJEB47283),protein_coding,cejohnprjeb47283
CJOHNSTONI_LOCUS1047,rna-CJOHNSTONI_LOCUS1047,273,protein_coding,poly(A)-specific ribonuclease  [Source:UniProtKB/TrEMBL;Acc:A0A8J2LWP9],Cercopithifilaria johnstoni (PRJEB47283),protein_coding,cejohnprjeb47283
CJOHNSTONI_LOCUS3671,rna-CJOHNSTONI_LOCUS3671,207,protein_coding,G_PROTEIN_RECEP_F1_2 domain-containing protein  [Source:UniProtKB/TrEMBL;Acc:A0A8J2M1G6],Cercopithifilaria johnstoni (PRJEB47283),protein_coding,cejohnprjeb47283
CJOHNSTONI_LOCUS8269,rna-CJOHNSTONI_LOCUS8269,161,protein_coding,DUF4968 domain-containing protein  [Source:UniProtKB/TrEMBL;Acc:A0A8J2Q8R8],Cercopithifilaria johnstoni (PRJEB47283),protein_coding,cejohnprjeb47283
CJOHNSTONI_LOCUS8968,rna-CJOHNSTONI_LOCUS8968,368,protein_coding,DNA helicase  [Source:UniProtKB/TrEMBL;Acc:A0A8J2MTJ3],Cercopithifilaria johnstoni (PRJEB47283),protein_coding,cejohnprjeb47283
CJOHNSTONI_LOCUS1919,rna-CJOHNSTONI_LOCUS1919,112,protein_coding,Rab6  [Source:UniProtKB/TrEMBL;Acc:A0A8J2LNP8],Cercopithifilaria johnstoni (PRJEB47283),protein_coding,cejohnprjeb47283
CJOHNSTONI_LOCUS565,rna-CJOHNSTONI_LOCUS565,266,protein_coding,procollagen-proline 4-dioxygenase  [Source:UniProtKB/TrEMBL;Acc:A0A8J2Q861],Cercopithifilaria johnstoni (PRJEB47283),protein_coding,cejohnprjeb47283
CJOHNSTONI_LOCUS7336,rna-CJOHNSTONI_LOCUS7336,198,protein_coding,Nuclear cap-binding protein subunit 1  [Source:UniProtKB/TrEMBL;Acc:A0A8J2M149],Cercopithifilaria johnstoni (PRJEB47283),protein_coding,cejohnprjeb47283
CJOHNSTONI_LOCUS6362,rna-CJOHNSTONI_LOCUS6362,248,protein_coding,COesterase domain-containing protein  [Source:UniProtKB/TrEMBL;Acc:A0A8J2M8Y5],Cercopithifilaria johnstoni (PRJEB47283),protein_coding,cejohnprjeb47283
CJOHNSTONI_LOCUS6772,rna-CJOHNSTONI_LOCUS6772,224,protein_coding,DUF4283 domain-containing protein  [Source:UniProtKB/TrEMBL;Acc:A0A8J2M9U6],Cercopithifilaria johnstoni (PRJEB47283),protein_coding,cejohnprjeb47283
CJOHNSTONI_LOCUS2798,rna-CJOHNSTONI_LOCUS2798,287,protein_coding,Circadian locomoter output cycles protein kaput  [Source:UniProtKB/TrEMBL;Acc:A0A8J2PYE4],Cercopithifilaria johnstoni (PRJEB47283),protein_coding,cejohnprjeb47283
CJOHNSTONI_LOCUS8382,rna-CJOHNSTONI_LOCUS8382,165,protein_coding,FGFR1 oncogene partner 2 homolog  [Source:UniProtKB/TrEMBL;Acc:A0A8J2Q354],Cercopithifilaria johnstoni (PRJEB47283),protein_coding,cejohnprjeb47283
CJOHNSTONI_LOCUS5015,rna-CJOHNSTONI_LOCUS5015,513,protein_coding,Protein lingerer  [Source:UniProtKB/TrEMBL;Acc:A0A8J2QA65],Cercopithifilaria johnstoni (PRJEB47283),protein_coding,cejohnprjeb47283
CJOHNSTONI_LOCUS5320,rna-CJOHNSTONI_LOCUS5320,217,protein_coding,RBD domain-containing protein  [Source:UniProtKB/TrEMBL;Acc:A0A8J2Q7E9],Cercopithifilaria johnstoni (PRJEB47283),protein_coding,cejohnprjeb47283
CJOHNSTONI_LOCUS9402,rna-CJOHNSTONI_LOCUS9402,308,protein_coding,Ovule protein  [Source:UniProtKB/TrEMBL;Acc:A0A8J2MC50],Cercopithifilaria johnstoni (PRJEB47283),protein_coding,cejohnprjeb47283
CJOHNSTONI_LOCUS9696,rna-CJOHNSTONI_LOCUS9696,262,protein_coding,,Cercopithifilaria johnstoni (PRJEB47283),protein_coding,cejohnprjeb47283
CJOHNSTONI_LOCUS1570,rna-CJOHNSTONI_LOCUS1570,203,protein_coding,,Cercopithifilaria johnstoni (PRJEB47283),protein_coding,cejohnprjeb47283
CJOHNSTONI_LOCUS6729,rna-CJOHNSTONI_LOCUS6729,203,protein_coding,HTH TFE/IIEalpha-type domain-containing protein  [Source:UniProtKB/TrEMBL;Acc:A0A8J2MQN5],Cercopithifilaria johnstoni (PRJEB47283),protein_coding,cejohnprjeb47283
CJOHNSTONI_LOCUS2539,rna-CJOHNSTONI_LOCUS2539,176,protein_coding,C2H2-type domain-containing protein  [Source:UniProtKB/TrEMBL;Acc:A0A8J2LPQ9],Cercopithifilaria johnstoni (PRJEB47283),protein_coding,cejohnprjeb47283
CJOHNSTONI_LOCUS4061,rna-CJOHNSTONI_LOCUS4061,97,protein_coding,Secreted protein  [Source:UniProtKB/TrEMBL;Acc:A0A8J2M263],Cercopithifilaria johnstoni (PRJEB47283),protein_coding,cejohnprjeb47283
CJOHNSTONI_LOCUS7164,rna-CJOHNSTONI_LOCUS7164,194,protein_coding,,Cercopithifilaria johnstoni (PRJEB47283),protein_coding,cejohnprjeb47283
CJOHNSTONI_LOCUS5668,rna-CJOHNSTONI_LOCUS5668,190,protein_coding,SH2 domain-containing protein  [Source:UniProtKB/TrEMBL;Acc:A0A8J2MPE0],Cercopithifilaria johnstoni (PRJEB47283),protein_coding,cejohnprjeb47283
CJOHNSTONI_LOCUS7246,rna-CJOHNSTONI_LOCUS7246,162,protein_coding,,Cercopithifilaria johnstoni (PRJEB47283),protein_coding,cejohnprjeb47283
CJOHNSTONI_LOCUS4222,rna-CJOHNSTONI_LOCUS4222,185,protein_coding,DB domain-containing protein  [Source:UniProtKB/TrEMBL;Acc:A0A8J2M191],Cercopithifilaria johnstoni (PRJEB47283),protein_coding,cejohnprjeb47283
CJOHNSTONI_LOCUS9632,rna-CJOHNSTONI_LOCUS9632,530,protein_coding,Sodium/potassium-transporting ATPase subunit alpha  [Source:UniProtKB/TrEMBL;Acc:A0A8J2MUC6],Cercopithifilaria johnstoni (PRJEB47283),protein_coding,cejohnprjeb47283
CJOHNSTONI_LOCUS2916,rna-CJOHNSTONI_LOCUS2916,443,protein_coding,18S rRNA aminocarboxypropyltransferase  [Source:UniProtKB/TrEMBL;Acc:A0A8J2LYS0],Cercopithifilaria johnstoni (PRJEB47283),protein_coding,cejohnprjeb47283
CJOHNSTONI_LOCUS1449,rna-CJOHNSTONI_LOCUS1449,212,protein_coding,Papilin  [Source:UniProtKB/TrEMBL;Acc:A0A8J2LW31],Cercopithifilaria johnstoni (PRJEB47283),protein_coding,cejohnprjeb47283
CJOHNSTONI_LOCUS5330,rna-CJOHNSTONI_LOCUS5330,578,protein_coding,Rabphilin-3A  [Source:UniProtKB/TrEMBL;Acc:A0A8J2M4W4],Cercopithifilaria johnstoni (PRJEB47283),protein_coding,cejohnprjeb47283
CJOHNSTONI_LOCUS2191,rna-CJOHNSTONI_LOCUS2191,177,protein_coding,Phosphoglycolate phosphatase  [Source:UniProtKB/TrEMBL;Acc:A0A8J2LX41],Cercopithifilaria johnstoni (PRJEB47283),protein_coding,cejohnprjeb47283
CJOHNSTONI_LOCUS3261,rna-CJOHNSTONI_LOCUS3261,248,protein_coding,Reverse transcriptase domain-containing protein  [Source:UniProtKB/TrEMBL;Acc:A0A8J2LTK8],Cercopithifilaria johnstoni (PRJEB47283),protein_coding,cejohnprjeb47283
CJOHNSTONI_LOCUS4518,rna-CJOHNSTONI_LOCUS4518,205,protein_coding,G_PROTEIN_RECEP_F1_2 domain-containing protein  [Source:UniProtKB/TrEMBL;Acc:A0A8J2PT19],Cercopithifilaria johnstoni (PRJEB47283),protein_coding,cejohnprjeb47283
CJOHNSTONI_LOCUS9415,rna-CJOHNSTONI_LOCUS9415,221,protein_coding,ADP-ribosylation factor-like protein 13B  [Source:UniProtKB/TrEMBL;Acc:A0A8J2MDJ7],Cercopithifilaria johnstoni (PRJEB47283),protein_coding,cejohnprjeb47283
CJOHNSTONI_LOCUS8258,rna-CJOHNSTONI_LOCUS8258,254,protein_coding,,Cercopithifilaria johnstoni (PRJEB47283),protein_coding,cejohnprjeb47283
CJOHNSTONI_LOCUS5301,rna-CJOHNSTONI_LOCUS5301,414,protein_coding,60S ribosomal protein L13a  [Source:UniProtKB/TrEMBL;Acc:A0A8J2M3N9],Cercopithifilaria johnstoni (PRJEB47283),protein_coding,cejohnprjeb47283
CJOHNSTONI_LOCUS2634,rna-CJOHNSTONI_LOCUS2634,1148,protein_coding,Merozoite surface protein 3  [Source:UniProtKB/TrEMBL;Acc:A0A8J2LSB2],Cercopithifilaria johnstoni (PRJEB47283),protein_coding,cejohnprjeb47283
CJOHNSTONI_LOCUS3099,rna-CJOHNSTONI_LOCUS3099,221,protein_coding,40S ribosomal protein S13  [Source:UniProtKB/TrEMBL;Acc:A0A8J2LZN0],Cercopithifilaria johnstoni (PRJEB47283),protein_coding,cejohnprjeb47283
CJOHNSTONI_LOCUS642,rna-CJOHNSTONI_LOCUS642,230,protein_coding,N-acetylated-alpha-linked acidic dipeptidase 2  [Source:UniProtKB/TrEMBL;Acc:A0A8J2LW88],Cercopithifilaria johnstoni (PRJEB47283),protein_coding,cejohnprjeb47283
CJOHNSTONI_LOCUS9073,rna-CJOHNSTONI_LOCUS9073,182,protein_coding,WD_REPEATS_REGION domain-containing protein  [Source:UniProtKB/TrEMBL;Acc:A0A8J2QB15],Cercopithifilaria johnstoni (PRJEB47283),protein_coding,cejohnprjeb47283
CJOHNSTONI_LOCUS4001,rna-CJOHNSTONI_LOCUS4001,175,protein_coding,ELMO domain-containing protein  [Source:UniProtKB/TrEMBL;Acc:A0A8J2M2J9],Cercopithifilaria johnstoni (PRJEB47283),protein_coding,cejohnprjeb47283
CJOHNSTONI_LOCUS7964,rna-CJOHNSTONI_LOCUS7964,264,protein_coding,Galectin  [Source:UniProtKB/TrEMBL;Acc:A0A8J2MC64],Cercopithifilaria johnstoni (PRJEB47283),protein_coding,cejohnprjeb47283
CJOHNSTONI_LOCUS8539,rna-CJOHNSTONI_LOCUS8539,235,protein_coding,HTH OST-type domain-containing protein  [Source:UniProtKB/TrEMBL;Acc:A0A8J2Q8U3],Cercopithifilaria johnstoni (PRJEB47283),protein_coding,cejohnprjeb47283
CJOHNSTONI_LOCUS10222,rna-CJOHNSTONI_LOCUS10222,458,protein_coding,Myosin heavy chain 10  [Source:UniProtKB/TrEMBL;Acc:A0A8J2M7R9],Cercopithifilaria johnstoni (PRJEB47283),protein_coding,cejohnprjeb47283
CJOHNSTONI_LOCUS6852,rna-CJOHNSTONI_LOCUS6852,172,protein_coding,Late endosomal/lysosomal adaptor and MAPK and MTOR activator 5  [Source:UniProtKB/TrEMBL;Acc:A0A8J2M0M3],Cercopithifilaria johnstoni (PRJEB47283),protein_coding,cejohnprjeb47283
CJOHNSTONI_LOCUS8850,rna-CJOHNSTONI_LOCUS8850,143,protein_coding,Hypoxanthine phosphoribosyltransferase  [Source:UniProtKB/TrEMBL;Acc:A0A8J2Q3H0],Cercopithifilaria johnstoni (PRJEB47283),protein_coding,cejohnprjeb47283
CJOHNSTONI_LOCUS3348,rna-CJOHNSTONI_LOCUS3348,234,protein_coding,ANAPC4_WD40 domain-containing protein  [Source:UniProtKB/TrEMBL;Acc:A0A8J2M3U3],Cercopithifilaria johnstoni (PRJEB47283),protein_coding,cejohnprjeb47283
CJOHNSTONI_LOCUS2896,rna-CJOHNSTONI_LOCUS2896,197,protein_coding,NifU_N domain-containing protein  [Source:UniProtKB/TrEMBL;Acc:A0A8J2Q546],Cercopithifilaria johnstoni (PRJEB47283),protein_coding,cejohnprjeb47283
CJOHNSTONI_LOCUS3045,rna-CJOHNSTONI_LOCUS3045,267,protein_coding,EGF-like domain-containing protein  [Source:UniProtKB/TrEMBL;Acc:A0A8J2MLK3],Cercopithifilaria johnstoni (PRJEB47283),protein_coding,cejohnprjeb47283
CJOHNSTONI_LOCUS2637,rna-CJOHNSTONI_LOCUS2637,213,protein_coding,SprT-like domain-containing protein  [Source:UniProtKB/TrEMBL;Acc:A0A8J2M2P7],Cercopithifilaria johnstoni (PRJEB47283),protein_coding,cejohnprjeb47283
CJOHNSTONI_LOCUS3546,rna-CJOHNSTONI_LOCUS3546,121,protein_coding,Very-long-chain (3R)-3-hydroxyacyl-CoA dehydratase  [Source:UniProtKB/TrEMBL;Acc:A0A8J2Q5P1],Cercopithifilaria johnstoni (PRJEB47283),protein_coding,cejohnprjeb47283
CJOHNSTONI_LOCUS7624,rna-CJOHNSTONI_LOCUS7624,221,protein_coding,Myb-binding protein 1A-like protein  [Source:UniProtKB/TrEMBL;Acc:A0A8J2Q2J2],Cercopithifilaria johnstoni (PRJEB47283),protein_coding,cejohnprjeb47283
CJOHNSTONI_LOCUS6687,rna-CJOHNSTONI_LOCUS6687,201,protein_coding,Epimerase domain-containing protein  [Source:UniProtKB/TrEMBL;Acc:A0A8J2M0I6],Cercopithifilaria johnstoni (PRJEB47283),protein_coding,cejohnprjeb47283
CJOHNSTONI_LOCUS5527,rna-CJOHNSTONI_LOCUS5527,228,protein_coding,Ion channel  [Source:UniProtKB/TrEMBL;Acc:A0A8J2Q4E8],Cercopithifilaria johnstoni (PRJEB47283),protein_coding,cejohnprjeb47283
CJOHNSTONI_LOCUS7665,rna-CJOHNSTONI_LOCUS7665,197,protein_coding,Transposase  [Source:UniProtKB/TrEMBL;Acc:A0A8J2Q2K5],Cercopithifilaria johnstoni (PRJEB47283),protein_coding,cejohnprjeb47283
CJOHNSTONI_LOCUS3574,rna-CJOHNSTONI_LOCUS3574,219,protein_coding,"Succinate--CoA ligase [ADP/GDP-forming] subunit alpha, mitochondrial  [Source:UniProtKB/TrEMBL;Acc:A0A8J2PSB3]",Cercopithifilaria johnstoni (PRJEB47283),protein_coding,cejohnprjeb47283
CJOHNSTONI_LOCUS9543,rna-CJOHNSTONI_LOCUS9543,380,protein_coding,,Cercopithifilaria johnstoni (PRJEB47283),protein_coding,cejohnprjeb47283
CJOHNSTONI_LOCUS7044,rna-CJOHNSTONI_LOCUS7044,196,protein_coding,Alkaline ceramidase  [Source:UniProtKB/TrEMBL;Acc:A0A8J2MAE4],Cercopithifilaria johnstoni (PRJEB47283),protein_coding,cejohnprjeb47283
CJOHNSTONI_LOCUS2168,rna-CJOHNSTONI_LOCUS2168,439,protein_coding,WH2 domain-containing protein  [Source:UniProtKB/TrEMBL;Acc:A0A8J2PXC0],Cercopithifilaria johnstoni (PRJEB47283),protein_coding,cejohnprjeb47283
CJOHNSTONI_LOCUS3358,rna-CJOHNSTONI_LOCUS3358,5173,protein_coding,Muscle M-line assembly protein unc-89  [Source:UniProtKB/TrEMBL;Acc:A0A8J2LZJ1],Cercopithifilaria johnstoni (PRJEB47283),protein_coding,cejohnprjeb47283
CJOHNSTONI_LOCUS3290,rna-CJOHNSTONI_LOCUS3290,250,protein_coding,ANK_REP_REGION domain-containing protein  [Source:UniProtKB/TrEMBL;Acc:A0A8J2Q9H0],Cercopithifilaria johnstoni (PRJEB47283),protein_coding,cejohnprjeb47283
CJOHNSTONI_LOCUS770,rna-CJOHNSTONI_LOCUS770,257,protein_coding,Homeobox domain-containing protein  [Source:UniProtKB/TrEMBL;Acc:A0A8J2LWB3],Cercopithifilaria johnstoni (PRJEB47283),protein_coding,cejohnprjeb47283
CJOHNSTONI_LOCUS1822,rna-CJOHNSTONI_LOCUS1822,296,protein_coding,GRIP domain-containing protein  [Source:UniProtKB/TrEMBL;Acc:A0A8J2Q8W1],Cercopithifilaria johnstoni (PRJEB47283),protein_coding,cejohnprjeb47283
CJOHNSTONI_LOCUS8791,rna-CJOHNSTONI_LOCUS8791,407,protein_coding,G-protein-signaling modulator 2  [Source:UniProtKB/TrEMBL;Acc:A0A8J2MCX2],Cercopithifilaria johnstoni (PRJEB47283),protein_coding,cejohnprjeb47283
CJOHNSTONI_LOCUS8884,rna-CJOHNSTONI_LOCUS8884,218,protein_coding,GlsB/YeaQ/YmgE family stress response membrane protein  [Source:UniProtKB/TrEMBL;Acc:A0A8J2MEI6],Cercopithifilaria johnstoni (PRJEB47283),protein_coding,cejohnprjeb47283
CJOHNSTONI_LOCUS460,rna-CJOHNSTONI_LOCUS460,183,protein_coding,Protein male abnormal 7  [Source:UniProtKB/TrEMBL;Acc:A0A8J2LYQ2],Cercopithifilaria johnstoni (PRJEB47283),protein_coding,cejohnprjeb47283
CJOHNSTONI_LOCUS1295,rna-CJOHNSTONI_LOCUS1295,380,protein_coding,G_PROTEIN_RECEP_F1_2 domain-containing protein  [Source:UniProtKB/TrEMBL;Acc:A0A8J2LVQ7],Cercopithifilaria johnstoni (PRJEB47283),protein_coding,cejohnprjeb47283
CJOHNSTONI_LOCUS4567,rna-CJOHNSTONI_LOCUS4567,125,protein_coding,Phosphodiesterase delta-like protein  [Source:UniProtKB/TrEMBL;Acc:A0A8J2MN55],Cercopithifilaria johnstoni (PRJEB47283),protein_coding,cejohnprjeb47283
CJOHNSTONI_LOCUS5088,rna-CJOHNSTONI_LOCUS5088,113,protein_coding,Trafficking protein particle complex subunit 6B  [Source:UniProtKB/TrEMBL;Acc:A0A8J2M386],Cercopithifilaria johnstoni (PRJEB47283),protein_coding,cejohnprjeb47283
CJOHNSTONI_LOCUS802,rna-CJOHNSTONI_LOCUS802,204,protein_coding,,Cercopithifilaria johnstoni (PRJEB47283),protein_coding,cejohnprjeb47283
CJOHNSTONI_LOCUS4742,rna-CJOHNSTONI_LOCUS4742,110,protein_coding,,Cercopithifilaria johnstoni (PRJEB47283),protein_coding,cejohnprjeb47283
CJOHNSTONI_LOCUS2305,rna-CJOHNSTONI_LOCUS2305,248,protein_coding,Protein kinase domain-containing protein  [Source:UniProtKB/TrEMBL;Acc:A0A8J2PXU1],Cercopithifilaria johnstoni (PRJEB47283),protein_coding,cejohnprjeb47283
CJOHNSTONI_LOCUS7562,rna-CJOHNSTONI_LOCUS7562,277,protein_coding,Homeobox domain-containing protein  [Source:UniProtKB/TrEMBL;Acc:A0A8J2MA45],Cercopithifilaria johnstoni (PRJEB47283),protein_coding,cejohnprjeb47283
CJOHNSTONI_LOCUS6074,rna-CJOHNSTONI_LOCUS6074,305,protein_coding,F-box domain-containing protein  [Source:UniProtKB/TrEMBL;Acc:A0A8J2Q4U2],Cercopithifilaria johnstoni (PRJEB47283),protein_coding,cejohnprjeb47283
CJOHNSTONI_LOCUS6321,rna-CJOHNSTONI_LOCUS6321,377,protein_coding,F-box domain-containing protein  [Source:UniProtKB/TrEMBL;Acc:A0A8J2MQA0],Cercopithifilaria johnstoni (PRJEB47283),protein_coding,cejohnprjeb47283
CJOHNSTONI_LOCUS7626,rna-CJOHNSTONI_LOCUS7626,204,protein_coding,Neur_chan_memb domain-containing protein  [Source:UniProtKB/TrEMBL;Acc:A0A8J2M2B4],Cercopithifilaria johnstoni (PRJEB47283),protein_coding,cejohnprjeb47283
CJOHNSTONI_LOCUS2371,rna-CJOHNSTONI_LOCUS2371,185,protein_coding,Peptidyl-prolyl cis-trans isomerase  [Source:UniProtKB/TrEMBL;Acc:A0A8J2MKB2],Cercopithifilaria johnstoni (PRJEB47283),protein_coding,cejohnprjeb47283
CJOHNSTONI_LOCUS4826,rna-CJOHNSTONI_LOCUS4826,223,protein_coding,glucuronosyltransferase  [Source:UniProtKB/TrEMBL;Acc:A0A8J2QA51],Cercopithifilaria johnstoni (PRJEB47283),protein_coding,cejohnprjeb47283
CJOHNSTONI_LOCUS1799,rna-CJOHNSTONI_LOCUS1799,167,protein_coding,Protein kinase domain-containing protein  [Source:UniProtKB/TrEMBL;Acc:A0A8J2M1E4],Cercopithifilaria johnstoni (PRJEB47283),protein_coding,cejohnprjeb47283
CJOHNSTONI_LOCUS10158,rna-CJOHNSTONI_LOCUS10158,189,protein_coding,Signal recognition particle 54 kDa protein  [Source:UniProtKB/TrEMBL;Acc:A0A8J2MF89],Cercopithifilaria johnstoni (PRJEB47283),protein_coding,cejohnprjeb47283
CJOHNSTONI_LOCUS355,rna-CJOHNSTONI_LOCUS355,333,protein_coding,G_PROTEIN_RECEP_F1_2 domain-containing protein  [Source:UniProtKB/TrEMBL;Acc:A0A8J2LYI0],Cercopithifilaria johnstoni (PRJEB47283),protein_coding,cejohnprjeb47283
CJOHNSTONI_LOCUS8654,rna-CJOHNSTONI_LOCUS8654,200,protein_coding,Triokinase/FMN cyclase  [Source:UniProtKB/TrEMBL;Acc:A0A8J2ME07],Cercopithifilaria johnstoni (PRJEB47283),protein_coding,cejohnprjeb47283
CJOHNSTONI_LOCUS1957,rna-CJOHNSTONI_LOCUS1957,151,protein_coding,,Cercopithifilaria johnstoni (PRJEB47283),protein_coding,cejohnprjeb47283
CJOHNSTONI_LOCUS5615,rna-CJOHNSTONI_LOCUS5615,195,protein_coding,beta-N-acetylhexosaminidase  [Source:UniProtKB/TrEMBL;Acc:A0A8J2MPB5],Cercopithifilaria johnstoni (PRJEB47283),protein_coding,cejohnprjeb47283
CJOHNSTONI_LOCUS4205,rna-CJOHNSTONI_LOCUS4205,501,protein_coding,Protein kinase domain-containing protein  [Source:UniProtKB/TrEMBL;Acc:A0A8J2PZP9],Cercopithifilaria johnstoni (PRJEB47283),protein_coding,cejohnprjeb47283
CJOHNSTONI_LOCUS7318,rna-CJOHNSTONI_LOCUS7318,241,protein_coding,RING-type domain-containing protein  [Source:UniProtKB/TrEMBL;Acc:A0A8J2PVT2],Cercopithifilaria johnstoni (PRJEB47283),protein_coding,cejohnprjeb47283
CJOHNSTONI_LOCUS1615,rna-CJOHNSTONI_LOCUS1615,193,protein_coding,,Cercopithifilaria johnstoni (PRJEB47283),protein_coding,cejohnprjeb47283
CJOHNSTONI_LOCUS210,rna-CJOHNSTONI_LOCUS210,293,protein_coding,Toll-like receptor 7  [Source:UniProtKB/TrEMBL;Acc:A0A8J2MH41],Cercopithifilaria johnstoni (PRJEB47283),protein_coding,cejohnprjeb47283
CJOHNSTONI_LOCUS4134,rna-CJOHNSTONI_LOCUS4134,319,protein_coding,TLDc domain-containing protein  [Source:UniProtKB/TrEMBL;Acc:A0A8J2PSR8],Cercopithifilaria johnstoni (PRJEB47283),protein_coding,cejohnprjeb47283
CJOHNSTONI_LOCUS5779,rna-CJOHNSTONI_LOCUS5779,156,protein_coding,Triple QxxK/R motif-containing protein  [Source:UniProtKB/TrEMBL;Acc:A0A8J2QAC2],Cercopithifilaria johnstoni (PRJEB47283),protein_coding,cejohnprjeb47283
CJOHNSTONI_LOCUS2236,rna-CJOHNSTONI_LOCUS2236,221,protein_coding,BTB domain-containing protein  [Source:UniProtKB/TrEMBL;Acc:A0A8J2Q1E0],Cercopithifilaria johnstoni (PRJEB47283),protein_coding,cejohnprjeb47283
CJOHNSTONI_LOCUS2382,rna-CJOHNSTONI_LOCUS2382,179,protein_coding,2Fe-2S ferredoxin-type domain-containing protein  [Source:UniProtKB/TrEMBL;Acc:A0A8J2LPH9],Cercopithifilaria johnstoni (PRJEB47283),protein_coding,cejohnprjeb47283
CJOHNSTONI_LOCUS5073,rna-CJOHNSTONI_LOCUS5073,230,protein_coding,T-complex protein 1 subunit epsilon  [Source:UniProtKB/TrEMBL;Acc:A0A8J2LUX1],Cercopithifilaria johnstoni (PRJEB47283),protein_coding,cejohnprjeb47283
CJOHNSTONI_LOCUS10435,rna-CJOHNSTONI_LOCUS10435,314,protein_coding,Sulfurtransferase  [Source:UniProtKB/TrEMBL;Acc:A0A8J2MFF7],Cercopithifilaria johnstoni (PRJEB47283),protein_coding,cejohnprjeb47283
CJOHNSTONI_LOCUS1389,rna-CJOHNSTONI_LOCUS1389,260,protein_coding,ETS domain-containing protein  [Source:UniProtKB/TrEMBL;Acc:A0A8J2LMU7],Cercopithifilaria johnstoni (PRJEB47283),protein_coding,cejohnprjeb47283
CJOHNSTONI_LOCUS7076,rna-CJOHNSTONI_LOCUS7076,159,protein_coding,NUDE_C domain-containing protein  [Source:UniProtKB/TrEMBL;Acc:A0A8J2M8V9],Cercopithifilaria johnstoni (PRJEB47283),protein_coding,cejohnprjeb47283
CJOHNSTONI_LOCUS8028,rna-CJOHNSTONI_LOCUS8028,155,protein_coding,,Cercopithifilaria johnstoni (PRJEB47283),protein_coding,cejohnprjeb47283
CJOHNSTONI_LOCUS7652,rna-CJOHNSTONI_LOCUS7652,376,protein_coding,,Cercopithifilaria johnstoni (PRJEB47283),protein_coding,cejohnprjeb47283
CJOHNSTONI_LOCUS7043,rna-CJOHNSTONI_LOCUS7043,221,protein_coding,procollagen-lysine 5-dioxygenase  [Source:UniProtKB/TrEMBL;Acc:A0A8J2MQZ9],Cercopithifilaria johnstoni (PRJEB47283),protein_coding,cejohnprjeb47283
CJOHNSTONI_LOCUS10379,rna-CJOHNSTONI_LOCUS10379,157,protein_coding,BTB/POZ domain-containing protein  [Source:UniProtKB/TrEMBL;Acc:A0A8J2MGA7],Cercopithifilaria johnstoni (PRJEB47283),protein_coding,cejohnprjeb47283
CJOHNSTONI_LOCUS757,rna-CJOHNSTONI_LOCUS757,176,protein_coding,HNH endonuclease  [Source:UniProtKB/TrEMBL;Acc:A0A8J2Q3F1],Cercopithifilaria johnstoni (PRJEB47283),protein_coding,cejohnprjeb47283
CJOHNSTONI_LOCUS9544,rna-CJOHNSTONI_LOCUS9544,151,protein_coding,Malate dehydrogenase  [Source:UniProtKB/TrEMBL;Acc:A0A8J2Q3Z1],Cercopithifilaria johnstoni (PRJEB47283),protein_coding,cejohnprjeb47283
CJOHNSTONI_LOCUS4028,rna-CJOHNSTONI_LOCUS4028,129,protein_coding,Proteasome subunit alpha type  [Source:UniProtKB/TrEMBL;Acc:A0A8J2MMN3],Cercopithifilaria johnstoni (PRJEB47283),protein_coding,cejohnprjeb47283
CJOHNSTONI_LOCUS9856,rna-CJOHNSTONI_LOCUS9856,749,protein_coding,PDZ domain-containing protein  [Source:UniProtKB/TrEMBL;Acc:A0A8J2MV37],Cercopithifilaria johnstoni (PRJEB47283),protein_coding,cejohnprjeb47283
CJOHNSTONI_LOCUS7856,rna-CJOHNSTONI_LOCUS7856,306,protein_coding,,Cercopithifilaria johnstoni (PRJEB47283),protein_coding,cejohnprjeb47283
CJOHNSTONI_LOCUS2364,rna-CJOHNSTONI_LOCUS2364,221,protein_coding,TPR_REGION domain-containing protein  [Source:UniProtKB/TrEMBL;Acc:A0A8J2PR98],Cercopithifilaria johnstoni (PRJEB47283),protein_coding,cejohnprjeb47283
CJOHNSTONI_LOCUS8610,rna-CJOHNSTONI_LOCUS8610,226,protein_coding,Cytochrome b561 domain-containing protein  [Source:UniProtKB/TrEMBL;Acc:A0A8J2Q3C0],Cercopithifilaria johnstoni (PRJEB47283),protein_coding,cejohnprjeb47283
CJOHNSTONI_LOCUS1963,rna-CJOHNSTONI_LOCUS1963,206,protein_coding,RRM domain-containing protein  [Source:UniProtKB/TrEMBL;Acc:A0A8J2LWR8],Cercopithifilaria johnstoni (PRJEB47283),protein_coding,cejohnprjeb47283
CJOHNSTONI_LOCUS5725,rna-CJOHNSTONI_LOCUS5725,381,protein_coding,WD_REPEATS_REGION domain-containing protein  [Source:UniProtKB/TrEMBL;Acc:A0A8J2M7T7],Cercopithifilaria johnstoni (PRJEB47283),protein_coding,cejohnprjeb47283
CJOHNSTONI_LOCUS2035,rna-CJOHNSTONI_LOCUS2035,219,protein_coding,Protein kinase domain-containing protein  [Source:UniProtKB/TrEMBL;Acc:A0A8J2LZ04],Cercopithifilaria johnstoni (PRJEB47283),protein_coding,cejohnprjeb47283
CJOHNSTONI_LOCUS9102,rna-CJOHNSTONI_LOCUS9102,185,protein_coding,Transmembrane protein  [Source:UniProtKB/TrEMBL;Acc:A0A8J2QB17],Cercopithifilaria johnstoni (PRJEB47283),protein_coding,cejohnprjeb47283
CJOHNSTONI_LOCUS10501,rna-CJOHNSTONI_LOCUS10501,165,protein_coding,Secreted protein  [Source:UniProtKB/TrEMBL;Acc:A0A8J2MV60],Cercopithifilaria johnstoni (PRJEB47283),protein_coding,cejohnprjeb47283
CJOHNSTONI_LOCUS2759,rna-CJOHNSTONI_LOCUS2759,217,protein_coding,Rac GTPase-activating protein 1  [Source:UniProtKB/TrEMBL;Acc:A0A8J2LQ22],Cercopithifilaria johnstoni (PRJEB47283),protein_coding,cejohnprjeb47283
CJOHNSTONI_LOCUS3795,rna-CJOHNSTONI_LOCUS3795,191,protein_coding,Neur_chan_LBD domain-containing protein  [Source:UniProtKB/TrEMBL;Acc:A0A8J2M1P4],Cercopithifilaria johnstoni (PRJEB47283),protein_coding,cejohnprjeb47283
CJOHNSTONI_LOCUS1856,rna-CJOHNSTONI_LOCUS1856,225,protein_coding,Stimulator of interferon genes protein  [Source:UniProtKB/TrEMBL;Acc:A0A8J2LYP2],Cercopithifilaria johnstoni (PRJEB47283),protein_coding,cejohnprjeb47283
CJOHNSTONI_LOCUS10288,rna-CJOHNSTONI_LOCUS10288,198,protein_coding,Mitochondrial thiamine pyrophosphate carrier  [Source:UniProtKB/TrEMBL;Acc:A0A8J2M7X1],Cercopithifilaria johnstoni (PRJEB47283),protein_coding,cejohnprjeb47283
CJOHNSTONI_LOCUS3036,rna-CJOHNSTONI_LOCUS3036,254,protein_coding,GMP synthase (glutamine-hydrolyzing)  [Source:UniProtKB/TrEMBL;Acc:A0A8J2Q585],Cercopithifilaria johnstoni (PRJEB47283),protein_coding,cejohnprjeb47283
CJOHNSTONI_LOCUS4839,rna-CJOHNSTONI_LOCUS4839,262,protein_coding,Protein kinase domain-containing protein  [Source:UniProtKB/TrEMBL;Acc:A0A8J2Q3R6],Cercopithifilaria johnstoni (PRJEB47283),protein_coding,cejohnprjeb47283
CJOHNSTONI_LOCUS5819,rna-CJOHNSTONI_LOCUS5819,272,protein_coding,DUF4477 domain-containing protein  [Source:UniProtKB/TrEMBL;Acc:A0A8J2QAC5],Cercopithifilaria johnstoni (PRJEB47283),protein_coding,cejohnprjeb47283
CJOHNSTONI_LOCUS10335,rna-CJOHNSTONI_LOCUS10335,133,protein_coding,Secreted protein  [Source:UniProtKB/TrEMBL;Acc:A0A8J2MG77],Cercopithifilaria johnstoni (PRJEB47283),protein_coding,cejohnprjeb47283
CJOHNSTONI_LOCUS8758,rna-CJOHNSTONI_LOCUS8758,122,protein_coding,pyruvate kinase  [Source:UniProtKB/TrEMBL;Acc:A0A8J2MAP4],Cercopithifilaria johnstoni (PRJEB47283),protein_coding,cejohnprjeb47283
CJOHNSTONI_LOCUS1730,rna-CJOHNSTONI_LOCUS1730,262,protein_coding,Protein arginine N-methyltransferase  [Source:UniProtKB/TrEMBL;Acc:A0A8J2M1B0],Cercopithifilaria johnstoni (PRJEB47283),protein_coding,cejohnprjeb47283
CJOHNSTONI_LOCUS309,rna-CJOHNSTONI_LOCUS309,261,protein_coding,KH domain-containing protein  [Source:UniProtKB/TrEMBL;Acc:A0A8J2LN08],Cercopithifilaria johnstoni (PRJEB47283),protein_coding,cejohnprjeb47283
CJOHNSTONI_LOCUS5503,rna-CJOHNSTONI_LOCUS5503,386,protein_coding,PH domain-containing protein  [Source:UniProtKB/TrEMBL;Acc:A0A8J2Q4E1],Cercopithifilaria johnstoni (PRJEB47283),protein_coding,cejohnprjeb47283
CJOHNSTONI_LOCUS8931,rna-CJOHNSTONI_LOCUS8931,252,protein_coding,UDP-N-acetylglucosamine transferase subunit ALG14 homolog  [Source:UniProtKB/TrEMBL;Acc:A0A8J2Q8Z2],Cercopithifilaria johnstoni (PRJEB47283),protein_coding,cejohnprjeb47283
CJOHNSTONI_LOCUS10115,rna-CJOHNSTONI_LOCUS10115,189,protein_coding,"28S ribosomal protein S21, mitochondrial  [Source:UniProtKB/TrEMBL;Acc:A0A8J2MUN5]",Cercopithifilaria johnstoni (PRJEB47283),protein_coding,cejohnprjeb47283
CJOHNSTONI_LOCUS4020,rna-CJOHNSTONI_LOCUS4020,749,protein_coding,BED-type domain-containing protein  [Source:UniProtKB/TrEMBL;Acc:A0A8J2PSN7],Cercopithifilaria johnstoni (PRJEB47283),protein_coding,cejohnprjeb47283
CJOHNSTONI_LOCUS524,rna-CJOHNSTONI_LOCUS524,657,protein_coding,DUF4806 domain-containing protein  [Source:UniProtKB/TrEMBL;Acc:A0A8J2LND8],Cercopithifilaria johnstoni (PRJEB47283),protein_coding,cejohnprjeb47283
CJOHNSTONI_LOCUS6944,rna-CJOHNSTONI_LOCUS6944,173,protein_coding,Sjogren's syndrome/scleroderma autoantigen 1 (Autoantigen p27)  [Source:UniProtKB/TrEMBL;Acc:A0A8J2PV66],Cercopithifilaria johnstoni (PRJEB47283),protein_coding,cejohnprjeb47283
CJOHNSTONI_LOCUS9941,rna-CJOHNSTONI_LOCUS9941,206,protein_coding,Pyruvate dehydrogenase E1 component subunit beta  [Source:UniProtKB/TrEMBL;Acc:A0A8J2Q9E0],Cercopithifilaria johnstoni (PRJEB47283),protein_coding,cejohnprjeb47283
CJOHNSTONI_LOCUS5095,rna-CJOHNSTONI_LOCUS5095,307,protein_coding,FERM domain-containing protein  [Source:UniProtKB/TrEMBL;Acc:A0A8J2M4L1],Cercopithifilaria johnstoni (PRJEB47283),protein_coding,cejohnprjeb47283
CJOHNSTONI_LOCUS6717,rna-CJOHNSTONI_LOCUS6717,223,protein_coding,sulfite oxidase  [Source:UniProtKB/TrEMBL;Acc:A0A8J2MQR1],Cercopithifilaria johnstoni (PRJEB47283),protein_coding,cejohnprjeb47283
CJOHNSTONI_LOCUS2853,rna-CJOHNSTONI_LOCUS2853,300,protein_coding,Rho GTPase-activating protein 12  [Source:UniProtKB/TrEMBL;Acc:A0A8J2PRN6],Cercopithifilaria johnstoni (PRJEB47283),protein_coding,cejohnprjeb47283
CJOHNSTONI_LOCUS3260,rna-CJOHNSTONI_LOCUS3260,228,protein_coding,Helicase ATP-binding domain-containing protein  [Source:UniProtKB/TrEMBL;Acc:A0A8J2LQR1],Cercopithifilaria johnstoni (PRJEB47283),protein_coding,cejohnprjeb47283
CJOHNSTONI_LOCUS8514,rna-CJOHNSTONI_LOCUS8514,523,protein_coding,Lactamase_B domain-containing protein  [Source:UniProtKB/TrEMBL;Acc:A0A8J2MC58],Cercopithifilaria johnstoni (PRJEB47283),protein_coding,cejohnprjeb47283
CJOHNSTONI_LOCUS10246,rna-CJOHNSTONI_LOCUS10246,215,protein_coding,ANK_REP_REGION domain-containing protein  [Source:UniProtKB/TrEMBL;Acc:A0A8J2QBA0],Cercopithifilaria johnstoni (PRJEB47283),protein_coding,cejohnprjeb47283
CJOHNSTONI_LOCUS4509,rna-CJOHNSTONI_LOCUS4509,124,protein_coding,,Cercopithifilaria johnstoni (PRJEB47283),protein_coding,cejohnprjeb47283
CJOHNSTONI_LOCUS279,rna-CJOHNSTONI_LOCUS279,263,protein_coding,Ovule protein  [Source:UniProtKB/TrEMBL;Acc:A0A8J2LMZ2],Cercopithifilaria johnstoni (PRJEB47283),protein_coding,cejohnprjeb47283
CJOHNSTONI_LOCUS1648,rna-CJOHNSTONI_LOCUS1648,193,protein_coding,Protein kinase domain-containing protein  [Source:UniProtKB/TrEMBL;Acc:A0A8J2PQM7],Cercopithifilaria johnstoni (PRJEB47283),protein_coding,cejohnprjeb47283
CJOHNSTONI_LOCUS4173,rna-CJOHNSTONI_LOCUS4173,202,protein_coding,RBR-type E3 ubiquitin transferase  [Source:UniProtKB/TrEMBL;Acc:A0A8J2M2T4],Cercopithifilaria johnstoni (PRJEB47283),protein_coding,cejohnprjeb47283
CJOHNSTONI_LOCUS6743,rna-CJOHNSTONI_LOCUS6743,129,protein_coding,,Cercopithifilaria johnstoni (PRJEB47283),protein_coding,cejohnprjeb47283
CJOHNSTONI_LOCUS10266,rna-CJOHNSTONI_LOCUS10266,289,protein_coding,RanBP1 domain-containing protein  [Source:UniProtKB/TrEMBL;Acc:A0A8J2MFG2],Cercopithifilaria johnstoni (PRJEB47283),protein_coding,cejohnprjeb47283
CJOHNSTONI_LOCUS4577,rna-CJOHNSTONI_LOCUS4577,149,protein_coding,Urotensin-2B  [Source:UniProtKB/TrEMBL;Acc:A0A8J2QA04],Cercopithifilaria johnstoni (PRJEB47283),protein_coding,cejohnprjeb47283
CJOHNSTONI_LOCUS8401,rna-CJOHNSTONI_LOCUS8401,250,protein_coding,Protein HID1  [Source:UniProtKB/TrEMBL;Acc:A0A8J2MDH7],Cercopithifilaria johnstoni (PRJEB47283),protein_coding,cejohnprjeb47283
CJOHNSTONI_LOCUS2490,rna-CJOHNSTONI_LOCUS2490,279,protein_coding,Kinetochore scaffold 1  [Source:UniProtKB/TrEMBL;Acc:A0A8J2LZX6],Cercopithifilaria johnstoni (PRJEB47283),protein_coding,cejohnprjeb47283
CJOHNSTONI_LOCUS8907,rna-CJOHNSTONI_LOCUS8907,1172,protein_coding,Zinc finger protein 239-like  [Source:UniProtKB/TrEMBL;Acc:A0A8J2PXQ9],Cercopithifilaria johnstoni (PRJEB47283),protein_coding,cejohnprjeb47283
CJOHNSTONI_LOCUS7513,rna-CJOHNSTONI_LOCUS7513,242,protein_coding,DNA topoisomerase 2  [Source:UniProtKB/TrEMBL;Acc:A0A8J2M9U3],Cercopithifilaria johnstoni (PRJEB47283),protein_coding,cejohnprjeb47283
CJOHNSTONI_LOCUS701,rna-CJOHNSTONI_LOCUS701,932,protein_coding,A-kinase anchor protein 12  [Source:UniProtKB/TrEMBL;Acc:A0A8J2Q3E3],Cercopithifilaria johnstoni (PRJEB47283),protein_coding,cejohnprjeb47283
CJOHNSTONI_LOCUS6444,rna-CJOHNSTONI_LOCUS6444,187,protein_coding,VWFA domain-containing protein  [Source:UniProtKB/TrEMBL;Acc:A0A8J2MQF2],Cercopithifilaria johnstoni (PRJEB47283),protein_coding,cejohnprjeb47283
CJOHNSTONI_LOCUS7979,rna-CJOHNSTONI_LOCUS7979,425,protein_coding,SH3 domain-containing protein  [Source:UniProtKB/TrEMBL;Acc:A0A8J2MAE7],Cercopithifilaria johnstoni (PRJEB47283),protein_coding,cejohnprjeb47283
CJOHNSTONI_LOCUS4013,rna-CJOHNSTONI_LOCUS4013,232,protein_coding,Structural maintenance of chromosomes protein  [Source:UniProtKB/TrEMBL;Acc:A0A8J2MM35],Cercopithifilaria johnstoni (PRJEB47283),protein_coding,cejohnprjeb47283
CJOHNSTONI_LOCUS5467,rna-CJOHNSTONI_LOCUS5467,206,protein_coding,A-kinase anchor protein 17A  [Source:UniProtKB/TrEMBL;Acc:A0A8J2LX13],Cercopithifilaria johnstoni (PRJEB47283),protein_coding,cejohnprjeb47283
CJOHNSTONI_LOCUS596,rna-CJOHNSTONI_LOCUS596,343,protein_coding,G_PROTEIN_RECEP_F1_2 domain-containing protein  [Source:UniProtKB/TrEMBL;Acc:A0A8J2LU49],Cercopithifilaria johnstoni (PRJEB47283),protein_coding,cejohnprjeb47283
CJOHNSTONI_LOCUS9341,rna-CJOHNSTONI_LOCUS9341,1339,protein_coding,BRCT domain-containing protein  [Source:UniProtKB/TrEMBL;Acc:A0A8J2M5D0],Cercopithifilaria johnstoni (PRJEB47283),protein_coding,cejohnprjeb47283
CJOHNSTONI_LOCUS463,rna-CJOHNSTONI_LOCUS463,438,protein_coding,Ets-domain protein  [Source:UniProtKB/TrEMBL;Acc:A0A8J2LW74],Cercopithifilaria johnstoni (PRJEB47283),protein_coding,cejohnprjeb47283
CJOHNSTONI_LOCUS6013,rna-CJOHNSTONI_LOCUS6013,212,protein_coding,DNA topoisomerase I  [Source:UniProtKB/TrEMBL;Acc:A0A8J2M679],Cercopithifilaria johnstoni (PRJEB47283),protein_coding,cejohnprjeb47283
CJOHNSTONI_LOCUS8140,rna-CJOHNSTONI_LOCUS8140,201,protein_coding,WD_REPEATS_REGION domain-containing protein  [Source:UniProtKB/TrEMBL;Acc:A0A8J2MSQ5],Cercopithifilaria johnstoni (PRJEB47283),protein_coding,cejohnprjeb47283
CJOHNSTONI_LOCUS10517,rna-CJOHNSTONI_LOCUS10517,188,protein_coding,NYN domain-containing protein  [Source:UniProtKB/TrEMBL;Acc:A0A8J2MVZ0],Cercopithifilaria johnstoni (PRJEB47283),protein_coding,cejohnprjeb47283
CJOHNSTONI_LOCUS7804,rna-CJOHNSTONI_LOCUS7804,187,protein_coding,[histone H4]-lysine(20) N-methyltransferase  [Source:UniProtKB/TrEMBL;Acc:A0A8J2M9Z5],Cercopithifilaria johnstoni (PRJEB47283),protein_coding,cejohnprjeb47283
CJOHNSTONI_LOCUS1175,rna-CJOHNSTONI_LOCUS1175,203,protein_coding,ULD domain-containing protein  [Source:UniProtKB/TrEMBL;Acc:A0A8J2LPP2],Cercopithifilaria johnstoni (PRJEB47283),protein_coding,cejohnprjeb47283
CJOHNSTONI_LOCUS3192,rna-CJOHNSTONI_LOCUS3192,3861,protein_coding,Serine/threonine-protein kinase Doa  [Source:UniProtKB/TrEMBL;Acc:A0A8J2PYR9],Cercopithifilaria johnstoni (PRJEB47283),protein_coding,cejohnprjeb47283
CJOHNSTONI_LOCUS4256,rna-CJOHNSTONI_LOCUS4256,169,protein_coding,Transmembrane protein  [Source:UniProtKB/TrEMBL;Acc:A0A8J2M2H0],Cercopithifilaria johnstoni (PRJEB47283),protein_coding,cejohnprjeb47283
CJOHNSTONI_LOCUS8572,rna-CJOHNSTONI_LOCUS8572,289,protein_coding,Mitochondrial glutamate carrier 1  [Source:UniProtKB/TrEMBL;Acc:A0A8J2Q3A8],Cercopithifilaria johnstoni (PRJEB47283),protein_coding,cejohnprjeb47283
CJOHNSTONI_LOCUS9019,rna-CJOHNSTONI_LOCUS9019,198,protein_coding,TraB domain-containing protein  [Source:UniProtKB/TrEMBL;Acc:A0A8J2M3X9],Cercopithifilaria johnstoni (PRJEB47283),protein_coding,cejohnprjeb47283
CJOHNSTONI_LOCUS313,rna-CJOHNSTONI_LOCUS313,167,protein_coding,RIBOSOMAL_L9 domain-containing protein  [Source:UniProtKB/TrEMBL;Acc:A0A8J2LYF4],Cercopithifilaria johnstoni (PRJEB47283),protein_coding,cejohnprjeb47283
CJOHNSTONI_LOCUS8888,rna-CJOHNSTONI_LOCUS8888,530,protein_coding,VWFA domain-containing protein  [Source:UniProtKB/TrEMBL;Acc:A0A8J2MB69],Cercopithifilaria johnstoni (PRJEB47283),protein_coding,cejohnprjeb47283
CJOHNSTONI_LOCUS1104,rna-CJOHNSTONI_LOCUS1104,290,protein_coding,Haloacid dehalogenase-like hydrolase domain-containing protein 1A  [Source:UniProtKB/TrEMBL;Acc:A0A8J2LV96],Cercopithifilaria johnstoni (PRJEB47283),protein_coding,cejohnprjeb47283
CJOHNSTONI_LOCUS5277,rna-CJOHNSTONI_LOCUS5277,236,protein_coding,Envelope-like protein  [Source:UniProtKB/TrEMBL;Acc:A0A8J2MNY1],Cercopithifilaria johnstoni (PRJEB47283),protein_coding,cejohnprjeb47283
CJOHNSTONI_LOCUS6044,rna-CJOHNSTONI_LOCUS6044,253,protein_coding,Chromosome 1 open reading frame 141  [Source:UniProtKB/TrEMBL;Acc:A0A8J2Q7S1],Cercopithifilaria johnstoni (PRJEB47283),protein_coding,cejohnprjeb47283
CJOHNSTONI_LOCUS2361,rna-CJOHNSTONI_LOCUS2361,324,protein_coding,L51_S25_CI-B8 domain-containing protein  [Source:UniProtKB/TrEMBL;Acc:A0A8J2LZ86],Cercopithifilaria johnstoni (PRJEB47283),protein_coding,cejohnprjeb47283
CJOHNSTONI_LOCUS4602,rna-CJOHNSTONI_LOCUS4602,224,protein_coding,MIF4G domain-containing protein  [Source:UniProtKB/TrEMBL;Acc:A0A8J2LTD9],Cercopithifilaria johnstoni (PRJEB47283),protein_coding,cejohnprjeb47283
CJOHNSTONI_LOCUS4168,rna-CJOHNSTONI_LOCUS4168,264,protein_coding,Snurportin-1  [Source:UniProtKB/TrEMBL;Acc:A0A8J2LSN0],Cercopithifilaria johnstoni (PRJEB47283),protein_coding,cejohnprjeb47283
CJOHNSTONI_LOCUS389,rna-CJOHNSTONI_LOCUS389,346,protein_coding,Protein kinase domain-containing protein  [Source:UniProtKB/TrEMBL;Acc:A0A8J2LN58],Cercopithifilaria johnstoni (PRJEB47283),protein_coding,cejohnprjeb47283
CJOHNSTONI_LOCUS726,rna-CJOHNSTONI_LOCUS726,178,protein_coding,Protein kinase domain-containing protein  [Source:UniProtKB/TrEMBL;Acc:A0A8J2LWR2],Cercopithifilaria johnstoni (PRJEB47283),protein_coding,cejohnprjeb47283
CJOHNSTONI_LOCUS6994,rna-CJOHNSTONI_LOCUS6994-2,230,protein_coding,Cleft lip and palate associated transmembrane protein 1  [Source:UniProtKB/TrEMBL;Acc:A0A8J2M7M6],Cercopithifilaria johnstoni (PRJEB47283),protein_coding,cejohnprjeb47283
CJOHNSTONI_LOCUS4651,rna-CJOHNSTONI_LOCUS4651,232,protein_coding,TM2 domain-containing protein  [Source:UniProtKB/TrEMBL;Acc:A0A8J2M382],Cercopithifilaria johnstoni (PRJEB47283),protein_coding,cejohnprjeb47283
CJOHNSTONI_LOCUS4410,rna-CJOHNSTONI_LOCUS4410,146,protein_coding,Ribosome biogenesis protein NOP53  [Source:UniProtKB/TrEMBL;Acc:A0A8J2LT24],Cercopithifilaria johnstoni (PRJEB47283),protein_coding,cejohnprjeb47283
CJOHNSTONI_LOCUS7176,rna-CJOHNSTONI_LOCUS7176,329,protein_coding,Nucleolysin TIA-1/TIAR  [Source:UniProtKB/TrEMBL;Acc:A0A8J2M7G2],Cercopithifilaria johnstoni (PRJEB47283),protein_coding,cejohnprjeb47283
CJOHNSTONI_LOCUS6532,rna-CJOHNSTONI_LOCUS6532,255,protein_coding,Sodium/calcium exchanger membrane region domain-containing protein  [Source:UniProtKB/TrEMBL;Acc:A0A8J2M759],Cercopithifilaria johnstoni (PRJEB47283),protein_coding,cejohnprjeb47283
CJOHNSTONI_LOCUS10510,rna-CJOHNSTONI_LOCUS10510,124,protein_coding,,Cercopithifilaria johnstoni (PRJEB47283),protein_coding,cejohnprjeb47283
CJOHNSTONI_LOCUS7259,rna-CJOHNSTONI_LOCUS7259,256,protein_coding,DUF4817 domain-containing protein  [Source:UniProtKB/TrEMBL;Acc:A0A8J2M9F7],Cercopithifilaria johnstoni (PRJEB47283),protein_coding,cejohnprjeb47283
CJOHNSTONI_LOCUS1754,rna-CJOHNSTONI_LOCUS1754,146,protein_coding,Mitochondrial import receptor subunit TOM7 homolog  [Source:UniProtKB/TrEMBL;Acc:A0A8J2LNE6],Cercopithifilaria johnstoni (PRJEB47283),protein_coding,cejohnprjeb47283
CJOHNSTONI_LOCUS7299,rna-CJOHNSTONI_LOCUS7299,229,protein_coding,DUF1311 domain-containing protein  [Source:UniProtKB/TrEMBL;Acc:A0A8J2MAW2],Cercopithifilaria johnstoni (PRJEB47283),protein_coding,cejohnprjeb47283
CJOHNSTONI_LOCUS10055,rna-CJOHNSTONI_LOCUS10055,268,protein_coding,Zyg eleven-related protein 1  [Source:UniProtKB/TrEMBL;Acc:A0A8J2QB86],Cercopithifilaria johnstoni (PRJEB47283),protein_coding,cejohnprjeb47283
CJOHNSTONI_LOCUS1477,rna-CJOHNSTONI_LOCUS1477,192,protein_coding,Protein MAK10 homolog  [Source:UniProtKB/TrEMBL;Acc:A0A8J2LQ65],Cercopithifilaria johnstoni (PRJEB47283),protein_coding,cejohnprjeb47283
CJOHNSTONI_LOCUS8755,rna-CJOHNSTONI_LOCUS8755,299,protein_coding,Thymosin beta  [Source:UniProtKB/TrEMBL;Acc:A0A8J2QAZ2],Cercopithifilaria johnstoni (PRJEB47283),protein_coding,cejohnprjeb47283
CJOHNSTONI_LOCUS1853,rna-CJOHNSTONI_LOCUS1853,200,protein_coding,Gem-associated protein 7  [Source:UniProtKB/TrEMBL;Acc:A0A8J2LWY7],Cercopithifilaria johnstoni (PRJEB47283),protein_coding,cejohnprjeb47283
CJOHNSTONI_LOCUS4236,rna-CJOHNSTONI_LOCUS4236,187,protein_coding,MEIS N-terminal domain-containing protein  [Source:UniProtKB/TrEMBL;Acc:A0A8J2LVL5],Cercopithifilaria johnstoni (PRJEB47283),protein_coding,cejohnprjeb47283
CJOHNSTONI_LOCUS6448,rna-CJOHNSTONI_LOCUS6448,294,protein_coding,Peptidase_M28 domain-containing protein  [Source:UniProtKB/TrEMBL;Acc:A0A8J2M7F8],Cercopithifilaria johnstoni (PRJEB47283),protein_coding,cejohnprjeb47283
CJOHNSTONI_LOCUS8629,rna-CJOHNSTONI_LOCUS8629,355,protein_coding,Sin3a_C domain-containing protein  [Source:UniProtKB/TrEMBL;Acc:A0A8J2MDZ6],Cercopithifilaria johnstoni (PRJEB47283),protein_coding,cejohnprjeb47283
CJOHNSTONI_LOCUS7809,rna-CJOHNSTONI_LOCUS7809,1216,protein_coding,FH2 domain-containing protein  [Source:UniProtKB/TrEMBL;Acc:A0A8J2QAS2],Cercopithifilaria johnstoni (PRJEB47283),protein_coding,cejohnprjeb47283
CJOHNSTONI_LOCUS9346,rna-CJOHNSTONI_LOCUS9346,238,protein_coding,Dynactin subunit 4  [Source:UniProtKB/TrEMBL;Acc:A0A8J2ME60],Cercopithifilaria johnstoni (PRJEB47283),protein_coding,cejohnprjeb47283
CJOHNSTONI_LOCUS4784,rna-CJOHNSTONI_LOCUS4784,163,protein_coding,Smg4_UPF3 domain-containing protein  [Source:UniProtKB/TrEMBL;Acc:A0A8J2Q032],Cercopithifilaria johnstoni (PRJEB47283),protein_coding,cejohnprjeb47283
CJOHNSTONI_LOCUS588,rna-CJOHNSTONI_LOCUS588,316,protein_coding,MyTH4 domain-containing protein  [Source:UniProtKB/TrEMBL;Acc:A0A8J2LWE0],Cercopithifilaria johnstoni (PRJEB47283),protein_coding,cejohnprjeb47283
CJOHNSTONI_LOCUS1026,rna-CJOHNSTONI_LOCUS1026,434,protein_coding,SERPIN domain-containing protein  [Source:UniProtKB/TrEMBL;Acc:A0A8J2LM85],Cercopithifilaria johnstoni (PRJEB47283),protein_coding,cejohnprjeb47283
CJOHNSTONI_LOCUS1558,rna-CJOHNSTONI_LOCUS1558,250,protein_coding,G_PROTEIN_RECEP_F1_2 domain-containing protein  [Source:UniProtKB/TrEMBL;Acc:A0A8J2MJB6],Cercopithifilaria johnstoni (PRJEB47283),protein_coding,cejohnprjeb47283
CJOHNSTONI_LOCUS8359,rna-CJOHNSTONI_LOCUS8359,272,protein_coding,Leucine-rich repeats and immunoglobulin-like domains protein 3  [Source:UniProtKB/TrEMBL;Acc:A0A8J2M2T7],Cercopithifilaria johnstoni (PRJEB47283),protein_coding,cejohnprjeb47283
CJOHNSTONI_LOCUS1466,rna-CJOHNSTONI_LOCUS1466,2152,protein_coding,Secreted protein  [Source:UniProtKB/TrEMBL;Acc:A0A8J2M0Z1],Cercopithifilaria johnstoni (PRJEB47283),protein_coding,cejohnprjeb47283
CJOHNSTONI_LOCUS4563,rna-CJOHNSTONI_LOCUS4563,314,protein_coding,CCHC-type domain-containing protein  [Source:UniProtKB/TrEMBL;Acc:A0A8J2LTB2],Cercopithifilaria johnstoni (PRJEB47283),protein_coding,cejohnprjeb47283
CJOHNSTONI_LOCUS8965,rna-CJOHNSTONI_LOCUS8965,365,protein_coding,"RNA-directed DNA polymerase, eukaryota, reverse transcriptase zinc-binding domain protein  [Source:UniProtKB/TrEMBL;Acc:A0A8J2M3U4]",Cercopithifilaria johnstoni (PRJEB47283),protein_coding,cejohnprjeb47283
CJOHNSTONI_LOCUS10500,rna-CJOHNSTONI_LOCUS10500,262,protein_coding,Cation_ATPase_N domain-containing protein  [Source:UniProtKB/TrEMBL;Acc:A0A8J2MDU9],Cercopithifilaria johnstoni (PRJEB47283),protein_coding,cejohnprjeb47283
CJOHNSTONI_LOCUS6271,rna-CJOHNSTONI_LOCUS6271,229,protein_coding,2OG-FeII_Oxy_2 domain-containing protein  [Source:UniProtKB/TrEMBL;Acc:A0A8J2M8S7],Cercopithifilaria johnstoni (PRJEB47283),protein_coding,cejohnprjeb47283
CJOHNSTONI_LOCUS10118,rna-CJOHNSTONI_LOCUS10118,191,protein_coding,BHLH domain-containing protein  [Source:UniProtKB/TrEMBL;Acc:A0A8J2MF60],Cercopithifilaria johnstoni (PRJEB47283),protein_coding,cejohnprjeb47283
CJOHNSTONI_LOCUS402,rna-CJOHNSTONI_LOCUS402,276,protein_coding,Disintegrin and metalloproteinase domain-containing protein 22  [Source:UniProtKB/TrEMBL;Acc:A0A8J2Q827],Cercopithifilaria johnstoni (PRJEB47283),protein_coding,cejohnprjeb47283
CJOHNSTONI_LOCUS3828,rna-CJOHNSTONI_LOCUS3828,184,protein_coding,Putative hydroxypyruvate isomerase  [Source:UniProtKB/TrEMBL;Acc:A0A8J2Q9P8],Cercopithifilaria johnstoni (PRJEB47283),protein_coding,cejohnprjeb47283
CJOHNSTONI_LOCUS6339,rna-CJOHNSTONI_LOCUS6339,242,protein_coding,UPF0390 protein  [Source:UniProtKB/TrEMBL;Acc:A0A8J2M6K7],Cercopithifilaria johnstoni (PRJEB47283),protein_coding,cejohnprjeb47283
CJOHNSTONI_LOCUS585,rna-CJOHNSTONI_LOCUS585,174,protein_coding,Unconventional myosin-XV  [Source:UniProtKB/TrEMBL;Acc:A0A8J2LYX9],Cercopithifilaria johnstoni (PRJEB47283),protein_coding,cejohnprjeb47283
CJOHNSTONI_LOCUS1567,rna-CJOHNSTONI_LOCUS1567,249,protein_coding,Discoidin domain-containing receptor 2  [Source:UniProtKB/TrEMBL;Acc:A0A8J2PWQ3],Cercopithifilaria johnstoni (PRJEB47283),protein_coding,cejohnprjeb47283
CJOHNSTONI_LOCUS2569,rna-CJOHNSTONI_LOCUS2569,208,protein_coding,DUF4956 domain-containing protein  [Source:UniProtKB/TrEMBL;Acc:A0A8J2LS39],Cercopithifilaria johnstoni (PRJEB47283),protein_coding,cejohnprjeb47283
CJOHNSTONI_LOCUS1786,rna-CJOHNSTONI_LOCUS1786,247,protein_coding,Dedicator of cytokinesis protein 10  [Source:UniProtKB/TrEMBL;Acc:A0A8J2LYJ4],Cercopithifilaria johnstoni (PRJEB47283),protein_coding,cejohnprjeb47283
CJOHNSTONI_LOCUS4270,rna-CJOHNSTONI_LOCUS4270,221,protein_coding,BSD domain-containing protein  [Source:UniProtKB/TrEMBL;Acc:A0A8J2Q6S8],Cercopithifilaria johnstoni (PRJEB47283),protein_coding,cejohnprjeb47283
CJOHNSTONI_LOCUS8635,rna-CJOHNSTONI_LOCUS8635,233,protein_coding,CRAL-TRIO domain-containing protein  [Source:UniProtKB/TrEMBL;Acc:A0A8J2Q6H6],Cercopithifilaria johnstoni (PRJEB47283),protein_coding,cejohnprjeb47283
CJOHNSTONI_LOCUS2870,rna-CJOHNSTONI_LOCUS2870,943,protein_coding,Protein aurora borealis  [Source:UniProtKB/TrEMBL;Acc:A0A8J2PYG8],Cercopithifilaria johnstoni (PRJEB47283),protein_coding,cejohnprjeb47283
CJOHNSTONI_LOCUS3137,rna-CJOHNSTONI_LOCUS3137,245,protein_coding,U4/U6 small nuclear ribonucleoprotein Prp3  [Source:UniProtKB/TrEMBL;Acc:A0A8J2LZ56],Cercopithifilaria johnstoni (PRJEB47283),protein_coding,cejohnprjeb47283
CJOHNSTONI_LOCUS6410,rna-CJOHNSTONI_LOCUS6410,643,protein_coding,,Cercopithifilaria johnstoni (PRJEB47283),protein_coding,cejohnprjeb47283
CJOHNSTONI_LOCUS6349,rna-CJOHNSTONI_LOCUS6349,174,protein_coding,40S ribosomal protein S12  [Source:UniProtKB/TrEMBL;Acc:A0A8J2M8X5],Cercopithifilaria johnstoni (PRJEB47283),protein_coding,cejohnprjeb47283
CJOHNSTONI_LOCUS7843,rna-CJOHNSTONI_LOCUS7843,995,protein_coding,Gastrula zinc finger protein XlCGF8.2DB-like  [Source:UniProtKB/TrEMBL;Acc:A0A8J2MBY1],Cercopithifilaria johnstoni (PRJEB47283),protein_coding,cejohnprjeb47283
CJOHNSTONI_LOCUS1690,rna-CJOHNSTONI_LOCUS1690,196,protein_coding,Protein-tyrosine phosphatase  [Source:UniProtKB/TrEMBL;Acc:A0A8J2LYE9],Cercopithifilaria johnstoni (PRJEB47283),protein_coding,cejohnprjeb47283
CJOHNSTONI_LOCUS5594,rna-CJOHNSTONI_LOCUS5594,1751,protein_coding,Zonadhesin  [Source:UniProtKB/TrEMBL;Acc:A0A8J2Q4G6],Cercopithifilaria johnstoni (PRJEB47283),protein_coding,cejohnprjeb47283
CJOHNSTONI_LOCUS1524,rna-CJOHNSTONI_LOCUS1524,391,protein_coding,PHD-type domain-containing protein  [Source:UniProtKB/TrEMBL;Acc:A0A8J2Q0U3],Cercopithifilaria johnstoni (PRJEB47283),protein_coding,cejohnprjeb47283
CJOHNSTONI_LOCUS4320,rna-CJOHNSTONI_LOCUS4320,315,protein_coding,Paired domain-containing protein  [Source:UniProtKB/TrEMBL;Acc:A0A8J2M320],Cercopithifilaria johnstoni (PRJEB47283),protein_coding,cejohnprjeb47283
CJOHNSTONI_LOCUS10458,rna-CJOHNSTONI_LOCUS10458,209,protein_coding,Wsv293  [Source:UniProtKB/TrEMBL;Acc:A0A8J2MVW0],Cercopithifilaria johnstoni (PRJEB47283),protein_coding,cejohnprjeb47283
CJOHNSTONI_LOCUS6053,rna-CJOHNSTONI_LOCUS6053,251,protein_coding,MOSC domain-containing protein  [Source:UniProtKB/TrEMBL;Acc:A0A8J2MPW7],Cercopithifilaria johnstoni (PRJEB47283),protein_coding,cejohnprjeb47283
CJOHNSTONI_LOCUS8051,rna-CJOHNSTONI_LOCUS8051,314,protein_coding,WD repeat-containing protein 11  [Source:UniProtKB/TrEMBL;Acc:A0A8J2Q2V7],Cercopithifilaria johnstoni (PRJEB47283),protein_coding,cejohnprjeb47283
CJOHNSTONI_LOCUS148,rna-CJOHNSTONI_LOCUS148,413,protein_coding,RRM domain-containing protein  [Source:UniProtKB/TrEMBL;Acc:A0A8J2PZG5],Cercopithifilaria johnstoni (PRJEB47283),protein_coding,cejohnprjeb47283
CJOHNSTONI_LOCUS5089,rna-CJOHNSTONI_LOCUS5089,292,protein_coding,Hyphally regulated cell wall protein 1  [Source:UniProtKB/TrEMBL;Acc:A0A8J2MNE5],Cercopithifilaria johnstoni (PRJEB47283),protein_coding,cejohnprjeb47283
CJOHNSTONI_LOCUS7171,rna-CJOHNSTONI_LOCUS7171,209,protein_coding,Cleavage and polyadenylation specificity factor subunit 5  [Source:UniProtKB/TrEMBL;Acc:A0A8J2PVL5],Cercopithifilaria johnstoni (PRJEB47283),protein_coding,cejohnprjeb47283
CJOHNSTONI_LOCUS3196,rna-CJOHNSTONI_LOCUS3196,177,protein_coding,Ovule protein  [Source:UniProtKB/TrEMBL;Acc:A0A8J2LZ93],Cercopithifilaria johnstoni (PRJEB47283),protein_coding,cejohnprjeb47283
CJOHNSTONI_LOCUS3048,rna-CJOHNSTONI_LOCUS3048,166,protein_coding,Glyco_tran_10_N domain-containing protein  [Source:UniProtKB/TrEMBL;Acc:A0A8J2M0F7],Cercopithifilaria johnstoni (PRJEB47283),protein_coding,cejohnprjeb47283
CJOHNSTONI_LOCUS8803,rna-CJOHNSTONI_LOCUS8803,219,protein_coding,Senescence domain-containing protein  [Source:UniProtKB/TrEMBL;Acc:A0A8J2MCQ7],Cercopithifilaria johnstoni (PRJEB47283),protein_coding,cejohnprjeb47283
CJOHNSTONI_LOCUS9405,rna-CJOHNSTONI_LOCUS9405,218,protein_coding,Peptidase_M24 domain-containing protein  [Source:UniProtKB/TrEMBL;Acc:A0A8J2Q6V6],Cercopithifilaria johnstoni (PRJEB47283),protein_coding,cejohnprjeb47283
CJOHNSTONI_LOCUS1589,rna-CJOHNSTONI_LOCUS1589,238,protein_coding,RNA helicase  [Source:UniProtKB/TrEMBL;Acc:A0A8J2LWC6],Cercopithifilaria johnstoni (PRJEB47283),protein_coding,cejohnprjeb47283
CJOHNSTONI_LOCUS6469,rna-CJOHNSTONI_LOCUS6469,742,protein_coding,SAP domain-containing protein  [Source:UniProtKB/TrEMBL;Acc:A0A8J2LZZ8],Cercopithifilaria johnstoni (PRJEB47283),protein_coding,cejohnprjeb47283
CJOHNSTONI_LOCUS7765,rna-CJOHNSTONI_LOCUS7765,260,protein_coding,PT-TG domain-containing protein  [Source:UniProtKB/TrEMBL;Acc:A0A8J2QAR9],Cercopithifilaria johnstoni (PRJEB47283),protein_coding,cejohnprjeb47283
CJOHNSTONI_LOCUS376,rna-CJOHNSTONI_LOCUS376,229,protein_coding,tRNA pseudouridine(55) synthase  [Source:UniProtKB/TrEMBL;Acc:A0A8J2LN50],Cercopithifilaria johnstoni (PRJEB47283),protein_coding,cejohnprjeb47283
CJOHNSTONI_LOCUS6251,rna-CJOHNSTONI_LOCUS6251,204,protein_coding,Core-binding (CB) domain-containing protein  [Source:UniProtKB/TrEMBL;Acc:A0A8J2QAF7],Cercopithifilaria johnstoni (PRJEB47283),protein_coding,cejohnprjeb47283
CJOHNSTONI_LOCUS572,rna-CJOHNSTONI_LOCUS572,293,protein_coding,Secreted protein  [Source:UniProtKB/TrEMBL;Acc:A0A8J2LW47],Cercopithifilaria johnstoni (PRJEB47283),protein_coding,cejohnprjeb47283
CJOHNSTONI_LOCUS2859,rna-CJOHNSTONI_LOCUS2859,173,protein_coding,Bardet-Biedl syndrome 5 protein homolog  [Source:UniProtKB/TrEMBL;Acc:A0A8J2LYN9],Cercopithifilaria johnstoni (PRJEB47283),protein_coding,cejohnprjeb47283
CJOHNSTONI_LOCUS5544,rna-CJOHNSTONI_LOCUS5544,259,protein_coding,J domain-containing protein  [Source:UniProtKB/TrEMBL;Acc:A0A8J2QAA5],Cercopithifilaria johnstoni (PRJEB47283),protein_coding,cejohnprjeb47283
CJOHNSTONI_LOCUS8725,rna-CJOHNSTONI_LOCUS8725,1400,protein_coding,BRCA2  [Source:UniProtKB/TrEMBL;Acc:A0A8J2MC31],Cercopithifilaria johnstoni (PRJEB47283),protein_coding,cejohnprjeb47283
CJOHNSTONI_LOCUS9475,rna-CJOHNSTONI_LOCUS9475,383,protein_coding,Fibrous sheath-interacting protein 1  [Source:UniProtKB/TrEMBL;Acc:A0A8J2Q6X1],Cercopithifilaria johnstoni (PRJEB47283),protein_coding,cejohnprjeb47283
CJOHNSTONI_LOCUS4749,rna-CJOHNSTONI_LOCUS4749,268,protein_coding,Aa_trans domain-containing protein  [Source:UniProtKB/TrEMBL;Acc:A0A8J2MNC6],Cercopithifilaria johnstoni (PRJEB47283),protein_coding,cejohnprjeb47283
CJOHNSTONI_LOCUS1383,rna-CJOHNSTONI_LOCUS1383,251,protein_coding,Collagen-like protein  [Source:UniProtKB/TrEMBL;Acc:A0A8J2LXZ5],Cercopithifilaria johnstoni (PRJEB47283),protein_coding,cejohnprjeb47283
CJOHNSTONI_LOCUS2253,rna-CJOHNSTONI_LOCUS2253,289,protein_coding,Hemicentin-1-like  [Source:UniProtKB/TrEMBL;Acc:A0A8J2LPA2],Cercopithifilaria johnstoni (PRJEB47283),protein_coding,cejohnprjeb47283
CJOHNSTONI_LOCUS4804,rna-CJOHNSTONI_LOCUS4804,238,protein_coding,ANAPC4_WD40 domain-containing protein  [Source:UniProtKB/TrEMBL;Acc:A0A8J2MNE7],Cercopithifilaria johnstoni (PRJEB47283),protein_coding,cejohnprjeb47283
CJOHNSTONI_LOCUS386,rna-CJOHNSTONI_LOCUS386,236,protein_coding,Beta-lactamase domain-containing protein  [Source:UniProtKB/TrEMBL;Acc:A0A8J2PZP0],Cercopithifilaria johnstoni (PRJEB47283),protein_coding,cejohnprjeb47283
CJOHNSTONI_LOCUS6281,rna-CJOHNSTONI_LOCUS6281,236,protein_coding,Cnd3 domain-containing protein  [Source:UniProtKB/TrEMBL;Acc:A0A8J2LZT5],Cercopithifilaria johnstoni (PRJEB47283),protein_coding,cejohnprjeb47283
CJOHNSTONI_LOCUS10451,rna-CJOHNSTONI_LOCUS10451,200,protein_coding,mannose-6-phosphate isomerase  [Source:UniProtKB/TrEMBL;Acc:A0A8J2PZ57],Cercopithifilaria johnstoni (PRJEB47283),protein_coding,cejohnprjeb47283
CJOHNSTONI_LOCUS7198,rna-CJOHNSTONI_LOCUS7198,247,protein_coding,WD_REPEATS_REGION domain-containing protein  [Source:UniProtKB/TrEMBL;Acc:A0A8J2M1L7],Cercopithifilaria johnstoni (PRJEB47283),protein_coding,cejohnprjeb47283
CJOHNSTONI_LOCUS9777,rna-CJOHNSTONI_LOCUS9777,199,protein_coding,MYND-type domain-containing protein  [Source:UniProtKB/TrEMBL;Acc:A0A8J2MCL2],Cercopithifilaria johnstoni (PRJEB47283),protein_coding,cejohnprjeb47283
CJOHNSTONI_LOCUS2498,rna-CJOHNSTONI_LOCUS2498,261,protein_coding,"Arf-GAP with coiled-coil, ANK repeat and PH domain-containing protein 2  [Source:UniProtKB/TrEMBL;Acc:A0A8J2Q959]",Cercopithifilaria johnstoni (PRJEB47283),protein_coding,cejohnprjeb47283
CJOHNSTONI_LOCUS358,rna-CJOHNSTONI_LOCUS358,1157,protein_coding,Gastrula zinc finger protein XlCGF57.1-like  [Source:UniProtKB/TrEMBL;Acc:A0A8J2LVH3],Cercopithifilaria johnstoni (PRJEB47283),protein_coding,cejohnprjeb47283
CJOHNSTONI_LOCUS3694,rna-CJOHNSTONI_LOCUS3694,357,protein_coding,SEC14-like protein 1  [Source:UniProtKB/TrEMBL;Acc:A0A8J2LUG0],Cercopithifilaria johnstoni (PRJEB47283),protein_coding,cejohnprjeb47283
CJOHNSTONI_LOCUS5743,rna-CJOHNSTONI_LOCUS5743,227,protein_coding,MFS domain-containing protein  [Source:UniProtKB/TrEMBL;Acc:A0A8J2M5V2],Cercopithifilaria johnstoni (PRJEB47283),protein_coding,cejohnprjeb47283
CJOHNSTONI_LOCUS5023,rna-CJOHNSTONI_LOCUS5023,209,protein_coding,Metalloprotease  [Source:UniProtKB/TrEMBL;Acc:A0A8J2M403],Cercopithifilaria johnstoni (PRJEB47283),protein_coding,cejohnprjeb47283
CJOHNSTONI_LOCUS404,rna-CJOHNSTONI_LOCUS404,1514,protein_coding,GLTSCR1 domain-containing protein  [Source:UniProtKB/TrEMBL;Acc:A0A8J2LN67],Cercopithifilaria johnstoni (PRJEB47283),protein_coding,cejohnprjeb47283
CJOHNSTONI_LOCUS7654,rna-CJOHNSTONI_LOCUS7654,287,protein_coding,Hamartin  [Source:UniProtKB/TrEMBL;Acc:A0A8J2M1P0],Cercopithifilaria johnstoni (PRJEB47283),protein_coding,cejohnprjeb47283
CJOHNSTONI_LOCUS2801,rna-CJOHNSTONI_LOCUS2801-3,300,protein_coding,LsmAD domain-containing protein  [Source:UniProtKB/TrEMBL;Acc:A0A8J2LYL0],Cercopithifilaria johnstoni (PRJEB47283),protein_coding,cejohnprjeb47283
CJOHNSTONI_LOCUS1080,rna-CJOHNSTONI_LOCUS1080,208,protein_coding,"Cytochrome b-c1 complex subunit 1, mitochondrial  [Source:UniProtKB/TrEMBL;Acc:A0A8J2Q8E6]",Cercopithifilaria johnstoni (PRJEB47283),protein_coding,cejohnprjeb47283
CJOHNSTONI_LOCUS3831,rna-CJOHNSTONI_LOCUS3831,204,protein_coding,Tyrosine-protein phosphatase domain-containing protein  [Source:UniProtKB/TrEMBL;Acc:A0A8J2M0B2],Cercopithifilaria johnstoni (PRJEB47283),protein_coding,cejohnprjeb47283
CJOHNSTONI_LOCUS6612,rna-CJOHNSTONI_LOCUS6612,201,protein_coding,ANK_REP_REGION domain-containing protein  [Source:UniProtKB/TrEMBL;Acc:A0A8J2M7W3],Cercopithifilaria johnstoni (PRJEB47283),protein_coding,cejohnprjeb47283
CJOHNSTONI_LOCUS8878,rna-CJOHNSTONI_LOCUS8878,292,protein_coding,mitogen-activated protein kinase kinase kinase  [Source:UniProtKB/TrEMBL;Acc:A0A8J2QB01],Cercopithifilaria johnstoni (PRJEB47283),protein_coding,cejohnprjeb47283
CJOHNSTONI_LOCUS536,rna-CJOHNSTONI_LOCUS536,229,protein_coding,LisH domain-containing protein ARMC9  [Source:UniProtKB/TrEMBL;Acc:A0A8J2Q856],Cercopithifilaria johnstoni (PRJEB47283),protein_coding,cejohnprjeb47283
CJOHNSTONI_LOCUS3113,rna-CJOHNSTONI_LOCUS3113,198,protein_coding,Sulfatase domain-containing protein  [Source:UniProtKB/TrEMBL;Acc:A0A8J2LZP0],Cercopithifilaria johnstoni (PRJEB47283),protein_coding,cejohnprjeb47283
CJOHNSTONI_LOCUS6679,rna-CJOHNSTONI_LOCUS6679,329,protein_coding,Glutamine-rich protein 2  [Source:UniProtKB/TrEMBL;Acc:A0A8J2M825],Cercopithifilaria johnstoni (PRJEB47283),protein_coding,cejohnprjeb47283
CJOHNSTONI_LOCUS8256,rna-CJOHNSTONI_LOCUS8256,195,protein_coding,Protein UBASH3A-like protein  [Source:UniProtKB/TrEMBL;Acc:A0A8J2Q6C1],Cercopithifilaria johnstoni (PRJEB47283),protein_coding,cejohnprjeb47283
CJOHNSTONI_LOCUS3142,rna-CJOHNSTONI_LOCUS3142,238,protein_coding,Homeobox protein ceh-10  [Source:UniProtKB/TrEMBL;Acc:A0A8J2LZQ6],Cercopithifilaria johnstoni (PRJEB47283),protein_coding,cejohnprjeb47283
CJOHNSTONI_LOCUS2557,rna-CJOHNSTONI_LOCUS2557,191,protein_coding,,Cercopithifilaria johnstoni (PRJEB47283),protein_coding,cejohnprjeb47283
CJOHNSTONI_LOCUS7306,rna-CJOHNSTONI_LOCUS7306,158,protein_coding,60S ribosomal protein L32  [Source:UniProtKB/TrEMBL;Acc:A0A8J2QAN5],Cercopithifilaria johnstoni (PRJEB47283),protein_coding,cejohnprjeb47283
CJOHNSTONI_LOCUS3968,rna-CJOHNSTONI_LOCUS3968,194,protein_coding,FERM domain-containing protein  [Source:UniProtKB/TrEMBL;Acc:A0A8J2LSB1],Cercopithifilaria johnstoni (PRJEB47283),protein_coding,cejohnprjeb47283
CJOHNSTONI_LOCUS1180,rna-CJOHNSTONI_LOCUS1180,192,protein_coding,PKD domain-containing protein  [Source:UniProtKB/TrEMBL;Acc:A0A8J2LXG2],Cercopithifilaria johnstoni (PRJEB47283),protein_coding,cejohnprjeb47283
CJOHNSTONI_LOCUS1285,rna-CJOHNSTONI_LOCUS1285,164,protein_coding,Trafficking protein particle complex subunit 2-like protein  [Source:UniProtKB/TrEMBL;Acc:A0A8J2Q0M0],Cercopithifilaria johnstoni (PRJEB47283),protein_coding,cejohnprjeb47283
CJOHNSTONI_LOCUS6113,rna-CJOHNSTONI_LOCUS6113,156,protein_coding,Protein FAM136A  [Source:UniProtKB/TrEMBL;Acc:A0A8J2M6Q5],Cercopithifilaria johnstoni (PRJEB47283),protein_coding,cejohnprjeb47283
CJOHNSTONI_LOCUS4439,rna-CJOHNSTONI_LOCUS4439,167,protein_coding,LisH domain-containing protein  [Source:UniProtKB/TrEMBL;Acc:A0A8J2MN12],Cercopithifilaria johnstoni (PRJEB47283),protein_coding,cejohnprjeb47283
CJOHNSTONI_LOCUS8105,rna-CJOHNSTONI_LOCUS8105,154,protein_coding,Secreted protein  [Source:UniProtKB/TrEMBL;Acc:A0A8J2PX14],Cercopithifilaria johnstoni (PRJEB47283),protein_coding,cejohnprjeb47283
CJOHNSTONI_LOCUS171,rna-CJOHNSTONI_LOCUS171,944,protein_coding,Zinc finger protein  [Source:UniProtKB/TrEMBL;Acc:A0A8J2LTK7],Cercopithifilaria johnstoni (PRJEB47283),protein_coding,cejohnprjeb47283
CJOHNSTONI_LOCUS9774,rna-CJOHNSTONI_LOCUS9774,170,protein_coding,,Cercopithifilaria johnstoni (PRJEB47283),protein_coding,cejohnprjeb47283
CJOHNSTONI_LOCUS977,rna-CJOHNSTONI_LOCUS977,170,protein_coding,DUF4258 domain-containing protein  [Source:UniProtKB/TrEMBL;Acc:A0A8J2LX92],Cercopithifilaria johnstoni (PRJEB47283),protein_coding,cejohnprjeb47283
CJOHNSTONI_LOCUS7079,rna-CJOHNSTONI_LOCUS7079,257,protein_coding,Zormin  [Source:UniProtKB/TrEMBL;Acc:A0A8J2PVB3],Cercopithifilaria johnstoni (PRJEB47283),protein_coding,cejohnprjeb47283
CJOHNSTONI_LOCUS1233,rna-CJOHNSTONI_LOCUS1233,201,protein_coding,MH2 domain-containing protein  [Source:UniProtKB/TrEMBL;Acc:A0A8J2Q8H0],Cercopithifilaria johnstoni (PRJEB47283),protein_coding,cejohnprjeb47283
CJOHNSTONI_LOCUS3971,rna-CJOHNSTONI_LOCUS3971,223,protein_coding,"ATP synthase subunit s, mitochondrial  [Source:UniProtKB/TrEMBL;Acc:A0A8J2MM16]",Cercopithifilaria johnstoni (PRJEB47283),protein_coding,cejohnprjeb47283
CJOHNSTONI_LOCUS7838,rna-CJOHNSTONI_LOCUS7838,848,protein_coding,Zinc finger protein  [Source:UniProtKB/TrEMBL;Acc:A0A8J2M204],Cercopithifilaria johnstoni (PRJEB47283),protein_coding,cejohnprjeb47283
CJOHNSTONI_LOCUS2240,rna-CJOHNSTONI_LOCUS2240-2,253,protein_coding,SAND domain-containing protein  [Source:UniProtKB/TrEMBL;Acc:A0A8J2LXL7],Cercopithifilaria johnstoni (PRJEB47283),protein_coding,cejohnprjeb47283
CJOHNSTONI_LOCUS8927,rna-CJOHNSTONI_LOCUS8927,323,protein_coding,Protein SDA1  [Source:UniProtKB/TrEMBL;Acc:A0A8J2MEN1],Cercopithifilaria johnstoni (PRJEB47283),protein_coding,cejohnprjeb47283
CJOHNSTONI_LOCUS7875,rna-CJOHNSTONI_LOCUS7875,211,protein_coding,Ras-related protein Rab-10  [Source:UniProtKB/TrEMBL;Acc:A0A8J2Q2Q9],Cercopithifilaria johnstoni (PRJEB47283),protein_coding,cejohnprjeb47283
CJOHNSTONI_LOCUS2237,rna-CJOHNSTONI_LOCUS2237,209,protein_coding,,Cercopithifilaria johnstoni (PRJEB47283),protein_coding,cejohnprjeb47283
CJOHNSTONI_LOCUS4381,rna-CJOHNSTONI_LOCUS4381,182,protein_coding,peptidylglycine monooxygenase  [Source:UniProtKB/TrEMBL;Acc:A0A8J2LT07],Cercopithifilaria johnstoni (PRJEB47283),protein_coding,cejohnprjeb47283
CJOHNSTONI_LOCUS4972,rna-CJOHNSTONI_LOCUS4972,182,protein_coding,Myosin motor domain-containing protein  [Source:UniProtKB/TrEMBL;Acc:A0A8J2PTG5],Cercopithifilaria johnstoni (PRJEB47283),protein_coding,cejohnprjeb47283
CJOHNSTONI_LOCUS655,rna-CJOHNSTONI_LOCUS655,197,protein_coding,Polypeptide N-acetylgalactosaminyltransferase  [Source:UniProtKB/TrEMBL;Acc:A0A8J2MIF6],Cercopithifilaria johnstoni (PRJEB47283),protein_coding,cejohnprjeb47283
CJOHNSTONI_LOCUS1443,rna-CJOHNSTONI_LOCUS1443,169,protein_coding,Interleukin-17F  [Source:UniProtKB/TrEMBL;Acc:A0A8J2PQG2],Cercopithifilaria johnstoni (PRJEB47283),protein_coding,cejohnprjeb47283
CJOHNSTONI_LOCUS2045,rna-CJOHNSTONI_LOCUS2045,153,protein_coding,CPG4 domain-containing protein  [Source:UniProtKB/TrEMBL;Acc:A0A8J2MKG1],Cercopithifilaria johnstoni (PRJEB47283),protein_coding,cejohnprjeb47283
CJOHNSTONI_LOCUS1961,rna-CJOHNSTONI_LOCUS1961,150,protein_coding,Sans fille  [Source:UniProtKB/TrEMBL;Acc:A0A8J2MKD1],Cercopithifilaria johnstoni (PRJEB47283),protein_coding,cejohnprjeb47283
CJOHNSTONI_LOCUS7590,rna-CJOHNSTONI_LOCUS7590,150,protein_coding,RGS domain-containing protein  [Source:UniProtKB/TrEMBL;Acc:A0A8J2M9I4],Cercopithifilaria johnstoni (PRJEB47283),protein_coding,cejohnprjeb47283
CJOHNSTONI_LOCUS8497,rna-CJOHNSTONI_LOCUS8497,143,protein_coding,4F5 domain-containing protein  [Source:UniProtKB/TrEMBL;Acc:A0A8J2MSY8],Cercopithifilaria johnstoni (PRJEB47283),protein_coding,cejohnprjeb47283
CJOHNSTONI_LOCUS3959,rna-CJOHNSTONI_LOCUS3959,491,protein_coding,LEM domain-containing protein  [Source:UniProtKB/TrEMBL;Acc:A0A8J2M4Y8],Cercopithifilaria johnstoni (PRJEB47283),protein_coding,cejohnprjeb47283
CJOHNSTONI_LOCUS1796,rna-CJOHNSTONI_LOCUS1796,174,protein_coding,,Cercopithifilaria johnstoni (PRJEB47283),protein_coding,cejohnprjeb47283
CJOHNSTONI_LOCUS2829,rna-CJOHNSTONI_LOCUS2829,244,protein_coding,Minor histocompatibility antigen H13  [Source:UniProtKB/TrEMBL;Acc:A0A8J2LSP0],Cercopithifilaria johnstoni (PRJEB47283),protein_coding,cejohnprjeb47283
CJOHNSTONI_LOCUS2731,rna-CJOHNSTONI_LOCUS2731,1133,protein_coding,RPGR1_C domain-containing protein  [Source:UniProtKB/TrEMBL;Acc:A0A8J2LQ10],Cercopithifilaria johnstoni (PRJEB47283),protein_coding,cejohnprjeb47283
CJOHNSTONI_LOCUS5132,rna-CJOHNSTONI_LOCUS5132,147,protein_coding,Transthyretin-like family protein  [Source:UniProtKB/TrEMBL;Acc:A0A8J2MNG0],Cercopithifilaria johnstoni (PRJEB47283),protein_coding,cejohnprjeb47283
CJOHNSTONI_LOCUS2748,rna-CJOHNSTONI_LOCUS2748,220,protein_coding,alpha-L-fucosidase  [Source:UniProtKB/TrEMBL;Acc:A0A8J2MKR1],Cercopithifilaria johnstoni (PRJEB47283),protein_coding,cejohnprjeb47283
CJOHNSTONI_LOCUS4098,rna-CJOHNSTONI_LOCUS4098,191,protein_coding,Peptidyl-prolyl cis-trans isomerase  [Source:UniProtKB/TrEMBL;Acc:A0A8J2MM78],Cercopithifilaria johnstoni (PRJEB47283),protein_coding,cejohnprjeb47283
CJOHNSTONI_LOCUS7580,rna-CJOHNSTONI_LOCUS7580,146,protein_coding,Mediator of RNA polymerase II transcription subunit 22  [Source:UniProtKB/TrEMBL;Acc:A0A8J2Q8J2],Cercopithifilaria johnstoni (PRJEB47283),protein_coding,cejohnprjeb47283
CJOHNSTONI_LOCUS42,rna-CJOHNSTONI_LOCUS42,141,protein_coding,,Cercopithifilaria johnstoni (PRJEB47283),protein_coding,cejohnprjeb47283
CJOHNSTONI_LOCUS6007,rna-CJOHNSTONI_LOCUS6007,136,protein_coding,Signal recognition particle 19 kDa protein  [Source:UniProtKB/TrEMBL;Acc:A0A8J2Q177],Cercopithifilaria johnstoni (PRJEB47283),protein_coding,cejohnprjeb47283
CJOHNSTONI_LOCUS2079,rna-CJOHNSTONI_LOCUS2079,1027,protein_coding,Forkhead box protein K1  [Source:UniProtKB/TrEMBL;Acc:A0A8J2Q198],Cercopithifilaria johnstoni (PRJEB47283),protein_coding,cejohnprjeb47283
CJOHNSTONI_LOCUS7129,rna-CJOHNSTONI_LOCUS7129,128,protein_coding,ATP-dependent DNA helicase  [Source:UniProtKB/TrEMBL;Acc:A0A8J2Q8D4],Cercopithifilaria johnstoni (PRJEB47283),protein_coding,cejohnprjeb47283
CJOHNSTONI_LOCUS9025,rna-CJOHNSTONI_LOCUS9025,115,protein_coding,4Fe-4S ferredoxin-type domain-containing protein  [Source:UniProtKB/TrEMBL;Acc:A0A8J2MD59],Cercopithifilaria johnstoni (PRJEB47283),protein_coding,cejohnprjeb47283
CJOHNSTONI_LOCUS3241,rna-CJOHNSTONI_LOCUS3241,59,protein_coding,Brahma protein  [Source:UniProtKB/TrEMBL;Acc:A0A8J2PS08],Cercopithifilaria johnstoni (PRJEB47283),protein_coding,cejohnprjeb47283
CJOHNSTONI_LOCUS1374,rna-CJOHNSTONI_LOCUS1374,230,protein_coding,Plexin-A4  [Source:UniProtKB/TrEMBL;Acc:A0A8J2LMU2],Cercopithifilaria johnstoni (PRJEB47283),protein_coding,cejohnprjeb47283
CJOHNSTONI_LOCUS1190,rna-CJOHNSTONI_LOCUS1190,187,protein_coding,FABP domain-containing protein  [Source:UniProtKB/TrEMBL;Acc:A0A8J2M039],Cercopithifilaria johnstoni (PRJEB47283),protein_coding,cejohnprjeb47283
CJOHNSTONI_LOCUS5468,rna-CJOHNSTONI_LOCUS5468,285,protein_coding,,Cercopithifilaria johnstoni (PRJEB47283),protein_coding,cejohnprjeb47283
CJOHNSTONI_LOCUS3975,rna-CJOHNSTONI_LOCUS3975,267,protein_coding,ATP-dependent RNA helicase DHX37  [Source:UniProtKB/TrEMBL;Acc:A0A8J2M1V5],Cercopithifilaria johnstoni (PRJEB47283),protein_coding,cejohnprjeb47283
CJOHNSTONI_LOCUS3928,rna-CJOHNSTONI_LOCUS3928,161,protein_coding,NADH dehydrogenase [ubiquinone] 1 alpha subcomplex subunit 5  [Source:UniProtKB/TrEMBL;Acc:A0A8J2LUV4],Cercopithifilaria johnstoni (PRJEB47283),protein_coding,cejohnprjeb47283
CJOHNSTONI_LOCUS2585,rna-CJOHNSTONI_LOCUS2585,302,protein_coding,Mediator complex subunit 29  [Source:UniProtKB/TrEMBL;Acc:A0A8J2LS47],Cercopithifilaria johnstoni (PRJEB47283),protein_coding,cejohnprjeb47283
CJOHNSTONI_LOCUS2828,rna-CJOHNSTONI_LOCUS2828,262,protein_coding,DUF1508 domain-containing protein  [Source:UniProtKB/TrEMBL;Acc:A0A8J2LQ51],Cercopithifilaria johnstoni (PRJEB47283),protein_coding,cejohnprjeb47283
CJOHNSTONI_LOCUS4670,rna-CJOHNSTONI_LOCUS4670,520,protein_coding,Col_cuticle_N domain-containing protein  [Source:UniProtKB/TrEMBL;Acc:A0A8J2Q711],Cercopithifilaria johnstoni (PRJEB47283),protein_coding,cejohnprjeb47283
CJOHNSTONI_LOCUS4371,rna-CJOHNSTONI_LOCUS4371,326,protein_coding,WD repeat and FYVE domain-containing protein 3  [Source:UniProtKB/TrEMBL;Acc:A0A8J2MMY6],Cercopithifilaria johnstoni (PRJEB47283),protein_coding,cejohnprjeb47283
CJOHNSTONI_LOCUS7530,rna-CJOHNSTONI_LOCUS7530,259,protein_coding,TIR domain-containing protein  [Source:UniProtKB/TrEMBL;Acc:A0A8J2M868],Cercopithifilaria johnstoni (PRJEB47283),protein_coding,cejohnprjeb47283
CJOHNSTONI_LOCUS7015,rna-CJOHNSTONI_LOCUS7015,247,protein_coding,,Cercopithifilaria johnstoni (PRJEB47283),protein_coding,cejohnprjeb47283
CJOHNSTONI_LOCUS9511,rna-CJOHNSTONI_LOCUS9511,241,protein_coding,Pepsin-I3 domain-containing protein  [Source:UniProtKB/TrEMBL;Acc:A0A8J2MEJ3],Cercopithifilaria johnstoni (PRJEB47283),protein_coding,cejohnprjeb47283
CJOHNSTONI_LOCUS6202,rna-CJOHNSTONI_LOCUS6202,205,protein_coding,Serine/threonine-protein phosphatase  [Source:UniProtKB/TrEMBL;Acc:A0A8J2M8P5],Cercopithifilaria johnstoni (PRJEB47283),protein_coding,cejohnprjeb47283
CJOHNSTONI_LOCUS104,rna-CJOHNSTONI_LOCUS104,102,protein_coding,RING-type domain-containing protein  [Source:UniProtKB/TrEMBL;Acc:A0A8J2LVL0],Cercopithifilaria johnstoni (PRJEB47283),protein_coding,cejohnprjeb47283
CJOHNSTONI_LOCUS2863,rna-CJOHNSTONI_LOCUS2863,201,protein_coding,Transthyretin-like family protein  [Source:UniProtKB/TrEMBL;Acc:A0A8J2M0K4],Cercopithifilaria johnstoni (PRJEB47283),protein_coding,cejohnprjeb47283
CJOHNSTONI_LOCUS3451,rna-CJOHNSTONI_LOCUS3451,170,protein_coding,"Essential MCU regulator, mitochondrial  [Source:UniProtKB/TrEMBL;Acc:A0A8J2M091]",Cercopithifilaria johnstoni (PRJEB47283),protein_coding,cejohnprjeb47283
CJOHNSTONI_LOCUS1552,rna-CJOHNSTONI_LOCUS1552,305,protein_coding,SHSP domain-containing protein  [Source:UniProtKB/TrEMBL;Acc:A0A8J2Q0V3],Cercopithifilaria johnstoni (PRJEB47283),protein_coding,cejohnprjeb47283
CJOHNSTONI_LOCUS1997,rna-CJOHNSTONI_LOCUS1997,331,protein_coding,snRNA-activating protein complex subunit 4  [Source:UniProtKB/TrEMBL;Acc:A0A8J2LNV2],Cercopithifilaria johnstoni (PRJEB47283),protein_coding,cejohnprjeb47283
CJOHNSTONI_LOCUS6151,rna-CJOHNSTONI_LOCUS6151,215,protein_coding,ANK_REP_REGION domain-containing protein  [Source:UniProtKB/TrEMBL;Acc:A0A8J2M689],Cercopithifilaria johnstoni (PRJEB47283),protein_coding,cejohnprjeb47283
CJOHNSTONI_LOCUS2676,rna-CJOHNSTONI_LOCUS2676,296,protein_coding,Solute carrier family 35 member B3  [Source:UniProtKB/TrEMBL;Acc:A0A8J2LYF0],Cercopithifilaria johnstoni (PRJEB47283),protein_coding,cejohnprjeb47283
CJOHNSTONI_LOCUS8950,rna-CJOHNSTONI_LOCUS8950,266,protein_coding,Cyclin-dependent serine/threonine-protein kinase  [Source:UniProtKB/TrEMBL;Acc:A0A8J2QB06],Cercopithifilaria johnstoni (PRJEB47283),protein_coding,cejohnprjeb47283
CJOHNSTONI_LOCUS10096,rna-CJOHNSTONI_LOCUS10096,196,protein_coding,Hemagglutinin-neuramindase  [Source:UniProtKB/TrEMBL;Acc:A0A8J2Q4F1],Cercopithifilaria johnstoni (PRJEB47283),protein_coding,cejohnprjeb47283
CJOHNSTONI_LOCUS8918,rna-CJOHNSTONI_LOCUS8918,358,protein_coding,,Cercopithifilaria johnstoni (PRJEB47283),protein_coding,cejohnprjeb47283
CJOHNSTONI_LOCUS8365,rna-CJOHNSTONI_LOCUS8365,260,protein_coding,Thyroglobulin type-1 domain-containing protein  [Source:UniProtKB/TrEMBL;Acc:A0A8J2MBA7],Cercopithifilaria johnstoni (PRJEB47283),protein_coding,cejohnprjeb47283
CJOHNSTONI_LOCUS9556,rna-CJOHNSTONI_LOCUS9556,249,protein_coding,JAKMIP_CC3 domain-containing protein  [Source:UniProtKB/TrEMBL;Acc:A0A8J2PY99],Cercopithifilaria johnstoni (PRJEB47283),protein_coding,cejohnprjeb47283
CJOHNSTONI_LOCUS7055,rna-CJOHNSTONI_LOCUS7055,2058,protein_coding,C-type lectin domain-containing protein  [Source:UniProtKB/TrEMBL;Acc:A0A8J2M0U5],Cercopithifilaria johnstoni (PRJEB47283),protein_coding,cejohnprjeb47283
CJOHNSTONI_LOCUS10112,rna-CJOHNSTONI_LOCUS10112,239,protein_coding,Coatomer subunit beta  [Source:UniProtKB/TrEMBL;Acc:A0A8J2M5N0],Cercopithifilaria johnstoni (PRJEB47283),protein_coding,cejohnprjeb47283
CJOHNSTONI_LOCUS1777,rna-CJOHNSTONI_LOCUS1777,239,protein_coding,Transposase  [Source:UniProtKB/TrEMBL;Acc:A0A8J2PQS0],Cercopithifilaria johnstoni (PRJEB47283),protein_coding,cejohnprjeb47283
CJOHNSTONI_LOCUS9877,rna-CJOHNSTONI_LOCUS9877,192,protein_coding,PAP-associated domain-containing protein  [Source:UniProtKB/TrEMBL;Acc:A0A8J2Q755],Cercopithifilaria johnstoni (PRJEB47283),protein_coding,cejohnprjeb47283
CJOHNSTONI_LOCUS4959,rna-CJOHNSTONI_LOCUS4959,188,protein_coding,Dynactin subunit 3  [Source:UniProtKB/TrEMBL;Acc:A0A8J2PTG0],Cercopithifilaria johnstoni (PRJEB47283),protein_coding,cejohnprjeb47283
CJOHNSTONI_LOCUS7675,rna-CJOHNSTONI_LOCUS7675,184,protein_coding,AMP_N domain-containing protein  [Source:UniProtKB/TrEMBL;Acc:A0A8J2MA84],Cercopithifilaria johnstoni (PRJEB47283),protein_coding,cejohnprjeb47283
CJOHNSTONI_LOCUS3890,rna-CJOHNSTONI_LOCUS3890,172,protein_coding,Type I site-specific deoxyribonuclease  [Source:UniProtKB/TrEMBL;Acc:A0A8J2M1V1],Cercopithifilaria johnstoni (PRJEB47283),protein_coding,cejohnprjeb47283
CJOHNSTONI_LOCUS8998,rna-CJOHNSTONI_LOCUS8998,224,protein_coding,,Cercopithifilaria johnstoni (PRJEB47283),protein_coding,cejohnprjeb47283
CJOHNSTONI_LOCUS10370,rna-CJOHNSTONI_LOCUS10370,158,protein_coding,Transcription initiation factor IIA subunit 2  [Source:UniProtKB/TrEMBL;Acc:A0A8J2QBA9],Cercopithifilaria johnstoni (PRJEB47283),protein_coding,cejohnprjeb47283
CJOHNSTONI_LOCUS530,rna-CJOHNSTONI_LOCUS530,156,protein_coding,,Cercopithifilaria johnstoni (PRJEB47283),protein_coding,cejohnprjeb47283
CJOHNSTONI_LOCUS1518,rna-CJOHNSTONI_LOCUS1518,153,protein_coding,Peptidase_M16 domain-containing protein  [Source:UniProtKB/TrEMBL;Acc:A0A8J2MJ99],Cercopithifilaria johnstoni (PRJEB47283),protein_coding,cejohnprjeb47283
CJOHNSTONI_LOCUS8822,rna-CJOHNSTONI_LOCUS8822,386,protein_coding,RING-type domain-containing protein  [Source:UniProtKB/TrEMBL;Acc:A0A8J2QAZ7],Cercopithifilaria johnstoni (PRJEB47283),protein_coding,cejohnprjeb47283
CJOHNSTONI_LOCUS9710,rna-CJOHNSTONI_LOCUS9710,277,protein_coding,Regulator of G-protein signaling 7  [Source:UniProtKB/TrEMBL;Acc:A0A8J2Q439],Cercopithifilaria johnstoni (PRJEB47283),protein_coding,cejohnprjeb47283
CJOHNSTONI_LOCUS8748,rna-CJOHNSTONI_LOCUS8748,210,protein_coding,TPR_REGION domain-containing protein  [Source:UniProtKB/TrEMBL;Acc:A0A8J2MCN0],Cercopithifilaria johnstoni (PRJEB47283),protein_coding,cejohnprjeb47283
CJOHNSTONI_LOCUS10548,rna-CJOHNSTONI_LOCUS10548,275,protein_coding,Nephrin  [Source:UniProtKB/TrEMBL;Acc:A0A8J2Q9M9],Cercopithifilaria johnstoni (PRJEB47283),protein_coding,cejohnprjeb47283
CJOHNSTONI_LOCUS8162,rna-CJOHNSTONI_LOCUS8162,199,protein_coding,Charged multivesicular body protein 5  [Source:UniProtKB/TrEMBL;Acc:A0A8J2QAU8],Cercopithifilaria johnstoni (PRJEB47283),protein_coding,cejohnprjeb47283
CJOHNSTONI_LOCUS9741,rna-CJOHNSTONI_LOCUS9741,213,protein_coding,Protein kinase domain-containing protein  [Source:UniProtKB/TrEMBL;Acc:A0A8J2QB63],Cercopithifilaria johnstoni (PRJEB47283),protein_coding,cejohnprjeb47283
CJOHNSTONI_LOCUS400,rna-CJOHNSTONI_LOCUS400,265,protein_coding,Ribosomal RNA-processing protein 8  [Source:UniProtKB/TrEMBL;Acc:A0A8J2PZP4],Cercopithifilaria johnstoni (PRJEB47283),protein_coding,cejohnprjeb47283
CJOHNSTONI_LOCUS9879,rna-CJOHNSTONI_LOCUS9879,187,protein_coding,Xpo1 domain-containing protein  [Source:UniProtKB/TrEMBL;Acc:A0A8J2QB73],Cercopithifilaria johnstoni (PRJEB47283),protein_coding,cejohnprjeb47283
CJOHNSTONI_LOCUS1330,rna-CJOHNSTONI_LOCUS1330,185,protein_coding,C-type lectin domain-containing protein  [Source:UniProtKB/TrEMBL;Acc:A0A8J2Q8J4],Cercopithifilaria johnstoni (PRJEB47283),protein_coding,cejohnprjeb47283
CJOHNSTONI_LOCUS10211,rna-CJOHNSTONI_LOCUS10211,200,protein_coding,E1_dh domain-containing protein  [Source:UniProtKB/TrEMBL;Acc:A0A8J2MDD2],Cercopithifilaria johnstoni (PRJEB47283),protein_coding,cejohnprjeb47283
CJOHNSTONI_LOCUS1767,rna-CJOHNSTONI_LOCUS1767,185,protein_coding,N-acetyltransferase domain-containing protein  [Source:UniProtKB/TrEMBL;Acc:A0A8J2Q8U4],Cercopithifilaria johnstoni (PRJEB47283),protein_coding,cejohnprjeb47283
CJOHNSTONI_LOCUS3707,rna-CJOHNSTONI_LOCUS3707,278,protein_coding,Leucine-rich repeat-containing protein let-4  [Source:UniProtKB/TrEMBL;Acc:A0A8J2LRM0],Cercopithifilaria johnstoni (PRJEB47283),protein_coding,cejohnprjeb47283
CJOHNSTONI_LOCUS4927,rna-CJOHNSTONI_LOCUS4927,198,protein_coding,BHLH domain-containing protein  [Source:UniProtKB/TrEMBL;Acc:A0A8J2M6G0],Cercopithifilaria johnstoni (PRJEB47283),protein_coding,cejohnprjeb47283
CJOHNSTONI_LOCUS4913,rna-CJOHNSTONI_LOCUS4913,242,protein_coding,V-type proton ATPase subunit a  [Source:UniProtKB/TrEMBL;Acc:A0A8J2MNI7],Cercopithifilaria johnstoni (PRJEB47283),protein_coding,cejohnprjeb47283
CJOHNSTONI_LOCUS2078,rna-CJOHNSTONI_LOCUS2078,243,protein_coding,"Zinc finger, C4 type  [Source:UniProtKB/TrEMBL;Acc:A0A8J2Q4D7]",Cercopithifilaria johnstoni (PRJEB47283),protein_coding,cejohnprjeb47283
CJOHNSTONI_LOCUS5741,rna-CJOHNSTONI_LOCUS5741,272,protein_coding,Peptidase A1 domain-containing protein  [Source:UniProtKB/TrEMBL;Acc:A0A8J2M6B6],Cercopithifilaria johnstoni (PRJEB47283),protein_coding,cejohnprjeb47283
CJOHNSTONI_LOCUS6115,rna-CJOHNSTONI_LOCUS6115,188,protein_coding,Lysosomal acid phosphatase  [Source:UniProtKB/TrEMBL;Acc:A0A8J2Q7T6],Cercopithifilaria johnstoni (PRJEB47283),protein_coding,cejohnprjeb47283
CJOHNSTONI_LOCUS276,rna-CJOHNSTONI_LOCUS276,500,protein_coding,Carm_PH domain-containing protein  [Source:UniProtKB/TrEMBL;Acc:A0A8J2PVE4],Cercopithifilaria johnstoni (PRJEB47283),protein_coding,cejohnprjeb47283
CJOHNSTONI_LOCUS10169,rna-CJOHNSTONI_LOCUS10169,194,protein_coding,MFS domain-containing protein  [Source:UniProtKB/TrEMBL;Acc:A0A8J2MGX3],Cercopithifilaria johnstoni (PRJEB47283),protein_coding,cejohnprjeb47283
CJOHNSTONI_LOCUS9044,rna-CJOHNSTONI_LOCUS9044,338,protein_coding,MFS domain-containing protein  [Source:UniProtKB/TrEMBL;Acc:A0A8J2PXV2],Cercopithifilaria johnstoni (PRJEB47283),protein_coding,cejohnprjeb47283
CJOHNSTONI_LOCUS5310,rna-CJOHNSTONI_LOCUS5310,206,protein_coding,Protein kinase domain-containing protein  [Source:UniProtKB/TrEMBL;Acc:A0A8J2LVU9],Cercopithifilaria johnstoni (PRJEB47283),protein_coding,cejohnprjeb47283
CJOHNSTONI_LOCUS8534,rna-CJOHNSTONI_LOCUS8534,187,protein_coding,G-protein alpha subunit  [Source:UniProtKB/TrEMBL;Acc:A0A8J2MDT1],Cercopithifilaria johnstoni (PRJEB47283),protein_coding,cejohnprjeb47283
CJOHNSTONI_LOCUS9434,rna-CJOHNSTONI_LOCUS9434,188,protein_coding,Lipase  [Source:UniProtKB/TrEMBL;Acc:A0A8J2Q6W2],Cercopithifilaria johnstoni (PRJEB47283),protein_coding,cejohnprjeb47283
CJOHNSTONI_LOCUS10201,rna-CJOHNSTONI_LOCUS10201,202,protein_coding,Replication protein A subunit  [Source:UniProtKB/TrEMBL;Acc:A0A8J2MF04],Cercopithifilaria johnstoni (PRJEB47283),protein_coding,cejohnprjeb47283
CJOHNSTONI_LOCUS2140,rna-CJOHNSTONI_LOCUS2140,113,protein_coding,Intraflagellar transport protein 20  [Source:UniProtKB/TrEMBL;Acc:A0A8J2Q907],Cercopithifilaria johnstoni (PRJEB47283),protein_coding,cejohnprjeb47283
CJOHNSTONI_LOCUS1384,rna-CJOHNSTONI_LOCUS1384,221,protein_coding,,Cercopithifilaria johnstoni (PRJEB47283),protein_coding,cejohnprjeb47283
CJOHNSTONI_LOCUS4580,rna-CJOHNSTONI_LOCUS4580,359,protein_coding,Exonuclease domain-containing protein  [Source:UniProtKB/TrEMBL;Acc:A0A8J2M1U6],Cercopithifilaria johnstoni (PRJEB47283),protein_coding,cejohnprjeb47283
CJOHNSTONI_LOCUS2542,rna-CJOHNSTONI_LOCUS2542,271,protein_coding,G_PROTEIN_RECEP_F1_2 domain-containing protein  [Source:UniProtKB/TrEMBL;Acc:A0A8J2MKH3],Cercopithifilaria johnstoni (PRJEB47283),protein_coding,cejohnprjeb47283
CJOHNSTONI_LOCUS8101,rna-CJOHNSTONI_LOCUS8101,243,protein_coding,G_PROTEIN_RECEP_F1_2 domain-containing protein  [Source:UniProtKB/TrEMBL;Acc:A0A8J2MAQ7],Cercopithifilaria johnstoni (PRJEB47283),protein_coding,cejohnprjeb47283
CJOHNSTONI_LOCUS5828,rna-CJOHNSTONI_LOCUS5828,189,protein_coding,Ribosomal protein S14  [Source:UniProtKB/TrEMBL;Acc:A0A8J2Q4M6],Cercopithifilaria johnstoni (PRJEB47283),protein_coding,cejohnprjeb47283
CJOHNSTONI_LOCUS4229,rna-CJOHNSTONI_LOCUS4229,190,protein_coding,Non-specific serine/threonine protein kinase  [Source:UniProtKB/TrEMBL;Acc:A0A8J2M341],Cercopithifilaria johnstoni (PRJEB47283),protein_coding,cejohnprjeb47283
CJOHNSTONI_LOCUS3909,rna-CJOHNSTONI_LOCUS3909,388,protein_coding,Col_cuticle_N domain-containing protein  [Source:UniProtKB/TrEMBL;Acc:A0A8J2Q2V4],Cercopithifilaria johnstoni (PRJEB47283),protein_coding,cejohnprjeb47283
CJOHNSTONI_LOCUS3683,rna-CJOHNSTONI_LOCUS3683,296,protein_coding,Dynein light chain  [Source:UniProtKB/TrEMBL;Acc:A0A8J2M4G4],Cercopithifilaria johnstoni (PRJEB47283),protein_coding,cejohnprjeb47283
CJOHNSTONI_LOCUS7450,rna-CJOHNSTONI_LOCUS7450,275,protein_coding,FAT domain-containing protein  [Source:UniProtKB/TrEMBL;Acc:A0A8J2Q5U2],Cercopithifilaria johnstoni (PRJEB47283),protein_coding,cejohnprjeb47283
CJOHNSTONI_LOCUS2157,rna-CJOHNSTONI_LOCUS2157,236,protein_coding,ATP-dependent (S)-NAD(P)H-hydrate dehydratase  [Source:UniProtKB/TrEMBL;Acc:A0A8J2LRA6],Cercopithifilaria johnstoni (PRJEB47283),protein_coding,cejohnprjeb47283
CJOHNSTONI_LOCUS3692,rna-CJOHNSTONI_LOCUS3692,228,protein_coding,Queuine tRNA-ribosyltransferase catalytic subunit 1  [Source:UniProtKB/TrEMBL;Acc:A0A8J2Q9M8],Cercopithifilaria johnstoni (PRJEB47283),protein_coding,cejohnprjeb47283
CJOHNSTONI_LOCUS1281,rna-CJOHNSTONI_LOCUS1281,1938,protein_coding,Fibronectin type-III domain-containing protein  [Source:UniProtKB/TrEMBL;Acc:A0A8J2LX37],Cercopithifilaria johnstoni (PRJEB47283),protein_coding,cejohnprjeb47283
CJOHNSTONI_LOCUS7499,rna-CJOHNSTONI_LOCUS7499,260,protein_coding,leucine--tRNA ligase  [Source:UniProtKB/TrEMBL;Acc:A0A8J2M9T4],Cercopithifilaria johnstoni (PRJEB47283),protein_coding,cejohnprjeb47283
CJOHNSTONI_LOCUS8781,rna-CJOHNSTONI_LOCUS8781,305,protein_coding,SH2 domain-containing protein  [Source:UniProtKB/TrEMBL;Acc:A0A8J2PXM1],Cercopithifilaria johnstoni (PRJEB47283),protein_coding,cejohnprjeb47283
CJOHNSTONI_LOCUS4294,rna-CJOHNSTONI_LOCUS4294,259,protein_coding,PRORP domain-containing protein  [Source:UniProtKB/TrEMBL;Acc:A0A8J2MMW0],Cercopithifilaria johnstoni (PRJEB47283),protein_coding,cejohnprjeb47283
CJOHNSTONI_LOCUS1750,rna-CJOHNSTONI_LOCUS1750,249,protein_coding,Ribosomal protein S1  [Source:UniProtKB/TrEMBL;Acc:A0A8J2PQQ9],Cercopithifilaria johnstoni (PRJEB47283),protein_coding,cejohnprjeb47283
CJOHNSTONI_LOCUS10150,rna-CJOHNSTONI_LOCUS10150,240,protein_coding,Peptidase A1 domain-containing protein  [Source:UniProtKB/TrEMBL;Acc:A0A8J2MD47],Cercopithifilaria johnstoni (PRJEB47283),protein_coding,cejohnprjeb47283
CJOHNSTONI_LOCUS7355,rna-CJOHNSTONI_LOCUS7355,226,protein_coding,,Cercopithifilaria johnstoni (PRJEB47283),protein_coding,cejohnprjeb47283
CJOHNSTONI_LOCUS8693,rna-CJOHNSTONI_LOCUS8693,218,protein_coding,Fructose-bisphosphate aldolase  [Source:UniProtKB/TrEMBL;Acc:A0A8J2MT73],Cercopithifilaria johnstoni (PRJEB47283),protein_coding,cejohnprjeb47283
CJOHNSTONI_LOCUS3353,rna-CJOHNSTONI_LOCUS3353,239,protein_coding,BZIP domain-containing protein  [Source:UniProtKB/TrEMBL;Acc:A0A8J2PS44],Cercopithifilaria johnstoni (PRJEB47283),protein_coding,cejohnprjeb47283
CJOHNSTONI_LOCUS4261,rna-CJOHNSTONI_LOCUS4261,211,protein_coding,Protein Wnt  [Source:UniProtKB/TrEMBL;Acc:A0A8J2Q9V9],Cercopithifilaria johnstoni (PRJEB47283),protein_coding,cejohnprjeb47283
CJOHNSTONI_LOCUS9354,rna-CJOHNSTONI_LOCUS9354,202,protein_coding,Protein kinase domain-containing protein  [Source:UniProtKB/TrEMBL;Acc:A0A8J2MU06],Cercopithifilaria johnstoni (PRJEB47283),protein_coding,cejohnprjeb47283
CJOHNSTONI_LOCUS2914,rna-CJOHNSTONI_LOCUS2914,195,protein_coding,UDP-xylose and UDP-N-acetylglucosamine transporter  [Source:UniProtKB/TrEMBL;Acc:A0A8J2LQ84],Cercopithifilaria johnstoni (PRJEB47283),protein_coding,cejohnprjeb47283
CJOHNSTONI_LOCUS6802,rna-CJOHNSTONI_LOCUS6802,188,protein_coding,"NADH dehydrogenase [ubiquinone] flavoprotein 2, mitochondrial  [Source:UniProtKB/TrEMBL;Acc:A0A8J2M8D6]",Cercopithifilaria johnstoni (PRJEB47283),protein_coding,cejohnprjeb47283
CJOHNSTONI_LOCUS5762,rna-CJOHNSTONI_LOCUS5762,177,protein_coding,Dynein light chain  [Source:UniProtKB/TrEMBL;Acc:A0A8J2Q4K9],Cercopithifilaria johnstoni (PRJEB47283),protein_coding,cejohnprjeb47283
CJOHNSTONI_LOCUS1066,rna-CJOHNSTONI_LOCUS1066,230,protein_coding,Rac/Cdc42 guanine nucleotide exchange factor 9  [Source:UniProtKB/TrEMBL;Acc:A0A8J2LMB2],Cercopithifilaria johnstoni (PRJEB47283),protein_coding,cejohnprjeb47283
CJOHNSTONI_LOCUS2958,rna-CJOHNSTONI_LOCUS2958,406,protein_coding,Protein kinase domain-containing protein  [Source:UniProtKB/TrEMBL;Acc:A0A8J2LYU1],Cercopithifilaria johnstoni (PRJEB47283),protein_coding,cejohnprjeb47283
CJOHNSTONI_LOCUS405,rna-CJOHNSTONI_LOCUS405,974,protein_coding,Ground-like domain-containing protein  [Source:UniProtKB/TrEMBL;Acc:A0A8J2LTT3],Cercopithifilaria johnstoni (PRJEB47283),protein_coding,cejohnprjeb47283
CJOHNSTONI_LOCUS4986,rna-CJOHNSTONI_LOCUS4986,224,protein_coding,DM14 domain-containing protein  [Source:UniProtKB/TrEMBL;Acc:A0A8J2Q3Y3],Cercopithifilaria johnstoni (PRJEB47283),protein_coding,cejohnprjeb47283
CJOHNSTONI_LOCUS6183,rna-CJOHNSTONI_LOCUS6183,425,protein_coding,Rubis-subs-bind domain-containing protein  [Source:UniProtKB/TrEMBL;Acc:A0A8J2LZM1],Cercopithifilaria johnstoni (PRJEB47283),protein_coding,cejohnprjeb47283
CJOHNSTONI_LOCUS6872,rna-CJOHNSTONI_LOCUS6872,300,protein_coding,ANK_REP_REGION domain-containing protein  [Source:UniProtKB/TrEMBL;Acc:A0A8J2M7G3],Cercopithifilaria johnstoni (PRJEB47283),protein_coding,cejohnprjeb47283
CJOHNSTONI_LOCUS3554,rna-CJOHNSTONI_LOCUS3554,199,protein_coding,DUF4416 family protein  [Source:UniProtKB/TrEMBL;Acc:A0A8J2M480],Cercopithifilaria johnstoni (PRJEB47283),protein_coding,cejohnprjeb47283
CJOHNSTONI_LOCUS2229,rna-CJOHNSTONI_LOCUS2229,498,protein_coding,Fe2OG dioxygenase domain-containing protein  [Source:UniProtKB/TrEMBL;Acc:A0A8J2M226],Cercopithifilaria johnstoni (PRJEB47283),protein_coding,cejohnprjeb47283
CJOHNSTONI_LOCUS4548,rna-CJOHNSTONI_LOCUS4548,165,protein_coding,Choline/ethanolamine kinase  [Source:UniProtKB/TrEMBL;Acc:A0A8J2PZX8],Cercopithifilaria johnstoni (PRJEB47283),protein_coding,cejohnprjeb47283
CJOHNSTONI_LOCUS6189,rna-CJOHNSTONI_LOCUS6189,231,protein_coding,Protein BCCIP homolog  [Source:UniProtKB/TrEMBL;Acc:A0A8J2M6K3],Cercopithifilaria johnstoni (PRJEB47283),protein_coding,cejohnprjeb47283
CJOHNSTONI_LOCUS9725,rna-CJOHNSTONI_LOCUS9725,212,protein_coding,DNA excision repair protein ERCC-6  [Source:UniProtKB/TrEMBL;Acc:A0A8J2Q443],Cercopithifilaria johnstoni (PRJEB47283),protein_coding,cejohnprjeb47283
CJOHNSTONI_LOCUS8793,rna-CJOHNSTONI_LOCUS8793,686,protein_coding,Zinc_ribbon_6 domain-containing protein  [Source:UniProtKB/TrEMBL;Acc:A0A8J2Q8X2],Cercopithifilaria johnstoni (PRJEB47283),protein_coding,cejohnprjeb47283
CJOHNSTONI_LOCUS9693,rna-CJOHNSTONI_LOCUS9693,255,protein_coding,SAM domain-containing protein  [Source:UniProtKB/TrEMBL;Acc:A0A8J2MCI8],Cercopithifilaria johnstoni (PRJEB47283),protein_coding,cejohnprjeb47283
CJOHNSTONI_LOCUS318,rna-CJOHNSTONI_LOCUS318,340,protein_coding,LIM domain protein  [Source:UniProtKB/TrEMBL;Acc:A0A8J2PPH1],Cercopithifilaria johnstoni (PRJEB47283),protein_coding,cejohnprjeb47283
CJOHNSTONI_LOCUS2757,rna-CJOHNSTONI_LOCUS2757,326,protein_coding,Receptor expression-enhancing protein  [Source:UniProtKB/TrEMBL;Acc:A0A8J2PYD0],Cercopithifilaria johnstoni (PRJEB47283),protein_coding,cejohnprjeb47283
CJOHNSTONI_LOCUS5186,rna-CJOHNSTONI_LOCUS5186,248,protein_coding,Innexin  [Source:UniProtKB/TrEMBL;Acc:A0A8J2M4C8],Cercopithifilaria johnstoni (PRJEB47283),protein_coding,cejohnprjeb47283
CJOHNSTONI_LOCUS2682,rna-CJOHNSTONI_LOCUS2682,212,protein_coding,,Cercopithifilaria johnstoni (PRJEB47283),protein_coding,cejohnprjeb47283
CJOHNSTONI_LOCUS5400,rna-CJOHNSTONI_LOCUS5400,510,protein_coding,Homeobox domain-containing protein  [Source:UniProtKB/TrEMBL;Acc:A0A8J2Q4A7],Cercopithifilaria johnstoni (PRJEB47283),protein_coding,cejohnprjeb47283
CJOHNSTONI_LOCUS7695,rna-CJOHNSTONI_LOCUS7695,270,protein_coding,,Cercopithifilaria johnstoni (PRJEB47283),protein_coding,cejohnprjeb47283
CJOHNSTONI_LOCUS4104,rna-CJOHNSTONI_LOCUS4104,212,protein_coding,Zinc finger protein  [Source:UniProtKB/TrEMBL;Acc:A0A8J2Q6J2],Cercopithifilaria johnstoni (PRJEB47283),protein_coding,cejohnprjeb47283
CJOHNSTONI_LOCUS2349,rna-CJOHNSTONI_LOCUS2349,258,protein_coding,Origin recognition complex subunit 1  [Source:UniProtKB/TrEMBL;Acc:A0A8J2LZM2],Cercopithifilaria johnstoni (PRJEB47283),protein_coding,cejohnprjeb47283
CJOHNSTONI_LOCUS5675,rna-CJOHNSTONI_LOCUS5675,213,protein_coding,S1 motif domain-containing protein  [Source:UniProtKB/TrEMBL;Acc:A0A8J2Q4I7],Cercopithifilaria johnstoni (PRJEB47283),protein_coding,cejohnprjeb47283
CJOHNSTONI_LOCUS9517,rna-CJOHNSTONI_LOCUS9517,152,protein_coding,Secreted protein  [Source:UniProtKB/TrEMBL;Acc:A0A8J2QB47],Cercopithifilaria johnstoni (PRJEB47283),protein_coding,cejohnprjeb47283
CJOHNSTONI_LOCUS546,rna-CJOHNSTONI_LOCUS546,220,protein_coding,Endoribonuclease  [Source:UniProtKB/TrEMBL;Acc:A0A8J2LWB8],Cercopithifilaria johnstoni (PRJEB47283),protein_coding,cejohnprjeb47283
CJOHNSTONI_LOCUS5011,rna-CJOHNSTONI_LOCUS5011,185,protein_coding,Membrane transporter protein  [Source:UniProtKB/TrEMBL;Acc:A0A8J2M4F2],Cercopithifilaria johnstoni (PRJEB47283),protein_coding,cejohnprjeb47283
CJOHNSTONI_LOCUS9831,rna-CJOHNSTONI_LOCUS9831,277,protein_coding,ZP domain-containing protein  [Source:UniProtKB/TrEMBL;Acc:A0A8J2MEK9],Cercopithifilaria johnstoni (PRJEB47283),protein_coding,cejohnprjeb47283
CJOHNSTONI_LOCUS8533,rna-CJOHNSTONI_LOCUS8533,224,protein_coding,PCI domain-containing protein  [Source:UniProtKB/TrEMBL;Acc:A0A8J2MT78],Cercopithifilaria johnstoni (PRJEB47283),protein_coding,cejohnprjeb47283
CJOHNSTONI_LOCUS10386,rna-CJOHNSTONI_LOCUS10386,148,protein_coding,,Cercopithifilaria johnstoni (PRJEB47283),protein_coding,cejohnprjeb47283
CJOHNSTONI_LOCUS7419,rna-CJOHNSTONI_LOCUS7419,175,protein_coding,TAFH domain-containing protein  [Source:UniProtKB/TrEMBL;Acc:A0A8J2M9S7],Cercopithifilaria johnstoni (PRJEB47283),protein_coding,cejohnprjeb47283
CJOHNSTONI_LOCUS1544,rna-CJOHNSTONI_LOCUS1544,214,protein_coding,Splicing factor U2AF 35 kDa subunit  [Source:UniProtKB/TrEMBL;Acc:A0A8J2MJW6],Cercopithifilaria johnstoni (PRJEB47283),protein_coding,cejohnprjeb47283
CJOHNSTONI_LOCUS1245,rna-CJOHNSTONI_LOCUS1245,141,protein_coding,Splicing factor 3B subunit 5  [Source:UniProtKB/TrEMBL;Acc:A0A8J2Q0K6],Cercopithifilaria johnstoni (PRJEB47283),protein_coding,cejohnprjeb47283
CJOHNSTONI_LOCUS4477,rna-CJOHNSTONI_LOCUS4477,204,protein_coding,Protein kinase domain-containing protein  [Source:UniProtKB/TrEMBL;Acc:A0A8J2LT69],Cercopithifilaria johnstoni (PRJEB47283),protein_coding,cejohnprjeb47283
CJOHNSTONI_LOCUS10255,rna-CJOHNSTONI_LOCUS10255,134,protein_coding,AMMECR1 domain-containing protein  [Source:UniProtKB/TrEMBL;Acc:A0A8J2Q9I7],Cercopithifilaria johnstoni (PRJEB47283),protein_coding,cejohnprjeb47283
CJOHNSTONI_LOCUS6871,rna-CJOHNSTONI_LOCUS6871,248,protein_coding,Palmitoyltransferase  [Source:UniProtKB/TrEMBL;Acc:A0A8J2M8G2],Cercopithifilaria johnstoni (PRJEB47283),protein_coding,cejohnprjeb47283
CJOHNSTONI_LOCUS2325,rna-CJOHNSTONI_LOCUS2325,227,protein_coding,Glycerophosphocholine phosphodiesterase GPCPD1  [Source:UniProtKB/TrEMBL;Acc:A0A8J2LXD2],Cercopithifilaria johnstoni (PRJEB47283),protein_coding,cejohnprjeb47283
CJOHNSTONI_LOCUS7314,rna-CJOHNSTONI_LOCUS7314,118,protein_coding,Ovule protein  [Source:UniProtKB/TrEMBL;Acc:A0A8J2M8V0],Cercopithifilaria johnstoni (PRJEB47283),protein_coding,cejohnprjeb47283
CJOHNSTONI_LOCUS9970,rna-CJOHNSTONI_LOCUS9970,92,protein_coding,Ribosomal protein S4  [Source:UniProtKB/TrEMBL;Acc:A0A8J2Q9E4],Cercopithifilaria johnstoni (PRJEB47283),protein_coding,cejohnprjeb47283
CJOHNSTONI_LOCUS6991,rna-CJOHNSTONI_LOCUS6991,624,protein_coding,G_PROTEIN_RECEP_F1_2 domain-containing protein  [Source:UniProtKB/TrEMBL;Acc:A0A8J2MR33],Cercopithifilaria johnstoni (PRJEB47283),protein_coding,cejohnprjeb47283
CJOHNSTONI_LOCUS5771,rna-CJOHNSTONI_LOCUS5771,217,protein_coding,Secreted protein  [Source:UniProtKB/TrEMBL;Acc:A0A8J2M6D1],Cercopithifilaria johnstoni (PRJEB47283),protein_coding,cejohnprjeb47283
CJOHNSTONI_LOCUS1630,rna-CJOHNSTONI_LOCUS1630,285,protein_coding,Post-GPI attachment to proteins factor 2-like  [Source:UniProtKB/TrEMBL;Acc:A0A8J2MJZ8],Cercopithifilaria johnstoni (PRJEB47283),protein_coding,cejohnprjeb47283
CJOHNSTONI_LOCUS5584,rna-CJOHNSTONI_LOCUS5584,304,protein_coding,Col_cuticle_N domain-containing protein  [Source:UniProtKB/TrEMBL;Acc:A0A8J2M490],Cercopithifilaria johnstoni (PRJEB47283),protein_coding,cejohnprjeb47283
CJOHNSTONI_LOCUS4849,rna-CJOHNSTONI_LOCUS4849,267,protein_coding,NOT2_3_5 domain-containing protein  [Source:UniProtKB/TrEMBL;Acc:A0A8J2M430],Cercopithifilaria johnstoni (PRJEB47283),protein_coding,cejohnprjeb47283
CJOHNSTONI_LOCUS6816,rna-CJOHNSTONI_LOCUS6816,194,protein_coding,Tenascin-like  [Source:UniProtKB/TrEMBL;Acc:A0A8J2M9Y7],Cercopithifilaria johnstoni (PRJEB47283),protein_coding,cejohnprjeb47283
CJOHNSTONI_LOCUS6554,rna-CJOHNSTONI_LOCUS6554,248,protein_coding,E3 ubiquitin-protein ligase TRIM23  [Source:UniProtKB/TrEMBL;Acc:A0A8J2M6C4],Cercopithifilaria johnstoni (PRJEB47283),protein_coding,cejohnprjeb47283
CJOHNSTONI_LOCUS8801,rna-CJOHNSTONI_LOCUS8801,251,protein_coding,DET1 homolog  [Source:UniProtKB/TrEMBL;Acc:A0A8J2MTL1],Cercopithifilaria johnstoni (PRJEB47283),protein_coding,cejohnprjeb47283
CJOHNSTONI_LOCUS1840,rna-CJOHNSTONI_LOCUS1840,179,protein_coding,Cyclin-dependent kinase 7  [Source:UniProtKB/TrEMBL;Acc:A0A8J2MK83],Cercopithifilaria johnstoni (PRJEB47283),protein_coding,cejohnprjeb47283
CJOHNSTONI_LOCUS10085,rna-CJOHNSTONI_LOCUS10085,225,protein_coding,UBC core domain-containing protein  [Source:UniProtKB/TrEMBL;Acc:A0A8J2M7I9],Cercopithifilaria johnstoni (PRJEB47283),protein_coding,cejohnprjeb47283
CJOHNSTONI_LOCUS7236,rna-CJOHNSTONI_LOCUS7236,195,protein_coding,SAM-dependent MTase TRM10-type domain-containing protein  [Source:UniProtKB/TrEMBL;Acc:A0A8J2M823],Cercopithifilaria johnstoni (PRJEB47283),protein_coding,cejohnprjeb47283
CJOHNSTONI_LOCUS8108,rna-CJOHNSTONI_LOCUS8108,205,protein_coding,Actin-related protein 2/3 complex subunit 4  [Source:UniProtKB/TrEMBL;Acc:A0A8J2QAU4],Cercopithifilaria johnstoni (PRJEB47283),protein_coding,cejohnprjeb47283
CJOHNSTONI_LOCUS8444,rna-CJOHNSTONI_LOCUS8444,92,protein_coding,Calcineurin B  [Source:UniProtKB/TrEMBL;Acc:A0A8J2MBG3],Cercopithifilaria johnstoni (PRJEB47283),protein_coding,cejohnprjeb47283
CJOHNSTONI_LOCUS6843,rna-CJOHNSTONI_LOCUS6843,418,protein_coding,Apple domain-containing protein  [Source:UniProtKB/TrEMBL;Acc:A0A8J2MQT1],Cercopithifilaria johnstoni (PRJEB47283),protein_coding,cejohnprjeb47283
CJOHNSTONI_LOCUS8919,rna-CJOHNSTONI_LOCUS8919,242,protein_coding,Nidogen-1  [Source:UniProtKB/TrEMBL;Acc:A0A8J2MB84],Cercopithifilaria johnstoni (PRJEB47283),protein_coding,cejohnprjeb47283
CJOHNSTONI_LOCUS8600,rna-CJOHNSTONI_LOCUS8600,262,protein_coding,Glycoprotein  [Source:UniProtKB/TrEMBL;Acc:A0A8J2Q3B6],Cercopithifilaria johnstoni (PRJEB47283),protein_coding,cejohnprjeb47283
CJOHNSTONI_LOCUS9974,rna-CJOHNSTONI_LOCUS9974,152,protein_coding,,Cercopithifilaria johnstoni (PRJEB47283),protein_coding,cejohnprjeb47283
CJOHNSTONI_LOCUS7637,rna-CJOHNSTONI_LOCUS7637,156,protein_coding,DUF4536 domain-containing protein  [Source:UniProtKB/TrEMBL;Acc:A0A8J2Q2J7],Cercopithifilaria johnstoni (PRJEB47283),protein_coding,cejohnprjeb47283
CJOHNSTONI_LOCUS7251,rna-CJOHNSTONI_LOCUS7251,228,protein_coding,C2H2-type domain-containing protein  [Source:UniProtKB/TrEMBL;Acc:A0A8J2Q5Q8],Cercopithifilaria johnstoni (PRJEB47283),protein_coding,cejohnprjeb47283
CJOHNSTONI_LOCUS1170,rna-CJOHNSTONI_LOCUS1170,252,protein_coding,Chloride channel CLIC-like protein 1  [Source:UniProtKB/TrEMBL;Acc:A0A8J2PQ66],Cercopithifilaria johnstoni (PRJEB47283),protein_coding,cejohnprjeb47283
CJOHNSTONI_LOCUS3762,rna-CJOHNSTONI_LOCUS3762,189,protein_coding,Ligand-gated ion channel 50  [Source:UniProtKB/TrEMBL;Acc:A0A8J2MMC2],Cercopithifilaria johnstoni (PRJEB47283),protein_coding,cejohnprjeb47283
CJOHNSTONI_LOCUS1989,rna-CJOHNSTONI_LOCUS1989,182,protein_coding,LAGLIDADG homing endonuclease  [Source:UniProtKB/TrEMBL;Acc:A0A8J2LWS6],Cercopithifilaria johnstoni (PRJEB47283),protein_coding,cejohnprjeb47283
CJOHNSTONI_LOCUS5074,rna-CJOHNSTONI_LOCUS5074,182,protein_coding,Sugar phosphate phosphatase  [Source:UniProtKB/TrEMBL;Acc:A0A8J2LXF0],Cercopithifilaria johnstoni (PRJEB47283),protein_coding,cejohnprjeb47283
CJOHNSTONI_LOCUS5570,rna-CJOHNSTONI_LOCUS5570,495,protein_coding,CUB domain-containing protein  [Source:UniProtKB/TrEMBL;Acc:A0A8J2MP78],Cercopithifilaria johnstoni (PRJEB47283),protein_coding,cejohnprjeb47283
CJOHNSTONI_LOCUS7212,rna-CJOHNSTONI_LOCUS7212,201,protein_coding,Protein kinase domain-containing protein  [Source:UniProtKB/TrEMBL;Acc:A0A8J2QAM8],Cercopithifilaria johnstoni (PRJEB47283),protein_coding,cejohnprjeb47283
CJOHNSTONI_LOCUS2479,rna-CJOHNSTONI_LOCUS2479,193,protein_coding,Triacylglycerol lipase  [Source:UniProtKB/TrEMBL;Acc:A0A8J2LZG3],Cercopithifilaria johnstoni (PRJEB47283),protein_coding,cejohnprjeb47283
CJOHNSTONI_LOCUS9783,rna-CJOHNSTONI_LOCUS9783,179,protein_coding,Globin family profile domain-containing protein  [Source:UniProtKB/TrEMBL;Acc:A0A8J2M587],Cercopithifilaria johnstoni (PRJEB47283),protein_coding,cejohnprjeb47283
CJOHNSTONI_LOCUS3854,rna-CJOHNSTONI_LOCUS3854,170,protein_coding,UBC core domain-containing protein  [Source:UniProtKB/TrEMBL;Acc:A0A8J2PSI7],Cercopithifilaria johnstoni (PRJEB47283),protein_coding,cejohnprjeb47283
CJOHNSTONI_LOCUS3633,rna-CJOHNSTONI_LOCUS3633,191,protein_coding,Pre-mRNA-splicing factor 18  [Source:UniProtKB/TrEMBL;Acc:A0A8J2PSC9],Cercopithifilaria johnstoni (PRJEB47283),protein_coding,cejohnprjeb47283
CJOHNSTONI_LOCUS9169,rna-CJOHNSTONI_LOCUS9169,161,protein_coding,C2H2-type domain-containing protein  [Source:UniProtKB/TrEMBL;Acc:A0A8J2Q6Q7],Cercopithifilaria johnstoni (PRJEB47283),protein_coding,cejohnprjeb47283
CJOHNSTONI_LOCUS1204,rna-CJOHNSTONI_LOCUS1204,153,protein_coding,FMR1N protein  [Source:UniProtKB/TrEMBL;Acc:A0A8J2LWW1],Cercopithifilaria johnstoni (PRJEB47283),protein_coding,cejohnprjeb47283
CJOHNSTONI_LOCUS1279,rna-CJOHNSTONI_LOCUS1279,138,protein_coding,RING-type domain-containing protein  [Source:UniProtKB/TrEMBL;Acc:A0A8J2LXN8],Cercopithifilaria johnstoni (PRJEB47283),protein_coding,cejohnprjeb47283
CJOHNSTONI_LOCUS9883,rna-CJOHNSTONI_LOCUS9883,281,protein_coding,peptidylamidoglycolate lyase  [Source:UniProtKB/TrEMBL;Acc:A0A8J2MV50],Cercopithifilaria johnstoni (PRJEB47283),protein_coding,cejohnprjeb47283
CJOHNSTONI_LOCUS6078,rna-CJOHNSTONI_LOCUS6078,158,protein_coding,RNA helicase  [Source:UniProtKB/TrEMBL;Acc:A0A8J2LZF1],Cercopithifilaria johnstoni (PRJEB47283),protein_coding,cejohnprjeb47283
CJOHNSTONI_LOCUS2871,rna-CJOHNSTONI_LOCUS2871,181,protein_coding,LIM domain protein  [Source:UniProtKB/TrEMBL;Acc:A0A8J2Q9B1],Cercopithifilaria johnstoni (PRJEB47283),protein_coding,cejohnprjeb47283
CJOHNSTONI_LOCUS7953,rna-CJOHNSTONI_LOCUS7953,236,protein_coding,GPN-loop GTPase 2  [Source:UniProtKB/TrEMBL;Acc:A0A8J2MAW1],Cercopithifilaria johnstoni (PRJEB47283),protein_coding,cejohnprjeb47283
CJOHNSTONI_LOCUS5688,rna-CJOHNSTONI_LOCUS5688,251,protein_coding,TLC domain-containing protein  [Source:UniProtKB/TrEMBL;Acc:A0A8J2PU17],Cercopithifilaria johnstoni (PRJEB47283),protein_coding,cejohnprjeb47283
CJOHNSTONI_LOCUS2851,rna-CJOHNSTONI_LOCUS2851,744,protein_coding,Tudor domain-containing protein  [Source:UniProtKB/TrEMBL;Acc:A0A8J2M0F2],Cercopithifilaria johnstoni (PRJEB47283),protein_coding,cejohnprjeb47283
CJOHNSTONI_LOCUS123,rna-CJOHNSTONI_LOCUS123,248,protein_coding,PlsC domain-containing protein  [Source:UniProtKB/TrEMBL;Acc:A0A8J2LKU1],Cercopithifilaria johnstoni (PRJEB47283),protein_coding,cejohnprjeb47283
CJOHNSTONI_LOCUS9339,rna-CJOHNSTONI_LOCUS9339,206,protein_coding,Transmembrane protein  [Source:UniProtKB/TrEMBL;Acc:A0A8J2QB34],Cercopithifilaria johnstoni (PRJEB47283),protein_coding,cejohnprjeb47283
CJOHNSTONI_LOCUS3753,rna-CJOHNSTONI_LOCUS3753,177,protein_coding,NADH dehydrogenase [ubiquinone] 1 beta subcomplex subunit 3  [Source:UniProtKB/TrEMBL;Acc:A0A8J2Q605],Cercopithifilaria johnstoni (PRJEB47283),protein_coding,cejohnprjeb47283
CJOHNSTONI_LOCUS3907,rna-CJOHNSTONI_LOCUS3907,156,protein_coding,C3H1-type domain-containing protein  [Source:UniProtKB/TrEMBL;Acc:A0A8J2Q660],Cercopithifilaria johnstoni (PRJEB47283),protein_coding,cejohnprjeb47283
CJOHNSTONI_LOCUS9865,rna-CJOHNSTONI_LOCUS9865,194,protein_coding,Tetraspanin  [Source:UniProtKB/TrEMBL;Acc:A0A8J2Q482],Cercopithifilaria johnstoni (PRJEB47283),protein_coding,cejohnprjeb47283
CJOHNSTONI_LOCUS5618,rna-CJOHNSTONI_LOCUS5618,185,protein_coding,60S ribosomal protein L34  [Source:UniProtKB/TrEMBL;Acc:A0A8J2M5G5],Cercopithifilaria johnstoni (PRJEB47283),protein_coding,cejohnprjeb47283
CJOHNSTONI_LOCUS449,rna-CJOHNSTONI_LOCUS449,794,protein_coding,,Cercopithifilaria johnstoni (PRJEB47283),protein_coding,cejohnprjeb47283
CJOHNSTONI_LOCUS3670,rna-CJOHNSTONI_LOCUS3670,228,protein_coding,Protein kinase domain-containing protein  [Source:UniProtKB/TrEMBL;Acc:A0A8J2M0L4],Cercopithifilaria johnstoni (PRJEB47283),protein_coding,cejohnprjeb47283
CJOHNSTONI_LOCUS1792,rna-CJOHNSTONI_LOCUS1792,281,protein_coding,,Cercopithifilaria johnstoni (PRJEB47283),protein_coding,cejohnprjeb47283
CJOHNSTONI_LOCUS8081,rna-CJOHNSTONI_LOCUS8081,224,protein_coding,Protein kinase domain-containing protein  [Source:UniProtKB/TrEMBL;Acc:A0A8J2QAU2],Cercopithifilaria johnstoni (PRJEB47283),protein_coding,cejohnprjeb47283
CJOHNSTONI_LOCUS3540,rna-CJOHNSTONI_LOCUS3540,215,protein_coding,Protein SZT2  [Source:UniProtKB/TrEMBL;Acc:A0A8J2MM26],Cercopithifilaria johnstoni (PRJEB47283),protein_coding,cejohnprjeb47283
CJOHNSTONI_LOCUS7965,rna-CJOHNSTONI_LOCUS7965,203,protein_coding,Surfeit locus protein 4  [Source:UniProtKB/TrEMBL;Acc:A0A8J2MB17],Cercopithifilaria johnstoni (PRJEB47283),protein_coding,cejohnprjeb47283
CJOHNSTONI_LOCUS3207,rna-CJOHNSTONI_LOCUS3207,198,protein_coding,ELYS-bb domain-containing protein  [Source:UniProtKB/TrEMBL;Acc:A0A8J2LTE5],Cercopithifilaria johnstoni (PRJEB47283),protein_coding,cejohnprjeb47283
CJOHNSTONI_LOCUS5358,rna-CJOHNSTONI_LOCUS5358,177,protein_coding,Secreted protein  [Source:UniProtKB/TrEMBL;Acc:A0A8J2M4Q5],Cercopithifilaria johnstoni (PRJEB47283),protein_coding,cejohnprjeb47283
CJOHNSTONI_LOCUS8695,rna-CJOHNSTONI_LOCUS8695,170,protein_coding,Aspartyl aminopeptidase  [Source:UniProtKB/TrEMBL;Acc:A0A8J2MCK4],Cercopithifilaria johnstoni (PRJEB47283),protein_coding,cejohnprjeb47283
CJOHNSTONI_LOCUS473,rna-CJOHNSTONI_LOCUS473,370,protein_coding,Protein kinase domain-containing protein  [Source:UniProtKB/TrEMBL;Acc:A0A8J2MI64],Cercopithifilaria johnstoni (PRJEB47283),protein_coding,cejohnprjeb47283
CJOHNSTONI_LOCUS5168,rna-CJOHNSTONI_LOCUS5168,152,protein_coding,A disintegrin and metalloproteinase with thrombospondin motifs 9  [Source:UniProtKB/TrEMBL;Acc:A0A8J2M3D7],Cercopithifilaria johnstoni (PRJEB47283),protein_coding,cejohnprjeb47283
CJOHNSTONI_LOCUS2492,rna-CJOHNSTONI_LOCUS2492,141,protein_coding,Major sperm protein  [Source:UniProtKB/TrEMBL;Acc:A0A8J2LZH2],Cercopithifilaria johnstoni (PRJEB47283),protein_coding,cejohnprjeb47283
CJOHNSTONI_LOCUS3816,rna-CJOHNSTONI_LOCUS3816,195,protein_coding,TBC1 domain family member 7  [Source:UniProtKB/TrEMBL;Acc:A0A8J2LS31],Cercopithifilaria johnstoni (PRJEB47283),protein_coding,cejohnprjeb47283
CJOHNSTONI_LOCUS8274,rna-CJOHNSTONI_LOCUS8274,240,protein_coding,,Cercopithifilaria johnstoni (PRJEB47283),protein_coding,cejohnprjeb47283
CJOHNSTONI_LOCUS7886,rna-CJOHNSTONI_LOCUS7886,221,protein_coding,Ubiquitin-like domain-containing protein  [Source:UniProtKB/TrEMBL;Acc:A0A8J2PWT6],Cercopithifilaria johnstoni (PRJEB47283),protein_coding,cejohnprjeb47283
CJOHNSTONI_LOCUS5834,rna-CJOHNSTONI_LOCUS5834,173,protein_coding,,Cercopithifilaria johnstoni (PRJEB47283),protein_coding,cejohnprjeb47283
CJOHNSTONI_LOCUS6449,rna-CJOHNSTONI_LOCUS6449,293,protein_coding,START domain-containing protein  [Source:UniProtKB/TrEMBL;Acc:A0A8J2M6R7],Cercopithifilaria johnstoni (PRJEB47283),protein_coding,cejohnprjeb47283
CJOHNSTONI_LOCUS777,rna-CJOHNSTONI_LOCUS777,261,protein_coding,,Cercopithifilaria johnstoni (PRJEB47283),protein_coding,cejohnprjeb47283
CJOHNSTONI_LOCUS2296,rna-CJOHNSTONI_LOCUS2296,237,protein_coding,CCDC92 domain-containing protein  [Source:UniProtKB/TrEMBL;Acc:A0A8J2LXQ1],Cercopithifilaria johnstoni (PRJEB47283),protein_coding,cejohnprjeb47283
CJOHNSTONI_LOCUS1710,rna-CJOHNSTONI_LOCUS1710,188,protein_coding,cAMP-regulated phosphoprotein 19  [Source:UniProtKB/TrEMBL;Acc:A0A8J2LNC1],Cercopithifilaria johnstoni (PRJEB47283),protein_coding,cejohnprjeb47283
CJOHNSTONI_LOCUS9923,rna-CJOHNSTONI_LOCUS9923,177,protein_coding,Venom protein  [Source:UniProtKB/TrEMBL;Acc:A0A8J2MGH0],Cercopithifilaria johnstoni (PRJEB47283),protein_coding,cejohnprjeb47283
CJOHNSTONI_LOCUS4000,rna-CJOHNSTONI_LOCUS4000,175,protein_coding,Arginine and glutamate-rich protein 1  [Source:UniProtKB/TrEMBL;Acc:A0A8J2M513],Cercopithifilaria johnstoni (PRJEB47283),protein_coding,cejohnprjeb47283
CJOHNSTONI_LOCUS894,rna-CJOHNSTONI_LOCUS894,162,protein_coding,Glycoprotein  [Source:UniProtKB/TrEMBL;Acc:A0A8J2Q099],Cercopithifilaria johnstoni (PRJEB47283),protein_coding,cejohnprjeb47283
CJOHNSTONI_LOCUS8732,rna-CJOHNSTONI_LOCUS8732,180,protein_coding,Protein kinase domain-containing protein  [Source:UniProtKB/TrEMBL;Acc:A0A8J2QAZ0],Cercopithifilaria johnstoni (PRJEB47283),protein_coding,cejohnprjeb47283
CJOHNSTONI_LOCUS8016,rna-CJOHNSTONI_LOCUS8016,248,protein_coding,Protein kinase domain-containing protein  [Source:UniProtKB/TrEMBL;Acc:A0A8J2MCA0],Cercopithifilaria johnstoni (PRJEB47283),protein_coding,cejohnprjeb47283
CJOHNSTONI_LOCUS3022,rna-CJOHNSTONI_LOCUS3022,294,protein_coding,Protein Red  [Source:UniProtKB/TrEMBL;Acc:A0A8J2PRT3],Cercopithifilaria johnstoni (PRJEB47283),protein_coding,cejohnprjeb47283
CJOHNSTONI_LOCUS3459,rna-CJOHNSTONI_LOCUS3459,218,protein_coding,G_PROTEIN_RECEP_F1_2 domain-containing protein  [Source:UniProtKB/TrEMBL;Acc:A0A8J2LU16],Cercopithifilaria johnstoni (PRJEB47283),protein_coding,cejohnprjeb47283
CJOHNSTONI_LOCUS8065,rna-CJOHNSTONI_LOCUS8065,160,protein_coding,UBC core domain-containing protein  [Source:UniProtKB/TrEMBL;Acc:A0A8J2Q688],Cercopithifilaria johnstoni (PRJEB47283),protein_coding,cejohnprjeb47283
CJOHNSTONI_LOCUS6046,rna-CJOHNSTONI_LOCUS6046,151,protein_coding,NADH-ubiquinone oxidoreductase B17 subunit  [Source:UniProtKB/TrEMBL;Acc:A0A8J2Q4T4],Cercopithifilaria johnstoni (PRJEB47283),protein_coding,cejohnprjeb47283
CJOHNSTONI_LOCUS7437,rna-CJOHNSTONI_LOCUS7437,212,protein_coding,F-box domain-containing protein  [Source:UniProtKB/TrEMBL;Acc:A0A8J2Q5T9],Cercopithifilaria johnstoni (PRJEB47283),protein_coding,cejohnprjeb47283
CJOHNSTONI_LOCUS9139,rna-CJOHNSTONI_LOCUS9139,314,protein_coding,ANAPC4_WD40 domain-containing protein  [Source:UniProtKB/TrEMBL;Acc:A0A8J2MDM1],Cercopithifilaria johnstoni (PRJEB47283),protein_coding,cejohnprjeb47283
CJOHNSTONI_LOCUS3813,rna-CJOHNSTONI_LOCUS3813,203,protein_coding,protein adenylyltransferase  [Source:UniProtKB/TrEMBL;Acc:A0A8J2Q2S8],Cercopithifilaria johnstoni (PRJEB47283),protein_coding,cejohnprjeb47283
CJOHNSTONI_LOCUS4792,rna-CJOHNSTONI_LOCUS4792,167,protein_coding,COP9 signalosome complex subunit 4  [Source:UniProtKB/TrEMBL;Acc:A0A8J2M432],Cercopithifilaria johnstoni (PRJEB47283),protein_coding,cejohnprjeb47283
CJOHNSTONI_LOCUS1818,rna-CJOHNSTONI_LOCUS1818,774,protein_coding,DNA-directed RNA polymerase subunit  [Source:UniProtKB/TrEMBL;Acc:A0A8J2LYL4],Cercopithifilaria johnstoni (PRJEB47283),protein_coding,cejohnprjeb47283
CJOHNSTONI_LOCUS6447,rna-CJOHNSTONI_LOCUS6447,197,protein_coding,non-specific serine/threonine protein kinase  [Source:UniProtKB/TrEMBL;Acc:A0A8J2M702],Cercopithifilaria johnstoni (PRJEB47283),protein_coding,cejohnprjeb47283
CJOHNSTONI_LOCUS7108,rna-CJOHNSTONI_LOCUS7108,186,protein_coding,Dehydrogenase with different specificities related to short-chain alcohol dehydrogenase  [Source:UniProtKB/TrEMBL;Acc:A0A8J2MR86],Cercopithifilaria johnstoni (PRJEB47283),protein_coding,cejohnprjeb47283
CJOHNSTONI_LOCUS6194,rna-CJOHNSTONI_LOCUS6194,245,protein_coding,Protein Abitram  [Source:UniProtKB/TrEMBL;Acc:A0A8J2Q4X4],Cercopithifilaria johnstoni (PRJEB47283),protein_coding,cejohnprjeb47283
CJOHNSTONI_LOCUS3365,rna-CJOHNSTONI_LOCUS3365,230,protein_coding,G_PROTEIN_RECEP_F3_4 domain-containing protein  [Source:UniProtKB/TrEMBL;Acc:A0A8J2M1D0],Cercopithifilaria johnstoni (PRJEB47283),protein_coding,cejohnprjeb47283
CJOHNSTONI_LOCUS909,rna-CJOHNSTONI_LOCUS909,175,protein_coding,,Cercopithifilaria johnstoni (PRJEB47283),protein_coding,cejohnprjeb47283
CJOHNSTONI_LOCUS5393,rna-CJOHNSTONI_LOCUS5393,271,protein_coding,Kinesin-like protein unc-104  [Source:UniProtKB/TrEMBL;Acc:A0A8J2M3V9],Cercopithifilaria johnstoni (PRJEB47283),protein_coding,cejohnprjeb47283
CJOHNSTONI_LOCUS7342,rna-CJOHNSTONI_LOCUS7342,233,protein_coding,CCR4-NOT transcription complex subunit 11  [Source:UniProtKB/TrEMBL;Acc:A0A8J2M9L6],Cercopithifilaria johnstoni (PRJEB47283),protein_coding,cejohnprjeb47283
CJOHNSTONI_LOCUS3235,rna-CJOHNSTONI_LOCUS3235,235,protein_coding,BTB/POZ domain-containing protein 7  [Source:UniProtKB/TrEMBL;Acc:A0A8J2ML79],Cercopithifilaria johnstoni (PRJEB47283),protein_coding,cejohnprjeb47283
CJOHNSTONI_LOCUS9503,rna-CJOHNSTONI_LOCUS9503,218,protein_coding,MOB kinase activator-like 1  [Source:UniProtKB/TrEMBL;Acc:A0A8J2Q3X7],Cercopithifilaria johnstoni (PRJEB47283),protein_coding,cejohnprjeb47283
CJOHNSTONI_LOCUS3287,rna-CJOHNSTONI_LOCUS3287,196,protein_coding,PHD-type domain-containing protein  [Source:UniProtKB/TrEMBL;Acc:A0A8J2PS22],Cercopithifilaria johnstoni (PRJEB47283),protein_coding,cejohnprjeb47283
CJOHNSTONI_LOCUS9501,rna-CJOHNSTONI_LOCUS9501,287,protein_coding,,Cercopithifilaria johnstoni (PRJEB47283),protein_coding,cejohnprjeb47283
CJOHNSTONI_LOCUS4538,rna-CJOHNSTONI_LOCUS4538,141,protein_coding,,Cercopithifilaria johnstoni (PRJEB47283),protein_coding,cejohnprjeb47283
CJOHNSTONI_LOCUS1793,rna-CJOHNSTONI_LOCUS1793,244,protein_coding,Protein kinase domain-containing protein  [Source:UniProtKB/TrEMBL;Acc:A0A8J2Q8V1],Cercopithifilaria johnstoni (PRJEB47283),protein_coding,cejohnprjeb47283
CJOHNSTONI_LOCUS6051,rna-CJOHNSTONI_LOCUS6051,183,protein_coding,Reverse transcriptase  [Source:UniProtKB/TrEMBL;Acc:A0A8J2M516],Cercopithifilaria johnstoni (PRJEB47283),protein_coding,cejohnprjeb47283
CJOHNSTONI_LOCUS5099,rna-CJOHNSTONI_LOCUS5099,248,protein_coding,,Cercopithifilaria johnstoni (PRJEB47283),protein_coding,cejohnprjeb47283
CJOHNSTONI_LOCUS2792,rna-CJOHNSTONI_LOCUS2792,127,protein_coding,C2H2-type domain-containing protein  [Source:UniProtKB/TrEMBL;Acc:A0A8J2M0H0],Cercopithifilaria johnstoni (PRJEB47283),protein_coding,cejohnprjeb47283
CJOHNSTONI_LOCUS9541,rna-CJOHNSTONI_LOCUS9541,199,protein_coding,Serine/threonine-protein phosphatase  [Source:UniProtKB/TrEMBL;Acc:A0A8J2Q982],Cercopithifilaria johnstoni (PRJEB47283),protein_coding,cejohnprjeb47283
CJOHNSTONI_LOCUS8217,rna-CJOHNSTONI_LOCUS8217,112,protein_coding,TIL domain-containing protein  [Source:UniProtKB/TrEMBL;Acc:A0A8J2QAV2],Cercopithifilaria johnstoni (PRJEB47283),protein_coding,cejohnprjeb47283
CJOHNSTONI_LOCUS1298,rna-CJOHNSTONI_LOCUS1298,183,protein_coding,"Dihydroorotate dehydrogenase (quinone), mitochondrial  [Source:UniProtKB/TrEMBL;Acc:A0A8J2Q3T0]",Cercopithifilaria johnstoni (PRJEB47283),protein_coding,cejohnprjeb47283
CJOHNSTONI_LOCUS4946,rna-CJOHNSTONI_LOCUS4946,231,protein_coding,Trafficking protein particle complex subunit 10  [Source:UniProtKB/TrEMBL;Acc:A0A8J2Q084],Cercopithifilaria johnstoni (PRJEB47283),protein_coding,cejohnprjeb47283
CJOHNSTONI_LOCUS1816,rna-CJOHNSTONI_LOCUS1816,176,protein_coding,Peptidase_M13 domain-containing protein  [Source:UniProtKB/TrEMBL;Acc:A0A8J2LWM4],Cercopithifilaria johnstoni (PRJEB47283),protein_coding,cejohnprjeb47283
CJOHNSTONI_LOCUS7859,rna-CJOHNSTONI_LOCUS7859,233,protein_coding,Nucleolar protein 10  [Source:UniProtKB/TrEMBL;Acc:A0A8J2M993],Cercopithifilaria johnstoni (PRJEB47283),protein_coding,cejohnprjeb47283
CJOHNSTONI_LOCUS3262,rna-CJOHNSTONI_LOCUS3262,356,protein_coding,Zinc finger protein  [Source:UniProtKB/TrEMBL;Acc:A0A8J2LZD2],Cercopithifilaria johnstoni (PRJEB47283),protein_coding,cejohnprjeb47283
CJOHNSTONI_LOCUS545,rna-CJOHNSTONI_LOCUS545,293,protein_coding,Coiled-coil domain-containing protein 96  [Source:UniProtKB/TrEMBL;Acc:A0A8J2LVV5],Cercopithifilaria johnstoni (PRJEB47283),protein_coding,cejohnprjeb47283
CJOHNSTONI_LOCUS1492,rna-CJOHNSTONI_LOCUS1492,189,protein_coding,Tetratricopeptide repeat protein 30  [Source:UniProtKB/TrEMBL;Acc:A0A8J2MJ88],Cercopithifilaria johnstoni (PRJEB47283),protein_coding,cejohnprjeb47283
CJOHNSTONI_LOCUS7217,rna-CJOHNSTONI_LOCUS7217,162,protein_coding,Nbl1_Borealin_N domain-containing protein  [Source:UniProtKB/TrEMBL;Acc:A0A8J2MRC7],Cercopithifilaria johnstoni (PRJEB47283),protein_coding,cejohnprjeb47283
CJOHNSTONI_LOCUS6036,rna-CJOHNSTONI_LOCUS6036,960,protein_coding,Secreted RxLR effector peptide protein  [Source:UniProtKB/TrEMBL;Acc:A0A8J2M503],Cercopithifilaria johnstoni (PRJEB47283),protein_coding,cejohnprjeb47283
CJOHNSTONI_LOCUS6126,rna-CJOHNSTONI_LOCUS6126,241,protein_coding,"Acyl-CoA synthetase family member 3, mitochondrial  [Source:UniProtKB/TrEMBL;Acc:A0A8J2Q7T9]",Cercopithifilaria johnstoni (PRJEB47283),protein_coding,cejohnprjeb47283
CJOHNSTONI_LOCUS5660,rna-CJOHNSTONI_LOCUS5660,256,protein_coding,RNA helicase  [Source:UniProtKB/TrEMBL;Acc:A0A8J2PU10],Cercopithifilaria johnstoni (PRJEB47283),protein_coding,cejohnprjeb47283
CJOHNSTONI_LOCUS9137,rna-CJOHNSTONI_LOCUS9137,245,protein_coding,Glypican-6  [Source:UniProtKB/TrEMBL;Acc:A0A8J2MDC6],Cercopithifilaria johnstoni (PRJEB47283),protein_coding,cejohnprjeb47283
CJOHNSTONI_LOCUS5608,rna-CJOHNSTONI_LOCUS5608,221,protein_coding,Ig-like domain-containing protein  [Source:UniProtKB/TrEMBL;Acc:A0A8J2PTZ7],Cercopithifilaria johnstoni (PRJEB47283),protein_coding,cejohnprjeb47283
CJOHNSTONI_LOCUS2036,rna-CJOHNSTONI_LOCUS2036,199,protein_coding,,Cercopithifilaria johnstoni (PRJEB47283),protein_coding,cejohnprjeb47283
CJOHNSTONI_LOCUS175,rna-CJOHNSTONI_LOCUS175,186,protein_coding,C2H2-type domain-containing protein  [Source:UniProtKB/TrEMBL;Acc:A0A8J2PPC8],Cercopithifilaria johnstoni (PRJEB47283),protein_coding,cejohnprjeb47283
CJOHNSTONI_LOCUS3465,rna-CJOHNSTONI_LOCUS3465,235,protein_coding,Leucine carboxyl methyltransferase 1  [Source:UniProtKB/TrEMBL;Acc:A0A8J2M132],Cercopithifilaria johnstoni (PRJEB47283),protein_coding,cejohnprjeb47283
CJOHNSTONI_LOCUS2260,rna-CJOHNSTONI_LOCUS2260,186,protein_coding,Chondroitin proteoglycan-2  [Source:UniProtKB/TrEMBL;Acc:A0A8J2LZF4],Cercopithifilaria johnstoni (PRJEB47283),protein_coding,cejohnprjeb47283
CJOHNSTONI_LOCUS1100,rna-CJOHNSTONI_LOCUS1100,201,protein_coding,Scavenger receptor class B member 1  [Source:UniProtKB/TrEMBL;Acc:A0A8J2MIG6],Cercopithifilaria johnstoni (PRJEB47283),protein_coding,cejohnprjeb47283
CJOHNSTONI_LOCUS447,rna-CJOHNSTONI_LOCUS447,277,protein_coding,"Membrane associated guanylate kinase, WW and PDZ domain containing 1a  [Source:UniProtKB/TrEMBL;Acc:A0A8J2LYP6]",Cercopithifilaria johnstoni (PRJEB47283),protein_coding,cejohnprjeb47283
CJOHNSTONI_LOCUS720,rna-CJOHNSTONI_LOCUS720,238,protein_coding,Collagen triple helix repeat protein  [Source:UniProtKB/TrEMBL;Acc:A0A8J2LUJ2],Cercopithifilaria johnstoni (PRJEB47283),protein_coding,cejohnprjeb47283
CJOHNSTONI_LOCUS533,rna-CJOHNSTONI_LOCUS533,232,protein_coding,Ufd2P_core domain-containing protein  [Source:UniProtKB/TrEMBL;Acc:A0A8J2Q398],Cercopithifilaria johnstoni (PRJEB47283),protein_coding,cejohnprjeb47283
CJOHNSTONI_LOCUS6674,rna-CJOHNSTONI_LOCUS6674,198,protein_coding,TYR_PHOSPHATASE_2 domain-containing protein  [Source:UniProtKB/TrEMBL;Acc:A0A8J2M0H9],Cercopithifilaria johnstoni (PRJEB47283),protein_coding,cejohnprjeb47283
CJOHNSTONI_LOCUS4486,rna-CJOHNSTONI_LOCUS4486,190,protein_coding,Calponin family repeat-containing domain protein  [Source:UniProtKB/TrEMBL;Acc:A0A8J2M3H0],Cercopithifilaria johnstoni (PRJEB47283),protein_coding,cejohnprjeb47283
CJOHNSTONI_LOCUS2608,rna-CJOHNSTONI_LOCUS2608,271,protein_coding,Moesin/ezrin/radixin homolog 1  [Source:UniProtKB/TrEMBL;Acc:A0A8J2LS83],Cercopithifilaria johnstoni (PRJEB47283),protein_coding,cejohnprjeb47283
CJOHNSTONI_LOCUS4686,rna-CJOHNSTONI_LOCUS4686,153,protein_coding,Transthyretin-like family protein  [Source:UniProtKB/TrEMBL;Acc:A0A8J2Q3J7],Cercopithifilaria johnstoni (PRJEB47283),protein_coding,cejohnprjeb47283
CJOHNSTONI_LOCUS8373,rna-CJOHNSTONI_LOCUS8373,115,protein_coding,CYSTM domain-containing protein  [Source:UniProtKB/TrEMBL;Acc:A0A8J2MDG4],Cercopithifilaria johnstoni (PRJEB47283),protein_coding,cejohnprjeb47283
CJOHNSTONI_LOCUS9338,rna-CJOHNSTONI_LOCUS9338,241,protein_coding,G-patch domain-containing protein  [Source:UniProtKB/TrEMBL;Acc:A0A8J2Q3T3],Cercopithifilaria johnstoni (PRJEB47283),protein_coding,cejohnprjeb47283
CJOHNSTONI_LOCUS8305,rna-CJOHNSTONI_LOCUS8305,194,protein_coding,FBD domain-containing protein  [Source:UniProtKB/TrEMBL;Acc:A0A8J2M9R0],Cercopithifilaria johnstoni (PRJEB47283),protein_coding,cejohnprjeb47283
CJOHNSTONI_LOCUS4600,rna-CJOHNSTONI_LOCUS4600,926,protein_coding,ANK_REP_REGION domain-containing protein  [Source:UniProtKB/TrEMBL;Acc:A0A8J2PZZ0],Cercopithifilaria johnstoni (PRJEB47283),protein_coding,cejohnprjeb47283
CJOHNSTONI_LOCUS9708,rna-CJOHNSTONI_LOCUS9708,372,protein_coding,Netrin-1  [Source:UniProtKB/TrEMBL;Acc:A0A8J2PYF1],Cercopithifilaria johnstoni (PRJEB47283),protein_coding,cejohnprjeb47283
CJOHNSTONI_LOCUS9840,rna-CJOHNSTONI_LOCUS9840,254,protein_coding,Secreted protein  [Source:UniProtKB/TrEMBL;Acc:A0A8J2MCP8],Cercopithifilaria johnstoni (PRJEB47283),protein_coding,cejohnprjeb47283
CJOHNSTONI_LOCUS7213,rna-CJOHNSTONI_LOCUS7213,216,protein_coding,,Cercopithifilaria johnstoni (PRJEB47283),protein_coding,cejohnprjeb47283
CJOHNSTONI_LOCUS8087,rna-CJOHNSTONI_LOCUS8087,371,protein_coding,Mitogen-activated protein kinase kinase kinase  [Source:UniProtKB/TrEMBL;Acc:A0A8J2MAP3],Cercopithifilaria johnstoni (PRJEB47283),protein_coding,cejohnprjeb47283
CJOHNSTONI_LOCUS2598,rna-CJOHNSTONI_LOCUS2598-4,347,protein_coding,WAPL domain-containing protein  [Source:UniProtKB/TrEMBL;Acc:A0A8J2MKJ4],Cercopithifilaria johnstoni (PRJEB47283),protein_coding,cejohnprjeb47283
CJOHNSTONI_LOCUS5716,rna-CJOHNSTONI_LOCUS5716,204,protein_coding,Epimerase domain-containing protein  [Source:UniProtKB/TrEMBL;Acc:A0A8J2Q7L2],Cercopithifilaria johnstoni (PRJEB47283),protein_coding,cejohnprjeb47283
CJOHNSTONI_LOCUS54,rna-CJOHNSTONI_LOCUS54,191,protein_coding,Acidic repeat-containing protein-like  [Source:UniProtKB/TrEMBL;Acc:A0A8J2LKP9],Cercopithifilaria johnstoni (PRJEB47283),protein_coding,cejohnprjeb47283
CJOHNSTONI_LOCUS10166,rna-CJOHNSTONI_LOCUS10166,373,protein_coding,G_PROTEIN_RECEP_F1_2 domain-containing protein  [Source:UniProtKB/TrEMBL;Acc:A0A8J2M7N8],Cercopithifilaria johnstoni (PRJEB47283),protein_coding,cejohnprjeb47283
CJOHNSTONI_LOCUS4820,rna-CJOHNSTONI_LOCUS4820,211,protein_coding,RICTOR_V domain-containing protein  [Source:UniProtKB/TrEMBL;Acc:A0A8J2M3X5],Cercopithifilaria johnstoni (PRJEB47283),protein_coding,cejohnprjeb47283
CJOHNSTONI_LOCUS7612,rna-CJOHNSTONI_LOCUS7612,275,protein_coding,,Cercopithifilaria johnstoni (PRJEB47283),protein_coding,cejohnprjeb47283
CJOHNSTONI_LOCUS2574,rna-CJOHNSTONI_LOCUS2574,228,protein_coding,WD_REPEATS_REGION domain-containing protein  [Source:UniProtKB/TrEMBL;Acc:A0A8J2LXU9],Cercopithifilaria johnstoni (PRJEB47283),protein_coding,cejohnprjeb47283
CJOHNSTONI_LOCUS9666,rna-CJOHNSTONI_LOCUS9666,191,protein_coding,Ras-GAP domain-containing protein  [Source:UniProtKB/TrEMBL;Acc:A0A8J2MET2],Cercopithifilaria johnstoni (PRJEB47283),protein_coding,cejohnprjeb47283
CJOHNSTONI_LOCUS4515,rna-CJOHNSTONI_LOCUS4515,192,protein_coding,Serine/threonine-protein phosphatase 4 regulatory subunit 2  [Source:UniProtKB/TrEMBL;Acc:A0A8J2M2Y8],Cercopithifilaria johnstoni (PRJEB47283),protein_coding,cejohnprjeb47283
CJOHNSTONI_LOCUS1725,rna-CJOHNSTONI_LOCUS1725,187,protein_coding,Cytochrome c oxidase polypeptide VIa  [Source:UniProtKB/TrEMBL;Acc:A0A8J2LND0],Cercopithifilaria johnstoni (PRJEB47283),protein_coding,cejohnprjeb47283
CJOHNSTONI_LOCUS1574,rna-CJOHNSTONI_LOCUS1574,236,protein_coding,Ovule protein  [Source:UniProtKB/TrEMBL;Acc:A0A8J2LY70],Cercopithifilaria johnstoni (PRJEB47283),protein_coding,cejohnprjeb47283
CJOHNSTONI_LOCUS393,rna-CJOHNSTONI_LOCUS393,175,protein_coding,LysM domain-containing protein  [Source:UniProtKB/TrEMBL;Acc:A0A8J2LYL1],Cercopithifilaria johnstoni (PRJEB47283),protein_coding,cejohnprjeb47283
CJOHNSTONI_LOCUS5103,rna-CJOHNSTONI_LOCUS5103,233,protein_coding,STAS domain-containing protein  [Source:UniProtKB/TrEMBL;Acc:A0A8J2MNQ9],Cercopithifilaria johnstoni (PRJEB47283),protein_coding,cejohnprjeb47283
CJOHNSTONI_LOCUS8807,rna-CJOHNSTONI_LOCUS8807,209,protein_coding,G_PROTEIN_RECEP_F1_2 domain-containing protein  [Source:UniProtKB/TrEMBL;Acc:A0A8J2Q8X4],Cercopithifilaria johnstoni (PRJEB47283),protein_coding,cejohnprjeb47283
CJOHNSTONI_LOCUS2025,rna-CJOHNSTONI_LOCUS2025,174,protein_coding,Activin_recp domain-containing protein  [Source:UniProtKB/TrEMBL;Acc:A0A8J2LNW6],Cercopithifilaria johnstoni (PRJEB47283),protein_coding,cejohnprjeb47283
CJOHNSTONI_LOCUS8862,rna-CJOHNSTONI_LOCUS8862,332,protein_coding,PX domain-containing protein  [Source:UniProtKB/TrEMBL;Acc:A0A8J2Q6L1],Cercopithifilaria johnstoni (PRJEB47283),protein_coding,cejohnprjeb47283
CJOHNSTONI_LOCUS3911,rna-CJOHNSTONI_LOCUS3911,263,protein_coding,SSD domain-containing protein  [Source:UniProtKB/TrEMBL;Acc:A0A8J2Q9R0],Cercopithifilaria johnstoni (PRJEB47283),protein_coding,cejohnprjeb47283
CJOHNSTONI_LOCUS272,rna-CJOHNSTONI_LOCUS272,276,protein_coding,Unconventional prefoldin RPB5 interactor 1  [Source:UniProtKB/TrEMBL;Acc:A0A8J2LVV8],Cercopithifilaria johnstoni (PRJEB47283),protein_coding,cejohnprjeb47283
CJOHNSTONI_LOCUS7219,rna-CJOHNSTONI_LOCUS7219,231,protein_coding,Neur_chan_LBD domain-containing protein  [Source:UniProtKB/TrEMBL;Acc:A0A8J2M9C7],Cercopithifilaria johnstoni (PRJEB47283),protein_coding,cejohnprjeb47283
CJOHNSTONI_LOCUS7334,rna-CJOHNSTONI_LOCUS7334,247,protein_coding,HECT domain-containing protein  [Source:UniProtKB/TrEMBL;Acc:A0A8J2Q2A4],Cercopithifilaria johnstoni (PRJEB47283),protein_coding,cejohnprjeb47283
CJOHNSTONI_LOCUS5302,rna-CJOHNSTONI_LOCUS5302,196,protein_coding,DGCR6  [Source:UniProtKB/TrEMBL;Acc:A0A8J2MNM8],Cercopithifilaria johnstoni (PRJEB47283),protein_coding,cejohnprjeb47283
CJOHNSTONI_LOCUS1854,rna-CJOHNSTONI_LOCUS1854,251,protein_coding,Ribosomal_L23eN domain-containing protein  [Source:UniProtKB/TrEMBL;Acc:A0A8J2MJN4],Cercopithifilaria johnstoni (PRJEB47283),protein_coding,cejohnprjeb47283
CJOHNSTONI_LOCUS3230,rna-CJOHNSTONI_LOCUS3230,233,protein_coding,"6-phosphogluconate dehydrogenase, decarboxylating  [Source:UniProtKB/TrEMBL;Acc:A0A8J2PS04]",Cercopithifilaria johnstoni (PRJEB47283),protein_coding,cejohnprjeb47283
CJOHNSTONI_LOCUS997,rna-CJOHNSTONI_LOCUS997,279,protein_coding,SAM domain-containing protein  [Source:UniProtKB/TrEMBL;Acc:A0A8J2Q8D3],Cercopithifilaria johnstoni (PRJEB47283),protein_coding,cejohnprjeb47283
CJOHNSTONI_LOCUS7262,rna-CJOHNSTONI_LOCUS7262,276,protein_coding,LRRCT domain-containing protein  [Source:UniProtKB/TrEMBL;Acc:A0A8J2Q8F3],Cercopithifilaria johnstoni (PRJEB47283),protein_coding,cejohnprjeb47283
CJOHNSTONI_LOCUS10494,rna-CJOHNSTONI_LOCUS10494,183,protein_coding,,Cercopithifilaria johnstoni (PRJEB47283),protein_coding,cejohnprjeb47283
CJOHNSTONI_LOCUS2686,rna-CJOHNSTONI_LOCUS2686,178,protein_coding,UBC core domain-containing protein  [Source:UniProtKB/TrEMBL;Acc:A0A8J2Q1X8],Cercopithifilaria johnstoni (PRJEB47283),protein_coding,cejohnprjeb47283
CJOHNSTONI_LOCUS2645,rna-CJOHNSTONI_LOCUS2645,166,protein_coding,,Cercopithifilaria johnstoni (PRJEB47283),protein_coding,cejohnprjeb47283
CJOHNSTONI_LOCUS9998,rna-CJOHNSTONI_LOCUS9998,154,protein_coding,Intraflagellar transport protein 57 homolog  [Source:UniProtKB/TrEMBL;Acc:A0A8J2PYQ4],Cercopithifilaria johnstoni (PRJEB47283),protein_coding,cejohnprjeb47283
CJOHNSTONI_LOCUS5680,rna-CJOHNSTONI_LOCUS5680,421,protein_coding,,Cercopithifilaria johnstoni (PRJEB47283),protein_coding,cejohnprjeb47283
CJOHNSTONI_LOCUS7372,rna-CJOHNSTONI_LOCUS7372,248,protein_coding,U1-type domain-containing protein  [Source:UniProtKB/TrEMBL;Acc:A0A8J2Q5S7],Cercopithifilaria johnstoni (PRJEB47283),protein_coding,cejohnprjeb47283
CJOHNSTONI_LOCUS2720,rna-CJOHNSTONI_LOCUS2720,227,protein_coding,Multifunctional fusion protein L-glutamate gamma-semialdehyde dehydrogenase Delta-1-pyrroline-5-carboxylate dehydrogenase [Source:UniProtKB/TrEMBL;Acc:A0A8J2MKP9],Cercopithifilaria johnstoni (PRJEB47283),protein_coding,cejohnprjeb47283
CJOHNSTONI_LOCUS6804,rna-CJOHNSTONI_LOCUS6804,198,protein_coding,Presenilin  [Source:UniProtKB/TrEMBL;Acc:A0A8J2M8A9],Cercopithifilaria johnstoni (PRJEB47283),protein_coding,cejohnprjeb47283
CJOHNSTONI_LOCUS4084,rna-CJOHNSTONI_LOCUS4084,176,protein_coding,PDZ domain-containing protein  [Source:UniProtKB/TrEMBL;Acc:A0A8J2MMQ2],Cercopithifilaria johnstoni (PRJEB47283),protein_coding,cejohnprjeb47283
CJOHNSTONI_LOCUS9768,rna-CJOHNSTONI_LOCUS9768,254,protein_coding,Intersectin-1  [Source:UniProtKB/TrEMBL;Acc:A0A8J2QB65],Cercopithifilaria johnstoni (PRJEB47283),protein_coding,cejohnprjeb47283
CJOHNSTONI_LOCUS1571,rna-CJOHNSTONI_LOCUS1571,728,protein_coding,Zinc finger protein  [Source:UniProtKB/TrEMBL;Acc:A0A8J2MJC1],Cercopithifilaria johnstoni (PRJEB47283),protein_coding,cejohnprjeb47283
CJOHNSTONI_LOCUS7242,rna-CJOHNSTONI_LOCUS7242,248,protein_coding,G_PROTEIN_RECEP_F1_2 domain-containing protein  [Source:UniProtKB/TrEMBL;Acc:A0A8J2M110],Cercopithifilaria johnstoni (PRJEB47283),protein_coding,cejohnprjeb47283
CJOHNSTONI_LOCUS685,rna-CJOHNSTONI_LOCUS685,202,protein_coding,Ca_chan_IQ domain-containing protein  [Source:UniProtKB/TrEMBL;Acc:A0A8J2LUH3],Cercopithifilaria johnstoni (PRJEB47283),protein_coding,cejohnprjeb47283
CJOHNSTONI_LOCUS2181,rna-CJOHNSTONI_LOCUS2181,86,protein_coding,Anaphase-promoting complex subunit 13  [Source:UniProtKB/TrEMBL;Acc:A0A8J2PR49],Cercopithifilaria johnstoni (PRJEB47283),protein_coding,cejohnprjeb47283
CJOHNSTONI_LOCUS5851,rna-CJOHNSTONI_LOCUS5851,192,protein_coding,,Cercopithifilaria johnstoni (PRJEB47283),protein_coding,cejohnprjeb47283
CJOHNSTONI_LOCUS8439,rna-CJOHNSTONI_LOCUS8439,191,protein_coding,WD_REPEATS_REGION domain-containing protein  [Source:UniProtKB/TrEMBL;Acc:A0A8J2MA05],Cercopithifilaria johnstoni (PRJEB47283),protein_coding,cejohnprjeb47283
CJOHNSTONI_LOCUS5955,rna-CJOHNSTONI_LOCUS5955,190,protein_coding,Two-component sensor histidine kinase  [Source:UniProtKB/TrEMBL;Acc:A0A8J2MPQ6],Cercopithifilaria johnstoni (PRJEB47283),protein_coding,cejohnprjeb47283
CJOHNSTONI_LOCUS5251,rna-CJOHNSTONI_LOCUS5251,344,protein_coding,RNA uridylyltransferase  [Source:UniProtKB/TrEMBL;Acc:A0A8J2MNK6],Cercopithifilaria johnstoni (PRJEB47283),protein_coding,cejohnprjeb47283
CJOHNSTONI_LOCUS10544,rna-CJOHNSTONI_LOCUS10544,224,protein_coding,"Zinc finger, C2H2 type  [Source:UniProtKB/TrEMBL;Acc:A0A8J2MG59]",Cercopithifilaria johnstoni (PRJEB47283),protein_coding,cejohnprjeb47283
CJOHNSTONI_LOCUS5718,rna-CJOHNSTONI_LOCUS5718,218,protein_coding,,Cercopithifilaria johnstoni (PRJEB47283),protein_coding,cejohnprjeb47283
CJOHNSTONI_LOCUS1264,rna-CJOHNSTONI_LOCUS1264,374,protein_coding,PDZ domain-containing protein  [Source:UniProtKB/TrEMBL;Acc:A0A8J2LVS1],Cercopithifilaria johnstoni (PRJEB47283),protein_coding,cejohnprjeb47283
CJOHNSTONI_LOCUS1446,rna-CJOHNSTONI_LOCUS1446,206,protein_coding,Calpain catalytic domain-containing protein  [Source:UniProtKB/TrEMBL;Acc:A0A8J2Q8L3],Cercopithifilaria johnstoni (PRJEB47283),protein_coding,cejohnprjeb47283
CJOHNSTONI_LOCUS741,rna-CJOHNSTONI_LOCUS741,355,protein_coding,RanBD1 domain-containing protein  [Source:UniProtKB/TrEMBL;Acc:A0A8J2Q3E9],Cercopithifilaria johnstoni (PRJEB47283),protein_coding,cejohnprjeb47283
CJOHNSTONI_LOCUS2625,rna-CJOHNSTONI_LOCUS2625,283,protein_coding,RF_PROK_I domain-containing protein  [Source:UniProtKB/TrEMBL;Acc:A0A8J2LYA4],Cercopithifilaria johnstoni (PRJEB47283),protein_coding,cejohnprjeb47283
CJOHNSTONI_LOCUS3946,rna-CJOHNSTONI_LOCUS3946,244,protein_coding,N-acetyltransferase domain-containing protein  [Source:UniProtKB/TrEMBL;Acc:A0A8J2M4X9],Cercopithifilaria johnstoni (PRJEB47283),protein_coding,cejohnprjeb47283
CJOHNSTONI_LOCUS5543,rna-CJOHNSTONI_LOCUS5543,161,protein_coding,BAR domain-containing protein  [Source:UniProtKB/TrEMBL;Acc:A0A8J2Q0T0],Cercopithifilaria johnstoni (PRJEB47283),protein_coding,cejohnprjeb47283
CJOHNSTONI_LOCUS7879,rna-CJOHNSTONI_LOCUS7879,140,protein_coding,Ovule protein  [Source:UniProtKB/TrEMBL;Acc:A0A8J2MRW7],Cercopithifilaria johnstoni (PRJEB47283),protein_coding,cejohnprjeb47283
CJOHNSTONI_LOCUS5893,rna-CJOHNSTONI_LOCUS5893,159,protein_coding,Phosphotransferase  [Source:UniProtKB/TrEMBL;Acc:A0A8J2Q7P7],Cercopithifilaria johnstoni (PRJEB47283),protein_coding,cejohnprjeb47283
CJOHNSTONI_LOCUS5800,rna-CJOHNSTONI_LOCUS5800,168,protein_coding,,Cercopithifilaria johnstoni (PRJEB47283),protein_coding,cejohnprjeb47283
CJOHNSTONI_LOCUS945,rna-CJOHNSTONI_LOCUS945,223,protein_coding,2-(3-amino-3-carboxypropyl)histidine synthase subunit 2  [Source:UniProtKB/TrEMBL;Acc:A0A8J2LWZ4],Cercopithifilaria johnstoni (PRJEB47283),protein_coding,cejohnprjeb47283
CJOHNSTONI_LOCUS4898,rna-CJOHNSTONI_LOCUS4898,220,protein_coding,Ras guanyl-releasing protein 3  [Source:UniProtKB/TrEMBL;Acc:A0A8J2MN50],Cercopithifilaria johnstoni (PRJEB47283),protein_coding,cejohnprjeb47283
CJOHNSTONI_LOCUS1669,rna-CJOHNSTONI_LOCUS1669,335,protein_coding,LAGLIDADG homing endonuclease  [Source:UniProtKB/TrEMBL;Acc:A0A8J2LWF9],Cercopithifilaria johnstoni (PRJEB47283),protein_coding,cejohnprjeb47283
CJOHNSTONI_LOCUS6810,rna-CJOHNSTONI_LOCUS6810,198,protein_coding,UBC core domain-containing protein  [Source:UniProtKB/TrEMBL;Acc:A0A8J2QAJ8],Cercopithifilaria johnstoni (PRJEB47283),protein_coding,cejohnprjeb47283
CJOHNSTONI_LOCUS2727,rna-CJOHNSTONI_LOCUS2727,362,protein_coding,,Cercopithifilaria johnstoni (PRJEB47283),protein_coding,cejohnprjeb47283
CJOHNSTONI_LOCUS10083,rna-CJOHNSTONI_LOCUS10083,205,protein_coding,Hexosyltransferase  [Source:UniProtKB/TrEMBL;Acc:A0A8J2Q4E7],Cercopithifilaria johnstoni (PRJEB47283),protein_coding,cejohnprjeb47283
CJOHNSTONI_LOCUS2728,rna-CJOHNSTONI_LOCUS2728,117,protein_coding,Ribosomal protein L15  [Source:UniProtKB/TrEMBL;Acc:A0A8J2Q1Z0],Cercopithifilaria johnstoni (PRJEB47283),protein_coding,cejohnprjeb47283
CJOHNSTONI_LOCUS277,rna-CJOHNSTONI_LOCUS277,199,protein_coding,Vacuolar protein-sorting-associated protein 25  [Source:UniProtKB/TrEMBL;Acc:A0A8J2Q801],Cercopithifilaria johnstoni (PRJEB47283),protein_coding,cejohnprjeb47283
CJOHNSTONI_LOCUS2639,rna-CJOHNSTONI_LOCUS2639,128,protein_coding,,Cercopithifilaria johnstoni (PRJEB47283),protein_coding,cejohnprjeb47283
CJOHNSTONI_LOCUS922,rna-CJOHNSTONI_LOCUS922,213,protein_coding,MARVEL domain-containing protein  [Source:UniProtKB/TrEMBL;Acc:A0A8J2PPY4],Cercopithifilaria johnstoni (PRJEB47283),protein_coding,cejohnprjeb47283
CJOHNSTONI_LOCUS7023,rna-CJOHNSTONI_LOCUS7023,194,protein_coding,Type I protein arginine methyltransferase  [Source:UniProtKB/TrEMBL;Acc:A0A8J2PV95],Cercopithifilaria johnstoni (PRJEB47283),protein_coding,cejohnprjeb47283
CJOHNSTONI_LOCUS10388,rna-CJOHNSTONI_LOCUS10388,960,protein_coding,ETS domain-containing protein  [Source:UniProtKB/TrEMBL;Acc:A0A8J2MDN7],Cercopithifilaria johnstoni (PRJEB47283),protein_coding,cejohnprjeb47283
CJOHNSTONI_LOCUS7828,rna-CJOHNSTONI_LOCUS7828,266,protein_coding,DUF2407_C domain-containing protein  [Source:UniProtKB/TrEMBL;Acc:A0A8J2MBX1],Cercopithifilaria johnstoni (PRJEB47283),protein_coding,cejohnprjeb47283
CJOHNSTONI_LOCUS1115,rna-CJOHNSTONI_LOCUS1115,864,protein_coding,HCO3_cotransp domain-containing protein  [Source:UniProtKB/TrEMBL;Acc:A0A8J2LXB1],Cercopithifilaria johnstoni (PRJEB47283),protein_coding,cejohnprjeb47283
CJOHNSTONI_LOCUS3444,rna-CJOHNSTONI_LOCUS3444,198,protein_coding,tRNA (cytosine(34)-C(5))-methyltransferase  [Source:UniProtKB/TrEMBL;Acc:A0A8J2LR05],Cercopithifilaria johnstoni (PRJEB47283),protein_coding,cejohnprjeb47283
CJOHNSTONI_LOCUS7544,rna-CJOHNSTONI_LOCUS7544,236,protein_coding,SAS-6_N domain-containing protein  [Source:UniProtKB/TrEMBL;Acc:A0A8J2MRK5],Cercopithifilaria johnstoni (PRJEB47283),protein_coding,cejohnprjeb47283
CJOHNSTONI_LOCUS4529,rna-CJOHNSTONI_LOCUS4529,221,protein_coding,Peptidase M12A domain-containing protein  [Source:UniProtKB/TrEMBL;Acc:A0A8J2M3D4],Cercopithifilaria johnstoni (PRJEB47283),protein_coding,cejohnprjeb47283
CJOHNSTONI_LOCUS1718,rna-CJOHNSTONI_LOCUS1718,207,protein_coding,Long-chain fatty acid--CoA ligase  [Source:UniProtKB/TrEMBL;Acc:A0A8J2LXZ2],Cercopithifilaria johnstoni (PRJEB47283),protein_coding,cejohnprjeb47283
CJOHNSTONI_LOCUS10433,rna-CJOHNSTONI_LOCUS10433,205,protein_coding,RING-type domain-containing protein  [Source:UniProtKB/TrEMBL;Acc:A0A8J2MVU7],Cercopithifilaria johnstoni (PRJEB47283),protein_coding,cejohnprjeb47283
CJOHNSTONI_LOCUS7124,rna-CJOHNSTONI_LOCUS7124,127,protein_coding,,Cercopithifilaria johnstoni (PRJEB47283),protein_coding,cejohnprjeb47283
CJOHNSTONI_LOCUS3863,rna-CJOHNSTONI_LOCUS3863,200,protein_coding,Dual specificity protein phosphatase 14  [Source:UniProtKB/TrEMBL;Acc:A0A8J2M160],Cercopithifilaria johnstoni (PRJEB47283),protein_coding,cejohnprjeb47283
CJOHNSTONI_LOCUS1035,rna-CJOHNSTONI_LOCUS1035,251,protein_coding,Collagen-like protein  [Source:UniProtKB/TrEMBL;Acc:A0A8J2LXC8],Cercopithifilaria johnstoni (PRJEB47283),protein_coding,cejohnprjeb47283
CJOHNSTONI_LOCUS1652,rna-CJOHNSTONI_LOCUS1652,191,protein_coding,ADAM 17-like protease  [Source:UniProtKB/TrEMBL;Acc:A0A8J2LN84],Cercopithifilaria johnstoni (PRJEB47283),protein_coding,cejohnprjeb47283
CJOHNSTONI_LOCUS5506,rna-CJOHNSTONI_LOCUS5506,116,protein_coding,BTB_2 domain-containing protein  [Source:UniProtKB/TrEMBL;Acc:A0A8J2LX36],Cercopithifilaria johnstoni (PRJEB47283),protein_coding,cejohnprjeb47283
CJOHNSTONI_LOCUS9062,rna-CJOHNSTONI_LOCUS9062,240,protein_coding,Isochorismatase domain-containing protein  [Source:UniProtKB/TrEMBL;Acc:A0A8J2M405],Cercopithifilaria johnstoni (PRJEB47283),protein_coding,cejohnprjeb47283
CJOHNSTONI_LOCUS9818,rna-CJOHNSTONI_LOCUS9818,221,protein_coding,Glycosyltransferase  [Source:UniProtKB/TrEMBL;Acc:A0A8J2MF29],Cercopithifilaria johnstoni (PRJEB47283),protein_coding,cejohnprjeb47283
CJOHNSTONI_LOCUS3577,rna-CJOHNSTONI_LOCUS3577,393,protein_coding,Transmembrane cell adhesion receptor mua-3  [Source:UniProtKB/TrEMBL;Acc:A0A8J2Q9L2],Cercopithifilaria johnstoni (PRJEB47283),protein_coding,cejohnprjeb47283
CJOHNSTONI_LOCUS2725,rna-CJOHNSTONI_LOCUS2725,269,protein_coding,VWFA domain-containing protein  [Source:UniProtKB/TrEMBL;Acc:A0A8J2LZY3],Cercopithifilaria johnstoni (PRJEB47283),protein_coding,cejohnprjeb47283
CJOHNSTONI_LOCUS10128,rna-CJOHNSTONI_LOCUS10128,238,protein_coding,PAZ domain-containing protein  [Source:UniProtKB/TrEMBL;Acc:A0A8J2M7L5],Cercopithifilaria johnstoni (PRJEB47283),protein_coding,cejohnprjeb47283
CJOHNSTONI_LOCUS4213,rna-CJOHNSTONI_LOCUS4213,143,protein_coding,Transposase  [Source:UniProtKB/TrEMBL;Acc:A0A8J2M2V2],Cercopithifilaria johnstoni (PRJEB47283),protein_coding,cejohnprjeb47283
CJOHNSTONI_LOCUS4155,rna-CJOHNSTONI_LOCUS4155,442,protein_coding,"ATP-dependent Clp protease ATP-binding subunit clpX-like, mitochondrial  [Source:UniProtKB/TrEMBL;Acc:A0A8J2M146]",Cercopithifilaria johnstoni (PRJEB47283),protein_coding,cejohnprjeb47283
CJOHNSTONI_LOCUS8050,rna-CJOHNSTONI_LOCUS8050,171,protein_coding,Thioredoxin domain-containing protein  [Source:UniProtKB/TrEMBL;Acc:A0A8J2Q686],Cercopithifilaria johnstoni (PRJEB47283),protein_coding,cejohnprjeb47283
CJOHNSTONI_LOCUS1685,rna-CJOHNSTONI_LOCUS1685,151,protein_coding,,Cercopithifilaria johnstoni (PRJEB47283),protein_coding,cejohnprjeb47283
CJOHNSTONI_LOCUS6613,rna-CJOHNSTONI_LOCUS6613,215,protein_coding,procollagen-proline 4-dioxygenase  [Source:UniProtKB/TrEMBL;Acc:A0A8J2M7A7],Cercopithifilaria johnstoni (PRJEB47283),protein_coding,cejohnprjeb47283
CJOHNSTONI_LOCUS8005,rna-CJOHNSTONI_LOCUS8005,266,protein_coding,Importin-11  [Source:UniProtKB/TrEMBL;Acc:A0A8J2MAH1],Cercopithifilaria johnstoni (PRJEB47283),protein_coding,cejohnprjeb47283
CJOHNSTONI_LOCUS8261,rna-CJOHNSTONI_LOCUS8261,569,protein_coding,BAH domain-containing protein  [Source:UniProtKB/TrEMBL;Acc:A0A8J2M9N1],Cercopithifilaria johnstoni (PRJEB47283),protein_coding,cejohnprjeb47283
CJOHNSTONI_LOCUS5689,rna-CJOHNSTONI_LOCUS5689,295,protein_coding,TruB_N domain-containing protein  [Source:UniProtKB/TrEMBL;Acc:A0A8J2Q4J1],Cercopithifilaria johnstoni (PRJEB47283),protein_coding,cejohnprjeb47283
CJOHNSTONI_LOCUS7497,rna-CJOHNSTONI_LOCUS7497,408,protein_coding,phosphoenolpyruvate carboxykinase (GTP)  [Source:UniProtKB/TrEMBL;Acc:A0A8J2M9Z0],Cercopithifilaria johnstoni (PRJEB47283),protein_coding,cejohnprjeb47283
CJOHNSTONI_LOCUS2773,rna-CJOHNSTONI_LOCUS2773,135,protein_coding,ANF_receptor domain-containing protein  [Source:UniProtKB/TrEMBL;Acc:A0A8J2LSK7],Cercopithifilaria johnstoni (PRJEB47283),protein_coding,cejohnprjeb47283
CJOHNSTONI_LOCUS1927,rna-CJOHNSTONI_LOCUS1927,162,protein_coding,DUF3752 domain-containing protein  [Source:UniProtKB/TrEMBL;Acc:A0A8J2LYD4],Cercopithifilaria johnstoni (PRJEB47283),protein_coding,cejohnprjeb47283
CJOHNSTONI_LOCUS2969,rna-CJOHNSTONI_LOCUS2969,235,protein_coding,C2H2-type domain-containing protein  [Source:UniProtKB/TrEMBL;Acc:A0A8J2LQA6],Cercopithifilaria johnstoni (PRJEB47283),protein_coding,cejohnprjeb47283
CJOHNSTONI_LOCUS363,rna-CJOHNSTONI_LOCUS363,350,protein_coding,NGFI-A-binding protein homolog  [Source:UniProtKB/TrEMBL;Acc:A0A8J2PVG7],Cercopithifilaria johnstoni (PRJEB47283),protein_coding,cejohnprjeb47283
CJOHNSTONI_LOCUS7974,rna-CJOHNSTONI_LOCUS7974,269,protein_coding,Serine/threonine protein phosphatase 2A regulatory subunit  [Source:UniProtKB/TrEMBL;Acc:A0A8J2M2V6],Cercopithifilaria johnstoni (PRJEB47283),protein_coding,cejohnprjeb47283
CJOHNSTONI_LOCUS5582,rna-CJOHNSTONI_LOCUS5582,209,protein_coding,ABC transporter domain-containing protein  [Source:UniProtKB/TrEMBL;Acc:A0A8J2LXJ1],Cercopithifilaria johnstoni (PRJEB47283),protein_coding,cejohnprjeb47283
CJOHNSTONI_LOCUS3012,rna-CJOHNSTONI_LOCUS3012,202,protein_coding,Peptidase S1 domain-containing protein  [Source:UniProtKB/TrEMBL;Acc:A0A8J2LSY1],Cercopithifilaria johnstoni (PRJEB47283),protein_coding,cejohnprjeb47283
CJOHNSTONI_LOCUS3674,rna-CJOHNSTONI_LOCUS3674,195,protein_coding,GOLD domain-containing protein  [Source:UniProtKB/TrEMBL;Acc:A0A8J2PSE1],Cercopithifilaria johnstoni (PRJEB47283),protein_coding,cejohnprjeb47283
CJOHNSTONI_LOCUS4138,rna-CJOHNSTONI_LOCUS4138,130,protein_coding,CS domain-containing protein  [Source:UniProtKB/TrEMBL;Acc:A0A8J2LSL3],Cercopithifilaria johnstoni (PRJEB47283),protein_coding,cejohnprjeb47283
CJOHNSTONI_LOCUS3109,rna-CJOHNSTONI_LOCUS3109,281,protein_coding,ZP domain-containing protein  [Source:UniProtKB/TrEMBL;Acc:A0A8J2ML39],Cercopithifilaria johnstoni (PRJEB47283),protein_coding,cejohnprjeb47283
CJOHNSTONI_LOCUS9360,rna-CJOHNSTONI_LOCUS9360,185,protein_coding,AMP-binding domain-containing protein  [Source:UniProtKB/TrEMBL;Acc:A0A8J2MC19],Cercopithifilaria johnstoni (PRJEB47283),protein_coding,cejohnprjeb47283
CJOHNSTONI_LOCUS4556,rna-CJOHNSTONI_LOCUS4556,151,protein_coding,,Cercopithifilaria johnstoni (PRJEB47283),protein_coding,cejohnprjeb47283
CJOHNSTONI_LOCUS9744,rna-CJOHNSTONI_LOCUS9744,245,protein_coding,AAA domain-containing protein  [Source:UniProtKB/TrEMBL;Acc:A0A8J2MCK7],Cercopithifilaria johnstoni (PRJEB47283),protein_coding,cejohnprjeb47283
CJOHNSTONI_LOCUS5367,rna-CJOHNSTONI_LOCUS5367,226,protein_coding,TM2 domain-containing protein  [Source:UniProtKB/TrEMBL;Acc:A0A8J2M3T8],Cercopithifilaria johnstoni (PRJEB47283),protein_coding,cejohnprjeb47283
CJOHNSTONI_LOCUS5653,rna-CJOHNSTONI_LOCUS5653,236,protein_coding,Aha1_N domain-containing protein  [Source:UniProtKB/TrEMBL;Acc:A0A8J2M7P6],Cercopithifilaria johnstoni (PRJEB47283),protein_coding,cejohnprjeb47283
CJOHNSTONI_LOCUS6961,rna-CJOHNSTONI_LOCUS6961,224,protein_coding,ShKT domain-containing protein  [Source:UniProtKB/TrEMBL;Acc:A0A8J2QAK9],Cercopithifilaria johnstoni (PRJEB47283),protein_coding,cejohnprjeb47283
CJOHNSTONI_LOCUS6834,rna-CJOHNSTONI_LOCUS6834,239,protein_coding,zf-3CxxC domain-containing protein  [Source:UniProtKB/TrEMBL;Acc:A0A8J2M7E1],Cercopithifilaria johnstoni (PRJEB47283),protein_coding,cejohnprjeb47283
CJOHNSTONI_LOCUS3366,rna-CJOHNSTONI_LOCUS3366,155,protein_coding,SHSP domain-containing protein  [Source:UniProtKB/TrEMBL;Acc:A0A8J2Q5I5],Cercopithifilaria johnstoni (PRJEB47283),protein_coding,cejohnprjeb47283
CJOHNSTONI_LOCUS5182,rna-CJOHNSTONI_LOCUS5182,244,protein_coding,CortBP2 domain-containing protein  [Source:UniProtKB/TrEMBL;Acc:A0A8J2MNT9],Cercopithifilaria johnstoni (PRJEB47283),protein_coding,cejohnprjeb47283
CJOHNSTONI_LOCUS4252,rna-CJOHNSTONI_LOCUS4252,237,protein_coding,Serine/threonine-protein kinase Doa  [Source:UniProtKB/TrEMBL;Acc:A0A8J2MMU8],Cercopithifilaria johnstoni (PRJEB47283),protein_coding,cejohnprjeb47283
CJOHNSTONI_LOCUS2936,rna-CJOHNSTONI_LOCUS2936,288,protein_coding,Signal transducer and activator of transcription  [Source:UniProtKB/TrEMBL;Acc:A0A8J2M0I0],Cercopithifilaria johnstoni (PRJEB47283),protein_coding,cejohnprjeb47283
CJOHNSTONI_LOCUS1200,rna-CJOHNSTONI_LOCUS1200,236,protein_coding,60S acidic ribosomal protein P2  [Source:UniProtKB/TrEMBL;Acc:A0A8J2LPR0],Cercopithifilaria johnstoni (PRJEB47283),protein_coding,cejohnprjeb47283
CJOHNSTONI_LOCUS7773,rna-CJOHNSTONI_LOCUS7773,218,protein_coding,RNA helicase  [Source:UniProtKB/TrEMBL;Acc:A0A8J2M9X2],Cercopithifilaria johnstoni (PRJEB47283),protein_coding,cejohnprjeb47283
CJOHNSTONI_LOCUS4198,rna-CJOHNSTONI_LOCUS4198,313,protein_coding,,Cercopithifilaria johnstoni (PRJEB47283),protein_coding,cejohnprjeb47283
CJOHNSTONI_LOCUS6433,rna-CJOHNSTONI_LOCUS6433,206,protein_coding,PKD_channel domain-containing protein  [Source:UniProtKB/TrEMBL;Acc:A0A8J2M7F1],Cercopithifilaria johnstoni (PRJEB47283),protein_coding,cejohnprjeb47283
CJOHNSTONI_LOCUS8472,rna-CJOHNSTONI_LOCUS8472,195,protein_coding,,Cercopithifilaria johnstoni (PRJEB47283),protein_coding,cejohnprjeb47283
CJOHNSTONI_LOCUS7385,rna-CJOHNSTONI_LOCUS7385,371,protein_coding,SecY-independent transporter protein  [Source:UniProtKB/TrEMBL;Acc:A0A8J2PW06],Cercopithifilaria johnstoni (PRJEB47283),protein_coding,cejohnprjeb47283
CJOHNSTONI_LOCUS4266,rna-CJOHNSTONI_LOCUS4266,2787,protein_coding,Moesin/ezrin/radixin homolog 1  [Source:UniProtKB/TrEMBL;Acc:A0A8J2M5E2],Cercopithifilaria johnstoni (PRJEB47283),protein_coding,cejohnprjeb47283
CJOHNSTONI_LOCUS1351,rna-CJOHNSTONI_LOCUS1351,200,protein_coding,G_PROTEIN_RECEP_F1_2 domain-containing protein  [Source:UniProtKB/TrEMBL;Acc:A0A8J2M0W0],Cercopithifilaria johnstoni (PRJEB47283),protein_coding,cejohnprjeb47283
CJOHNSTONI_LOCUS8682,rna-CJOHNSTONI_LOCUS8682,203,protein_coding,Exocyst complex component 5  [Source:UniProtKB/TrEMBL;Acc:A0A8J2MTE6],Cercopithifilaria johnstoni (PRJEB47283),protein_coding,cejohnprjeb47283
CJOHNSTONI_LOCUS8602,rna-CJOHNSTONI_LOCUS8602,266,protein_coding,Dynactin subunit 1  [Source:UniProtKB/TrEMBL;Acc:A0A8J2MAC7],Cercopithifilaria johnstoni (PRJEB47283),protein_coding,cejohnprjeb47283
CJOHNSTONI_LOCUS1321,rna-CJOHNSTONI_LOCUS1321,212,protein_coding,Pyr_redox_2 domain-containing protein  [Source:UniProtKB/TrEMBL;Acc:A0A8J2M0V0],Cercopithifilaria johnstoni (PRJEB47283),protein_coding,cejohnprjeb47283
CJOHNSTONI_LOCUS459,rna-CJOHNSTONI_LOCUS459,157,protein_coding,SHSP domain-containing protein  [Source:UniProtKB/TrEMBL;Acc:A0A8J2MI58],Cercopithifilaria johnstoni (PRJEB47283),protein_coding,cejohnprjeb47283
CJOHNSTONI_LOCUS7655,rna-CJOHNSTONI_LOCUS7655,234,protein_coding,Serine/threonine-protein kinase DDB_G0282963  [Source:UniProtKB/TrEMBL;Acc:A0A8J2M2C8],Cercopithifilaria johnstoni (PRJEB47283),protein_coding,cejohnprjeb47283
CJOHNSTONI_LOCUS10233,rna-CJOHNSTONI_LOCUS10233,182,protein_coding,C2H2-type domain-containing protein  [Source:UniProtKB/TrEMBL;Acc:A0A8J2QB99],Cercopithifilaria johnstoni (PRJEB47283),protein_coding,cejohnprjeb47283
CJOHNSTONI_LOCUS2285,rna-CJOHNSTONI_LOCUS2285,164,protein_coding,Gag protein  [Source:UniProtKB/TrEMBL;Acc:A0A8J2LXA5],Cercopithifilaria johnstoni (PRJEB47283),protein_coding,cejohnprjeb47283
CJOHNSTONI_LOCUS7613,rna-CJOHNSTONI_LOCUS7613,155,protein_coding,RING-type domain-containing protein  [Source:UniProtKB/TrEMBL;Acc:A0A8J2M295],Cercopithifilaria johnstoni (PRJEB47283),protein_coding,cejohnprjeb47283
CJOHNSTONI_LOCUS5214,rna-CJOHNSTONI_LOCUS5214,263,protein_coding,USP domain-containing protein  [Source:UniProtKB/TrEMBL;Acc:A0A8J2M4E7],Cercopithifilaria johnstoni (PRJEB47283),protein_coding,cejohnprjeb47283
CJOHNSTONI_LOCUS2913,rna-CJOHNSTONI_LOCUS2913,245,protein_coding,"GDP-mannose 4,6-dehydratase  [Source:UniProtKB/TrEMBL;Acc:A0A8J2Q9B7]",Cercopithifilaria johnstoni (PRJEB47283),protein_coding,cejohnprjeb47283
CJOHNSTONI_LOCUS445,rna-CJOHNSTONI_LOCUS445,182,protein_coding,Guanylate kinase-like domain-containing protein  [Source:UniProtKB/TrEMBL;Acc:A0A8J2MHH0],Cercopithifilaria johnstoni (PRJEB47283),protein_coding,cejohnprjeb47283
CJOHNSTONI_LOCUS283,rna-CJOHNSTONI_LOCUS283,445,protein_coding,Calponin-homology (CH) domain-containing protein  [Source:UniProtKB/TrEMBL;Acc:A0A8J2LYD9],Cercopithifilaria johnstoni (PRJEB47283),protein_coding,cejohnprjeb47283
CJOHNSTONI_LOCUS7683,rna-CJOHNSTONI_LOCUS7683,216,protein_coding,Fibroblast growth factor 17  [Source:UniProtKB/TrEMBL;Acc:A0A8J2MS29],Cercopithifilaria johnstoni (PRJEB47283),protein_coding,cejohnprjeb47283
CJOHNSTONI_LOCUS3376,rna-CJOHNSTONI_LOCUS3376,104,protein_coding,Spore coat protein  [Source:UniProtKB/TrEMBL;Acc:A0A8J2M3W2],Cercopithifilaria johnstoni (PRJEB47283),protein_coding,cejohnprjeb47283
CJOHNSTONI_LOCUS2923,rna-CJOHNSTONI_LOCUS2923,234,protein_coding,Movement protein  [Source:UniProtKB/TrEMBL;Acc:A0A8J2PRQ4],Cercopithifilaria johnstoni (PRJEB47283),protein_coding,cejohnprjeb47283
CJOHNSTONI_LOCUS1820,rna-CJOHNSTONI_LOCUS1820,290,protein_coding,Guanylate cyclase  [Source:UniProtKB/TrEMBL;Acc:A0A8J2PQT3],Cercopithifilaria johnstoni (PRJEB47283),protein_coding,cejohnprjeb47283
CJOHNSTONI_LOCUS9039,rna-CJOHNSTONI_LOCUS9039,590,protein_coding,Protein sym1  [Source:UniProtKB/TrEMBL;Acc:A0A8J2MD68],Cercopithifilaria johnstoni (PRJEB47283),protein_coding,cejohnprjeb47283
CJOHNSTONI_LOCUS10243,rna-CJOHNSTONI_LOCUS10243,155,protein_coding,Serine palmitoyltransferase small subunit A  [Source:UniProtKB/TrEMBL;Acc:A0A8J2PYY8],Cercopithifilaria johnstoni (PRJEB47283),protein_coding,cejohnprjeb47283
CJOHNSTONI_LOCUS2270,rna-CJOHNSTONI_LOCUS2270,353,protein_coding,TAR DNA-binding protein 43  [Source:UniProtKB/TrEMBL;Acc:A0A8J2M253],Cercopithifilaria johnstoni (PRJEB47283),protein_coding,cejohnprjeb47283
CJOHNSTONI_LOCUS5025,rna-CJOHNSTONI_LOCUS5025,209,protein_coding,,Cercopithifilaria johnstoni (PRJEB47283),protein_coding,cejohnprjeb47283
CJOHNSTONI_LOCUS6770,rna-CJOHNSTONI_LOCUS6770,161,protein_coding,Actin-related protein 2  [Source:UniProtKB/TrEMBL;Acc:A0A8J2MQQ3],Cercopithifilaria johnstoni (PRJEB47283),protein_coding,cejohnprjeb47283
CJOHNSTONI_LOCUS6867,rna-CJOHNSTONI_LOCUS6867,262,protein_coding,Coiled-coil domain-containing protein  [Source:UniProtKB/TrEMBL;Acc:A0A8J2M6Y2],Cercopithifilaria johnstoni (PRJEB47283),protein_coding,cejohnprjeb47283
CJOHNSTONI_LOCUS9202,rna-CJOHNSTONI_LOCUS9202,196,protein_coding,Senescence domain-containing protein  [Source:UniProtKB/TrEMBL;Acc:A0A8J2MDG6],Cercopithifilaria johnstoni (PRJEB47283),protein_coding,cejohnprjeb47283
CJOHNSTONI_LOCUS4124,rna-CJOHNSTONI_LOCUS4124,203,protein_coding,Ribosome biogenesis protein WDR12 homolog  [Source:UniProtKB/TrEMBL;Acc:A0A8J2LV99],Cercopithifilaria johnstoni (PRJEB47283),protein_coding,cejohnprjeb47283
CJOHNSTONI_LOCUS5677,rna-CJOHNSTONI_LOCUS5677,378,protein_coding,,Cercopithifilaria johnstoni (PRJEB47283),protein_coding,cejohnprjeb47283
CJOHNSTONI_LOCUS943,rna-CJOHNSTONI_LOCUS943,256,protein_coding,"Arf-GAP with coiled-coil, ANK repeat and PH domain-containing protein 2  [Source:UniProtKB/TrEMBL;Acc:A0A8J2MJ22]",Cercopithifilaria johnstoni (PRJEB47283),protein_coding,cejohnprjeb47283
CJOHNSTONI_LOCUS9745,rna-CJOHNSTONI_LOCUS9745,555,protein_coding,MIF4G domain-containing protein  [Source:UniProtKB/TrEMBL;Acc:A0A8J2MUG0],Cercopithifilaria johnstoni (PRJEB47283),protein_coding,cejohnprjeb47283
CJOHNSTONI_LOCUS8911,rna-CJOHNSTONI_LOCUS8911,494,protein_coding,C2H2-type domain-containing protein  [Source:UniProtKB/TrEMBL;Acc:A0A8J2M3R0],Cercopithifilaria johnstoni (PRJEB47283),protein_coding,cejohnprjeb47283
CJOHNSTONI_LOCUS4991,rna-CJOHNSTONI_LOCUS4991,316,protein_coding,BSD domain-containing protein  [Source:UniProtKB/TrEMBL;Acc:A0A8J2MNL3],Cercopithifilaria johnstoni (PRJEB47283),protein_coding,cejohnprjeb47283
CJOHNSTONI_LOCUS10084,rna-CJOHNSTONI_LOCUS10084,157,protein_coding,UBC core domain-containing protein  [Source:UniProtKB/TrEMBL;Acc:A0A8J2M5L4],Cercopithifilaria johnstoni (PRJEB47283),protein_coding,cejohnprjeb47283
CJOHNSTONI_LOCUS3555,rna-CJOHNSTONI_LOCUS3555,206,protein_coding,BTB domain-containing protein  [Source:UniProtKB/TrEMBL;Acc:A0A8J2M1V6],Cercopithifilaria johnstoni (PRJEB47283),protein_coding,cejohnprjeb47283
CJOHNSTONI_LOCUS9956,rna-CJOHNSTONI_LOCUS9956,243,protein_coding,Transmembrane protein  [Source:UniProtKB/TrEMBL;Acc:A0A8J2Q9E2],Cercopithifilaria johnstoni (PRJEB47283),protein_coding,cejohnprjeb47283
CJOHNSTONI_LOCUS6367,rna-CJOHNSTONI_LOCUS6367,224,protein_coding,,Cercopithifilaria johnstoni (PRJEB47283),protein_coding,cejohnprjeb47283
CJOHNSTONI_LOCUS2939,rna-CJOHNSTONI_LOCUS2939,225,protein_coding,CPG4 domain-containing protein  [Source:UniProtKB/TrEMBL;Acc:A0A8J2PYJ1],Cercopithifilaria johnstoni (PRJEB47283),protein_coding,cejohnprjeb47283
CJOHNSTONI_LOCUS2306,rna-CJOHNSTONI_LOCUS2306,218,protein_coding,PDZ domain-containing protein  [Source:UniProtKB/TrEMBL;Acc:A0A8J2Q931],Cercopithifilaria johnstoni (PRJEB47283),protein_coding,cejohnprjeb47283
CJOHNSTONI_LOCUS6825,rna-CJOHNSTONI_LOCUS6825,140,protein_coding,t-SNARE coiled-coil homology domain-containing protein  [Source:UniProtKB/TrEMBL;Acc:A0A8J2M0K8],Cercopithifilaria johnstoni (PRJEB47283),protein_coding,cejohnprjeb47283
CJOHNSTONI_LOCUS9943,rna-CJOHNSTONI_LOCUS9943,179,protein_coding,Exocyst complex component Sec6  [Source:UniProtKB/TrEMBL;Acc:A0A8J2Q772],Cercopithifilaria johnstoni (PRJEB47283),protein_coding,cejohnprjeb47283
CJOHNSTONI_LOCUS2084,rna-CJOHNSTONI_LOCUS2084,260,protein_coding,SpoU_methylase domain-containing protein  [Source:UniProtKB/TrEMBL;Acc:A0A8J2LXC5],Cercopithifilaria johnstoni (PRJEB47283),protein_coding,cejohnprjeb47283
CJOHNSTONI_LOCUS3345,rna-CJOHNSTONI_LOCUS3345,251,protein_coding,Mic1 domain-containing protein  [Source:UniProtKB/TrEMBL;Acc:A0A8J2LZI3],Cercopithifilaria johnstoni (PRJEB47283),protein_coding,cejohnprjeb47283
CJOHNSTONI_LOCUS6340,rna-CJOHNSTONI_LOCUS6340,253,protein_coding,PAC domain-containing protein  [Source:UniProtKB/TrEMBL;Acc:A0A8J2Q7Y5],Cercopithifilaria johnstoni (PRJEB47283),protein_coding,cejohnprjeb47283
CJOHNSTONI_LOCUS57,rna-CJOHNSTONI_LOCUS57,227,protein_coding,BTB domain-containing protein  [Source:UniProtKB/TrEMBL;Acc:A0A8J2MHJ9],Cercopithifilaria johnstoni (PRJEB47283),protein_coding,cejohnprjeb47283
CJOHNSTONI_LOCUS4747,rna-CJOHNSTONI_LOCUS4747,177,protein_coding,Chloride channel protein  [Source:UniProtKB/TrEMBL;Acc:A0A8J2M241],Cercopithifilaria johnstoni (PRJEB47283),protein_coding,cejohnprjeb47283
CJOHNSTONI_LOCUS8329,rna-CJOHNSTONI_LOCUS8329,284,protein_coding,,Cercopithifilaria johnstoni (PRJEB47283),protein_coding,cejohnprjeb47283
CJOHNSTONI_LOCUS1581,rna-CJOHNSTONI_LOCUS1581,533,protein_coding,HTH CENPB-type domain-containing protein  [Source:UniProtKB/TrEMBL;Acc:A0A8J2PWQ6],Cercopithifilaria johnstoni (PRJEB47283),protein_coding,cejohnprjeb47283
CJOHNSTONI_LOCUS64,rna-CJOHNSTONI_LOCUS64,296,protein_coding,NB-ARC domain-containing protein  [Source:UniProtKB/TrEMBL;Acc:A0A8J2PZC5],Cercopithifilaria johnstoni (PRJEB47283),protein_coding,cejohnprjeb47283
CJOHNSTONI_LOCUS1838,rna-CJOHNSTONI_LOCUS1838,191,protein_coding,Proteasome subunit beta  [Source:UniProtKB/TrEMBL;Acc:A0A8J2LQQ6],Cercopithifilaria johnstoni (PRJEB47283),protein_coding,cejohnprjeb47283
CJOHNSTONI_LOCUS7786,rna-CJOHNSTONI_LOCUS7786,294,protein_coding,Transposase  [Source:UniProtKB/TrEMBL;Acc:A0A8J2MS71],Cercopithifilaria johnstoni (PRJEB47283),protein_coding,cejohnprjeb47283
CJOHNSTONI_LOCUS1458,rna-CJOHNSTONI_LOCUS1458,212,protein_coding,Vacuolar protein sorting-associated protein 72 homolog  [Source:UniProtKB/TrEMBL;Acc:A0A8J2PQG8],Cercopithifilaria johnstoni (PRJEB47283),protein_coding,cejohnprjeb47283
CJOHNSTONI_LOCUS9343,rna-CJOHNSTONI_LOCUS9343,298,protein_coding,,Cercopithifilaria johnstoni (PRJEB47283),protein_coding,cejohnprjeb47283
CJOHNSTONI_LOCUS3888,rna-CJOHNSTONI_LOCUS3888-2,176,protein_coding,Kinetochore protein NDC80  [Source:UniProtKB/TrEMBL;Acc:A0A8J2MMH6],Cercopithifilaria johnstoni (PRJEB47283),protein_coding,cejohnprjeb47283
CJOHNSTONI_LOCUS10285,rna-CJOHNSTONI_LOCUS10285,215,protein_coding,"Oxidoreductase, short chain dehydrogenase/reductase family protein  [Source:UniProtKB/TrEMBL;Acc:A0A8J2Q4L2]",Cercopithifilaria johnstoni (PRJEB47283),protein_coding,cejohnprjeb47283
CJOHNSTONI_LOCUS9423,rna-CJOHNSTONI_LOCUS9423,173,protein_coding,LRRCT domain-containing protein  [Source:UniProtKB/TrEMBL;Acc:A0A8J2M4N1],Cercopithifilaria johnstoni (PRJEB47283),protein_coding,cejohnprjeb47283
CJOHNSTONI_LOCUS7714,rna-CJOHNSTONI_LOCUS7714,284,protein_coding,Translocon-associated protein subunit alpha  [Source:UniProtKB/TrEMBL;Acc:A0A8J2M9S9],Cercopithifilaria johnstoni (PRJEB47283),protein_coding,cejohnprjeb47283
CJOHNSTONI_LOCUS160,rna-CJOHNSTONI_LOCUS160,290,protein_coding,Protein asunder  [Source:UniProtKB/TrEMBL;Acc:A0A8J2LVP1],Cercopithifilaria johnstoni (PRJEB47283),protein_coding,cejohnprjeb47283
CJOHNSTONI_LOCUS7195,rna-CJOHNSTONI_LOCUS7195,314,protein_coding,Polyadenylate-binding protein  [Source:UniProtKB/TrEMBL;Acc:A0A8J2Q5Q3],Cercopithifilaria johnstoni (PRJEB47283),protein_coding,cejohnprjeb47283
CJOHNSTONI_LOCUS6845,rna-CJOHNSTONI_LOCUS6845,278,protein_coding,USP domain-containing protein  [Source:UniProtKB/TrEMBL;Acc:A0A8J2M8G4],Cercopithifilaria johnstoni (PRJEB47283),protein_coding,cejohnprjeb47283
CJOHNSTONI_LOCUS10489,rna-CJOHNSTONI_LOCUS10489,194,protein_coding,Ubiquitin carboxyl-terminal hydrolase  [Source:UniProtKB/TrEMBL;Acc:A0A8J2MHF9],Cercopithifilaria johnstoni (PRJEB47283),protein_coding,cejohnprjeb47283
CJOHNSTONI_LOCUS647,rna-CJOHNSTONI_LOCUS647,191,protein_coding,CN hydrolase domain-containing protein  [Source:UniProtKB/TrEMBL;Acc:A0A8J2PPR0],Cercopithifilaria johnstoni (PRJEB47283),protein_coding,cejohnprjeb47283
CJOHNSTONI_LOCUS7627,rna-CJOHNSTONI_LOCUS7627,205,protein_coding,UPAR/Ly6 domain-containing protein  [Source:UniProtKB/TrEMBL;Acc:A0A8J2M8D5],Cercopithifilaria johnstoni (PRJEB47283),protein_coding,cejohnprjeb47283
CJOHNSTONI_LOCUS10250,rna-CJOHNSTONI_LOCUS10250,189,protein_coding,Serine/threonine-protein phosphatase  [Source:UniProtKB/TrEMBL;Acc:A0A8J2MVL5],Cercopithifilaria johnstoni (PRJEB47283),protein_coding,cejohnprjeb47283
CJOHNSTONI_LOCUS4685,rna-CJOHNSTONI_LOCUS4685,204,protein_coding,"All-trans-retinol 13,14-reductase  [Source:UniProtKB/TrEMBL;Acc:A0A8J2PT72]",Cercopithifilaria johnstoni (PRJEB47283),protein_coding,cejohnprjeb47283
CJOHNSTONI_LOCUS5531,rna-CJOHNSTONI_LOCUS5531,283,protein_coding,Recep_L_domain domain-containing protein  [Source:UniProtKB/TrEMBL;Acc:A0A8J2LYA5],Cercopithifilaria johnstoni (PRJEB47283),protein_coding,cejohnprjeb47283
CJOHNSTONI_LOCUS9368,rna-CJOHNSTONI_LOCUS9368,213,protein_coding,STAS domain-containing protein  [Source:UniProtKB/TrEMBL;Acc:A0A8J2MBY3],Cercopithifilaria johnstoni (PRJEB47283),protein_coding,cejohnprjeb47283
CJOHNSTONI_LOCUS9772,rna-CJOHNSTONI_LOCUS9772,329,protein_coding,AP-3 complex subunit beta  [Source:UniProtKB/TrEMBL;Acc:A0A8J2MUG6],Cercopithifilaria johnstoni (PRJEB47283),protein_coding,cejohnprjeb47283
CJOHNSTONI_LOCUS7304,rna-CJOHNSTONI_LOCUS7304,326,protein_coding,Tr-type G domain-containing protein  [Source:UniProtKB/TrEMBL;Acc:A0A8J2Q5R6],Cercopithifilaria johnstoni (PRJEB47283),protein_coding,cejohnprjeb47283
CJOHNSTONI_LOCUS1139,rna-CJOHNSTONI_LOCUS1139,269,protein_coding,Fe-S_biosyn domain-containing protein  [Source:UniProtKB/TrEMBL;Acc:A0A8J2LZZ0],Cercopithifilaria johnstoni (PRJEB47283),protein_coding,cejohnprjeb47283
CJOHNSTONI_LOCUS8686,rna-CJOHNSTONI_LOCUS8686,238,protein_coding,Organic solute transporter alpha-like protein 3  [Source:UniProtKB/TrEMBL;Acc:A0A8J2MAT7],Cercopithifilaria johnstoni (PRJEB47283),protein_coding,cejohnprjeb47283
CJOHNSTONI_LOCUS10348,rna-CJOHNSTONI_LOCUS10348,169,protein_coding,ABC transporter ATP-binding protein  [Source:UniProtKB/TrEMBL;Acc:A0A8J2MFA4],Cercopithifilaria johnstoni (PRJEB47283),protein_coding,cejohnprjeb47283
CJOHNSTONI_LOCUS6364,rna-CJOHNSTONI_LOCUS6364,189,protein_coding,E2F_TDP domain-containing protein  [Source:UniProtKB/TrEMBL;Acc:A0A8J2M6V5],Cercopithifilaria johnstoni (PRJEB47283),protein_coding,cejohnprjeb47283
CJOHNSTONI_LOCUS10362,rna-CJOHNSTONI_LOCUS10362,160,protein_coding,Transcription elongation factor SPT4  [Source:UniProtKB/TrEMBL;Acc:A0A8J2MFN2],Cercopithifilaria johnstoni (PRJEB47283),protein_coding,cejohnprjeb47283
CJOHNSTONI_LOCUS10216,rna-CJOHNSTONI_LOCUS10216,312,protein_coding,CSD domain-containing protein  [Source:UniProtKB/TrEMBL;Acc:A0A8J2MFZ4],Cercopithifilaria johnstoni (PRJEB47283),protein_coding,cejohnprjeb47283
CJOHNSTONI_LOCUS2050,rna-CJOHNSTONI_LOCUS2050,251,protein_coding,"Collagen, type XXII, alpha 1  [Source:UniProtKB/TrEMBL;Acc:A0A8J2LZ13]",Cercopithifilaria johnstoni (PRJEB47283),protein_coding,cejohnprjeb47283
CJOHNSTONI_LOCUS4230,rna-CJOHNSTONI_LOCUS4230,268,protein_coding,DNA_MISMATCH_REPAIR_2 domain-containing protein  [Source:UniProtKB/TrEMBL;Acc:A0A8J2Q6R9],Cercopithifilaria johnstoni (PRJEB47283),protein_coding,cejohnprjeb47283
CJOHNSTONI_LOCUS1146,rna-CJOHNSTONI_LOCUS1146,182,protein_coding,TNase-like domain-containing protein  [Source:UniProtKB/TrEMBL;Acc:A0A8J2Q0H4],Cercopithifilaria johnstoni (PRJEB47283),protein_coding,cejohnprjeb47283
CJOHNSTONI_LOCUS7661,rna-CJOHNSTONI_LOCUS7661,197,protein_coding,GDP-L-fucose synthase  [Source:UniProtKB/TrEMBL;Acc:A0A8J2MA72],Cercopithifilaria johnstoni (PRJEB47283),protein_coding,cejohnprjeb47283
CJOHNSTONI_LOCUS2308,rna-CJOHNSTONI_LOCUS2308,150,protein_coding,Mitochondrial pyruvate carrier  [Source:UniProtKB/TrEMBL;Acc:A0A8J2LXR0],Cercopithifilaria johnstoni (PRJEB47283),protein_coding,cejohnprjeb47283
CJOHNSTONI_LOCUS1721,rna-CJOHNSTONI_LOCUS1721,128,protein_coding,"ATP synthase subunit O, mitochondrial  [Source:UniProtKB/TrEMBL;Acc:A0A8J2PQQ0]",Cercopithifilaria johnstoni (PRJEB47283),protein_coding,cejohnprjeb47283
CJOHNSTONI_LOCUS4433,rna-CJOHNSTONI_LOCUS4433,114,protein_coding,Lipid A biosynthesis lauroyl acyltransferase  [Source:UniProtKB/TrEMBL;Acc:A0A8J2PSZ6],Cercopithifilaria johnstoni (PRJEB47283),protein_coding,cejohnprjeb47283
CJOHNSTONI_LOCUS7216,rna-CJOHNSTONI_LOCUS7216,222,protein_coding,Small nuclear ribonucleoprotein Sm D3  [Source:UniProtKB/TrEMBL;Acc:A0A8J2MR72],Cercopithifilaria johnstoni (PRJEB47283),protein_coding,cejohnprjeb47283
CJOHNSTONI_LOCUS1852,rna-CJOHNSTONI_LOCUS1852,243,protein_coding,1-alkyl-2-acetylglycerophosphocholine esterase  [Source:UniProtKB/TrEMBL;Acc:A0A8J2LQR3],Cercopithifilaria johnstoni (PRJEB47283),protein_coding,cejohnprjeb47283
CJOHNSTONI_LOCUS716,rna-CJOHNSTONI_LOCUS716,356,protein_coding,G_PROTEIN_RECEP_F1_2 domain-containing protein  [Source:UniProtKB/TrEMBL;Acc:A0A8J2PVT0],Cercopithifilaria johnstoni (PRJEB47283),protein_coding,cejohnprjeb47283
CJOHNSTONI_LOCUS9651,rna-CJOHNSTONI_LOCUS9651,205,protein_coding,LIM/homeobox protein Lhx3  [Source:UniProtKB/TrEMBL;Acc:A0A8J2MES7],Cercopithifilaria johnstoni (PRJEB47283),protein_coding,cejohnprjeb47283
CJOHNSTONI_LOCUS7491,rna-CJOHNSTONI_LOCUS7491,455,protein_coding,HMG box domain-containing protein  [Source:UniProtKB/TrEMBL;Acc:A0A8J2Q2F1],Cercopithifilaria johnstoni (PRJEB47283),protein_coding,cejohnprjeb47283
CJOHNSTONI_LOCUS9413,rna-CJOHNSTONI_LOCUS9413,278,protein_coding,60S ribosomal protein L27a  [Source:UniProtKB/TrEMBL;Acc:A0A8J2MFN0],Cercopithifilaria johnstoni (PRJEB47283),protein_coding,cejohnprjeb47283
CJOHNSTONI_LOCUS1258,rna-CJOHNSTONI_LOCUS1258,335,protein_coding,RhoGEF domain-containing protein  [Source:UniProtKB/TrEMBL;Acc:A0A8J2PQA2],Cercopithifilaria johnstoni (PRJEB47283),protein_coding,cejohnprjeb47283
CJOHNSTONI_LOCUS9622,rna-CJOHNSTONI_LOCUS9622-2,218,protein_coding,SSD domain-containing protein  [Source:UniProtKB/TrEMBL;Acc:A0A8J2MG01],Cercopithifilaria johnstoni (PRJEB47283),protein_coding,cejohnprjeb47283
CJOHNSTONI_LOCUS6667,rna-CJOHNSTONI_LOCUS6667,157,protein_coding,Chromo domain-containing protein  [Source:UniProtKB/TrEMBL;Acc:A0A8J2M741],Cercopithifilaria johnstoni (PRJEB47283),protein_coding,cejohnprjeb47283
CJOHNSTONI_LOCUS3337,rna-CJOHNSTONI_LOCUS3337,256,protein_coding,Alsin  [Source:UniProtKB/TrEMBL;Acc:A0A8J2M0Y6],Cercopithifilaria johnstoni (PRJEB47283),protein_coding,cejohnprjeb47283
CJOHNSTONI_LOCUS1878,rna-CJOHNSTONI_LOCUS1878,383,protein_coding,PIGO_PIGG domain-containing protein  [Source:UniProtKB/TrEMBL;Acc:A0A8J2LNM2],Cercopithifilaria johnstoni (PRJEB47283),protein_coding,cejohnprjeb47283
CJOHNSTONI_LOCUS9993,rna-CJOHNSTONI_LOCUS9993,296,protein_coding,TIR domain-containing protein  [Source:UniProtKB/TrEMBL;Acc:A0A8J2MVA1],Cercopithifilaria johnstoni (PRJEB47283),protein_coding,cejohnprjeb47283
CJOHNSTONI_LOCUS5900,rna-CJOHNSTONI_LOCUS5900,200,protein_coding,Mediator of RNA polymerase II transcription subunit 21  [Source:UniProtKB/TrEMBL;Acc:A0A8J2M4R7],Cercopithifilaria johnstoni (PRJEB47283),protein_coding,cejohnprjeb47283
CJOHNSTONI_LOCUS8391,rna-CJOHNSTONI_LOCUS8391,247,protein_coding,Secreted protein  [Source:UniProtKB/TrEMBL;Acc:A0A8J2MBW4],Cercopithifilaria johnstoni (PRJEB47283),protein_coding,cejohnprjeb47283
CJOHNSTONI_LOCUS1017,rna-CJOHNSTONI_LOCUS1017,189,protein_coding,,Cercopithifilaria johnstoni (PRJEB47283),protein_coding,cejohnprjeb47283
CJOHNSTONI_LOCUS7424,rna-CJOHNSTONI_LOCUS7424,183,protein_coding,Velvet domain-containing protein  [Source:UniProtKB/TrEMBL;Acc:A0A8J2Q2D0],Cercopithifilaria johnstoni (PRJEB47283),protein_coding,cejohnprjeb47283
CJOHNSTONI_LOCUS521,rna-CJOHNSTONI_LOCUS521,155,protein_coding,,Cercopithifilaria johnstoni (PRJEB47283),protein_coding,cejohnprjeb47283
CJOHNSTONI_LOCUS2934,rna-CJOHNSTONI_LOCUS2934,281,protein_coding,Pre-rRNA-processing protein TSR2 homolog  [Source:UniProtKB/TrEMBL;Acc:A0A8J2LZD4],Cercopithifilaria johnstoni (PRJEB47283),protein_coding,cejohnprjeb47283
CJOHNSTONI_LOCUS2677,rna-CJOHNSTONI_LOCUS2677,284,protein_coding,CNH domain-containing protein  [Source:UniProtKB/TrEMBL;Acc:A0A8J2MKN3],Cercopithifilaria johnstoni (PRJEB47283),protein_coding,cejohnprjeb47283
CJOHNSTONI_LOCUS9069,rna-CJOHNSTONI_LOCUS9069,208,protein_coding,Protein kinase domain-containing protein  [Source:UniProtKB/TrEMBL;Acc:A0A8J2Q912],Cercopithifilaria johnstoni (PRJEB47283),protein_coding,cejohnprjeb47283
CJOHNSTONI_LOCUS8201,rna-CJOHNSTONI_LOCUS8201,238,protein_coding,C2 tensin-type domain-containing protein  [Source:UniProtKB/TrEMBL;Acc:A0A8J2Q8R2],Cercopithifilaria johnstoni (PRJEB47283),protein_coding,cejohnprjeb47283
CJOHNSTONI_LOCUS5517,rna-CJOHNSTONI_LOCUS5517,151,protein_coding,,Cercopithifilaria johnstoni (PRJEB47283),protein_coding,cejohnprjeb47283
CJOHNSTONI_LOCUS8312,rna-CJOHNSTONI_LOCUS8312,372,protein_coding,Septin-type G domain-containing protein  [Source:UniProtKB/TrEMBL;Acc:A0A8J2MA52],Cercopithifilaria johnstoni (PRJEB47283),protein_coding,cejohnprjeb47283
CJOHNSTONI_LOCUS1053,rna-CJOHNSTONI_LOCUS1053,578,protein_coding,G_PROTEIN_RECEP_F1_2 domain-containing protein  [Source:UniProtKB/TrEMBL;Acc:A0A8J2LMA3],Cercopithifilaria johnstoni (PRJEB47283),protein_coding,cejohnprjeb47283
CJOHNSTONI_LOCUS6299,rna-CJOHNSTONI_LOCUS6299,269,protein_coding,Next to BRCA1 1 protein  [Source:UniProtKB/TrEMBL;Acc:A0A8J2M6R6],Cercopithifilaria johnstoni (PRJEB47283),protein_coding,cejohnprjeb47283
CJOHNSTONI_LOCUS5082,rna-CJOHNSTONI_LOCUS5082,129,protein_coding,Transport and Golgi organization protein 2 homolog  [Source:UniProtKB/TrEMBL;Acc:A0A8J2M4K3],Cercopithifilaria johnstoni (PRJEB47283),protein_coding,cejohnprjeb47283
CJOHNSTONI_LOCUS3950,rna-CJOHNSTONI_LOCUS3950,214,protein_coding,,Cercopithifilaria johnstoni (PRJEB47283),protein_coding,cejohnprjeb47283
CJOHNSTONI_LOCUS8722,rna-CJOHNSTONI_LOCUS8722,319,protein_coding,PX domain-containing protein  [Source:UniProtKB/TrEMBL;Acc:A0A8J2MTG8],Cercopithifilaria johnstoni (PRJEB47283),protein_coding,cejohnprjeb47283
CJOHNSTONI_LOCUS3392,rna-CJOHNSTONI_LOCUS3392,258,protein_coding,,Cercopithifilaria johnstoni (PRJEB47283),protein_coding,cejohnprjeb47283
CJOHNSTONI_LOCUS7537,rna-CJOHNSTONI_LOCUS7537,308,protein_coding,"Phosphatidate cytidylyltransferase, mitochondrial  [Source:UniProtKB/TrEMBL;Acc:A0A8J2PW66]",Cercopithifilaria johnstoni (PRJEB47283),protein_coding,cejohnprjeb47283
CJOHNSTONI_LOCUS1562,rna-CJOHNSTONI_LOCUS1562,266,protein_coding,ANK_REP_REGION domain-containing protein  [Source:UniProtKB/TrEMBL;Acc:A0A8J2LWA7],Cercopithifilaria johnstoni (PRJEB47283),protein_coding,cejohnprjeb47283
CJOHNSTONI_LOCUS5603,rna-CJOHNSTONI_LOCUS5603,232,protein_coding,ZP domain-containing protein  [Source:UniProtKB/TrEMBL;Acc:A0A8J2M615],Cercopithifilaria johnstoni (PRJEB47283),protein_coding,cejohnprjeb47283
CJOHNSTONI_LOCUS10082,rna-CJOHNSTONI_LOCUS10082,236,protein_coding,Phosphatidylinositol-glycan biosynthesis class W protein  [Source:UniProtKB/TrEMBL;Acc:A0A8J2Q7A0],Cercopithifilaria johnstoni (PRJEB47283),protein_coding,cejohnprjeb47283
CJOHNSTONI_LOCUS1928,rna-CJOHNSTONI_LOCUS1928,229,protein_coding,non-specific serine/threonine protein kinase  [Source:UniProtKB/TrEMBL;Acc:A0A8J2LYT0],Cercopithifilaria johnstoni (PRJEB47283),protein_coding,cejohnprjeb47283
CJOHNSTONI_LOCUS2370,rna-CJOHNSTONI_LOCUS2370,250,protein_coding,Peptide-N(4)-(N-acetyl-beta-glucosaminyl)asparagine amidase  [Source:UniProtKB/TrEMBL;Acc:A0A8J2LXV5],Cercopithifilaria johnstoni (PRJEB47283),protein_coding,cejohnprjeb47283
CJOHNSTONI_LOCUS3682,rna-CJOHNSTONI_LOCUS3682,221,protein_coding,Uso1_p115_head domain-containing protein  [Source:UniProtKB/TrEMBL;Acc:A0A8J2MM85],Cercopithifilaria johnstoni (PRJEB47283),protein_coding,cejohnprjeb47283
CJOHNSTONI_LOCUS2584,rna-CJOHNSTONI_LOCUS2584,193,protein_coding,,Cercopithifilaria johnstoni (PRJEB47283),protein_coding,cejohnprjeb47283
CJOHNSTONI_LOCUS3292,rna-CJOHNSTONI_LOCUS3292,197,protein_coding,SKA2 domain-containing protein  [Source:UniProtKB/TrEMBL;Acc:A0A8J2LZE9],Cercopithifilaria johnstoni (PRJEB47283),protein_coding,cejohnprjeb47283
CJOHNSTONI_LOCUS6256,rna-CJOHNSTONI_LOCUS6256,466,protein_coding,Zinc finger protein  [Source:UniProtKB/TrEMBL;Acc:A0A8J2MQ61],Cercopithifilaria johnstoni (PRJEB47283),protein_coding,cejohnprjeb47283
CJOHNSTONI_LOCUS9018,rna-CJOHNSTONI_LOCUS9018,286,protein_coding,Mitochondrial carrier protein  [Source:UniProtKB/TrEMBL;Acc:A0A8J2QB11],Cercopithifilaria johnstoni (PRJEB47283),protein_coding,cejohnprjeb47283
CJOHNSTONI_LOCUS7873,rna-CJOHNSTONI_LOCUS7873,262,protein_coding,Asparagine synthetase domain-containing protein  [Source:UniProtKB/TrEMBL;Acc:A0A8J2Q8M9],Cercopithifilaria johnstoni (PRJEB47283),protein_coding,cejohnprjeb47283
CJOHNSTONI_LOCUS9145,rna-CJOHNSTONI_LOCUS9145,322,protein_coding,C2H2-type domain-containing protein  [Source:UniProtKB/TrEMBL;Acc:A0A8J2QB20],Cercopithifilaria johnstoni (PRJEB47283),protein_coding,cejohnprjeb47283
CJOHNSTONI_LOCUS7681,rna-CJOHNSTONI_LOCUS7681,188,protein_coding,Protein kinase C  [Source:UniProtKB/TrEMBL;Acc:A0A8J2M8H4],Cercopithifilaria johnstoni (PRJEB47283),protein_coding,cejohnprjeb47283
CJOHNSTONI_LOCUS8167,rna-CJOHNSTONI_LOCUS8167,183,protein_coding,Small nuclear ribonucleoprotein Sm D2  [Source:UniProtKB/TrEMBL;Acc:A0A8J2MSR7],Cercopithifilaria johnstoni (PRJEB47283),protein_coding,cejohnprjeb47283
CJOHNSTONI_LOCUS4079,rna-CJOHNSTONI_LOCUS4079,203,protein_coding,ATP-binding cassette sub-family F member 2  [Source:UniProtKB/TrEMBL;Acc:A0A8J2PZL2],Cercopithifilaria johnstoni (PRJEB47283),protein_coding,cejohnprjeb47283
CJOHNSTONI_LOCUS2957,rna-CJOHNSTONI_LOCUS2957,197,protein_coding,Bestrophin homolog  [Source:UniProtKB/TrEMBL;Acc:A0A8J2LSV0],Cercopithifilaria johnstoni (PRJEB47283),protein_coding,cejohnprjeb47283
CJOHNSTONI_LOCUS5377,rna-CJOHNSTONI_LOCUS5377,277,protein_coding,Secreted salivary protein  [Source:UniProtKB/TrEMBL;Acc:A0A8J2QA92],Cercopithifilaria johnstoni (PRJEB47283),protein_coding,cejohnprjeb47283
CJOHNSTONI_LOCUS7982,rna-CJOHNSTONI_LOCUS7982,184,protein_coding,,Cercopithifilaria johnstoni (PRJEB47283),protein_coding,cejohnprjeb47283
CJOHNSTONI_LOCUS6819,rna-CJOHNSTONI_LOCUS6819,194,protein_coding,Sidoreflexin  [Source:UniProtKB/TrEMBL;Acc:A0A8J2M8C0],Cercopithifilaria johnstoni (PRJEB47283),protein_coding,cejohnprjeb47283
CJOHNSTONI_LOCUS6058,rna-CJOHNSTONI_LOCUS6058,389,protein_coding,,Cercopithifilaria johnstoni (PRJEB47283),protein_coding,cejohnprjeb47283
CJOHNSTONI_LOCUS179,rna-CJOHNSTONI_LOCUS179,208,protein_coding,Neur_chan_LBD domain-containing protein  [Source:UniProtKB/TrEMBL;Acc:A0A8J2LKW6],Cercopithifilaria johnstoni (PRJEB47283),protein_coding,cejohnprjeb47283
CJOHNSTONI_LOCUS8338,rna-CJOHNSTONI_LOCUS8338,175,protein_coding,Prefoldin subunit 2  [Source:UniProtKB/TrEMBL;Acc:A0A8J2MB90],Cercopithifilaria johnstoni (PRJEB47283),protein_coding,cejohnprjeb47283
CJOHNSTONI_LOCUS10074,rna-CJOHNSTONI_LOCUS10074,179,protein_coding,very-long-chain enoyl-CoA reductase  [Source:UniProtKB/TrEMBL;Acc:A0A8J2MVD8],Cercopithifilaria johnstoni (PRJEB47283),protein_coding,cejohnprjeb47283
CJOHNSTONI_LOCUS6761,rna-CJOHNSTONI_LOCUS6761,244,protein_coding,Formin-binding protein 1-like  [Source:UniProtKB/TrEMBL;Acc:A0A8J2M795],Cercopithifilaria johnstoni (PRJEB47283),protein_coding,cejohnprjeb47283
CJOHNSTONI_LOCUS4492,rna-CJOHNSTONI_LOCUS4492,224,protein_coding,COMM domain-containing protein  [Source:UniProtKB/TrEMBL;Acc:A0A8J2LT78],Cercopithifilaria johnstoni (PRJEB47283),protein_coding,cejohnprjeb47283
CJOHNSTONI_LOCUS252,rna-CJOHNSTONI_LOCUS252,284,protein_coding,Tub domain-containing protein  [Source:UniProtKB/TrEMBL;Acc:A0A8J2LTJ5],Cercopithifilaria johnstoni (PRJEB47283),protein_coding,cejohnprjeb47283
CJOHNSTONI_LOCUS7620,rna-CJOHNSTONI_LOCUS7620,228,protein_coding,Cysteine-rich motor neuron 1 protein  [Source:UniProtKB/TrEMBL;Acc:A0A8J2MA40],Cercopithifilaria johnstoni (PRJEB47283),protein_coding,cejohnprjeb47283
CJOHNSTONI_LOCUS9718,rna-CJOHNSTONI_LOCUS9718,285,protein_coding,PUM-HD domain-containing protein  [Source:UniProtKB/TrEMBL;Acc:A0A8J2MEE6],Cercopithifilaria johnstoni (PRJEB47283),protein_coding,cejohnprjeb47283
CJOHNSTONI_LOCUS7672,rna-CJOHNSTONI_LOCUS7672,283,protein_coding,Col_cuticle_N domain-containing protein  [Source:UniProtKB/TrEMBL;Acc:A0A8J2MBL7],Cercopithifilaria johnstoni (PRJEB47283),protein_coding,cejohnprjeb47283
CJOHNSTONI_LOCUS3528,rna-CJOHNSTONI_LOCUS3528,185,protein_coding,NLE domain-containing protein  [Source:UniProtKB/TrEMBL;Acc:A0A8J2MLI8],Cercopithifilaria johnstoni (PRJEB47283),protein_coding,cejohnprjeb47283
CJOHNSTONI_LOCUS6421,rna-CJOHNSTONI_LOCUS6421,183,protein_coding,RanBD1 domain-containing protein  [Source:UniProtKB/TrEMBL;Acc:A0A8J2PUQ2],Cercopithifilaria johnstoni (PRJEB47283),protein_coding,cejohnprjeb47283
CJOHNSTONI_LOCUS4707,rna-CJOHNSTONI_LOCUS4707,285,protein_coding,SMAP domain-containing protein  [Source:UniProtKB/TrEMBL;Acc:A0A8J2LWG5],Cercopithifilaria johnstoni (PRJEB47283),protein_coding,cejohnprjeb47283
CJOHNSTONI_LOCUS7696,rna-CJOHNSTONI_LOCUS7696,393,protein_coding,Prostate androgen-regulated mucin-like protein 1  [Source:UniProtKB/TrEMBL;Acc:A0A8J2M8I0],Cercopithifilaria johnstoni (PRJEB47283),protein_coding,cejohnprjeb47283
CJOHNSTONI_LOCUS2220,rna-CJOHNSTONI_LOCUS2220,207,protein_coding,CHHC U11-48K-type domain-containing protein  [Source:UniProtKB/TrEMBL;Acc:A0A8J2Q4I0],Cercopithifilaria johnstoni (PRJEB47283),protein_coding,cejohnprjeb47283
CJOHNSTONI_LOCUS2251,rna-CJOHNSTONI_LOCUS2251,179,protein_coding,Protein-tyrosine phosphatase  [Source:UniProtKB/TrEMBL;Acc:A0A8J2PXP0],Cercopithifilaria johnstoni (PRJEB47283),protein_coding,cejohnprjeb47283
CJOHNSTONI_LOCUS3835,rna-CJOHNSTONI_LOCUS3835,167,protein_coding,Mitochondrial import receptor subunit TOM22 homolog  [Source:UniProtKB/TrEMBL;Acc:A0A8J2M2B5],Cercopithifilaria johnstoni (PRJEB47283),protein_coding,cejohnprjeb47283
CJOHNSTONI_LOCUS3755,rna-CJOHNSTONI_LOCUS3755,252,protein_coding,"Phosphatidylinositol 4,5-bisphosphate 3-kinase catalytic subunit  [Source:UniProtKB/TrEMBL;Acc:A0A8J2Q2R3]",Cercopithifilaria johnstoni (PRJEB47283),protein_coding,cejohnprjeb47283
CJOHNSTONI_LOCUS903,rna-CJOHNSTONI_LOCUS903,152,protein_coding,TPM_phosphatase domain-containing protein  [Source:UniProtKB/TrEMBL;Acc:A0A8J2LUV5],Cercopithifilaria johnstoni (PRJEB47283),protein_coding,cejohnprjeb47283
CJOHNSTONI_LOCUS1316,rna-CJOHNSTONI_LOCUS1316,212,protein_coding,Choline-specific glycerophosphodiester phosphodiesterase  [Source:UniProtKB/TrEMBL;Acc:A0A8J2LMS1],Cercopithifilaria johnstoni (PRJEB47283),protein_coding,cejohnprjeb47283
CJOHNSTONI_LOCUS1644,rna-CJOHNSTONI_LOCUS1644,201,protein_coding,C2H2-type domain-containing protein  [Source:UniProtKB/TrEMBL;Acc:A0A8J2LWG1],Cercopithifilaria johnstoni (PRJEB47283),protein_coding,cejohnprjeb47283
CJOHNSTONI_LOCUS7700,rna-CJOHNSTONI_LOCUS7700,219,protein_coding,Intron-binding protein aquarius  [Source:UniProtKB/TrEMBL;Acc:A0A8J2MAF4],Cercopithifilaria johnstoni (PRJEB47283),protein_coding,cejohnprjeb47283
CJOHNSTONI_LOCUS4975,rna-CJOHNSTONI_LOCUS4975,209,protein_coding,GCS light chain  [Source:UniProtKB/TrEMBL;Acc:A0A8J2LUM5],Cercopithifilaria johnstoni (PRJEB47283),protein_coding,cejohnprjeb47283
CJOHNSTONI_LOCUS7976,rna-CJOHNSTONI_LOCUS7976,201,protein_coding,Transient receptor potential cation channel trpm  [Source:UniProtKB/TrEMBL;Acc:A0A8J2MSF9],Cercopithifilaria johnstoni (PRJEB47283),protein_coding,cejohnprjeb47283
CJOHNSTONI_LOCUS7441,rna-CJOHNSTONI_LOCUS7441,195,protein_coding,ANK_REP_REGION domain-containing protein  [Source:UniProtKB/TrEMBL;Acc:A0A8J2M1Z7],Cercopithifilaria johnstoni (PRJEB47283),protein_coding,cejohnprjeb47283
CJOHNSTONI_LOCUS1150,rna-CJOHNSTONI_LOCUS1150,187,protein_coding,NAD(+) kinase  [Source:UniProtKB/TrEMBL;Acc:A0A8J2LPL9],Cercopithifilaria johnstoni (PRJEB47283),protein_coding,cejohnprjeb47283
CJOHNSTONI_LOCUS225,rna-CJOHNSTONI_LOCUS225,726,protein_coding,Zinc finger protein  [Source:UniProtKB/TrEMBL;Acc:A0A8J2MHS8],Cercopithifilaria johnstoni (PRJEB47283),protein_coding,cejohnprjeb47283
CJOHNSTONI_LOCUS602,rna-CJOHNSTONI_LOCUS602,659,protein_coding,WAP-type 'four-disulfide core  [Source:UniProtKB/TrEMBL;Acc:A0A8J2LVZ4],Cercopithifilaria johnstoni (PRJEB47283),protein_coding,cejohnprjeb47283
CJOHNSTONI_LOCUS4044,rna-CJOHNSTONI_LOCUS4044,243,protein_coding,CBFD_NFYB_HMF domain-containing protein  [Source:UniProtKB/TrEMBL;Acc:A0A8J2M2L6],Cercopithifilaria johnstoni (PRJEB47283),protein_coding,cejohnprjeb47283
CJOHNSTONI_LOCUS8270,rna-CJOHNSTONI_LOCUS8270,233,protein_coding,,Cercopithifilaria johnstoni (PRJEB47283),protein_coding,cejohnprjeb47283
CJOHNSTONI_LOCUS5791,rna-CJOHNSTONI_LOCUS5791,170,protein_coding,Receptor expression-enhancing protein  [Source:UniProtKB/TrEMBL;Acc:A0A8J2PU44],Cercopithifilaria johnstoni (PRJEB47283),protein_coding,cejohnprjeb47283
CJOHNSTONI_LOCUS1862,rna-CJOHNSTONI_LOCUS1862,365,protein_coding,Collagen-like protein  [Source:UniProtKB/TrEMBL;Acc:A0A8J2Q135],Cercopithifilaria johnstoni (PRJEB47283),protein_coding,cejohnprjeb47283
CJOHNSTONI_LOCUS4705,rna-CJOHNSTONI_LOCUS4705,217,protein_coding,Ribosomal protein S6 kinase  [Source:UniProtKB/TrEMBL;Acc:A0A8J2QA28],Cercopithifilaria johnstoni (PRJEB47283),protein_coding,cejohnprjeb47283
CJOHNSTONI_LOCUS9121,rna-CJOHNSTONI_LOCUS9121,350,protein_coding,UDP-galactose translocator  [Source:UniProtKB/TrEMBL;Acc:A0A8J2MU22],Cercopithifilaria johnstoni (PRJEB47283),protein_coding,cejohnprjeb47283
CJOHNSTONI_LOCUS1500,rna-CJOHNSTONI_LOCUS1500,144,protein_coding,,Cercopithifilaria johnstoni (PRJEB47283),protein_coding,cejohnprjeb47283
CJOHNSTONI_LOCUS5906,rna-CJOHNSTONI_LOCUS5906,217,protein_coding,Gamma-tubulin complex component  [Source:UniProtKB/TrEMBL;Acc:A0A8J2M673],Cercopithifilaria johnstoni (PRJEB47283),protein_coding,cejohnprjeb47283
CJOHNSTONI_LOCUS247,rna-CJOHNSTONI_LOCUS247,264,protein_coding,NAD(P)H-hydrate epimerase  [Source:UniProtKB/TrEMBL;Acc:A0A8J2PZK2],Cercopithifilaria johnstoni (PRJEB47283),protein_coding,cejohnprjeb47283
CJOHNSTONI_LOCUS955,rna-CJOHNSTONI_LOCUS955,128,protein_coding,V-type proton ATPase subunit E  [Source:UniProtKB/TrEMBL;Acc:A0A8J2LV81],Cercopithifilaria johnstoni (PRJEB47283),protein_coding,cejohnprjeb47283
CJOHNSTONI_LOCUS3011,rna-CJOHNSTONI_LOCUS3011,801,protein_coding,HUN domain-containing protein  [Source:UniProtKB/TrEMBL;Acc:A0A8J2LQC7],Cercopithifilaria johnstoni (PRJEB47283),protein_coding,cejohnprjeb47283
CJOHNSTONI_LOCUS7878,rna-CJOHNSTONI_LOCUS7878,647,protein_coding,USP domain-containing protein  [Source:UniProtKB/TrEMBL;Acc:A0A8J2M8V6],Cercopithifilaria johnstoni (PRJEB47283),protein_coding,cejohnprjeb47283
CJOHNSTONI_LOCUS10302,rna-CJOHNSTONI_LOCUS10302,259,protein_coding,Fukutin  [Source:UniProtKB/TrEMBL;Acc:A0A8J2M7X6],Cercopithifilaria johnstoni (PRJEB47283),protein_coding,cejohnprjeb47283
CJOHNSTONI_LOCUS4330,rna-CJOHNSTONI_LOCUS4330,240,protein_coding,Sema domain-containing protein  [Source:UniProtKB/TrEMBL;Acc:A0A8J2LVS7],Cercopithifilaria johnstoni (PRJEB47283),protein_coding,cejohnprjeb47283
CJOHNSTONI_LOCUS9166,rna-CJOHNSTONI_LOCUS9166,173,protein_coding,,Cercopithifilaria johnstoni (PRJEB47283),protein_coding,cejohnprjeb47283
CJOHNSTONI_LOCUS10135,rna-CJOHNSTONI_LOCUS10135,150,protein_coding,Interglobin  [Source:UniProtKB/TrEMBL;Acc:A0A8J2MD39],Cercopithifilaria johnstoni (PRJEB47283),protein_coding,cejohnprjeb47283
CJOHNSTONI_LOCUS6784,rna-CJOHNSTONI_LOCUS6784,283,protein_coding,protein disulfide-isomerase  [Source:UniProtKB/TrEMBL;Acc:A0A8J2M6T3],Cercopithifilaria johnstoni (PRJEB47283),protein_coding,cejohnprjeb47283
CJOHNSTONI_LOCUS993,rna-CJOHNSTONI_LOCUS993,135,protein_coding,,Cercopithifilaria johnstoni (PRJEB47283),protein_coding,cejohnprjeb47283
CJOHNSTONI_LOCUS1191,rna-CJOHNSTONI_LOCUS1191,184,protein_coding,FABP domain-containing protein  [Source:UniProtKB/TrEMBL;Acc:A0A8J2LXH0],Cercopithifilaria johnstoni (PRJEB47283),protein_coding,cejohnprjeb47283
CJOHNSTONI_LOCUS747,rna-CJOHNSTONI_LOCUS747,120,protein_coding,DNA gyrase subunit B  [Source:UniProtKB/TrEMBL;Acc:A0A8J2LNR9],Cercopithifilaria johnstoni (PRJEB47283),protein_coding,cejohnprjeb47283
CJOHNSTONI_LOCUS77,rna-CJOHNSTONI_LOCUS77,112,protein_coding,Myosin-2 essential light chain  [Source:UniProtKB/TrEMBL;Acc:A0A8J2PPA0],Cercopithifilaria johnstoni (PRJEB47283),protein_coding,cejohnprjeb47283
CJOHNSTONI_LOCUS3621,rna-CJOHNSTONI_LOCUS3621,119,protein_coding,LIM zinc-binding domain-containing protein  [Source:UniProtKB/TrEMBL;Acc:A0A8J2Q9L8],Cercopithifilaria johnstoni (PRJEB47283),protein_coding,cejohnprjeb47283
CJOHNSTONI_LOCUS9595,rna-CJOHNSTONI_LOCUS9595,410,protein_coding,Ankyrin repeat-containing protein  [Source:UniProtKB/TrEMBL;Acc:A0A8J2MFZ3],Cercopithifilaria johnstoni (PRJEB47283),protein_coding,cejohnprjeb47283
CJOHNSTONI_LOCUS4798,rna-CJOHNSTONI_LOCUS4798,383,protein_coding,,Cercopithifilaria johnstoni (PRJEB47283),protein_coding,cejohnprjeb47283
CJOHNSTONI_LOCUS9513,rna-CJOHNSTONI_LOCUS9513,206,protein_coding,Phosphoinositide phospholipase C  [Source:UniProtKB/TrEMBL;Acc:A0A8J2Q978],Cercopithifilaria johnstoni (PRJEB47283),protein_coding,cejohnprjeb47283
CJOHNSTONI_LOCUS556,rna-CJOHNSTONI_LOCUS556,935,protein_coding,Gastrula zinc finger protein XlCGF7.1-like  [Source:UniProtKB/TrEMBL;Acc:A0A8J2MIA7],Cercopithifilaria johnstoni (PRJEB47283),protein_coding,cejohnprjeb47283
CJOHNSTONI_LOCUS7941,rna-CJOHNSTONI_LOCUS7941,245,protein_coding,PH domain-containing protein  [Source:UniProtKB/TrEMBL;Acc:A0A8J2Q8N7],Cercopithifilaria johnstoni (PRJEB47283),protein_coding,cejohnprjeb47283
CJOHNSTONI_LOCUS10029,rna-CJOHNSTONI_LOCUS10029,257,protein_coding,AA_TRNA_LIGASE_II domain-containing protein  [Source:UniProtKB/TrEMBL;Acc:A0A8J2M7F4],Cercopithifilaria johnstoni (PRJEB47283),protein_coding,cejohnprjeb47283
CJOHNSTONI_LOCUS2679,rna-CJOHNSTONI_LOCUS2679,197,protein_coding,PIPK domain-containing protein  [Source:UniProtKB/TrEMBL;Acc:A0A8J2M2S7],Cercopithifilaria johnstoni (PRJEB47283),protein_coding,cejohnprjeb47283
CJOHNSTONI_LOCUS6406,rna-CJOHNSTONI_LOCUS6406,230,protein_coding,Mannose-P-dolichol utilization defect 1 protein homolog  [Source:UniProtKB/TrEMBL;Acc:A0A8J2M6X7],Cercopithifilaria johnstoni (PRJEB47283),protein_coding,cejohnprjeb47283
CJOHNSTONI_LOCUS4588,rna-CJOHNSTONI_LOCUS4588,255,protein_coding,Flavoprotein domain-containing protein  [Source:UniProtKB/TrEMBL;Acc:A0A8J2PZY7],Cercopithifilaria johnstoni (PRJEB47283),protein_coding,cejohnprjeb47283
CJOHNSTONI_LOCUS4827,rna-CJOHNSTONI_LOCUS4827,329,protein_coding,,Cercopithifilaria johnstoni (PRJEB47283),protein_coding,cejohnprjeb47283
CJOHNSTONI_LOCUS3092,rna-CJOHNSTONI_LOCUS3092,176,protein_coding,Conserved plasma membrane protein  [Source:UniProtKB/TrEMBL;Acc:A0A8J2PYN7],Cercopithifilaria johnstoni (PRJEB47283),protein_coding,cejohnprjeb47283
CJOHNSTONI_LOCUS6325,rna-CJOHNSTONI_LOCUS6325,161,protein_coding,Tropomyosin  [Source:UniProtKB/TrEMBL;Acc:A0A8J2M767],Cercopithifilaria johnstoni (PRJEB47283),protein_coding,cejohnprjeb47283
CJOHNSTONI_LOCUS8170,rna-CJOHNSTONI_LOCUS8170,207,protein_coding,Secreted protein  [Source:UniProtKB/TrEMBL;Acc:A0A8J2MAW9],Cercopithifilaria johnstoni (PRJEB47283),protein_coding,cejohnprjeb47283
CJOHNSTONI_LOCUS5693,rna-CJOHNSTONI_LOCUS5693,197,protein_coding,COesterase domain-containing protein  [Source:UniProtKB/TrEMBL;Acc:A0A8J2LYN2],Cercopithifilaria johnstoni (PRJEB47283),protein_coding,cejohnprjeb47283
CJOHNSTONI_LOCUS7146,rna-CJOHNSTONI_LOCUS7146,161,protein_coding,LIM zinc-binding domain-containing protein  [Source:UniProtKB/TrEMBL;Acc:A0A8J2M1J3],Cercopithifilaria johnstoni (PRJEB47283),protein_coding,cejohnprjeb47283
CJOHNSTONI_LOCUS2722,rna-CJOHNSTONI_LOCUS2722,154,protein_coding,Protein kinase domain-containing protein  [Source:UniProtKB/TrEMBL;Acc:A0A8J2M2U8],Cercopithifilaria johnstoni (PRJEB47283),protein_coding,cejohnprjeb47283
CJOHNSTONI_LOCUS6069,rna-CJOHNSTONI_LOCUS6069,204,protein_coding,Cytochrome P450  [Source:UniProtKB/TrEMBL;Acc:A0A8J2M6V6],Cercopithifilaria johnstoni (PRJEB47283),protein_coding,cejohnprjeb47283
CJOHNSTONI_LOCUS4523,rna-CJOHNSTONI_LOCUS4523,330,protein_coding,GT23 domain-containing protein  [Source:UniProtKB/TrEMBL;Acc:A0A8J2LW52],Cercopithifilaria johnstoni (PRJEB47283),protein_coding,cejohnprjeb47283
CJOHNSTONI_LOCUS7845,rna-CJOHNSTONI_LOCUS7845,647,protein_coding,Gastrula zinc finger protein XlCGF7.1-like  [Source:UniProtKB/TrEMBL;Acc:A0A8J2MA30],Cercopithifilaria johnstoni (PRJEB47283),protein_coding,cejohnprjeb47283
CJOHNSTONI_LOCUS760,rna-CJOHNSTONI_LOCUS760,360,protein_coding,BZIP domain-containing protein  [Source:UniProtKB/TrEMBL;Acc:A0A8J2PVU6],Cercopithifilaria johnstoni (PRJEB47283),protein_coding,cejohnprjeb47283
CJOHNSTONI_LOCUS4306,rna-CJOHNSTONI_LOCUS4306,292,protein_coding,Protein Wnt  [Source:UniProtKB/TrEMBL;Acc:A0A8J2M1D7],Cercopithifilaria johnstoni (PRJEB47283),protein_coding,cejohnprjeb47283
CJOHNSTONI_LOCUS10338,rna-CJOHNSTONI_LOCUS10338,243,protein_coding,EH domain-binding protein 1  [Source:UniProtKB/TrEMBL;Acc:A0A8J2PZ20],Cercopithifilaria johnstoni (PRJEB47283),protein_coding,cejohnprjeb47283
CJOHNSTONI_LOCUS692,rna-CJOHNSTONI_LOCUS692,237,protein_coding,dual-specificity kinase  [Source:UniProtKB/TrEMBL;Acc:A0A8J2Q886],Cercopithifilaria johnstoni (PRJEB47283),protein_coding,cejohnprjeb47283
CJOHNSTONI_LOCUS4165,rna-CJOHNSTONI_LOCUS4165,236,protein_coding,CPSF_A domain-containing protein  [Source:UniProtKB/TrEMBL;Acc:A0A8J2Q327],Cercopithifilaria johnstoni (PRJEB47283),protein_coding,cejohnprjeb47283
CJOHNSTONI_LOCUS6740,rna-CJOHNSTONI_LOCUS6740,228,protein_coding,C-type lectin domain-containing protein  [Source:UniProtKB/TrEMBL;Acc:A0A8J2MQP1],Cercopithifilaria johnstoni (PRJEB47283),protein_coding,cejohnprjeb47283
CJOHNSTONI_LOCUS1969,rna-CJOHNSTONI_LOCUS1969,141,protein_coding,,Cercopithifilaria johnstoni (PRJEB47283),protein_coding,cejohnprjeb47283
CJOHNSTONI_LOCUS8071,rna-CJOHNSTONI_LOCUS8071,218,protein_coding,mitogen-activated protein kinase kinase kinase  [Source:UniProtKB/TrEMBL;Acc:A0A8J2MSL1],Cercopithifilaria johnstoni (PRJEB47283),protein_coding,cejohnprjeb47283
CJOHNSTONI_LOCUS7902,rna-CJOHNSTONI_LOCUS7902,237,protein_coding,Homeobox domain-containing protein  [Source:UniProtKB/TrEMBL;Acc:A0A8J2Q2R6],Cercopithifilaria johnstoni (PRJEB47283),protein_coding,cejohnprjeb47283
CJOHNSTONI_LOCUS9143,rna-CJOHNSTONI_LOCUS9143,187,protein_coding,Conjugal transfer protein TraD  [Source:UniProtKB/TrEMBL;Acc:A0A8J2Q6Q2],Cercopithifilaria johnstoni (PRJEB47283),protein_coding,cejohnprjeb47283
CJOHNSTONI_LOCUS4462,rna-CJOHNSTONI_LOCUS4462,254,protein_coding,Eukaryotic translation initiation factor 3 subunit M  [Source:UniProtKB/TrEMBL;Acc:A0A8J2Q3A7],Cercopithifilaria johnstoni (PRJEB47283),protein_coding,cejohnprjeb47283
CJOHNSTONI_LOCUS9538,rna-CJOHNSTONI_LOCUS9538,206,protein_coding,Carn_acyltransf domain-containing protein  [Source:UniProtKB/TrEMBL;Acc:A0A8J2MDT6],Cercopithifilaria johnstoni (PRJEB47283),protein_coding,cejohnprjeb47283
CJOHNSTONI_LOCUS2434,rna-CJOHNSTONI_LOCUS2434,283,protein_coding,PNPLA domain-containing protein  [Source:UniProtKB/TrEMBL;Acc:A0A8J2LZS1],Cercopithifilaria johnstoni (PRJEB47283),protein_coding,cejohnprjeb47283
CJOHNSTONI_LOCUS900,rna-CJOHNSTONI_LOCUS900,131,protein_coding,Isocitrate dehydrogenase (NADP(+))  [Source:UniProtKB/TrEMBL;Acc:A0A8J2MI56],Cercopithifilaria johnstoni (PRJEB47283),protein_coding,cejohnprjeb47283
CJOHNSTONI_LOCUS8327,rna-CJOHNSTONI_LOCUS8327,210,protein_coding,Pre-mRNA-splicing factor SLU7  [Source:UniProtKB/TrEMBL;Acc:A0A8J2Q8S3],Cercopithifilaria johnstoni (PRJEB47283),protein_coding,cejohnprjeb47283
CJOHNSTONI_LOCUS7538,rna-CJOHNSTONI_LOCUS7538,257,protein_coding,GLTP domain-containing protein  [Source:UniProtKB/TrEMBL;Acc:A0A8J2Q5W4],Cercopithifilaria johnstoni (PRJEB47283),protein_coding,cejohnprjeb47283
CJOHNSTONI_LOCUS7610,rna-CJOHNSTONI_LOCUS7610,225,protein_coding,Protein-tyrosine phosphatase  [Source:UniProtKB/TrEMBL;Acc:A0A8J2Q2I8],Cercopithifilaria johnstoni (PRJEB47283),protein_coding,cejohnprjeb47283
CJOHNSTONI_LOCUS7523,rna-CJOHNSTONI_LOCUS7523,214,protein_coding,Protein S-acyltransferase  [Source:UniProtKB/TrEMBL;Acc:A0A8J2MBC1],Cercopithifilaria johnstoni (PRJEB47283),protein_coding,cejohnprjeb47283
CJOHNSTONI_LOCUS4467,rna-CJOHNSTONI_LOCUS4467,192,protein_coding,DRMBL domain-containing protein  [Source:UniProtKB/TrEMBL;Acc:A0A8J2MMM2],Cercopithifilaria johnstoni (PRJEB47283),protein_coding,cejohnprjeb47283
CJOHNSTONI_LOCUS8566,rna-CJOHNSTONI_LOCUS8566,172,protein_coding,Chitin-binding type-2 domain-containing protein  [Source:UniProtKB/TrEMBL;Acc:A0A8J2MC99],Cercopithifilaria johnstoni (PRJEB47283),protein_coding,cejohnprjeb47283
CJOHNSTONI_LOCUS7008,rna-CJOHNSTONI_LOCUS7008,209,protein_coding,Tetraspanin  [Source:UniProtKB/TrEMBL;Acc:A0A8J2Q8B7],Cercopithifilaria johnstoni (PRJEB47283),protein_coding,cejohnprjeb47283
CJOHNSTONI_LOCUS2922,rna-CJOHNSTONI_LOCUS2922,199,protein_coding,WD_REPEATS_REGION domain-containing protein  [Source:UniProtKB/TrEMBL;Acc:A0A8J2Q554],Cercopithifilaria johnstoni (PRJEB47283),protein_coding,cejohnprjeb47283
CJOHNSTONI_LOCUS3612,rna-CJOHNSTONI_LOCUS3612,174,protein_coding,Chromo domain-containing protein  [Source:UniProtKB/TrEMBL;Acc:A0A8J2LZZ5],Cercopithifilaria johnstoni (PRJEB47283),protein_coding,cejohnprjeb47283
CJOHNSTONI_LOCUS6791,rna-CJOHNSTONI_LOCUS6791,394,protein_coding,Nuclear hormone receptor E75  [Source:UniProtKB/TrEMBL;Acc:A0A8J2Q887],Cercopithifilaria johnstoni (PRJEB47283),protein_coding,cejohnprjeb47283
CJOHNSTONI_LOCUS6284,rna-CJOHNSTONI_LOCUS6284,392,protein_coding,Prisilkin-39-like  [Source:UniProtKB/TrEMBL;Acc:A0A8J2M8T3],Cercopithifilaria johnstoni (PRJEB47283),protein_coding,cejohnprjeb47283
CJOHNSTONI_LOCUS59,rna-CJOHNSTONI_LOCUS59,211,protein_coding,Programmed cell death protein 6  [Source:UniProtKB/TrEMBL;Acc:A0A8J2LV58],Cercopithifilaria johnstoni (PRJEB47283),protein_coding,cejohnprjeb47283
CJOHNSTONI_LOCUS4428,rna-CJOHNSTONI_LOCUS4428,137,protein_coding,Secreted protein  [Source:UniProtKB/TrEMBL;Acc:A0A8J2MN07],Cercopithifilaria johnstoni (PRJEB47283),protein_coding,cejohnprjeb47283
CJOHNSTONI_LOCUS4319,rna-CJOHNSTONI_LOCUS4319,259,protein_coding,Interferon-related developmental regulator 1  [Source:UniProtKB/TrEMBL;Acc:A0A8J2M5F8],Cercopithifilaria johnstoni (PRJEB47283),protein_coding,cejohnprjeb47283
CJOHNSTONI_LOCUS4218,rna-CJOHNSTONI_LOCUS4218,209,protein_coding,Carbonic anhydrase  [Source:UniProtKB/TrEMBL;Acc:A0A8J2PZQ2],Cercopithifilaria johnstoni (PRJEB47283),protein_coding,cejohnprjeb47283
CJOHNSTONI_LOCUS7707,rna-CJOHNSTONI_LOCUS7707,196,protein_coding,Probable RNA-binding protein EIF1AD  [Source:UniProtKB/TrEMBL;Acc:A0A8J2M1S5],Cercopithifilaria johnstoni (PRJEB47283),protein_coding,cejohnprjeb47283
CJOHNSTONI_LOCUS8756,rna-CJOHNSTONI_LOCUS8756,196,protein_coding,BH4_AAA_HYDROXYL_2 domain-containing protein  [Source:UniProtKB/TrEMBL;Acc:A0A8J2M3G9],Cercopithifilaria johnstoni (PRJEB47283),protein_coding,cejohnprjeb47283
CJOHNSTONI_LOCUS8996,rna-CJOHNSTONI_LOCUS8996,189,protein_coding,HORMA domain-containing protein  [Source:UniProtKB/TrEMBL;Acc:A0A8J2MTK7],Cercopithifilaria johnstoni (PRJEB47283),protein_coding,cejohnprjeb47283
CJOHNSTONI_LOCUS7837,rna-CJOHNSTONI_LOCUS7837,188,protein_coding,C2H2-type domain-containing protein  [Source:UniProtKB/TrEMBL;Acc:A0A8J2QAS4],Cercopithifilaria johnstoni (PRJEB47283),protein_coding,cejohnprjeb47283
CJOHNSTONI_LOCUS9478,rna-CJOHNSTONI_LOCUS9478,227,protein_coding,E3 ubiquitin-protein ligase  [Source:UniProtKB/TrEMBL;Acc:A0A8J2M4R2],Cercopithifilaria johnstoni (PRJEB47283),protein_coding,cejohnprjeb47283
CJOHNSTONI_LOCUS5604,rna-CJOHNSTONI_LOCUS5604,245,protein_coding,Glycine--tRNA ligase  [Source:UniProtKB/TrEMBL;Acc:A0A8J2M5D3],Cercopithifilaria johnstoni (PRJEB47283),protein_coding,cejohnprjeb47283
CJOHNSTONI_LOCUS911,rna-CJOHNSTONI_LOCUS911,229,protein_coding,,Cercopithifilaria johnstoni (PRJEB47283),protein_coding,cejohnprjeb47283
CJOHNSTONI_LOCUS6457,rna-CJOHNSTONI_LOCUS6457,1196,protein_coding,Maelstrom domain-containing protein  [Source:UniProtKB/TrEMBL;Acc:A0A8J2M653],Cercopithifilaria johnstoni (PRJEB47283),protein_coding,cejohnprjeb47283
CJOHNSTONI_LOCUS6513,rna-CJOHNSTONI_LOCUS6513,361,protein_coding,,Cercopithifilaria johnstoni (PRJEB47283),protein_coding,cejohnprjeb47283
CJOHNSTONI_LOCUS8470,rna-CJOHNSTONI_LOCUS8470,243,protein_coding,DnaJ homolog subfamily C member 2  [Source:UniProtKB/TrEMBL;Acc:A0A8J2MC63],Cercopithifilaria johnstoni (PRJEB47283),protein_coding,cejohnprjeb47283
CJOHNSTONI_LOCUS10180,rna-CJOHNSTONI_LOCUS10180,656,protein_coding,BESS domain-containing protein  [Source:UniProtKB/TrEMBL;Acc:A0A8J2M7P7],Cercopithifilaria johnstoni (PRJEB47283),protein_coding,cejohnprjeb47283
CJOHNSTONI_LOCUS1061,rna-CJOHNSTONI_LOCUS1061,226,protein_coding,MFS domain-containing protein  [Source:UniProtKB/TrEMBL;Acc:A0A8J2Q3L6],Cercopithifilaria johnstoni (PRJEB47283),protein_coding,cejohnprjeb47283
CJOHNSTONI_LOCUS7726,rna-CJOHNSTONI_LOCUS7726,224,protein_coding,Reverse transcriptase  [Source:UniProtKB/TrEMBL;Acc:A0A8J2MS47],Cercopithifilaria johnstoni (PRJEB47283),protein_coding,cejohnprjeb47283
CJOHNSTONI_LOCUS5854,rna-CJOHNSTONI_LOCUS5854,159,protein_coding,,Cercopithifilaria johnstoni (PRJEB47283),protein_coding,cejohnprjeb47283
CJOHNSTONI_LOCUS9418,rna-CJOHNSTONI_LOCUS9418,283,protein_coding,ATP-sensitive inward rectifier potassium channel 12  [Source:UniProtKB/TrEMBL;Acc:A0A8J2Q963],Cercopithifilaria johnstoni (PRJEB47283),protein_coding,cejohnprjeb47283
CJOHNSTONI_LOCUS8584,rna-CJOHNSTONI_LOCUS8584,148,protein_coding,Ion_trans domain-containing protein  [Source:UniProtKB/TrEMBL;Acc:A0A8J2PXF8],Cercopithifilaria johnstoni (PRJEB47283),protein_coding,cejohnprjeb47283
CJOHNSTONI_LOCUS65,rna-CJOHNSTONI_LOCUS65,183,protein_coding,Major sperm protein  [Source:UniProtKB/TrEMBL;Acc:A0A8J2PV85],Cercopithifilaria johnstoni (PRJEB47283),protein_coding,cejohnprjeb47283
CJOHNSTONI_LOCUS5685,rna-CJOHNSTONI_LOCUS5685,120,protein_coding,E3 ubiquitin-protein ligase PPP1R11  [Source:UniProtKB/TrEMBL;Acc:A0A8J2M5R0],Cercopithifilaria johnstoni (PRJEB47283),protein_coding,cejohnprjeb47283
CJOHNSTONI_LOCUS4011,rna-CJOHNSTONI_LOCUS4011,170,protein_coding,DUF3719 domain-containing protein  [Source:UniProtKB/TrEMBL;Acc:A0A8J2LV14],Cercopithifilaria johnstoni (PRJEB47283),protein_coding,cejohnprjeb47283
CJOHNSTONI_LOCUS3003,rna-CJOHNSTONI_LOCUS3003,280,protein_coding,C-type lectin domain-containing protein  [Source:UniProtKB/TrEMBL;Acc:A0A8J2LZH3],Cercopithifilaria johnstoni (PRJEB47283),protein_coding,cejohnprjeb47283
CJOHNSTONI_LOCUS4092,rna-CJOHNSTONI_LOCUS4092,216,protein_coding,,Cercopithifilaria johnstoni (PRJEB47283),protein_coding,cejohnprjeb47283
CJOHNSTONI_LOCUS3334,rna-CJOHNSTONI_LOCUS3334,788,protein_coding,POU domain protein  [Source:UniProtKB/TrEMBL;Acc:A0A8J2M3T4],Cercopithifilaria johnstoni (PRJEB47283),protein_coding,cejohnprjeb47283
CJOHNSTONI_LOCUS5369,rna-CJOHNSTONI_LOCUS5369,494,protein_coding,POU domain protein  [Source:UniProtKB/TrEMBL;Acc:A0A8J2MP17],Cercopithifilaria johnstoni (PRJEB47283),protein_coding,cejohnprjeb47283
CJOHNSTONI_LOCUS10502,rna-CJOHNSTONI_LOCUS10502,1178,protein_coding,VWFA domain-containing protein  [Source:UniProtKB/TrEMBL;Acc:A0A8J2MVY3],Cercopithifilaria johnstoni (PRJEB47283),protein_coding,cejohnprjeb47283
CJOHNSTONI_LOCUS5043,rna-CJOHNSTONI_LOCUS5043,233,protein_coding,,Cercopithifilaria johnstoni (PRJEB47283),protein_coding,cejohnprjeb47283
CJOHNSTONI_LOCUS5267,rna-CJOHNSTONI_LOCUS5267,194,protein_coding,Autophagy-related protein 101  [Source:UniProtKB/TrEMBL;Acc:A0A8J2M4S1],Cercopithifilaria johnstoni (PRJEB47283),protein_coding,cejohnprjeb47283
CJOHNSTONI_LOCUS6865,rna-CJOHNSTONI_LOCUS6865,192,protein_coding,Kinase  [Source:UniProtKB/TrEMBL;Acc:A0A8J2M0N0],Cercopithifilaria johnstoni (PRJEB47283),protein_coding,cejohnprjeb47283
CJOHNSTONI_LOCUS6904,rna-CJOHNSTONI_LOCUS6904,692,protein_coding,Major sperm protein  [Source:UniProtKB/TrEMBL;Acc:A0A8J2Q5I2],Cercopithifilaria johnstoni (PRJEB47283),protein_coding,cejohnprjeb47283
CJOHNSTONI_LOCUS3387,rna-CJOHNSTONI_LOCUS3387,192,protein_coding,Ribosomal protein S20  [Source:UniProtKB/TrEMBL;Acc:A0A8J2LTT5],Cercopithifilaria johnstoni (PRJEB47283),protein_coding,cejohnprjeb47283
CJOHNSTONI_LOCUS5334,rna-CJOHNSTONI_LOCUS5334,286,protein_coding,F-box domain-containing protein  [Source:UniProtKB/TrEMBL;Acc:A0A8J2PTR3],Cercopithifilaria johnstoni (PRJEB47283),protein_coding,cejohnprjeb47283
CJOHNSTONI_LOCUS8827,rna-CJOHNSTONI_LOCUS8827,186,protein_coding,,Cercopithifilaria johnstoni (PRJEB47283),protein_coding,cejohnprjeb47283
CJOHNSTONI_LOCUS10523,rna-CJOHNSTONI_LOCUS10523,168,protein_coding,"phosphatidylinositol-4,5-bisphosphate 4-phosphatase  [Source:UniProtKB/TrEMBL;Acc:A0A8J2Q9M5]",Cercopithifilaria johnstoni (PRJEB47283),protein_coding,cejohnprjeb47283
CJOHNSTONI_LOCUS3317,rna-CJOHNSTONI_LOCUS3317,164,protein_coding,Protein quiver  [Source:UniProtKB/TrEMBL;Acc:A0A8J2LQT9],Cercopithifilaria johnstoni (PRJEB47283),protein_coding,cejohnprjeb47283
CJOHNSTONI_LOCUS3519,rna-CJOHNSTONI_LOCUS3519,164,protein_coding,BTB domain-containing protein  [Source:UniProtKB/TrEMBL;Acc:A0A8J2M173],Cercopithifilaria johnstoni (PRJEB47283),protein_coding,cejohnprjeb47283
CJOHNSTONI_LOCUS1757,rna-CJOHNSTONI_LOCUS1757,161,protein_coding,ADP-ribosylation factor  [Source:UniProtKB/TrEMBL;Acc:A0A8J2MJJ4],Cercopithifilaria johnstoni (PRJEB47283),protein_coding,cejohnprjeb47283
CJOHNSTONI_LOCUS3112,rna-CJOHNSTONI_LOCUS3112,140,protein_coding,Fork-head domain-containing protein  [Source:UniProtKB/TrEMBL;Acc:A0A8J2M144],Cercopithifilaria johnstoni (PRJEB47283),protein_coding,cejohnprjeb47283
CJOHNSTONI_LOCUS8547,rna-CJOHNSTONI_LOCUS8547,197,protein_coding,HTH psq-type domain-containing protein  [Source:UniProtKB/TrEMBL;Acc:A0A8J2MT08],Cercopithifilaria johnstoni (PRJEB47283),protein_coding,cejohnprjeb47283
CJOHNSTONI_LOCUS7056,rna-CJOHNSTONI_LOCUS7056,220,protein_coding,,Cercopithifilaria johnstoni (PRJEB47283),protein_coding,cejohnprjeb47283
CJOHNSTONI_LOCUS5813,rna-CJOHNSTONI_LOCUS5813,102,protein_coding,Sm protein F  [Source:UniProtKB/TrEMBL;Acc:A0A8J2M6F8],Cercopithifilaria johnstoni (PRJEB47283),protein_coding,cejohnprjeb47283
CJOHNSTONI_LOCUS6703,rna-CJOHNSTONI_LOCUS6703,473,protein_coding,Glycogenin-1  [Source:UniProtKB/TrEMBL;Acc:A0A8J2M9P6],Cercopithifilaria johnstoni (PRJEB47283),protein_coding,cejohnprjeb47283
CJOHNSTONI_LOCUS7494,rna-CJOHNSTONI_LOCUS7494,272,protein_coding,Protein kinase domain-containing protein  [Source:UniProtKB/TrEMBL;Acc:A0A8J2M838],Cercopithifilaria johnstoni (PRJEB47283),protein_coding,cejohnprjeb47283
CJOHNSTONI_LOCUS6501,rna-CJOHNSTONI_LOCUS6501,188,protein_coding,Putative tRNA (cytidine(32)/guanosine(34)-2'-O)-methyltransferase  [Source:UniProtKB/TrEMBL;Acc:A0A8J2M7M8],Cercopithifilaria johnstoni (PRJEB47283),protein_coding,cejohnprjeb47283
CJOHNSTONI_LOCUS3810,rna-CJOHNSTONI_LOCUS3810,428,protein_coding,PINc domain-containing protein  [Source:UniProtKB/TrEMBL;Acc:A0A8J2M268],Cercopithifilaria johnstoni (PRJEB47283),protein_coding,cejohnprjeb47283
CJOHNSTONI_LOCUS8452,rna-CJOHNSTONI_LOCUS8452,221,protein_coding,Protein kinase domain-containing protein  [Source:UniProtKB/TrEMBL;Acc:A0A8J2M2Z1],Cercopithifilaria johnstoni (PRJEB47283),protein_coding,cejohnprjeb47283
CJOHNSTONI_LOCUS2346,rna-CJOHNSTONI_LOCUS2346,169,protein_coding,POP1 domain-containing protein  [Source:UniProtKB/TrEMBL;Acc:A0A8J2LZN2],Cercopithifilaria johnstoni (PRJEB47283),protein_coding,cejohnprjeb47283
CJOHNSTONI_LOCUS1404,rna-CJOHNSTONI_LOCUS1404,485,protein_coding,,Cercopithifilaria johnstoni (PRJEB47283),protein_coding,cejohnprjeb47283
CJOHNSTONI_LOCUS7746,rna-CJOHNSTONI_LOCUS7746,281,protein_coding,,Cercopithifilaria johnstoni (PRJEB47283),protein_coding,cejohnprjeb47283
CJOHNSTONI_LOCUS2993,rna-CJOHNSTONI_LOCUS2993,267,protein_coding,THO complex subunit 2  [Source:UniProtKB/TrEMBL;Acc:A0A8J2PYK8],Cercopithifilaria johnstoni (PRJEB47283),protein_coding,cejohnprjeb47283
CJOHNSTONI_LOCUS4383,rna-CJOHNSTONI_LOCUS4383,272,protein_coding,DUF4457 domain-containing protein  [Source:UniProtKB/TrEMBL;Acc:A0A8J2M1I2],Cercopithifilaria johnstoni (PRJEB47283),protein_coding,cejohnprjeb47283
CJOHNSTONI_LOCUS8508,rna-CJOHNSTONI_LOCUS8508,245,protein_coding,G_PROTEIN_RECEP_F1_2 domain-containing protein  [Source:UniProtKB/TrEMBL;Acc:A0A8J2M324],Cercopithifilaria johnstoni (PRJEB47283),protein_coding,cejohnprjeb47283
CJOHNSTONI_LOCUS1272,rna-CJOHNSTONI_LOCUS1272,219,protein_coding,Ion channel  [Source:UniProtKB/TrEMBL;Acc:A0A8J2Q3S1],Cercopithifilaria johnstoni (PRJEB47283),protein_coding,cejohnprjeb47283
CJOHNSTONI_LOCUS9187,rna-CJOHNSTONI_LOCUS9187,226,protein_coding,"Aspartate--tRNA ligase, cytoplasmic  [Source:UniProtKB/TrEMBL;Acc:A0A8J2MTT8]",Cercopithifilaria johnstoni (PRJEB47283),protein_coding,cejohnprjeb47283
CJOHNSTONI_LOCUS1125,rna-CJOHNSTONI_LOCUS1125,190,protein_coding,Cell wall surface anchor family protein  [Source:UniProtKB/TrEMBL;Acc:A0A8J2MII1],Cercopithifilaria johnstoni (PRJEB47283),protein_coding,cejohnprjeb47283
CJOHNSTONI_LOCUS9099,rna-CJOHNSTONI_LOCUS9099,218,protein_coding,RPA_C domain-containing protein  [Source:UniProtKB/TrEMBL;Acc:A0A8J2PXW8],Cercopithifilaria johnstoni (PRJEB47283),protein_coding,cejohnprjeb47283
CJOHNSTONI_LOCUS10575,rna-CJOHNSTONI_LOCUS10575,167,protein_coding,Rhodanese domain-containing protein  [Source:UniProtKB/TrEMBL;Acc:A0A8J2Q7J1],Cercopithifilaria johnstoni (PRJEB47283),protein_coding,cejohnprjeb47283
CJOHNSTONI_LOCUS1832,rna-CJOHNSTONI_LOCUS1832,158,protein_coding,Collagen alpha-1(I) chain-like  [Source:UniProtKB/TrEMBL;Acc:A0A8J2Q465],Cercopithifilaria johnstoni (PRJEB47283),protein_coding,cejohnprjeb47283
CJOHNSTONI_LOCUS4721,rna-CJOHNSTONI_LOCUS4721,157,protein_coding,Lissencephaly-1 homolog  [Source:UniProtKB/TrEMBL;Acc:A0A8J2MMU2],Cercopithifilaria johnstoni (PRJEB47283),protein_coding,cejohnprjeb47283
CJOHNSTONI_LOCUS6072,rna-CJOHNSTONI_LOCUS6072,307,protein_coding,LysM domain-containing protein  [Source:UniProtKB/TrEMBL;Acc:A0A8J2M628],Cercopithifilaria johnstoni (PRJEB47283),protein_coding,cejohnprjeb47283
CJOHNSTONI_LOCUS6487,rna-CJOHNSTONI_LOCUS6487,276,protein_coding,Myosin motor domain-containing protein  [Source:UniProtKB/TrEMBL;Acc:A0A8J2M727],Cercopithifilaria johnstoni (PRJEB47283),protein_coding,cejohnprjeb47283
CJOHNSTONI_LOCUS8913,rna-CJOHNSTONI_LOCUS8913,749,protein_coding,Gastrula zinc finger protein XlCGF7.1-like  [Source:UniProtKB/TrEMBL;Acc:A0A8J2MB04],Cercopithifilaria johnstoni (PRJEB47283),protein_coding,cejohnprjeb47283
CJOHNSTONI_LOCUS6199,rna-CJOHNSTONI_LOCUS6199,203,protein_coding,CDGSH iron-sulfur domain-containing protein 2 homolog  [Source:UniProtKB/TrEMBL;Acc:A0A8J2M5K0],Cercopithifilaria johnstoni (PRJEB47283),protein_coding,cejohnprjeb47283
CJOHNSTONI_LOCUS4729,rna-CJOHNSTONI_LOCUS4729,229,protein_coding,Myb_DNA-bind_3 domain-containing protein  [Source:UniProtKB/TrEMBL;Acc:A0A8J2PT86],Cercopithifilaria johnstoni (PRJEB47283),protein_coding,cejohnprjeb47283
CJOHNSTONI_LOCUS2319,rna-CJOHNSTONI_LOCUS2319,260,protein_coding,TMC domain-containing protein  [Source:UniProtKB/TrEMBL;Acc:A0A8J2Q933],Cercopithifilaria johnstoni (PRJEB47283),protein_coding,cejohnprjeb47283
CJOHNSTONI_LOCUS6568,rna-CJOHNSTONI_LOCUS6568,217,protein_coding,,Cercopithifilaria johnstoni (PRJEB47283),protein_coding,cejohnprjeb47283
CJOHNSTONI_LOCUS10080,rna-CJOHNSTONI_LOCUS10080,212,protein_coding,26S proteasome regulatory subunit 7  [Source:UniProtKB/TrEMBL;Acc:A0A8J2PYS9],Cercopithifilaria johnstoni (PRJEB47283),protein_coding,cejohnprjeb47283
CJOHNSTONI_LOCUS8776,rna-CJOHNSTONI_LOCUS8776,144,protein_coding,,Cercopithifilaria johnstoni (PRJEB47283),protein_coding,cejohnprjeb47283
CJOHNSTONI_LOCUS7876,rna-CJOHNSTONI_LOCUS7876,224,protein_coding,EF-hand domain-containing protein  [Source:UniProtKB/TrEMBL;Acc:A0A8J2QAS7],Cercopithifilaria johnstoni (PRJEB47283),protein_coding,cejohnprjeb47283
CJOHNSTONI_LOCUS1735,rna-CJOHNSTONI_LOCUS1735,191,protein_coding,Serine/threonine-protein phosphatase  [Source:UniProtKB/TrEMBL;Acc:A0A8J2PQQ5],Cercopithifilaria johnstoni (PRJEB47283),protein_coding,cejohnprjeb47283
CJOHNSTONI_LOCUS1424,rna-CJOHNSTONI_LOCUS1424,224,protein_coding,Zinc finger protein  [Source:UniProtKB/TrEMBL;Acc:A0A8J2LVY7],Cercopithifilaria johnstoni (PRJEB47283),protein_coding,cejohnprjeb47283
CJOHNSTONI_LOCUS745,rna-CJOHNSTONI_LOCUS745,418,protein_coding,Teneurin-m  [Source:UniProtKB/TrEMBL;Acc:A0A8J2Q894],Cercopithifilaria johnstoni (PRJEB47283),protein_coding,cejohnprjeb47283
CJOHNSTONI_LOCUS141,rna-CJOHNSTONI_LOCUS141,200,protein_coding,t-SNARE coiled-coil homology domain-containing protein  [Source:UniProtKB/TrEMBL;Acc:A0A8J2MHP2],Cercopithifilaria johnstoni (PRJEB47283),protein_coding,cejohnprjeb47283
CJOHNSTONI_LOCUS2945,rna-CJOHNSTONI_LOCUS2945,248,protein_coding,"4-hydroxybenzoate polyprenyltransferase, mitochondrial  [Source:UniProtKB/TrEMBL;Acc:A0A8J2MLG9]",Cercopithifilaria johnstoni (PRJEB47283),protein_coding,cejohnprjeb47283
CJOHNSTONI_LOCUS4994,rna-CJOHNSTONI_LOCUS4994,265,protein_coding,Peptidase M12B domain-containing protein  [Source:UniProtKB/TrEMBL;Acc:A0A8J2M4A1],Cercopithifilaria johnstoni (PRJEB47283),protein_coding,cejohnprjeb47283
CJOHNSTONI_LOCUS7533,rna-CJOHNSTONI_LOCUS7533,240,protein_coding,Calponin-homology (CH) domain-containing protein  [Source:UniProtKB/TrEMBL;Acc:A0A8J2M9E3],Cercopithifilaria johnstoni (PRJEB47283),protein_coding,cejohnprjeb47283
CJOHNSTONI_LOCUS8347,rna-CJOHNSTONI_LOCUS8347,197,protein_coding,sphingolipid 4-desaturase  [Source:UniProtKB/TrEMBL;Acc:A0A8J2MSZ2],Cercopithifilaria johnstoni (PRJEB47283),protein_coding,cejohnprjeb47283
CJOHNSTONI_LOCUS670,rna-CJOHNSTONI_LOCUS670,289,protein_coding,SWI/SNF-related matrix-associated actin-dependent regulator of chromatin subfamily A-like protein 1  [Source:UniProtKB/TrEMBL;Acc:A0A8J2LWA6],Cercopithifilaria johnstoni (PRJEB47283),protein_coding,cejohnprjeb47283
CJOHNSTONI_LOCUS4228,rna-CJOHNSTONI_LOCUS4228,983,protein_coding,non-specific serine/threonine protein kinase  [Source:UniProtKB/TrEMBL;Acc:A0A8J2M2F4],Cercopithifilaria johnstoni (PRJEB47283),protein_coding,cejohnprjeb47283
CJOHNSTONI_LOCUS8152,rna-CJOHNSTONI_LOCUS8152,247,protein_coding,HYLS1_C domain-containing protein  [Source:UniProtKB/TrEMBL;Acc:A0A8J2M9G1],Cercopithifilaria johnstoni (PRJEB47283),protein_coding,cejohnprjeb47283
CJOHNSTONI_LOCUS1867,rna-CJOHNSTONI_LOCUS1867,356,protein_coding,Secreted protein  [Source:UniProtKB/TrEMBL;Acc:A0A8J2LWZ5],Cercopithifilaria johnstoni (PRJEB47283),protein_coding,cejohnprjeb47283
CJOHNSTONI_LOCUS4879,rna-CJOHNSTONI_LOCUS4879,218,protein_coding,PH domain-containing protein  [Source:UniProtKB/TrEMBL;Acc:A0A8J2Q3V3],Cercopithifilaria johnstoni (PRJEB47283),protein_coding,cejohnprjeb47283
CJOHNSTONI_LOCUS4373,rna-CJOHNSTONI_LOCUS4373,214,protein_coding,Ubiquitin carboxyl-terminal hydrolase  [Source:UniProtKB/TrEMBL;Acc:A0A8J2M3C9],Cercopithifilaria johnstoni (PRJEB47283),protein_coding,cejohnprjeb47283
CJOHNSTONI_LOCUS301,rna-CJOHNSTONI_LOCUS301,208,protein_coding,rRNA adenine N(6)-methyltransferase  [Source:UniProtKB/TrEMBL;Acc:A0A8J2LVD6],Cercopithifilaria johnstoni (PRJEB47283),protein_coding,cejohnprjeb47283
CJOHNSTONI_LOCUS9585,rna-CJOHNSTONI_LOCUS9585,238,protein_coding,ADP-ribosylation factor-related protein 1  [Source:UniProtKB/TrEMBL;Acc:A0A8J2Q987],Cercopithifilaria johnstoni (PRJEB47283),protein_coding,cejohnprjeb47283
CJOHNSTONI_LOCUS10564,rna-CJOHNSTONI_LOCUS10564,244,protein_coding,Amastin-like protein  [Source:UniProtKB/TrEMBL;Acc:A0A8J2QBC3],Cercopithifilaria johnstoni (PRJEB47283),protein_coding,cejohnprjeb47283
CJOHNSTONI_LOCUS1641,rna-CJOHNSTONI_LOCUS1641,254,protein_coding,Secreted protein  [Source:UniProtKB/TrEMBL;Acc:A0A8J2MK03],Cercopithifilaria johnstoni (PRJEB47283),protein_coding,cejohnprjeb47283
CJOHNSTONI_LOCUS2002,rna-CJOHNSTONI_LOCUS2002,237,protein_coding,U4/U6.U5 tri-snRNP-associated protein 2  [Source:UniProtKB/TrEMBL;Acc:A0A8J2M1Q5],Cercopithifilaria johnstoni (PRJEB47283),protein_coding,cejohnprjeb47283
CJOHNSTONI_LOCUS6714,rna-CJOHNSTONI_LOCUS6714,287,protein_coding,Ovule protein  [Source:UniProtKB/TrEMBL;Acc:A0A8J2M0K2],Cercopithifilaria johnstoni (PRJEB47283),protein_coding,cejohnprjeb47283
CJOHNSTONI_LOCUS6375,rna-CJOHNSTONI_LOCUS6375,605,protein_coding,Zinc finger protein 239-like  [Source:UniProtKB/TrEMBL;Acc:A0A8J2MQC4],Cercopithifilaria johnstoni (PRJEB47283),protein_coding,cejohnprjeb47283
CJOHNSTONI_LOCUS2932,rna-CJOHNSTONI_LOCUS2932,230,protein_coding,ABC transporter ATP-binding protein  [Source:UniProtKB/TrEMBL;Acc:A0A8J2M356],Cercopithifilaria johnstoni (PRJEB47283),protein_coding,cejohnprjeb47283
CJOHNSTONI_LOCUS9823,rna-CJOHNSTONI_LOCUS9823,218,protein_coding,G_PROTEIN_RECEP_F2_4 domain-containing protein  [Source:UniProtKB/TrEMBL;Acc:A0A8J2Q470],Cercopithifilaria johnstoni (PRJEB47283),protein_coding,cejohnprjeb47283
CJOHNSTONI_LOCUS5715,rna-CJOHNSTONI_LOCUS5715,212,protein_coding,Far upstream element-binding protein 1  [Source:UniProtKB/TrEMBL;Acc:A0A8J2M5J9],Cercopithifilaria johnstoni (PRJEB47283),protein_coding,cejohnprjeb47283
CJOHNSTONI_LOCUS8481,rna-CJOHNSTONI_LOCUS8481,254,protein_coding,,Cercopithifilaria johnstoni (PRJEB47283),protein_coding,cejohnprjeb47283
CJOHNSTONI_LOCUS1926,rna-CJOHNSTONI_LOCUS1926,208,protein_coding,SHSP domain-containing protein  [Source:UniProtKB/TrEMBL;Acc:A0A8J2LWQ6],Cercopithifilaria johnstoni (PRJEB47283),protein_coding,cejohnprjeb47283
CJOHNSTONI_LOCUS4193,rna-CJOHNSTONI_LOCUS4193,198,protein_coding,Utp12 domain-containing protein  [Source:UniProtKB/TrEMBL;Acc:A0A8J2LSP3],Cercopithifilaria johnstoni (PRJEB47283),protein_coding,cejohnprjeb47283
CJOHNSTONI_LOCUS10337,rna-CJOHNSTONI_LOCUS10337,197,protein_coding,DB domain-containing protein  [Source:UniProtKB/TrEMBL;Acc:A0A8J2Q9J9],Cercopithifilaria johnstoni (PRJEB47283),protein_coding,cejohnprjeb47283
CJOHNSTONI_LOCUS5956,rna-CJOHNSTONI_LOCUS5956,194,protein_coding,Smr domain-containing protein  [Source:UniProtKB/TrEMBL;Acc:A0A8J2MPS2],Cercopithifilaria johnstoni (PRJEB47283),protein_coding,cejohnprjeb47283
CJOHNSTONI_LOCUS5972,rna-CJOHNSTONI_LOCUS5972,194,protein_coding,Cytochrome c domain-containing protein  [Source:UniProtKB/TrEMBL;Acc:A0A8J2M6Q7],Cercopithifilaria johnstoni (PRJEB47283),protein_coding,cejohnprjeb47283
CJOHNSTONI_LOCUS7898,rna-CJOHNSTONI_LOCUS7898,335,protein_coding,DNA-directed RNA polymerase III subunit RPC4  [Source:UniProtKB/TrEMBL;Acc:A0A8J2M9C2],Cercopithifilaria johnstoni (PRJEB47283),protein_coding,cejohnprjeb47283
CJOHNSTONI_LOCUS9646,rna-CJOHNSTONI_LOCUS9646,779,protein_coding,SCHIP-1 domain-containing protein  [Source:UniProtKB/TrEMBL;Acc:A0A8J2MUD1],Cercopithifilaria johnstoni (PRJEB47283),protein_coding,cejohnprjeb47283
CJOHNSTONI_LOCUS7438,rna-CJOHNSTONI_LOCUS7438,299,protein_coding,BAG domain-containing protein  [Source:UniProtKB/TrEMBL;Acc:A0A8J2Q2D3],Cercopithifilaria johnstoni (PRJEB47283),protein_coding,cejohnprjeb47283
CJOHNSTONI_LOCUS2831,rna-CJOHNSTONI_LOCUS2831,251,protein_coding,GATA-type domain-containing protein  [Source:UniProtKB/TrEMBL;Acc:A0A8J2MKU4],Cercopithifilaria johnstoni (PRJEB47283),protein_coding,cejohnprjeb47283
CJOHNSTONI_LOCUS6246,rna-CJOHNSTONI_LOCUS6246,216,protein_coding,Lipase_3 domain-containing protein  [Source:UniProtKB/TrEMBL;Acc:A0A8J2M703],Cercopithifilaria johnstoni (PRJEB47283),protein_coding,cejohnprjeb47283
CJOHNSTONI_LOCUS551,rna-CJOHNSTONI_LOCUS551,191,protein_coding,Eukaryotic translation initiation factor 3 subunit L  [Source:UniProtKB/TrEMBL;Acc:A0A8J2Q859],Cercopithifilaria johnstoni (PRJEB47283),protein_coding,cejohnprjeb47283
CJOHNSTONI_LOCUS7511,rna-CJOHNSTONI_LOCUS7511,225,protein_coding,SH2 domain-containing protein  [Source:UniProtKB/TrEMBL;Acc:A0A8J2MBB3],Cercopithifilaria johnstoni (PRJEB47283),protein_coding,cejohnprjeb47283
CJOHNSTONI_LOCUS785,rna-CJOHNSTONI_LOCUS785,256,protein_coding,NR LBD domain-containing protein  [Source:UniProtKB/TrEMBL;Acc:A0A8J2LWW5],Cercopithifilaria johnstoni (PRJEB47283),protein_coding,cejohnprjeb47283
CJOHNSTONI_LOCUS4637,rna-CJOHNSTONI_LOCUS4637,224,protein_coding,Transposase  [Source:UniProtKB/TrEMBL;Acc:A0A8J2Q706],Cercopithifilaria johnstoni (PRJEB47283),protein_coding,cejohnprjeb47283
CJOHNSTONI_LOCUS3729,rna-CJOHNSTONI_LOCUS3729,218,protein_coding,UDENN domain-containing protein  [Source:UniProtKB/TrEMBL;Acc:A0A8J2LRN9],Cercopithifilaria johnstoni (PRJEB47283),protein_coding,cejohnprjeb47283
CJOHNSTONI_LOCUS3420,rna-CJOHNSTONI_LOCUS3420,172,protein_coding,Prohormone-4  [Source:UniProtKB/TrEMBL;Acc:A0A8J2M1M1],Cercopithifilaria johnstoni (PRJEB47283),protein_coding,cejohnprjeb47283
CJOHNSTONI_LOCUS3229,rna-CJOHNSTONI_LOCUS3229,221,protein_coding,Eukaryotic translation initiation factor 3 subunit K  [Source:UniProtKB/TrEMBL;Acc:A0A8J2Q5E2],Cercopithifilaria johnstoni (PRJEB47283),protein_coding,cejohnprjeb47283
CJOHNSTONI_LOCUS5793,rna-CJOHNSTONI_LOCUS5793,194,protein_coding,Protein E6  [Source:UniProtKB/TrEMBL;Acc:A0A8J2Q108],Cercopithifilaria johnstoni (PRJEB47283),protein_coding,cejohnprjeb47283
CJOHNSTONI_LOCUS409,rna-CJOHNSTONI_LOCUS409,161,protein_coding,RRM domain-containing protein  [Source:UniProtKB/TrEMBL;Acc:A0A8J2LVS8],Cercopithifilaria johnstoni (PRJEB47283),protein_coding,cejohnprjeb47283
CJOHNSTONI_LOCUS2127,rna-CJOHNSTONI_LOCUS2127,166,protein_coding,TACC_C domain-containing protein  [Source:UniProtKB/TrEMBL;Acc:A0A8J2LR87],Cercopithifilaria johnstoni (PRJEB47283),protein_coding,cejohnprjeb47283
CJOHNSTONI_LOCUS4308,rna-CJOHNSTONI_LOCUS4308,156,protein_coding,,Cercopithifilaria johnstoni (PRJEB47283),protein_coding,cejohnprjeb47283
CJOHNSTONI_LOCUS8202,rna-CJOHNSTONI_LOCUS8202,329,protein_coding,Transcription elongation regulator 1  [Source:UniProtKB/TrEMBL;Acc:A0A8J2PX45],Cercopithifilaria johnstoni (PRJEB47283),protein_coding,cejohnprjeb47283
CJOHNSTONI_LOCUS609,rna-CJOHNSTONI_LOCUS609,116,protein_coding,Secreted protein  [Source:UniProtKB/TrEMBL;Acc:A0A8J2LNJ0],Cercopithifilaria johnstoni (PRJEB47283),protein_coding,cejohnprjeb47283
CJOHNSTONI_LOCUS9490,rna-CJOHNSTONI_LOCUS9490,269,protein_coding,CXXC-type domain-containing protein  [Source:UniProtKB/TrEMBL;Acc:A0A8J2QB45],Cercopithifilaria johnstoni (PRJEB47283),protein_coding,cejohnprjeb47283
CJOHNSTONI_LOCUS3881,rna-CJOHNSTONI_LOCUS3881,177,protein_coding,MYND-type domain-containing protein  [Source:UniProtKB/TrEMBL;Acc:A0A8J2Q2U7],Cercopithifilaria johnstoni (PRJEB47283),protein_coding,cejohnprjeb47283
CJOHNSTONI_LOCUS9546,rna-CJOHNSTONI_LOCUS9546,375,protein_coding,CUB domain-containing protein  [Source:UniProtKB/TrEMBL;Acc:A0A8J2M5Z8],Cercopithifilaria johnstoni (PRJEB47283),protein_coding,cejohnprjeb47283
CJOHNSTONI_LOCUS6649,rna-CJOHNSTONI_LOCUS6649,160,protein_coding,Diguanylate cyclase  [Source:UniProtKB/TrEMBL;Acc:A0A8J2MQK3],Cercopithifilaria johnstoni (PRJEB47283),protein_coding,cejohnprjeb47283
CJOHNSTONI_LOCUS7413,rna-CJOHNSTONI_LOCUS7413,86,protein_coding,GTP-binding protein  [Source:UniProtKB/TrEMBL;Acc:A0A8J2Q2C6],Cercopithifilaria johnstoni (PRJEB47283),protein_coding,cejohnprjeb47283
CJOHNSTONI_LOCUS2967,rna-CJOHNSTONI_LOCUS2967,197,protein_coding,Alpha-carbonic anhydrase domain-containing protein  [Source:UniProtKB/TrEMBL;Acc:A0A8J2PYJ9],Cercopithifilaria johnstoni (PRJEB47283),protein_coding,cejohnprjeb47283
CJOHNSTONI_LOCUS5150,rna-CJOHNSTONI_LOCUS5150,205,protein_coding,40S ribosomal protein S11  [Source:UniProtKB/TrEMBL;Acc:A0A8J2Q429],Cercopithifilaria johnstoni (PRJEB47283),protein_coding,cejohnprjeb47283
CJOHNSTONI_LOCUS9863,rna-CJOHNSTONI_LOCUS9863,189,protein_coding,CAP10 domain-containing protein  [Source:UniProtKB/TrEMBL;Acc:A0A8J2PYK7],Cercopithifilaria johnstoni (PRJEB47283),protein_coding,cejohnprjeb47283
CJOHNSTONI_LOCUS500,rna-CJOHNSTONI_LOCUS500,295,protein_coding,TolA protein  [Source:UniProtKB/TrEMBL;Acc:A0A8J2LYS9],Cercopithifilaria johnstoni (PRJEB47283),protein_coding,cejohnprjeb47283
CJOHNSTONI_LOCUS9477,rna-CJOHNSTONI_LOCUS9477,291,protein_coding,Aa_trans domain-containing protein  [Source:UniProtKB/TrEMBL;Acc:A0A8J2QB44],Cercopithifilaria johnstoni (PRJEB47283),protein_coding,cejohnprjeb47283
CJOHNSTONI_LOCUS1268,rna-CJOHNSTONI_LOCUS1268,239,protein_coding,REJ domain-containing protein  [Source:UniProtKB/TrEMBL;Acc:A0A8J2LXM8],Cercopithifilaria johnstoni (PRJEB47283),protein_coding,cejohnprjeb47283
CJOHNSTONI_LOCUS2533,rna-CJOHNSTONI_LOCUS2533,161,protein_coding,Small basic protein  [Source:UniProtKB/TrEMBL;Acc:A0A8J2LZY4],Cercopithifilaria johnstoni (PRJEB47283),protein_coding,cejohnprjeb47283
CJOHNSTONI_LOCUS6824,rna-CJOHNSTONI_LOCUS6824,159,protein_coding,Troponin i  [Source:UniProtKB/TrEMBL;Acc:A0A8J2QAJ9],Cercopithifilaria johnstoni (PRJEB47283),protein_coding,cejohnprjeb47283
CJOHNSTONI_LOCUS4728,rna-CJOHNSTONI_LOCUS4728,146,protein_coding,,Cercopithifilaria johnstoni (PRJEB47283),protein_coding,cejohnprjeb47283
CJOHNSTONI_LOCUS9103,rna-CJOHNSTONI_LOCUS9103,221,protein_coding,E3 ubiquitin-protein ligase CBL  [Source:UniProtKB/TrEMBL;Acc:A0A8J2M437],Cercopithifilaria johnstoni (PRJEB47283),protein_coding,cejohnprjeb47283
CJOHNSTONI_LOCUS6032,rna-CJOHNSTONI_LOCUS6032,202,protein_coding,E3 ubiquitin-protein transferase MAEA  [Source:UniProtKB/TrEMBL;Acc:A0A8J2Q186],Cercopithifilaria johnstoni (PRJEB47283),protein_coding,cejohnprjeb47283
CJOHNSTONI_LOCUS10054,rna-CJOHNSTONI_LOCUS10054,242,protein_coding,Transmembrane protein  [Source:UniProtKB/TrEMBL;Acc:A0A8J2Q4D9],Cercopithifilaria johnstoni (PRJEB47283),protein_coding,cejohnprjeb47283
CJOHNSTONI_LOCUS1526,rna-CJOHNSTONI_LOCUS1526,704,protein_coding,LSDAT_euk domain-containing protein  [Source:UniProtKB/TrEMBL;Acc:A0A8J2Q8M5],Cercopithifilaria johnstoni (PRJEB47283),protein_coding,cejohnprjeb47283
CJOHNSTONI_LOCUS4887,rna-CJOHNSTONI_LOCUS4887,160,protein_coding,"39S ribosomal protein L52, mitochondrial  [Source:UniProtKB/TrEMBL;Acc:A0A8J2M6B8]",Cercopithifilaria johnstoni (PRJEB47283),protein_coding,cejohnprjeb47283
CJOHNSTONI_LOCUS2054,rna-CJOHNSTONI_LOCUS2054,259,protein_coding,RPN13_C domain-containing protein  [Source:UniProtKB/TrEMBL;Acc:A0A8J2Q8Z5],Cercopithifilaria johnstoni (PRJEB47283),protein_coding,cejohnprjeb47283
CJOHNSTONI_LOCUS8712,rna-CJOHNSTONI_LOCUS8712,126,protein_coding,,Cercopithifilaria johnstoni (PRJEB47283),protein_coding,cejohnprjeb47283
CJOHNSTONI_LOCUS2211,rna-CJOHNSTONI_LOCUS2211,122,protein_coding,Homeobox domain-containing protein  [Source:UniProtKB/TrEMBL;Acc:A0A8J2LRE1],Cercopithifilaria johnstoni (PRJEB47283),protein_coding,cejohnprjeb47283
CJOHNSTONI_LOCUS3106,rna-CJOHNSTONI_LOCUS3106,193,protein_coding,Nup54 domain-containing protein  [Source:UniProtKB/TrEMBL;Acc:A0A8J2LQH8],Cercopithifilaria johnstoni (PRJEB47283),protein_coding,cejohnprjeb47283
CJOHNSTONI_LOCUS5111,rna-CJOHNSTONI_LOCUS5111,323,protein_coding,Staphylococcal nuclease domain-containing protein  [Source:UniProtKB/TrEMBL;Acc:A0A8J2Q417],Cercopithifilaria johnstoni (PRJEB47283),protein_coding,cejohnprjeb47283
CJOHNSTONI_LOCUS5804,rna-CJOHNSTONI_LOCUS5804,238,protein_coding,J domain-containing protein  [Source:UniProtKB/TrEMBL;Acc:A0A8J2PU48],Cercopithifilaria johnstoni (PRJEB47283),protein_coding,cejohnprjeb47283
CJOHNSTONI_LOCUS6003,rna-CJOHNSTONI_LOCUS6003,461,protein_coding,,Cercopithifilaria johnstoni (PRJEB47283),protein_coding,cejohnprjeb47283
CJOHNSTONI_LOCUS2565,rna-CJOHNSTONI_LOCUS2565-2,387,protein_coding,Basement membrane proteoglycan  [Source:UniProtKB/TrEMBL;Acc:A0A8J2Q1N4],Cercopithifilaria johnstoni (PRJEB47283),protein_coding,cejohnprjeb47283
CJOHNSTONI_LOCUS7165,rna-CJOHNSTONI_LOCUS7165,191,protein_coding,Major sperm protein  [Source:UniProtKB/TrEMBL;Acc:A0A8J2MAM7],Cercopithifilaria johnstoni (PRJEB47283),protein_coding,cejohnprjeb47283
CJOHNSTONI_LOCUS5031,rna-CJOHNSTONI_LOCUS5031,155,protein_coding,Failed axon connections-like protein  [Source:UniProtKB/TrEMBL;Acc:A0A8J2LUU2],Cercopithifilaria johnstoni (PRJEB47283),protein_coding,cejohnprjeb47283
CJOHNSTONI_LOCUS5513,rna-CJOHNSTONI_LOCUS5513,122,protein_coding,Ras-related protein Rab-2A  [Source:UniProtKB/TrEMBL;Acc:A0A8J2M5C2],Cercopithifilaria johnstoni (PRJEB47283),protein_coding,cejohnprjeb47283
CJOHNSTONI_LOCUS9618,rna-CJOHNSTONI_LOCUS9618,138,protein_coding,,Cercopithifilaria johnstoni (PRJEB47283),protein_coding,cejohnprjeb47283
CJOHNSTONI_LOCUS1280,rna-CJOHNSTONI_LOCUS1280,350,protein_coding,SH3 domain-containing protein  [Source:UniProtKB/TrEMBL;Acc:A0A8J2LVP0],Cercopithifilaria johnstoni (PRJEB47283),protein_coding,cejohnprjeb47283
CJOHNSTONI_LOCUS2622,rna-CJOHNSTONI_LOCUS2622,236,protein_coding,Nuclear transcription factor Y subunit beta  [Source:UniProtKB/TrEMBL;Acc:A0A8J2MKK7],Cercopithifilaria johnstoni (PRJEB47283),protein_coding,cejohnprjeb47283
CJOHNSTONI_LOCUS8870,rna-CJOHNSTONI_LOCUS8870,226,protein_coding,G_PROTEIN_RECEP_F1_2 domain-containing protein  [Source:UniProtKB/TrEMBL;Acc:A0A8J2MCW5],Cercopithifilaria johnstoni (PRJEB47283),protein_coding,cejohnprjeb47283
CJOHNSTONI_LOCUS3905,rna-CJOHNSTONI_LOCUS3905,215,protein_coding,"ATP synthase subunit d, mitochondrial  [Source:UniProtKB/TrEMBL;Acc:A0A8J2M1V9]",Cercopithifilaria johnstoni (PRJEB47283),protein_coding,cejohnprjeb47283
CJOHNSTONI_LOCUS4026,rna-CJOHNSTONI_LOCUS4026,127,protein_coding,DNA-directed RNA polymerase subunit  [Source:UniProtKB/TrEMBL;Acc:A0A8J2M0P7],Cercopithifilaria johnstoni (PRJEB47283),protein_coding,cejohnprjeb47283
CJOHNSTONI_LOCUS1551,rna-CJOHNSTONI_LOCUS1551,156,protein_coding,,Cercopithifilaria johnstoni (PRJEB47283),protein_coding,cejohnprjeb47283
CJOHNSTONI_LOCUS7324,rna-CJOHNSTONI_LOCUS7324,255,protein_coding,Amidase domain-containing protein  [Source:UniProtKB/TrEMBL;Acc:A0A8J2M7Q7],Cercopithifilaria johnstoni (PRJEB47283),protein_coding,cejohnprjeb47283
CJOHNSTONI_LOCUS2400,rna-CJOHNSTONI_LOCUS2400,171,protein_coding,RNA 3'-terminal phosphate cyclase-like protein  [Source:UniProtKB/TrEMBL;Acc:A0A8J2MKC3],Cercopithifilaria johnstoni (PRJEB47283),protein_coding,cejohnprjeb47283
CJOHNSTONI_LOCUS2423,rna-CJOHNSTONI_LOCUS2423,253,protein_coding,Ribosomal_S10 domain-containing protein  [Source:UniProtKB/TrEMBL;Acc:A0A8J2Q1J4],Cercopithifilaria johnstoni (PRJEB47283),protein_coding,cejohnprjeb47283
CJOHNSTONI_LOCUS795,rna-CJOHNSTONI_LOCUS795,242,protein_coding,Homeobox protein 2-like  [Source:UniProtKB/TrEMBL;Acc:A0A8J2MIN0],Cercopithifilaria johnstoni (PRJEB47283),protein_coding,cejohnprjeb47283
CJOHNSTONI_LOCUS6460,rna-CJOHNSTONI_LOCUS6460,774,protein_coding,Homeobox protein 2-like  [Source:UniProtKB/TrEMBL;Acc:A0A8J2M7K7],Cercopithifilaria johnstoni (PRJEB47283),protein_coding,cejohnprjeb47283
CJOHNSTONI_LOCUS448,rna-CJOHNSTONI_LOCUS448,640,protein_coding,Cadherin EGF LAG seven-pass G-type receptor 3  [Source:UniProtKB/TrEMBL;Acc:A0A8J2LU32],Cercopithifilaria johnstoni (PRJEB47283),protein_coding,cejohnprjeb47283
CJOHNSTONI_LOCUS2670,rna-CJOHNSTONI_LOCUS2670,283,protein_coding,Receptor-type tyrosine-protein phosphatase-like N  [Source:UniProtKB/TrEMBL;Acc:A0A8J2Q4Y0],Cercopithifilaria johnstoni (PRJEB47283),protein_coding,cejohnprjeb47283
CJOHNSTONI_LOCUS3158,rna-CJOHNSTONI_LOCUS3158,353,protein_coding,Cylicin-2  [Source:UniProtKB/TrEMBL;Acc:A0A8J2M0L8],Cercopithifilaria johnstoni (PRJEB47283),protein_coding,cejohnprjeb47283
CJOHNSTONI_LOCUS6012,rna-CJOHNSTONI_LOCUS6012,346,protein_coding,Down syndrome cell adhesion molecule-like protein Dscam2  [Source:UniProtKB/TrEMBL;Acc:A0A8J2M8D7],Cercopithifilaria johnstoni (PRJEB47283),protein_coding,cejohnprjeb47283
CJOHNSTONI_LOCUS6424,rna-CJOHNSTONI_LOCUS6424,185,protein_coding,F-BAR domain-containing protein  [Source:UniProtKB/TrEMBL;Acc:A0A8J2QAH0],Cercopithifilaria johnstoni (PRJEB47283),protein_coding,cejohnprjeb47283
CJOHNSTONI_LOCUS1942,rna-CJOHNSTONI_LOCUS1942,296,protein_coding,"HAD hydrolase, family IA, variant 3  [Source:UniProtKB/TrEMBL;Acc:A0A8J2PQX3]",Cercopithifilaria johnstoni (PRJEB47283),protein_coding,cejohnprjeb47283
CJOHNSTONI_LOCUS10569,rna-CJOHNSTONI_LOCUS10569,200,protein_coding,Vps39_2 domain-containing protein  [Source:UniProtKB/TrEMBL;Acc:A0A8J2MHX8],Cercopithifilaria johnstoni (PRJEB47283),protein_coding,cejohnprjeb47283
CJOHNSTONI_LOCUS384,rna-CJOHNSTONI_LOCUS384,296,protein_coding,Epidermal growth factor receptor substrate 15-like 1  [Source:UniProtKB/TrEMBL;Acc:A0A8J2Q352],Cercopithifilaria johnstoni (PRJEB47283),protein_coding,cejohnprjeb47283
CJOHNSTONI_LOCUS1126,rna-CJOHNSTONI_LOCUS1126,266,protein_coding,C2H2-type domain-containing protein  [Source:UniProtKB/TrEMBL;Acc:A0A8J2MJD1],Cercopithifilaria johnstoni (PRJEB47283),protein_coding,cejohnprjeb47283
CJOHNSTONI_LOCUS5997,rna-CJOHNSTONI_LOCUS5997,234,protein_coding,APS kinase  [Source:UniProtKB/TrEMBL;Acc:A0A8J2M4Y1],Cercopithifilaria johnstoni (PRJEB47283),protein_coding,cejohnprjeb47283
CJOHNSTONI_LOCUS8013,rna-CJOHNSTONI_LOCUS8013,141,protein_coding,,Cercopithifilaria johnstoni (PRJEB47283),protein_coding,cejohnprjeb47283
CJOHNSTONI_LOCUS9684,rna-CJOHNSTONI_LOCUS9684,229,protein_coding,Polyketide_cyc domain-containing protein  [Source:UniProtKB/TrEMBL;Acc:A0A8J2QB59],Cercopithifilaria johnstoni (PRJEB47283),protein_coding,cejohnprjeb47283
CJOHNSTONI_LOCUS10514,rna-CJOHNSTONI_LOCUS10514,593,protein_coding,,Cercopithifilaria johnstoni (PRJEB47283),protein_coding,cejohnprjeb47283
CJOHNSTONI_LOCUS4102,rna-CJOHNSTONI_LOCUS4102,183,protein_coding,"Very long-chain specific acyl-CoA dehydrogenase, mitochondrial  [Source:UniProtKB/TrEMBL;Acc:A0A8J2M2G4]",Cercopithifilaria johnstoni (PRJEB47283),protein_coding,cejohnprjeb47283
CJOHNSTONI_LOCUS5133,rna-CJOHNSTONI_LOCUS5133,111,protein_coding,HTH cro/C1-type domain-containing protein  [Source:UniProtKB/TrEMBL;Acc:A0A8J2MNS1],Cercopithifilaria johnstoni (PRJEB47283),protein_coding,cejohnprjeb47283
CJOHNSTONI_LOCUS9397,rna-CJOHNSTONI_LOCUS9397,301,protein_coding,Tr-type G domain-containing protein  [Source:UniProtKB/TrEMBL;Acc:A0A8J2MU25],Cercopithifilaria johnstoni (PRJEB47283),protein_coding,cejohnprjeb47283
CJOHNSTONI_LOCUS4814,rna-CJOHNSTONI_LOCUS4814,259,protein_coding,AAA domain-containing protein  [Source:UniProtKB/TrEMBL;Acc:A0A8J2LTY1],Cercopithifilaria johnstoni (PRJEB47283),protein_coding,cejohnprjeb47283
CJOHNSTONI_LOCUS124,rna-CJOHNSTONI_LOCUS124,194,protein_coding,,Cercopithifilaria johnstoni (PRJEB47283),protein_coding,cejohnprjeb47283
CJOHNSTONI_LOCUS6762,rna-CJOHNSTONI_LOCUS6762,185,protein_coding,Coatomer subunit epsilon  [Source:UniProtKB/TrEMBL;Acc:A0A8J2Q882],Cercopithifilaria johnstoni (PRJEB47283),protein_coding,cejohnprjeb47283
CJOHNSTONI_LOCUS5319,rna-CJOHNSTONI_LOCUS5319,354,protein_coding,,Cercopithifilaria johnstoni (PRJEB47283),protein_coding,cejohnprjeb47283
CJOHNSTONI_LOCUS6877,rna-CJOHNSTONI_LOCUS6877,157,protein_coding,DUF4150 domain-containing protein  [Source:UniProtKB/TrEMBL;Acc:A0A8J2Q1V8],Cercopithifilaria johnstoni (PRJEB47283),protein_coding,cejohnprjeb47283
CJOHNSTONI_LOCUS7975,rna-CJOHNSTONI_LOCUS7975,271,protein_coding,Tudor domain-containing protein  [Source:UniProtKB/TrEMBL;Acc:A0A8J2M926],Cercopithifilaria johnstoni (PRJEB47283),protein_coding,cejohnprjeb47283
CJOHNSTONI_LOCUS5600,rna-CJOHNSTONI_LOCUS5600,267,protein_coding,,Cercopithifilaria johnstoni (PRJEB47283),protein_coding,cejohnprjeb47283
CJOHNSTONI_LOCUS10440,rna-CJOHNSTONI_LOCUS10440,205,protein_coding,RING-type domain-containing protein  [Source:UniProtKB/TrEMBL;Acc:A0A8J2M674],Cercopithifilaria johnstoni (PRJEB47283),protein_coding,cejohnprjeb47283
CJOHNSTONI_LOCUS5616,rna-CJOHNSTONI_LOCUS5616,448,protein_coding,PHB domain-containing protein  [Source:UniProtKB/TrEMBL;Acc:A0A8J2M7M4],Cercopithifilaria johnstoni (PRJEB47283),protein_coding,cejohnprjeb47283
CJOHNSTONI_LOCUS4762,rna-CJOHNSTONI_LOCUS4762,263,protein_coding,"Cleft lip and palate associated transmembrane protein 1, like  [Source:UniProtKB/TrEMBL;Acc:A0A8J2M251]",Cercopithifilaria johnstoni (PRJEB47283),protein_coding,cejohnprjeb47283
CJOHNSTONI_LOCUS5235,rna-CJOHNSTONI_LOCUS5235,254,protein_coding,Protein disulfide-isomerase  [Source:UniProtKB/TrEMBL;Acc:A0A8J2LXP9],Cercopithifilaria johnstoni (PRJEB47283),protein_coding,cejohnprjeb47283
CJOHNSTONI_LOCUS697,rna-CJOHNSTONI_LOCUS697,239,protein_coding,,Cercopithifilaria johnstoni (PRJEB47283),protein_coding,cejohnprjeb47283
CJOHNSTONI_LOCUS4552,rna-CJOHNSTONI_LOCUS4552,218,protein_coding,SEFIR domain-containing protein  [Source:UniProtKB/TrEMBL;Acc:A0A8J2M1S7],Cercopithifilaria johnstoni (PRJEB47283),protein_coding,cejohnprjeb47283
CJOHNSTONI_LOCUS1062,rna-CJOHNSTONI_LOCUS1062,506,protein_coding,Zinc finger protein  [Source:UniProtKB/TrEMBL;Acc:A0A8J2PQ30],Cercopithifilaria johnstoni (PRJEB47283),protein_coding,cejohnprjeb47283
CJOHNSTONI_LOCUS8143,rna-CJOHNSTONI_LOCUS8143,272,protein_coding,SGNH_hydro domain-containing protein  [Source:UniProtKB/TrEMBL;Acc:A0A8J2MAU9],Cercopithifilaria johnstoni (PRJEB47283),protein_coding,cejohnprjeb47283
CJOHNSTONI_LOCUS339,rna-CJOHNSTONI_LOCUS339,219,protein_coding,Chloride channel protein  [Source:UniProtKB/TrEMBL;Acc:A0A8J2MHZ1],Cercopithifilaria johnstoni (PRJEB47283),protein_coding,cejohnprjeb47283
CJOHNSTONI_LOCUS1871,rna-CJOHNSTONI_LOCUS1871,280,protein_coding,SEA domain-containing protein  [Source:UniProtKB/TrEMBL;Acc:A0A8J2LWN9],Cercopithifilaria johnstoni (PRJEB47283),protein_coding,cejohnprjeb47283
CJOHNSTONI_LOCUS6559,rna-CJOHNSTONI_LOCUS6559,233,protein_coding,SH3 domain-binding protein 5-like protein  [Source:UniProtKB/TrEMBL;Acc:A0A8J2M775],Cercopithifilaria johnstoni (PRJEB47283),protein_coding,cejohnprjeb47283
CJOHNSTONI_LOCUS9024,rna-CJOHNSTONI_LOCUS9024,176,protein_coding,Lung seven transmembrane receptor family protein  [Source:UniProtKB/TrEMBL;Acc:A0A8J2MEW2],Cercopithifilaria johnstoni (PRJEB47283),protein_coding,cejohnprjeb47283
CJOHNSTONI_LOCUS1216,rna-CJOHNSTONI_LOCUS1216,269,protein_coding,Bromo domain-containing protein  [Source:UniProtKB/TrEMBL;Acc:A0A8J2LWX0],Cercopithifilaria johnstoni (PRJEB47283),protein_coding,cejohnprjeb47283
CJOHNSTONI_LOCUS4581,rna-CJOHNSTONI_LOCUS4581,305,protein_coding,DAGKc domain-containing protein  [Source:UniProtKB/TrEMBL;Acc:A0A8J2MMQ6],Cercopithifilaria johnstoni (PRJEB47283),protein_coding,cejohnprjeb47283
CJOHNSTONI_LOCUS151,rna-CJOHNSTONI_LOCUS151,295,protein_coding,C2H2-type domain-containing protein  [Source:UniProtKB/TrEMBL;Acc:A0A8J2LKV6],Cercopithifilaria johnstoni (PRJEB47283),protein_coding,cejohnprjeb47283
CJOHNSTONI_LOCUS127,rna-CJOHNSTONI_LOCUS127,151,protein_coding,RRM domain-containing protein  [Source:UniProtKB/TrEMBL;Acc:A0A8J2MHN4],Cercopithifilaria johnstoni (PRJEB47283),protein_coding,cejohnprjeb47283
CJOHNSTONI_LOCUS3067,rna-CJOHNSTONI_LOCUS3067,137,protein_coding,ATP-synt_DE_N domain-containing protein  [Source:UniProtKB/TrEMBL;Acc:A0A8J2ML22],Cercopithifilaria johnstoni (PRJEB47283),protein_coding,cejohnprjeb47283
CJOHNSTONI_LOCUS7396,rna-CJOHNSTONI_LOCUS7396,212,protein_coding,,Cercopithifilaria johnstoni (PRJEB47283),protein_coding,cejohnprjeb47283
CJOHNSTONI_LOCUS8345,rna-CJOHNSTONI_LOCUS8345,194,protein_coding,Transposase  [Source:UniProtKB/TrEMBL;Acc:A0A8J2M3I2],Cercopithifilaria johnstoni (PRJEB47283),protein_coding,cejohnprjeb47283
CJOHNSTONI_LOCUS6000,rna-CJOHNSTONI_LOCUS6000,187,protein_coding,Zinc/iron permease  [Source:UniProtKB/TrEMBL;Acc:A0A8J2M8C7],Cercopithifilaria johnstoni (PRJEB47283),protein_coding,cejohnprjeb47283
CJOHNSTONI_LOCUS8032,rna-CJOHNSTONI_LOCUS8032,293,protein_coding,Oxidored_q6 domain-containing protein  [Source:UniProtKB/TrEMBL;Acc:A0A8J2MB31],Cercopithifilaria johnstoni (PRJEB47283),protein_coding,cejohnprjeb47283
CJOHNSTONI_LOCUS10376,rna-CJOHNSTONI_LOCUS10376,170,protein_coding,Calmodulin-like protein  [Source:UniProtKB/TrEMBL;Acc:A0A8J2MH93],Cercopithifilaria johnstoni (PRJEB47283),protein_coding,cejohnprjeb47283
CJOHNSTONI_LOCUS9808,rna-CJOHNSTONI_LOCUS9808,162,protein_coding,,Cercopithifilaria johnstoni (PRJEB47283),protein_coding,cejohnprjeb47283
CJOHNSTONI_LOCUS3309,rna-CJOHNSTONI_LOCUS3309,160,protein_coding,Ovule protein  [Source:UniProtKB/TrEMBL;Acc:A0A8J2M1F6],Cercopithifilaria johnstoni (PRJEB47283),protein_coding,cejohnprjeb47283
CJOHNSTONI_LOCUS8311,rna-CJOHNSTONI_LOCUS8311,578,protein_coding,,Cercopithifilaria johnstoni (PRJEB47283),protein_coding,cejohnprjeb47283
CJOHNSTONI_LOCUS8230,rna-CJOHNSTONI_LOCUS8230,155,protein_coding,SARAH domain-containing protein  [Source:UniProtKB/TrEMBL;Acc:A0A8J2Q310],Cercopithifilaria johnstoni (PRJEB47283),protein_coding,cejohnprjeb47283
CJOHNSTONI_LOCUS5726,rna-CJOHNSTONI_LOCUS5726,292,protein_coding,Arrestin_C domain-containing protein  [Source:UniProtKB/TrEMBL;Acc:A0A8J2M6A9],Cercopithifilaria johnstoni (PRJEB47283),protein_coding,cejohnprjeb47283
CJOHNSTONI_LOCUS3161,rna-CJOHNSTONI_LOCUS3161,277,protein_coding,RNA helicase  [Source:UniProtKB/TrEMBL;Acc:A0A8J2PRY1],Cercopithifilaria johnstoni (PRJEB47283),protein_coding,cejohnprjeb47283
CJOHNSTONI_LOCUS767,rna-CJOHNSTONI_LOCUS767,233,protein_coding,Utp12 domain-containing protein  [Source:UniProtKB/TrEMBL;Acc:A0A8J2LZA3],Cercopithifilaria johnstoni (PRJEB47283),protein_coding,cejohnprjeb47283
CJOHNSTONI_LOCUS6741,rna-CJOHNSTONI_LOCUS6741,225,protein_coding,ELAV-like protein 1  [Source:UniProtKB/TrEMBL;Acc:A0A8J2MQS3],Cercopithifilaria johnstoni (PRJEB47283),protein_coding,cejohnprjeb47283
CJOHNSTONI_LOCUS8630,rna-CJOHNSTONI_LOCUS8630,302,protein_coding,Sema domain-containing protein  [Source:UniProtKB/TrEMBL;Acc:A0A8J2MCG7],Cercopithifilaria johnstoni (PRJEB47283),protein_coding,cejohnprjeb47283
CJOHNSTONI_LOCUS9657,rna-CJOHNSTONI_LOCUS9657,265,protein_coding,SMB domain-containing protein  [Source:UniProtKB/TrEMBL;Acc:A0A8J2M525],Cercopithifilaria johnstoni (PRJEB47283),protein_coding,cejohnprjeb47283
CJOHNSTONI_LOCUS8033,rna-CJOHNSTONI_LOCUS8033,521,protein_coding,E3 SUMO-protein ligase gei-17  [Source:UniProtKB/TrEMBL;Acc:A0A8J2M9L5],Cercopithifilaria johnstoni (PRJEB47283),protein_coding,cejohnprjeb47283
CJOHNSTONI_LOCUS9921,rna-CJOHNSTONI_LOCUS9921,264,protein_coding,mannosyl-glycoprotein endo-beta-N-acetylglucosaminidase  [Source:UniProtKB/TrEMBL;Acc:A0A8J2MCV0],Cercopithifilaria johnstoni (PRJEB47283),protein_coding,cejohnprjeb47283
CJOHNSTONI_LOCUS5430,rna-CJOHNSTONI_LOCUS5430,250,protein_coding,J domain-containing protein  [Source:UniProtKB/TrEMBL;Acc:A0A8J2M3Z3],Cercopithifilaria johnstoni (PRJEB47283),protein_coding,cejohnprjeb47283
CJOHNSTONI_LOCUS5772,rna-CJOHNSTONI_LOCUS5772,220,protein_coding,RNase III domain-containing protein  [Source:UniProtKB/TrEMBL;Acc:A0A8J2M5M6],Cercopithifilaria johnstoni (PRJEB47283),protein_coding,cejohnprjeb47283
CJOHNSTONI_LOCUS5040,rna-CJOHNSTONI_LOCUS5040,212,protein_coding,Pre-mRNA-processing factor 19  [Source:UniProtKB/TrEMBL;Acc:A0A8J2PTJ2],Cercopithifilaria johnstoni (PRJEB47283),protein_coding,cejohnprjeb47283
CJOHNSTONI_LOCUS2512,rna-CJOHNSTONI_LOCUS2512,220,protein_coding,SUN domain-containing protein  [Source:UniProtKB/TrEMBL;Acc:A0A8J2LPP5],Cercopithifilaria johnstoni (PRJEB47283),protein_coding,cejohnprjeb47283
CJOHNSTONI_LOCUS7208,rna-CJOHNSTONI_LOCUS7208,215,protein_coding,"Beta-1,4-glucuronyltransferase 1  [Source:UniProtKB/TrEMBL;Acc:A0A8J2Q8E5]",Cercopithifilaria johnstoni (PRJEB47283),protein_coding,cejohnprjeb47283
CJOHNSTONI_LOCUS6954,rna-CJOHNSTONI_LOCUS6954,199,protein_coding,F-box domain-containing protein  [Source:UniProtKB/TrEMBL;Acc:A0A8J2M811],Cercopithifilaria johnstoni (PRJEB47283),protein_coding,cejohnprjeb47283
CJOHNSTONI_LOCUS7557,rna-CJOHNSTONI_LOCUS7557,208,protein_coding,Metalloendopeptidase  [Source:UniProtKB/TrEMBL;Acc:A0A8J2M264],Cercopithifilaria johnstoni (PRJEB47283),protein_coding,cejohnprjeb47283
CJOHNSTONI_LOCUS7815,rna-CJOHNSTONI_LOCUS7815,200,protein_coding,IMP2_N domain-containing protein  [Source:UniProtKB/TrEMBL;Acc:A0A8J2MAP2],Cercopithifilaria johnstoni (PRJEB47283),protein_coding,cejohnprjeb47283
CJOHNSTONI_LOCUS10516,rna-CJOHNSTONI_LOCUS10516,453,protein_coding,C3H1-type domain-containing protein  [Source:UniProtKB/TrEMBL;Acc:A0A8J2MV67],Cercopithifilaria johnstoni (PRJEB47283),protein_coding,cejohnprjeb47283
CJOHNSTONI_LOCUS8711,rna-CJOHNSTONI_LOCUS8711,264,protein_coding,Palmitoyltransferase  [Source:UniProtKB/TrEMBL;Acc:A0A8J2MC20],Cercopithifilaria johnstoni (PRJEB47283),protein_coding,cejohnprjeb47283
CJOHNSTONI_LOCUS9284,rna-CJOHNSTONI_LOCUS9284,242,protein_coding,Protein kinase domain-containing protein  [Source:UniProtKB/TrEMBL;Acc:A0A8J2M584],Cercopithifilaria johnstoni (PRJEB47283),protein_coding,cejohnprjeb47283
CJOHNSTONI_LOCUS5418,rna-CJOHNSTONI_LOCUS5418,333,protein_coding,Anaphase-promoting complex subunit 5  [Source:UniProtKB/TrEMBL;Acc:A0A8J2MP37],Cercopithifilaria johnstoni (PRJEB47283),protein_coding,cejohnprjeb47283
CJOHNSTONI_LOCUS7785,rna-CJOHNSTONI_LOCUS7785,217,protein_coding,MOB kinase activator-like 2  [Source:UniProtKB/TrEMBL;Acc:A0A8J2MRS7],Cercopithifilaria johnstoni (PRJEB47283),protein_coding,cejohnprjeb47283
CJOHNSTONI_LOCUS869,rna-CJOHNSTONI_LOCUS869,197,protein_coding,Fibronectin type-III domain-containing protein  [Source:UniProtKB/TrEMBL;Acc:A0A8J2Q089],Cercopithifilaria johnstoni (PRJEB47283),protein_coding,cejohnprjeb47283
CJOHNSTONI_LOCUS5260,rna-CJOHNSTONI_LOCUS5260,258,protein_coding,DNA-directed RNA polymerase subunit beta  [Source:UniProtKB/TrEMBL;Acc:A0A8J2QA83],Cercopithifilaria johnstoni (PRJEB47283),protein_coding,cejohnprjeb47283
CJOHNSTONI_LOCUS6300,rna-CJOHNSTONI_LOCUS6300,230,protein_coding,PAS domain-containing protein  [Source:UniProtKB/TrEMBL;Acc:A0A8J2M6I0],Cercopithifilaria johnstoni (PRJEB47283),protein_coding,cejohnprjeb47283
CJOHNSTONI_LOCUS2138,rna-CJOHNSTONI_LOCUS2138,399,protein_coding,SEA domain-containing protein  [Source:UniProtKB/TrEMBL;Acc:A0A8J2Q1B5],Cercopithifilaria johnstoni (PRJEB47283),protein_coding,cejohnprjeb47283
CJOHNSTONI_LOCUS6450,rna-CJOHNSTONI_LOCUS6450,197,protein_coding,glutathione gamma-glutamylcysteinyltransferase  [Source:UniProtKB/TrEMBL;Acc:A0A8J2Q811],Cercopithifilaria johnstoni (PRJEB47283),protein_coding,cejohnprjeb47283
CJOHNSTONI_LOCUS2403,rna-CJOHNSTONI_LOCUS2403,175,protein_coding,Torsin  [Source:UniProtKB/TrEMBL;Acc:A0A8J2LZS5],Cercopithifilaria johnstoni (PRJEB47283),protein_coding,cejohnprjeb47283
CJOHNSTONI_LOCUS1479,rna-CJOHNSTONI_LOCUS1479,197,protein_coding,Apt1 domain-containing protein  [Source:UniProtKB/TrEMBL;Acc:A0A8J2MJT8],Cercopithifilaria johnstoni (PRJEB47283),protein_coding,cejohnprjeb47283
CJOHNSTONI_LOCUS135,rna-CJOHNSTONI_LOCUS135,149,protein_coding,Glutaredoxin domain-containing protein  [Source:UniProtKB/TrEMBL;Acc:A0A8J2PVA6],Cercopithifilaria johnstoni (PRJEB47283),protein_coding,cejohnprjeb47283
CJOHNSTONI_LOCUS499,rna-CJOHNSTONI_LOCUS499,165,protein_coding,PDDEXK_1 domain-containing protein  [Source:UniProtKB/TrEMBL;Acc:A0A8J2MI81],Cercopithifilaria johnstoni (PRJEB47283),protein_coding,cejohnprjeb47283
CJOHNSTONI_LOCUS7739,rna-CJOHNSTONI_LOCUS7739,146,protein_coding,,Cercopithifilaria johnstoni (PRJEB47283),protein_coding,cejohnprjeb47283
CJOHNSTONI_LOCUS8485,rna-CJOHNSTONI_LOCUS8485,248,protein_coding,Intraflagellar transport protein 74 homolog  [Source:UniProtKB/TrEMBL;Acc:A0A8J2MC73],Cercopithifilaria johnstoni (PRJEB47283),protein_coding,cejohnprjeb47283
CJOHNSTONI_LOCUS9232,rna-CJOHNSTONI_LOCUS9232,144,protein_coding,Transthyretin-like family protein  [Source:UniProtKB/TrEMBL;Acc:A0A8J2MDU8],Cercopithifilaria johnstoni (PRJEB47283),protein_coding,cejohnprjeb47283
CJOHNSTONI_LOCUS689,rna-CJOHNSTONI_LOCUS689,1217,protein_coding,Nuclear receptor domain-containing protein  [Source:UniProtKB/TrEMBL;Acc:A0A8J2PPR9],Cercopithifilaria johnstoni (PRJEB47283),protein_coding,cejohnprjeb47283
CJOHNSTONI_LOCUS6577,rna-CJOHNSTONI_LOCUS6577,560,protein_coding,,Cercopithifilaria johnstoni (PRJEB47283),protein_coding,cejohnprjeb47283
CJOHNSTONI_LOCUS2506,rna-CJOHNSTONI_LOCUS2506,182,protein_coding,,Cercopithifilaria johnstoni (PRJEB47283),protein_coding,cejohnprjeb47283
CJOHNSTONI_LOCUS6983,rna-CJOHNSTONI_LOCUS6983,374,protein_coding,Protein kinase domain-containing protein  [Source:UniProtKB/TrEMBL;Acc:A0A8J2M7L8],Cercopithifilaria johnstoni (PRJEB47283),protein_coding,cejohnprjeb47283
CJOHNSTONI_LOCUS9648,rna-CJOHNSTONI_LOCUS9648,476,protein_coding,EGF-like domain-containing protein  [Source:UniProtKB/TrEMBL;Acc:A0A8J2MG11],Cercopithifilaria johnstoni (PRJEB47283),protein_coding,cejohnprjeb47283
CJOHNSTONI_LOCUS1998,rna-CJOHNSTONI_LOCUS1998,185,protein_coding,Ig-like domain-containing protein  [Source:UniProtKB/TrEMBL;Acc:A0A8J2LR10],Cercopithifilaria johnstoni (PRJEB47283),protein_coding,cejohnprjeb47283
CJOHNSTONI_LOCUS6886,rna-CJOHNSTONI_LOCUS6886,122,protein_coding,CHCH domain-containing protein  [Source:UniProtKB/TrEMBL;Acc:A0A8J2M8H1],Cercopithifilaria johnstoni (PRJEB47283),protein_coding,cejohnprjeb47283
CJOHNSTONI_LOCUS7553,rna-CJOHNSTONI_LOCUS7553,245,protein_coding,RING-type E3 ubiquitin transferase  [Source:UniProtKB/TrEMBL;Acc:A0A8J2Q5W7],Cercopithifilaria johnstoni (PRJEB47283),protein_coding,cejohnprjeb47283
CJOHNSTONI_LOCUS3300,rna-CJOHNSTONI_LOCUS3300,257,protein_coding,Sas10 domain-containing protein  [Source:UniProtKB/TrEMBL;Acc:A0A8J2Q2E1],Cercopithifilaria johnstoni (PRJEB47283),protein_coding,cejohnprjeb47283
CJOHNSTONI_LOCUS5431,rna-CJOHNSTONI_LOCUS5431,159,protein_coding,U2 small nuclear ribonucleoprotein B  [Source:UniProtKB/TrEMBL;Acc:A0A8J2MNU3],Cercopithifilaria johnstoni (PRJEB47283),protein_coding,cejohnprjeb47283
CJOHNSTONI_LOCUS3197,rna-CJOHNSTONI_LOCUS3197,199,protein_coding,RNase_PH domain-containing protein  [Source:UniProtKB/TrEMBL;Acc:A0A8J2ML64],Cercopithifilaria johnstoni (PRJEB47283),protein_coding,cejohnprjeb47283
CJOHNSTONI_LOCUS4007,rna-CJOHNSTONI_LOCUS4007,529,protein_coding,CX domain-containing protein  [Source:UniProtKB/TrEMBL;Acc:A0A8J2Q2Y2],Cercopithifilaria johnstoni (PRJEB47283),protein_coding,cejohnprjeb47283
CJOHNSTONI_LOCUS1708,rna-CJOHNSTONI_LOCUS1708,364,protein_coding,Tr-type G domain-containing protein  [Source:UniProtKB/TrEMBL;Acc:A0A8J2PWU2],Cercopithifilaria johnstoni (PRJEB47283),protein_coding,cejohnprjeb47283
CJOHNSTONI_LOCUS10284,rna-CJOHNSTONI_LOCUS10284,194,protein_coding,Dymeclin  [Source:UniProtKB/TrEMBL;Acc:A0A8J2Q7E2],Cercopithifilaria johnstoni (PRJEB47283),protein_coding,cejohnprjeb47283
CJOHNSTONI_LOCUS3247,rna-CJOHNSTONI_LOCUS3247,297,protein_coding,Secreted protein  [Source:UniProtKB/TrEMBL;Acc:A0A8J2LZC7],Cercopithifilaria johnstoni (PRJEB47283),protein_coding,cejohnprjeb47283
CJOHNSTONI_LOCUS8782,rna-CJOHNSTONI_LOCUS8782,292,protein_coding,MADF domain-containing protein  [Source:UniProtKB/TrEMBL;Acc:A0A8J2Q6K0],Cercopithifilaria johnstoni (PRJEB47283),protein_coding,cejohnprjeb47283
CJOHNSTONI_LOCUS2733,rna-CJOHNSTONI_LOCUS2733,882,protein_coding,CPSF_A domain-containing protein  [Source:UniProtKB/TrEMBL;Acc:A0A8J2LYH5],Cercopithifilaria johnstoni (PRJEB47283),protein_coding,cejohnprjeb47283
CJOHNSTONI_LOCUS4271,rna-CJOHNSTONI_LOCUS4271,175,protein_coding,CABIT domain-containing protein  [Source:UniProtKB/TrEMBL;Acc:A0A8J2PSV2],Cercopithifilaria johnstoni (PRJEB47283),protein_coding,cejohnprjeb47283
CJOHNSTONI_LOCUS3087,rna-CJOHNSTONI_LOCUS3087,174,protein_coding,protein-ribulosamine 3-kinase  [Source:UniProtKB/TrEMBL;Acc:A0A8J2M0H8],Cercopithifilaria johnstoni (PRJEB47283),protein_coding,cejohnprjeb47283
CJOHNSTONI_LOCUS1590,rna-CJOHNSTONI_LOCUS1590,181,protein_coding,Nucleolar complex protein 3 homolog  [Source:UniProtKB/TrEMBL;Acc:A0A8J2LXQ7],Cercopithifilaria johnstoni (PRJEB47283),protein_coding,cejohnprjeb47283
CJOHNSTONI_LOCUS3284,rna-CJOHNSTONI_LOCUS3284,129,protein_coding,,Cercopithifilaria johnstoni (PRJEB47283),protein_coding,cejohnprjeb47283
CJOHNSTONI_LOCUS9981,rna-CJOHNSTONI_LOCUS9981,288,protein_coding,Secreted protein  [Source:UniProtKB/TrEMBL;Acc:A0A8J2MFF4],Cercopithifilaria johnstoni (PRJEB47283),protein_coding,cejohnprjeb47283
CJOHNSTONI_LOCUS7813,rna-CJOHNSTONI_LOCUS7813,194,protein_coding,Conserved plasma membrane protein  [Source:UniProtKB/TrEMBL;Acc:A0A8J2MS83],Cercopithifilaria johnstoni (PRJEB47283),protein_coding,cejohnprjeb47283
CJOHNSTONI_LOCUS2826,rna-CJOHNSTONI_LOCUS2826,350,protein_coding,Secreted protein  [Source:UniProtKB/TrEMBL;Acc:A0A8J2PYF3],Cercopithifilaria johnstoni (PRJEB47283),protein_coding,cejohnprjeb47283
CJOHNSTONI_LOCUS3228,rna-CJOHNSTONI_LOCUS3228,180,protein_coding,Eukaryotic translation initiation factor 3 subunit K  [Source:UniProtKB/TrEMBL;Acc:A0A8J2M148],Cercopithifilaria johnstoni (PRJEB47283),protein_coding,cejohnprjeb47283
CJOHNSTONI_LOCUS6644,rna-CJOHNSTONI_LOCUS6644,299,protein_coding,WD repeat-containing protein 44  [Source:UniProtKB/TrEMBL;Acc:A0A8J2Q1R6],Cercopithifilaria johnstoni (PRJEB47283),protein_coding,cejohnprjeb47283
CJOHNSTONI_LOCUS593,rna-CJOHNSTONI_LOCUS593,175,protein_coding,PDZ domain-containing protein  [Source:UniProtKB/TrEMBL;Acc:A0A8J2Q867],Cercopithifilaria johnstoni (PRJEB47283),protein_coding,cejohnprjeb47283
CJOHNSTONI_LOCUS5809,rna-CJOHNSTONI_LOCUS5809,233,protein_coding,non-specific serine/threonine protein kinase  [Source:UniProtKB/TrEMBL;Acc:A0A8J2M4L7],Cercopithifilaria johnstoni (PRJEB47283),protein_coding,cejohnprjeb47283
CJOHNSTONI_LOCUS4231,rna-CJOHNSTONI_LOCUS4231,233,protein_coding,Protein kinase domain-containing protein  [Source:UniProtKB/TrEMBL;Acc:A0A8J2PSU4],Cercopithifilaria johnstoni (PRJEB47283),protein_coding,cejohnprjeb47283
CJOHNSTONI_LOCUS6481,rna-CJOHNSTONI_LOCUS6481,224,protein_coding,glutamine--tRNA ligase  [Source:UniProtKB/TrEMBL;Acc:A0A8J2M007],Cercopithifilaria johnstoni (PRJEB47283),protein_coding,cejohnprjeb47283
CJOHNSTONI_LOCUS663,rna-CJOHNSTONI_LOCUS663,217,protein_coding,TSP1_CCN domain-containing protein  [Source:UniProtKB/TrEMBL;Acc:A0A8J2Q883],Cercopithifilaria johnstoni (PRJEB47283),protein_coding,cejohnprjeb47283
CJOHNSTONI_LOCUS2910,rna-CJOHNSTONI_LOCUS2910,99,protein_coding,,Cercopithifilaria johnstoni (PRJEB47283),protein_coding,cejohnprjeb47283
CJOHNSTONI_LOCUS4130,rna-CJOHNSTONI_LOCUS4130,137,protein_coding,Calponin-homology (CH) domain-containing protein  [Source:UniProtKB/TrEMBL;Acc:A0A8J2M2J1],Cercopithifilaria johnstoni (PRJEB47283),protein_coding,cejohnprjeb47283
CJOHNSTONI_LOCUS6429,rna-CJOHNSTONI_LOCUS6429,358,protein_coding,MADF domain-containing protein  [Source:UniProtKB/TrEMBL;Acc:A0A8J2MQE8],Cercopithifilaria johnstoni (PRJEB47283),protein_coding,cejohnprjeb47283
CJOHNSTONI_LOCUS10107,rna-CJOHNSTONI_LOCUS10107,214,protein_coding,Ribosomal RNA small subunit methyltransferase NEP1  [Source:UniProtKB/TrEMBL;Acc:A0A8J2MD25],Cercopithifilaria johnstoni (PRJEB47283),protein_coding,cejohnprjeb47283
CJOHNSTONI_LOCUS3326,rna-CJOHNSTONI_LOCUS3326,236,protein_coding,Diacylglycerol kinase  [Source:UniProtKB/TrEMBL;Acc:A0A8J2PS36],Cercopithifilaria johnstoni (PRJEB47283),protein_coding,cejohnprjeb47283
CJOHNSTONI_LOCUS3656,rna-CJOHNSTONI_LOCUS3656,404,protein_coding,"alpha-1,2-Mannosidase  [Source:UniProtKB/TrEMBL;Acc:A0A8J2M209]",Cercopithifilaria johnstoni (PRJEB47283),protein_coding,cejohnprjeb47283
CJOHNSTONI_LOCUS9213,rna-CJOHNSTONI_LOCUS9213,269,protein_coding,EGF-like domain-containing protein  [Source:UniProtKB/TrEMBL;Acc:A0A8J2MBM4],Cercopithifilaria johnstoni (PRJEB47283),protein_coding,cejohnprjeb47283
CJOHNSTONI_LOCUS7498,rna-CJOHNSTONI_LOCUS7498,199,protein_coding,Solute carrier family 25 member 40  [Source:UniProtKB/TrEMBL;Acc:A0A8J2M9B3],Cercopithifilaria johnstoni (PRJEB47283),protein_coding,cejohnprjeb47283
CJOHNSTONI_LOCUS6537,rna-CJOHNSTONI_LOCUS6537,227,protein_coding,,Cercopithifilaria johnstoni (PRJEB47283),protein_coding,cejohnprjeb47283
CJOHNSTONI_LOCUS5593,rna-CJOHNSTONI_LOCUS5593,190,protein_coding,C2H2-type domain-containing protein  [Source:UniProtKB/TrEMBL;Acc:A0A8J2PTZ4],Cercopithifilaria johnstoni (PRJEB47283),protein_coding,cejohnprjeb47283
CJOHNSTONI_LOCUS5742,rna-CJOHNSTONI_LOCUS5742,294,protein_coding,Sphingomyelin phosphodiesterase  [Source:UniProtKB/TrEMBL;Acc:A0A8J2M5L2],Cercopithifilaria johnstoni (PRJEB47283),protein_coding,cejohnprjeb47283
CJOHNSTONI_LOCUS285,rna-CJOHNSTONI_LOCUS285,270,protein_coding,Tyrosine-protein kinase receptor  [Source:UniProtKB/TrEMBL;Acc:A0A8J2LTT7],Cercopithifilaria johnstoni (PRJEB47283),protein_coding,cejohnprjeb47283
CJOHNSTONI_LOCUS9468,rna-CJOHNSTONI_LOCUS9468,224,protein_coding,SSNA1 protein  [Source:UniProtKB/TrEMBL;Acc:A0A8J2MU55],Cercopithifilaria johnstoni (PRJEB47283),protein_coding,cejohnprjeb47283
CJOHNSTONI_LOCUS8479,rna-CJOHNSTONI_LOCUS8479,473,protein_coding,DUF4806 domain-containing protein  [Source:UniProtKB/TrEMBL;Acc:A0A8J2M310],Cercopithifilaria johnstoni (PRJEB47283),protein_coding,cejohnprjeb47283
CJOHNSTONI_LOCUS4388,rna-CJOHNSTONI_LOCUS4388,272,protein_coding,,Cercopithifilaria johnstoni (PRJEB47283),protein_coding,cejohnprjeb47283
CJOHNSTONI_LOCUS4290,rna-CJOHNSTONI_LOCUS4290,229,protein_coding,26S proteasome non-ATPase regulatory subunit 1  [Source:UniProtKB/TrEMBL;Acc:A0A8J2LVQ0],Cercopithifilaria johnstoni (PRJEB47283),protein_coding,cejohnprjeb47283
CJOHNSTONI_LOCUS9254,rna-CJOHNSTONI_LOCUS9254,296,protein_coding,Palmitoyltransferase  [Source:UniProtKB/TrEMBL;Acc:A0A8J2M4C9],Cercopithifilaria johnstoni (PRJEB47283),protein_coding,cejohnprjeb47283
CJOHNSTONI_LOCUS5281,rna-CJOHNSTONI_LOCUS5281,211,protein_coding,Arm_2 domain-containing protein  [Source:UniProtKB/TrEMBL;Acc:A0A8J2M4Y7],Cercopithifilaria johnstoni (PRJEB47283),protein_coding,cejohnprjeb47283
CJOHNSTONI_LOCUS5655,rna-CJOHNSTONI_LOCUS5655,179,protein_coding,PDZ domain-containing protein  [Source:UniProtKB/TrEMBL;Acc:A0A8J2M5F4],Cercopithifilaria johnstoni (PRJEB47283),protein_coding,cejohnprjeb47283
CJOHNSTONI_LOCUS6397,rna-CJOHNSTONI_LOCUS6397,167,protein_coding,PEHE domain-containing protein  [Source:UniProtKB/TrEMBL;Acc:A0A8J2PUP3],Cercopithifilaria johnstoni (PRJEB47283),protein_coding,cejohnprjeb47283
CJOHNSTONI_LOCUS640,rna-CJOHNSTONI_LOCUS640,130,protein_coding,Truncated breast and ovarian cancer susceptibility protein 2  [Source:UniProtKB/TrEMBL;Acc:A0A8J2MIE9],Cercopithifilaria johnstoni (PRJEB47283),protein_coding,cejohnprjeb47283
CJOHNSTONI_LOCUS6821,rna-CJOHNSTONI_LOCUS6821,206,protein_coding,FAM184 domain-containing protein  [Source:UniProtKB/TrEMBL;Acc:A0A8J2PV27],Cercopithifilaria johnstoni (PRJEB47283),protein_coding,cejohnprjeb47283
CJOHNSTONI_LOCUS7641,rna-CJOHNSTONI_LOCUS7641,146,protein_coding,RING-type domain-containing protein  [Source:UniProtKB/TrEMBL;Acc:A0A8J2M8E4],Cercopithifilaria johnstoni (PRJEB47283),protein_coding,cejohnprjeb47283
CJOHNSTONI_LOCUS7725,rna-CJOHNSTONI_LOCUS7725,309,protein_coding,SRA1 domain-containing protein  [Source:UniProtKB/TrEMBL;Acc:A0A8J2MRQ8],Cercopithifilaria johnstoni (PRJEB47283),protein_coding,cejohnprjeb47283
CJOHNSTONI_LOCUS6056,rna-CJOHNSTONI_LOCUS6056,134,protein_coding,Receptor expression-enhancing protein  [Source:UniProtKB/TrEMBL;Acc:A0A8J2M6A8],Cercopithifilaria johnstoni (PRJEB47283),protein_coding,cejohnprjeb47283
CJOHNSTONI_LOCUS1703,rna-CJOHNSTONI_LOCUS1703,236,protein_coding,Collagen triple helix repeat protein  [Source:UniProtKB/TrEMBL;Acc:A0A8J2LXY3],Cercopithifilaria johnstoni (PRJEB47283),protein_coding,cejohnprjeb47283
CJOHNSTONI_LOCUS7316,rna-CJOHNSTONI_LOCUS7316,246,protein_coding,PPM-type phosphatase domain-containing protein  [Source:UniProtKB/TrEMBL;Acc:A0A8J2M873],Cercopithifilaria johnstoni (PRJEB47283),protein_coding,cejohnprjeb47283
CJOHNSTONI_LOCUS2085,rna-CJOHNSTONI_LOCUS2085,238,protein_coding,Innexin  [Source:UniProtKB/TrEMBL;Acc:A0A8J2MJY2],Cercopithifilaria johnstoni (PRJEB47283),protein_coding,cejohnprjeb47283
CJOHNSTONI_LOCUS3291,rna-CJOHNSTONI_LOCUS3291,229,protein_coding,Neuralized  [Source:UniProtKB/TrEMBL;Acc:A0A8J2LTM6],Cercopithifilaria johnstoni (PRJEB47283),protein_coding,cejohnprjeb47283
CJOHNSTONI_LOCUS493,rna-CJOHNSTONI_LOCUS493,86,protein_coding,Bacterial nucleoid DNA-binding protein  [Source:UniProtKB/TrEMBL;Acc:A0A8J2PPM1],Cercopithifilaria johnstoni (PRJEB47283),protein_coding,cejohnprjeb47283
CJOHNSTONI_LOCUS4985,rna-CJOHNSTONI_LOCUS4985,284,protein_coding,Sema domain-containing protein  [Source:UniProtKB/TrEMBL;Acc:A0A8J2Q769],Cercopithifilaria johnstoni (PRJEB47283),protein_coding,cejohnprjeb47283
CJOHNSTONI_LOCUS3914,rna-CJOHNSTONI_LOCUS3914,196,protein_coding,Diphosphomevalonate decarboxylase  [Source:UniProtKB/TrEMBL;Acc:A0A8J2M0J1],Cercopithifilaria johnstoni (PRJEB47283),protein_coding,cejohnprjeb47283
CJOHNSTONI_LOCUS9782,rna-CJOHNSTONI_LOCUS9782,164,protein_coding,U3 small nucleolar RNA-associated protein 11  [Source:UniProtKB/TrEMBL;Acc:A0A8J2QB66],Cercopithifilaria johnstoni (PRJEB47283),protein_coding,cejohnprjeb47283
CJOHNSTONI_LOCUS696,rna-CJOHNSTONI_LOCUS696-2,190,protein_coding,beta-N-acetylhexosaminidase  [Source:UniProtKB/TrEMBL;Acc:A0A8J2LZ59],Cercopithifilaria johnstoni (PRJEB47283),protein_coding,cejohnprjeb47283
CJOHNSTONI_LOCUS9090,rna-CJOHNSTONI_LOCUS9090,224,protein_coding,Kinesin-like protein  [Source:UniProtKB/TrEMBL;Acc:A0A8J2MBD5],Cercopithifilaria johnstoni (PRJEB47283),protein_coding,cejohnprjeb47283
CJOHNSTONI_LOCUS5176,rna-CJOHNSTONI_LOCUS5176,1125,protein_coding,GLTSCR1 domain-containing protein  [Source:UniProtKB/TrEMBL;Acc:A0A8J2Q437],Cercopithifilaria johnstoni (PRJEB47283),protein_coding,cejohnprjeb47283
CJOHNSTONI_LOCUS2839,rna-CJOHNSTONI_LOCUS2839,205,protein_coding,Pyridoxal phosphate homeostasis protein  [Source:UniProtKB/TrEMBL;Acc:A0A8J2Q223],Cercopithifilaria johnstoni (PRJEB47283),protein_coding,cejohnprjeb47283
CJOHNSTONI_LOCUS8155,rna-CJOHNSTONI_LOCUS8155,200,protein_coding,Translation initiation factor 1  [Source:UniProtKB/TrEMBL;Acc:A0A8J2MAV9],Cercopithifilaria johnstoni (PRJEB47283),protein_coding,cejohnprjeb47283
CJOHNSTONI_LOCUS3395,rna-CJOHNSTONI_LOCUS3395,198,protein_coding,RING-CH-type domain-containing protein  [Source:UniProtKB/TrEMBL;Acc:A0A8J2M1E9],Cercopithifilaria johnstoni (PRJEB47283),protein_coding,cejohnprjeb47283
CJOHNSTONI_LOCUS6021,rna-CJOHNSTONI_LOCUS6021,105,protein_coding,Long-chain fatty acid--CoA ligase  [Source:UniProtKB/TrEMBL;Acc:A0A8J2LZ72],Cercopithifilaria johnstoni (PRJEB47283),protein_coding,cejohnprjeb47283
CJOHNSTONI_LOCUS5985,rna-CJOHNSTONI_LOCUS5985,247,protein_coding,Mitochondrial import inner membrane translocase subunit Tim21  [Source:UniProtKB/TrEMBL;Acc:A0A8J2M8B9],Cercopithifilaria johnstoni (PRJEB47283),protein_coding,cejohnprjeb47283
CJOHNSTONI_LOCUS2959,rna-CJOHNSTONI_LOCUS2959,206,protein_coding,Structural maintenance of chromosomes protein  [Source:UniProtKB/TrEMBL;Acc:A0A8J2MKY8],Cercopithifilaria johnstoni (PRJEB47283),protein_coding,cejohnprjeb47283
CJOHNSTONI_LOCUS10393,rna-CJOHNSTONI_LOCUS10393,216,protein_coding,,Cercopithifilaria johnstoni (PRJEB47283),protein_coding,cejohnprjeb47283
CJOHNSTONI_LOCUS7528,rna-CJOHNSTONI_LOCUS7528,243,protein_coding,Polyprenyl synthetase  [Source:UniProtKB/TrEMBL;Acc:A0A8J2M249],Cercopithifilaria johnstoni (PRJEB47283),protein_coding,cejohnprjeb47283
CJOHNSTONI_LOCUS8075,rna-CJOHNSTONI_LOCUS8075,233,protein_coding,LRRcap domain-containing protein  [Source:UniProtKB/TrEMBL;Acc:A0A8J2MB65],Cercopithifilaria johnstoni (PRJEB47283),protein_coding,cejohnprjeb47283
CJOHNSTONI_LOCUS8788,rna-CJOHNSTONI_LOCUS8788,221,protein_coding,Expansin-like EG45 domain-containing protein  [Source:UniProtKB/TrEMBL;Acc:A0A8J2MTK3],Cercopithifilaria johnstoni (PRJEB47283),protein_coding,cejohnprjeb47283
CJOHNSTONI_LOCUS4470,rna-CJOHNSTONI_LOCUS4470,234,protein_coding,"Splicing factor, arginine/serine-rich 1  [Source:UniProtKB/TrEMBL;Acc:A0A8J2M3I9]",Cercopithifilaria johnstoni (PRJEB47283),protein_coding,cejohnprjeb47283
CJOHNSTONI_LOCUS6826,rna-CJOHNSTONI_LOCUS6826,208,protein_coding,BHLH domain-containing protein  [Source:UniProtKB/TrEMBL;Acc:A0A8J2M133],Cercopithifilaria johnstoni (PRJEB47283),protein_coding,cejohnprjeb47283
CJOHNSTONI_LOCUS915,rna-CJOHNSTONI_LOCUS915,192,protein_coding,Thiamine transporter 2  [Source:UniProtKB/TrEMBL;Acc:A0A8J2MIV5],Cercopithifilaria johnstoni (PRJEB47283),protein_coding,cejohnprjeb47283
CJOHNSTONI_LOCUS704,rna-CJOHNSTONI_LOCUS704,175,protein_coding,Acetyltransf_18 domain-containing protein  [Source:UniProtKB/TrEMBL;Acc:A0A8J2PVS6],Cercopithifilaria johnstoni (PRJEB47283),protein_coding,cejohnprjeb47283
CJOHNSTONI_LOCUS8849,rna-CJOHNSTONI_LOCUS8849,145,protein_coding,non-specific serine/threonine protein kinase  [Source:UniProtKB/TrEMBL;Acc:A0A8J2Q6K9],Cercopithifilaria johnstoni (PRJEB47283),protein_coding,cejohnprjeb47283
CJOHNSTONI_LOCUS9420,rna-CJOHNSTONI_LOCUS9420,203,protein_coding,Sodium:proton antiporter  [Source:UniProtKB/TrEMBL;Acc:A0A8J2Q6V9],Cercopithifilaria johnstoni (PRJEB47283),protein_coding,cejohnprjeb47283
CJOHNSTONI_LOCUS6402,rna-CJOHNSTONI_LOCUS6402,124,protein_coding,NADH dehydrogenase [ubiquinone] 1 alpha subcomplex subunit 1  [Source:UniProtKB/TrEMBL;Acc:A0A8J2M609],Cercopithifilaria johnstoni (PRJEB47283),protein_coding,cejohnprjeb47283
CJOHNSTONI_LOCUS6288,rna-CJOHNSTONI_LOCUS6288,965,protein_coding,DUF676 domain-containing protein  [Source:UniProtKB/TrEMBL;Acc:A0A8J2M6H2],Cercopithifilaria johnstoni (PRJEB47283),protein_coding,cejohnprjeb47283
CJOHNSTONI_LOCUS1663,rna-CJOHNSTONI_LOCUS1663,185,protein_coding,SHSP domain-containing protein  [Source:UniProtKB/TrEMBL;Acc:A0A8J2PQN2],Cercopithifilaria johnstoni (PRJEB47283),protein_coding,cejohnprjeb47283
CJOHNSTONI_LOCUS1476,rna-CJOHNSTONI_LOCUS1476,198,protein_coding,DUF4200 domain-containing protein  [Source:UniProtKB/TrEMBL;Acc:A0A8J2LMX6],Cercopithifilaria johnstoni (PRJEB47283),protein_coding,cejohnprjeb47283
CJOHNSTONI_LOCUS10198,rna-CJOHNSTONI_LOCUS10198,249,protein_coding,SCP domain-containing protein  [Source:UniProtKB/TrEMBL;Acc:A0A8J2MVJ2],Cercopithifilaria johnstoni (PRJEB47283),protein_coding,cejohnprjeb47283
CJOHNSTONI_LOCUS1525,rna-CJOHNSTONI_LOCUS1525,191,protein_coding,Ras-related protein Rab-10  [Source:UniProtKB/TrEMBL;Acc:A0A8J2PWP1],Cercopithifilaria johnstoni (PRJEB47283),protein_coding,cejohnprjeb47283
CJOHNSTONI_LOCUS8186,rna-CJOHNSTONI_LOCUS8186,408,protein_coding,Trafficking protein particle complex subunit 8  [Source:UniProtKB/TrEMBL;Acc:A0A8J2MBG5],Cercopithifilaria johnstoni (PRJEB47283),protein_coding,cejohnprjeb47283
CJOHNSTONI_LOCUS8703,rna-CJOHNSTONI_LOCUS8703,119,protein_coding,Sigma-54 factor interaction domain-containing protein  [Source:UniProtKB/TrEMBL;Acc:A0A8J2QAY8],Cercopithifilaria johnstoni (PRJEB47283),protein_coding,cejohnprjeb47283
CJOHNSTONI_LOCUS440,rna-CJOHNSTONI_LOCUS440,814,protein_coding,FERM domain-containing protein  [Source:UniProtKB/TrEMBL;Acc:A0A8J2PVJ0],Cercopithifilaria johnstoni (PRJEB47283),protein_coding,cejohnprjeb47283
CJOHNSTONI_LOCUS4240,rna-CJOHNSTONI_LOCUS4240,279,protein_coding,M019R  [Source:UniProtKB/TrEMBL;Acc:A0A8J2M5D1],Cercopithifilaria johnstoni (PRJEB47283),protein_coding,cejohnprjeb47283
CJOHNSTONI_LOCUS7060,rna-CJOHNSTONI_LOCUS7060,253,protein_coding,PlsC domain-containing protein  [Source:UniProtKB/TrEMBL;Acc:A0A8J2M909],Cercopithifilaria johnstoni (PRJEB47283),protein_coding,cejohnprjeb47283
CJOHNSTONI_LOCUS4478,rna-CJOHNSTONI_LOCUS4478,557,protein_coding,DUF3421 domain-containing protein  [Source:UniProtKB/TrEMBL;Acc:A0A8J2LW27],Cercopithifilaria johnstoni (PRJEB47283),protein_coding,cejohnprjeb47283
CJOHNSTONI_LOCUS5157,rna-CJOHNSTONI_LOCUS5157,470,protein_coding,PARP-type domain-containing protein  [Source:UniProtKB/TrEMBL;Acc:A0A8J2M4R8],Cercopithifilaria johnstoni (PRJEB47283),protein_coding,cejohnprjeb47283
CJOHNSTONI_LOCUS5438,rna-CJOHNSTONI_LOCUS5438,191,protein_coding,,Cercopithifilaria johnstoni (PRJEB47283),protein_coding,cejohnprjeb47283
CJOHNSTONI_LOCUS1347,rna-CJOHNSTONI_LOCUS1347,311,protein_coding,PEHE domain-containing protein  [Source:UniProtKB/TrEMBL;Acc:A0A8J2LQ00],Cercopithifilaria johnstoni (PRJEB47283),protein_coding,cejohnprjeb47283
CJOHNSTONI_LOCUS6462,rna-CJOHNSTONI_LOCUS6462,181,protein_coding,Aspartate aminotransferase  [Source:UniProtKB/TrEMBL;Acc:A0A8J2M7G6],Cercopithifilaria johnstoni (PRJEB47283),protein_coding,cejohnprjeb47283
CJOHNSTONI_LOCUS7107,rna-CJOHNSTONI_LOCUS7107,175,protein_coding,PHD finger protein 14  [Source:UniProtKB/TrEMBL;Acc:A0A8J2MR28],Cercopithifilaria johnstoni (PRJEB47283),protein_coding,cejohnprjeb47283
CJOHNSTONI_LOCUS7888,rna-CJOHNSTONI_LOCUS7888,317,protein_coding,SSD domain-containing protein  [Source:UniProtKB/TrEMBL;Acc:A0A8J2Q2R2],Cercopithifilaria johnstoni (PRJEB47283),protein_coding,cejohnprjeb47283
CJOHNSTONI_LOCUS8346,rna-CJOHNSTONI_LOCUS8346,193,protein_coding,ILEI domain-containing protein  [Source:UniProtKB/TrEMBL;Acc:A0A8J2M9T9],Cercopithifilaria johnstoni (PRJEB47283),protein_coding,cejohnprjeb47283
CJOHNSTONI_LOCUS6571,rna-CJOHNSTONI_LOCUS6571,182,protein_coding,Synaptotagmin-1  [Source:UniProtKB/TrEMBL;Acc:A0A8J2MQK0],Cercopithifilaria johnstoni (PRJEB47283),protein_coding,cejohnprjeb47283
CJOHNSTONI_LOCUS5896,rna-CJOHNSTONI_LOCUS5896,157,protein_coding,"ATP synthase subunit e, mitochondrial  [Source:UniProtKB/TrEMBL;Acc:A0A8J2Q141]",Cercopithifilaria johnstoni (PRJEB47283),protein_coding,cejohnprjeb47283
CJOHNSTONI_LOCUS5770,rna-CJOHNSTONI_LOCUS5770,812,protein_coding,,Cercopithifilaria johnstoni (PRJEB47283),protein_coding,cejohnprjeb47283
CJOHNSTONI_LOCUS8185,rna-CJOHNSTONI_LOCUS8185,146,protein_coding,V-type proton ATPase subunit G  [Source:UniProtKB/TrEMBL;Acc:A0A8J2MAX8],Cercopithifilaria johnstoni (PRJEB47283),protein_coding,cejohnprjeb47283
CJOHNSTONI_LOCUS984,rna-CJOHNSTONI_LOCUS984,203,protein_coding,PHB domain-containing protein  [Source:UniProtKB/TrEMBL;Acc:A0A8J2LPB4],Cercopithifilaria johnstoni (PRJEB47283),protein_coding,cejohnprjeb47283
CJOHNSTONI_LOCUS4709,rna-CJOHNSTONI_LOCUS4709,235,protein_coding,Fukutin  [Source:UniProtKB/TrEMBL;Acc:A0A8J2MMU0],Cercopithifilaria johnstoni (PRJEB47283),protein_coding,cejohnprjeb47283
CJOHNSTONI_LOCUS2491,rna-CJOHNSTONI_LOCUS2491,119,protein_coding,CC domain-containing protein  [Source:UniProtKB/TrEMBL;Acc:A0A8J2LXP6],Cercopithifilaria johnstoni (PRJEB47283),protein_coding,cejohnprjeb47283
CJOHNSTONI_LOCUS6795,rna-CJOHNSTONI_LOCUS6795,104,protein_coding,NR LBD domain-containing protein  [Source:UniProtKB/TrEMBL;Acc:A0A8J2QAJ7],Cercopithifilaria johnstoni (PRJEB47283),protein_coding,cejohnprjeb47283
CJOHNSTONI_LOCUS4719,rna-CJOHNSTONI_LOCUS4719,317,protein_coding,N-acetyltransferase domain-containing protein  [Source:UniProtKB/TrEMBL;Acc:A0A8J2LWH3],Cercopithifilaria johnstoni (PRJEB47283),protein_coding,cejohnprjeb47283
CJOHNSTONI_LOCUS3921,rna-CJOHNSTONI_LOCUS3921,215,protein_coding,Kinesin-like protein  [Source:UniProtKB/TrEMBL;Acc:A0A8J2M2F9],Cercopithifilaria johnstoni (PRJEB47283),protein_coding,cejohnprjeb47283
CJOHNSTONI_LOCUS6696,rna-CJOHNSTONI_LOCUS6696,143,protein_coding,Ovule protein  [Source:UniProtKB/TrEMBL;Acc:A0A8J2Q5B9],Cercopithifilaria johnstoni (PRJEB47283),protein_coding,cejohnprjeb47283
CJOHNSTONI_LOCUS2547,rna-CJOHNSTONI_LOCUS2547,389,protein_coding,RING/U-box superfamily protein  [Source:UniProtKB/TrEMBL;Acc:A0A8J2LZK6],Cercopithifilaria johnstoni (PRJEB47283),protein_coding,cejohnprjeb47283
CJOHNSTONI_LOCUS6423,rna-CJOHNSTONI_LOCUS6423,291,protein_coding,Rho-GAP domain-containing protein  [Source:UniProtKB/TrEMBL;Acc:A0A8J2Q1L1],Cercopithifilaria johnstoni (PRJEB47283),protein_coding,cejohnprjeb47283
CJOHNSTONI_LOCUS3280,rna-CJOHNSTONI_LOCUS3280,230,protein_coding,PHYHIP_C domain-containing protein  [Source:UniProtKB/TrEMBL;Acc:A0A8J2M3P9],Cercopithifilaria johnstoni (PRJEB47283),protein_coding,cejohnprjeb47283
CJOHNSTONI_LOCUS5850,rna-CJOHNSTONI_LOCUS5850,317,protein_coding,Cerebellar degeneration-related protein 2  [Source:UniProtKB/TrEMBL;Acc:A0A8J2M5V8],Cercopithifilaria johnstoni (PRJEB47283),protein_coding,cejohnprjeb47283
CJOHNSTONI_LOCUS4023,rna-CJOHNSTONI_LOCUS4023,482,protein_coding,,Cercopithifilaria johnstoni (PRJEB47283),protein_coding,cejohnprjeb47283
CJOHNSTONI_LOCUS6031,rna-CJOHNSTONI_LOCUS6031,239,protein_coding,,Cercopithifilaria johnstoni (PRJEB47283),protein_coding,cejohnprjeb47283
CJOHNSTONI_LOCUS4454,rna-CJOHNSTONI_LOCUS4454,256,protein_coding,RBR-type E3 ubiquitin transferase  [Source:UniProtKB/TrEMBL;Acc:A0A8J2MN16],Cercopithifilaria johnstoni (PRJEB47283),protein_coding,cejohnprjeb47283
CJOHNSTONI_LOCUS4010,rna-CJOHNSTONI_LOCUS4010,228,protein_coding,Neur_chan_LBD domain-containing protein  [Source:UniProtKB/TrEMBL;Acc:A0A8J2LSD4],Cercopithifilaria johnstoni (PRJEB47283),protein_coding,cejohnprjeb47283
CJOHNSTONI_LOCUS3781,rna-CJOHNSTONI_LOCUS3781,223,protein_coding,DNA replication complex GINS protein PSF3  [Source:UniProtKB/TrEMBL;Acc:A0A8J2M0S3],Cercopithifilaria johnstoni (PRJEB47283),protein_coding,cejohnprjeb47283
CJOHNSTONI_LOCUS1902,rna-CJOHNSTONI_LOCUS1902,301,protein_coding,Protein HEXIM1  [Source:UniProtKB/TrEMBL;Acc:A0A8J2PQW1],Cercopithifilaria johnstoni (PRJEB47283),protein_coding,cejohnprjeb47283
CJOHNSTONI_LOCUS10153,rna-CJOHNSTONI_LOCUS10153,225,protein_coding,PRKCA-binding protein  [Source:UniProtKB/TrEMBL;Acc:A0A8J2Q7B5],Cercopithifilaria johnstoni (PRJEB47283),protein_coding,cejohnprjeb47283
CJOHNSTONI_LOCUS2510,rna-CJOHNSTONI_LOCUS2510,218,protein_coding,,Cercopithifilaria johnstoni (PRJEB47283),protein_coding,cejohnprjeb47283
CJOHNSTONI_LOCUS9689,rna-CJOHNSTONI_LOCUS9689,196,protein_coding,,Cercopithifilaria johnstoni (PRJEB47283),protein_coding,cejohnprjeb47283
CJOHNSTONI_LOCUS8644,rna-CJOHNSTONI_LOCUS8644,209,protein_coding,J domain-containing protein  [Source:UniProtKB/TrEMBL;Acc:A0A8J2MAR2],Cercopithifilaria johnstoni (PRJEB47283),protein_coding,cejohnprjeb47283
CJOHNSTONI_LOCUS4398,rna-CJOHNSTONI_LOCUS4398,185,protein_coding,Envelope protein  [Source:UniProtKB/TrEMBL;Acc:A0A8J2M1J1],Cercopithifilaria johnstoni (PRJEB47283),protein_coding,cejohnprjeb47283
CJOHNSTONI_LOCUS1099,rna-CJOHNSTONI_LOCUS1099,174,protein_coding,Thioredoxin domain-containing protein  [Source:UniProtKB/TrEMBL;Acc:A0A8J2LVG4],Cercopithifilaria johnstoni (PRJEB47283),protein_coding,cejohnprjeb47283
CJOHNSTONI_LOCUS9955,rna-CJOHNSTONI_LOCUS9955,171,protein_coding,Cyclin N-terminal domain-containing protein  [Source:UniProtKB/TrEMBL;Acc:A0A8J2MFC9],Cercopithifilaria johnstoni (PRJEB47283),protein_coding,cejohnprjeb47283
CJOHNSTONI_LOCUS4234,rna-CJOHNSTONI_LOCUS4234,557,protein_coding,BESS domain-containing protein  [Source:UniProtKB/TrEMBL;Acc:A0A8J2Q9V5],Cercopithifilaria johnstoni (PRJEB47283),protein_coding,cejohnprjeb47283
CJOHNSTONI_LOCUS5844,rna-CJOHNSTONI_LOCUS5844,330,protein_coding,,Cercopithifilaria johnstoni (PRJEB47283),protein_coding,cejohnprjeb47283
CJOHNSTONI_LOCUS2824,rna-CJOHNSTONI_LOCUS2824,152,protein_coding,,Cercopithifilaria johnstoni (PRJEB47283),protein_coding,cejohnprjeb47283
CJOHNSTONI_LOCUS10030,rna-CJOHNSTONI_LOCUS10030,134,protein_coding,Ribonuclease P  [Source:UniProtKB/TrEMBL;Acc:A0A8J2MD26],Cercopithifilaria johnstoni (PRJEB47283),protein_coding,cejohnprjeb47283
CJOHNSTONI_LOCUS298,rna-CJOHNSTONI_LOCUS298,208,protein_coding,BZIP domain-containing protein  [Source:UniProtKB/TrEMBL;Acc:A0A8J2LYE7],Cercopithifilaria johnstoni (PRJEB47283),protein_coding,cejohnprjeb47283
CJOHNSTONI_LOCUS566,rna-CJOHNSTONI_LOCUS566,187,protein_coding,Guanine nucleotide-binding protein G(O) subunit alpha  [Source:UniProtKB/TrEMBL;Acc:A0A8J2LLH5],Cercopithifilaria johnstoni (PRJEB47283),protein_coding,cejohnprjeb47283
CJOHNSTONI_LOCUS4111,rna-CJOHNSTONI_LOCUS4111,186,protein_coding,Protein kinase domain-containing protein  [Source:UniProtKB/TrEMBL;Acc:A0A8J2MM82],Cercopithifilaria johnstoni (PRJEB47283),protein_coding,cejohnprjeb47283
CJOHNSTONI_LOCUS4170,rna-CJOHNSTONI_LOCUS4170,164,protein_coding,DNA damage-binding protein 1  [Source:UniProtKB/TrEMBL;Acc:A0A8J2M153],Cercopithifilaria johnstoni (PRJEB47283),protein_coding,cejohnprjeb47283
CJOHNSTONI_LOCUS1964,rna-CJOHNSTONI_LOCUS1964,155,protein_coding,"3'(2'),5'-bisphosphate nucleotidase 1  [Source:UniProtKB/TrEMBL;Acc:A0A8J2LYF8]",Cercopithifilaria johnstoni (PRJEB47283),protein_coding,cejohnprjeb47283
CJOHNSTONI_LOCUS10430,rna-CJOHNSTONI_LOCUS10430,212,protein_coding,Ovule protein  [Source:UniProtKB/TrEMBL;Acc:A0A8J2M666],Cercopithifilaria johnstoni (PRJEB47283),protein_coding,cejohnprjeb47283
CJOHNSTONI_LOCUS1403,rna-CJOHNSTONI_LOCUS1403,584,protein_coding,,Cercopithifilaria johnstoni (PRJEB47283),protein_coding,cejohnprjeb47283
CJOHNSTONI_LOCUS832,rna-CJOHNSTONI_LOCUS832,146,protein_coding,C2H2-type domain-containing protein  [Source:UniProtKB/TrEMBL;Acc:A0A8J2PPV4],Cercopithifilaria johnstoni (PRJEB47283),protein_coding,cejohnprjeb47283
CJOHNSTONI_LOCUS8719,rna-CJOHNSTONI_LOCUS8719,236,protein_coding,,Cercopithifilaria johnstoni (PRJEB47283),protein_coding,cejohnprjeb47283
CJOHNSTONI_LOCUS9163,rna-CJOHNSTONI_LOCUS9163,176,protein_coding,LLGL domain-containing protein  [Source:UniProtKB/TrEMBL;Acc:A0A8J2MF54],Cercopithifilaria johnstoni (PRJEB47283),protein_coding,cejohnprjeb47283
CJOHNSTONI_LOCUS7378,rna-CJOHNSTONI_LOCUS7378,293,protein_coding,Doublecortin domain-containing protein  [Source:UniProtKB/TrEMBL;Acc:A0A8J2MRI9],Cercopithifilaria johnstoni (PRJEB47283),protein_coding,cejohnprjeb47283
CJOHNSTONI_LOCUS5981,rna-CJOHNSTONI_LOCUS5981,217,protein_coding,PPM-type phosphatase domain-containing protein  [Source:UniProtKB/TrEMBL;Acc:A0A8J2LZ46],Cercopithifilaria johnstoni (PRJEB47283),protein_coding,cejohnprjeb47283
CJOHNSTONI_LOCUS5744,rna-CJOHNSTONI_LOCUS5744,413,protein_coding,Vesicle transport protein USE1  [Source:UniProtKB/TrEMBL;Acc:A0A8J2M5L0],Cercopithifilaria johnstoni (PRJEB47283),protein_coding,cejohnprjeb47283
CJOHNSTONI_LOCUS4314,rna-CJOHNSTONI_LOCUS4314,290,protein_coding,GPI transamidase component PIG-S  [Source:UniProtKB/TrEMBL;Acc:A0A8J2Q6T7],Cercopithifilaria johnstoni (PRJEB47283),protein_coding,cejohnprjeb47283
CJOHNSTONI_LOCUS8449,rna-CJOHNSTONI_LOCUS8449,222,protein_coding,Aminotran_1_2 domain-containing protein  [Source:UniProtKB/TrEMBL;Acc:A0A8J2Q6E9],Cercopithifilaria johnstoni (PRJEB47283),protein_coding,cejohnprjeb47283
CJOHNSTONI_LOCUS7758,rna-CJOHNSTONI_LOCUS7758,198,protein_coding,Clc-like protein  [Source:UniProtKB/TrEMBL;Acc:A0A8J2M9W1],Cercopithifilaria johnstoni (PRJEB47283),protein_coding,cejohnprjeb47283
CJOHNSTONI_LOCUS846,rna-CJOHNSTONI_LOCUS846,248,protein_coding,Collagen alpha-1(I) chain-like  [Source:UniProtKB/TrEMBL;Acc:A0A8J2LP16],Cercopithifilaria johnstoni (PRJEB47283),protein_coding,cejohnprjeb47283
CJOHNSTONI_LOCUS7581,rna-CJOHNSTONI_LOCUS7581,210,protein_coding,EF-hand domain-containing protein  [Source:UniProtKB/TrEMBL;Acc:A0A8J2PW80],Cercopithifilaria johnstoni (PRJEB47283),protein_coding,cejohnprjeb47283
CJOHNSTONI_LOCUS4069,rna-CJOHNSTONI_LOCUS4069,293,protein_coding,Serine/threonine-protein phosphatase  [Source:UniProtKB/TrEMBL;Acc:A0A8J2LV63],Cercopithifilaria johnstoni (PRJEB47283),protein_coding,cejohnprjeb47283
CJOHNSTONI_LOCUS5733,rna-CJOHNSTONI_LOCUS5733,292,protein_coding,DnaJ subfamily A member 1  [Source:UniProtKB/TrEMBL;Acc:A0A8J2Q0Z3],Cercopithifilaria johnstoni (PRJEB47283),protein_coding,cejohnprjeb47283
CJOHNSTONI_LOCUS3349,rna-CJOHNSTONI_LOCUS3349,286,protein_coding,Peroxidase  [Source:UniProtKB/TrEMBL;Acc:A0A8J2M1H9],Cercopithifilaria johnstoni (PRJEB47283),protein_coding,cejohnprjeb47283
CJOHNSTONI_LOCUS8809,rna-CJOHNSTONI_LOCUS8809,260,protein_coding,Bm5041  [Source:UniProtKB/TrEMBL;Acc:A0A8J2Q6K4],Cercopithifilaria johnstoni (PRJEB47283),protein_coding,cejohnprjeb47283
CJOHNSTONI_LOCUS8164,rna-CJOHNSTONI_LOCUS8164,237,protein_coding,PP4R3 domain-containing protein  [Source:UniProtKB/TrEMBL;Acc:A0A8J2M389],Cercopithifilaria johnstoni (PRJEB47283),protein_coding,cejohnprjeb47283
CJOHNSTONI_LOCUS823,rna-CJOHNSTONI_LOCUS823,218,protein_coding,Motile sperm domain-containing protein 1  [Source:UniProtKB/TrEMBL;Acc:A0A8J2MI12],Cercopithifilaria johnstoni (PRJEB47283),protein_coding,cejohnprjeb47283
CJOHNSTONI_LOCUS7344,rna-CJOHNSTONI_LOCUS7344,541,protein_coding,Col_cuticle_N domain-containing protein  [Source:UniProtKB/TrEMBL;Acc:A0A8J2M9F5],Cercopithifilaria johnstoni (PRJEB47283),protein_coding,cejohnprjeb47283
CJOHNSTONI_LOCUS3040,rna-CJOHNSTONI_LOCUS3040,330,protein_coding,Dedicator of cytokinesis protein 6  [Source:UniProtKB/TrEMBL;Acc:A0A8J2Q9D5],Cercopithifilaria johnstoni (PRJEB47283),protein_coding,cejohnprjeb47283
CJOHNSTONI_LOCUS1752,rna-CJOHNSTONI_LOCUS1752,209,protein_coding,RNA helicase  [Source:UniProtKB/TrEMBL;Acc:A0A8J2PWV5],Cercopithifilaria johnstoni (PRJEB47283),protein_coding,cejohnprjeb47283
CJOHNSTONI_LOCUS7070,rna-CJOHNSTONI_LOCUS7070,343,protein_coding,DFDF domain-containing protein  [Source:UniProtKB/TrEMBL;Acc:A0A8J2M798],Cercopithifilaria johnstoni (PRJEB47283),protein_coding,cejohnprjeb47283
CJOHNSTONI_LOCUS5548,rna-CJOHNSTONI_LOCUS5548,371,protein_coding,Homeobox domain-containing protein  [Source:UniProtKB/TrEMBL;Acc:A0A8J2M7I8],Cercopithifilaria johnstoni (PRJEB47283),protein_coding,cejohnprjeb47283
CJOHNSTONI_LOCUS7006,rna-CJOHNSTONI_LOCUS7006-2,213,protein_coding,Kelch domain-containing protein 3  [Source:UniProtKB/TrEMBL;Acc:A0A8J2M8W2],Cercopithifilaria johnstoni (PRJEB47283),protein_coding,cejohnprjeb47283
CJOHNSTONI_LOCUS6930,rna-CJOHNSTONI_LOCUS6930,385,protein_coding,Nuclear receptor domain-containing protein  [Source:UniProtKB/TrEMBL;Acc:A0A8J2Q8A6],Cercopithifilaria johnstoni (PRJEB47283),protein_coding,cejohnprjeb47283
CJOHNSTONI_LOCUS5707,rna-CJOHNSTONI_LOCUS5707,209,protein_coding,Sulfatase domain-containing protein  [Source:UniProtKB/TrEMBL;Acc:A0A8J2LYP3],Cercopithifilaria johnstoni (PRJEB47283),protein_coding,cejohnprjeb47283
CJOHNSTONI_LOCUS6737,rna-CJOHNSTONI_LOCUS6737-2,196,protein_coding,Autophagy_act_C domain-containing protein  [Source:UniProtKB/TrEMBL;Acc:A0A8J2QAJ3],Cercopithifilaria johnstoni (PRJEB47283),protein_coding,cejohnprjeb47283
CJOHNSTONI_LOCUS6118,rna-CJOHNSTONI_LOCUS6118,271,protein_coding,Kinesin motor domain-containing protein  [Source:UniProtKB/TrEMBL;Acc:A0A8J2LZD5],Cercopithifilaria johnstoni (PRJEB47283),protein_coding,cejohnprjeb47283
CJOHNSTONI_LOCUS9712,rna-CJOHNSTONI_LOCUS9712,299,protein_coding,Col_cuticle_N domain-containing protein  [Source:UniProtKB/TrEMBL;Acc:A0A8J2M554],Cercopithifilaria johnstoni (PRJEB47283),protein_coding,cejohnprjeb47283
CJOHNSTONI_LOCUS9358,rna-CJOHNSTONI_LOCUS9358,290,protein_coding,ZZ-type domain-containing protein  [Source:UniProtKB/TrEMBL;Acc:A0A8J2MDG0],Cercopithifilaria johnstoni (PRJEB47283),protein_coding,cejohnprjeb47283
CJOHNSTONI_LOCUS7693,rna-CJOHNSTONI_LOCUS7693,245,protein_coding,Bm10601  [Source:UniProtKB/TrEMBL;Acc:A0A8J2QAR4],Cercopithifilaria johnstoni (PRJEB47283),protein_coding,cejohnprjeb47283
CJOHNSTONI_LOCUS8736,rna-CJOHNSTONI_LOCUS8736,202,protein_coding,DFP domain-containing protein  [Source:UniProtKB/TrEMBL;Acc:A0A8J2MTH4],Cercopithifilaria johnstoni (PRJEB47283),protein_coding,cejohnprjeb47283
CJOHNSTONI_LOCUS8034,rna-CJOHNSTONI_LOCUS8034,941,protein_coding,MADS-box domain-containing protein  [Source:UniProtKB/TrEMBL;Acc:A0A8J2Q8P7],Cercopithifilaria johnstoni (PRJEB47283),protein_coding,cejohnprjeb47283
CJOHNSTONI_LOCUS7191,rna-CJOHNSTONI_LOCUS7191,412,protein_coding,Neurabin-1  [Source:UniProtKB/TrEMBL;Acc:A0A8J2M942],Cercopithifilaria johnstoni (PRJEB47283),protein_coding,cejohnprjeb47283
CJOHNSTONI_LOCUS2930,rna-CJOHNSTONI_LOCUS2930,283,protein_coding,TATA-binding protein-associated factor BTAF1  [Source:UniProtKB/TrEMBL;Acc:A0A8J2MKX7],Cercopithifilaria johnstoni (PRJEB47283),protein_coding,cejohnprjeb47283
CJOHNSTONI_LOCUS1682,rna-CJOHNSTONI_LOCUS1682,266,protein_coding,Plug_translocon domain-containing protein  [Source:UniProtKB/TrEMBL;Acc:A0A8J2LQH3],Cercopithifilaria johnstoni (PRJEB47283),protein_coding,cejohnprjeb47283
CJOHNSTONI_LOCUS1858,rna-CJOHNSTONI_LOCUS1858,181,protein_coding,Sep15_SelM domain-containing protein  [Source:UniProtKB/TrEMBL;Acc:A0A8J2LY88],Cercopithifilaria johnstoni (PRJEB47283),protein_coding,cejohnprjeb47283
CJOHNSTONI_LOCUS8808,rna-CJOHNSTONI_LOCUS8808,157,protein_coding,GTP-binding protein 5  [Source:UniProtKB/TrEMBL;Acc:A0A8J2PXN0],Cercopithifilaria johnstoni (PRJEB47283),protein_coding,cejohnprjeb47283
CJOHNSTONI_LOCUS1044,rna-CJOHNSTONI_LOCUS1044,154,protein_coding,Ovule protein  [Source:UniProtKB/TrEMBL;Acc:A0A8J2MID6],Cercopithifilaria johnstoni (PRJEB47283),protein_coding,cejohnprjeb47283
CJOHNSTONI_LOCUS9472,rna-CJOHNSTONI_LOCUS9472,149,protein_coding,DUF19 domain-containing protein  [Source:UniProtKB/TrEMBL;Acc:A0A8J2MEG0],Cercopithifilaria johnstoni (PRJEB47283),protein_coding,cejohnprjeb47283
CJOHNSTONI_LOCUS7781,rna-CJOHNSTONI_LOCUS7781,902,protein_coding,Grainyhead-like protein 2 homolog  [Source:UniProtKB/TrEMBL;Acc:A0A8J2M1W9],Cercopithifilaria johnstoni (PRJEB47283),protein_coding,cejohnprjeb47283
CJOHNSTONI_LOCUS787,rna-CJOHNSTONI_LOCUS787,279,protein_coding,Cyclopropane-fatty-acyl-phospholipid synthase  [Source:UniProtKB/TrEMBL;Acc:A0A8J2PPU5],Cercopithifilaria johnstoni (PRJEB47283),protein_coding,cejohnprjeb47283
CJOHNSTONI_LOCUS496,rna-CJOHNSTONI_LOCUS496,170,protein_coding,Protein kinase domain-containing protein  [Source:UniProtKB/TrEMBL;Acc:A0A8J2LNC2],Cercopithifilaria johnstoni (PRJEB47283),protein_coding,cejohnprjeb47283
CJOHNSTONI_LOCUS8914,rna-CJOHNSTONI_LOCUS8914,440,protein_coding,Clathrin_bdg domain-containing protein  [Source:UniProtKB/TrEMBL;Acc:A0A8J2MTH0],Cercopithifilaria johnstoni (PRJEB47283),protein_coding,cejohnprjeb47283
CJOHNSTONI_LOCUS9081,rna-CJOHNSTONI_LOCUS9081,236,protein_coding,CSD domain-containing protein  [Source:UniProtKB/TrEMBL;Acc:A0A8J2MDI4],Cercopithifilaria johnstoni (PRJEB47283),protein_coding,cejohnprjeb47283
CJOHNSTONI_LOCUS7670,rna-CJOHNSTONI_LOCUS7670,704,protein_coding,Col_cuticle_N domain-containing protein  [Source:UniProtKB/TrEMBL;Acc:A0A8J2MRP0],Cercopithifilaria johnstoni (PRJEB47283),protein_coding,cejohnprjeb47283
CJOHNSTONI_LOCUS3127,rna-CJOHNSTONI_LOCUS3127,307,protein_coding,RTP1_C1 domain-containing protein  [Source:UniProtKB/TrEMBL;Acc:A0A8J2LZP7],Cercopithifilaria johnstoni (PRJEB47283),protein_coding,cejohnprjeb47283
CJOHNSTONI_LOCUS10305,rna-CJOHNSTONI_LOCUS10305,299,protein_coding,CDT1 domain-containing protein  [Source:UniProtKB/TrEMBL;Acc:A0A8J2MH55],Cercopithifilaria johnstoni (PRJEB47283),protein_coding,cejohnprjeb47283
CJOHNSTONI_LOCUS4533,rna-CJOHNSTONI_LOCUS4533,232,protein_coding,Tensin 3  [Source:UniProtKB/TrEMBL;Acc:A0A8J2Q3C5],Cercopithifilaria johnstoni (PRJEB47283),protein_coding,cejohnprjeb47283
CJOHNSTONI_LOCUS9526,rna-CJOHNSTONI_LOCUS9526,229,protein_coding,Integrase catalytic domain-containing protein  [Source:UniProtKB/TrEMBL;Acc:A0A8J2MCD2],Cercopithifilaria johnstoni (PRJEB47283),protein_coding,cejohnprjeb47283
CJOHNSTONI_LOCUS1628,rna-CJOHNSTONI_LOCUS1628,228,protein_coding,Calpain catalytic domain-containing protein  [Source:UniProtKB/TrEMBL;Acc:A0A8J2LWD6],Cercopithifilaria johnstoni (PRJEB47283),protein_coding,cejohnprjeb47283
CJOHNSTONI_LOCUS10457,rna-CJOHNSTONI_LOCUS10457,188,protein_coding,,Cercopithifilaria johnstoni (PRJEB47283),protein_coding,cejohnprjeb47283
CJOHNSTONI_LOCUS2062,rna-CJOHNSTONI_LOCUS2062,296,protein_coding,ATP synthase subunit beta  [Source:UniProtKB/TrEMBL;Acc:A0A8J2LZ23],Cercopithifilaria johnstoni (PRJEB47283),protein_coding,cejohnprjeb47283
CJOHNSTONI_LOCUS8545,rna-CJOHNSTONI_LOCUS8545,259,protein_coding,SH3 domain-containing protein  [Source:UniProtKB/TrEMBL;Acc:A0A8J2M3U9],Cercopithifilaria johnstoni (PRJEB47283),protein_coding,cejohnprjeb47283
CJOHNSTONI_LOCUS300,rna-CJOHNSTONI_LOCUS300,145,protein_coding,guanylate kinase  [Source:UniProtKB/TrEMBL;Acc:A0A8J2LTU6],Cercopithifilaria johnstoni (PRJEB47283),protein_coding,cejohnprjeb47283
CJOHNSTONI_LOCUS107,rna-CJOHNSTONI_LOCUS107,254,protein_coding,Intermediate filament tail domain protein  [Source:UniProtKB/TrEMBL;Acc:A0A8J2PZE1],Cercopithifilaria johnstoni (PRJEB47283),protein_coding,cejohnprjeb47283
CJOHNSTONI_LOCUS5484,rna-CJOHNSTONI_LOCUS5484,203,protein_coding,Mannosyltransferase  [Source:UniProtKB/TrEMBL;Acc:A0A8J2M7E8],Cercopithifilaria johnstoni (PRJEB47283),protein_coding,cejohnprjeb47283
CJOHNSTONI_LOCUS433,rna-CJOHNSTONI_LOCUS433,314,protein_coding,G_PROTEIN_RECEP_F1_2 domain-containing protein  [Source:UniProtKB/TrEMBL;Acc:A0A8J2LVU6],Cercopithifilaria johnstoni (PRJEB47283),protein_coding,cejohnprjeb47283
CJOHNSTONI_LOCUS10422,rna-CJOHNSTONI_LOCUS10422,282,protein_coding,C2 domain-containing protein  [Source:UniProtKB/TrEMBL;Acc:A0A8J2MFE6],Cercopithifilaria johnstoni (PRJEB47283),protein_coding,cejohnprjeb47283
CJOHNSTONI_LOCUS3088,rna-CJOHNSTONI_LOCUS3088,223,protein_coding,Vesicle-fusing ATPase  [Source:UniProtKB/TrEMBL;Acc:A0A8J2M0P8],Cercopithifilaria johnstoni (PRJEB47283),protein_coding,cejohnprjeb47283
CJOHNSTONI_LOCUS4973,rna-CJOHNSTONI_LOCUS4973,199,protein_coding,NADH-ubiquinone oxidoreductase 21.3 kDa subunit  [Source:UniProtKB/TrEMBL;Acc:A0A8J2Q3X9],Cercopithifilaria johnstoni (PRJEB47283),protein_coding,cejohnprjeb47283
CJOHNSTONI_LOCUS9308,rna-CJOHNSTONI_LOCUS9308,478,protein_coding,CAP-Gly domain-containing protein  [Source:UniProtKB/TrEMBL;Acc:A0A8J2PY29],Cercopithifilaria johnstoni (PRJEB47283),protein_coding,cejohnprjeb47283
CJOHNSTONI_LOCUS1827,rna-CJOHNSTONI_LOCUS1827,378,protein_coding,Actin  [Source:UniProtKB/TrEMBL;Acc:A0A8J2M1F7],Cercopithifilaria johnstoni (PRJEB47283),protein_coding,cejohnprjeb47283
CJOHNSTONI_LOCUS7981,rna-CJOHNSTONI_LOCUS7981,279,protein_coding,Transcription initiation factor TFIID subunit 2  [Source:UniProtKB/TrEMBL;Acc:A0A8J2M9H7],Cercopithifilaria johnstoni (PRJEB47283),protein_coding,cejohnprjeb47283
CJOHNSTONI_LOCUS6203,rna-CJOHNSTONI_LOCUS6203,250,protein_coding,UPAR/Ly6 domain-containing protein  [Source:UniProtKB/TrEMBL;Acc:A0A8J2M742],Cercopithifilaria johnstoni (PRJEB47283),protein_coding,cejohnprjeb47283
CJOHNSTONI_LOCUS3793,rna-CJOHNSTONI_LOCUS3793,205,protein_coding,MAU2 chromatid cohesion factor homolog  [Source:UniProtKB/TrEMBL;Acc:A0A8J2M293],Cercopithifilaria johnstoni (PRJEB47283),protein_coding,cejohnprjeb47283
CJOHNSTONI_LOCUS9123,rna-CJOHNSTONI_LOCUS9123,187,protein_coding,ZP domain-containing protein  [Source:UniProtKB/TrEMBL;Acc:A0A8J2MDB9],Cercopithifilaria johnstoni (PRJEB47283),protein_coding,cejohnprjeb47283
CJOHNSTONI_LOCUS1457,rna-CJOHNSTONI_LOCUS1457,239,protein_coding,PSP domain-containing protein  [Source:UniProtKB/TrEMBL;Acc:A0A8J2Q3W1],Cercopithifilaria johnstoni (PRJEB47283),protein_coding,cejohnprjeb47283
CJOHNSTONI_LOCUS1990,rna-CJOHNSTONI_LOCUS1990,223,protein_coding,RNase H domain-containing protein  [Source:UniProtKB/TrEMBL;Acc:A0A8J2LYH3],Cercopithifilaria johnstoni (PRJEB47283),protein_coding,cejohnprjeb47283
CJOHNSTONI_LOCUS10168,rna-CJOHNSTONI_LOCUS10168,200,protein_coding,Endo/exonuclease/phosphatase domain-containing protein  [Source:UniProtKB/TrEMBL;Acc:A0A8J2MUR0],Cercopithifilaria johnstoni (PRJEB47283),protein_coding,cejohnprjeb47283
CJOHNSTONI_LOCUS3166,rna-CJOHNSTONI_LOCUS3166,165,protein_coding,Rhomboid domain-containing protein  [Source:UniProtKB/TrEMBL;Acc:A0A8J2LTB7],Cercopithifilaria johnstoni (PRJEB47283),protein_coding,cejohnprjeb47283
CJOHNSTONI_LOCUS3515,rna-CJOHNSTONI_LOCUS3515,147,protein_coding,R3H-assoc domain-containing protein  [Source:UniProtKB/TrEMBL;Acc:A0A8J2MM15],Cercopithifilaria johnstoni (PRJEB47283),protein_coding,cejohnprjeb47283
CJOHNSTONI_LOCUS990,rna-CJOHNSTONI_LOCUS990,221,protein_coding,P4Hc domain-containing protein  [Source:UniProtKB/TrEMBL;Acc:A0A8J2LV16],Cercopithifilaria johnstoni (PRJEB47283),protein_coding,cejohnprjeb47283
CJOHNSTONI_LOCUS3981,rna-CJOHNSTONI_LOCUS3981,254,protein_coding,CAP-Gly domain-containing linker protein 1  [Source:UniProtKB/TrEMBL;Acc:A0A8J2Q9S0],Cercopithifilaria johnstoni (PRJEB47283),protein_coding,cejohnprjeb47283
CJOHNSTONI_LOCUS9171,rna-CJOHNSTONI_LOCUS9171,198,protein_coding,,Cercopithifilaria johnstoni (PRJEB47283),protein_coding,cejohnprjeb47283
CJOHNSTONI_LOCUS7729,rna-CJOHNSTONI_LOCUS7729,305,protein_coding,BAR domain-containing protein  [Source:UniProtKB/TrEMBL;Acc:A0A8J2M9U0],Cercopithifilaria johnstoni (PRJEB47283),protein_coding,cejohnprjeb47283
CJOHNSTONI_LOCUS7638,rna-CJOHNSTONI_LOCUS7638,136,protein_coding,N-acetyltransferase domain-containing protein  [Source:UniProtKB/TrEMBL;Acc:A0A8J2QAR0],Cercopithifilaria johnstoni (PRJEB47283),protein_coding,cejohnprjeb47283
CJOHNSTONI_LOCUS797,rna-CJOHNSTONI_LOCUS797,318,protein_coding,C2H2-type domain-containing protein  [Source:UniProtKB/TrEMBL;Acc:A0A8J2LWI5],Cercopithifilaria johnstoni (PRJEB47283),protein_coding,cejohnprjeb47283
CJOHNSTONI_LOCUS8622,rna-CJOHNSTONI_LOCUS8622,194,protein_coding,60S ribosomal protein L14  [Source:UniProtKB/TrEMBL;Acc:A0A8J2MAP9],Cercopithifilaria johnstoni (PRJEB47283),protein_coding,cejohnprjeb47283
CJOHNSTONI_LOCUS7245,rna-CJOHNSTONI_LOCUS7245,312,protein_coding,Protein kinase domain-containing protein  [Source:UniProtKB/TrEMBL;Acc:A0A8J2MAS9],Cercopithifilaria johnstoni (PRJEB47283),protein_coding,cejohnprjeb47283
CJOHNSTONI_LOCUS4238,rna-CJOHNSTONI_LOCUS4238,147,protein_coding,AT-hook motif nuclear-localized protein  [Source:UniProtKB/TrEMBL;Acc:A0A8J2MMD8],Cercopithifilaria johnstoni (PRJEB47283),protein_coding,cejohnprjeb47283
CJOHNSTONI_LOCUS8239,rna-CJOHNSTONI_LOCUS8239,231,protein_coding,"39S ribosomal protein L44, mitochondrial  [Source:UniProtKB/TrEMBL;Acc:A0A8J2MA11]",Cercopithifilaria johnstoni (PRJEB47283),protein_coding,cejohnprjeb47283
CJOHNSTONI_LOCUS6160,rna-CJOHNSTONI_LOCUS6160,221,protein_coding,Protein kinase domain-containing protein  [Source:UniProtKB/TrEMBL;Acc:A0A8J2MPZ8],Cercopithifilaria johnstoni (PRJEB47283),protein_coding,cejohnprjeb47283
CJOHNSTONI_LOCUS7595,rna-CJOHNSTONI_LOCUS7595,245,protein_coding,Methyltransferase-like protein 23  [Source:UniProtKB/TrEMBL;Acc:A0A8J2Q2I5],Cercopithifilaria johnstoni (PRJEB47283),protein_coding,cejohnprjeb47283
CJOHNSTONI_LOCUS9495,rna-CJOHNSTONI_LOCUS9495,259,protein_coding,,Cercopithifilaria johnstoni (PRJEB47283),protein_coding,cejohnprjeb47283
CJOHNSTONI_LOCUS1215,rna-CJOHNSTONI_LOCUS1215,220,protein_coding,RuvB-like helicase  [Source:UniProtKB/TrEMBL;Acc:A0A8J2LVI6],Cercopithifilaria johnstoni (PRJEB47283),protein_coding,cejohnprjeb47283
CJOHNSTONI_LOCUS6493,rna-CJOHNSTONI_LOCUS6493,210,protein_coding,Ovule protein  [Source:UniProtKB/TrEMBL;Acc:A0A8J2Q1N1],Cercopithifilaria johnstoni (PRJEB47283),protein_coding,cejohnprjeb47283
CJOHNSTONI_LOCUS4272,rna-CJOHNSTONI_LOCUS4272,273,protein_coding,LITAF domain-containing protein  [Source:UniProtKB/TrEMBL;Acc:A0A8J2Q357],Cercopithifilaria johnstoni (PRJEB47283),protein_coding,cejohnprjeb47283
CJOHNSTONI_LOCUS4595,rna-CJOHNSTONI_LOCUS4595,366,protein_coding,Vacuolar protein sorting-associated protein 54  [Source:UniProtKB/TrEMBL;Acc:A0A8J2M3H6],Cercopithifilaria johnstoni (PRJEB47283),protein_coding,cejohnprjeb47283
CJOHNSTONI_LOCUS4559,rna-CJOHNSTONI_LOCUS4559,230,protein_coding,,Cercopithifilaria johnstoni (PRJEB47283),protein_coding,cejohnprjeb47283
CJOHNSTONI_LOCUS3201,rna-CJOHNSTONI_LOCUS3201,203,protein_coding,ADP/ATP translocase  [Source:UniProtKB/TrEMBL;Acc:A0A8J2Q5D4],Cercopithifilaria johnstoni (PRJEB47283),protein_coding,cejohnprjeb47283
CJOHNSTONI_LOCUS1143,rna-CJOHNSTONI_LOCUS1143,198,protein_coding,eIF-2B GDP-GTP exchange factor subunit epsilon  [Source:UniProtKB/TrEMBL;Acc:A0A8J2LXJ3],Cercopithifilaria johnstoni (PRJEB47283),protein_coding,cejohnprjeb47283
CJOHNSTONI_LOCUS887,rna-CJOHNSTONI_LOCUS887,524,protein_coding,AF4/FMR2 family member lilli  [Source:UniProtKB/TrEMBL;Acc:A0A8J2LZH9],Cercopithifilaria johnstoni (PRJEB47283),protein_coding,cejohnprjeb47283
CJOHNSTONI_LOCUS2383,rna-CJOHNSTONI_LOCUS2383,238,protein_coding,Glyco_trans_2-like domain-containing protein  [Source:UniProtKB/TrEMBL;Acc:A0A8J2LRR9],Cercopithifilaria johnstoni (PRJEB47283),protein_coding,cejohnprjeb47283
CJOHNSTONI_LOCUS676,rna-CJOHNSTONI_LOCUS676,231,protein_coding,Fork-head domain-containing protein  [Source:UniProtKB/TrEMBL;Acc:A0A8J2Q027],Cercopithifilaria johnstoni (PRJEB47283),protein_coding,cejohnprjeb47283
CJOHNSTONI_LOCUS1379,rna-CJOHNSTONI_LOCUS1379,292,protein_coding,MRP-S28 domain-containing protein  [Source:UniProtKB/TrEMBL;Acc:A0A8J2M0W8],Cercopithifilaria johnstoni (PRJEB47283),protein_coding,cejohnprjeb47283
CJOHNSTONI_LOCUS9576,rna-CJOHNSTONI_LOCUS9576,177,protein_coding,Histone domain-containing protein  [Source:UniProtKB/TrEMBL;Acc:A0A8J2M613],Cercopithifilaria johnstoni (PRJEB47283),protein_coding,cejohnprjeb47283
CJOHNSTONI_LOCUS9965,rna-CJOHNSTONI_LOCUS9965,255,protein_coding,Double-strand-break repair protein rad21 homolog  [Source:UniProtKB/TrEMBL;Acc:A0A8J2MEV5],Cercopithifilaria johnstoni (PRJEB47283),protein_coding,cejohnprjeb47283
CJOHNSTONI_LOCUS8147,rna-CJOHNSTONI_LOCUS8147,173,protein_coding,G protein-coupled receptor  [Source:UniProtKB/TrEMBL;Acc:A0A8J2PX29],Cercopithifilaria johnstoni (PRJEB47283),protein_coding,cejohnprjeb47283
CJOHNSTONI_LOCUS224,rna-CJOHNSTONI_LOCUS224,149,protein_coding,Secreted protein  [Source:UniProtKB/TrEMBL;Acc:A0A8J2MH50],Cercopithifilaria johnstoni (PRJEB47283),protein_coding,cejohnprjeb47283
CJOHNSTONI_LOCUS486,rna-CJOHNSTONI_LOCUS486,228,protein_coding,Spondin-1  [Source:UniProtKB/TrEMBL;Acc:A0A8J2MI71],Cercopithifilaria johnstoni (PRJEB47283),protein_coding,cejohnprjeb47283
CJOHNSTONI_LOCUS4905,rna-CJOHNSTONI_LOCUS4905,330,protein_coding,MAM domain-containing protein  [Source:UniProtKB/TrEMBL;Acc:A0A8J2Q753],Cercopithifilaria johnstoni (PRJEB47283),protein_coding,cejohnprjeb47283
CJOHNSTONI_LOCUS2205,rna-CJOHNSTONI_LOCUS2205,137,protein_coding,Transthyretin-like family protein  [Source:UniProtKB/TrEMBL;Acc:A0A8J2Q4H6],Cercopithifilaria johnstoni (PRJEB47283),protein_coding,cejohnprjeb47283
CJOHNSTONI_LOCUS5474,rna-CJOHNSTONI_LOCUS5474,366,protein_coding,PX domain-containing protein  [Source:UniProtKB/TrEMBL;Acc:A0A8J2Q7H5],Cercopithifilaria johnstoni (PRJEB47283),protein_coding,cejohnprjeb47283
CJOHNSTONI_LOCUS6980,rna-CJOHNSTONI_LOCUS6980,271,protein_coding,F-box domain-containing protein  [Source:UniProtKB/TrEMBL;Acc:A0A8J2MA96],Cercopithifilaria johnstoni (PRJEB47283),protein_coding,cejohnprjeb47283
CJOHNSTONI_LOCUS1166,rna-CJOHNSTONI_LOCUS1166,176,protein_coding,Dynactin domain-containing protein  [Source:UniProtKB/TrEMBL;Acc:A0A8J2LXF1],Cercopithifilaria johnstoni (PRJEB47283),protein_coding,cejohnprjeb47283
CJOHNSTONI_LOCUS8483,rna-CJOHNSTONI_LOCUS8483,199,protein_coding,SOSS complex subunit B1  [Source:UniProtKB/TrEMBL;Acc:A0A8J2MT53],Cercopithifilaria johnstoni (PRJEB47283),protein_coding,cejohnprjeb47283
CJOHNSTONI_LOCUS5243,rna-CJOHNSTONI_LOCUS5243,193,protein_coding,COX assembly mitochondrial protein  [Source:UniProtKB/TrEMBL;Acc:A0A8J2M4V6],Cercopithifilaria johnstoni (PRJEB47283),protein_coding,cejohnprjeb47283
CJOHNSTONI_LOCUS8815,rna-CJOHNSTONI_LOCUS8815,311,protein_coding,Exocyst complex component Sec8  [Source:UniProtKB/TrEMBL;Acc:A0A8J2MEB0],Cercopithifilaria johnstoni (PRJEB47283),protein_coding,cejohnprjeb47283
CJOHNSTONI_LOCUS4877,rna-CJOHNSTONI_LOCUS4877,410,protein_coding,PX domain-containing protein  [Source:UniProtKB/TrEMBL;Acc:A0A8J2Q748],Cercopithifilaria johnstoni (PRJEB47283),protein_coding,cejohnprjeb47283
CJOHNSTONI_LOCUS5220,rna-CJOHNSTONI_LOCUS5220,179,protein_coding,Translin  [Source:UniProtKB/TrEMBL;Acc:A0A8J2LXP0],Cercopithifilaria johnstoni (PRJEB47283),protein_coding,cejohnprjeb47283
CJOHNSTONI_LOCUS4930,rna-CJOHNSTONI_LOCUS4930,239,protein_coding,Protein kinase domain-containing protein  [Source:UniProtKB/TrEMBL;Acc:A0A8J2Q758],Cercopithifilaria johnstoni (PRJEB47283),protein_coding,cejohnprjeb47283
CJOHNSTONI_LOCUS8231,rna-CJOHNSTONI_LOCUS8231,212,protein_coding,,Cercopithifilaria johnstoni (PRJEB47283),protein_coding,cejohnprjeb47283
CJOHNSTONI_LOCUS5171,rna-CJOHNSTONI_LOCUS5171,245,protein_coding,,Cercopithifilaria johnstoni (PRJEB47283),protein_coding,cejohnprjeb47283
CJOHNSTONI_LOCUS7656,rna-CJOHNSTONI_LOCUS7656,265,protein_coding,Cap-specific mRNA (nucleoside-2'-O-)-methyltransferase 1  [Source:UniProtKB/TrEMBL;Acc:A0A8J2M8F2],Cercopithifilaria johnstoni (PRJEB47283),protein_coding,cejohnprjeb47283
CJOHNSTONI_LOCUS5263,rna-CJOHNSTONI_LOCUS5263,2937,protein_coding,"Sushi, von Willebrand factor type A, EGF and pentraxin domain-containing protein 1  [Source:UniProtKB/TrEMBL;Acc:A0A8J2M3K4]",Cercopithifilaria johnstoni (PRJEB47283),protein_coding,cejohnprjeb47283
CJOHNSTONI_LOCUS6408,rna-CJOHNSTONI_LOCUS6408,212,protein_coding,DUF913 domain-containing protein  [Source:UniProtKB/TrEMBL;Acc:A0A8J2M6P5],Cercopithifilaria johnstoni (PRJEB47283),protein_coding,cejohnprjeb47283
CJOHNSTONI_LOCUS4759,rna-CJOHNSTONI_LOCUS4759,203,protein_coding,Collagen triple helix repeat protein  [Source:UniProtKB/TrEMBL;Acc:A0A8J2QA45],Cercopithifilaria johnstoni (PRJEB47283),protein_coding,cejohnprjeb47283
CJOHNSTONI_LOCUS97,rna-CJOHNSTONI_LOCUS97,197,protein_coding,Integrase_H2C2 domain-containing protein  [Source:UniProtKB/TrEMBL;Acc:A0A8J2LTB1],Cercopithifilaria johnstoni (PRJEB47283),protein_coding,cejohnprjeb47283
CJOHNSTONI_LOCUS8922,rna-CJOHNSTONI_LOCUS8922,251,protein_coding,Protein kinase domain-containing protein  [Source:UniProtKB/TrEMBL;Acc:A0A8J2M3S0],Cercopithifilaria johnstoni (PRJEB47283),protein_coding,cejohnprjeb47283
CJOHNSTONI_LOCUS412,rna-CJOHNSTONI_LOCUS412,509,protein_coding,,Cercopithifilaria johnstoni (PRJEB47283),protein_coding,cejohnprjeb47283
CJOHNSTONI_LOCUS2032,rna-CJOHNSTONI_LOCUS2032,380,protein_coding,Histone H2A  [Source:UniProtKB/TrEMBL;Acc:A0A8J2LZ15],Cercopithifilaria johnstoni (PRJEB47283),protein_coding,cejohnprjeb47283
CJOHNSTONI_LOCUS1353,rna-CJOHNSTONI_LOCUS1353,182,protein_coding,,Cercopithifilaria johnstoni (PRJEB47283),protein_coding,cejohnprjeb47283
CJOHNSTONI_LOCUS2872,rna-CJOHNSTONI_LOCUS2872,178,protein_coding,LIM domain protein  [Source:UniProtKB/TrEMBL;Acc:A0A8J2LQ67],Cercopithifilaria johnstoni (PRJEB47283),protein_coding,cejohnprjeb47283
CJOHNSTONI_LOCUS5499,rna-CJOHNSTONI_LOCUS5499,170,protein_coding,Protein kinase domain-containing protein  [Source:UniProtKB/TrEMBL;Acc:A0A8J2M502],Cercopithifilaria johnstoni (PRJEB47283),protein_coding,cejohnprjeb47283
CJOHNSTONI_LOCUS9496,rna-CJOHNSTONI_LOCUS9496,266,protein_coding,EGF-like domain-containing protein  [Source:UniProtKB/TrEMBL;Acc:A0A8J2MFT9],Cercopithifilaria johnstoni (PRJEB47283),protein_coding,cejohnprjeb47283
CJOHNSTONI_LOCUS4161,rna-CJOHNSTONI_LOCUS4161,767,protein_coding,Dual specificity protein phosphatase  [Source:UniProtKB/TrEMBL;Acc:A0A8J2M2K4],Cercopithifilaria johnstoni (PRJEB47283),protein_coding,cejohnprjeb47283
CJOHNSTONI_LOCUS1025,rna-CJOHNSTONI_LOCUS1025,260,protein_coding,SERPIN domain-containing protein  [Source:UniProtKB/TrEMBL;Acc:A0A8J2Q8D7],Cercopithifilaria johnstoni (PRJEB47283),protein_coding,cejohnprjeb47283
CJOHNSTONI_LOCUS10394,rna-CJOHNSTONI_LOCUS10394,232,protein_coding,Methyltransf_25 domain-containing protein  [Source:UniProtKB/TrEMBL;Acc:A0A8J2MGB6],Cercopithifilaria johnstoni (PRJEB47283),protein_coding,cejohnprjeb47283
CJOHNSTONI_LOCUS1586,rna-CJOHNSTONI_LOCUS1586,209,protein_coding,F-box domain-containing protein  [Source:UniProtKB/TrEMBL;Acc:A0A8J2MJY3],Cercopithifilaria johnstoni (PRJEB47283),protein_coding,cejohnprjeb47283
CJOHNSTONI_LOCUS5354,rna-CJOHNSTONI_LOCUS5354,216,protein_coding,Actin-related protein 10  [Source:UniProtKB/TrEMBL;Acc:A0A8J2M763],Cercopithifilaria johnstoni (PRJEB47283),protein_coding,cejohnprjeb47283
CJOHNSTONI_LOCUS5050,rna-CJOHNSTONI_LOCUS5050,272,protein_coding,SSD domain-containing protein  [Source:UniProtKB/TrEMBL;Acc:A0A8J2M4D9],Cercopithifilaria johnstoni (PRJEB47283),protein_coding,cejohnprjeb47283
CJOHNSTONI_LOCUS209,rna-CJOHNSTONI_LOCUS209,334,protein_coding,Leucine Rich Repeat family protein  [Source:UniProtKB/TrEMBL;Acc:A0A8J2LTH5],Cercopithifilaria johnstoni (PRJEB47283),protein_coding,cejohnprjeb47283
CJOHNSTONI_LOCUS5957,rna-CJOHNSTONI_LOCUS5957,260,protein_coding,cAMP-dependent protein kinase regulatory subunit  [Source:UniProtKB/TrEMBL;Acc:A0A8J2M8A2],Cercopithifilaria johnstoni (PRJEB47283),protein_coding,cejohnprjeb47283
CJOHNSTONI_LOCUS4542,rna-CJOHNSTONI_LOCUS4542,214,protein_coding,Transcription initiation factor IIE subunit beta  [Source:UniProtKB/TrEMBL;Acc:A0A8J2M3M9],Cercopithifilaria johnstoni (PRJEB47283),protein_coding,cejohnprjeb47283
CJOHNSTONI_LOCUS3355,rna-CJOHNSTONI_LOCUS3355,272,protein_coding,MvaI_BcnI domain-containing protein  [Source:UniProtKB/TrEMBL;Acc:A0A8J2Q9I0],Cercopithifilaria johnstoni (PRJEB47283),protein_coding,cejohnprjeb47283
CJOHNSTONI_LOCUS7017,rna-CJOHNSTONI_LOCUS7017,479,protein_coding,,Cercopithifilaria johnstoni (PRJEB47283),protein_coding,cejohnprjeb47283
CJOHNSTONI_LOCUS7476,rna-CJOHNSTONI_LOCUS7476,292,protein_coding,Dolichyl-diphosphooligosaccharide--protein glycosyltransferase subunit 1  [Source:UniProtKB/TrEMBL;Acc:A0A8J2Q5V0],Cercopithifilaria johnstoni (PRJEB47283),protein_coding,cejohnprjeb47283
CJOHNSTONI_LOCUS6715,rna-CJOHNSTONI_LOCUS6715,263,protein_coding,DUF4368 domain-containing protein  [Source:UniProtKB/TrEMBL;Acc:A0A8J2M6N3],Cercopithifilaria johnstoni (PRJEB47283),protein_coding,cejohnprjeb47283
CJOHNSTONI_LOCUS503,rna-CJOHNSTONI_LOCUS503,176,protein_coding,Ras-like protein 3  [Source:UniProtKB/TrEMBL;Acc:A0A8J2LVS4],Cercopithifilaria johnstoni (PRJEB47283),protein_coding,cejohnprjeb47283
CJOHNSTONI_LOCUS5184,rna-CJOHNSTONI_LOCUS5184,362,protein_coding,Fork-head domain-containing protein  [Source:UniProtKB/TrEMBL;Acc:A0A8J2M4T0],Cercopithifilaria johnstoni (PRJEB47283),protein_coding,cejohnprjeb47283
CJOHNSTONI_LOCUS117,rna-CJOHNSTONI_LOCUS117,281,protein_coding,Shugoshin_C domain-containing protein  [Source:UniProtKB/TrEMBL;Acc:A0A8J2LTH1],Cercopithifilaria johnstoni (PRJEB47283),protein_coding,cejohnprjeb47283
CJOHNSTONI_LOCUS5322,rna-CJOHNSTONI_LOCUS5322,289,protein_coding,BHLH domain-containing protein  [Source:UniProtKB/TrEMBL;Acc:A0A8J2Q484],Cercopithifilaria johnstoni (PRJEB47283),protein_coding,cejohnprjeb47283
CJOHNSTONI_LOCUS629,rna-CJOHNSTONI_LOCUS629,236,protein_coding,Zinc transporter 2-like  [Source:UniProtKB/TrEMBL;Acc:A0A8J2LW14],Cercopithifilaria johnstoni (PRJEB47283),protein_coding,cejohnprjeb47283
CJOHNSTONI_LOCUS557,rna-CJOHNSTONI_LOCUS557,223,protein_coding,LORF2 protein  [Source:UniProtKB/TrEMBL;Acc:A0A8J2LYW2],Cercopithifilaria johnstoni (PRJEB47283),protein_coding,cejohnprjeb47283
CJOHNSTONI_LOCUS2344,rna-CJOHNSTONI_LOCUS2344-2,191,protein_coding,MIT domain-containing protein  [Source:UniProtKB/TrEMBL;Acc:A0A8J2MKA0],Cercopithifilaria johnstoni (PRJEB47283),protein_coding,cejohnprjeb47283
CJOHNSTONI_LOCUS7062,rna-CJOHNSTONI_LOCUS7062,176,protein_coding,Pantothenate kinase 1  [Source:UniProtKB/TrEMBL;Acc:A0A8J2M8U8],Cercopithifilaria johnstoni (PRJEB47283),protein_coding,cejohnprjeb47283
CJOHNSTONI_LOCUS2996,rna-CJOHNSTONI_LOCUS2996,198,protein_coding,Derlin  [Source:UniProtKB/TrEMBL;Acc:A0A8J2LSX3],Cercopithifilaria johnstoni (PRJEB47283),protein_coding,cejohnprjeb47283
CJOHNSTONI_LOCUS10277,rna-CJOHNSTONI_LOCUS10277,332,protein_coding,E3 ubiquitin-protein ligase RNF170  [Source:UniProtKB/TrEMBL;Acc:A0A8J2MUW5],Cercopithifilaria johnstoni (PRJEB47283),protein_coding,cejohnprjeb47283
CJOHNSTONI_LOCUS5352,rna-CJOHNSTONI_LOCUS5352,369,protein_coding,PACT_coil_coil domain-containing protein  [Source:UniProtKB/TrEMBL;Acc:A0A8J2MNQ2],Cercopithifilaria johnstoni (PRJEB47283),protein_coding,cejohnprjeb47283
CJOHNSTONI_LOCUS6497,rna-CJOHNSTONI_LOCUS6497,216,protein_coding,"Beta-1,4-N-acetylgalactosaminyltransferase  [Source:UniProtKB/TrEMBL;Acc:A0A8J2M684]",Cercopithifilaria johnstoni (PRJEB47283),protein_coding,cejohnprjeb47283
CJOHNSTONI_LOCUS5463,rna-CJOHNSTONI_LOCUS5463,182,protein_coding,NUC domain-containing protein  [Source:UniProtKB/TrEMBL;Acc:A0A8J2Q7H3],Cercopithifilaria johnstoni (PRJEB47283),protein_coding,cejohnprjeb47283
CJOHNSTONI_LOCUS10473,rna-CJOHNSTONI_LOCUS10473,176,protein_coding,Thioredoxin domain-containing protein  [Source:UniProtKB/TrEMBL;Acc:A0A8J2MVW8],Cercopithifilaria johnstoni (PRJEB47283),protein_coding,cejohnprjeb47283
CJOHNSTONI_LOCUS1030,rna-CJOHNSTONI_LOCUS1030,207,protein_coding,DH domain-containing protein  [Source:UniProtKB/TrEMBL;Acc:A0A8J2MJ92],Cercopithifilaria johnstoni (PRJEB47283),protein_coding,cejohnprjeb47283
CJOHNSTONI_LOCUS1520,rna-CJOHNSTONI_LOCUS1520-3,151,protein_coding,tRNA_SAD domain-containing protein  [Source:UniProtKB/TrEMBL;Acc:A0A8J2LY37],Cercopithifilaria johnstoni (PRJEB47283),protein_coding,cejohnprjeb47283
CJOHNSTONI_LOCUS5056,rna-CJOHNSTONI_LOCUS5056,134,protein_coding,DUF721 domain-containing protein  [Source:UniProtKB/TrEMBL;Acc:A0A8J2Q0B7],Cercopithifilaria johnstoni (PRJEB47283),protein_coding,cejohnprjeb47283
CJOHNSTONI_LOCUS4458,rna-CJOHNSTONI_LOCUS4458,302,protein_coding,Guanylate cyclase domain-containing protein  [Source:UniProtKB/TrEMBL;Acc:A0A8J2M2V4],Cercopithifilaria johnstoni (PRJEB47283),protein_coding,cejohnprjeb47283
CJOHNSTONI_LOCUS6143,rna-CJOHNSTONI_LOCUS6143,249,protein_coding,,Cercopithifilaria johnstoni (PRJEB47283),protein_coding,cejohnprjeb47283
CJOHNSTONI_LOCUS9095,rna-CJOHNSTONI_LOCUS9095,290,protein_coding,acidPPc domain-containing protein  [Source:UniProtKB/TrEMBL;Acc:A0A8J2MCY2],Cercopithifilaria johnstoni (PRJEB47283),protein_coding,cejohnprjeb47283
CJOHNSTONI_LOCUS8416,rna-CJOHNSTONI_LOCUS8416,269,protein_coding,Conserved plasma membrane protein  [Source:UniProtKB/TrEMBL;Acc:A0A8J2MAC2],Cercopithifilaria johnstoni (PRJEB47283),protein_coding,cejohnprjeb47283
CJOHNSTONI_LOCUS9588,rna-CJOHNSTONI_LOCUS9588,189,protein_coding,Coiled-coil domain-containing protein 174  [Source:UniProtKB/TrEMBL;Acc:A0A8J2Q403],Cercopithifilaria johnstoni (PRJEB47283),protein_coding,cejohnprjeb47283
CJOHNSTONI_LOCUS9465,rna-CJOHNSTONI_LOCUS9465,183,protein_coding,GP-PDE domain-containing protein  [Source:UniProtKB/TrEMBL;Acc:A0A8J2M4Q6],Cercopithifilaria johnstoni (PRJEB47283),protein_coding,cejohnprjeb47283
CJOHNSTONI_LOCUS6145,rna-CJOHNSTONI_LOCUS6145,274,protein_coding,Target of rapamycin complex subunit lst8  [Source:UniProtKB/TrEMBL;Acc:A0A8J2LZF0],Cercopithifilaria johnstoni (PRJEB47283),protein_coding,cejohnprjeb47283
CJOHNSTONI_LOCUS5878,rna-CJOHNSTONI_LOCUS5878,272,protein_coding,Neuronal calcium sensor 2  [Source:UniProtKB/TrEMBL;Acc:A0A8J2M651],Cercopithifilaria johnstoni (PRJEB47283),protein_coding,cejohnprjeb47283
CJOHNSTONI_LOCUS9110,rna-CJOHNSTONI_LOCUS9110,1046,protein_coding,Zinc finger protein 239-like  [Source:UniProtKB/TrEMBL;Acc:A0A8J2MCZ1],Cercopithifilaria johnstoni (PRJEB47283),protein_coding,cejohnprjeb47283
CJOHNSTONI_LOCUS564,rna-CJOHNSTONI_LOCUS564,964,protein_coding,[histone H4]-N-methyl-L-lysine(20) N-methyltransferase  [Source:UniProtKB/TrEMBL;Acc:A0A8J2PVM8],Cercopithifilaria johnstoni (PRJEB47283),protein_coding,cejohnprjeb47283
CJOHNSTONI_LOCUS5363,rna-CJOHNSTONI_LOCUS5363,779,protein_coding,Zinc finger protein  [Source:UniProtKB/TrEMBL;Acc:A0A8J2Q0L8],Cercopithifilaria johnstoni (PRJEB47283),protein_coding,cejohnprjeb47283
CJOHNSTONI_LOCUS2232,rna-CJOHNSTONI_LOCUS2232,359,protein_coding,Secreted protein  [Source:UniProtKB/TrEMBL;Acc:A0A8J2LYY2],Cercopithifilaria johnstoni (PRJEB47283),protein_coding,cejohnprjeb47283
CJOHNSTONI_LOCUS4935,rna-CJOHNSTONI_LOCUS4935,282,protein_coding,Formin-like protein  [Source:UniProtKB/TrEMBL;Acc:A0A8J2LUG6],Cercopithifilaria johnstoni (PRJEB47283),protein_coding,cejohnprjeb47283
CJOHNSTONI_LOCUS3145,rna-CJOHNSTONI_LOCUS3145,983,protein_coding,Cysteine-rich protein  [Source:UniProtKB/TrEMBL;Acc:A0A8J2Q5B7],Cercopithifilaria johnstoni (PRJEB47283),protein_coding,cejohnprjeb47283
CJOHNSTONI_LOCUS5270,rna-CJOHNSTONI_LOCUS5270,207,protein_coding,EST1_DNA_bind domain-containing protein  [Source:UniProtKB/TrEMBL;Acc:A0A8J2Q467],Cercopithifilaria johnstoni (PRJEB47283),protein_coding,cejohnprjeb47283
CJOHNSTONI_LOCUS5987,rna-CJOHNSTONI_LOCUS5987,205,protein_coding,Dynamin-1-like protein  [Source:UniProtKB/TrEMBL;Acc:A0A8J2M654],Cercopithifilaria johnstoni (PRJEB47283),protein_coding,cejohnprjeb47283
CJOHNSTONI_LOCUS4367,rna-CJOHNSTONI_LOCUS4367,595,protein_coding,Protein transport protein Sec24C  [Source:UniProtKB/TrEMBL;Acc:A0A8J2LT00],Cercopithifilaria johnstoni (PRJEB47283),protein_coding,cejohnprjeb47283
CJOHNSTONI_LOCUS8462,rna-CJOHNSTONI_LOCUS8462,1160,protein_coding,c-SKI_SMAD_bind domain-containing protein  [Source:UniProtKB/TrEMBL;Acc:A0A8J2Q378],Cercopithifilaria johnstoni (PRJEB47283),protein_coding,cejohnprjeb47283
CJOHNSTONI_LOCUS5286,rna-CJOHNSTONI_LOCUS5286,271,protein_coding,GPI transamidase component PIG-S  [Source:UniProtKB/TrEMBL;Acc:A0A8J2QA85],Cercopithifilaria johnstoni (PRJEB47283),protein_coding,cejohnprjeb47283
CJOHNSTONI_LOCUS3931,rna-CJOHNSTONI_LOCUS3931,270,protein_coding,Pseudouridine synthase  [Source:UniProtKB/TrEMBL;Acc:A0A8J2MMJ6],Cercopithifilaria johnstoni (PRJEB47283),protein_coding,cejohnprjeb47283
CJOHNSTONI_LOCUS314,rna-CJOHNSTONI_LOCUS314,259,protein_coding,Solute carrier family 35 member F1  [Source:UniProtKB/TrEMBL;Acc:A0A8J2LVL1],Cercopithifilaria johnstoni (PRJEB47283),protein_coding,cejohnprjeb47283
CJOHNSTONI_LOCUS2692,rna-CJOHNSTONI_LOCUS2692,235,protein_coding,Peptidase_S9 domain-containing protein  [Source:UniProtKB/TrEMBL;Acc:A0A8J2MKN8],Cercopithifilaria johnstoni (PRJEB47283),protein_coding,cejohnprjeb47283
CJOHNSTONI_LOCUS2543,rna-CJOHNSTONI_LOCUS2543,151,protein_coding,,Cercopithifilaria johnstoni (PRJEB47283),protein_coding,cejohnprjeb47283
CJOHNSTONI_LOCUS9260,rna-CJOHNSTONI_LOCUS9260,416,protein_coding,,Cercopithifilaria johnstoni (PRJEB47283),protein_coding,cejohnprjeb47283
CJOHNSTONI_LOCUS5740,rna-CJOHNSTONI_LOCUS5740,1421,protein_coding,Kazal-like domain-containing protein  [Source:UniProtKB/TrEMBL;Acc:A0A8J2M7U6],Cercopithifilaria johnstoni (PRJEB47283),protein_coding,cejohnprjeb47283
CJOHNSTONI_LOCUS9412,rna-CJOHNSTONI_LOCUS9412,167,protein_coding,Prohibitin  [Source:UniProtKB/TrEMBL;Acc:A0A8J2MUG2],Cercopithifilaria johnstoni (PRJEB47283),protein_coding,cejohnprjeb47283
CJOHNSTONI_LOCUS5884,rna-CJOHNSTONI_LOCUS5884,361,protein_coding,C2 domain-containing protein  [Source:UniProtKB/TrEMBL;Acc:A0A8J2LYY1],Cercopithifilaria johnstoni (PRJEB47283),protein_coding,cejohnprjeb47283
CJOHNSTONI_LOCUS2303,rna-CJOHNSTONI_LOCUS2303,166,protein_coding,Anti_prolifrtn domain-containing protein  [Source:UniProtKB/TrEMBL;Acc:A0A8J2Q4K6],Cercopithifilaria johnstoni (PRJEB47283),protein_coding,cejohnprjeb47283
CJOHNSTONI_LOCUS2926,rna-CJOHNSTONI_LOCUS2926,184,protein_coding,Ribosomal protein S10  [Source:UniProtKB/TrEMBL;Acc:A0A8J2Q9B9],Cercopithifilaria johnstoni (PRJEB47283),protein_coding,cejohnprjeb47283
CJOHNSTONI_LOCUS407,rna-CJOHNSTONI_LOCUS407,137,protein_coding,TPR_REGION domain-containing protein  [Source:UniProtKB/TrEMBL;Acc:A0A8J2MI29],Cercopithifilaria johnstoni (PRJEB47283),protein_coding,cejohnprjeb47283
CJOHNSTONI_LOCUS2769,rna-CJOHNSTONI_LOCUS2769,356,protein_coding,C2H2-type domain-containing protein  [Source:UniProtKB/TrEMBL;Acc:A0A8J2Q202],Cercopithifilaria johnstoni (PRJEB47283),protein_coding,cejohnprjeb47283
CJOHNSTONI_LOCUS9930,rna-CJOHNSTONI_LOCUS9930,269,protein_coding,Secreted protein  [Source:UniProtKB/TrEMBL;Acc:A0A8J2Q771],Cercopithifilaria johnstoni (PRJEB47283),protein_coding,cejohnprjeb47283
CJOHNSTONI_LOCUS5129,rna-CJOHNSTONI_LOCUS5129,152,protein_coding,YpzI family protein  [Source:UniProtKB/TrEMBL;Acc:A0A8J2LV13],Cercopithifilaria johnstoni (PRJEB47283),protein_coding,cejohnprjeb47283
CJOHNSTONI_LOCUS308,rna-CJOHNSTONI_LOCUS308,2171,protein_coding,Calponin-homology (CH) domain-containing protein  [Source:UniProtKB/TrEMBL;Acc:A0A8J2LL29],Cercopithifilaria johnstoni (PRJEB47283),protein_coding,cejohnprjeb47283
CJOHNSTONI_LOCUS6312,rna-CJOHNSTONI_LOCUS6312,216,protein_coding,DDB1- and CUL4-associated factor 13  [Source:UniProtKB/TrEMBL;Acc:A0A8J2M6S3],Cercopithifilaria johnstoni (PRJEB47283),protein_coding,cejohnprjeb47283
CJOHNSTONI_LOCUS5649,rna-CJOHNSTONI_LOCUS5649,179,protein_coding,Sacchrp_dh_NADP domain-containing protein  [Source:UniProtKB/TrEMBL;Acc:A0A8J2LYK6],Cercopithifilaria johnstoni (PRJEB47283),protein_coding,cejohnprjeb47283
CJOHNSTONI_LOCUS251,rna-CJOHNSTONI_LOCUS251,114,protein_coding,,Cercopithifilaria johnstoni (PRJEB47283),protein_coding,cejohnprjeb47283
CJOHNSTONI_LOCUS6918,rna-CJOHNSTONI_LOCUS6918,397,protein_coding,GLOBIN domain-containing protein  [Source:UniProtKB/TrEMBL;Acc:A0A8J2Q5I6],Cercopithifilaria johnstoni (PRJEB47283),protein_coding,cejohnprjeb47283
CJOHNSTONI_LOCUS3064,rna-CJOHNSTONI_LOCUS3064,192,protein_coding,Acetyl-CoA hydrolase  [Source:UniProtKB/TrEMBL;Acc:A0A8J2Q9D9],Cercopithifilaria johnstoni (PRJEB47283),protein_coding,cejohnprjeb47283
CJOHNSTONI_LOCUS8717,rna-CJOHNSTONI_LOCUS8717,226,protein_coding,RING-type domain-containing protein  [Source:UniProtKB/TrEMBL;Acc:A0A8J2QAY9],Cercopithifilaria johnstoni (PRJEB47283),protein_coding,cejohnprjeb47283
CJOHNSTONI_LOCUS2269,rna-CJOHNSTONI_LOCUS2269,229,protein_coding,Protein YIPF  [Source:UniProtKB/TrEMBL;Acc:A0A8J2MKQ0],Cercopithifilaria johnstoni (PRJEB47283),protein_coding,cejohnprjeb47283
CJOHNSTONI_LOCUS3458,rna-CJOHNSTONI_LOCUS3458,218,protein_coding,WD_REPEATS_REGION domain-containing protein  [Source:UniProtKB/TrEMBL;Acc:A0A8J2Q9J4],Cercopithifilaria johnstoni (PRJEB47283),protein_coding,cejohnprjeb47283
CJOHNSTONI_LOCUS10428,rna-CJOHNSTONI_LOCUS10428,497,protein_coding,TFIIS N-terminal domain-containing protein  [Source:UniProtKB/TrEMBL;Acc:A0A8J2Q4Q4],Cercopithifilaria johnstoni (PRJEB47283),protein_coding,cejohnprjeb47283
CJOHNSTONI_LOCUS8700,rna-CJOHNSTONI_LOCUS8700,539,protein_coding,Tenascin-like  [Source:UniProtKB/TrEMBL;Acc:A0A8J2PXJ4],Cercopithifilaria johnstoni (PRJEB47283),protein_coding,cejohnprjeb47283
CJOHNSTONI_LOCUS664,rna-CJOHNSTONI_LOCUS664,217,protein_coding,Papilin  [Source:UniProtKB/TrEMBL;Acc:A0A8J2LLM6],Cercopithifilaria johnstoni (PRJEB47283),protein_coding,cejohnprjeb47283
CJOHNSTONI_LOCUS5014,rna-CJOHNSTONI_LOCUS5014,243,protein_coding,DNA mismatch repair protein  [Source:UniProtKB/TrEMBL;Acc:A0A8J2Q0A5],Cercopithifilaria johnstoni (PRJEB47283),protein_coding,cejohnprjeb47283
CJOHNSTONI_LOCUS5044,rna-CJOHNSTONI_LOCUS5044,213,protein_coding,Rab-GAP TBC domain-containing protein  [Source:UniProtKB/TrEMBL;Acc:A0A8J2LXD4],Cercopithifilaria johnstoni (PRJEB47283),protein_coding,cejohnprjeb47283
CJOHNSTONI_LOCUS6722,rna-CJOHNSTONI_LOCUS6722,201,protein_coding,,Cercopithifilaria johnstoni (PRJEB47283),protein_coding,cejohnprjeb47283
CJOHNSTONI_LOCUS116,rna-CJOHNSTONI_LOCUS116,193,protein_coding,ZZ-type domain-containing protein  [Source:UniProtKB/TrEMBL;Acc:A0A8J2LV92],Cercopithifilaria johnstoni (PRJEB47283),protein_coding,cejohnprjeb47283
CJOHNSTONI_LOCUS2821,rna-CJOHNSTONI_LOCUS2821,190,protein_coding,Mitochondrial carrier protein  [Source:UniProtKB/TrEMBL;Acc:A0A8J2M038],Cercopithifilaria johnstoni (PRJEB47283),protein_coding,cejohnprjeb47283
CJOHNSTONI_LOCUS2977,rna-CJOHNSTONI_LOCUS2977,162,protein_coding,Mitochondrial glyco protein  [Source:UniProtKB/TrEMBL;Acc:A0A8J2M0C1],Cercopithifilaria johnstoni (PRJEB47283),protein_coding,cejohnprjeb47283
CJOHNSTONI_LOCUS1948,rna-CJOHNSTONI_LOCUS1948,268,protein_coding,C2H2-type domain-containing protein  [Source:UniProtKB/TrEMBL;Acc:A0A8J2MKC6],Cercopithifilaria johnstoni (PRJEB47283),protein_coding,cejohnprjeb47283
CJOHNSTONI_LOCUS3029,rna-CJOHNSTONI_LOCUS3029,151,protein_coding,Major sperm protein  [Source:UniProtKB/TrEMBL;Acc:A0A8J2ML08],Cercopithifilaria johnstoni (PRJEB47283),protein_coding,cejohnprjeb47283
CJOHNSTONI_LOCUS4235,rna-CJOHNSTONI_LOCUS4235,125,protein_coding,,Cercopithifilaria johnstoni (PRJEB47283),protein_coding,cejohnprjeb47283
CJOHNSTONI_LOCUS6064,rna-CJOHNSTONI_LOCUS6064,210,protein_coding,Growth hormone-inducible transmembrane protein  [Source:UniProtKB/TrEMBL;Acc:A0A8J2LZE3],Cercopithifilaria johnstoni (PRJEB47283),protein_coding,cejohnprjeb47283
CJOHNSTONI_LOCUS4224,rna-CJOHNSTONI_LOCUS4224,174,protein_coding,,Cercopithifilaria johnstoni (PRJEB47283),protein_coding,cejohnprjeb47283
CJOHNSTONI_LOCUS8743,rna-CJOHNSTONI_LOCUS8743,118,protein_coding,Myosin regulatory light chain ef-hand protein  [Source:UniProtKB/TrEMBL;Acc:A0A8J2Q3F0],Cercopithifilaria johnstoni (PRJEB47283),protein_coding,cejohnprjeb47283
CJOHNSTONI_LOCUS3757,rna-CJOHNSTONI_LOCUS3757,694,protein_coding,Apple domain-containing protein  [Source:UniProtKB/TrEMBL;Acc:A0A8J2Q9N8],Cercopithifilaria johnstoni (PRJEB47283),protein_coding,cejohnprjeb47283
CJOHNSTONI_LOCUS2004,rna-CJOHNSTONI_LOCUS2004,197,protein_coding,RING-type domain-containing protein  [Source:UniProtKB/TrEMBL;Acc:A0A8J2LWS9],Cercopithifilaria johnstoni (PRJEB47283),protein_coding,cejohnprjeb47283
CJOHNSTONI_LOCUS7795,rna-CJOHNSTONI_LOCUS7795,652,protein_coding,,Cercopithifilaria johnstoni (PRJEB47283),protein_coding,cejohnprjeb47283
CJOHNSTONI_LOCUS8232,rna-CJOHNSTONI_LOCUS8232,304,protein_coding,RRM domain-containing protein  [Source:UniProtKB/TrEMBL;Acc:A0A8J2M2M3],Cercopithifilaria johnstoni (PRJEB47283),protein_coding,cejohnprjeb47283
CJOHNSTONI_LOCUS8182,rna-CJOHNSTONI_LOCUS8182,270,protein_coding,t-SNARE coiled-coil homology domain-containing protein  [Source:UniProtKB/TrEMBL;Acc:A0A8J2MSS4],Cercopithifilaria johnstoni (PRJEB47283),protein_coding,cejohnprjeb47283
CJOHNSTONI_LOCUS5199,rna-CJOHNSTONI_LOCUS5199,167,protein_coding,KIF-binding protein  [Source:UniProtKB/TrEMBL;Acc:A0A8J2M4D7],Cercopithifilaria johnstoni (PRJEB47283),protein_coding,cejohnprjeb47283
CJOHNSTONI_LOCUS814,rna-CJOHNSTONI_LOCUS814,233,protein_coding,Zinc transporter ZIP1  [Source:UniProtKB/TrEMBL;Acc:A0A8J2LWE8],Cercopithifilaria johnstoni (PRJEB47283),protein_coding,cejohnprjeb47283
CJOHNSTONI_LOCUS3149,rna-CJOHNSTONI_LOCUS3149,719,protein_coding,,Cercopithifilaria johnstoni (PRJEB47283),protein_coding,cejohnprjeb47283
CJOHNSTONI_LOCUS3938,rna-CJOHNSTONI_LOCUS3938,170,protein_coding,Muscle M-line assembly protein unc-89  [Source:UniProtKB/TrEMBL;Acc:A0A8J2PSL1],Cercopithifilaria johnstoni (PRJEB47283),protein_coding,cejohnprjeb47283
CJOHNSTONI_LOCUS1287,rna-CJOHNSTONI_LOCUS1287,269,protein_coding,Gamma-tubulin complex component  [Source:UniProtKB/TrEMBL;Acc:A0A8J2LMQ9],Cercopithifilaria johnstoni (PRJEB47283),protein_coding,cejohnprjeb47283
CJOHNSTONI_LOCUS6041,rna-CJOHNSTONI_LOCUS6041,284,protein_coding,F-box domain-containing protein  [Source:UniProtKB/TrEMBL;Acc:A0A8J2M6A0],Cercopithifilaria johnstoni (PRJEB47283),protein_coding,cejohnprjeb47283
CJOHNSTONI_LOCUS8048,rna-CJOHNSTONI_LOCUS8048,268,protein_coding,Protein kinase domain-containing protein  [Source:UniProtKB/TrEMBL;Acc:A0A8J2Q8P8],Cercopithifilaria johnstoni (PRJEB47283),protein_coding,cejohnprjeb47283
CJOHNSTONI_LOCUS2981,rna-CJOHNSTONI_LOCUS2981,223,protein_coding,Transmembrane protein  [Source:UniProtKB/TrEMBL;Acc:A0A8J2Q260],Cercopithifilaria johnstoni (PRJEB47283),protein_coding,cejohnprjeb47283
CJOHNSTONI_LOCUS7239,rna-CJOHNSTONI_LOCUS7239,203,protein_coding,,Cercopithifilaria johnstoni (PRJEB47283),protein_coding,cejohnprjeb47283
CJOHNSTONI_LOCUS9664,rna-CJOHNSTONI_LOCUS9664,356,protein_coding,G_PROTEIN_RECEP_F1_2 domain-containing protein  [Source:UniProtKB/TrEMBL;Acc:A0A8J2MEB2],Cercopithifilaria johnstoni (PRJEB47283),protein_coding,cejohnprjeb47283
CJOHNSTONI_LOCUS1207,rna-CJOHNSTONI_LOCUS1207,204,protein_coding,Lysophospholipid acyltransferase 1  [Source:UniProtKB/TrEMBL;Acc:A0A8J2PQ82],Cercopithifilaria johnstoni (PRJEB47283),protein_coding,cejohnprjeb47283
CJOHNSTONI_LOCUS5124,rna-CJOHNSTONI_LOCUS5124,202,protein_coding,TYR_PHOSPHATASE_2 domain-containing protein  [Source:UniProtKB/TrEMBL;Acc:A0A8J2Q7A2],Cercopithifilaria johnstoni (PRJEB47283),protein_coding,cejohnprjeb47283
CJOHNSTONI_LOCUS2505,rna-CJOHNSTONI_LOCUS2505,1277,protein_coding,BEN domain-containing protein  [Source:UniProtKB/TrEMBL;Acc:A0A8J2LXQ2],Cercopithifilaria johnstoni (PRJEB47283),protein_coding,cejohnprjeb47283
CJOHNSTONI_LOCUS5833,rna-CJOHNSTONI_LOCUS5833,190,protein_coding,,Cercopithifilaria johnstoni (PRJEB47283),protein_coding,cejohnprjeb47283
CJOHNSTONI_LOCUS8244,rna-CJOHNSTONI_LOCUS8244,224,protein_coding,PH domain-containing protein  [Source:UniProtKB/TrEMBL;Acc:A0A8J2M2M8],Cercopithifilaria johnstoni (PRJEB47283),protein_coding,cejohnprjeb47283
CJOHNSTONI_LOCUS680,rna-CJOHNSTONI_LOCUS680,164,protein_coding,RNAse_Pc domain-containing protein  [Source:UniProtKB/TrEMBL;Acc:A0A8J2LUA4],Cercopithifilaria johnstoni (PRJEB47283),protein_coding,cejohnprjeb47283
CJOHNSTONI_LOCUS3852,rna-CJOHNSTONI_LOCUS3852,124,protein_coding,Prefoldin subunit 3  [Source:UniProtKB/TrEMBL;Acc:A0A8J2M2A0],Cercopithifilaria johnstoni (PRJEB47283),protein_coding,cejohnprjeb47283
CJOHNSTONI_LOCUS8910,rna-CJOHNSTONI_LOCUS8910,1169,protein_coding,Zinc finger protein 239-like  [Source:UniProtKB/TrEMBL;Acc:A0A8J2QB03],Cercopithifilaria johnstoni (PRJEB47283),protein_coding,cejohnprjeb47283
CJOHNSTONI_LOCUS9119,rna-CJOHNSTONI_LOCUS9119,1526,protein_coding,Myosin head  [Source:UniProtKB/TrEMBL;Acc:A0A8J2MBF5],Cercopithifilaria johnstoni (PRJEB47283),protein_coding,cejohnprjeb47283
CJOHNSTONI_LOCUS10385,rna-CJOHNSTONI_LOCUS10385,217,protein_coding,Rad51 domain-containing protein  [Source:UniProtKB/TrEMBL;Acc:A0A8J2QBB0],Cercopithifilaria johnstoni (PRJEB47283),protein_coding,cejohnprjeb47283
CJOHNSTONI_LOCUS5096,rna-CJOHNSTONI_LOCUS5096,248,protein_coding,E3 ubiquitin-protein ligase makorin-2  [Source:UniProtKB/TrEMBL;Acc:A0A8J2Q795],Cercopithifilaria johnstoni (PRJEB47283),protein_coding,cejohnprjeb47283
CJOHNSTONI_LOCUS1788,rna-CJOHNSTONI_LOCUS1788,214,protein_coding,PapD_N domain-containing protein  [Source:UniProtKB/TrEMBL;Acc:A0A8J2LYK1],Cercopithifilaria johnstoni (PRJEB47283),protein_coding,cejohnprjeb47283
CJOHNSTONI_LOCUS4596,rna-CJOHNSTONI_LOCUS4596,136,protein_coding,,Cercopithifilaria johnstoni (PRJEB47283),protein_coding,cejohnprjeb47283
CJOHNSTONI_LOCUS6383,rna-CJOHNSTONI_LOCUS6383,218,protein_coding,Aurora kinase  [Source:UniProtKB/TrEMBL;Acc:A0A8J2Q526],Cercopithifilaria johnstoni (PRJEB47283),protein_coding,cejohnprjeb47283
CJOHNSTONI_LOCUS166,rna-CJOHNSTONI_LOCUS166,175,protein_coding,Splicing factor 3B subunit 3  [Source:UniProtKB/TrEMBL;Acc:A0A8J2LMP4],Cercopithifilaria johnstoni (PRJEB47283),protein_coding,cejohnprjeb47283
CJOHNSTONI_LOCUS2760,rna-CJOHNSTONI_LOCUS2760,185,protein_coding,60S ribosomal protein L37a  [Source:UniProtKB/TrEMBL;Acc:A0A8J2LSK1],Cercopithifilaria johnstoni (PRJEB47283),protein_coding,cejohnprjeb47283
CJOHNSTONI_LOCUS10299,rna-CJOHNSTONI_LOCUS10299,330,protein_coding,Anion exchange protein  [Source:UniProtKB/TrEMBL;Acc:A0A8J2Q7E5],Cercopithifilaria johnstoni (PRJEB47283),protein_coding,cejohnprjeb47283
CJOHNSTONI_LOCUS10187,rna-CJOHNSTONI_LOCUS10187,222,protein_coding,G_PROTEIN_RECEP_F1_2 domain-containing protein  [Source:UniProtKB/TrEMBL;Acc:A0A8J2MFY3],Cercopithifilaria johnstoni (PRJEB47283),protein_coding,cejohnprjeb47283
CJOHNSTONI_LOCUS6416,rna-CJOHNSTONI_LOCUS6416,194,protein_coding,Thyroglobulin type-1 domain-containing protein  [Source:UniProtKB/TrEMBL;Acc:A0A8J2M927],Cercopithifilaria johnstoni (PRJEB47283),protein_coding,cejohnprjeb47283
CJOHNSTONI_LOCUS4217,rna-CJOHNSTONI_LOCUS4217,179,protein_coding,Oxysterol-binding protein  [Source:UniProtKB/TrEMBL;Acc:A0A8J2Q341],Cercopithifilaria johnstoni (PRJEB47283),protein_coding,cejohnprjeb47283
CJOHNSTONI_LOCUS437,rna-CJOHNSTONI_LOCUS437,167,protein_coding,TMEM135_C_rich domain-containing protein  [Source:UniProtKB/TrEMBL;Acc:A0A8J2Q369],Cercopithifilaria johnstoni (PRJEB47283),protein_coding,cejohnprjeb47283
CJOHNSTONI_LOCUS9045,rna-CJOHNSTONI_LOCUS9045,180,protein_coding,Palmitoyl-protein thioesterase 1  [Source:UniProtKB/TrEMBL;Acc:A0A8J2Q3L3],Cercopithifilaria johnstoni (PRJEB47283),protein_coding,cejohnprjeb47283
CJOHNSTONI_LOCUS8358,rna-CJOHNSTONI_LOCUS8358,163,protein_coding,Eukaryotic translation initiation factor 3 subunit A  [Source:UniProtKB/TrEMBL;Acc:A0A8J2QAW2],Cercopithifilaria johnstoni (PRJEB47283),protein_coding,cejohnprjeb47283
CJOHNSTONI_LOCUS7360,rna-CJOHNSTONI_LOCUS7360,204,protein_coding,AMP-binding domain-containing protein  [Source:UniProtKB/TrEMBL;Acc:A0A8J2PVZ0],Cercopithifilaria johnstoni (PRJEB47283),protein_coding,cejohnprjeb47283
CJOHNSTONI_LOCUS8053,rna-CJOHNSTONI_LOCUS8053,144,protein_coding,NADH dehydrogenase [ubiquinone] 1 alpha subcomplex subunit 13  [Source:UniProtKB/TrEMBL;Acc:A0A8J2M2D1],Cercopithifilaria johnstoni (PRJEB47283),protein_coding,cejohnprjeb47283
CJOHNSTONI_LOCUS3063,rna-CJOHNSTONI_LOCUS3063,122,protein_coding,Ig-like domain-containing protein  [Source:UniProtKB/TrEMBL;Acc:A0A8J2PYM8],Cercopithifilaria johnstoni (PRJEB47283),protein_coding,cejohnprjeb47283
CJOHNSTONI_LOCUS1230,rna-CJOHNSTONI_LOCUS1230,197,protein_coding,GON domain-containing protein  [Source:UniProtKB/TrEMBL;Acc:A0A8J2Q3R0],Cercopithifilaria johnstoni (PRJEB47283),protein_coding,cejohnprjeb47283
CJOHNSTONI_LOCUS9504,rna-CJOHNSTONI_LOCUS9504,263,protein_coding,C2H2-type domain-containing protein  [Source:UniProtKB/TrEMBL;Acc:A0A8J2QB46],Cercopithifilaria johnstoni (PRJEB47283),protein_coding,cejohnprjeb47283
CJOHNSTONI_LOCUS3489,rna-CJOHNSTONI_LOCUS3489,503,protein_coding,IPPc domain-containing protein  [Source:UniProtKB/TrEMBL;Acc:A0A8J2M1R1],Cercopithifilaria johnstoni (PRJEB47283),protein_coding,cejohnprjeb47283
CJOHNSTONI_LOCUS222,rna-CJOHNSTONI_LOCUS222,344,protein_coding,Zinc finger protein  [Source:UniProtKB/TrEMBL;Acc:A0A8J2LMS4],Cercopithifilaria johnstoni (PRJEB47283),protein_coding,cejohnprjeb47283
CJOHNSTONI_LOCUS6466,rna-CJOHNSTONI_LOCUS6466,436,protein_coding,RDD domain-containing protein  [Source:UniProtKB/TrEMBL;Acc:A0A8J2Q548],Cercopithifilaria johnstoni (PRJEB47283),protein_coding,cejohnprjeb47283
CJOHNSTONI_LOCUS3899,rna-CJOHNSTONI_LOCUS3899,249,protein_coding,Pyridine nucleotide-disulfide oxidoreductase domain-containing protein 1  [Source:UniProtKB/TrEMBL;Acc:A0A8J2MLY4],Cercopithifilaria johnstoni (PRJEB47283),protein_coding,cejohnprjeb47283
CJOHNSTONI_LOCUS1244,rna-CJOHNSTONI_LOCUS1244,374,protein_coding,Golgin subfamily A member 2  [Source:UniProtKB/TrEMBL;Acc:A0A8J2PQ97],Cercopithifilaria johnstoni (PRJEB47283),protein_coding,cejohnprjeb47283
CJOHNSTONI_LOCUS7333,rna-CJOHNSTONI_LOCUS7333,232,protein_coding,TATA box-binding protein-associated factor RNA polymerase I subunit B  [Source:UniProtKB/TrEMBL;Acc:A0A8J2Q5S1],Cercopithifilaria johnstoni (PRJEB47283),protein_coding,cejohnprjeb47283
CJOHNSTONI_LOCUS4473,rna-CJOHNSTONI_LOCUS4473,245,protein_coding,Mitochondrial import inner membrane translocase subunit Tim17-B  [Source:UniProtKB/TrEMBL;Acc:A0A8J2Q6X3],Cercopithifilaria johnstoni (PRJEB47283),protein_coding,cejohnprjeb47283
CJOHNSTONI_LOCUS8486,rna-CJOHNSTONI_LOCUS8486,178,protein_coding,LAM_G_DOMAIN domain-containing protein  [Source:UniProtKB/TrEMBL;Acc:A0A8J2MBJ3],Cercopithifilaria johnstoni (PRJEB47283),protein_coding,cejohnprjeb47283
CJOHNSTONI_LOCUS4258,rna-CJOHNSTONI_LOCUS4258,207,protein_coding,COP9 signalosome complex subunit 2  [Source:UniProtKB/TrEMBL;Acc:A0A8J2Q6S5],Cercopithifilaria johnstoni (PRJEB47283),protein_coding,cejohnprjeb47283
CJOHNSTONI_LOCUS5690,rna-CJOHNSTONI_LOCUS5690,202,protein_coding,40S ribosomal protein S4  [Source:UniProtKB/TrEMBL;Acc:A0A8J2Q0Y1],Cercopithifilaria johnstoni (PRJEB47283),protein_coding,cejohnprjeb47283
CJOHNSTONI_LOCUS6798,rna-CJOHNSTONI_LOCUS6798,852,protein_coding,Chitin-binding type-2 domain-containing protein  [Source:UniProtKB/TrEMBL;Acc:A0A8J2M6U2],Cercopithifilaria johnstoni (PRJEB47283),protein_coding,cejohnprjeb47283
CJOHNSTONI_LOCUS5153,rna-CJOHNSTONI_LOCUS5153,152,protein_coding,Coiled-coil domain-containing protein 25  [Source:UniProtKB/TrEMBL;Acc:A0A8J2M3C8],Cercopithifilaria johnstoni (PRJEB47283),protein_coding,cejohnprjeb47283
CJOHNSTONI_LOCUS2726,rna-CJOHNSTONI_LOCUS2726,305,protein_coding,Solute carrier family 40 protein  [Source:UniProtKB/TrEMBL;Acc:A0A8J2Q500],Cercopithifilaria johnstoni (PRJEB47283),protein_coding,cejohnprjeb47283
CJOHNSTONI_LOCUS248,rna-CJOHNSTONI_LOCUS248,251,protein_coding,Protein kinase domain-containing protein  [Source:UniProtKB/TrEMBL;Acc:A0A8J2PVD6],Cercopithifilaria johnstoni (PRJEB47283),protein_coding,cejohnprjeb47283
CJOHNSTONI_LOCUS2116,rna-CJOHNSTONI_LOCUS2116,236,protein_coding,DnaJ homolog subfamily C member 1  [Source:UniProtKB/TrEMBL;Acc:A0A8J2M1W5],Cercopithifilaria johnstoni (PRJEB47283),protein_coding,cejohnprjeb47283
CJOHNSTONI_LOCUS1789,rna-CJOHNSTONI_LOCUS1789,398,protein_coding,Coiled-coil domain-containing protein  [Source:UniProtKB/TrEMBL;Acc:A0A8J2Q452],Cercopithifilaria johnstoni (PRJEB47283),protein_coding,cejohnprjeb47283
CJOHNSTONI_LOCUS1377,rna-CJOHNSTONI_LOCUS1377,182,protein_coding,Peptidase S1 domain-containing protein  [Source:UniProtKB/TrEMBL;Acc:A0A8J2MIY1],Cercopithifilaria johnstoni (PRJEB47283),protein_coding,cejohnprjeb47283
CJOHNSTONI_LOCUS2901,rna-CJOHNSTONI_LOCUS2901,148,protein_coding,Apple domain-containing protein  [Source:UniProtKB/TrEMBL;Acc:A0A8J2LQ80],Cercopithifilaria johnstoni (PRJEB47283),protein_coding,cejohnprjeb47283
CJOHNSTONI_LOCUS6638,rna-CJOHNSTONI_LOCUS6638,198,protein_coding,,Cercopithifilaria johnstoni (PRJEB47283),protein_coding,cejohnprjeb47283
CJOHNSTONI_LOCUS8203,rna-CJOHNSTONI_LOCUS8203,207,protein_coding,Dihydropteridine reductase  [Source:UniProtKB/TrEMBL;Acc:A0A8J2Q302],Cercopithifilaria johnstoni (PRJEB47283),protein_coding,cejohnprjeb47283
CJOHNSTONI_LOCUS5764,rna-CJOHNSTONI_LOCUS5764,214,protein_coding,Phospholipase D3  [Source:UniProtKB/TrEMBL;Acc:A0A8J2QAC1],Cercopithifilaria johnstoni (PRJEB47283),protein_coding,cejohnprjeb47283
CJOHNSTONI_LOCUS5928,rna-CJOHNSTONI_LOCUS5928,296,protein_coding,Conserved oligomeric Golgi complex subunit 1  [Source:UniProtKB/TrEMBL;Acc:A0A8J2M884],Cercopithifilaria johnstoni (PRJEB47283),protein_coding,cejohnprjeb47283
CJOHNSTONI_LOCUS2481,rna-CJOHNSTONI_LOCUS2481,250,protein_coding,Protein-tyrosine-phosphatase  [Source:UniProtKB/TrEMBL;Acc:A0A8J2Q4R5],Cercopithifilaria johnstoni (PRJEB47283),protein_coding,cejohnprjeb47283
CJOHNSTONI_LOCUS5471,rna-CJOHNSTONI_LOCUS5471,236,protein_coding,Importin N-terminal domain-containing protein  [Source:UniProtKB/TrEMBL;Acc:A0A8J2M7E3],Cercopithifilaria johnstoni (PRJEB47283),protein_coding,cejohnprjeb47283
CJOHNSTONI_LOCUS9499,rna-CJOHNSTONI_LOCUS9499,215,protein_coding,RRM domain-containing protein  [Source:UniProtKB/TrEMBL;Acc:A0A8J2MEH7],Cercopithifilaria johnstoni (PRJEB47283),protein_coding,cejohnprjeb47283
CJOHNSTONI_LOCUS562,rna-CJOHNSTONI_LOCUS562,206,protein_coding,LAM_G_DOMAIN domain-containing protein  [Source:UniProtKB/TrEMBL;Acc:A0A8J2Q3A6],Cercopithifilaria johnstoni (PRJEB47283),protein_coding,cejohnprjeb47283
CJOHNSTONI_LOCUS4570,rna-CJOHNSTONI_LOCUS4570,257,protein_coding,J domain-containing protein  [Source:UniProtKB/TrEMBL;Acc:A0A8J2M3F8],Cercopithifilaria johnstoni (PRJEB47283),protein_coding,cejohnprjeb47283
CJOHNSTONI_LOCUS1398,rna-CJOHNSTONI_LOCUS1398,343,protein_coding,ZP domain-containing protein  [Source:UniProtKB/TrEMBL;Acc:A0A8J2LY03],Cercopithifilaria johnstoni (PRJEB47283),protein_coding,cejohnprjeb47283
CJOHNSTONI_LOCUS7402,rna-CJOHNSTONI_LOCUS7402,162,protein_coding,DOMON domain-containing protein  [Source:UniProtKB/TrEMBL;Acc:A0A8J2M1X5],Cercopithifilaria johnstoni (PRJEB47283),protein_coding,cejohnprjeb47283
CJOHNSTONI_LOCUS9170,rna-CJOHNSTONI_LOCUS9170,202,protein_coding,UTP--glucose-1-phosphate uridylyltransferase  [Source:UniProtKB/TrEMBL;Acc:A0A8J2Q3P6],Cercopithifilaria johnstoni (PRJEB47283),protein_coding,cejohnprjeb47283
CJOHNSTONI_LOCUS9005,rna-CJOHNSTONI_LOCUS9005,261,protein_coding,Carboxylic ester hydrolase  [Source:UniProtKB/TrEMBL;Acc:A0A8J2QB10],Cercopithifilaria johnstoni (PRJEB47283),protein_coding,cejohnprjeb47283
CJOHNSTONI_LOCUS7582,rna-CJOHNSTONI_LOCUS7582,1251,protein_coding,Negative elongation factor E  [Source:UniProtKB/TrEMBL;Acc:A0A8J2Q5X3],Cercopithifilaria johnstoni (PRJEB47283),protein_coding,cejohnprjeb47283
CJOHNSTONI_LOCUS6023,rna-CJOHNSTONI_LOCUS6023,238,protein_coding,Chitin-binding type-2 domain-containing protein  [Source:UniProtKB/TrEMBL;Acc:A0A8J2M4Z8],Cercopithifilaria johnstoni (PRJEB47283),protein_coding,cejohnprjeb47283
CJOHNSTONI_LOCUS5563,rna-CJOHNSTONI_LOCUS5563,229,protein_coding,RRM domain-containing protein  [Source:UniProtKB/TrEMBL;Acc:A0A8J2M5E3],Cercopithifilaria johnstoni (PRJEB47283),protein_coding,cejohnprjeb47283
CJOHNSTONI_LOCUS5757,rna-CJOHNSTONI_LOCUS5757,218,protein_coding,Kinesin-associated protein  [Source:UniProtKB/TrEMBL;Acc:A0A8J2M5M0],Cercopithifilaria johnstoni (PRJEB47283),protein_coding,cejohnprjeb47283
CJOHNSTONI_LOCUS10088,rna-CJOHNSTONI_LOCUS10088,211,protein_coding,,Cercopithifilaria johnstoni (PRJEB47283),protein_coding,cejohnprjeb47283
CJOHNSTONI_LOCUS3442,rna-CJOHNSTONI_LOCUS3442,177,protein_coding,Isocitrate dehydrogenase [NADP]  [Source:UniProtKB/TrEMBL;Acc:A0A8J2Q2H8],Cercopithifilaria johnstoni (PRJEB47283),protein_coding,cejohnprjeb47283
CJOHNSTONI_LOCUS7244,rna-CJOHNSTONI_LOCUS7244,250,protein_coding,Aldolase_II domain-containing protein  [Source:UniProtKB/TrEMBL;Acc:A0A8J2MR82],Cercopithifilaria johnstoni (PRJEB47283),protein_coding,cejohnprjeb47283
CJOHNSTONI_LOCUS4033,rna-CJOHNSTONI_LOCUS4033,153,protein_coding,eIF-4F 25 kDa subunit  [Source:UniProtKB/TrEMBL;Acc:A0A8J2M240],Cercopithifilaria johnstoni (PRJEB47283),protein_coding,cejohnprjeb47283
CJOHNSTONI_LOCUS3606,rna-CJOHNSTONI_LOCUS3606,129,protein_coding,,Cercopithifilaria johnstoni (PRJEB47283),protein_coding,cejohnprjeb47283
CJOHNSTONI_LOCUS3567,rna-CJOHNSTONI_LOCUS3567,249,protein_coding,RING-type domain-containing protein  [Source:UniProtKB/TrEMBL;Acc:A0A8J2MM38],Cercopithifilaria johnstoni (PRJEB47283),protein_coding,cejohnprjeb47283
CJOHNSTONI_LOCUS8729,rna-CJOHNSTONI_LOCUS8729,536,protein_coding,Vegetative cell wall protein gp1-like  [Source:UniProtKB/TrEMBL;Acc:A0A8J2PXK3],Cercopithifilaria johnstoni (PRJEB47283),protein_coding,cejohnprjeb47283
CJOHNSTONI_LOCUS3108,rna-CJOHNSTONI_LOCUS3108,223,protein_coding,GST_C_6 domain-containing protein  [Source:UniProtKB/TrEMBL;Acc:A0A8J2LZ37],Cercopithifilaria johnstoni (PRJEB47283),protein_coding,cejohnprjeb47283
CJOHNSTONI_LOCUS1471,rna-CJOHNSTONI_LOCUS1471,209,protein_coding,Polypeptide N-acetylgalactosaminyltransferase  [Source:UniProtKB/TrEMBL;Acc:A0A8J2Q3W5],Cercopithifilaria johnstoni (PRJEB47283),protein_coding,cejohnprjeb47283
CJOHNSTONI_LOCUS5620,rna-CJOHNSTONI_LOCUS5620,1187,protein_coding,V-type proton ATPase subunit C  [Source:UniProtKB/TrEMBL;Acc:A0A8J2PU01],Cercopithifilaria johnstoni (PRJEB47283),protein_coding,cejohnprjeb47283
CJOHNSTONI_LOCUS6347,rna-CJOHNSTONI_LOCUS6347,263,protein_coding,CUGBP Elav-like family member 4  [Source:UniProtKB/TrEMBL;Acc:A0A8J2MQ74],Cercopithifilaria johnstoni (PRJEB47283),protein_coding,cejohnprjeb47283
CJOHNSTONI_LOCUS4443,rna-CJOHNSTONI_LOCUS4443,200,protein_coding,INAR1  [Source:UniProtKB/TrEMBL;Acc:A0A8J2M2U4],Cercopithifilaria johnstoni (PRJEB47283),protein_coding,cejohnprjeb47283
CJOHNSTONI_LOCUS2714,rna-CJOHNSTONI_LOCUS2714,213,protein_coding,Serine palmitoyltransferase 1  [Source:UniProtKB/TrEMBL;Acc:A0A8J2Q1Y6],Cercopithifilaria johnstoni (PRJEB47283),protein_coding,cejohnprjeb47283
CJOHNSTONI_LOCUS6065,rna-CJOHNSTONI_LOCUS6065,230,protein_coding,,Cercopithifilaria johnstoni (PRJEB47283),protein_coding,cejohnprjeb47283
CJOHNSTONI_LOCUS5529,rna-CJOHNSTONI_LOCUS5529,188,protein_coding,Serine/threonine-protein phosphatase  [Source:UniProtKB/TrEMBL;Acc:A0A8J2QAA4],Cercopithifilaria johnstoni (PRJEB47283),protein_coding,cejohnprjeb47283
CJOHNSTONI_LOCUS10044,rna-CJOHNSTONI_LOCUS10044,602,protein_coding,Non-specific serine/threonine protein kinase  [Source:UniProtKB/TrEMBL;Acc:A0A8J2M7G1],Cercopithifilaria johnstoni (PRJEB47283),protein_coding,cejohnprjeb47283
CJOHNSTONI_LOCUS2696,rna-CJOHNSTONI_LOCUS2696,237,protein_coding,CUE domain-containing protein  [Source:UniProtKB/TrEMBL;Acc:A0A8J2LYU0],Cercopithifilaria johnstoni (PRJEB47283),protein_coding,cejohnprjeb47283
CJOHNSTONI_LOCUS4325,rna-CJOHNSTONI_LOCUS4325,290,protein_coding,,Cercopithifilaria johnstoni (PRJEB47283),protein_coding,cejohnprjeb47283
CJOHNSTONI_LOCUS264,rna-CJOHNSTONI_LOCUS264,235,protein_coding,Transmembrane protein  [Source:UniProtKB/TrEMBL;Acc:A0A8J2LL08],Cercopithifilaria johnstoni (PRJEB47283),protein_coding,cejohnprjeb47283
CJOHNSTONI_LOCUS810,rna-CJOHNSTONI_LOCUS810,218,protein_coding,Rab-like protein 6  [Source:UniProtKB/TrEMBL;Acc:A0A8J2MIN8],Cercopithifilaria johnstoni (PRJEB47283),protein_coding,cejohnprjeb47283
CJOHNSTONI_LOCUS6233,rna-CJOHNSTONI_LOCUS6233,176,protein_coding,zf-CHCC domain-containing protein  [Source:UniProtKB/TrEMBL;Acc:A0A8J2Q7W4],Cercopithifilaria johnstoni (PRJEB47283),protein_coding,cejohnprjeb47283
CJOHNSTONI_LOCUS3072,rna-CJOHNSTONI_LOCUS3072,1258,protein_coding,,Cercopithifilaria johnstoni (PRJEB47283),protein_coding,cejohnprjeb47283
CJOHNSTONI_LOCUS7800,rna-CJOHNSTONI_LOCUS7800,158,protein_coding,Galectin  [Source:UniProtKB/TrEMBL;Acc:A0A8J2MRT2],Cercopithifilaria johnstoni (PRJEB47283),protein_coding,cejohnprjeb47283
CJOHNSTONI_LOCUS6192,rna-CJOHNSTONI_LOCUS6192,521,protein_coding,ZP domain-containing protein  [Source:UniProtKB/TrEMBL;Acc:A0A8J2Q7V5],Cercopithifilaria johnstoni (PRJEB47283),protein_coding,cejohnprjeb47283
CJOHNSTONI_LOCUS4615,rna-CJOHNSTONI_LOCUS4615,229,protein_coding,BTB domain-containing protein  [Source:UniProtKB/TrEMBL;Acc:A0A8J2QA10],Cercopithifilaria johnstoni (PRJEB47283),protein_coding,cejohnprjeb47283
CJOHNSTONI_LOCUS3507,rna-CJOHNSTONI_LOCUS3507,153,protein_coding,Glutathione S-transferase  [Source:UniProtKB/TrEMBL;Acc:A0A8J2PS93],Cercopithifilaria johnstoni (PRJEB47283),protein_coding,cejohnprjeb47283
CJOHNSTONI_LOCUS5421,rna-CJOHNSTONI_LOCUS5421,142,protein_coding,Guanine nucleotide-binding protein subunit gamma  [Source:UniProtKB/TrEMBL;Acc:A0A8J2M532],Cercopithifilaria johnstoni (PRJEB47283),protein_coding,cejohnprjeb47283
CJOHNSTONI_LOCUS6579,rna-CJOHNSTONI_LOCUS6579,605,protein_coding,GATA zinc finger domain-containing protein 14-like  [Source:UniProtKB/TrEMBL;Acc:A0A8J2Q1Q1],Cercopithifilaria johnstoni (PRJEB47283),protein_coding,cejohnprjeb47283
CJOHNSTONI_LOCUS9294,rna-CJOHNSTONI_LOCUS9294,106,protein_coding,Serine protease K12H4.7  [Source:UniProtKB/TrEMBL;Acc:A0A8J2PY25],Cercopithifilaria johnstoni (PRJEB47283),protein_coding,cejohnprjeb47283
CJOHNSTONI_LOCUS10504,rna-CJOHNSTONI_LOCUS10504,443,protein_coding,Zinc finger protein  [Source:UniProtKB/TrEMBL;Acc:A0A8J2MG28],Cercopithifilaria johnstoni (PRJEB47283),protein_coding,cejohnprjeb47283
CJOHNSTONI_LOCUS294,rna-CJOHNSTONI_LOCUS294,860,protein_coding,Zinc finger protein  [Source:UniProtKB/TrEMBL;Acc:A0A8J2LMZ8],Cercopithifilaria johnstoni (PRJEB47283),protein_coding,cejohnprjeb47283
CJOHNSTONI_LOCUS1971,rna-CJOHNSTONI_LOCUS1971,302,protein_coding,1-alkyl-2-acetylglycerophosphocholine esterase  [Source:UniProtKB/TrEMBL;Acc:A0A8J2LQZ3],Cercopithifilaria johnstoni (PRJEB47283),protein_coding,cejohnprjeb47283
CJOHNSTONI_LOCUS9803,rna-CJOHNSTONI_LOCUS9803,368,protein_coding,ORF1  [Source:UniProtKB/TrEMBL;Acc:A0A8J2MEJ4],Cercopithifilaria johnstoni (PRJEB47283),protein_coding,cejohnprjeb47283
CJOHNSTONI_LOCUS3807,rna-CJOHNSTONI_LOCUS3807,337,protein_coding,[histone H3]-trimethyl-L-lysine(4) demethylase  [Source:UniProtKB/TrEMBL;Acc:A0A8J2M2A1],Cercopithifilaria johnstoni (PRJEB47283),protein_coding,cejohnprjeb47283
CJOHNSTONI_LOCUS3883,rna-CJOHNSTONI_LOCUS3883,172,protein_coding,Glyco_hydro_38C domain-containing protein  [Source:UniProtKB/TrEMBL;Acc:A0A8J2Q9Q6],Cercopithifilaria johnstoni (PRJEB47283),protein_coding,cejohnprjeb47283
CJOHNSTONI_LOCUS2785,rna-CJOHNSTONI_LOCUS2785,146,protein_coding,,Cercopithifilaria johnstoni (PRJEB47283),protein_coding,cejohnprjeb47283
CJOHNSTONI_LOCUS2613,rna-CJOHNSTONI_LOCUS2613,215,protein_coding,Amyloid beta A4 precursor protein-binding family B member 2  [Source:UniProtKB/TrEMBL;Acc:A0A8J2LZQ1],Cercopithifilaria johnstoni (PRJEB47283),protein_coding,cejohnprjeb47283
CJOHNSTONI_LOCUS1002,rna-CJOHNSTONI_LOCUS1002,202,protein_coding,Lysophospholipid acyltransferase 7  [Source:UniProtKB/TrEMBL;Acc:A0A8J2LZQ2],Cercopithifilaria johnstoni (PRJEB47283),protein_coding,cejohnprjeb47283
CJOHNSTONI_LOCUS1276,rna-CJOHNSTONI_LOCUS1276,161,protein_coding,G protein-coupled receptor kinase  [Source:UniProtKB/TrEMBL;Acc:A0A8J2MIT4],Cercopithifilaria johnstoni (PRJEB47283),protein_coding,cejohnprjeb47283
CJOHNSTONI_LOCUS3325,rna-CJOHNSTONI_LOCUS3325,241,protein_coding,Tick transposon  [Source:UniProtKB/TrEMBL;Acc:A0A8J2M1A7],Cercopithifilaria johnstoni (PRJEB47283),protein_coding,cejohnprjeb47283
CJOHNSTONI_LOCUS7207,rna-CJOHNSTONI_LOCUS7207,365,protein_coding,PDZ domain-containing protein  [Source:UniProtKB/TrEMBL;Acc:A0A8J2M804],Cercopithifilaria johnstoni (PRJEB47283),protein_coding,cejohnprjeb47283
CJOHNSTONI_LOCUS9373,rna-CJOHNSTONI_LOCUS9373,228,protein_coding,U6 snRNA-associated Sm-like protein LSm2  [Source:UniProtKB/TrEMBL;Acc:A0A8J2ME91],Cercopithifilaria johnstoni (PRJEB47283),protein_coding,cejohnprjeb47283
CJOHNSTONI_LOCUS5346,rna-CJOHNSTONI_LOCUS5346,210,protein_coding,Pre-mRNA 3'-end-processing factor FIP1  [Source:UniProtKB/TrEMBL;Acc:A0A8J2Q7F3],Cercopithifilaria johnstoni (PRJEB47283),protein_coding,cejohnprjeb47283
CJOHNSTONI_LOCUS7889,rna-CJOHNSTONI_LOCUS7889,366,protein_coding,Kunitz/Bovine pancreatic trypsin inhibitor domain protein  [Source:UniProtKB/TrEMBL;Acc:A0A8J2QAS8],Cercopithifilaria johnstoni (PRJEB47283),protein_coding,cejohnprjeb47283
CJOHNSTONI_LOCUS4697,rna-CJOHNSTONI_LOCUS4697,263,protein_coding,Peptidase A1 domain-containing protein  [Source:UniProtKB/TrEMBL;Acc:A0A8J2M3X2],Cercopithifilaria johnstoni (PRJEB47283),protein_coding,cejohnprjeb47283
CJOHNSTONI_LOCUS8467,rna-CJOHNSTONI_LOCUS8467,260,protein_coding,Glycos_transf_1 domain-containing protein  [Source:UniProtKB/TrEMBL;Acc:A0A8J2MSX8],Cercopithifilaria johnstoni (PRJEB47283),protein_coding,cejohnprjeb47283
CJOHNSTONI_LOCUS5057,rna-CJOHNSTONI_LOCUS5057,231,protein_coding,Tyrosine-protein phosphatase non-receptor type  [Source:UniProtKB/TrEMBL;Acc:A0A8J2QA68],Cercopithifilaria johnstoni (PRJEB47283),protein_coding,cejohnprjeb47283
CJOHNSTONI_LOCUS3052,rna-CJOHNSTONI_LOCUS3052,172,protein_coding,Protein phosphatase 1 regulatory subunit 11  [Source:UniProtKB/TrEMBL;Acc:A0A8J2LZ03],Cercopithifilaria johnstoni (PRJEB47283),protein_coding,cejohnprjeb47283
CJOHNSTONI_LOCUS1105,rna-CJOHNSTONI_LOCUS1105,1063,protein_coding,Serine-rich adhesin for platelets-like  [Source:UniProtKB/TrEMBL;Acc:A0A8J2LWR6],Cercopithifilaria johnstoni (PRJEB47283),protein_coding,cejohnprjeb47283
CJOHNSTONI_LOCUS1557,rna-CJOHNSTONI_LOCUS1557,225,protein_coding,DUOXA-like protein C06E1.3  [Source:UniProtKB/TrEMBL;Acc:A0A8J2LW91],Cercopithifilaria johnstoni (PRJEB47283),protein_coding,cejohnprjeb47283
CJOHNSTONI_LOCUS3313,rna-CJOHNSTONI_LOCUS3313,172,protein_coding,Proton-coupled folate transporter  [Source:UniProtKB/TrEMBL;Acc:A0A8J2PS30],Cercopithifilaria johnstoni (PRJEB47283),protein_coding,cejohnprjeb47283
CJOHNSTONI_LOCUS3760,rna-CJOHNSTONI_LOCUS3760,226,protein_coding,BTB domain-containing protein  [Source:UniProtKB/TrEMBL;Acc:A0A8J2M079],Cercopithifilaria johnstoni (PRJEB47283),protein_coding,cejohnprjeb47283
CJOHNSTONI_LOCUS4347,rna-CJOHNSTONI_LOCUS4347,220,protein_coding,Nucleolysin TIA-1/TIAR  [Source:UniProtKB/TrEMBL;Acc:A0A8J2M378],Cercopithifilaria johnstoni (PRJEB47283),protein_coding,cejohnprjeb47283
CJOHNSTONI_LOCUS10486,rna-CJOHNSTONI_LOCUS10486,218,protein_coding,,Cercopithifilaria johnstoni (PRJEB47283),protein_coding,cejohnprjeb47283
CJOHNSTONI_LOCUS4983,rna-CJOHNSTONI_LOCUS4983,194,protein_coding,TORC_M domain-containing protein  [Source:UniProtKB/TrEMBL;Acc:A0A8J2M3X7],Cercopithifilaria johnstoni (PRJEB47283),protein_coding,cejohnprjeb47283
CJOHNSTONI_LOCUS9992,rna-CJOHNSTONI_LOCUS9992,198,protein_coding,SWIRM domain-containing protein  [Source:UniProtKB/TrEMBL;Acc:A0A8J2MUK5],Cercopithifilaria johnstoni (PRJEB47283),protein_coding,cejohnprjeb47283
CJOHNSTONI_LOCUS10471,rna-CJOHNSTONI_LOCUS10471,289,protein_coding,JmjC domain-containing protein  [Source:UniProtKB/TrEMBL;Acc:A0A8J2MDT3],Cercopithifilaria johnstoni (PRJEB47283),protein_coding,cejohnprjeb47283
CJOHNSTONI_LOCUS1068,rna-CJOHNSTONI_LOCUS1068,701,protein_coding,Zinc finger protein  [Source:UniProtKB/TrEMBL;Acc:A0A8J2LVE9],Cercopithifilaria johnstoni (PRJEB47283),protein_coding,cejohnprjeb47283
CJOHNSTONI_LOCUS8220,rna-CJOHNSTONI_LOCUS8220,284,protein_coding,WD repeat domain phosphoinositide-interacting protein 2  [Source:UniProtKB/TrEMBL;Acc:A0A8J2M9K4],Cercopithifilaria johnstoni (PRJEB47283),protein_coding,cejohnprjeb47283
CJOHNSTONI_LOCUS3077,rna-CJOHNSTONI_LOCUS3077,357,protein_coding,Col_cuticle_N domain-containing protein  [Source:UniProtKB/TrEMBL;Acc:A0A8J2PYN3],Cercopithifilaria johnstoni (PRJEB47283),protein_coding,cejohnprjeb47283
CJOHNSTONI_LOCUS9120,rna-CJOHNSTONI_LOCUS9120,260,protein_coding,Tudor domain-containing protein  [Source:UniProtKB/TrEMBL;Acc:A0A8J2MTR0],Cercopithifilaria johnstoni (PRJEB47283),protein_coding,cejohnprjeb47283
CJOHNSTONI_LOCUS5401,rna-CJOHNSTONI_LOCUS5401,218,protein_coding,Tudor domain-containing protein  [Source:UniProtKB/TrEMBL;Acc:A0A8J2Q0N0],Cercopithifilaria johnstoni (PRJEB47283),protein_coding,cejohnprjeb47283
CJOHNSTONI_LOCUS5052,rna-CJOHNSTONI_LOCUS5052,224,protein_coding,Protein sleepless  [Source:UniProtKB/TrEMBL;Acc:A0A8J2M4I3],Cercopithifilaria johnstoni (PRJEB47283),protein_coding,cejohnprjeb47283
CJOHNSTONI_LOCUS2789,rna-CJOHNSTONI_LOCUS2789,176,protein_coding,Cystatin domain-containing protein  [Source:UniProtKB/TrEMBL;Acc:A0A8J2LYK3],Cercopithifilaria johnstoni (PRJEB47283),protein_coding,cejohnprjeb47283
CJOHNSTONI_LOCUS2147,rna-CJOHNSTONI_LOCUS2147,233,protein_coding,Putative rRNA methyltransferase  [Source:UniProtKB/TrEMBL;Acc:A0A8J2LZ94],Cercopithifilaria johnstoni (PRJEB47283),protein_coding,cejohnprjeb47283
CJOHNSTONI_LOCUS6351,rna-CJOHNSTONI_LOCUS6351,228,protein_coding,Nucleoporin p58/p45  [Source:UniProtKB/TrEMBL;Acc:A0A8J2M7A0],Cercopithifilaria johnstoni (PRJEB47283),protein_coding,cejohnprjeb47283
CJOHNSTONI_LOCUS9619,rna-CJOHNSTONI_LOCUS9619,215,protein_coding,CRAL-TRIO domain-containing protein  [Source:UniProtKB/TrEMBL;Acc:A0A8J2MCF7],Cercopithifilaria johnstoni (PRJEB47283),protein_coding,cejohnprjeb47283
CJOHNSTONI_LOCUS49,rna-CJOHNSTONI_LOCUS49,284,protein_coding,Dolichyl-diphosphooligosaccharide--protein glycotransferase  [Source:UniProtKB/TrEMBL;Acc:A0A8J2Q2V9],Cercopithifilaria johnstoni (PRJEB47283),protein_coding,cejohnprjeb47283
CJOHNSTONI_LOCUS4617,rna-CJOHNSTONI_LOCUS4617,194,protein_coding,BRCT domain-containing protein  [Source:UniProtKB/TrEMBL;Acc:A0A8J2LWB1],Cercopithifilaria johnstoni (PRJEB47283),protein_coding,cejohnprjeb47283
CJOHNSTONI_LOCUS2503,rna-CJOHNSTONI_LOCUS2503,215,protein_coding,V-type proton ATPase subunit F  [Source:UniProtKB/TrEMBL;Acc:A0A8J2M2H6],Cercopithifilaria johnstoni (PRJEB47283),protein_coding,cejohnprjeb47283
CJOHNSTONI_LOCUS3466,rna-CJOHNSTONI_LOCUS3466,146,protein_coding,Methyltransf_25 domain-containing protein  [Source:UniProtKB/TrEMBL;Acc:A0A8J2M1L0],Cercopithifilaria johnstoni (PRJEB47283),protein_coding,cejohnprjeb47283
CJOHNSTONI_LOCUS1303,rna-CJOHNSTONI_LOCUS1303-2,314,protein_coding,Ovule protein  [Source:UniProtKB/TrEMBL;Acc:A0A8J2LPX9],Cercopithifilaria johnstoni (PRJEB47283),protein_coding,cejohnprjeb47283
CJOHNSTONI_LOCUS3853,rna-CJOHNSTONI_LOCUS3853,262,protein_coding,Nicotinamide-nucleotide adenylyltransferase  [Source:UniProtKB/TrEMBL;Acc:A0A8J2Q643],Cercopithifilaria johnstoni (PRJEB47283),protein_coding,cejohnprjeb47283
CJOHNSTONI_LOCUS1144,rna-CJOHNSTONI_LOCUS1144,233,protein_coding,Secreted protein  [Source:UniProtKB/TrEMBL;Acc:A0A8J2Q3N7],Cercopithifilaria johnstoni (PRJEB47283),protein_coding,cejohnprjeb47283
CJOHNSTONI_LOCUS9030,rna-CJOHNSTONI_LOCUS9030,1208,protein_coding,Zinc finger protein 239-like  [Source:UniProtKB/TrEMBL;Acc:A0A8J2Q6N6],Cercopithifilaria johnstoni (PRJEB47283),protein_coding,cejohnprjeb47283
CJOHNSTONI_LOCUS9207,rna-CJOHNSTONI_LOCUS9207,198,protein_coding,Protein SPEC3  [Source:UniProtKB/TrEMBL;Acc:A0A8J2PY02],Cercopithifilaria johnstoni (PRJEB47283),protein_coding,cejohnprjeb47283
CJOHNSTONI_LOCUS4641,rna-CJOHNSTONI_LOCUS4641,242,protein_coding,DNA-directed RNA polymerase II subunit RPB7  [Source:UniProtKB/TrEMBL;Acc:A0A8J2QA16],Cercopithifilaria johnstoni (PRJEB47283),protein_coding,cejohnprjeb47283
CJOHNSTONI_LOCUS9297,rna-CJOHNSTONI_LOCUS9297,237,protein_coding,Transmembrane protein  [Source:UniProtKB/TrEMBL;Acc:A0A8J2QB31],Cercopithifilaria johnstoni (PRJEB47283),protein_coding,cejohnprjeb47283
CJOHNSTONI_LOCUS7414,rna-CJOHNSTONI_LOCUS7414,143,protein_coding,GTP-binding protein  [Source:UniProtKB/TrEMBL;Acc:A0A8J2QAP3],Cercopithifilaria johnstoni (PRJEB47283),protein_coding,cejohnprjeb47283
CJOHNSTONI_LOCUS6445,rna-CJOHNSTONI_LOCUS6445,215,protein_coding,Immunoglobulin domain protein  [Source:UniProtKB/TrEMBL;Acc:A0A8J2M946],Cercopithifilaria johnstoni (PRJEB47283),protein_coding,cejohnprjeb47283
CJOHNSTONI_LOCUS6974,rna-CJOHNSTONI_LOCUS6974,167,protein_coding,UBC core domain-containing protein  [Source:UniProtKB/TrEMBL;Acc:A0A8J2Q1Z2],Cercopithifilaria johnstoni (PRJEB47283),protein_coding,cejohnprjeb47283
CJOHNSTONI_LOCUS6525,rna-CJOHNSTONI_LOCUS6525,299,protein_coding,Oxysterol-binding protein  [Source:UniProtKB/TrEMBL;Acc:A0A8J2M031],Cercopithifilaria johnstoni (PRJEB47283),protein_coding,cejohnprjeb47283
CJOHNSTONI_LOCUS9004,rna-CJOHNSTONI_LOCUS9004,459,protein_coding,Collagen IV NC1 domain-containing protein  [Source:UniProtKB/TrEMBL;Acc:A0A8J2Q3J8],Cercopithifilaria johnstoni (PRJEB47283),protein_coding,cejohnprjeb47283
CJOHNSTONI_LOCUS2875,rna-CJOHNSTONI_LOCUS2875,244,protein_coding,ZM domain-containing protein  [Source:UniProtKB/TrEMBL;Acc:A0A8J2MKV8],Cercopithifilaria johnstoni (PRJEB47283),protein_coding,cejohnprjeb47283
CJOHNSTONI_LOCUS10358,rna-CJOHNSTONI_LOCUS10358,248,protein_coding,Ras-related protein Rab-30  [Source:UniProtKB/TrEMBL;Acc:A0A8J2MDM2],Cercopithifilaria johnstoni (PRJEB47283),protein_coding,cejohnprjeb47283
CJOHNSTONI_LOCUS1950,rna-CJOHNSTONI_LOCUS1950,335,protein_coding,Replication protein A subunit  [Source:UniProtKB/TrEMBL;Acc:A0A8J2LWR3],Cercopithifilaria johnstoni (PRJEB47283),protein_coding,cejohnprjeb47283
CJOHNSTONI_LOCUS205,rna-CJOHNSTONI_LOCUS205,242,protein_coding,Nuclear pore complex protein  [Source:UniProtKB/TrEMBL;Acc:A0A8J2PVC6],Cercopithifilaria johnstoni (PRJEB47283),protein_coding,cejohnprjeb47283
CJOHNSTONI_LOCUS5546,rna-CJOHNSTONI_LOCUS5546,414,protein_coding,Bm4990  [Source:UniProtKB/TrEMBL;Acc:A0A8J2M465],Cercopithifilaria johnstoni (PRJEB47283),protein_coding,cejohnprjeb47283
CJOHNSTONI_LOCUS10172,rna-CJOHNSTONI_LOCUS10172,281,protein_coding,"N-alpha-acetyltransferase 16, NatA auxiliary subunit  [Source:UniProtKB/TrEMBL;Acc:A0A8J2MFX8]",Cercopithifilaria johnstoni (PRJEB47283),protein_coding,cejohnprjeb47283
CJOHNSTONI_LOCUS1014,rna-CJOHNSTONI_LOCUS1014,252,protein_coding,SP-RING-type domain-containing protein  [Source:UniProtKB/TrEMBL;Acc:A0A8J2MIB9],Cercopithifilaria johnstoni (PRJEB47283),protein_coding,cejohnprjeb47283
CJOHNSTONI_LOCUS7230,rna-CJOHNSTONI_LOCUS7230,250,protein_coding,Homeobox domain-containing protein  [Source:UniProtKB/TrEMBL;Acc:A0A8J2MR79],Cercopithifilaria johnstoni (PRJEB47283),protein_coding,cejohnprjeb47283
CJOHNSTONI_LOCUS9381,rna-CJOHNSTONI_LOCUS9381,221,protein_coding,Alpha-tubulin N-acetyltransferase  [Source:UniProtKB/TrEMBL;Acc:A0A8J2M5K6],Cercopithifilaria johnstoni (PRJEB47283),protein_coding,cejohnprjeb47283
CJOHNSTONI_LOCUS7131,rna-CJOHNSTONI_LOCUS7131,197,protein_coding,Ras-GEF domain-containing protein  [Source:UniProtKB/TrEMBL;Acc:A0A8J2Q5P0],Cercopithifilaria johnstoni (PRJEB47283),protein_coding,cejohnprjeb47283
CJOHNSTONI_LOCUS9729,rna-CJOHNSTONI_LOCUS9729,244,protein_coding,MFS domain-containing protein  [Source:UniProtKB/TrEMBL;Acc:A0A8J2MCK1],Cercopithifilaria johnstoni (PRJEB47283),protein_coding,cejohnprjeb47283
CJOHNSTONI_LOCUS9404,rna-CJOHNSTONI_LOCUS9404,247,protein_coding,"alpha-1,2-Mannosidase  [Source:UniProtKB/TrEMBL;Acc:A0A8J2PY51]",Cercopithifilaria johnstoni (PRJEB47283),protein_coding,cejohnprjeb47283
CJOHNSTONI_LOCUS6665,rna-CJOHNSTONI_LOCUS6665,235,protein_coding,Actin-related protein 6  [Source:UniProtKB/TrEMBL;Acc:A0A8J2M814],Cercopithifilaria johnstoni (PRJEB47283),protein_coding,cejohnprjeb47283
CJOHNSTONI_LOCUS9522,rna-CJOHNSTONI_LOCUS9522,226,protein_coding,Transcription initiation factor IIB  [Source:UniProtKB/TrEMBL;Acc:A0A8J2MFX1],Cercopithifilaria johnstoni (PRJEB47283),protein_coding,cejohnprjeb47283
CJOHNSTONI_LOCUS5424,rna-CJOHNSTONI_LOCUS5424,225,protein_coding,Thioredoxin domain-containing protein  [Source:UniProtKB/TrEMBL;Acc:A0A8J2Q4B6],Cercopithifilaria johnstoni (PRJEB47283),protein_coding,cejohnprjeb47283
CJOHNSTONI_LOCUS4958,rna-CJOHNSTONI_LOCUS4958,211,protein_coding,J domain-containing protein  [Source:UniProtKB/TrEMBL;Acc:A0A8J2Q763],Cercopithifilaria johnstoni (PRJEB47283),protein_coding,cejohnprjeb47283
CJOHNSTONI_LOCUS9075,rna-CJOHNSTONI_LOCUS9075,209,protein_coding,,Cercopithifilaria johnstoni (PRJEB47283),protein_coding,cejohnprjeb47283
CJOHNSTONI_LOCUS8562,rna-CJOHNSTONI_LOCUS8562,145,protein_coding,Kinesin motor domain-containing protein  [Source:UniProtKB/TrEMBL;Acc:A0A8J2MT89],Cercopithifilaria johnstoni (PRJEB47283),protein_coding,cejohnprjeb47283
CJOHNSTONI_LOCUS7471,rna-CJOHNSTONI_LOCUS7471,461,protein_coding,C2H2-type domain-containing protein  [Source:UniProtKB/TrEMBL;Acc:A0A8J2M994],Cercopithifilaria johnstoni (PRJEB47283),protein_coding,cejohnprjeb47283
CJOHNSTONI_LOCUS2103,rna-CJOHNSTONI_LOCUS2103,242,protein_coding,Zinc finger CCCH-type with G patch domain-containing protein  [Source:UniProtKB/TrEMBL;Acc:A0A8J2LWX7],Cercopithifilaria johnstoni (PRJEB47283),protein_coding,cejohnprjeb47283
CJOHNSTONI_LOCUS1378,rna-CJOHNSTONI_LOCUS1378,219,protein_coding,,Cercopithifilaria johnstoni (PRJEB47283),protein_coding,cejohnprjeb47283
CJOHNSTONI_LOCUS1804,rna-CJOHNSTONI_LOCUS1804,196,protein_coding,Fork-head domain-containing protein  [Source:UniProtKB/TrEMBL;Acc:A0A8J2Q456],Cercopithifilaria johnstoni (PRJEB47283),protein_coding,cejohnprjeb47283
CJOHNSTONI_LOCUS398,rna-CJOHNSTONI_LOCUS398,218,protein_coding,Neprilysin  [Source:UniProtKB/TrEMBL;Acc:A0A8J2Q356],Cercopithifilaria johnstoni (PRJEB47283),protein_coding,cejohnprjeb47283
CJOHNSTONI_LOCUS6197,rna-CJOHNSTONI_LOCUS6197,176,protein_coding,Protein kinase domain-containing protein  [Source:UniProtKB/TrEMBL;Acc:A0A8J2LZI1],Cercopithifilaria johnstoni (PRJEB47283),protein_coding,cejohnprjeb47283
CJOHNSTONI_LOCUS10519,rna-CJOHNSTONI_LOCUS10519,158,protein_coding,F-box domain-containing protein  [Source:UniProtKB/TrEMBL;Acc:A0A8J2MG38],Cercopithifilaria johnstoni (PRJEB47283),protein_coding,cejohnprjeb47283
CJOHNSTONI_LOCUS6027,rna-CJOHNSTONI_LOCUS6027,233,protein_coding,Tr-type G domain-containing protein  [Source:UniProtKB/TrEMBL;Acc:A0A8J2M691],Cercopithifilaria johnstoni (PRJEB47283),protein_coding,cejohnprjeb47283
CJOHNSTONI_LOCUS2100,rna-CJOHNSTONI_LOCUS2100,368,protein_coding,Myb-like domain-containing protein  [Source:UniProtKB/TrEMBL;Acc:A0A8J2MKI5],Cercopithifilaria johnstoni (PRJEB47283),protein_coding,cejohnprjeb47283
CJOHNSTONI_LOCUS3986,rna-CJOHNSTONI_LOCUS3986,161,protein_coding,Ovule protein  [Source:UniProtKB/TrEMBL;Acc:A0A8J2M505],Cercopithifilaria johnstoni (PRJEB47283),protein_coding,cejohnprjeb47283
CJOHNSTONI_LOCUS5425,rna-CJOHNSTONI_LOCUS5425,275,protein_coding,DNA polymerase kappa  [Source:UniProtKB/TrEMBL;Acc:A0A8J2Q0N9],Cercopithifilaria johnstoni (PRJEB47283),protein_coding,cejohnprjeb47283
CJOHNSTONI_LOCUS4882,rna-CJOHNSTONI_LOCUS4882,229,protein_coding,RhoGEF domain containing protein  [Source:UniProtKB/TrEMBL;Acc:A0A8J2LU79],Cercopithifilaria johnstoni (PRJEB47283),protein_coding,cejohnprjeb47283
CJOHNSTONI_LOCUS7814,rna-CJOHNSTONI_LOCUS7814,186,protein_coding,MABP domain-containing protein  [Source:UniProtKB/TrEMBL;Acc:A0A8J2MBW2],Cercopithifilaria johnstoni (PRJEB47283),protein_coding,cejohnprjeb47283
CJOHNSTONI_LOCUS9671,rna-CJOHNSTONI_LOCUS9671,191,protein_coding,,Cercopithifilaria johnstoni (PRJEB47283),protein_coding,cejohnprjeb47283
CJOHNSTONI_LOCUS3645,rna-CJOHNSTONI_LOCUS3645,193,protein_coding,RNA helicase  [Source:UniProtKB/TrEMBL;Acc:A0A8J2M1W6],Cercopithifilaria johnstoni (PRJEB47283),protein_coding,cejohnprjeb47283
CJOHNSTONI_LOCUS5765,rna-CJOHNSTONI_LOCUS5765,179,protein_coding,O-methyltransferase  [Source:UniProtKB/TrEMBL;Acc:A0A8J2LYJ8],Cercopithifilaria johnstoni (PRJEB47283),protein_coding,cejohnprjeb47283
CJOHNSTONI_LOCUS5071,rna-CJOHNSTONI_LOCUS5071,222,protein_coding,G_PROTEIN_RECEP_F1_2 domain-containing protein  [Source:UniProtKB/TrEMBL;Acc:A0A8J2Q0C2],Cercopithifilaria johnstoni (PRJEB47283),protein_coding,cejohnprjeb47283
CJOHNSTONI_LOCUS7174,rna-CJOHNSTONI_LOCUS7174,231,protein_coding,SCP domain-containing protein  [Source:UniProtKB/TrEMBL;Acc:A0A8J2M0Y5],Cercopithifilaria johnstoni (PRJEB47283),protein_coding,cejohnprjeb47283
CJOHNSTONI_LOCUS7081,rna-CJOHNSTONI_LOCUS7081,540,protein_coding,Bromodomain-containing protein DDB_G0280777-like  [Source:UniProtKB/TrEMBL;Acc:A0A8J2Q230],Cercopithifilaria johnstoni (PRJEB47283),protein_coding,cejohnprjeb47283
CJOHNSTONI_LOCUS3747,rna-CJOHNSTONI_LOCUS3747,341,protein_coding,Transporter  [Source:UniProtKB/TrEMBL;Acc:A0A8J2MMB7],Cercopithifilaria johnstoni (PRJEB47283),protein_coding,cejohnprjeb47283
CJOHNSTONI_LOCUS454,rna-CJOHNSTONI_LOCUS454,253,protein_coding,"28S ribosomal protein S18c, mitochondrial  [Source:UniProtKB/TrEMBL;Acc:A0A8J2Q839]",Cercopithifilaria johnstoni (PRJEB47283),protein_coding,cejohnprjeb47283
CJOHNSTONI_LOCUS9706,rna-CJOHNSTONI_LOCUS9706,404,protein_coding,G_PROTEIN_RECEP_F1_2 domain-containing protein  [Source:UniProtKB/TrEMBL;Acc:A0A8J2MCJ0],Cercopithifilaria johnstoni (PRJEB47283),protein_coding,cejohnprjeb47283
CJOHNSTONI_LOCUS4416,rna-CJOHNSTONI_LOCUS4416,248,protein_coding,KIND domain-containing protein  [Source:UniProtKB/TrEMBL;Acc:A0A8J2M322],Cercopithifilaria johnstoni (PRJEB47283),protein_coding,cejohnprjeb47283
CJOHNSTONI_LOCUS9065,rna-CJOHNSTONI_LOCUS9065,227,protein_coding,"UPF0160 protein MYG1, mitochondrial  [Source:UniProtKB/TrEMBL;Acc:A0A8J2MTN6]",Cercopithifilaria johnstoni (PRJEB47283),protein_coding,cejohnprjeb47283
CJOHNSTONI_LOCUS10065,rna-CJOHNSTONI_LOCUS10065,263,protein_coding,CBF domain-containing protein  [Source:UniProtKB/TrEMBL;Acc:A0A8J2MD06],Cercopithifilaria johnstoni (PRJEB47283),protein_coding,cejohnprjeb47283
CJOHNSTONI_LOCUS1007,rna-CJOHNSTONI_LOCUS1007,223,protein_coding,,Cercopithifilaria johnstoni (PRJEB47283),protein_coding,cejohnprjeb47283
CJOHNSTONI_LOCUS7634,rna-CJOHNSTONI_LOCUS7634,203,protein_coding,DUF4456 domain-containing protein  [Source:UniProtKB/TrEMBL;Acc:A0A8J2M8U1],Cercopithifilaria johnstoni (PRJEB47283),protein_coding,cejohnprjeb47283
CJOHNSTONI_LOCUS6081,rna-CJOHNSTONI_LOCUS6081,200,protein_coding,Innexin  [Source:UniProtKB/TrEMBL;Acc:A0A8J2MPX9],Cercopithifilaria johnstoni (PRJEB47283),protein_coding,cejohnprjeb47283
CJOHNSTONI_LOCUS4693,rna-CJOHNSTONI_LOCUS4693,250,protein_coding,PCM1_C domain-containing protein  [Source:UniProtKB/TrEMBL;Acc:A0A8J2MMT5],Cercopithifilaria johnstoni (PRJEB47283),protein_coding,cejohnprjeb47283
CJOHNSTONI_LOCUS6614,rna-CJOHNSTONI_LOCUS6614,216,protein_coding,GOLD domain-containing protein  [Source:UniProtKB/TrEMBL;Acc:A0A8J2M7T3],Cercopithifilaria johnstoni (PRJEB47283),protein_coding,cejohnprjeb47283
CJOHNSTONI_LOCUS6043,rna-CJOHNSTONI_LOCUS6043,194,protein_coding,UPAR/Ly6 domain-containing protein  [Source:UniProtKB/TrEMBL;Acc:A0A8J2M612],Cercopithifilaria johnstoni (PRJEB47283),protein_coding,cejohnprjeb47283
CJOHNSTONI_LOCUS4099,rna-CJOHNSTONI_LOCUS4099,164,protein_coding,GLOBIN domain-containing protein  [Source:UniProtKB/TrEMBL;Acc:A0A8J2MMQ9],Cercopithifilaria johnstoni (PRJEB47283),protein_coding,cejohnprjeb47283
CJOHNSTONI_LOCUS5611,rna-CJOHNSTONI_LOCUS5611,133,protein_coding,SH2 domain-containing protein  [Source:UniProtKB/TrEMBL;Acc:A0A8J2LXS2],Cercopithifilaria johnstoni (PRJEB47283),protein_coding,cejohnprjeb47283
CJOHNSTONI_LOCUS601,rna-CJOHNSTONI_LOCUS601,226,protein_coding,Scamp family-domain-containing protein  [Source:UniProtKB/TrEMBL;Acc:A0A8J2LUC3],Cercopithifilaria johnstoni (PRJEB47283),protein_coding,cejohnprjeb47283
CJOHNSTONI_LOCUS2201,rna-CJOHNSTONI_LOCUS2201,236,protein_coding,Autophagy-related protein 2 B  [Source:UniProtKB/TrEMBL;Acc:A0A8J2M208],Cercopithifilaria johnstoni (PRJEB47283),protein_coding,cejohnprjeb47283
CJOHNSTONI_LOCUS8299,rna-CJOHNSTONI_LOCUS8299,158,protein_coding,Tetraspanin  [Source:UniProtKB/TrEMBL;Acc:A0A8J2Q8S0],Cercopithifilaria johnstoni (PRJEB47283),protein_coding,cejohnprjeb47283
CJOHNSTONI_LOCUS4296,rna-CJOHNSTONI_LOCUS4296,212,protein_coding,Secreted protein  [Source:UniProtKB/TrEMBL;Acc:A0A8J2M2U1],Cercopithifilaria johnstoni (PRJEB47283),protein_coding,cejohnprjeb47283
CJOHNSTONI_LOCUS6283,rna-CJOHNSTONI_LOCUS6283,1685,protein_coding,RGS domain-containing protein  [Source:UniProtKB/TrEMBL;Acc:A0A8J2MQ83],Cercopithifilaria johnstoni (PRJEB47283),protein_coding,cejohnprjeb47283
CJOHNSTONI_LOCUS3476,rna-CJOHNSTONI_LOCUS3476,200,protein_coding,Cilia- and flagella-associated protein 157  [Source:UniProtKB/TrEMBL;Acc:A0A8J2MLZ6],Cercopithifilaria johnstoni (PRJEB47283),protein_coding,cejohnprjeb47283
CJOHNSTONI_LOCUS5755,rna-CJOHNSTONI_LOCUS5755,143,protein_coding,"5-demethoxyubiquinone hydroxylase, mitochondrial  [Source:UniProtKB/TrEMBL;Acc:A0A8J2M7V8]",Cercopithifilaria johnstoni (PRJEB47283),protein_coding,cejohnprjeb47283
CJOHNSTONI_LOCUS8898,rna-CJOHNSTONI_LOCUS8898,344,protein_coding,Leucine-rich repeat protein soc-2 homolog  [Source:UniProtKB/TrEMBL;Acc:A0A8J2MTG4],Cercopithifilaria johnstoni (PRJEB47283),protein_coding,cejohnprjeb47283
CJOHNSTONI_LOCUS5419,rna-CJOHNSTONI_LOCUS5419,187,protein_coding,Ras-related protein M-Ras  [Source:UniProtKB/TrEMBL;Acc:A0A8J2M7A1],Cercopithifilaria johnstoni (PRJEB47283),protein_coding,cejohnprjeb47283
CJOHNSTONI_LOCUS7482,rna-CJOHNSTONI_LOCUS7482,114,protein_coding,Secreted protein  [Source:UniProtKB/TrEMBL;Acc:A0A8J2MRM9],Cercopithifilaria johnstoni (PRJEB47283),protein_coding,cejohnprjeb47283
CJOHNSTONI_LOCUS9999,rna-CJOHNSTONI_LOCUS9999,238,protein_coding,Solute carrier family 25 member 46  [Source:UniProtKB/TrEMBL;Acc:A0A8J2Q782],Cercopithifilaria johnstoni (PRJEB47283),protein_coding,cejohnprjeb47283
CJOHNSTONI_LOCUS2137,rna-CJOHNSTONI_LOCUS2137,210,protein_coding,BRO1 domain-containing protein  [Source:UniProtKB/TrEMBL;Acc:A0A8J2PR37],Cercopithifilaria johnstoni (PRJEB47283),protein_coding,cejohnprjeb47283
CJOHNSTONI_LOCUS7223,rna-CJOHNSTONI_LOCUS7223,255,protein_coding,ZP domain-containing protein  [Source:UniProtKB/TrEMBL;Acc:A0A8J2Q8E7],Cercopithifilaria johnstoni (PRJEB47283),protein_coding,cejohnprjeb47283
CJOHNSTONI_LOCUS10439,rna-CJOHNSTONI_LOCUS10439,225,protein_coding,Paired domain-containing protein  [Source:UniProtKB/TrEMBL;Acc:A0A8J2QBB4],Cercopithifilaria johnstoni (PRJEB47283),protein_coding,cejohnprjeb47283
CJOHNSTONI_LOCUS6749,rna-CJOHNSTONI_LOCUS6749,455,protein_coding,Transmembrane protein  [Source:UniProtKB/TrEMBL;Acc:A0A8J2Q5D5],Cercopithifilaria johnstoni (PRJEB47283),protein_coding,cejohnprjeb47283
CJOHNSTONI_LOCUS976,rna-CJOHNSTONI_LOCUS976,188,protein_coding,"39S ribosomal protein L13, mitochondrial  [Source:UniProtKB/TrEMBL;Acc:A0A8J2LWM8]",Cercopithifilaria johnstoni (PRJEB47283),protein_coding,cejohnprjeb47283
CJOHNSTONI_LOCUS3702,rna-CJOHNSTONI_LOCUS3702,278,protein_coding,40S ribosomal protein S2  [Source:UniProtKB/TrEMBL;Acc:A0A8J2Q5X0],Cercopithifilaria johnstoni (PRJEB47283),protein_coding,cejohnprjeb47283
CJOHNSTONI_LOCUS2178,rna-CJOHNSTONI_LOCUS2178,217,protein_coding,AAA domain-containing protein  [Source:UniProtKB/TrEMBL;Acc:A0A8J2LYU4],Cercopithifilaria johnstoni (PRJEB47283),protein_coding,cejohnprjeb47283
CJOHNSTONI_LOCUS3958,rna-CJOHNSTONI_LOCUS3958,287,protein_coding,Zinc finger protein  [Source:UniProtKB/TrEMBL;Acc:A0A8J2MMK7],Cercopithifilaria johnstoni (PRJEB47283),protein_coding,cejohnprjeb47283
CJOHNSTONI_LOCUS378,rna-CJOHNSTONI_LOCUS378,587,protein_coding,PAS domain-containing protein  [Source:UniProtKB/TrEMBL;Acc:A0A8J2MHC9],Cercopithifilaria johnstoni (PRJEB47283),protein_coding,cejohnprjeb47283
CJOHNSTONI_LOCUS2134,rna-CJOHNSTONI_LOCUS2134,224,protein_coding,"ATP synthase subunit s, mitochondrial  [Source:UniProtKB/TrEMBL;Acc:A0A8J2LYR4]",Cercopithifilaria johnstoni (PRJEB47283),protein_coding,cejohnprjeb47283
CJOHNSTONI_LOCUS3034,rna-CJOHNSTONI_LOCUS3034,209,protein_coding,Phage protein  [Source:UniProtKB/TrEMBL;Acc:A0A8J2M0F0],Cercopithifilaria johnstoni (PRJEB47283),protein_coding,cejohnprjeb47283
CJOHNSTONI_LOCUS4578,rna-CJOHNSTONI_LOCUS4578,223,protein_coding,Ribosomal protein L37  [Source:UniProtKB/TrEMBL;Acc:A0A8J2LTC0],Cercopithifilaria johnstoni (PRJEB47283),protein_coding,cejohnprjeb47283
CJOHNSTONI_LOCUS5366,rna-CJOHNSTONI_LOCUS5366,261,protein_coding,Transmembrane 9 superfamily member  [Source:UniProtKB/TrEMBL;Acc:A0A8J2LXZ1],Cercopithifilaria johnstoni (PRJEB47283),protein_coding,cejohnprjeb47283
CJOHNSTONI_LOCUS7340,rna-CJOHNSTONI_LOCUS7340,243,protein_coding,Chondroitin proteoglycan 1  [Source:UniProtKB/TrEMBL;Acc:A0A8J2MRH6],Cercopithifilaria johnstoni (PRJEB47283),protein_coding,cejohnprjeb47283
CJOHNSTONI_LOCUS4081,rna-CJOHNSTONI_LOCUS4081,208,protein_coding,Secreted protein  [Source:UniProtKB/TrEMBL;Acc:A0A8J2LSI2],Cercopithifilaria johnstoni (PRJEB47283),protein_coding,cejohnprjeb47283
CJOHNSTONI_LOCUS5797,rna-CJOHNSTONI_LOCUS5797,541,protein_coding,Col_cuticle_N domain-containing protein  [Source:UniProtKB/TrEMBL;Acc:A0A8J2M4K9],Cercopithifilaria johnstoni (PRJEB47283),protein_coding,cejohnprjeb47283
CJOHNSTONI_LOCUS6956,rna-CJOHNSTONI_LOCUS6956,261,protein_coding,,Cercopithifilaria johnstoni (PRJEB47283),protein_coding,cejohnprjeb47283
CJOHNSTONI_LOCUS9536,rna-CJOHNSTONI_LOCUS9536,199,protein_coding,Homeobox domain-containing protein  [Source:UniProtKB/TrEMBL;Acc:A0A8J2MFX5],Cercopithifilaria johnstoni (PRJEB47283),protein_coding,cejohnprjeb47283
CJOHNSTONI_LOCUS6130,rna-CJOHNSTONI_LOCUS6130,178,protein_coding,HIT-type domain-containing protein  [Source:UniProtKB/TrEMBL;Acc:A0A8J2LZE2],Cercopithifilaria johnstoni (PRJEB47283),protein_coding,cejohnprjeb47283
CJOHNSTONI_LOCUS4430,rna-CJOHNSTONI_LOCUS4430,179,protein_coding,N-acetyltransferase domain-containing protein  [Source:UniProtKB/TrEMBL;Acc:A0A8J2M2T8],Cercopithifilaria johnstoni (PRJEB47283),protein_coding,cejohnprjeb47283
CJOHNSTONI_LOCUS83,rna-CJOHNSTONI_LOCUS83,163,protein_coding,"phosphoglycerate mutase (2,3-diphosphoglycerate-independent)  [Source:UniProtKB/TrEMBL;Acc:A0A8J2LTA5]",Cercopithifilaria johnstoni (PRJEB47283),protein_coding,cejohnprjeb47283
CJOHNSTONI_LOCUS1965,rna-CJOHNSTONI_LOCUS1965,161,protein_coding,,Cercopithifilaria johnstoni (PRJEB47283),protein_coding,cejohnprjeb47283
CJOHNSTONI_LOCUS430,rna-CJOHNSTONI_LOCUS430,225,protein_coding,Large neutral amino acids transporter small subunit 1  [Source:UniProtKB/TrEMBL;Acc:A0A8J2MHG0],Cercopithifilaria johnstoni (PRJEB47283),protein_coding,cejohnprjeb47283
CJOHNSTONI_LOCUS782,rna-CJOHNSTONI_LOCUS782,169,protein_coding,,Cercopithifilaria johnstoni (PRJEB47283),protein_coding,cejohnprjeb47283
CJOHNSTONI_LOCUS1556,rna-CJOHNSTONI_LOCUS1556,143,protein_coding,Circumsporozoite protein  [Source:UniProtKB/TrEMBL;Acc:A0A8J2LQA3],Cercopithifilaria johnstoni (PRJEB47283),protein_coding,cejohnprjeb47283
CJOHNSTONI_LOCUS9443,rna-CJOHNSTONI_LOCUS9443,241,protein_coding,Paired domain-containing protein  [Source:UniProtKB/TrEMBL;Acc:A0A8J2MDL5],Cercopithifilaria johnstoni (PRJEB47283),protein_coding,cejohnprjeb47283
CJOHNSTONI_LOCUS6180,rna-CJOHNSTONI_LOCUS6180,249,protein_coding,"ATP synthase subunit f, mitochondrial  [Source:UniProtKB/TrEMBL;Acc:A0A8J2Q1D6]",Cercopithifilaria johnstoni (PRJEB47283),protein_coding,cejohnprjeb47283
CJOHNSTONI_LOCUS622,rna-CJOHNSTONI_LOCUS622,233,protein_coding,DH domain-containing protein  [Source:UniProtKB/TrEMBL;Acc:A0A8J2LNJ6],Cercopithifilaria johnstoni (PRJEB47283),protein_coding,cejohnprjeb47283
CJOHNSTONI_LOCUS4243,rna-CJOHNSTONI_LOCUS4243,1407,protein_coding,MADF domain-containing protein  [Source:UniProtKB/TrEMBL;Acc:A0A8J2M2G3],Cercopithifilaria johnstoni (PRJEB47283),protein_coding,cejohnprjeb47283
CJOHNSTONI_LOCUS1333,rna-CJOHNSTONI_LOCUS1333,247,protein_coding,ER membrane protein complex subunit 3  [Source:UniProtKB/TrEMBL;Acc:A0A8J2LVW6],Cercopithifilaria johnstoni (PRJEB47283),protein_coding,cejohnprjeb47283
CJOHNSTONI_LOCUS6924,rna-CJOHNSTONI_LOCUS6924,234,protein_coding,J domain-containing protein  [Source:UniProtKB/TrEMBL;Acc:A0A8J2MR00],Cercopithifilaria johnstoni (PRJEB47283),protein_coding,cejohnprjeb47283
CJOHNSTONI_LOCUS4024,rna-CJOHNSTONI_LOCUS4024,224,protein_coding,HMG box domain-containing protein  [Source:UniProtKB/TrEMBL;Acc:A0A8J2LSD9],Cercopithifilaria johnstoni (PRJEB47283),protein_coding,cejohnprjeb47283
CJOHNSTONI_LOCUS7000,rna-CJOHNSTONI_LOCUS7000,222,protein_coding,RNA helicase  [Source:UniProtKB/TrEMBL;Acc:A0A8J2M0T3],Cercopithifilaria johnstoni (PRJEB47283),protein_coding,cejohnprjeb47283
CJOHNSTONI_LOCUS4938,rna-CJOHNSTONI_LOCUS4938,220,protein_coding,PAP2_C domain-containing protein  [Source:UniProtKB/TrEMBL;Acc:A0A8J2MN72],Cercopithifilaria johnstoni (PRJEB47283),protein_coding,cejohnprjeb47283
CJOHNSTONI_LOCUS3603,rna-CJOHNSTONI_LOCUS3603,351,protein_coding,DUF4210 domain-containing protein  [Source:UniProtKB/TrEMBL;Acc:A0A8J2M1U0],Cercopithifilaria johnstoni (PRJEB47283),protein_coding,cejohnprjeb47283
CJOHNSTONI_LOCUS9164,rna-CJOHNSTONI_LOCUS9164,196,protein_coding,Equilibrative nucleoside transporter 1  [Source:UniProtKB/TrEMBL;Acc:A0A8J2MDE2],Cercopithifilaria johnstoni (PRJEB47283),protein_coding,cejohnprjeb47283
CJOHNSTONI_LOCUS9407,rna-CJOHNSTONI_LOCUS9407,270,protein_coding,Protein kinase domain-containing protein  [Source:UniProtKB/TrEMBL;Acc:A0A8J2QB39],Cercopithifilaria johnstoni (PRJEB47283),protein_coding,cejohnprjeb47283
CJOHNSTONI_LOCUS1699,rna-CJOHNSTONI_LOCUS1699,167,protein_coding,DB domain-containing protein  [Source:UniProtKB/TrEMBL;Acc:A0A8J2MK26],Cercopithifilaria johnstoni (PRJEB47283),protein_coding,cejohnprjeb47283
CJOHNSTONI_LOCUS7188,rna-CJOHNSTONI_LOCUS7188,164,protein_coding,Hcy-binding domain-containing protein  [Source:UniProtKB/TrEMBL;Acc:A0A8J2MAP5],Cercopithifilaria johnstoni (PRJEB47283),protein_coding,cejohnprjeb47283
CJOHNSTONI_LOCUS8116,rna-CJOHNSTONI_LOCUS8116,569,protein_coding,Zinc finger protein 239-like  [Source:UniProtKB/TrEMBL;Acc:A0A8J2MAR9],Cercopithifilaria johnstoni (PRJEB47283),protein_coding,cejohnprjeb47283
CJOHNSTONI_LOCUS323,rna-CJOHNSTONI_LOCUS323,243,protein_coding,C2H2-type domain-containing protein  [Source:UniProtKB/TrEMBL;Acc:A0A8J2LTN7],Cercopithifilaria johnstoni (PRJEB47283),protein_coding,cejohnprjeb47283
CJOHNSTONI_LOCUS5652,rna-CJOHNSTONI_LOCUS5652,184,protein_coding,NADH dehydrogenase subunit 6  [Source:UniProtKB/TrEMBL;Acc:A0A8J2MPD4],Cercopithifilaria johnstoni (PRJEB47283),protein_coding,cejohnprjeb47283
CJOHNSTONI_LOCUS8456,rna-CJOHNSTONI_LOCUS8456,284,protein_coding,Tudor domain-containing protein  [Source:UniProtKB/TrEMBL;Acc:A0A8J2MBH3],Cercopithifilaria johnstoni (PRJEB47283),protein_coding,cejohnprjeb47283
CJOHNSTONI_LOCUS4422,rna-CJOHNSTONI_LOCUS4422,253,protein_coding,Cyclic nucleotide-binding domain-containing protein  [Source:UniProtKB/TrEMBL;Acc:A0A8J2PZV8],Cercopithifilaria johnstoni (PRJEB47283),protein_coding,cejohnprjeb47283
CJOHNSTONI_LOCUS1435,rna-CJOHNSTONI_LOCUS1435,328,protein_coding,CBFD_NFYB_HMF domain-containing protein  [Source:UniProtKB/TrEMBL;Acc:A0A8J2MJ57],Cercopithifilaria johnstoni (PRJEB47283),protein_coding,cejohnprjeb47283
CJOHNSTONI_LOCUS4066,rna-CJOHNSTONI_LOCUS4066,355,protein_coding,DNA topoisomerase  [Source:UniProtKB/TrEMBL;Acc:A0A8J2PZK5],Cercopithifilaria johnstoni (PRJEB47283),protein_coding,cejohnprjeb47283
CJOHNSTONI_LOCUS2059,rna-CJOHNSTONI_LOCUS2059,252,protein_coding,O-antigen polymerase  [Source:UniProtKB/TrEMBL;Acc:A0A8J2LZ33],Cercopithifilaria johnstoni (PRJEB47283),protein_coding,cejohnprjeb47283
CJOHNSTONI_LOCUS9601,rna-CJOHNSTONI_LOCUS9601,223,protein_coding,WD repeat-containing protein 54  [Source:UniProtKB/TrEMBL;Acc:A0A8J2PYB3],Cercopithifilaria johnstoni (PRJEB47283),protein_coding,cejohnprjeb47283
CJOHNSTONI_LOCUS6149,rna-CJOHNSTONI_LOCUS6149,269,protein_coding,Tubulin-specific chaperone D  [Source:UniProtKB/TrEMBL;Acc:A0A8J2M8L8],Cercopithifilaria johnstoni (PRJEB47283),protein_coding,cejohnprjeb47283
CJOHNSTONI_LOCUS1959,rna-CJOHNSTONI_LOCUS1959,283,protein_coding,ANF_receptor domain-containing protein  [Source:UniProtKB/TrEMBL;Acc:A0A8J2LX54],Cercopithifilaria johnstoni (PRJEB47283),protein_coding,cejohnprjeb47283
CJOHNSTONI_LOCUS6026,rna-CJOHNSTONI_LOCUS6026,272,protein_coding,SSD domain-containing protein  [Source:UniProtKB/TrEMBL;Acc:A0A8J2M6T6],Cercopithifilaria johnstoni (PRJEB47283),protein_coding,cejohnprjeb47283
CJOHNSTONI_LOCUS1447,rna-CJOHNSTONI_LOCUS1447,196,protein_coding,KH domain-containing protein  [Source:UniProtKB/TrEMBL;Acc:A0A8J2LMW4],Cercopithifilaria johnstoni (PRJEB47283),protein_coding,cejohnprjeb47283
CJOHNSTONI_LOCUS1232,rna-CJOHNSTONI_LOCUS1232,189,protein_coding,,Cercopithifilaria johnstoni (PRJEB47283),protein_coding,cejohnprjeb47283
CJOHNSTONI_LOCUS3338,rna-CJOHNSTONI_LOCUS3338,172,protein_coding,Tyrosine-protein kinase  [Source:UniProtKB/TrEMBL;Acc:A0A8J2M1B4],Cercopithifilaria johnstoni (PRJEB47283),protein_coding,cejohnprjeb47283
CJOHNSTONI_LOCUS6379,rna-CJOHNSTONI_LOCUS6379,926,protein_coding,Zinc finger protein 239-like  [Source:UniProtKB/TrEMBL;Acc:A0A8J2M6V8],Cercopithifilaria johnstoni (PRJEB47283),protein_coding,cejohnprjeb47283
CJOHNSTONI_LOCUS5067,rna-CJOHNSTONI_LOCUS5067,374,protein_coding,TOG domain-containing protein  [Source:UniProtKB/TrEMBL;Acc:A0A8J2M4J3],Cercopithifilaria johnstoni (PRJEB47283),protein_coding,cejohnprjeb47283
CJOHNSTONI_LOCUS5360,rna-CJOHNSTONI_LOCUS5360,205,protein_coding,HET domain-containing protein  [Source:UniProtKB/TrEMBL;Acc:A0A8J2Q7F5],Cercopithifilaria johnstoni (PRJEB47283),protein_coding,cejohnprjeb47283
CJOHNSTONI_LOCUS3055,rna-CJOHNSTONI_LOCUS3055,300,protein_coding,Transcription activator BRG1  [Source:UniProtKB/TrEMBL;Acc:A0A8J2M3B4],Cercopithifilaria johnstoni (PRJEB47283),protein_coding,cejohnprjeb47283
CJOHNSTONI_LOCUS9369,rna-CJOHNSTONI_LOCUS9369,251,protein_coding,,Cercopithifilaria johnstoni (PRJEB47283),protein_coding,cejohnprjeb47283
CJOHNSTONI_LOCUS1119,rna-CJOHNSTONI_LOCUS1119,219,protein_coding,Caspase activity and apoptosis inhibitor 1  [Source:UniProtKB/TrEMBL;Acc:A0A8J2Q3N1],Cercopithifilaria johnstoni (PRJEB47283),protein_coding,cejohnprjeb47283
CJOHNSTONI_LOCUS2143,rna-CJOHNSTONI_LOCUS2143,440,protein_coding,Zinc finger protein  [Source:UniProtKB/TrEMBL;Acc:A0A8J2LXG0],Cercopithifilaria johnstoni (PRJEB47283),protein_coding,cejohnprjeb47283
CJOHNSTONI_LOCUS6873,rna-CJOHNSTONI_LOCUS6873,212,protein_coding,p53 and DNA damage-regulated protein 1  [Source:UniProtKB/TrEMBL;Acc:A0A8J2Q899],Cercopithifilaria johnstoni (PRJEB47283),protein_coding,cejohnprjeb47283
CJOHNSTONI_LOCUS5580,rna-CJOHNSTONI_LOCUS5580,230,protein_coding,KASH domain-containing protein  [Source:UniProtKB/TrEMBL;Acc:A0A8J2Q0U4],Cercopithifilaria johnstoni (PRJEB47283),protein_coding,cejohnprjeb47283
CJOHNSTONI_LOCUS288,rna-CJOHNSTONI_LOCUS288,209,protein_coding,,Cercopithifilaria johnstoni (PRJEB47283),protein_coding,cejohnprjeb47283
CJOHNSTONI_LOCUS10565,rna-CJOHNSTONI_LOCUS10565,239,protein_coding,"Alpha-1,6-mannosyl-glycoprotein 2-beta-N-acetylglucosaminyltransferase  [Source:UniProtKB/TrEMBL;Acc:A0A8J2M6F5]",Cercopithifilaria johnstoni (PRJEB47283),protein_coding,cejohnprjeb47283
CJOHNSTONI_LOCUS5830,rna-CJOHNSTONI_LOCUS5830,204,protein_coding,Proteasome subunit beta  [Source:UniProtKB/TrEMBL;Acc:A0A8J2QAC6],Cercopithifilaria johnstoni (PRJEB47283),protein_coding,cejohnprjeb47283
CJOHNSTONI_LOCUS8070,rna-CJOHNSTONI_LOCUS8070,334,protein_coding,Col_cuticle_N domain-containing protein  [Source:UniProtKB/TrEMBL;Acc:A0A8J2MSD3],Cercopithifilaria johnstoni (PRJEB47283),protein_coding,cejohnprjeb47283
CJOHNSTONI_LOCUS1643,rna-CJOHNSTONI_LOCUS1643,587,protein_coding,Zinc finger protein  [Source:UniProtKB/TrEMBL;Acc:A0A8J2LYB2],Cercopithifilaria johnstoni (PRJEB47283),protein_coding,cejohnprjeb47283
CJOHNSTONI_LOCUS4612,rna-CJOHNSTONI_LOCUS4612,282,protein_coding,Hist_deacetyl domain-containing protein  [Source:UniProtKB/TrEMBL;Acc:A0A8J2PT51],Cercopithifilaria johnstoni (PRJEB47283),protein_coding,cejohnprjeb47283
CJOHNSTONI_LOCUS9363,rna-CJOHNSTONI_LOCUS9363,221,protein_coding,Col_cuticle_N domain-containing protein  [Source:UniProtKB/TrEMBL;Acc:A0A8J2Q6U8],Cercopithifilaria johnstoni (PRJEB47283),protein_coding,cejohnprjeb47283
CJOHNSTONI_LOCUS9834,rna-CJOHNSTONI_LOCUS9834,262,protein_coding,L51_S25_CI-B8 domain-containing protein  [Source:UniProtKB/TrEMBL;Acc:A0A8J2MCN1],Cercopithifilaria johnstoni (PRJEB47283),protein_coding,cejohnprjeb47283
CJOHNSTONI_LOCUS10347,rna-CJOHNSTONI_LOCUS10347,221,protein_coding,Speckle-type POZ protein  [Source:UniProtKB/TrEMBL;Acc:A0A8J2MFM3],Cercopithifilaria johnstoni (PRJEB47283),protein_coding,cejohnprjeb47283
CJOHNSTONI_LOCUS5963,rna-CJOHNSTONI_LOCUS5963,269,protein_coding,BZIP domain-containing protein  [Source:UniProtKB/TrEMBL;Acc:A0A8J2PU98],Cercopithifilaria johnstoni (PRJEB47283),protein_coding,cejohnprjeb47283
CJOHNSTONI_LOCUS9917,rna-CJOHNSTONI_LOCUS9917,538,protein_coding,SANT domain-containing protein  [Source:UniProtKB/TrEMBL;Acc:A0A8J2PYM5],Cercopithifilaria johnstoni (PRJEB47283),protein_coding,cejohnprjeb47283
CJOHNSTONI_LOCUS5254,rna-CJOHNSTONI_LOCUS5254,251,protein_coding,UDP-galactose transporter  [Source:UniProtKB/TrEMBL;Acc:A0A8J2M4R6],Cercopithifilaria johnstoni (PRJEB47283),protein_coding,cejohnprjeb47283
CJOHNSTONI_LOCUS519,rna-CJOHNSTONI_LOCUS519,396,protein_coding,HMG box domain-containing protein  [Source:UniProtKB/TrEMBL;Acc:A0A8J2PPM9],Cercopithifilaria johnstoni (PRJEB47283),protein_coding,cejohnprjeb47283
CJOHNSTONI_LOCUS2691,rna-CJOHNSTONI_LOCUS2691,263,protein_coding,Rho-GAP domain-containing protein  [Source:UniProtKB/TrEMBL;Acc:A0A8J2LYF6],Cercopithifilaria johnstoni (PRJEB47283),protein_coding,cejohnprjeb47283
CJOHNSTONI_LOCUS7443,rna-CJOHNSTONI_LOCUS7443,201,protein_coding,,Cercopithifilaria johnstoni (PRJEB47283),protein_coding,cejohnprjeb47283
CJOHNSTONI_LOCUS7468,rna-CJOHNSTONI_LOCUS7468,188,protein_coding,Autophagy-related protein  [Source:UniProtKB/TrEMBL;Acc:A0A8J2MRL5],Cercopithifilaria johnstoni (PRJEB47283),protein_coding,cejohnprjeb47283
CJOHNSTONI_LOCUS5308,rna-CJOHNSTONI_LOCUS5308,181,protein_coding,BHLH domain-containing protein  [Source:UniProtKB/TrEMBL;Acc:A0A8J2PTQ7],Cercopithifilaria johnstoni (PRJEB47283),protein_coding,cejohnprjeb47283
CJOHNSTONI_LOCUS5801,rna-CJOHNSTONI_LOCUS5801,175,protein_coding,,Cercopithifilaria johnstoni (PRJEB47283),protein_coding,cejohnprjeb47283
CJOHNSTONI_LOCUS10196,rna-CJOHNSTONI_LOCUS10196,2075,protein_coding,BRCT domain-containing protein  [Source:UniProtKB/TrEMBL;Acc:A0A8J2MDC4],Cercopithifilaria johnstoni (PRJEB47283),protein_coding,cejohnprjeb47283
CJOHNSTONI_LOCUS937,rna-CJOHNSTONI_LOCUS937,243,protein_coding,Chloride channel protein  [Source:UniProtKB/TrEMBL;Acc:A0A8J2PPY8],Cercopithifilaria johnstoni (PRJEB47283),protein_coding,cejohnprjeb47283
CJOHNSTONI_LOCUS1255,rna-CJOHNSTONI_LOCUS1255-2,185,protein_coding,Protein-tyrosine phosphatase  [Source:UniProtKB/TrEMBL;Acc:A0A8J2LX08],Cercopithifilaria johnstoni (PRJEB47283),protein_coding,cejohnprjeb47283
CJOHNSTONI_LOCUS3983,rna-CJOHNSTONI_LOCUS3983,232,protein_coding,G_PROTEIN_RECEP_F1_2 domain-containing protein  [Source:UniProtKB/TrEMBL;Acc:A0A8J2LUZ3],Cercopithifilaria johnstoni (PRJEB47283),protein_coding,cejohnprjeb47283
CJOHNSTONI_LOCUS432,rna-CJOHNSTONI_LOCUS432,251,protein_coding,AAA domain-containing protein  [Source:UniProtKB/TrEMBL;Acc:A0A8J2LYN7],Cercopithifilaria johnstoni (PRJEB47283),protein_coding,cejohnprjeb47283
CJOHNSTONI_LOCUS1642,rna-CJOHNSTONI_LOCUS1642,250,protein_coding,PDZ domain-containing protein  [Source:UniProtKB/TrEMBL;Acc:A0A8J2M161],Cercopithifilaria johnstoni (PRJEB47283),protein_coding,cejohnprjeb47283
CJOHNSTONI_LOCUS6964,rna-CJOHNSTONI_LOCUS6964,238,protein_coding,Transporter  [Source:UniProtKB/TrEMBL;Acc:A0A8J2M737],Cercopithifilaria johnstoni (PRJEB47283),protein_coding,cejohnprjeb47283
CJOHNSTONI_LOCUS7771,rna-CJOHNSTONI_LOCUS7771,293,protein_coding,E3 ubiquitin protein ligase  [Source:UniProtKB/TrEMBL;Acc:A0A8J2MBS7],Cercopithifilaria johnstoni (PRJEB47283),protein_coding,cejohnprjeb47283
CJOHNSTONI_LOCUS9326,rna-CJOHNSTONI_LOCUS9326,175,protein_coding,Secreted protein  [Source:UniProtKB/TrEMBL;Acc:A0A8J2M5B3],Cercopithifilaria johnstoni (PRJEB47283),protein_coding,cejohnprjeb47283
CJOHNSTONI_LOCUS7136,rna-CJOHNSTONI_LOCUS7136,172,protein_coding,Odv-ec43  [Source:UniProtKB/TrEMBL;Acc:A0A8J2M7D6],Cercopithifilaria johnstoni (PRJEB47283),protein_coding,cejohnprjeb47283
CJOHNSTONI_LOCUS5886,rna-CJOHNSTONI_LOCUS5886,133,protein_coding,,Cercopithifilaria johnstoni (PRJEB47283),protein_coding,cejohnprjeb47283
CJOHNSTONI_LOCUS143,rna-CJOHNSTONI_LOCUS143-2,1671,protein_coding,CRIB domain-containing protein  [Source:UniProtKB/TrEMBL;Acc:A0A8J2LVB1],Cercopithifilaria johnstoni (PRJEB47283),protein_coding,cejohnprjeb47283
CJOHNSTONI_LOCUS5228,rna-CJOHNSTONI_LOCUS5228,258,protein_coding,MSP domain-containing protein  [Source:UniProtKB/TrEMBL;Acc:A0A8J2M4U6],Cercopithifilaria johnstoni (PRJEB47283),protein_coding,cejohnprjeb47283
CJOHNSTONI_LOCUS6801,rna-CJOHNSTONI_LOCUS6801,460,protein_coding,BPTI/Kunitz inhibitor domain-containing protein  [Source:UniProtKB/TrEMBL;Acc:A0A8J2M9X8],Cercopithifilaria johnstoni (PRJEB47283),protein_coding,cejohnprjeb47283
CJOHNSTONI_LOCUS2090,rna-CJOHNSTONI_LOCUS2090,123,protein_coding,Secreted protein  [Source:UniProtKB/TrEMBL;Acc:A0A8J2LZ40],Cercopithifilaria johnstoni (PRJEB47283),protein_coding,cejohnprjeb47283
CJOHNSTONI_LOCUS6052,rna-CJOHNSTONI_LOCUS6052,507,protein_coding,tRNA-intron lyase  [Source:UniProtKB/TrEMBL;Acc:A0A8J2MPU9],Cercopithifilaria johnstoni (PRJEB47283),protein_coding,cejohnprjeb47283
CJOHNSTONI_LOCUS391,rna-CJOHNSTONI_LOCUS391,306,protein_coding,Cell cycle checkpoint protein RAD17  [Source:UniProtKB/TrEMBL;Acc:A0A8J2MHD8],Cercopithifilaria johnstoni (PRJEB47283),protein_coding,cejohnprjeb47283
CJOHNSTONI_LOCUS3594,rna-CJOHNSTONI_LOCUS3594,226,protein_coding,AAA domain-containing protein  [Source:UniProtKB/TrEMBL;Acc:A0A8J2LUA5],Cercopithifilaria johnstoni (PRJEB47283),protein_coding,cejohnprjeb47283
CJOHNSTONI_LOCUS7142,rna-CJOHNSTONI_LOCUS7142,440,protein_coding,Thyroid receptor-interacting protein 11  [Source:UniProtKB/TrEMBL;Acc:A0A8J2M7V7],Cercopithifilaria johnstoni (PRJEB47283),protein_coding,cejohnprjeb47283
CJOHNSTONI_LOCUS9252,rna-CJOHNSTONI_LOCUS9252,215,protein_coding,Ras-related protein Rab-18  [Source:UniProtKB/TrEMBL;Acc:A0A8J2Q3R4],Cercopithifilaria johnstoni (PRJEB47283),protein_coding,cejohnprjeb47283
CJOHNSTONI_LOCUS4419,rna-CJOHNSTONI_LOCUS4419,245,protein_coding,Transmembrane protein  [Source:UniProtKB/TrEMBL;Acc:A0A8J2Q6W1],Cercopithifilaria johnstoni (PRJEB47283),protein_coding,cejohnprjeb47283
CJOHNSTONI_LOCUS4048,rna-CJOHNSTONI_LOCUS4048,231,protein_coding,non-specific serine/threonine protein kinase  [Source:UniProtKB/TrEMBL;Acc:A0A8J2Q6D9],Cercopithifilaria johnstoni (PRJEB47283),protein_coding,cejohnprjeb47283
CJOHNSTONI_LOCUS7756,rna-CJOHNSTONI_LOCUS7756,212,protein_coding,Uracil phosphoribosyltransferase homolog  [Source:UniProtKB/TrEMBL;Acc:A0A8J2MBR8],Cercopithifilaria johnstoni (PRJEB47283),protein_coding,cejohnprjeb47283
CJOHNSTONI_LOCUS8752,rna-CJOHNSTONI_LOCUS8752,245,protein_coding,CLASP_N domain-containing protein  [Source:UniProtKB/TrEMBL;Acc:A0A8J2PXL3],Cercopithifilaria johnstoni (PRJEB47283),protein_coding,cejohnprjeb47283
CJOHNSTONI_LOCUS6563,rna-CJOHNSTONI_LOCUS6563,211,protein_coding,PAZ domain-containing protein  [Source:UniProtKB/TrEMBL;Acc:A0A8J2PUU5],Cercopithifilaria johnstoni (PRJEB47283),protein_coding,cejohnprjeb47283
CJOHNSTONI_LOCUS6666,rna-CJOHNSTONI_LOCUS6666,267,protein_coding,Ras-related protein Rab-39B  [Source:UniProtKB/TrEMBL;Acc:A0A8J2M7Y1],Cercopithifilaria johnstoni (PRJEB47283),protein_coding,cejohnprjeb47283
CJOHNSTONI_LOCUS10117,rna-CJOHNSTONI_LOCUS10117,210,protein_coding,Copper transport protein  [Source:UniProtKB/TrEMBL;Acc:A0A8J2MGU3],Cercopithifilaria johnstoni (PRJEB47283),protein_coding,cejohnprjeb47283
CJOHNSTONI_LOCUS6564,rna-CJOHNSTONI_LOCUS6564,441,protein_coding,"Beta-1,4-N-acetylgalactosaminyltransferase  [Source:UniProtKB/TrEMBL;Acc:A0A8J2Q577]",Cercopithifilaria johnstoni (PRJEB47283),protein_coding,cejohnprjeb47283
CJOHNSTONI_LOCUS485,rna-CJOHNSTONI_LOCUS485,250,protein_coding,acidPPc domain-containing protein  [Source:UniProtKB/TrEMBL;Acc:A0A8J2MHI9],Cercopithifilaria johnstoni (PRJEB47283),protein_coding,cejohnprjeb47283
CJOHNSTONI_LOCUS4142,rna-CJOHNSTONI_LOCUS4142,220,protein_coding,Rho-GAP domain-containing protein  [Source:UniProtKB/TrEMBL;Acc:A0A8J2M594],Cercopithifilaria johnstoni (PRJEB47283),protein_coding,cejohnprjeb47283
CJOHNSTONI_LOCUS9954,rna-CJOHNSTONI_LOCUS9954,302,protein_coding,G2/mitotic-specific cyclin-B3  [Source:UniProtKB/TrEMBL;Acc:A0A8J2MEI4],Cercopithifilaria johnstoni (PRJEB47283),protein_coding,cejohnprjeb47283
CJOHNSTONI_LOCUS10551,rna-CJOHNSTONI_LOCUS10551,255,protein_coding,Slit  [Source:UniProtKB/TrEMBL;Acc:A0A8J2Q4U1],Cercopithifilaria johnstoni (PRJEB47283),protein_coding,cejohnprjeb47283
CJOHNSTONI_LOCUS3136,rna-CJOHNSTONI_LOCUS3136,241,protein_coding,PINc domain-containing protein  [Source:UniProtKB/TrEMBL;Acc:A0A8J2LT56],Cercopithifilaria johnstoni (PRJEB47283),protein_coding,cejohnprjeb47283
CJOHNSTONI_LOCUS6268,rna-CJOHNSTONI_LOCUS6268,256,protein_coding,Deacetylase sirtuin-type domain-containing protein  [Source:UniProtKB/TrEMBL;Acc:A0A8J2M5R4],Cercopithifilaria johnstoni (PRJEB47283),protein_coding,cejohnprjeb47283
CJOHNSTONI_LOCUS80,rna-CJOHNSTONI_LOCUS80,245,protein_coding,Proteasome subunit alpha type  [Source:UniProtKB/TrEMBL;Acc:A0A8J2Q7W0],Cercopithifilaria johnstoni (PRJEB47283),protein_coding,cejohnprjeb47283
CJOHNSTONI_LOCUS10477,rna-CJOHNSTONI_LOCUS10477,237,protein_coding,JmjC domain-containing protein  [Source:UniProtKB/TrEMBL;Acc:A0A8J2MGH8],Cercopithifilaria johnstoni (PRJEB47283),protein_coding,cejohnprjeb47283
CJOHNSTONI_LOCUS2152,rna-CJOHNSTONI_LOCUS2152,229,protein_coding,E3 ubiquitin-protein ligase E3D  [Source:UniProtKB/TrEMBL;Acc:A0A8J2PR41],Cercopithifilaria johnstoni (PRJEB47283),protein_coding,cejohnprjeb47283
CJOHNSTONI_LOCUS1073,rna-CJOHNSTONI_LOCUS1073,218,protein_coding,Glutamate receptor 1  [Source:UniProtKB/TrEMBL;Acc:A0A8J2LV77],Cercopithifilaria johnstoni (PRJEB47283),protein_coding,cejohnprjeb47283
CJOHNSTONI_LOCUS2607,rna-CJOHNSTONI_LOCUS2607,211,protein_coding,THO complex subunit 5  [Source:UniProtKB/TrEMBL;Acc:A0A8J2LPU6],Cercopithifilaria johnstoni (PRJEB47283),protein_coding,cejohnprjeb47283
CJOHNSTONI_LOCUS7574,rna-CJOHNSTONI_LOCUS7574,210,protein_coding,Lipase maturation factor  [Source:UniProtKB/TrEMBL;Acc:A0A8J2MRL3],Cercopithifilaria johnstoni (PRJEB47283),protein_coding,cejohnprjeb47283
CJOHNSTONI_LOCUS10413,rna-CJOHNSTONI_LOCUS10413,204,protein_coding,,Cercopithifilaria johnstoni (PRJEB47283),protein_coding,cejohnprjeb47283
CJOHNSTONI_LOCUS9612,rna-CJOHNSTONI_LOCUS9612,200,protein_coding,Tyrosine-protein phosphatase domain-containing protein  [Source:UniProtKB/TrEMBL;Acc:A0A8J2Q991],Cercopithifilaria johnstoni (PRJEB47283),protein_coding,cejohnprjeb47283
CJOHNSTONI_LOCUS9332,rna-CJOHNSTONI_LOCUS9332,259,protein_coding,ANK_REP_REGION domain-containing protein  [Source:UniProtKB/TrEMBL;Acc:A0A8J2MDE4],Cercopithifilaria johnstoni (PRJEB47283),protein_coding,cejohnprjeb47283
CJOHNSTONI_LOCUS9951,rna-CJOHNSTONI_LOCUS9951,215,protein_coding,AAA_28 domain-containing protein  [Source:UniProtKB/TrEMBL;Acc:A0A8J2MGI9],Cercopithifilaria johnstoni (PRJEB47283),protein_coding,cejohnprjeb47283
CJOHNSTONI_LOCUS9944,rna-CJOHNSTONI_LOCUS9944,192,protein_coding,VASt domain-containing protein  [Source:UniProtKB/TrEMBL;Acc:A0A8J2Q4A8],Cercopithifilaria johnstoni (PRJEB47283),protein_coding,cejohnprjeb47283
CJOHNSTONI_LOCUS2058,rna-CJOHNSTONI_LOCUS2058,240,protein_coding,Piezo_RRas_bdg domain-containing protein  [Source:UniProtKB/TrEMBL;Acc:A0A8J2M1T6],Cercopithifilaria johnstoni (PRJEB47283),protein_coding,cejohnprjeb47283
CJOHNSTONI_LOCUS2719,rna-CJOHNSTONI_LOCUS2719,191,protein_coding,ER membrane protein complex subunit 2  [Source:UniProtKB/TrEMBL;Acc:A0A8J2LYG7],Cercopithifilaria johnstoni (PRJEB47283),protein_coding,cejohnprjeb47283
CJOHNSTONI_LOCUS8891,rna-CJOHNSTONI_LOCUS8891,163,protein_coding,LAM_G_DOMAIN domain-containing protein  [Source:UniProtKB/TrEMBL;Acc:A0A8J2Q6L5],Cercopithifilaria johnstoni (PRJEB47283),protein_coding,cejohnprjeb47283
CJOHNSTONI_LOCUS8786,rna-CJOHNSTONI_LOCUS8786,311,protein_coding,Histone H4  [Source:UniProtKB/TrEMBL;Acc:A0A8J2M4A2],Cercopithifilaria johnstoni (PRJEB47283),protein_coding,cejohnprjeb47283
CJOHNSTONI_LOCUS2156,rna-CJOHNSTONI_LOCUS2156,217,protein_coding,Alkylglycerone-phosphate synthase  [Source:UniProtKB/TrEMBL;Acc:A0A8J2LP41],Cercopithifilaria johnstoni (PRJEB47283),protein_coding,cejohnprjeb47283
CJOHNSTONI_LOCUS6167,rna-CJOHNSTONI_LOCUS6167,235,protein_coding,Protein-tyrosine phosphatase  [Source:UniProtKB/TrEMBL;Acc:A0A8J2Q4W6],Cercopithifilaria johnstoni (PRJEB47283),protein_coding,cejohnprjeb47283
CJOHNSTONI_LOCUS7883,rna-CJOHNSTONI_LOCUS7883,222,protein_coding,Myosin motor domain-containing protein  [Source:UniProtKB/TrEMBL;Acc:A0A8J2MAQ8],Cercopithifilaria johnstoni (PRJEB47283),protein_coding,cejohnprjeb47283
CJOHNSTONI_LOCUS5382,rna-CJOHNSTONI_LOCUS5382,218,protein_coding,Protein kinase domain-containing protein  [Source:UniProtKB/TrEMBL;Acc:A0A8J2M778],Cercopithifilaria johnstoni (PRJEB47283),protein_coding,cejohnprjeb47283
CJOHNSTONI_LOCUS5810,rna-CJOHNSTONI_LOCUS5810,189,protein_coding,Transcription factor HNF-4 homolog  [Source:UniProtKB/TrEMBL;Acc:A0A8J2MPI8],Cercopithifilaria johnstoni (PRJEB47283),protein_coding,cejohnprjeb47283
CJOHNSTONI_LOCUS1293,rna-CJOHNSTONI_LOCUS1293,160,protein_coding,Protein kinase C theta type  [Source:UniProtKB/TrEMBL;Acc:A0A8J2M0T8],Cercopithifilaria johnstoni (PRJEB47283),protein_coding,cejohnprjeb47283
CJOHNSTONI_LOCUS6587,rna-CJOHNSTONI_LOCUS6587,159,protein_coding,Pre-mRNA-splicing factor 38  [Source:UniProtKB/TrEMBL;Acc:A0A8J2M789],Cercopithifilaria johnstoni (PRJEB47283),protein_coding,cejohnprjeb47283
CJOHNSTONI_LOCUS10230,rna-CJOHNSTONI_LOCUS10230,149,protein_coding,lysozyme  [Source:UniProtKB/TrEMBL;Acc:A0A8J2PYY1],Cercopithifilaria johnstoni (PRJEB47283),protein_coding,cejohnprjeb47283
CJOHNSTONI_LOCUS6523,rna-CJOHNSTONI_LOCUS6523,139,protein_coding,SSXT domain-containing protein  [Source:UniProtKB/TrEMBL;Acc:A0A8J2Q1N9],Cercopithifilaria johnstoni (PRJEB47283),protein_coding,cejohnprjeb47283
CJOHNSTONI_LOCUS8669,rna-CJOHNSTONI_LOCUS8669,137,protein_coding,SPK domain-containing protein  [Source:UniProtKB/TrEMBL;Acc:A0A8J2ME15],Cercopithifilaria johnstoni (PRJEB47283),protein_coding,cejohnprjeb47283
CJOHNSTONI_LOCUS957,rna-CJOHNSTONI_LOCUS957,118,protein_coding,Adenylate kinase  [Source:UniProtKB/TrEMBL;Acc:A0A8J2MJ51],Cercopithifilaria johnstoni (PRJEB47283),protein_coding,cejohnprjeb47283
CJOHNSTONI_LOCUS4126,rna-CJOHNSTONI_LOCUS4126,353,protein_coding,Frizzled-4  [Source:UniProtKB/TrEMBL;Acc:A0A8J2MM88],Cercopithifilaria johnstoni (PRJEB47283),protein_coding,cejohnprjeb47283
CJOHNSTONI_LOCUS7179,rna-CJOHNSTONI_LOCUS7179,113,protein_coding,PRESAN domain-containing protein  [Source:UniProtKB/TrEMBL;Acc:A0A8J2M996],Cercopithifilaria johnstoni (PRJEB47283),protein_coding,cejohnprjeb47283
CJOHNSTONI_LOCUS9173,rna-CJOHNSTONI_LOCUS9173,191,protein_coding,phosphatidylserine decarboxylase  [Source:UniProtKB/TrEMBL;Acc:A0A8J2M500],Cercopithifilaria johnstoni (PRJEB47283),protein_coding,cejohnprjeb47283
CJOHNSTONI_LOCUS8658,rna-CJOHNSTONI_LOCUS8658,184,protein_coding,MNNL domain-containing protein  [Source:UniProtKB/TrEMBL;Acc:A0A8J2MAS2],Cercopithifilaria johnstoni (PRJEB47283),protein_coding,cejohnprjeb47283
CJOHNSTONI_LOCUS9219,rna-CJOHNSTONI_LOCUS9219,168,protein_coding,Transthyretin-like family protein  [Source:UniProtKB/TrEMBL;Acc:A0A8J2MBT3],Cercopithifilaria johnstoni (PRJEB47283),protein_coding,cejohnprjeb47283
CJOHNSTONI_LOCUS8906,rna-CJOHNSTONI_LOCUS8906,1094,protein_coding,Gastrula zinc finger protein XlCGF7.1-like  [Source:UniProtKB/TrEMBL;Acc:A0A8J2Q8Y8],Cercopithifilaria johnstoni (PRJEB47283),protein_coding,cejohnprjeb47283
CJOHNSTONI_LOCUS9895,rna-CJOHNSTONI_LOCUS9895,161,protein_coding,,Cercopithifilaria johnstoni (PRJEB47283),protein_coding,cejohnprjeb47283
CJOHNSTONI_LOCUS4941,rna-CJOHNSTONI_LOCUS4941,110,protein_coding,Myeloid leukemia factor 1  [Source:UniProtKB/TrEMBL;Acc:A0A8J2M470],Cercopithifilaria johnstoni (PRJEB47283),protein_coding,cejohnprjeb47283
CJOHNSTONI_LOCUS8060,rna-CJOHNSTONI_LOCUS8060,257,protein_coding,RAB3GAP2_N domain-containing protein  [Source:UniProtKB/TrEMBL;Acc:A0A8J2MAL9],Cercopithifilaria johnstoni (PRJEB47283),protein_coding,cejohnprjeb47283
CJOHNSTONI_LOCUS7234,rna-CJOHNSTONI_LOCUS7234,254,protein_coding,Zinc transporter ZIP1  [Source:UniProtKB/TrEMBL;Acc:A0A8J2M8M2],Cercopithifilaria johnstoni (PRJEB47283),protein_coding,cejohnprjeb47283
CJOHNSTONI_LOCUS9631,rna-CJOHNSTONI_LOCUS9631,254,protein_coding,,Cercopithifilaria johnstoni (PRJEB47283),protein_coding,cejohnprjeb47283
CJOHNSTONI_LOCUS6353,rna-CJOHNSTONI_LOCUS6353,665,protein_coding,Chloride channel CLIC-like protein 1  [Source:UniProtKB/TrEMBL;Acc:A0A8J2Q7Y8],Cercopithifilaria johnstoni (PRJEB47283),protein_coding,cejohnprjeb47283
CJOHNSTONI_LOCUS4113,rna-CJOHNSTONI_LOCUS4113,234,protein_coding,Ligand-gated ion channel 50  [Source:UniProtKB/TrEMBL;Acc:A0A8J2M582],Cercopithifilaria johnstoni (PRJEB47283),protein_coding,cejohnprjeb47283
CJOHNSTONI_LOCUS6683,rna-CJOHNSTONI_LOCUS6683,189,protein_coding,Ku domain-containing protein  [Source:UniProtKB/TrEMBL;Acc:A0A8J2Q865],Cercopithifilaria johnstoni (PRJEB47283),protein_coding,cejohnprjeb47283
CJOHNSTONI_LOCUS10314,rna-CJOHNSTONI_LOCUS10314,173,protein_coding,Nucleoporin_N domain-containing protein  [Source:UniProtKB/TrEMBL;Acc:A0A8J2QBA5],Cercopithifilaria johnstoni (PRJEB47283),protein_coding,cejohnprjeb47283
CJOHNSTONI_LOCUS3786,rna-CJOHNSTONI_LOCUS3786,338,protein_coding,ENTH domain-containing protein  [Source:UniProtKB/TrEMBL;Acc:A0A8J2Q2S1],Cercopithifilaria johnstoni (PRJEB47283),protein_coding,cejohnprjeb47283
CJOHNSTONI_LOCUS3744,rna-CJOHNSTONI_LOCUS3744,238,protein_coding,ERCC4 domain-containing protein  [Source:UniProtKB/TrEMBL;Acc:A0A8J2LUJ3],Cercopithifilaria johnstoni (PRJEB47283),protein_coding,cejohnprjeb47283
CJOHNSTONI_LOCUS1070,rna-CJOHNSTONI_LOCUS1070,452,protein_coding,Zinc finger protein  [Source:UniProtKB/TrEMBL;Acc:A0A8J2MJA8],Cercopithifilaria johnstoni (PRJEB47283),protein_coding,cejohnprjeb47283
CJOHNSTONI_LOCUS9810,rna-CJOHNSTONI_LOCUS9810,637,protein_coding,Zinc finger protein  [Source:UniProtKB/TrEMBL;Acc:A0A8J2QB68],Cercopithifilaria johnstoni (PRJEB47283),protein_coding,cejohnprjeb47283
CJOHNSTONI_LOCUS55,rna-CJOHNSTONI_LOCUS55,230,protein_coding,,Cercopithifilaria johnstoni (PRJEB47283),protein_coding,cejohnprjeb47283
CJOHNSTONI_LOCUS364,rna-CJOHNSTONI_LOCUS364,221,protein_coding,Serine/threonine-protein phosphatase  [Source:UniProtKB/TrEMBL;Acc:A0A8J2Q818],Cercopithifilaria johnstoni (PRJEB47283),protein_coding,cejohnprjeb47283
CJOHNSTONI_LOCUS1714,rna-CJOHNSTONI_LOCUS1714,187,protein_coding,DUF3707 domain-containing protein  [Source:UniProtKB/TrEMBL;Acc:A0A8J2MK30],Cercopithifilaria johnstoni (PRJEB47283),protein_coding,cejohnprjeb47283
CJOHNSTONI_LOCUS8563,rna-CJOHNSTONI_LOCUS8563,140,protein_coding,,Cercopithifilaria johnstoni (PRJEB47283),protein_coding,cejohnprjeb47283
CJOHNSTONI_LOCUS1903,rna-CJOHNSTONI_LOCUS1903,273,protein_coding,Glyco_trans_2-like domain-containing protein  [Source:UniProtKB/TrEMBL;Acc:A0A8J2Q146],Cercopithifilaria johnstoni (PRJEB47283),protein_coding,cejohnprjeb47283
CJOHNSTONI_LOCUS3690,rna-CJOHNSTONI_LOCUS3690,126,protein_coding,Secreted protein  [Source:UniProtKB/TrEMBL;Acc:A0A8J2Q2P5],Cercopithifilaria johnstoni (PRJEB47283),protein_coding,cejohnprjeb47283
CJOHNSTONI_LOCUS2680,rna-CJOHNSTONI_LOCUS2680,157,protein_coding,,Cercopithifilaria johnstoni (PRJEB47283),protein_coding,cejohnprjeb47283
CJOHNSTONI_LOCUS6785,rna-CJOHNSTONI_LOCUS6785,190,protein_coding,Spindle and kinetochore-associated protein 3  [Source:UniProtKB/TrEMBL;Acc:A0A8J2MQR2],Cercopithifilaria johnstoni (PRJEB47283),protein_coding,cejohnprjeb47283
CJOHNSTONI_LOCUS6962,rna-CJOHNSTONI_LOCUS6962,222,protein_coding,ShKT domain-containing protein  [Source:UniProtKB/TrEMBL;Acc:A0A8J2M0S0],Cercopithifilaria johnstoni (PRJEB47283),protein_coding,cejohnprjeb47283
CJOHNSTONI_LOCUS10017,rna-CJOHNSTONI_LOCUS10017,215,protein_coding,DB domain-containing protein  [Source:UniProtKB/TrEMBL;Acc:A0A8J2M7E5],Cercopithifilaria johnstoni (PRJEB47283),protein_coding,cejohnprjeb47283
CJOHNSTONI_LOCUS9719,rna-CJOHNSTONI_LOCUS9719,121,protein_coding,Glyco_transf_64 domain-containing protein  [Source:UniProtKB/TrEMBL;Acc:A0A8J2ME41],Cercopithifilaria johnstoni (PRJEB47283),protein_coding,cejohnprjeb47283
CJOHNSTONI_LOCUS10133,rna-CJOHNSTONI_LOCUS10133,325,protein_coding,G_PROTEIN_RECEP_F1_2 domain-containing protein  [Source:UniProtKB/TrEMBL;Acc:A0A8J2MEV3],Cercopithifilaria johnstoni (PRJEB47283),protein_coding,cejohnprjeb47283
CJOHNSTONI_LOCUS3866,rna-CJOHNSTONI_LOCUS3866,174,protein_coding,SEA domain-containing protein  [Source:UniProtKB/TrEMBL;Acc:A0A8J2Q646],Cercopithifilaria johnstoni (PRJEB47283),protein_coding,cejohnprjeb47283
CJOHNSTONI_LOCUS6173,rna-CJOHNSTONI_LOCUS6173,149,protein_coding,rRNA adenine N(6)-methyltransferase  [Source:UniProtKB/TrEMBL;Acc:A0A8J2MQ04],Cercopithifilaria johnstoni (PRJEB47283),protein_coding,cejohnprjeb47283
CJOHNSTONI_LOCUS548,rna-CJOHNSTONI_LOCUS548,326,protein_coding,Endoribonuclease  [Source:UniProtKB/TrEMBL;Acc:A0A8J2PPN6],Cercopithifilaria johnstoni (PRJEB47283),protein_coding,cejohnprjeb47283
CJOHNSTONI_LOCUS5036,rna-CJOHNSTONI_LOCUS5036,293,protein_coding,Golgi apparatus protein 1  [Source:UniProtKB/TrEMBL;Acc:A0A8J2M4D0],Cercopithifilaria johnstoni (PRJEB47283),protein_coding,cejohnprjeb47283
CJOHNSTONI_LOCUS5756,rna-CJOHNSTONI_LOCUS5756,266,protein_coding,Zinc transporter 6  [Source:UniProtKB/TrEMBL;Acc:A0A8J2M6C5],Cercopithifilaria johnstoni (PRJEB47283),protein_coding,cejohnprjeb47283
CJOHNSTONI_LOCUS6503,rna-CJOHNSTONI_LOCUS6503,329,protein_coding,C2H2-type domain-containing protein  [Source:UniProtKB/TrEMBL;Acc:A0A8J2M7J3],Cercopithifilaria johnstoni (PRJEB47283),protein_coding,cejohnprjeb47283
CJOHNSTONI_LOCUS3792,rna-CJOHNSTONI_LOCUS3792,159,protein_coding,Anoctamin  [Source:UniProtKB/TrEMBL;Acc:A0A8J2M4N8],Cercopithifilaria johnstoni (PRJEB47283),protein_coding,cejohnprjeb47283
CJOHNSTONI_LOCUS851,rna-CJOHNSTONI_LOCUS851,201,protein_coding,Septin  [Source:UniProtKB/TrEMBL;Acc:A0A8J2LWR7],Cercopithifilaria johnstoni (PRJEB47283),protein_coding,cejohnprjeb47283
CJOHNSTONI_LOCUS5169,rna-CJOHNSTONI_LOCUS5169,150,protein_coding,ADAMTS_CR_3 domain-containing protein  [Source:UniProtKB/TrEMBL;Acc:A0A8J2MNH5],Cercopithifilaria johnstoni (PRJEB47283),protein_coding,cejohnprjeb47283
CJOHNSTONI_LOCUS6155,rna-CJOHNSTONI_LOCUS6155,229,protein_coding,Bardet-Biedl syndrome 7 protein homolog  [Source:UniProtKB/TrEMBL;Acc:A0A8J2Q1C7],Cercopithifilaria johnstoni (PRJEB47283),protein_coding,cejohnprjeb47283
CJOHNSTONI_LOCUS2900,rna-CJOHNSTONI_LOCUS2900,186,protein_coding,Inhibitor I9 domain-containing protein  [Source:UniProtKB/TrEMBL;Acc:A0A8J2Q9B5],Cercopithifilaria johnstoni (PRJEB47283),protein_coding,cejohnprjeb47283
CJOHNSTONI_LOCUS6287,rna-CJOHNSTONI_LOCUS6287,178,protein_coding,,Cercopithifilaria johnstoni (PRJEB47283),protein_coding,cejohnprjeb47283
CJOHNSTONI_LOCUS1580,rna-CJOHNSTONI_LOCUS1580,147,protein_coding,Transthyretin-like family protein  [Source:UniProtKB/TrEMBL;Acc:A0A8J2Q0W1],Cercopithifilaria johnstoni (PRJEB47283),protein_coding,cejohnprjeb47283
CJOHNSTONI_LOCUS682,rna-CJOHNSTONI_LOCUS682,246,protein_coding,RRM domain-containing protein  [Source:UniProtKB/TrEMBL;Acc:A0A8J2MIH1],Cercopithifilaria johnstoni (PRJEB47283),protein_coding,cejohnprjeb47283
CJOHNSTONI_LOCUS9839,rna-CJOHNSTONI_LOCUS9839,213,protein_coding,MADF domain-containing protein  [Source:UniProtKB/TrEMBL;Acc:A0A8J2M6I6],Cercopithifilaria johnstoni (PRJEB47283),protein_coding,cejohnprjeb47283
CJOHNSTONI_LOCUS10375,rna-CJOHNSTONI_LOCUS10375,239,protein_coding,TPR_REGION domain-containing protein  [Source:UniProtKB/TrEMBL;Acc:A0A8J2MVS2],Cercopithifilaria johnstoni (PRJEB47283),protein_coding,cejohnprjeb47283
CJOHNSTONI_LOCUS2064,rna-CJOHNSTONI_LOCUS2064,195,protein_coding,R3H domain-containing protein  [Source:UniProtKB/TrEMBL;Acc:A0A8J2PR15],Cercopithifilaria johnstoni (PRJEB47283),protein_coding,cejohnprjeb47283
CJOHNSTONI_LOCUS4591,rna-CJOHNSTONI_LOCUS4591,305,protein_coding,Fanconi-associated nuclease  [Source:UniProtKB/TrEMBL;Acc:A0A8J2M1V4],Cercopithifilaria johnstoni (PRJEB47283),protein_coding,cejohnprjeb47283
CJOHNSTONI_LOCUS3320,rna-CJOHNSTONI_LOCUS3320,233,protein_coding,ABC transporter ATP-binding protein  [Source:UniProtKB/TrEMBL;Acc:A0A8J2MLU2],Cercopithifilaria johnstoni (PRJEB47283),protein_coding,cejohnprjeb47283
CJOHNSTONI_LOCUS5687,rna-CJOHNSTONI_LOCUS5687,200,protein_coding,NAC-A/B domain-containing protein  [Source:UniProtKB/TrEMBL;Acc:A0A8J2Q7K7],Cercopithifilaria johnstoni (PRJEB47283),protein_coding,cejohnprjeb47283
CJOHNSTONI_LOCUS6581,rna-CJOHNSTONI_LOCUS6581,194,protein_coding,PDZ domain-containing protein  [Source:UniProtKB/TrEMBL;Acc:A0A8J2M064],Cercopithifilaria johnstoni (PRJEB47283),protein_coding,cejohnprjeb47283
CJOHNSTONI_LOCUS9493,rna-CJOHNSTONI_LOCUS9493,199,protein_coding,Ubiquitin-like domain-containing protein  [Source:UniProtKB/TrEMBL;Acc:A0A8J2MC79],Cercopithifilaria johnstoni (PRJEB47283),protein_coding,cejohnprjeb47283
CJOHNSTONI_LOCUS8653,rna-CJOHNSTONI_LOCUS8653,186,protein_coding,DNA replication complex GINS protein PSF1  [Source:UniProtKB/TrEMBL;Acc:A0A8J2MT55],Cercopithifilaria johnstoni (PRJEB47283),protein_coding,cejohnprjeb47283
CJOHNSTONI_LOCUS10557,rna-CJOHNSTONI_LOCUS10557,187,protein_coding,Sphingosine-1-phosphate lyase  [Source:UniProtKB/TrEMBL;Acc:A0A8J2MG67],Cercopithifilaria johnstoni (PRJEB47283),protein_coding,cejohnprjeb47283
CJOHNSTONI_LOCUS9064,rna-CJOHNSTONI_LOCUS9064,185,protein_coding,Regulator of microtubule dynamics protein 1  [Source:UniProtKB/TrEMBL;Acc:A0A8J2MBB5],Cercopithifilaria johnstoni (PRJEB47283),protein_coding,cejohnprjeb47283
CJOHNSTONI_LOCUS6719,rna-CJOHNSTONI_LOCUS6719,222,protein_coding,C2H2-type domain-containing protein  [Source:UniProtKB/TrEMBL;Acc:A0A8J2M826],Cercopithifilaria johnstoni (PRJEB47283),protein_coding,cejohnprjeb47283
CJOHNSTONI_LOCUS10095,rna-CJOHNSTONI_LOCUS10095,189,protein_coding,FHA domain-containing protein  [Source:UniProtKB/TrEMBL;Acc:A0A8J2Q7A3],Cercopithifilaria johnstoni (PRJEB47283),protein_coding,cejohnprjeb47283
CJOHNSTONI_LOCUS9259,rna-CJOHNSTONI_LOCUS9259,161,protein_coding,Lipocln_cytosolic_FA-bd_dom domain-containing protein  [Source:UniProtKB/TrEMBL;Acc:A0A8J2MDA2],Cercopithifilaria johnstoni (PRJEB47283),protein_coding,cejohnprjeb47283
CJOHNSTONI_LOCUS2163,rna-CJOHNSTONI_LOCUS2163,394,protein_coding,Protein kinase domain-containing protein  [Source:UniProtKB/TrEMBL;Acc:A0A8J2LX17],Cercopithifilaria johnstoni (PRJEB47283),protein_coding,cejohnprjeb47283
CJOHNSTONI_LOCUS7770,rna-CJOHNSTONI_LOCUS7770,334,protein_coding,Calponin-homology (CH) domain-containing protein  [Source:UniProtKB/TrEMBL;Acc:A0A8J2MS65],Cercopithifilaria johnstoni (PRJEB47283),protein_coding,cejohnprjeb47283
CJOHNSTONI_LOCUS3294,rna-CJOHNSTONI_LOCUS3294,489,protein_coding,Cysteine rich repeat-containing domain protein  [Source:UniProtKB/TrEMBL;Acc:A0A8J2MLT6],Cercopithifilaria johnstoni (PRJEB47283),protein_coding,cejohnprjeb47283
CJOHNSTONI_LOCUS8889,rna-CJOHNSTONI_LOCUS8889,455,protein_coding,XH domain-containing protein  [Source:UniProtKB/TrEMBL;Acc:A0A8J2Q8Y6],Cercopithifilaria johnstoni (PRJEB47283),protein_coding,cejohnprjeb47283
CJOHNSTONI_LOCUS10131,rna-CJOHNSTONI_LOCUS10131,330,protein_coding,Bm1941  [Source:UniProtKB/TrEMBL;Acc:A0A8J2MGV0],Cercopithifilaria johnstoni (PRJEB47283),protein_coding,cejohnprjeb47283
CJOHNSTONI_LOCUS8124,rna-CJOHNSTONI_LOCUS8124,299,protein_coding,Zinc finger protein  [Source:UniProtKB/TrEMBL;Acc:A0A8J2M2G9],Cercopithifilaria johnstoni (PRJEB47283),protein_coding,cejohnprjeb47283
CJOHNSTONI_LOCUS7919,rna-CJOHNSTONI_LOCUS7919,354,protein_coding,Nuclear transcription factor Y subunit  [Source:UniProtKB/TrEMBL;Acc:A0A8J2M2R9],Cercopithifilaria johnstoni (PRJEB47283),protein_coding,cejohnprjeb47283
CJOHNSTONI_LOCUS7636,rna-CJOHNSTONI_LOCUS7636,256,protein_coding,TIP120 domain-containing protein  [Source:UniProtKB/TrEMBL;Acc:A0A8J2Q5Z9],Cercopithifilaria johnstoni (PRJEB47283),protein_coding,cejohnprjeb47283
CJOHNSTONI_LOCUS5747,rna-CJOHNSTONI_LOCUS5747,682,protein_coding,CbiG_C domain-containing protein  [Source:UniProtKB/TrEMBL;Acc:A0A8J2Q4K5],Cercopithifilaria johnstoni (PRJEB47283),protein_coding,cejohnprjeb47283
CJOHNSTONI_LOCUS7904,rna-CJOHNSTONI_LOCUS7904,387,protein_coding,,Cercopithifilaria johnstoni (PRJEB47283),protein_coding,cejohnprjeb47283
CJOHNSTONI_LOCUS6190,rna-CJOHNSTONI_LOCUS6190,269,protein_coding,Aquaporin  [Source:UniProtKB/TrEMBL;Acc:A0A8J2M6X1],Cercopithifilaria johnstoni (PRJEB47283),protein_coding,cejohnprjeb47283
CJOHNSTONI_LOCUS6853,rna-CJOHNSTONI_LOCUS6853,287,protein_coding,RRM domain-containing protein  [Source:UniProtKB/TrEMBL;Acc:A0A8J2M145],Cercopithifilaria johnstoni (PRJEB47283),protein_coding,cejohnprjeb47283
CJOHNSTONI_LOCUS7631,rna-CJOHNSTONI_LOCUS7631,252,protein_coding,ER lumen protein-retaining receptor  [Source:UniProtKB/TrEMBL;Acc:A0A8J2MA97],Cercopithifilaria johnstoni (PRJEB47283),protein_coding,cejohnprjeb47283
CJOHNSTONI_LOCUS7412,rna-CJOHNSTONI_LOCUS7412,214,protein_coding,Potassium channel subfamily K member 18  [Source:UniProtKB/TrEMBL;Acc:A0A8J2Q5T5],Cercopithifilaria johnstoni (PRJEB47283),protein_coding,cejohnprjeb47283
CJOHNSTONI_LOCUS4321,rna-CJOHNSTONI_LOCUS4321,194,protein_coding,U6 snRNA-associated Sm-like protein LSm3  [Source:UniProtKB/TrEMBL;Acc:A0A8J2M2V7],Cercopithifilaria johnstoni (PRJEB47283),protein_coding,cejohnprjeb47283
CJOHNSTONI_LOCUS932,rna-CJOHNSTONI_LOCUS932,186,protein_coding,C2H2-type domain-containing protein  [Source:UniProtKB/TrEMBL;Acc:A0A8J2LWY5],Cercopithifilaria johnstoni (PRJEB47283),protein_coding,cejohnprjeb47283
CJOHNSTONI_LOCUS9234,rna-CJOHNSTONI_LOCUS9234,174,protein_coding,Ski_Sno domain-containing protein  [Source:UniProtKB/TrEMBL;Acc:A0A8J2Q936],Cercopithifilaria johnstoni (PRJEB47283),protein_coding,cejohnprjeb47283
CJOHNSTONI_LOCUS4426,rna-CJOHNSTONI_LOCUS4426,208,protein_coding,Glucose-6-phosphate 1-dehydrogenase  [Source:UniProtKB/TrEMBL;Acc:A0A8J2M1K5],Cercopithifilaria johnstoni (PRJEB47283),protein_coding,cejohnprjeb47283
CJOHNSTONI_LOCUS9409,rna-CJOHNSTONI_LOCUS9409,296,protein_coding,HDAg domain-containing protein  [Source:UniProtKB/TrEMBL;Acc:A0A8J2M5Q2],Cercopithifilaria johnstoni (PRJEB47283),protein_coding,cejohnprjeb47283
CJOHNSTONI_LOCUS4350,rna-CJOHNSTONI_LOCUS4350,264,protein_coding,SUZ domain-containing protein  [Source:UniProtKB/TrEMBL;Acc:A0A8J2M398],Cercopithifilaria johnstoni (PRJEB47283),protein_coding,cejohnprjeb47283
CJOHNSTONI_LOCUS5147,rna-CJOHNSTONI_LOCUS5147,218,protein_coding,DET1- and DDB1-associated protein 1  [Source:UniProtKB/TrEMBL;Acc:A0A8J2M4P9],Cercopithifilaria johnstoni (PRJEB47283),protein_coding,cejohnprjeb47283
CJOHNSTONI_LOCUS7939,rna-CJOHNSTONI_LOCUS7939,203,protein_coding,Protein eva-1 homolog C-like  [Source:UniProtKB/TrEMBL;Acc:A0A8J2M9F0],Cercopithifilaria johnstoni (PRJEB47283),protein_coding,cejohnprjeb47283
CJOHNSTONI_LOCUS815,rna-CJOHNSTONI_LOCUS815,248,protein_coding,WD_REPEATS_REGION domain-containing protein  [Source:UniProtKB/TrEMBL;Acc:A0A8J2LWY4],Cercopithifilaria johnstoni (PRJEB47283),protein_coding,cejohnprjeb47283
CJOHNSTONI_LOCUS3752,rna-CJOHNSTONI_LOCUS3752,192,protein_coding,LAGLIDADG homing endonuclease  [Source:UniProtKB/TrEMBL;Acc:A0A8J2M230],Cercopithifilaria johnstoni (PRJEB47283),protein_coding,cejohnprjeb47283
CJOHNSTONI_LOCUS2515,rna-CJOHNSTONI_LOCUS2515,312,protein_coding,Col_cuticle_N domain-containing protein  [Source:UniProtKB/TrEMBL;Acc:A0A8J2MKG3],Cercopithifilaria johnstoni (PRJEB47283),protein_coding,cejohnprjeb47283
CJOHNSTONI_LOCUS951,rna-CJOHNSTONI_LOCUS951-2,171,protein_coding,LIM zinc-binding domain-containing protein  [Source:UniProtKB/TrEMBL;Acc:A0A8J2Q0B5],Cercopithifilaria johnstoni (PRJEB47283),protein_coding,cejohnprjeb47283
CJOHNSTONI_LOCUS126,rna-CJOHNSTONI_LOCUS126,295,protein_coding,GCV_T domain-containing protein  [Source:UniProtKB/TrEMBL;Acc:A0A8J2MGZ7],Cercopithifilaria johnstoni (PRJEB47283),protein_coding,cejohnprjeb47283
CJOHNSTONI_LOCUS8761,rna-CJOHNSTONI_LOCUS8761,250,protein_coding,Major sperm protein  [Source:UniProtKB/TrEMBL;Acc:A0A8J2ME69],Cercopithifilaria johnstoni (PRJEB47283),protein_coding,cejohnprjeb47283
CJOHNSTONI_LOCUS4910,rna-CJOHNSTONI_LOCUS4910,230,protein_coding,DH domain-containing protein  [Source:UniProtKB/TrEMBL;Acc:A0A8J2LUC5],Cercopithifilaria johnstoni (PRJEB47283),protein_coding,cejohnprjeb47283
CJOHNSTONI_LOCUS8570,rna-CJOHNSTONI_LOCUS8570,491,protein_coding,Secreted protein  [Source:UniProtKB/TrEMBL;Acc:A0A8J2Q6G6],Cercopithifilaria johnstoni (PRJEB47283),protein_coding,cejohnprjeb47283
CJOHNSTONI_LOCUS2040,rna-CJOHNSTONI_LOCUS2040,371,protein_coding,receptor protein-tyrosine kinase  [Source:UniProtKB/TrEMBL;Acc:A0A8J2Q8Z3],Cercopithifilaria johnstoni (PRJEB47283),protein_coding,cejohnprjeb47283
CJOHNSTONI_LOCUS8166,rna-CJOHNSTONI_LOCUS8166,196,protein_coding,Signal recognition particle subunit SRP68  [Source:UniProtKB/TrEMBL;Acc:A0A8J2MSK7],Cercopithifilaria johnstoni (PRJEB47283),protein_coding,cejohnprjeb47283
CJOHNSTONI_LOCUS4103,rna-CJOHNSTONI_LOCUS4103,191,protein_coding,BTB/POZ domain protein  [Source:UniProtKB/TrEMBL;Acc:A0A8J2M298],Cercopithifilaria johnstoni (PRJEB47283),protein_coding,cejohnprjeb47283
CJOHNSTONI_LOCUS3240,rna-CJOHNSTONI_LOCUS3240,185,protein_coding,Interglobin  [Source:UniProtKB/TrEMBL;Acc:A0A8J2Q5E6],Cercopithifilaria johnstoni (PRJEB47283),protein_coding,cejohnprjeb47283
CJOHNSTONI_LOCUS7220,rna-CJOHNSTONI_LOCUS7220,308,protein_coding,Polypyrimidine tract-binding protein 1  [Source:UniProtKB/TrEMBL;Acc:A0A8J2M8L4],Cercopithifilaria johnstoni (PRJEB47283),protein_coding,cejohnprjeb47283
CJOHNSTONI_LOCUS1769,rna-CJOHNSTONI_LOCUS1769,176,protein_coding,CPG4 domain-containing protein  [Source:UniProtKB/TrEMBL;Acc:A0A8J2LWU0],Cercopithifilaria johnstoni (PRJEB47283),protein_coding,cejohnprjeb47283
CJOHNSTONI_LOCUS8567,rna-CJOHNSTONI_LOCUS8567,183,protein_coding,Ras-related protein Rab-30  [Source:UniProtKB/TrEMBL;Acc:A0A8J2MAL5],Cercopithifilaria johnstoni (PRJEB47283),protein_coding,cejohnprjeb47283
CJOHNSTONI_LOCUS6242,rna-CJOHNSTONI_LOCUS6242,139,protein_coding,,Cercopithifilaria johnstoni (PRJEB47283),protein_coding,cejohnprjeb47283
CJOHNSTONI_LOCUS3789,rna-CJOHNSTONI_LOCUS3789,231,protein_coding,Eyes absent homolog  [Source:UniProtKB/TrEMBL;Acc:A0A8J2LUM0],Cercopithifilaria johnstoni (PRJEB47283),protein_coding,cejohnprjeb47283
CJOHNSTONI_LOCUS10450,rna-CJOHNSTONI_LOCUS10450,213,protein_coding,Importin subunit alpha  [Source:UniProtKB/TrEMBL;Acc:A0A8J2Q9L5],Cercopithifilaria johnstoni (PRJEB47283),protein_coding,cejohnprjeb47283
CJOHNSTONI_LOCUS708,rna-CJOHNSTONI_LOCUS708-2,129,protein_coding,PUA domain-containing protein  [Source:UniProtKB/TrEMBL;Acc:A0A8J2MII5],Cercopithifilaria johnstoni (PRJEB47283),protein_coding,cejohnprjeb47283
CJOHNSTONI_LOCUS3514,rna-CJOHNSTONI_LOCUS3514,675,protein_coding,Enkurin domain-containing protein  [Source:UniProtKB/TrEMBL;Acc:A0A8J2MLI3],Cercopithifilaria johnstoni (PRJEB47283),protein_coding,cejohnprjeb47283
CJOHNSTONI_LOCUS5998,rna-CJOHNSTONI_LOCUS5998,251,protein_coding,LIM domain protein  [Source:UniProtKB/TrEMBL;Acc:A0A8J2MPS6],Cercopithifilaria johnstoni (PRJEB47283),protein_coding,cejohnprjeb47283
CJOHNSTONI_LOCUS7137,rna-CJOHNSTONI_LOCUS7137,364,protein_coding,Protein dead ringer  [Source:UniProtKB/TrEMBL;Acc:A0A8J2MR40],Cercopithifilaria johnstoni (PRJEB47283),protein_coding,cejohnprjeb47283
CJOHNSTONI_LOCUS1719,rna-CJOHNSTONI_LOCUS1719,165,protein_coding,Translin-associated protein X  [Source:UniProtKB/TrEMBL;Acc:A0A8J2LYG2],Cercopithifilaria johnstoni (PRJEB47283),protein_coding,cejohnprjeb47283
CJOHNSTONI_LOCUS5521,rna-CJOHNSTONI_LOCUS5521,220,protein_coding,LIM homeobox transcription factor 1-beta  [Source:UniProtKB/TrEMBL;Acc:A0A8J2MP70],Cercopithifilaria johnstoni (PRJEB47283),protein_coding,cejohnprjeb47283
CJOHNSTONI_LOCUS395,rna-CJOHNSTONI_LOCUS395,245,protein_coding,N-acetyltransferase domain-containing protein  [Source:UniProtKB/TrEMBL;Acc:A0A8J2LU00],Cercopithifilaria johnstoni (PRJEB47283),protein_coding,cejohnprjeb47283
CJOHNSTONI_LOCUS8890,rna-CJOHNSTONI_LOCUS8890,277,protein_coding,ZP domain-containing protein  [Source:UniProtKB/TrEMBL;Acc:A0A8J2PXQ5],Cercopithifilaria johnstoni (PRJEB47283),protein_coding,cejohnprjeb47283
CJOHNSTONI_LOCUS4715,rna-CJOHNSTONI_LOCUS4715,139,protein_coding,Chondroitin proteoglycan 3  [Source:UniProtKB/TrEMBL;Acc:A0A8J2Q717],Cercopithifilaria johnstoni (PRJEB47283),protein_coding,cejohnprjeb47283
CJOHNSTONI_LOCUS6068,rna-CJOHNSTONI_LOCUS6068,252,protein_coding,CCR4-NOT transcription complex subunit 10  [Source:UniProtKB/TrEMBL;Acc:A0A8J2M8H3],Cercopithifilaria johnstoni (PRJEB47283),protein_coding,cejohnprjeb47283
CJOHNSTONI_LOCUS1823,rna-CJOHNSTONI_LOCUS1823,147,protein_coding,,Cercopithifilaria johnstoni (PRJEB47283),protein_coding,cejohnprjeb47283
CJOHNSTONI_LOCUS9080,rna-CJOHNSTONI_LOCUS9080,224,protein_coding,,Cercopithifilaria johnstoni (PRJEB47283),protein_coding,cejohnprjeb47283
CJOHNSTONI_LOCUS10512,rna-CJOHNSTONI_LOCUS10512,164,protein_coding,Collagen-like protein  [Source:UniProtKB/TrEMBL;Acc:A0A8J2QBB9],Cercopithifilaria johnstoni (PRJEB47283),protein_coding,cejohnprjeb47283
CJOHNSTONI_LOCUS3545,rna-CJOHNSTONI_LOCUS3545,228,protein_coding,Glucosylceramidase  [Source:UniProtKB/TrEMBL;Acc:A0A8J2M1Q7],Cercopithifilaria johnstoni (PRJEB47283),protein_coding,cejohnprjeb47283
CJOHNSTONI_LOCUS8829,rna-CJOHNSTONI_LOCUS8829,626,protein_coding,,Cercopithifilaria johnstoni (PRJEB47283),protein_coding,cejohnprjeb47283
CJOHNSTONI_LOCUS2602,rna-CJOHNSTONI_LOCUS2602,212,protein_coding,,Cercopithifilaria johnstoni (PRJEB47283),protein_coding,cejohnprjeb47283
CJOHNSTONI_LOCUS9353,rna-CJOHNSTONI_LOCUS9353,223,protein_coding,Kinesin motor domain-containing protein  [Source:UniProtKB/TrEMBL;Acc:A0A8J2MBX2],Cercopithifilaria johnstoni (PRJEB47283),protein_coding,cejohnprjeb47283
CJOHNSTONI_LOCUS535,rna-CJOHNSTONI_LOCUS535,183,protein_coding,Transmembrane protein  [Source:UniProtKB/TrEMBL;Acc:A0A8J2PZT9],Cercopithifilaria johnstoni (PRJEB47283),protein_coding,cejohnprjeb47283
CJOHNSTONI_LOCUS9152,rna-CJOHNSTONI_LOCUS9152,209,protein_coding,ABC1 domain-containing protein  [Source:UniProtKB/TrEMBL;Acc:A0A8J2MD24],Cercopithifilaria johnstoni (PRJEB47283),protein_coding,cejohnprjeb47283
CJOHNSTONI_LOCUS1613,rna-CJOHNSTONI_LOCUS1613,155,protein_coding,DUF3293 domain-containing protein  [Source:UniProtKB/TrEMBL;Acc:A0A8J2LN59],Cercopithifilaria johnstoni (PRJEB47283),protein_coding,cejohnprjeb47283
CJOHNSTONI_LOCUS4604,rna-CJOHNSTONI_LOCUS4604,147,protein_coding,ADP-ribosylation factor  [Source:UniProtKB/TrEMBL;Acc:A0A8J2M1W3],Cercopithifilaria johnstoni (PRJEB47283),protein_coding,cejohnprjeb47283
CJOHNSTONI_LOCUS6668,rna-CJOHNSTONI_LOCUS6668,115,protein_coding,Protein Asterix  [Source:UniProtKB/TrEMBL;Acc:A0A8J2Q862],Cercopithifilaria johnstoni (PRJEB47283),protein_coding,cejohnprjeb47283
CJOHNSTONI_LOCUS8303,rna-CJOHNSTONI_LOCUS8303,257,protein_coding,RNA helicase  [Source:UniProtKB/TrEMBL;Acc:A0A8J2QAV8],Cercopithifilaria johnstoni (PRJEB47283),protein_coding,cejohnprjeb47283
CJOHNSTONI_LOCUS131,rna-CJOHNSTONI_LOCUS131,205,protein_coding,PABS domain-containing protein  [Source:UniProtKB/TrEMBL;Acc:A0A8J2LVM3],Cercopithifilaria johnstoni (PRJEB47283),protein_coding,cejohnprjeb47283
CJOHNSTONI_LOCUS3677,rna-CJOHNSTONI_LOCUS3677,251,protein_coding,,Cercopithifilaria johnstoni (PRJEB47283),protein_coding,cejohnprjeb47283
CJOHNSTONI_LOCUS3234,rna-CJOHNSTONI_LOCUS3234,1600,protein_coding,Delta-like protein 4  [Source:UniProtKB/TrEMBL;Acc:A0A8J2LQP0],Cercopithifilaria johnstoni (PRJEB47283),protein_coding,cejohnprjeb47283
CJOHNSTONI_LOCUS7863,rna-CJOHNSTONI_LOCUS7863-2,298,protein_coding,TROVE domain-containing protein  [Source:UniProtKB/TrEMBL;Acc:A0A8J2Q2Q7],Cercopithifilaria johnstoni (PRJEB47283),protein_coding,cejohnprjeb47283
CJOHNSTONI_LOCUS3364,rna-CJOHNSTONI_LOCUS3364,228,protein_coding,ANF_receptor domain-containing protein  [Source:UniProtKB/TrEMBL;Acc:A0A8J2M0Z9],Cercopithifilaria johnstoni (PRJEB47283),protein_coding,cejohnprjeb47283
CJOHNSTONI_LOCUS102,rna-CJOHNSTONI_LOCUS102,226,protein_coding,Acid phosphatase  [Source:UniProtKB/TrEMBL;Acc:A0A8J2LTG6],Cercopithifilaria johnstoni (PRJEB47283),protein_coding,cejohnprjeb47283
CJOHNSTONI_LOCUS8063,rna-CJOHNSTONI_LOCUS8063,222,protein_coding,Calcium-transporting ATPase  [Source:UniProtKB/TrEMBL;Acc:A0A8J2Q8P9],Cercopithifilaria johnstoni (PRJEB47283),protein_coding,cejohnprjeb47283
CJOHNSTONI_LOCUS4643,rna-CJOHNSTONI_LOCUS4643,225,protein_coding,Thioredoxin domain-containing protein  [Source:UniProtKB/TrEMBL;Acc:A0A8J2LWD0],Cercopithifilaria johnstoni (PRJEB47283),protein_coding,cejohnprjeb47283
CJOHNSTONI_LOCUS9425,rna-CJOHNSTONI_LOCUS9425,194,protein_coding,RING-type domain-containing protein  [Source:UniProtKB/TrEMBL;Acc:A0A8J2MC29],Cercopithifilaria johnstoni (PRJEB47283),protein_coding,cejohnprjeb47283
CJOHNSTONI_LOCUS1808,rna-CJOHNSTONI_LOCUS1808,272,protein_coding,Vacuolar protein sorting-associated protein 13  [Source:UniProtKB/TrEMBL;Acc:A0A8J2Q8V7],Cercopithifilaria johnstoni (PRJEB47283),protein_coding,cejohnprjeb47283
CJOHNSTONI_LOCUS324,rna-CJOHNSTONI_LOCUS324,215,protein_coding,Mediator of RNA polymerase II transcription subunit 7  [Source:UniProtKB/TrEMBL;Acc:A0A8J2MHA0],Cercopithifilaria johnstoni (PRJEB47283),protein_coding,cejohnprjeb47283
CJOHNSTONI_LOCUS1763,rna-CJOHNSTONI_LOCUS1763,186,protein_coding,Unc-50 inner nuclear membrane RNA binding protein  [Source:UniProtKB/TrEMBL;Acc:A0A8J2Q445],Cercopithifilaria johnstoni (PRJEB47283),protein_coding,cejohnprjeb47283
CJOHNSTONI_LOCUS5588,rna-CJOHNSTONI_LOCUS5588,733,protein_coding,DM domain-containing protein  [Source:UniProtKB/TrEMBL;Acc:A0A8J2M607],Cercopithifilaria johnstoni (PRJEB47283),protein_coding,cejohnprjeb47283
CJOHNSTONI_LOCUS10183,rna-CJOHNSTONI_LOCUS10183,318,protein_coding,Ion_trans_2 domain-containing protein  [Source:UniProtKB/TrEMBL;Acc:A0A8J2MVI6],Cercopithifilaria johnstoni (PRJEB47283),protein_coding,cejohnprjeb47283
CJOHNSTONI_LOCUS2734,rna-CJOHNSTONI_LOCUS2734,365,protein_coding,Ankyrin-2  [Source:UniProtKB/TrEMBL;Acc:A0A8J2ML95],Cercopithifilaria johnstoni (PRJEB47283),protein_coding,cejohnprjeb47283
CJOHNSTONI_LOCUS5340,rna-CJOHNSTONI_LOCUS5340,246,protein_coding,Cytospin-A  [Source:UniProtKB/TrEMBL;Acc:A0A8J2MNP6],Cercopithifilaria johnstoni (PRJEB47283),protein_coding,cejohnprjeb47283
CJOHNSTONI_LOCUS6619,rna-CJOHNSTONI_LOCUS6619,201,protein_coding,Cysteine-rich DPF motif domain-containing protein 1  [Source:UniProtKB/TrEMBL;Acc:A0A8J2Q593],Cercopithifilaria johnstoni (PRJEB47283),protein_coding,cejohnprjeb47283
CJOHNSTONI_LOCUS7305,rna-CJOHNSTONI_LOCUS7305,302,protein_coding,Claspin  [Source:UniProtKB/TrEMBL;Acc:A0A8J2Q296],Cercopithifilaria johnstoni (PRJEB47283),protein_coding,cejohnprjeb47283
CJOHNSTONI_LOCUS4908,rna-CJOHNSTONI_LOCUS4908,221,protein_coding,TGF_BETA_2 domain-containing protein  [Source:UniProtKB/TrEMBL;Acc:A0A8J2Q070],Cercopithifilaria johnstoni (PRJEB47283),protein_coding,cejohnprjeb47283
CJOHNSTONI_LOCUS10555,rna-CJOHNSTONI_LOCUS10555,228,protein_coding,cAMP-dependent protein kinase type I regulatory subunit  [Source:UniProtKB/TrEMBL;Acc:A0A8J2MV85],Cercopithifilaria johnstoni (PRJEB47283),protein_coding,cejohnprjeb47283
CJOHNSTONI_LOCUS1177,rna-CJOHNSTONI_LOCUS1177,209,protein_coding,TSP1_CCN domain-containing protein  [Source:UniProtKB/TrEMBL;Acc:A0A8J2MIL1],Cercopithifilaria johnstoni (PRJEB47283),protein_coding,cejohnprjeb47283
CJOHNSTONI_LOCUS9940,rna-CJOHNSTONI_LOCUS9940,209,protein_coding,Ribosomal protein L35  [Source:UniProtKB/TrEMBL;Acc:A0A8J2MCS9],Cercopithifilaria johnstoni (PRJEB47283),protein_coding,cejohnprjeb47283
CJOHNSTONI_LOCUS4368,rna-CJOHNSTONI_LOCUS4368,272,protein_coding,50S ribosomal protein L18e  [Source:UniProtKB/TrEMBL;Acc:A0A8J2LVV4],Cercopithifilaria johnstoni (PRJEB47283),protein_coding,cejohnprjeb47283
CJOHNSTONI_LOCUS8106,rna-CJOHNSTONI_LOCUS8106,206,protein_coding,ADP-ribosylation factor-like protein 6  [Source:UniProtKB/TrEMBL;Acc:A0A8J2Q695],Cercopithifilaria johnstoni (PRJEB47283),protein_coding,cejohnprjeb47283
CJOHNSTONI_LOCUS9670,rna-CJOHNSTONI_LOCUS9670,306,protein_coding,BTB domain-containing protein  [Source:UniProtKB/TrEMBL;Acc:A0A8J2Q708],Cercopithifilaria johnstoni (PRJEB47283),protein_coding,cejohnprjeb47283
CJOHNSTONI_LOCUS7970,rna-CJOHNSTONI_LOCUS7970,205,protein_coding,KxDL domain-containing protein  [Source:UniProtKB/TrEMBL;Acc:A0A8J2Q673],Cercopithifilaria johnstoni (PRJEB47283),protein_coding,cejohnprjeb47283
CJOHNSTONI_LOCUS1627,rna-CJOHNSTONI_LOCUS1627,225,protein_coding,,Cercopithifilaria johnstoni (PRJEB47283),protein_coding,cejohnprjeb47283
CJOHNSTONI_LOCUS7143,rna-CJOHNSTONI_LOCUS7143,208,protein_coding,Utp12 domain-containing protein  [Source:UniProtKB/TrEMBL;Acc:A0A8J2Q8D6],Cercopithifilaria johnstoni (PRJEB47283),protein_coding,cejohnprjeb47283
CJOHNSTONI_LOCUS4144,rna-CJOHNSTONI_LOCUS4144,236,protein_coding,GLOBIN domain-containing protein  [Source:UniProtKB/TrEMBL;Acc:A0A8J2M2J7],Cercopithifilaria johnstoni (PRJEB47283),protein_coding,cejohnprjeb47283
CJOHNSTONI_LOCUS3224,rna-CJOHNSTONI_LOCUS3224,191,protein_coding,ER lumen protein-retaining receptor  [Source:UniProtKB/TrEMBL;Acc:A0A8J2MLR4],Cercopithifilaria johnstoni (PRJEB47283),protein_coding,cejohnprjeb47283
CJOHNSTONI_LOCUS4750,rna-CJOHNSTONI_LOCUS4750,179,protein_coding,Formin_GBD_N domain-containing protein  [Source:UniProtKB/TrEMBL;Acc:A0A8J2M627],Cercopithifilaria johnstoni (PRJEB47283),protein_coding,cejohnprjeb47283
CJOHNSTONI_LOCUS7416,rna-CJOHNSTONI_LOCUS7416-3,341,protein_coding,3-dehydrosphinganine reductase  [Source:UniProtKB/TrEMBL;Acc:A0A8J2M7X5],Cercopithifilaria johnstoni (PRJEB47283),protein_coding,cejohnprjeb47283
CJOHNSTONI_LOCUS5575,rna-CJOHNSTONI_LOCUS5575,620,protein_coding,,Cercopithifilaria johnstoni (PRJEB47283),protein_coding,cejohnprjeb47283
CJOHNSTONI_LOCUS7391,rna-CJOHNSTONI_LOCUS7391,387,protein_coding,ABC transmembrane type-1 domain-containing protein  [Source:UniProtKB/TrEMBL;Acc:A0A8J2MRJ1],Cercopithifilaria johnstoni (PRJEB47283),protein_coding,cejohnprjeb47283
CJOHNSTONI_LOCUS768,rna-CJOHNSTONI_LOCUS768,386,protein_coding,Ovule protein  [Source:UniProtKB/TrEMBL;Acc:A0A8J2LWH1],Cercopithifilaria johnstoni (PRJEB47283),protein_coding,cejohnprjeb47283
CJOHNSTONI_LOCUS4698,rna-CJOHNSTONI_LOCUS4698,190,protein_coding,G_PROTEIN_RECEP_F1_2 domain-containing protein  [Source:UniProtKB/TrEMBL;Acc:A0A8J2M3P3],Cercopithifilaria johnstoni (PRJEB47283),protein_coding,cejohnprjeb47283
CJOHNSTONI_LOCUS1724,rna-CJOHNSTONI_LOCUS1724,277,protein_coding,"Beta-carotene 15,15'-monooxygenase  [Source:UniProtKB/TrEMBL;Acc:A0A8J2Q8T1]",Cercopithifilaria johnstoni (PRJEB47283),protein_coding,cejohnprjeb47283
CJOHNSTONI_LOCUS3953,rna-CJOHNSTONI_LOCUS3953,179,protein_coding,Ubiquilin-1  [Source:UniProtKB/TrEMBL;Acc:A0A8J2Q9R6],Cercopithifilaria johnstoni (PRJEB47283),protein_coding,cejohnprjeb47283
CJOHNSTONI_LOCUS2659,rna-CJOHNSTONI_LOCUS2659,188,protein_coding,"39S ribosomal protein L11, mitochondrial  [Source:UniProtKB/TrEMBL;Acc:A0A8J2Q981]",Cercopithifilaria johnstoni (PRJEB47283),protein_coding,cejohnprjeb47283
CJOHNSTONI_LOCUS10382,rna-CJOHNSTONI_LOCUS10382,653,protein_coding,Peroxin-19  [Source:UniProtKB/TrEMBL;Acc:A0A8J2PZ33],Cercopithifilaria johnstoni (PRJEB47283),protein_coding,cejohnprjeb47283
CJOHNSTONI_LOCUS8343,rna-CJOHNSTONI_LOCUS8343,404,protein_coding,Protein PXR1-like  [Source:UniProtKB/TrEMBL;Acc:A0A8J2Q343],Cercopithifilaria johnstoni (PRJEB47283),protein_coding,cejohnprjeb47283
CJOHNSTONI_LOCUS6923,rna-CJOHNSTONI_LOCUS6923,179,protein_coding,BHLH domain-containing protein  [Source:UniProtKB/TrEMBL;Acc:A0A8J2MQV7],Cercopithifilaria johnstoni (PRJEB47283),protein_coding,cejohnprjeb47283
CJOHNSTONI_LOCUS6931,rna-CJOHNSTONI_LOCUS6931,176,protein_coding,DUF4440 domain-containing protein  [Source:UniProtKB/TrEMBL;Acc:A0A8J2PV61],Cercopithifilaria johnstoni (PRJEB47283),protein_coding,cejohnprjeb47283
CJOHNSTONI_LOCUS5300,rna-CJOHNSTONI_LOCUS5300,169,protein_coding,ATPase domain-containing protein  [Source:UniProtKB/TrEMBL;Acc:A0A8J2LXU2],Cercopithifilaria johnstoni (PRJEB47283),protein_coding,cejohnprjeb47283
CJOHNSTONI_LOCUS5992,rna-CJOHNSTONI_LOCUS5992,134,protein_coding,Acyl dehydratase  [Source:UniProtKB/TrEMBL;Acc:A0A8J2Q4R9],Cercopithifilaria johnstoni (PRJEB47283),protein_coding,cejohnprjeb47283
CJOHNSTONI_LOCUS2429,rna-CJOHNSTONI_LOCUS2429,176,protein_coding,T-complex protein 1 subunit eta  [Source:UniProtKB/TrEMBL;Acc:A0A8J2MKX9],Cercopithifilaria johnstoni (PRJEB47283),protein_coding,cejohnprjeb47283
CJOHNSTONI_LOCUS3875,rna-CJOHNSTONI_LOCUS3875,245,protein_coding,Ubiq_cyt_C_chap domain-containing protein  [Source:UniProtKB/TrEMBL;Acc:A0A8J2M4T5],Cercopithifilaria johnstoni (PRJEB47283),protein_coding,cejohnprjeb47283
CJOHNSTONI_LOCUS5567,rna-CJOHNSTONI_LOCUS5567,206,protein_coding,Protein kinase domain-containing protein  [Source:UniProtKB/TrEMBL;Acc:A0A8J2QAA7],Cercopithifilaria johnstoni (PRJEB47283),protein_coding,cejohnprjeb47283
CJOHNSTONI_LOCUS9244,rna-CJOHNSTONI_LOCUS9244,156,protein_coding,Small conductance calcium-activated potassium channel protein  [Source:UniProtKB/TrEMBL;Acc:A0A8J2MFC1],Cercopithifilaria johnstoni (PRJEB47283),protein_coding,cejohnprjeb47283
CJOHNSTONI_LOCUS5583,rna-CJOHNSTONI_LOCUS5583,284,protein_coding,Tyrosine-protein kinase  [Source:UniProtKB/TrEMBL;Acc:A0A8J2LYE0],Cercopithifilaria johnstoni (PRJEB47283),protein_coding,cejohnprjeb47283
CJOHNSTONI_LOCUS3238,rna-CJOHNSTONI_LOCUS3238,230,protein_coding,Collagen alpha-1(XII) chain  [Source:UniProtKB/TrEMBL;Acc:A0A8J2M0R9],Cercopithifilaria johnstoni (PRJEB47283),protein_coding,cejohnprjeb47283
CJOHNSTONI_LOCUS2162,rna-CJOHNSTONI_LOCUS2162,65,protein_coding,Cold-shock protein  [Source:UniProtKB/TrEMBL;Acc:A0A8J2LZA2],Cercopithifilaria johnstoni (PRJEB47283),protein_coding,cejohnprjeb47283
CJOHNSTONI_LOCUS10365,rna-CJOHNSTONI_LOCUS10365,239,protein_coding,tRNA (adenine(58)-N(1))-methyltransferase non-catalytic subunit TRM6  [Source:UniProtKB/TrEMBL;Acc:A0A8J2MDG7],Cercopithifilaria johnstoni (PRJEB47283),protein_coding,cejohnprjeb47283
CJOHNSTONI_LOCUS850,rna-CJOHNSTONI_LOCUS850,216,protein_coding,Transmembrane protein  [Source:UniProtKB/TrEMBL;Acc:A0A8J2LZF3],Cercopithifilaria johnstoni (PRJEB47283),protein_coding,cejohnprjeb47283
CJOHNSTONI_LOCUS3949,rna-CJOHNSTONI_LOCUS3949,141,protein_coding,Secreted protein  [Source:UniProtKB/TrEMBL;Acc:A0A8J2M2J4],Cercopithifilaria johnstoni (PRJEB47283),protein_coding,cejohnprjeb47283
CJOHNSTONI_LOCUS5327,rna-CJOHNSTONI_LOCUS5327,161,protein_coding,,Cercopithifilaria johnstoni (PRJEB47283),protein_coding,cejohnprjeb47283
CJOHNSTONI_LOCUS8418,rna-CJOHNSTONI_LOCUS8418,184,protein_coding,DUF1394 domain-containing protein  [Source:UniProtKB/TrEMBL;Acc:A0A8J2PXB0],Cercopithifilaria johnstoni (PRJEB47283),protein_coding,cejohnprjeb47283
CJOHNSTONI_LOCUS7457,rna-CJOHNSTONI_LOCUS7457,235,protein_coding,Trehalase  [Source:UniProtKB/TrEMBL;Acc:A0A8J2M9V9],Cercopithifilaria johnstoni (PRJEB47283),protein_coding,cejohnprjeb47283
CJOHNSTONI_LOCUS8399,rna-CJOHNSTONI_LOCUS8399,186,protein_coding,3-hydroxyacyl-CoA dehydrogenase type-2  [Source:UniProtKB/TrEMBL;Acc:A0A8J2MSV1],Cercopithifilaria johnstoni (PRJEB47283),protein_coding,cejohnprjeb47283
CJOHNSTONI_LOCUS10221,rna-CJOHNSTONI_LOCUS10221,425,protein_coding,Tyrosine-protein phosphatase domain-containing protein  [Source:UniProtKB/TrEMBL;Acc:A0A8J2M5T3],Cercopithifilaria johnstoni (PRJEB47283),protein_coding,cejohnprjeb47283
CJOHNSTONI_LOCUS3505,rna-CJOHNSTONI_LOCUS3505,317,protein_coding,,Cercopithifilaria johnstoni (PRJEB47283),protein_coding,cejohnprjeb47283
CJOHNSTONI_LOCUS8771,rna-CJOHNSTONI_LOCUS8771,245,protein_coding,Hepatocyte growth factor-regulated tyrosine kinase substrate  [Source:UniProtKB/TrEMBL;Acc:A0A8J2MAQ2],Cercopithifilaria johnstoni (PRJEB47283),protein_coding,cejohnprjeb47283
CJOHNSTONI_LOCUS8287,rna-CJOHNSTONI_LOCUS8287,257,protein_coding,,Cercopithifilaria johnstoni (PRJEB47283),protein_coding,cejohnprjeb47283
CJOHNSTONI_LOCUS2378,rna-CJOHNSTONI_LOCUS2378,179,protein_coding,UDP-glucose 4-epimerase  [Source:UniProtKB/TrEMBL;Acc:A0A8J2PRA2],Cercopithifilaria johnstoni (PRJEB47283),protein_coding,cejohnprjeb47283
CJOHNSTONI_LOCUS8905,rna-CJOHNSTONI_LOCUS8905,878,protein_coding,Zinc finger protein 239-like  [Source:UniProtKB/TrEMBL;Acc:A0A8J2MB78],Cercopithifilaria johnstoni (PRJEB47283),protein_coding,cejohnprjeb47283
CJOHNSTONI_LOCUS5700,rna-CJOHNSTONI_LOCUS5700,463,protein_coding,,Cercopithifilaria johnstoni (PRJEB47283),protein_coding,cejohnprjeb47283
CJOHNSTONI_LOCUS7949,rna-CJOHNSTONI_LOCUS7949,194,protein_coding,Pyridoxal kinase  [Source:UniProtKB/TrEMBL;Acc:A0A8J2MSE5],Cercopithifilaria johnstoni (PRJEB47283),protein_coding,cejohnprjeb47283
CJOHNSTONI_LOCUS1668,rna-CJOHNSTONI_LOCUS1668,258,protein_coding,DRMBL domain-containing protein  [Source:UniProtKB/TrEMBL;Acc:A0A8J2LQG4],Cercopithifilaria johnstoni (PRJEB47283),protein_coding,cejohnprjeb47283
CJOHNSTONI_LOCUS2312,rna-CJOHNSTONI_LOCUS2312,237,protein_coding,Protein DGCR14  [Source:UniProtKB/TrEMBL;Acc:A0A8J2LXC4],Cercopithifilaria johnstoni (PRJEB47283),protein_coding,cejohnprjeb47283
CJOHNSTONI_LOCUS6467,rna-CJOHNSTONI_LOCUS6467,214,protein_coding,Biogenesis of lysosome-related organelles complex 1 subunit 7  [Source:UniProtKB/TrEMBL;Acc:A0A8J2Q1M3],Cercopithifilaria johnstoni (PRJEB47283),protein_coding,cejohnprjeb47283
CJOHNSTONI_LOCUS10356,rna-CJOHNSTONI_LOCUS10356,207,protein_coding,RPA_interact_C domain-containing protein  [Source:UniProtKB/TrEMBL;Acc:A0A8J2M616],Cercopithifilaria johnstoni (PRJEB47283),protein_coding,cejohnprjeb47283
CJOHNSTONI_LOCUS6822,rna-CJOHNSTONI_LOCUS6822,196,protein_coding,DM13 domain-containing protein  [Source:UniProtKB/TrEMBL;Acc:A0A8J2Q5G0],Cercopithifilaria johnstoni (PRJEB47283),protein_coding,cejohnprjeb47283
CJOHNSTONI_LOCUS2268,rna-CJOHNSTONI_LOCUS2268,152,protein_coding,PNP_UDP_1 domain-containing protein  [Source:UniProtKB/TrEMBL;Acc:A0A8J2MK60],Cercopithifilaria johnstoni (PRJEB47283),protein_coding,cejohnprjeb47283
CJOHNSTONI_LOCUS8180,rna-CJOHNSTONI_LOCUS8180,109,protein_coding,Bulb-type lectin domain-containing protein  [Source:UniProtKB/TrEMBL;Acc:A0A8J2M9H6],Cercopithifilaria johnstoni (PRJEB47283),protein_coding,cejohnprjeb47283
CJOHNSTONI_LOCUS2992,rna-CJOHNSTONI_LOCUS2992,214,protein_coding,PLCXc domain-containing protein  [Source:UniProtKB/TrEMBL;Acc:A0A8J2PRS5],Cercopithifilaria johnstoni (PRJEB47283),protein_coding,cejohnprjeb47283
CJOHNSTONI_LOCUS4223,rna-CJOHNSTONI_LOCUS4223,290,protein_coding,POU domain protein  [Source:UniProtKB/TrEMBL;Acc:A0A8J2MMD2],Cercopithifilaria johnstoni (PRJEB47283),protein_coding,cejohnprjeb47283
CJOHNSTONI_LOCUS8088,rna-CJOHNSTONI_LOCUS8088,211,protein_coding,UBX domain-containing protein  [Source:UniProtKB/TrEMBL;Acc:A0A8J2M9Q3],Cercopithifilaria johnstoni (PRJEB47283),protein_coding,cejohnprjeb47283
CJOHNSTONI_LOCUS5315,rna-CJOHNSTONI_LOCUS5315,167,protein_coding,EF-hand domain-containing protein D1  [Source:UniProtKB/TrEMBL;Acc:A0A8J2M738],Cercopithifilaria johnstoni (PRJEB47283),protein_coding,cejohnprjeb47283
CJOHNSTONI_LOCUS5166,rna-CJOHNSTONI_LOCUS5166,4290,protein_coding,ShKT domain-containing protein  [Source:UniProtKB/TrEMBL;Acc:A0A8J2LV50],Cercopithifilaria johnstoni (PRJEB47283),protein_coding,cejohnprjeb47283
CJOHNSTONI_LOCUS4260,rna-CJOHNSTONI_LOCUS4260,726,protein_coding,Protein kinase domain-containing protein  [Source:UniProtKB/TrEMBL;Acc:A0A8J2Q353],Cercopithifilaria johnstoni (PRJEB47283),protein_coding,cejohnprjeb47283
CJOHNSTONI_LOCUS8513,rna-CJOHNSTONI_LOCUS8513,320,protein_coding,PHD-type domain-containing protein  [Source:UniProtKB/TrEMBL;Acc:A0A8J2MC92],Cercopithifilaria johnstoni (PRJEB47283),protein_coding,cejohnprjeb47283
CJOHNSTONI_LOCUS674,rna-CJOHNSTONI_LOCUS674,219,protein_coding,Nuclear valosin-containing protein-like  [Source:UniProtKB/TrEMBL;Acc:A0A8J2Q3D7],Cercopithifilaria johnstoni (PRJEB47283),protein_coding,cejohnprjeb47283
CJOHNSTONI_LOCUS5062,rna-CJOHNSTONI_LOCUS5062,292,protein_coding,Non-specific serine/threonine protein kinase  [Source:UniProtKB/TrEMBL;Acc:A0A8J2MNP2],Cercopithifilaria johnstoni (PRJEB47283),protein_coding,cejohnprjeb47283
CJOHNSTONI_LOCUS5145,rna-CJOHNSTONI_LOCUS5145,197,protein_coding,Acyl-CoA dehydrogenase  [Source:UniProtKB/TrEMBL;Acc:A0A8J2M4J7],Cercopithifilaria johnstoni (PRJEB47283),protein_coding,cejohnprjeb47283
CJOHNSTONI_LOCUS3118,rna-CJOHNSTONI_LOCUS3118,187,protein_coding,,Cercopithifilaria johnstoni (PRJEB47283),protein_coding,cejohnprjeb47283
CJOHNSTONI_LOCUS9348,rna-CJOHNSTONI_LOCUS9348,184,protein_coding,Bestrophin homolog  [Source:UniProtKB/TrEMBL;Acc:A0A8J2Q6U5],Cercopithifilaria johnstoni (PRJEB47283),protein_coding,cejohnprjeb47283
CJOHNSTONI_LOCUS3202,rna-CJOHNSTONI_LOCUS3202,260,protein_coding,Myb_CC_LHEQLE domain-containing protein  [Source:UniProtKB/TrEMBL;Acc:A0A8J2PRZ4],Cercopithifilaria johnstoni (PRJEB47283),protein_coding,cejohnprjeb47283
CJOHNSTONI_LOCUS401,rna-CJOHNSTONI_LOCUS401,288,protein_coding,Homeobox domain-containing protein  [Source:UniProtKB/TrEMBL;Acc:A0A8J2PVH8],Cercopithifilaria johnstoni (PRJEB47283),protein_coding,cejohnprjeb47283
CJOHNSTONI_LOCUS10164,rna-CJOHNSTONI_LOCUS10164,287,protein_coding,Cation channel sperm-associated protein subunit beta  [Source:UniProtKB/TrEMBL;Acc:A0A8J2Q4H1],Cercopithifilaria johnstoni (PRJEB47283),protein_coding,cejohnprjeb47283
CJOHNSTONI_LOCUS2788,rna-CJOHNSTONI_LOCUS2788,155,protein_coding,Cystatin domain-containing protein  [Source:UniProtKB/TrEMBL;Acc:A0A8J2LSL6],Cercopithifilaria johnstoni (PRJEB47283),protein_coding,cejohnprjeb47283
CJOHNSTONI_LOCUS4247,rna-CJOHNSTONI_LOCUS4247,304,protein_coding,Protein dachsous  [Source:UniProtKB/TrEMBL;Acc:A0A8J2Q349],Cercopithifilaria johnstoni (PRJEB47283),protein_coding,cejohnprjeb47283
CJOHNSTONI_LOCUS8689,rna-CJOHNSTONI_LOCUS8689,243,protein_coding,Exophilin 5  [Source:UniProtKB/TrEMBL;Acc:A0A8J2Q6I5],Cercopithifilaria johnstoni (PRJEB47283),protein_coding,cejohnprjeb47283
CJOHNSTONI_LOCUS1364,rna-CJOHNSTONI_LOCUS1364,212,protein_coding,Solute carrier family 40 protein  [Source:UniProtKB/TrEMBL;Acc:A0A8J2MIX5],Cercopithifilaria johnstoni (PRJEB47283),protein_coding,cejohnprjeb47283
CJOHNSTONI_LOCUS9220,rna-CJOHNSTONI_LOCUS9220,162,protein_coding,Transthyretin-like family protein  [Source:UniProtKB/TrEMBL;Acc:A0A8J2Q934],Cercopithifilaria johnstoni (PRJEB47283),protein_coding,cejohnprjeb47283
CJOHNSTONI_LOCUS7596,rna-CJOHNSTONI_LOCUS7596,152,protein_coding,BZIP domain-containing protein  [Source:UniProtKB/TrEMBL;Acc:A0A8J2QAQ7],Cercopithifilaria johnstoni (PRJEB47283),protein_coding,cejohnprjeb47283
CJOHNSTONI_LOCUS4167,rna-CJOHNSTONI_LOCUS4167,260,protein_coding,Nucleolar protein 6  [Source:UniProtKB/TrEMBL;Acc:A0A8J2Q9U5],Cercopithifilaria johnstoni (PRJEB47283),protein_coding,cejohnprjeb47283
CJOHNSTONI_LOCUS4087,rna-CJOHNSTONI_LOCUS4087,354,protein_coding,3'-5' exonuclease domain-containing protein  [Source:UniProtKB/TrEMBL;Acc:A0A8J2M2F5],Cercopithifilaria johnstoni (PRJEB47283),protein_coding,cejohnprjeb47283
CJOHNSTONI_LOCUS3342,rna-CJOHNSTONI_LOCUS3342,147,protein_coding,Calmodulin  [Source:UniProtKB/TrEMBL;Acc:A0A8J2Q9H8],Cercopithifilaria johnstoni (PRJEB47283),protein_coding,cejohnprjeb47283
CJOHNSTONI_LOCUS9728,rna-CJOHNSTONI_LOCUS9728,338,protein_coding,Prominin-like protein  [Source:UniProtKB/TrEMBL;Acc:A0A8J2M6A5],Cercopithifilaria johnstoni (PRJEB47283),protein_coding,cejohnprjeb47283
CJOHNSTONI_LOCUS5189,rna-CJOHNSTONI_LOCUS5189,239,protein_coding,J domain-containing protein  [Source:UniProtKB/TrEMBL;Acc:A0A8J2Q441],Cercopithifilaria johnstoni (PRJEB47283),protein_coding,cejohnprjeb47283
CJOHNSTONI_LOCUS9305,rna-CJOHNSTONI_LOCUS9305,380,protein_coding,C2H2-type domain-containing protein  [Source:UniProtKB/TrEMBL;Acc:A0A8J2ME24],Cercopithifilaria johnstoni (PRJEB47283),protein_coding,cejohnprjeb47283
CJOHNSTONI_LOCUS5753,rna-CJOHNSTONI_LOCUS5753,202,protein_coding,Ras suppressor protein 1  [Source:UniProtKB/TrEMBL;Acc:A0A8J2MPG4],Cercopithifilaria johnstoni (PRJEB47283),protein_coding,cejohnprjeb47283
CJOHNSTONI_LOCUS6887,rna-CJOHNSTONI_LOCUS6887,155,protein_coding,NADH-quinone oxidoreductase subunit I  [Source:UniProtKB/TrEMBL;Acc:A0A8J2M7G7],Cercopithifilaria johnstoni (PRJEB47283),protein_coding,cejohnprjeb47283
CJOHNSTONI_LOCUS7929,rna-CJOHNSTONI_LOCUS7929,112,protein_coding,"RNA-directed DNA polymerase, eukaryota, reverse transcriptase zinc-binding domain protein  [Source:UniProtKB/TrEMBL;Acc:A0A8J2Q2S3]",Cercopithifilaria johnstoni (PRJEB47283),protein_coding,cejohnprjeb47283
CJOHNSTONI_LOCUS10445,rna-CJOHNSTONI_LOCUS10445,175,protein_coding,AAA domain-containing protein  [Source:UniProtKB/TrEMBL;Acc:A0A8J2MHD4],Cercopithifilaria johnstoni (PRJEB47283),protein_coding,cejohnprjeb47283
CJOHNSTONI_LOCUS10229,rna-CJOHNSTONI_LOCUS10229,282,protein_coding,CARD domain-containing protein  [Source:UniProtKB/TrEMBL;Acc:A0A8J2Q9I3],Cercopithifilaria johnstoni (PRJEB47283),protein_coding,cejohnprjeb47283
CJOHNSTONI_LOCUS322,rna-CJOHNSTONI_LOCUS322,107,protein_coding,MEDS domain-containing protein  [Source:UniProtKB/TrEMBL;Acc:A0A8J2LN18],Cercopithifilaria johnstoni (PRJEB47283),protein_coding,cejohnprjeb47283
CJOHNSTONI_LOCUS7456,rna-CJOHNSTONI_LOCUS7456,266,protein_coding,VWFD domain-containing protein  [Source:UniProtKB/TrEMBL;Acc:A0A8J2MB72],Cercopithifilaria johnstoni (PRJEB47283),protein_coding,cejohnprjeb47283
CJOHNSTONI_LOCUS6169,rna-CJOHNSTONI_LOCUS6169,199,protein_coding,T-complex 11  [Source:UniProtKB/TrEMBL;Acc:A0A8J2QAF1],Cercopithifilaria johnstoni (PRJEB47283),protein_coding,cejohnprjeb47283
CJOHNSTONI_LOCUS10535,rna-CJOHNSTONI_LOCUS10535,250,protein_coding,Peroxidase  [Source:UniProtKB/TrEMBL;Acc:A0A8J2MDQ4],Cercopithifilaria johnstoni (PRJEB47283),protein_coding,cejohnprjeb47283
CJOHNSTONI_LOCUS1866,rna-CJOHNSTONI_LOCUS1866,188,protein_coding,GLOBIN domain-containing protein  [Source:UniProtKB/TrEMBL;Acc:A0A8J2LQS1],Cercopithifilaria johnstoni (PRJEB47283),protein_coding,cejohnprjeb47283
CJOHNSTONI_LOCUS4892,rna-CJOHNSTONI_LOCUS4892,130,protein_coding,Zf-RVT domain-containing protein  [Source:UniProtKB/TrEMBL;Acc:A0A8J2Q751],Cercopithifilaria johnstoni (PRJEB47283),protein_coding,cejohnprjeb47283
CJOHNSTONI_LOCUS6391,rna-CJOHNSTONI_LOCUS6391,330,protein_coding,C2H2-type domain-containing protein  [Source:UniProtKB/TrEMBL;Acc:A0A8J2M905],Cercopithifilaria johnstoni (PRJEB47283),protein_coding,cejohnprjeb47283
CJOHNSTONI_LOCUS4022,rna-CJOHNSTONI_LOCUS4022,189,protein_coding,DNA-(apurinic or apyrimidinic site) lyase  [Source:UniProtKB/TrEMBL;Acc:A0A8J2PZJ0],Cercopithifilaria johnstoni (PRJEB47283),protein_coding,cejohnprjeb47283
CJOHNSTONI_LOCUS6765,rna-CJOHNSTONI_LOCUS6765,236,protein_coding,Histone H4 transcription factor-like  [Source:UniProtKB/TrEMBL;Acc:A0A8J2Q1T9],Cercopithifilaria johnstoni (PRJEB47283),protein_coding,cejohnprjeb47283
CJOHNSTONI_LOCUS863,rna-CJOHNSTONI_LOCUS863,225,protein_coding,EGF-like domain-containing protein  [Source:UniProtKB/TrEMBL;Acc:A0A8J2LZG2],Cercopithifilaria johnstoni (PRJEB47283),protein_coding,cejohnprjeb47283
CJOHNSTONI_LOCUS4870,rna-CJOHNSTONI_LOCUS4870,179,protein_coding,Neurotransmitter-gated ion-channel ligand binding domain protein  [Source:UniProtKB/TrEMBL;Acc:A0A8J2MN40],Cercopithifilaria johnstoni (PRJEB47283),protein_coding,cejohnprjeb47283
CJOHNSTONI_LOCUS1605,rna-CJOHNSTONI_LOCUS1605,270,protein_coding,DDE_Tnp_1_7 domain-containing protein  [Source:UniProtKB/TrEMBL;Acc:A0A8J2LXR5],Cercopithifilaria johnstoni (PRJEB47283),protein_coding,cejohnprjeb47283
CJOHNSTONI_LOCUS1977,rna-CJOHNSTONI_LOCUS1977,257,protein_coding,,Cercopithifilaria johnstoni (PRJEB47283),protein_coding,cejohnprjeb47283
CJOHNSTONI_LOCUS5520,rna-CJOHNSTONI_LOCUS5520,203,protein_coding,B9 domain-containing protein 1  [Source:UniProtKB/TrEMBL;Acc:A0A8J2MP04],Cercopithifilaria johnstoni (PRJEB47283),protein_coding,cejohnprjeb47283
CJOHNSTONI_LOCUS1122,rna-CJOHNSTONI_LOCUS1122,178,protein_coding,Brain protein I3  [Source:UniProtKB/TrEMBL;Acc:A0A8J2LME7],Cercopithifilaria johnstoni (PRJEB47283),protein_coding,cejohnprjeb47283
CJOHNSTONI_LOCUS10522,rna-CJOHNSTONI_LOCUS10522,150,protein_coding,Mitochondrial import receptor subunit TOM20 homolog  [Source:UniProtKB/TrEMBL;Acc:A0A8J2MDP6],Cercopithifilaria johnstoni (PRJEB47283),protein_coding,cejohnprjeb47283
CJOHNSTONI_LOCUS1128,rna-CJOHNSTONI_LOCUS1128,268,protein_coding,C2H2-type domain-containing protein  [Source:UniProtKB/TrEMBL;Acc:A0A8J2LXC2],Cercopithifilaria johnstoni (PRJEB47283),protein_coding,cejohnprjeb47283
CJOHNSTONI_LOCUS9510,rna-CJOHNSTONI_LOCUS9510,246,protein_coding,WD_REPEATS_REGION domain-containing protein  [Source:UniProtKB/TrEMBL;Acc:A0A8J2MDR9],Cercopithifilaria johnstoni (PRJEB47283),protein_coding,cejohnprjeb47283
CJOHNSTONI_LOCUS1880,rna-CJOHNSTONI_LOCUS1880,311,protein_coding,Histone H4  [Source:UniProtKB/TrEMBL;Acc:A0A8J2M4A2],Cercopithifilaria johnstoni (PRJEB47283),protein_coding,cejohnprjeb47283
CJOHNSTONI_LOCUS5838,rna-CJOHNSTONI_LOCUS5838,253,protein_coding,Ig-like domain-containing protein  [Source:UniProtKB/TrEMBL;Acc:A0A8J2M5V0],Cercopithifilaria johnstoni (PRJEB47283),protein_coding,cejohnprjeb47283
CJOHNSTONI_LOCUS5140,rna-CJOHNSTONI_LOCUS5140,209,protein_coding,BCL2/adenovirus E1B 19 kDa protein-interacting protein 3-like  [Source:UniProtKB/TrEMBL;Acc:A0A8J2Q0E5],Cercopithifilaria johnstoni (PRJEB47283),protein_coding,cejohnprjeb47283
CJOHNSTONI_LOCUS10363,rna-CJOHNSTONI_LOCUS10363,206,protein_coding,N-terminal acetyltransferase B complex subunit MDM20 homolog  [Source:UniProtKB/TrEMBL;Acc:A0A8J2MFB2],Cercopithifilaria johnstoni (PRJEB47283),protein_coding,cejohnprjeb47283
CJOHNSTONI_LOCUS2627,rna-CJOHNSTONI_LOCUS2627,200,protein_coding,RRM domain-containing protein  [Source:UniProtKB/TrEMBL;Acc:A0A8J2M040],Cercopithifilaria johnstoni (PRJEB47283),protein_coding,cejohnprjeb47283
CJOHNSTONI_LOCUS5788,rna-CJOHNSTONI_LOCUS5788,208,protein_coding,Aminopeptidase  [Source:UniProtKB/TrEMBL;Acc:A0A8J2M5Y2],Cercopithifilaria johnstoni (PRJEB47283),protein_coding,cejohnprjeb47283
CJOHNSTONI_LOCUS6262,rna-CJOHNSTONI_LOCUS6262,701,protein_coding,Zinc finger protein  [Source:UniProtKB/TrEMBL;Acc:A0A8J2PUJ7],Cercopithifilaria johnstoni (PRJEB47283),protein_coding,cejohnprjeb47283
CJOHNSTONI_LOCUS999,rna-CJOHNSTONI_LOCUS999,219,protein_coding,ANK_REP_REGION domain-containing protein  [Source:UniProtKB/TrEMBL;Acc:A0A8J2LPC2],Cercopithifilaria johnstoni (PRJEB47283),protein_coding,cejohnprjeb47283
CJOHNSTONI_LOCUS5457,rna-CJOHNSTONI_LOCUS5457,215,protein_coding,Exportin-7  [Source:UniProtKB/TrEMBL;Acc:A0A8J2MNV2],Cercopithifilaria johnstoni (PRJEB47283),protein_coding,cejohnprjeb47283
CJOHNSTONI_LOCUS3125,rna-CJOHNSTONI_LOCUS3125,401,protein_coding,Transposase  [Source:UniProtKB/TrEMBL;Acc:A0A8J2M3F3],Cercopithifilaria johnstoni (PRJEB47283),protein_coding,cejohnprjeb47283
CJOHNSTONI_LOCUS3181,rna-CJOHNSTONI_LOCUS3181,269,protein_coding,HMG box domain-containing protein  [Source:UniProtKB/TrEMBL;Acc:A0A8J2LZ83],Cercopithifilaria johnstoni (PRJEB47283),protein_coding,cejohnprjeb47283
CJOHNSTONI_LOCUS982,rna-CJOHNSTONI_LOCUS982,398,protein_coding,Histone H2A  [Source:UniProtKB/TrEMBL;Acc:A0A8J2Q8D1],Cercopithifilaria johnstoni (PRJEB47283),protein_coding,cejohnprjeb47283
CJOHNSTONI_LOCUS3973,rna-CJOHNSTONI_LOCUS3973,209,protein_coding,BCL domain-containing protein  [Source:UniProtKB/TrEMBL;Acc:A0A8J2M4Z6],Cercopithifilaria johnstoni (PRJEB47283),protein_coding,cejohnprjeb47283
CJOHNSTONI_LOCUS4146,rna-CJOHNSTONI_LOCUS4146,209,protein_coding,FA_desaturase domain-containing protein  [Source:UniProtKB/TrEMBL;Acc:A0A8J2M2Y9],Cercopithifilaria johnstoni (PRJEB47283),protein_coding,cejohnprjeb47283
CJOHNSTONI_LOCUS7890,rna-CJOHNSTONI_LOCUS7890,280,protein_coding,Peptidase M12B domain-containing protein  [Source:UniProtKB/TrEMBL;Acc:A0A8J2M236],Cercopithifilaria johnstoni (PRJEB47283),protein_coding,cejohnprjeb47283
CJOHNSTONI_LOCUS4086,rna-CJOHNSTONI_LOCUS4086,205,protein_coding,Cysteine-rich with EGF-like domain protein 2  [Source:UniProtKB/TrEMBL;Acc:A0A8J2M2P3],Cercopithifilaria johnstoni (PRJEB47283),protein_coding,cejohnprjeb47283
CJOHNSTONI_LOCUS5935,rna-CJOHNSTONI_LOCUS5935,200,protein_coding,Protein-tyrosine-phosphatase  [Source:UniProtKB/TrEMBL;Acc:A0A8J2Q4Q6],Cercopithifilaria johnstoni (PRJEB47283),protein_coding,cejohnprjeb47283
CJOHNSTONI_LOCUS1573,rna-CJOHNSTONI_LOCUS1573,271,protein_coding,,Cercopithifilaria johnstoni (PRJEB47283),protein_coding,cejohnprjeb47283
CJOHNSTONI_LOCUS7524,rna-CJOHNSTONI_LOCUS7524,255,protein_coding,F-box domain-containing protein  [Source:UniProtKB/TrEMBL;Acc:A0A8J2M9D4],Cercopithifilaria johnstoni (PRJEB47283),protein_coding,cejohnprjeb47283
CJOHNSTONI_LOCUS9824,rna-CJOHNSTONI_LOCUS9824,247,protein_coding,Aa_trans domain-containing protein  [Source:UniProtKB/TrEMBL;Acc:A0A8J2QB69],Cercopithifilaria johnstoni (PRJEB47283),protein_coding,cejohnprjeb47283
CJOHNSTONI_LOCUS5204,rna-CJOHNSTONI_LOCUS5204,319,protein_coding,BHLH domain-containing protein  [Source:UniProtKB/TrEMBL;Acc:A0A8J2Q0G4],Cercopithifilaria johnstoni (PRJEB47283),protein_coding,cejohnprjeb47283
CJOHNSTONI_LOCUS962,rna-CJOHNSTONI_LOCUS962,247,protein_coding,Homeobox domain-containing protein  [Source:UniProtKB/TrEMBL;Acc:A0A8J2LX86],Cercopithifilaria johnstoni (PRJEB47283),protein_coding,cejohnprjeb47283
CJOHNSTONI_LOCUS327,rna-CJOHNSTONI_LOCUS327,276,protein_coding,glucuronosyltransferase  [Source:UniProtKB/TrEMBL;Acc:A0A8J2LVM0],Cercopithifilaria johnstoni (PRJEB47283),protein_coding,cejohnprjeb47283
CJOHNSTONI_LOCUS3305,rna-CJOHNSTONI_LOCUS3305,233,protein_coding,Leishmanolysin-like peptidase  [Source:UniProtKB/TrEMBL;Acc:A0A8J2LZG1],Cercopithifilaria johnstoni (PRJEB47283),protein_coding,cejohnprjeb47283
CJOHNSTONI_LOCUS2007,rna-CJOHNSTONI_LOCUS2007,252,protein_coding,3-oxo-5alpha-steroid 4-dehydrogenase (NADP(+))  [Source:UniProtKB/TrEMBL;Acc:A0A8J2PQZ5],Cercopithifilaria johnstoni (PRJEB47283),protein_coding,cejohnprjeb47283
CJOHNSTONI_LOCUS9559,rna-CJOHNSTONI_LOCUS9559,469,protein_coding,Protein kinase domain-containing protein  [Source:UniProtKB/TrEMBL;Acc:A0A8J2QB50],Cercopithifilaria johnstoni (PRJEB47283),protein_coding,cejohnprjeb47283
CJOHNSTONI_LOCUS6916,rna-CJOHNSTONI_LOCUS6916,405,protein_coding,Non-specific serine/threonine protein kinase  [Source:UniProtKB/TrEMBL;Acc:A0A8J2Q8A4],Cercopithifilaria johnstoni (PRJEB47283),protein_coding,cejohnprjeb47283
CJOHNSTONI_LOCUS275,rna-CJOHNSTONI_LOCUS275,337,protein_coding,Ornithine decarboxylase  [Source:UniProtKB/TrEMBL;Acc:A0A8J2PZK9],Cercopithifilaria johnstoni (PRJEB47283),protein_coding,cejohnprjeb47283
CJOHNSTONI_LOCUS6766,rna-CJOHNSTONI_LOCUS6766,229,protein_coding,BED-type domain-containing protein  [Source:UniProtKB/TrEMBL;Acc:A0A8J2QAJ5],Cercopithifilaria johnstoni (PRJEB47283),protein_coding,cejohnprjeb47283
CJOHNSTONI_LOCUS7667,rna-CJOHNSTONI_LOCUS7667,251,protein_coding,DAO domain-containing protein  [Source:UniProtKB/TrEMBL;Acc:A0A8J2M1P9],Cercopithifilaria johnstoni (PRJEB47283),protein_coding,cejohnprjeb47283
CJOHNSTONI_LOCUS7109,rna-CJOHNSTONI_LOCUS7109,189,protein_coding,WD_REPEATS_REGION domain-containing protein  [Source:UniProtKB/TrEMBL;Acc:A0A8J2MAJ1],Cercopithifilaria johnstoni (PRJEB47283),protein_coding,cejohnprjeb47283
CJOHNSTONI_LOCUS3730,rna-CJOHNSTONI_LOCUS3730,218,protein_coding,Rho guanine nucleotide exchange factor 7  [Source:UniProtKB/TrEMBL;Acc:A0A8J2LUI4],Cercopithifilaria johnstoni (PRJEB47283),protein_coding,cejohnprjeb47283
CJOHNSTONI_LOCUS466,rna-CJOHNSTONI_LOCUS466,206,protein_coding,GB1/RHD3-type G domain-containing protein  [Source:UniProtKB/TrEMBL;Acc:A0A8J2PZR4],Cercopithifilaria johnstoni (PRJEB47283),protein_coding,cejohnprjeb47283
CJOHNSTONI_LOCUS6079,rna-CJOHNSTONI_LOCUS6079,260,protein_coding,DB domain-containing protein  [Source:UniProtKB/TrEMBL;Acc:A0A8J2M528],Cercopithifilaria johnstoni (PRJEB47283),protein_coding,cejohnprjeb47283
CJOHNSTONI_LOCUS549,rna-CJOHNSTONI_LOCUS549,226,protein_coding,Tubulin beta chain  [Source:UniProtKB/TrEMBL;Acc:A0A8J2PZU6],Cercopithifilaria johnstoni (PRJEB47283),protein_coding,cejohnprjeb47283
CJOHNSTONI_LOCUS1346,rna-CJOHNSTONI_LOCUS1346,439,protein_coding,Crossover junction endonuclease MUS81  [Source:UniProtKB/TrEMBL;Acc:A0A8J2Q8J6],Cercopithifilaria johnstoni (PRJEB47283),protein_coding,cejohnprjeb47283
CJOHNSTONI_LOCUS7091,rna-CJOHNSTONI_LOCUS7091,344,protein_coding,TFR_dimer domain-containing protein  [Source:UniProtKB/TrEMBL;Acc:A0A8J2Q5N2],Cercopithifilaria johnstoni (PRJEB47283),protein_coding,cejohnprjeb47283
CJOHNSTONI_LOCUS10269,rna-CJOHNSTONI_LOCUS10269,335,protein_coding,Zinc metalloproteinase YIL108W  [Source:UniProtKB/TrEMBL;Acc:A0A8J2Q9I9],Cercopithifilaria johnstoni (PRJEB47283),protein_coding,cejohnprjeb47283
CJOHNSTONI_LOCUS5104,rna-CJOHNSTONI_LOCUS5104,303,protein_coding,,Cercopithifilaria johnstoni (PRJEB47283),protein_coding,cejohnprjeb47283
CJOHNSTONI_LOCUS9455,rna-CJOHNSTONI_LOCUS9455,276,protein_coding,RNA helicase  [Source:UniProtKB/TrEMBL;Acc:A0A8J2MUJ4],Cercopithifilaria johnstoni (PRJEB47283),protein_coding,cejohnprjeb47283
CJOHNSTONI_LOCUS10297,rna-CJOHNSTONI_LOCUS10297,229,protein_coding,HMG box domain-containing protein  [Source:UniProtKB/TrEMBL;Acc:A0A8J2Q9J3],Cercopithifilaria johnstoni (PRJEB47283),protein_coding,cejohnprjeb47283
CJOHNSTONI_LOCUS5339,rna-CJOHNSTONI_LOCUS5339,225,protein_coding,Elongation of very long chain fatty acids protein  [Source:UniProtKB/TrEMBL;Acc:A0A8J2M3S1],Cercopithifilaria johnstoni (PRJEB47283),protein_coding,cejohnprjeb47283
CJOHNSTONI_LOCUS2526,rna-CJOHNSTONI_LOCUS2526,210,protein_coding,DUF3794 domain-containing protein  [Source:UniProtKB/TrEMBL;Acc:A0A8J2LY48],Cercopithifilaria johnstoni (PRJEB47283),protein_coding,cejohnprjeb47283
CJOHNSTONI_LOCUS7150,rna-CJOHNSTONI_LOCUS7150,207,protein_coding,Stress-induced-phosphoprotein 1  [Source:UniProtKB/TrEMBL;Acc:A0A8J2MAL7],Cercopithifilaria johnstoni (PRJEB47283),protein_coding,cejohnprjeb47283
CJOHNSTONI_LOCUS8242,rna-CJOHNSTONI_LOCUS8242,296,protein_coding,Protein kinase domain-containing protein  [Source:UniProtKB/TrEMBL;Acc:A0A8J2Q314],Cercopithifilaria johnstoni (PRJEB47283),protein_coding,cejohnprjeb47283
CJOHNSTONI_LOCUS6705,rna-CJOHNSTONI_LOCUS6705,214,protein_coding,phenylalanine--tRNA ligase  [Source:UniProtKB/TrEMBL;Acc:A0A8J2M7H1],Cercopithifilaria johnstoni (PRJEB47283),protein_coding,cejohnprjeb47283
CJOHNSTONI_LOCUS7718,rna-CJOHNSTONI_LOCUS7718,281,protein_coding,Cadherin domain-containing protein  [Source:UniProtKB/TrEMBL;Acc:A0A8J2Q627],Cercopithifilaria johnstoni (PRJEB47283),protein_coding,cejohnprjeb47283
CJOHNSTONI_LOCUS3066,rna-CJOHNSTONI_LOCUS3066,414,protein_coding,SH3 domain-containing protein  [Source:UniProtKB/TrEMBL;Acc:A0A8J2LZ10],Cercopithifilaria johnstoni (PRJEB47283),protein_coding,cejohnprjeb47283
CJOHNSTONI_LOCUS8647,rna-CJOHNSTONI_LOCUS8647,281,protein_coding,AMP-binding domain-containing protein  [Source:UniProtKB/TrEMBL;Acc:A0A8J2Q6H9],Cercopithifilaria johnstoni (PRJEB47283),protein_coding,cejohnprjeb47283
CJOHNSTONI_LOCUS4250,rna-CJOHNSTONI_LOCUS4250,338,protein_coding,Peptidase S26 domain-containing protein  [Source:UniProtKB/TrEMBL;Acc:A0A8J2LSS5],Cercopithifilaria johnstoni (PRJEB47283),protein_coding,cejohnprjeb47283
CJOHNSTONI_LOCUS793,rna-CJOHNSTONI_LOCUS793,256,protein_coding,IgGFc_binding domain-containing protein  [Source:UniProtKB/TrEMBL;Acc:A0A8J2LUX5],Cercopithifilaria johnstoni (PRJEB47283),protein_coding,cejohnprjeb47283
CJOHNSTONI_LOCUS8148,rna-CJOHNSTONI_LOCUS8148-2,221,protein_coding,Bms1-type G domain-containing protein  [Source:UniProtKB/TrEMBL;Acc:A0A8J2Q2Y8],Cercopithifilaria johnstoni (PRJEB47283),protein_coding,cejohnprjeb47283
CJOHNSTONI_LOCUS94,rna-CJOHNSTONI_LOCUS94,207,protein_coding,Aa_trans domain-containing protein  [Source:UniProtKB/TrEMBL;Acc:A0A8J2Q7W3],Cercopithifilaria johnstoni (PRJEB47283),protein_coding,cejohnprjeb47283
CJOHNSTONI_LOCUS2709,rna-CJOHNSTONI_LOCUS2709,201,protein_coding,eIF-2B GDP-GTP exchange factor subunit alpha  [Source:UniProtKB/TrEMBL;Acc:A0A8J2LYW8],Cercopithifilaria johnstoni (PRJEB47283),protein_coding,cejohnprjeb47283
CJOHNSTONI_LOCUS8250,rna-CJOHNSTONI_LOCUS8250,289,protein_coding,Zinc metalloproteinase  [Source:UniProtKB/TrEMBL;Acc:A0A8J2MBP0],Cercopithifilaria johnstoni (PRJEB47283),protein_coding,cejohnprjeb47283
CJOHNSTONI_LOCUS8520,rna-CJOHNSTONI_LOCUS8520,192,protein_coding,RRM domain-containing protein  [Source:UniProtKB/TrEMBL;Acc:A0A8J2MSZ6],Cercopithifilaria johnstoni (PRJEB47283),protein_coding,cejohnprjeb47283
CJOHNSTONI_LOCUS4392,rna-CJOHNSTONI_LOCUS4392,268,protein_coding,MFS domain-containing protein  [Source:UniProtKB/TrEMBL;Acc:A0A8J2PSY4],Cercopithifilaria johnstoni (PRJEB47283),protein_coding,cejohnprjeb47283
CJOHNSTONI_LOCUS3007,rna-CJOHNSTONI_LOCUS3007,168,protein_coding,Transposase  [Source:UniProtKB/TrEMBL;Acc:A0A8J2PRS9],Cercopithifilaria johnstoni (PRJEB47283),protein_coding,cejohnprjeb47283
CJOHNSTONI_LOCUS9747,rna-CJOHNSTONI_LOCUS9747,167,protein_coding,Zinc transporter ZIP9  [Source:UniProtKB/TrEMBL;Acc:A0A8J2MG63],Cercopithifilaria johnstoni (PRJEB47283),protein_coding,cejohnprjeb47283
CJOHNSTONI_LOCUS377,rna-CJOHNSTONI_LOCUS377,204,protein_coding,DNA topoisomerase  [Source:UniProtKB/TrEMBL;Acc:A0A8J2LTR9],Cercopithifilaria johnstoni (PRJEB47283),protein_coding,cejohnprjeb47283
CJOHNSTONI_LOCUS2316,rna-CJOHNSTONI_LOCUS2316,191,protein_coding,Serine/threonine-protein phosphatase  [Source:UniProtKB/TrEMBL;Acc:A0A8J2PR84],Cercopithifilaria johnstoni (PRJEB47283),protein_coding,cejohnprjeb47283
CJOHNSTONI_LOCUS9458,rna-CJOHNSTONI_LOCUS9458,352,protein_coding,RNA-directed RNA polymerase  [Source:UniProtKB/TrEMBL;Acc:A0A8J2MDM3],Cercopithifilaria johnstoni (PRJEB47283),protein_coding,cejohnprjeb47283
CJOHNSTONI_LOCUS7167,rna-CJOHNSTONI_LOCUS7167,176,protein_coding,,Cercopithifilaria johnstoni (PRJEB47283),protein_coding,cejohnprjeb47283
CJOHNSTONI_LOCUS5703,rna-CJOHNSTONI_LOCUS5703,167,protein_coding,Ras-related protein Rab-21  [Source:UniProtKB/TrEMBL;Acc:A0A8J2Q4J5],Cercopithifilaria johnstoni (PRJEB47283),protein_coding,cejohnprjeb47283
CJOHNSTONI_LOCUS424,rna-CJOHNSTONI_LOCUS424-3,413,protein_coding,Col_cuticle_N domain-containing protein  [Source:UniProtKB/TrEMBL;Acc:A0A8J2PPK3],Cercopithifilaria johnstoni (PRJEB47283),protein_coding,cejohnprjeb47283
CJOHNSTONI_LOCUS3675,rna-CJOHNSTONI_LOCUS3675,171,protein_coding,Ig-like domain-containing protein  [Source:UniProtKB/TrEMBL;Acc:A0A8J2Q2P2],Cercopithifilaria johnstoni (PRJEB47283),protein_coding,cejohnprjeb47283
CJOHNSTONI_LOCUS4441,rna-CJOHNSTONI_LOCUS4441,231,protein_coding,Transcription repressor  [Source:UniProtKB/TrEMBL;Acc:A0A8J2M3H1],Cercopithifilaria johnstoni (PRJEB47283),protein_coding,cejohnprjeb47283
CJOHNSTONI_LOCUS4360,rna-CJOHNSTONI_LOCUS4360,160,protein_coding,Transmembrane protein  [Source:UniProtKB/TrEMBL;Acc:A0A8J2MMY2],Cercopithifilaria johnstoni (PRJEB47283),protein_coding,cejohnprjeb47283
CJOHNSTONI_LOCUS3075,rna-CJOHNSTONI_LOCUS3075,204,protein_coding,Transmembrane protein 161B  [Source:UniProtKB/TrEMBL;Acc:A0A8J2PRV1],Cercopithifilaria johnstoni (PRJEB47283),protein_coding,cejohnprjeb47283
CJOHNSTONI_LOCUS9452,rna-CJOHNSTONI_LOCUS9452,179,protein_coding,,Cercopithifilaria johnstoni (PRJEB47283),protein_coding,cejohnprjeb47283
CJOHNSTONI_LOCUS8061,rna-CJOHNSTONI_LOCUS8061,180,protein_coding,SRP54 domain-containing protein  [Source:UniProtKB/TrEMBL;Acc:A0A8J2MB52],Cercopithifilaria johnstoni (PRJEB47283),protein_coding,cejohnprjeb47283
CJOHNSTONI_LOCUS5489,rna-CJOHNSTONI_LOCUS5489,258,protein_coding,CaMBD domain-containing protein  [Source:UniProtKB/TrEMBL;Acc:A0A8J2PTW4],Cercopithifilaria johnstoni (PRJEB47283),protein_coding,cejohnprjeb47283
CJOHNSTONI_LOCUS4551,rna-CJOHNSTONI_LOCUS4551,176,protein_coding,CULLIN_2 domain-containing protein  [Source:UniProtKB/TrEMBL;Acc:A0A8J2LW70],Cercopithifilaria johnstoni (PRJEB47283),protein_coding,cejohnprjeb47283
CJOHNSTONI_LOCUS9460,rna-CJOHNSTONI_LOCUS9460,184,protein_coding,Zinc transporter ZIP13  [Source:UniProtKB/TrEMBL;Acc:A0A8J2Q969],Cercopithifilaria johnstoni (PRJEB47283),protein_coding,cejohnprjeb47283
CJOHNSTONI_LOCUS9356,rna-CJOHNSTONI_LOCUS9356,175,protein_coding,,Cercopithifilaria johnstoni (PRJEB47283),protein_coding,cejohnprjeb47283
CJOHNSTONI_LOCUS2329,rna-CJOHNSTONI_LOCUS2329,158,protein_coding,Mitochondrial pyruvate carrier  [Source:UniProtKB/TrEMBL;Acc:A0A8J2PXX5],Cercopithifilaria johnstoni (PRJEB47283),protein_coding,cejohnprjeb47283
CJOHNSTONI_LOCUS6344,rna-CJOHNSTONI_LOCUS6344,272,protein_coding,DNA topoisomerase 2  [Source:UniProtKB/TrEMBL;Acc:A0A8J2QAG4],Cercopithifilaria johnstoni (PRJEB47283),protein_coding,cejohnprjeb47283
CJOHNSTONI_LOCUS9675,rna-CJOHNSTONI_LOCUS9675,230,protein_coding,Ribosomal_L16 domain-containing protein  [Source:UniProtKB/TrEMBL;Acc:A0A8J2MCI2],Cercopithifilaria johnstoni (PRJEB47283),protein_coding,cejohnprjeb47283
CJOHNSTONI_LOCUS6355,rna-CJOHNSTONI_LOCUS6355,227,protein_coding,Chloride intracellular channel exc-4  [Source:UniProtKB/TrEMBL;Acc:A0A8J2Q519],Cercopithifilaria johnstoni (PRJEB47283),protein_coding,cejohnprjeb47283
CJOHNSTONI_LOCUS5865,rna-CJOHNSTONI_LOCUS5865,284,protein_coding,BMA-GEI-4  [Source:UniProtKB/TrEMBL;Acc:A0A8J2M641],Cercopithifilaria johnstoni (PRJEB47283),protein_coding,cejohnprjeb47283
CJOHNSTONI_LOCUS6320,rna-CJOHNSTONI_LOCUS6320,201,protein_coding,"Dynamin-like 120 kDa protein, mitochondrial  [Source:UniProtKB/TrEMBL;Acc:A0A8J2M5V1]",Cercopithifilaria johnstoni (PRJEB47283),protein_coding,cejohnprjeb47283
CJOHNSTONI_LOCUS128,rna-CJOHNSTONI_LOCUS128,201,protein_coding,Integrase  [Source:UniProtKB/TrEMBL;Acc:A0A8J2LY49],Cercopithifilaria johnstoni (PRJEB47283),protein_coding,cejohnprjeb47283
CJOHNSTONI_LOCUS862,rna-CJOHNSTONI_LOCUS862,161,protein_coding,"28S ribosomal protein S6, mitochondrial  [Source:UniProtKB/TrEMBL;Acc:A0A8J2MIS1]",Cercopithifilaria johnstoni (PRJEB47283),protein_coding,cejohnprjeb47283
CJOHNSTONI_LOCUS3047,rna-CJOHNSTONI_LOCUS3047,218,protein_coding,Striatin domain-containing protein  [Source:UniProtKB/TrEMBL;Acc:A0A8J2M0Y0],Cercopithifilaria johnstoni (PRJEB47283),protein_coding,cejohnprjeb47283
CJOHNSTONI_LOCUS2407,rna-CJOHNSTONI_LOCUS2407,181,protein_coding,Ubiquinol-cytochrome-c reductase complex assembly factor 3  [Source:UniProtKB/TrEMBL;Acc:A0A8J2Q4P3],Cercopithifilaria johnstoni (PRJEB47283),protein_coding,cejohnprjeb47283
CJOHNSTONI_LOCUS6860,rna-CJOHNSTONI_LOCUS6860,272,protein_coding,ANK_REP_REGION domain-containing protein  [Source:UniProtKB/TrEMBL;Acc:A0A8J2M7F6],Cercopithifilaria johnstoni (PRJEB47283),protein_coding,cejohnprjeb47283
CJOHNSTONI_LOCUS4450,rna-CJOHNSTONI_LOCUS4450,196,protein_coding,"Alpha-1,3-mannosyl-glycoprotein 2-beta-N-acetylglucosaminyltransferase  [Source:UniProtKB/TrEMBL;Acc:A0A8J2LT53]",Cercopithifilaria johnstoni (PRJEB47283),protein_coding,cejohnprjeb47283
CJOHNSTONI_LOCUS2683,rna-CJOHNSTONI_LOCUS2683,159,protein_coding,MARVEL domain-containing protein  [Source:UniProtKB/TrEMBL;Acc:A0A8J2M075],Cercopithifilaria johnstoni (PRJEB47283),protein_coding,cejohnprjeb47283
CJOHNSTONI_LOCUS6851,rna-CJOHNSTONI_LOCUS6851,208,protein_coding,MIT_C domain-containing protein  [Source:UniProtKB/TrEMBL;Acc:A0A8J2QAK1],Cercopithifilaria johnstoni (PRJEB47283),protein_coding,cejohnprjeb47283
CJOHNSTONI_LOCUS3250,rna-CJOHNSTONI_LOCUS3250,236,protein_coding,Centriolar coiled coil protein 110kDa  [Source:UniProtKB/TrEMBL;Acc:A0A8J2M3N3],Cercopithifilaria johnstoni (PRJEB47283),protein_coding,cejohnprjeb47283
CJOHNSTONI_LOCUS3236,rna-CJOHNSTONI_LOCUS3236,227,protein_coding,OCEL domain-containing protein  [Source:UniProtKB/TrEMBL;Acc:A0A8J2M3M4],Cercopithifilaria johnstoni (PRJEB47283),protein_coding,cejohnprjeb47283
CJOHNSTONI_LOCUS4017,rna-CJOHNSTONI_LOCUS4017,143,protein_coding,TDP43_N domain-containing protein  [Source:UniProtKB/TrEMBL;Acc:A0A8J2M233],Cercopithifilaria johnstoni (PRJEB47283),protein_coding,cejohnprjeb47283
CJOHNSTONI_LOCUS3820,rna-CJOHNSTONI_LOCUS3820,142,protein_coding,Thioredoxin domain-containing protein  [Source:UniProtKB/TrEMBL;Acc:A0A8J2MME5],Cercopithifilaria johnstoni (PRJEB47283),protein_coding,cejohnprjeb47283
CJOHNSTONI_LOCUS5336,rna-CJOHNSTONI_LOCUS5336,206,protein_coding,YETS2 protein  [Source:UniProtKB/TrEMBL;Acc:A0A8J2Q0K7],Cercopithifilaria johnstoni (PRJEB47283),protein_coding,cejohnprjeb47283
CJOHNSTONI_LOCUS2322,rna-CJOHNSTONI_LOCUS2322,391,protein_coding,14_3_3 domain-containing protein  [Source:UniProtKB/TrEMBL;Acc:A0A8J2LXR9],Cercopithifilaria johnstoni (PRJEB47283),protein_coding,cejohnprjeb47283
CJOHNSTONI_LOCUS10237,rna-CJOHNSTONI_LOCUS10237,213,protein_coding,BUB1 N-terminal domain-containing protein  [Source:UniProtKB/TrEMBL;Acc:A0A8J2MH15],Cercopithifilaria johnstoni (PRJEB47283),protein_coding,cejohnprjeb47283
CJOHNSTONI_LOCUS5658,rna-CJOHNSTONI_LOCUS5658,176,protein_coding,Calcineurin subunit B type 1  [Source:UniProtKB/TrEMBL;Acc:A0A8J2Q7K1],Cercopithifilaria johnstoni (PRJEB47283),protein_coding,cejohnprjeb47283
CJOHNSTONI_LOCUS8211,rna-CJOHNSTONI_LOCUS8211,295,protein_coding,GPI ethanolamine phosphate transferase 1  [Source:UniProtKB/TrEMBL;Acc:A0A8J2MBI4],Cercopithifilaria johnstoni (PRJEB47283),protein_coding,cejohnprjeb47283
CJOHNSTONI_LOCUS4363,rna-CJOHNSTONI_LOCUS4363,142,protein_coding,TPR_REGION domain-containing protein  [Source:UniProtKB/TrEMBL;Acc:A0A8J2PSX6],Cercopithifilaria johnstoni (PRJEB47283),protein_coding,cejohnprjeb47283
CJOHNSTONI_LOCUS4445,rna-CJOHNSTONI_LOCUS4445,125,protein_coding,ABC transporter domain-containing protein  [Source:UniProtKB/TrEMBL;Acc:A0A8J2Q6W7],Cercopithifilaria johnstoni (PRJEB47283),protein_coding,cejohnprjeb47283
CJOHNSTONI_LOCUS1135,rna-CJOHNSTONI_LOCUS1135,226,protein_coding,SMP-LTD domain-containing protein  [Source:UniProtKB/TrEMBL;Acc:A0A8J2LMF7],Cercopithifilaria johnstoni (PRJEB47283),protein_coding,cejohnprjeb47283
CJOHNSTONI_LOCUS4774,rna-CJOHNSTONI_LOCUS4774,217,protein_coding,GRIP domain-containing protein  [Source:UniProtKB/TrEMBL;Acc:A0A8J2LWN0],Cercopithifilaria johnstoni (PRJEB47283),protein_coding,cejohnprjeb47283
CJOHNSTONI_LOCUS6107,rna-CJOHNSTONI_LOCUS6107,674,protein_coding,RING-type domain-containing protein  [Source:UniProtKB/TrEMBL;Acc:A0A8J2M544],Cercopithifilaria johnstoni (PRJEB47283),protein_coding,cejohnprjeb47283
CJOHNSTONI_LOCUS6943,rna-CJOHNSTONI_LOCUS6943,334,protein_coding,FANCI_HD2 domain-containing protein  [Source:UniProtKB/TrEMBL;Acc:A0A8J2M7J6],Cercopithifilaria johnstoni (PRJEB47283),protein_coding,cejohnprjeb47283
CJOHNSTONI_LOCUS2566,rna-CJOHNSTONI_LOCUS2566,925,protein_coding,Basement membrane-specific heparan sulfate proteoglycan core protein  [Source:UniProtKB/TrEMBL;Acc:A0A8J2PY63],Cercopithifilaria johnstoni (PRJEB47283),protein_coding,cejohnprjeb47283
CJOHNSTONI_LOCUS8880,rna-CJOHNSTONI_LOCUS8880,233,protein_coding,Ovule protein  [Source:UniProtKB/TrEMBL;Acc:A0A8J2M4G7],Cercopithifilaria johnstoni (PRJEB47283),protein_coding,cejohnprjeb47283
CJOHNSTONI_LOCUS254,rna-CJOHNSTONI_LOCUS254,215,protein_coding,AAA_28 domain-containing protein  [Source:UniProtKB/TrEMBL;Acc:A0A8J2LYC3],Cercopithifilaria johnstoni (PRJEB47283),protein_coding,cejohnprjeb47283
CJOHNSTONI_LOCUS9494,rna-CJOHNSTONI_LOCUS9494,203,protein_coding,DNA ligase  [Source:UniProtKB/TrEMBL;Acc:A0A8J2MU66],Cercopithifilaria johnstoni (PRJEB47283),protein_coding,cejohnprjeb47283
CJOHNSTONI_LOCUS4629,rna-CJOHNSTONI_LOCUS4629,208,protein_coding,C2 domain-containing protein  [Source:UniProtKB/TrEMBL;Acc:A0A8J2M1Y2],Cercopithifilaria johnstoni (PRJEB47283),protein_coding,cejohnprjeb47283
CJOHNSTONI_LOCUS134,rna-CJOHNSTONI_LOCUS134,251,protein_coding,PDZ domain-containing protein  [Source:UniProtKB/TrEMBL;Acc:A0A8J2PZF8],Cercopithifilaria johnstoni (PRJEB47283),protein_coding,cejohnprjeb47283
CJOHNSTONI_LOCUS8527,rna-CJOHNSTONI_LOCUS8527,190,protein_coding,G-protein alpha subunit  [Source:UniProtKB/TrEMBL;Acc:A0A8J2Q6G1],Cercopithifilaria johnstoni (PRJEB47283),protein_coding,cejohnprjeb47283
CJOHNSTONI_LOCUS8603,rna-CJOHNSTONI_LOCUS8603,185,protein_coding,Anoctamin  [Source:UniProtKB/TrEMBL;Acc:A0A8J2MDY2],Cercopithifilaria johnstoni (PRJEB47283),protein_coding,cejohnprjeb47283
CJOHNSTONI_LOCUS5995,rna-CJOHNSTONI_LOCUS5995,126,protein_coding,,Cercopithifilaria johnstoni (PRJEB47283),protein_coding,cejohnprjeb47283
CJOHNSTONI_LOCUS3333,rna-CJOHNSTONI_LOCUS3333,121,protein_coding,Guanylate cyclase domain-containing protein  [Source:UniProtKB/TrEMBL;Acc:A0A8J2MLU7],Cercopithifilaria johnstoni (PRJEB47283),protein_coding,cejohnprjeb47283
CJOHNSTONI_LOCUS5329,rna-CJOHNSTONI_LOCUS5329,192,protein_coding,ApaG domain-containing protein  [Source:UniProtKB/TrEMBL;Acc:A0A8J2M527],Cercopithifilaria johnstoni (PRJEB47283),protein_coding,cejohnprjeb47283
CJOHNSTONI_LOCUS1930,rna-CJOHNSTONI_LOCUS1930,202,protein_coding,,Cercopithifilaria johnstoni (PRJEB47283),protein_coding,cejohnprjeb47283
CJOHNSTONI_LOCUS5427,rna-CJOHNSTONI_LOCUS5427,368,protein_coding,Secreted protein  [Source:UniProtKB/TrEMBL;Acc:A0A8J2LWT5],Cercopithifilaria johnstoni (PRJEB47283),protein_coding,cejohnprjeb47283
CJOHNSTONI_LOCUS7472,rna-CJOHNSTONI_LOCUS7472,242,protein_coding,NADH dehydrogenase [ubiquinone] 1 beta subcomplex subunit 10  [Source:UniProtKB/TrEMBL;Acc:A0A8J2M9R3],Cercopithifilaria johnstoni (PRJEB47283),protein_coding,cejohnprjeb47283
CJOHNSTONI_LOCUS3625,rna-CJOHNSTONI_LOCUS3625,429,protein_coding,WD_REPEATS_REGION domain-containing protein  [Source:UniProtKB/TrEMBL;Acc:A0A8J2MLM3],Cercopithifilaria johnstoni (PRJEB47283),protein_coding,cejohnprjeb47283
CJOHNSTONI_LOCUS7568,rna-CJOHNSTONI_LOCUS7568,178,protein_coding,Tyrosine hydroxylase  [Source:UniProtKB/TrEMBL;Acc:A0A8J2Q2H7],Cercopithifilaria johnstoni (PRJEB47283),protein_coding,cejohnprjeb47283
CJOHNSTONI_LOCUS9466,rna-CJOHNSTONI_LOCUS9466,148,protein_coding,ANK_REP_REGION domain-containing protein  [Source:UniProtKB/TrEMBL;Acc:A0A8J2M5T5],Cercopithifilaria johnstoni (PRJEB47283),protein_coding,cejohnprjeb47283
CJOHNSTONI_LOCUS9036,rna-CJOHNSTONI_LOCUS9036,116,protein_coding,,Cercopithifilaria johnstoni (PRJEB47283),protein_coding,cejohnprjeb47283
CJOHNSTONI_LOCUS8119,rna-CJOHNSTONI_LOCUS8119,779,protein_coding,,Cercopithifilaria johnstoni (PRJEB47283),protein_coding,cejohnprjeb47283
CJOHNSTONI_LOCUS9008,rna-CJOHNSTONI_LOCUS9008,359,protein_coding,GYF domain-containing protein  [Source:UniProtKB/TrEMBL;Acc:A0A8J2MB77],Cercopithifilaria johnstoni (PRJEB47283),protein_coding,cejohnprjeb47283
CJOHNSTONI_LOCUS2561,rna-CJOHNSTONI_LOCUS2561,294,protein_coding,,Cercopithifilaria johnstoni (PRJEB47283),protein_coding,cejohnprjeb47283
CJOHNSTONI_LOCUS1300,rna-CJOHNSTONI_LOCUS1300,358,protein_coding,DAGKc domain-containing protein  [Source:UniProtKB/TrEMBL;Acc:A0A8J2Q0M8],Cercopithifilaria johnstoni (PRJEB47283),protein_coding,cejohnprjeb47283
CJOHNSTONI_LOCUS4387,rna-CJOHNSTONI_LOCUS4387,294,protein_coding,,Cercopithifilaria johnstoni (PRJEB47283),protein_coding,cejohnprjeb47283
CJOHNSTONI_LOCUS6639,rna-CJOHNSTONI_LOCUS6639,173,protein_coding,Transmembrane protein 87A  [Source:UniProtKB/TrEMBL;Acc:A0A8J2M7V5],Cercopithifilaria johnstoni (PRJEB47283),protein_coding,cejohnprjeb47283
CJOHNSTONI_LOCUS8958,rna-CJOHNSTONI_LOCUS8958,227,protein_coding,Adenylosuccinate lyase  [Source:UniProtKB/TrEMBL;Acc:A0A8J2MD82],Cercopithifilaria johnstoni (PRJEB47283),protein_coding,cejohnprjeb47283
CJOHNSTONI_LOCUS667,rna-CJOHNSTONI_LOCUS667,542,protein_coding,La-related protein 1  [Source:UniProtKB/TrEMBL;Acc:A0A8J2MHT0],Cercopithifilaria johnstoni (PRJEB47283),protein_coding,cejohnprjeb47283
CJOHNSTONI_LOCUS1028,rna-CJOHNSTONI_LOCUS1028,165,protein_coding,XPA_C domain-containing protein  [Source:UniProtKB/TrEMBL;Acc:A0A8J2LVC6],Cercopithifilaria johnstoni (PRJEB47283),protein_coding,cejohnprjeb47283
CJOHNSTONI_LOCUS5435,rna-CJOHNSTONI_LOCUS5435,272,protein_coding,Secreted protein  [Source:UniProtKB/TrEMBL;Acc:A0A8J2M549],Cercopithifilaria johnstoni (PRJEB47283),protein_coding,cejohnprjeb47283
CJOHNSTONI_LOCUS6485,rna-CJOHNSTONI_LOCUS6485,188,protein_coding,DNA repair protein REV1  [Source:UniProtKB/TrEMBL;Acc:A0A8J2MQG9],Cercopithifilaria johnstoni (PRJEB47283),protein_coding,cejohnprjeb47283
CJOHNSTONI_LOCUS5426,rna-CJOHNSTONI_LOCUS5426,253,protein_coding,IMS_C domain-containing protein  [Source:UniProtKB/TrEMBL;Acc:A0A8J2QA96],Cercopithifilaria johnstoni (PRJEB47283),protein_coding,cejohnprjeb47283
CJOHNSTONI_LOCUS10052,rna-CJOHNSTONI_LOCUS10052,214,protein_coding,Aa_trans domain-containing protein  [Source:UniProtKB/TrEMBL;Acc:A0A8J2PYS1],Cercopithifilaria johnstoni (PRJEB47283),protein_coding,cejohnprjeb47283
CJOHNSTONI_LOCUS2123,rna-CJOHNSTONI_LOCUS2123,201,protein_coding,PH domain-containing protein  [Source:UniProtKB/TrEMBL;Acc:A0A8J2Q1B1],Cercopithifilaria johnstoni (PRJEB47283),protein_coding,cejohnprjeb47283
CJOHNSTONI_LOCUS3031,rna-CJOHNSTONI_LOCUS3031,172,protein_coding,Ovule protein  [Source:UniProtKB/TrEMBL;Acc:A0A8J2M3A4],Cercopithifilaria johnstoni (PRJEB47283),protein_coding,cejohnprjeb47283
CJOHNSTONI_LOCUS10343,rna-CJOHNSTONI_LOCUS10343,170,protein_coding,,Cercopithifilaria johnstoni (PRJEB47283),protein_coding,cejohnprjeb47283
CJOHNSTONI_LOCUS5141,rna-CJOHNSTONI_LOCUS5141,180,protein_coding,M protein repeat protein  [Source:UniProtKB/TrEMBL;Acc:A0A8J2LXJ0],Cercopithifilaria johnstoni (PRJEB47283),protein_coding,cejohnprjeb47283
CJOHNSTONI_LOCUS3293,rna-CJOHNSTONI_LOCUS3293,251,protein_coding,NUCKS kinase  [Source:UniProtKB/TrEMBL;Acc:A0A8J2ML98],Cercopithifilaria johnstoni (PRJEB47283),protein_coding,cejohnprjeb47283
CJOHNSTONI_LOCUS4058,rna-CJOHNSTONI_LOCUS4058,158,protein_coding,,Cercopithifilaria johnstoni (PRJEB47283),protein_coding,cejohnprjeb47283
CJOHNSTONI_LOCUS9904,rna-CJOHNSTONI_LOCUS9904,200,protein_coding,Peptidase S1 domain-containing protein  [Source:UniProtKB/TrEMBL;Acc:A0A8J2Q496],Cercopithifilaria johnstoni (PRJEB47283),protein_coding,cejohnprjeb47283
CJOHNSTONI_LOCUS10567,rna-CJOHNSTONI_LOCUS10567,229,protein_coding,Cofactor of BRCA1  [Source:UniProtKB/TrEMBL;Acc:A0A8J2MV92],Cercopithifilaria johnstoni (PRJEB47283),protein_coding,cejohnprjeb47283
CJOHNSTONI_LOCUS4601,rna-CJOHNSTONI_LOCUS4601,239,protein_coding,MAM domain-containing protein  [Source:UniProtKB/TrEMBL;Acc:A0A8J2QA08],Cercopithifilaria johnstoni (PRJEB47283),protein_coding,cejohnprjeb47283
CJOHNSTONI_LOCUS7589,rna-CJOHNSTONI_LOCUS7589,302,protein_coding,,Cercopithifilaria johnstoni (PRJEB47283),protein_coding,cejohnprjeb47283
CJOHNSTONI_LOCUS7734,rna-CJOHNSTONI_LOCUS7734,179,protein_coding,Protein kinase domain-containing protein  [Source:UniProtKB/TrEMBL;Acc:A0A8J2Q629],Cercopithifilaria johnstoni (PRJEB47283),protein_coding,cejohnprjeb47283
CJOHNSTONI_LOCUS3220,rna-CJOHNSTONI_LOCUS3220,958,protein_coding,RING-type domain-containing protein  [Source:UniProtKB/TrEMBL;Acc:A0A8J2Q9G0],Cercopithifilaria johnstoni (PRJEB47283),protein_coding,cejohnprjeb47283
CJOHNSTONI_LOCUS7784,rna-CJOHNSTONI_LOCUS7784,186,protein_coding,EF hand  [Source:UniProtKB/TrEMBL;Acc:A0A8J2M8N1],Cercopithifilaria johnstoni (PRJEB47283),protein_coding,cejohnprjeb47283
CJOHNSTONI_LOCUS3497,rna-CJOHNSTONI_LOCUS3497,170,protein_coding,RRM domain-containing protein  [Source:UniProtKB/TrEMBL;Acc:A0A8J2Q9K0],Cercopithifilaria johnstoni (PRJEB47283),protein_coding,cejohnprjeb47283
CJOHNSTONI_LOCUS9593,rna-CJOHNSTONI_LOCUS9593,285,protein_coding,FAD-dependent oxidoreductase  [Source:UniProtKB/TrEMBL;Acc:A0A8J2MUB0],Cercopithifilaria johnstoni (PRJEB47283),protein_coding,cejohnprjeb47283
CJOHNSTONI_LOCUS5728,rna-CJOHNSTONI_LOCUS5728,255,protein_coding,"Lipoyl synthase, mitochondrial  [Source:UniProtKB/TrEMBL;Acc:A0A8J2M5T8]",Cercopithifilaria johnstoni (PRJEB47283),protein_coding,cejohnprjeb47283
CJOHNSTONI_LOCUS3926,rna-CJOHNSTONI_LOCUS3926,198,protein_coding,BRCA1-associated protein  [Source:UniProtKB/TrEMBL;Acc:A0A8J2LS91],Cercopithifilaria johnstoni (PRJEB47283),protein_coding,cejohnprjeb47283
CJOHNSTONI_LOCUS7194,rna-CJOHNSTONI_LOCUS7194,197,protein_coding,,Cercopithifilaria johnstoni (PRJEB47283),protein_coding,cejohnprjeb47283
CJOHNSTONI_LOCUS5553,rna-CJOHNSTONI_LOCUS5553,143,protein_coding,,Cercopithifilaria johnstoni (PRJEB47283),protein_coding,cejohnprjeb47283
CJOHNSTONI_LOCUS2126,rna-CJOHNSTONI_LOCUS2126,129,protein_coding,Heparan-sulfate 6-O-sulfotransferase  [Source:UniProtKB/TrEMBL;Acc:A0A8J2LP24],Cercopithifilaria johnstoni (PRJEB47283),protein_coding,cejohnprjeb47283
CJOHNSTONI_LOCUS5514,rna-CJOHNSTONI_LOCUS5514,180,protein_coding,NAD(P)-bd_dom domain-containing protein  [Source:UniProtKB/TrEMBL;Acc:A0A8J2Q7I0],Cercopithifilaria johnstoni (PRJEB47283),protein_coding,cejohnprjeb47283
CJOHNSTONI_LOCUS2979,rna-CJOHNSTONI_LOCUS2979,203,protein_coding,Transmembrane protein  [Source:UniProtKB/TrEMBL;Acc:A0A8J2Q570],Cercopithifilaria johnstoni (PRJEB47283),protein_coding,cejohnprjeb47283
CJOHNSTONI_LOCUS3110,rna-CJOHNSTONI_LOCUS3110,181,protein_coding,COPI_C domain-containing protein  [Source:UniProtKB/TrEMBL;Acc:A0A8J2MLM5],Cercopithifilaria johnstoni (PRJEB47283),protein_coding,cejohnprjeb47283
CJOHNSTONI_LOCUS3397,rna-CJOHNSTONI_LOCUS3397,267,protein_coding,Transcription initiation factor TFIID subunit  [Source:UniProtKB/TrEMBL;Acc:A0A8J2PS57],Cercopithifilaria johnstoni (PRJEB47283),protein_coding,cejohnprjeb47283
CJOHNSTONI_LOCUS5752,rna-CJOHNSTONI_LOCUS5752,231,protein_coding,Matrin-type domain-containing protein  [Source:UniProtKB/TrEMBL;Acc:A0A8J2M4I8],Cercopithifilaria johnstoni (PRJEB47283),protein_coding,cejohnprjeb47283
CJOHNSTONI_LOCUS5706,rna-CJOHNSTONI_LOCUS5706,227,protein_coding,Eukaryotic translation initiation factor 3 subunit C  [Source:UniProtKB/TrEMBL;Acc:A0A8J2LYC0],Cercopithifilaria johnstoni (PRJEB47283),protein_coding,cejohnprjeb47283
CJOHNSTONI_LOCUS10490,rna-CJOHNSTONI_LOCUS10490,308,protein_coding,Aa_trans domain-containing protein  [Source:UniProtKB/TrEMBL;Acc:A0A8J2MG13],Cercopithifilaria johnstoni (PRJEB47283),protein_coding,cejohnprjeb47283
CJOHNSTONI_LOCUS4490,rna-CJOHNSTONI_LOCUS4490,240,protein_coding,peptidylprolyl isomerase  [Source:UniProtKB/TrEMBL;Acc:A0A8J2PZW8],Cercopithifilaria johnstoni (PRJEB47283),protein_coding,cejohnprjeb47283
CJOHNSTONI_LOCUS231,rna-CJOHNSTONI_LOCUS231,222,protein_coding,40S ribosomal protein S15  [Source:UniProtKB/TrEMBL;Acc:A0A8J2PZJ9],Cercopithifilaria johnstoni (PRJEB47283),protein_coding,cejohnprjeb47283
CJOHNSTONI_LOCUS7647,rna-CJOHNSTONI_LOCUS7647,100,protein_coding,DUF5600 domain-containing protein  [Source:UniProtKB/TrEMBL;Acc:A0A8J2MA63],Cercopithifilaria johnstoni (PRJEB47283),protein_coding,cejohnprjeb47283
CJOHNSTONI_LOCUS1563,rna-CJOHNSTONI_LOCUS1563,173,protein_coding,,Cercopithifilaria johnstoni (PRJEB47283),protein_coding,cejohnprjeb47283
CJOHNSTONI_LOCUS1740,rna-CJOHNSTONI_LOCUS1740,221,protein_coding,Phospholipase B-like  [Source:UniProtKB/TrEMBL;Acc:A0A8J2LND7],Cercopithifilaria johnstoni (PRJEB47283),protein_coding,cejohnprjeb47283
CJOHNSTONI_LOCUS522,rna-CJOHNSTONI_LOCUS522,203,protein_coding,Clc-like protein  [Source:UniProtKB/TrEMBL;Acc:A0A8J2Q853],Cercopithifilaria johnstoni (PRJEB47283),protein_coding,cejohnprjeb47283
CJOHNSTONI_LOCUS3780,rna-CJOHNSTONI_LOCUS3780,224,protein_coding,Activin_recp domain-containing protein  [Source:UniProtKB/TrEMBL;Acc:A0A8J2M285],Cercopithifilaria johnstoni (PRJEB47283),protein_coding,cejohnprjeb47283
CJOHNSTONI_LOCUS2678,rna-CJOHNSTONI_LOCUS2678,226,protein_coding,Kinesin-like protein  [Source:UniProtKB/TrEMBL;Acc:A0A8J2ML77],Cercopithifilaria johnstoni (PRJEB47283),protein_coding,cejohnprjeb47283
CJOHNSTONI_LOCUS2893,rna-CJOHNSTONI_LOCUS2893,174,protein_coding,,Cercopithifilaria johnstoni (PRJEB47283),protein_coding,cejohnprjeb47283
CJOHNSTONI_LOCUS3715,rna-CJOHNSTONI_LOCUS3715,174,protein_coding,MFS domain-containing protein  [Source:UniProtKB/TrEMBL;Acc:A0A8J2PSF3],Cercopithifilaria johnstoni (PRJEB47283),protein_coding,cejohnprjeb47283
CJOHNSTONI_LOCUS1357,rna-CJOHNSTONI_LOCUS1357,204,protein_coding,IQ calmodulin-binding motif-containing protein 1  [Source:UniProtKB/TrEMBL;Acc:A0A8J2PQE1],Cercopithifilaria johnstoni (PRJEB47283),protein_coding,cejohnprjeb47283
CJOHNSTONI_LOCUS6480,rna-CJOHNSTONI_LOCUS6480,248,protein_coding,Structural maintenance of chromosomes protein  [Source:UniProtKB/TrEMBL;Acc:A0A8J2QAH4],Cercopithifilaria johnstoni (PRJEB47283),protein_coding,cejohnprjeb47283
CJOHNSTONI_LOCUS8394,rna-CJOHNSTONI_LOCUS8394,226,protein_coding,J domain-containing protein  [Source:UniProtKB/TrEMBL;Acc:A0A8J2Q358],Cercopithifilaria johnstoni (PRJEB47283),protein_coding,cejohnprjeb47283
CJOHNSTONI_LOCUS7543,rna-CJOHNSTONI_LOCUS7543,185,protein_coding,OstA-like_N domain-containing protein  [Source:UniProtKB/TrEMBL;Acc:A0A8J2M876],Cercopithifilaria johnstoni (PRJEB47283),protein_coding,cejohnprjeb47283
CJOHNSTONI_LOCUS2222,rna-CJOHNSTONI_LOCUS2222,809,protein_coding,RNase_Zc3h12a_2 domain-containing protein  [Source:UniProtKB/TrEMBL;Acc:A0A8J2PXI2],Cercopithifilaria johnstoni (PRJEB47283),protein_coding,cejohnprjeb47283
CJOHNSTONI_LOCUS4726,rna-CJOHNSTONI_LOCUS4726,202,protein_coding,AAA-ATPase_like domain-containing protein  [Source:UniProtKB/TrEMBL;Acc:A0A8J2M3D0],Cercopithifilaria johnstoni (PRJEB47283),protein_coding,cejohnprjeb47283
CJOHNSTONI_LOCUS10369,rna-CJOHNSTONI_LOCUS10369,278,protein_coding,WD_REPEATS_REGION domain-containing protein  [Source:UniProtKB/TrEMBL;Acc:A0A8J2Q4N6],Cercopithifilaria johnstoni (PRJEB47283),protein_coding,cejohnprjeb47283
CJOHNSTONI_LOCUS2381,rna-CJOHNSTONI_LOCUS2381,237,protein_coding,PWI domain-containing protein  [Source:UniProtKB/TrEMBL;Acc:A0A8J2Q943],Cercopithifilaria johnstoni (PRJEB47283),protein_coding,cejohnprjeb47283
CJOHNSTONI_LOCUS985,rna-CJOHNSTONI_LOCUS985,225,protein_coding,Transmembrane protein  [Source:UniProtKB/TrEMBL;Acc:A0A8J2LV98],Cercopithifilaria johnstoni (PRJEB47283),protein_coding,cejohnprjeb47283
CJOHNSTONI_LOCUS10258,rna-CJOHNSTONI_LOCUS10258,163,protein_coding,WD_REPEATS_REGION domain-containing protein  [Source:UniProtKB/TrEMBL;Acc:A0A8J2Q4K3],Cercopithifilaria johnstoni (PRJEB47283),protein_coding,cejohnprjeb47283
CJOHNSTONI_LOCUS423,rna-CJOHNSTONI_LOCUS423,287,protein_coding,receptor protein-tyrosine kinase  [Source:UniProtKB/TrEMBL;Acc:A0A8J2LVL9],Cercopithifilaria johnstoni (PRJEB47283),protein_coding,cejohnprjeb47283
CJOHNSTONI_LOCUS188,rna-CJOHNSTONI_LOCUS188,356,protein_coding,G_PROTEIN_RECEP_F1_2 domain-containing protein  [Source:UniProtKB/TrEMBL;Acc:A0A8J2LV61],Cercopithifilaria johnstoni (PRJEB47283),protein_coding,cejohnprjeb47283
CJOHNSTONI_LOCUS3815,rna-CJOHNSTONI_LOCUS3815,201,protein_coding,RT_RNaseH_2 domain-containing protein  [Source:UniProtKB/TrEMBL;Acc:A0A8J2Q9P6],Cercopithifilaria johnstoni (PRJEB47283),protein_coding,cejohnprjeb47283
CJOHNSTONI_LOCUS9617,rna-CJOHNSTONI_LOCUS9617,194,protein_coding,Histone H2A  [Source:UniProtKB/TrEMBL;Acc:A0A8J2M4Z9],Cercopithifilaria johnstoni (PRJEB47283),protein_coding,cejohnprjeb47283
CJOHNSTONI_LOCUS5477,rna-CJOHNSTONI_LOCUS5477,186,protein_coding,Dynein light chain  [Source:UniProtKB/TrEMBL;Acc:A0A8J2Q0R0],Cercopithifilaria johnstoni (PRJEB47283),protein_coding,cejohnprjeb47283
CJOHNSTONI_LOCUS8735,rna-CJOHNSTONI_LOCUS8735,322,protein_coding,HMG box domain-containing protein  [Source:UniProtKB/TrEMBL;Acc:A0A8J2MT88],Cercopithifilaria johnstoni (PRJEB47283),protein_coding,cejohnprjeb47283
CJOHNSTONI_LOCUS4206,rna-CJOHNSTONI_LOCUS4206,561,protein_coding,BED-type domain-containing protein  [Source:UniProtKB/TrEMBL;Acc:A0A8J2Q9V1],Cercopithifilaria johnstoni (PRJEB47283),protein_coding,cejohnprjeb47283
CJOHNSTONI_LOCUS4027,rna-CJOHNSTONI_LOCUS4027,385,protein_coding,Heat shock protein 70  [Source:UniProtKB/TrEMBL;Acc:A0A8J2MM43],Cercopithifilaria johnstoni (PRJEB47283),protein_coding,cejohnprjeb47283
CJOHNSTONI_LOCUS8816,rna-CJOHNSTONI_LOCUS8816,684,protein_coding,C2H2-type domain-containing protein  [Source:UniProtKB/TrEMBL;Acc:A0A8J2MCS1],Cercopithifilaria johnstoni (PRJEB47283),protein_coding,cejohnprjeb47283
CJOHNSTONI_LOCUS4885,rna-CJOHNSTONI_LOCUS4885,368,protein_coding,GRASP55/65 family protein  [Source:UniProtKB/TrEMBL;Acc:A0A8J2MN46],Cercopithifilaria johnstoni (PRJEB47283),protein_coding,cejohnprjeb47283
CJOHNSTONI_LOCUS4147,rna-CJOHNSTONI_LOCUS4147,226,protein_coding,Transmembrane protein  [Source:UniProtKB/TrEMBL;Acc:A0A8J2Q6M4],Cercopithifilaria johnstoni (PRJEB47283),protein_coding,cejohnprjeb47283
CJOHNSTONI_LOCUS847,rna-CJOHNSTONI_LOCUS847,187,protein_coding,ZP domain-containing protein  [Source:UniProtKB/TrEMBL;Acc:A0A8J2LV08],Cercopithifilaria johnstoni (PRJEB47283),protein_coding,cejohnprjeb47283
CJOHNSTONI_LOCUS10568,rna-CJOHNSTONI_LOCUS10568,231,protein_coding,TOM1-like protein 2  [Source:UniProtKB/TrEMBL;Acc:A0A8J2MW17],Cercopithifilaria johnstoni (PRJEB47283),protein_coding,cejohnprjeb47283
CJOHNSTONI_LOCUS7408,rna-CJOHNSTONI_LOCUS7408,178,protein_coding,Tripartite motif-containing protein 2  [Source:UniProtKB/TrEMBL;Acc:A0A8J2M932],Cercopithifilaria johnstoni (PRJEB47283),protein_coding,cejohnprjeb47283
CJOHNSTONI_LOCUS2384,rna-CJOHNSTONI_LOCUS2384,224,protein_coding,Major sperm protein  [Source:UniProtKB/TrEMBL;Acc:A0A8J2LXW3],Cercopithifilaria johnstoni (PRJEB47283),protein_coding,cejohnprjeb47283
CJOHNSTONI_LOCUS10263,rna-CJOHNSTONI_LOCUS10263,158,protein_coding,Filamin-A  [Source:UniProtKB/TrEMBL;Acc:A0A8J2MUV8],Cercopithifilaria johnstoni (PRJEB47283),protein_coding,cejohnprjeb47283
CJOHNSTONI_LOCUS2057,rna-CJOHNSTONI_LOCUS2057,446,protein_coding,,Cercopithifilaria johnstoni (PRJEB47283),protein_coding,cejohnprjeb47283
CJOHNSTONI_LOCUS5026,rna-CJOHNSTONI_LOCUS5026,301,protein_coding,non-specific serine/threonine protein kinase  [Source:UniProtKB/TrEMBL;Acc:A0A8J2Q779],Cercopithifilaria johnstoni (PRJEB47283),protein_coding,cejohnprjeb47283
CJOHNSTONI_LOCUS7985,rna-CJOHNSTONI_LOCUS7985,281,protein_coding,Post-GPI attachment to proteins factor 2  [Source:UniProtKB/TrEMBL;Acc:A0A8J2Q2T7],Cercopithifilaria johnstoni (PRJEB47283),protein_coding,cejohnprjeb47283
CJOHNSTONI_LOCUS78,rna-CJOHNSTONI_LOCUS78,155,protein_coding,Transcription initiation factor TFIID subunit 9  [Source:UniProtKB/TrEMBL;Acc:A0A8J2PZD0],Cercopithifilaria johnstoni (PRJEB47283),protein_coding,cejohnprjeb47283
CJOHNSTONI_LOCUS9995,rna-CJOHNSTONI_LOCUS9995,257,protein_coding,PIN domain-containing protein  [Source:UniProtKB/TrEMBL;Acc:A0A8J2MFG8],Cercopithifilaria johnstoni (PRJEB47283),protein_coding,cejohnprjeb47283
CJOHNSTONI_LOCUS5738,rna-CJOHNSTONI_LOCUS5738,240,protein_coding,Mitochondrial inner membrane protein OXA1  [Source:UniProtKB/TrEMBL;Acc:A0A8J2MPF7],Cercopithifilaria johnstoni (PRJEB47283),protein_coding,cejohnprjeb47283
CJOHNSTONI_LOCUS1986,rna-CJOHNSTONI_LOCUS1986,206,protein_coding,Integrase catalytic domain-containing protein  [Source:UniProtKB/TrEMBL;Acc:A0A8J2MJU1],Cercopithifilaria johnstoni (PRJEB47283),protein_coding,cejohnprjeb47283
CJOHNSTONI_LOCUS8953,rna-CJOHNSTONI_LOCUS8953,330,protein_coding,G_PROTEIN_RECEP_F1_2 domain-containing protein  [Source:UniProtKB/TrEMBL;Acc:A0A8J2MB34],Cercopithifilaria johnstoni (PRJEB47283),protein_coding,cejohnprjeb47283
CJOHNSTONI_LOCUS8929,rna-CJOHNSTONI_LOCUS8929,210,protein_coding,Protein sleepless  [Source:UniProtKB/TrEMBL;Acc:A0A8J2MCG8],Cercopithifilaria johnstoni (PRJEB47283),protein_coding,cejohnprjeb47283
CJOHNSTONI_LOCUS7278,rna-CJOHNSTONI_LOCUS7278,413,protein_coding,BESS domain-containing protein  [Source:UniProtKB/TrEMBL;Acc:A0A8J2Q5R2],Cercopithifilaria johnstoni (PRJEB47283),protein_coding,cejohnprjeb47283
CJOHNSTONI_LOCUS7190,rna-CJOHNSTONI_LOCUS7190,2600,protein_coding,PEHE domain-containing protein  [Source:UniProtKB/TrEMBL;Acc:A0A8J2M8J2],Cercopithifilaria johnstoni (PRJEB47283),protein_coding,cejohnprjeb47283
CJOHNSTONI_LOCUS6094,rna-CJOHNSTONI_LOCUS6094,359,protein_coding,Vegetative cell wall protein gp1-like  [Source:UniProtKB/TrEMBL;Acc:A0A8J2MPW5],Cercopithifilaria johnstoni (PRJEB47283),protein_coding,cejohnprjeb47283
CJOHNSTONI_LOCUS2369,rna-CJOHNSTONI_LOCUS2369,212,protein_coding,Sodium/hydrogen exchanger  [Source:UniProtKB/TrEMBL;Acc:A0A8J2LRQ7],Cercopithifilaria johnstoni (PRJEB47283),protein_coding,cejohnprjeb47283
CJOHNSTONI_LOCUS8645,rna-CJOHNSTONI_LOCUS8645,197,protein_coding,J domain-containing protein  [Source:UniProtKB/TrEMBL;Acc:A0A8J2Q8V4],Cercopithifilaria johnstoni (PRJEB47283),protein_coding,cejohnprjeb47283
CJOHNSTONI_LOCUS3867,rna-CJOHNSTONI_LOCUS3867,177,protein_coding,6-phosphogluconolactonase  [Source:UniProtKB/TrEMBL;Acc:A0A8J2PSJ0],Cercopithifilaria johnstoni (PRJEB47283),protein_coding,cejohnprjeb47283
CJOHNSTONI_LOCUS7959,rna-CJOHNSTONI_LOCUS7959,289,protein_coding,,Cercopithifilaria johnstoni (PRJEB47283),protein_coding,cejohnprjeb47283
CJOHNSTONI_LOCUS6100,rna-CJOHNSTONI_LOCUS6100,223,protein_coding,Mitochondrial coenzyme A transporter SLC25A42  [Source:UniProtKB/TrEMBL;Acc:A0A8J2Q7T3],Cercopithifilaria johnstoni (PRJEB47283),protein_coding,cejohnprjeb47283
CJOHNSTONI_LOCUS8218,rna-CJOHNSTONI_LOCUS8218,259,protein_coding,GLOBIN domain-containing protein  [Source:UniProtKB/TrEMBL;Acc:A0A8J2M2L8],Cercopithifilaria johnstoni (PRJEB47283),protein_coding,cejohnprjeb47283
CJOHNSTONI_LOCUS4109,rna-CJOHNSTONI_LOCUS4109,152,protein_coding,Thyroglobulin type-1 domain-containing protein  [Source:UniProtKB/TrEMBL;Acc:A0A8J2LV88],Cercopithifilaria johnstoni (PRJEB47283),protein_coding,cejohnprjeb47283
CJOHNSTONI_LOCUS4135,rna-CJOHNSTONI_LOCUS4135,152,protein_coding,Heat shock factor-binding protein 1  [Source:UniProtKB/TrEMBL;Acc:A0A8J2Q319],Cercopithifilaria johnstoni (PRJEB47283),protein_coding,cejohnprjeb47283
CJOHNSTONI_LOCUS9784,rna-CJOHNSTONI_LOCUS9784,190,protein_coding,Ceramidase  [Source:UniProtKB/TrEMBL;Acc:A0A8J2M6D7],Cercopithifilaria johnstoni (PRJEB47283),protein_coding,cejohnprjeb47283
CJOHNSTONI_LOCUS261,rna-CJOHNSTONI_LOCUS261,224,protein_coding,Calcium homeostasis endoplasmic reticulum protein  [Source:UniProtKB/TrEMBL;Acc:A0A8J2PZK6],Cercopithifilaria johnstoni (PRJEB47283),protein_coding,cejohnprjeb47283
CJOHNSTONI_LOCUS6366,rna-CJOHNSTONI_LOCUS6366,238,protein_coding,MADF domain-containing protein  [Source:UniProtKB/TrEMBL;Acc:A0A8J2M6L9],Cercopithifilaria johnstoni (PRJEB47283),protein_coding,cejohnprjeb47283
CJOHNSTONI_LOCUS775,rna-CJOHNSTONI_LOCUS775,473,protein_coding,Deleted in azoospermia-associated protein 2  [Source:UniProtKB/TrEMBL;Acc:A0A8J2PVU8],Cercopithifilaria johnstoni (PRJEB47283),protein_coding,cejohnprjeb47283
CJOHNSTONI_LOCUS1220,rna-CJOHNSTONI_LOCUS1220,238,protein_coding,G_PROTEIN_RECEP_F1_2 domain-containing protein  [Source:UniProtKB/TrEMBL;Acc:A0A8J2Q8G8],Cercopithifilaria johnstoni (PRJEB47283),protein_coding,cejohnprjeb47283
CJOHNSTONI_LOCUS2315,rna-CJOHNSTONI_LOCUS2315,169,protein_coding,G_PROTEIN_RECEP_F1_2 domain-containing protein  [Source:UniProtKB/TrEMBL;Acc:A0A8J2Q4L0],Cercopithifilaria johnstoni (PRJEB47283),protein_coding,cejohnprjeb47283
CJOHNSTONI_LOCUS9161,rna-CJOHNSTONI_LOCUS9161,220,protein_coding,,Cercopithifilaria johnstoni (PRJEB47283),protein_coding,cejohnprjeb47283
CJOHNSTONI_LOCUS4593,rna-CJOHNSTONI_LOCUS4593,222,protein_coding,HECT domain-containing protein  [Source:UniProtKB/TrEMBL;Acc:A0A8J2MN67],Cercopithifilaria johnstoni (PRJEB47283),protein_coding,cejohnprjeb47283
CJOHNSTONI_LOCUS375,rna-CJOHNSTONI_LOCUS375,242,protein_coding,Nucleolar protein 58-like  [Source:UniProtKB/TrEMBL;Acc:A0A8J2Q821],Cercopithifilaria johnstoni (PRJEB47283),protein_coding,cejohnprjeb47283
CJOHNSTONI_LOCUS4409,rna-CJOHNSTONI_LOCUS4409,386,protein_coding,Sodium/potassium-transporting ATPase subunit alpha  [Source:UniProtKB/TrEMBL;Acc:A0A8J2Q9Y1],Cercopithifilaria johnstoni (PRJEB47283),protein_coding,cejohnprjeb47283
CJOHNSTONI_LOCUS4267,rna-CJOHNSTONI_LOCUS4267,271,protein_coding,MFS domain-containing protein  [Source:UniProtKB/TrEMBL;Acc:A0A8J2M2Y2],Cercopithifilaria johnstoni (PRJEB47283),protein_coding,cejohnprjeb47283
CJOHNSTONI_LOCUS3782,rna-CJOHNSTONI_LOCUS3782,194,protein_coding,TPR_REGION domain-containing protein  [Source:UniProtKB/TrEMBL;Acc:A0A8J2M1N6],Cercopithifilaria johnstoni (PRJEB47283),protein_coding,cejohnprjeb47283
CJOHNSTONI_LOCUS3697,rna-CJOHNSTONI_LOCUS3697,265,protein_coding,TBC1 domain family member 23  [Source:UniProtKB/TrEMBL;Acc:A0A8J2M4H1],Cercopithifilaria johnstoni (PRJEB47283),protein_coding,cejohnprjeb47283
CJOHNSTONI_LOCUS4397,rna-CJOHNSTONI_LOCUS4397,256,protein_coding,UBX domain-containing protein  [Source:UniProtKB/TrEMBL;Acc:A0A8J2LVX1],Cercopithifilaria johnstoni (PRJEB47283),protein_coding,cejohnprjeb47283
CJOHNSTONI_LOCUS5761,rna-CJOHNSTONI_LOCUS5761,177,protein_coding,CS domain-containing protein  [Source:UniProtKB/TrEMBL;Acc:A0A8J2PU37],Cercopithifilaria johnstoni (PRJEB47283),protein_coding,cejohnprjeb47283
CJOHNSTONI_LOCUS1564,rna-CJOHNSTONI_LOCUS1564,191,protein_coding,UNC93-like protein MFSD11  [Source:UniProtKB/TrEMBL;Acc:A0A8J2LY86],Cercopithifilaria johnstoni (PRJEB47283),protein_coding,cejohnprjeb47283
CJOHNSTONI_LOCUS8540,rna-CJOHNSTONI_LOCUS8540,174,protein_coding,AB hydrolase-1 domain-containing protein  [Source:UniProtKB/TrEMBL;Acc:A0A8J2PXE8],Cercopithifilaria johnstoni (PRJEB47283),protein_coding,cejohnprjeb47283
CJOHNSTONI_LOCUS6573,rna-CJOHNSTONI_LOCUS6573,124,protein_coding,EB domain-containing protein  [Source:UniProtKB/TrEMBL;Acc:A0A8J2M7T2],Cercopithifilaria johnstoni (PRJEB47283),protein_coding,cejohnprjeb47283
CJOHNSTONI_LOCUS4703,rna-CJOHNSTONI_LOCUS4703,152,protein_coding,AH domain-containing protein  [Source:UniProtKB/TrEMBL;Acc:A0A8J2Q3K0],Cercopithifilaria johnstoni (PRJEB47283),protein_coding,cejohnprjeb47283
CJOHNSTONI_LOCUS3299,rna-CJOHNSTONI_LOCUS3299,288,protein_coding,PRKG1_interact domain-containing protein  [Source:UniProtKB/TrEMBL;Acc:A0A8J2PS26],Cercopithifilaria johnstoni (PRJEB47283),protein_coding,cejohnprjeb47283
CJOHNSTONI_LOCUS2020,rna-CJOHNSTONI_LOCUS2020,234,protein_coding,UBX domain-containing protein  [Source:UniProtKB/TrEMBL;Acc:A0A8J2Q4C0],Cercopithifilaria johnstoni (PRJEB47283),protein_coding,cejohnprjeb47283
CJOHNSTONI_LOCUS9817,rna-CJOHNSTONI_LOCUS9817,230,protein_coding,Glycine N-acyltransferase-like protein  [Source:UniProtKB/TrEMBL;Acc:A0A8J2ME96],Cercopithifilaria johnstoni (PRJEB47283),protein_coding,cejohnprjeb47283
CJOHNSTONI_LOCUS6813,rna-CJOHNSTONI_LOCUS6813,325,protein_coding,HTH La-type RNA-binding domain-containing protein  [Source:UniProtKB/TrEMBL;Acc:A0A8J2M6V4],Cercopithifilaria johnstoni (PRJEB47283),protein_coding,cejohnprjeb47283
CJOHNSTONI_LOCUS2813,rna-CJOHNSTONI_LOCUS2813,184,protein_coding,Activin_recp domain-containing protein  [Source:UniProtKB/TrEMBL;Acc:A0A8J2LQ45],Cercopithifilaria johnstoni (PRJEB47283),protein_coding,cejohnprjeb47283
CJOHNSTONI_LOCUS7625,rna-CJOHNSTONI_LOCUS7625,173,protein_coding,Neur_chan_memb domain-containing protein  [Source:UniProtKB/TrEMBL;Acc:A0A8J2QAQ9],Cercopithifilaria johnstoni (PRJEB47283),protein_coding,cejohnprjeb47283
CJOHNSTONI_LOCUS48,rna-CJOHNSTONI_LOCUS48,172,protein_coding,CUB domain-containing protein  [Source:UniProtKB/TrEMBL;Acc:A0A8J2LVH4],Cercopithifilaria johnstoni (PRJEB47283),protein_coding,cejohnprjeb47283
CJOHNSTONI_LOCUS2791,rna-CJOHNSTONI_LOCUS2791,166,protein_coding,Solute carrier organic anion transporter family member  [Source:UniProtKB/TrEMBL;Acc:A0A8J2MLB7],Cercopithifilaria johnstoni (PRJEB47283),protein_coding,cejohnprjeb47283
CJOHNSTONI_LOCUS4953,rna-CJOHNSTONI_LOCUS4953,162,protein_coding,Pyroglutamyl-peptidase 1  [Source:UniProtKB/TrEMBL;Acc:A0A8J2M6H4],Cercopithifilaria johnstoni (PRJEB47283),protein_coding,cejohnprjeb47283
CJOHNSTONI_LOCUS4720,rna-CJOHNSTONI_LOCUS4720,323,protein_coding,Rad9  [Source:UniProtKB/TrEMBL;Acc:A0A8J2M224],Cercopithifilaria johnstoni (PRJEB47283),protein_coding,cejohnprjeb47283
CJOHNSTONI_LOCUS6463,rna-CJOHNSTONI_LOCUS6463,170,protein_coding,DUF3293 domain-containing protein  [Source:UniProtKB/TrEMBL;Acc:A0A8J2M6S5],Cercopithifilaria johnstoni (PRJEB47283),protein_coding,cejohnprjeb47283
CJOHNSTONI_LOCUS2342,rna-CJOHNSTONI_LOCUS2342,153,protein_coding,UBC core domain-containing protein  [Source:UniProtKB/TrEMBL;Acc:A0A8J2LPF7],Cercopithifilaria johnstoni (PRJEB47283),protein_coding,cejohnprjeb47283
CJOHNSTONI_LOCUS8136,rna-CJOHNSTONI_LOCUS8136,700,protein_coding,AB hydrolase-1 domain-containing protein  [Source:UniProtKB/TrEMBL;Acc:A0A8J2M2I5],Cercopithifilaria johnstoni (PRJEB47283),protein_coding,cejohnprjeb47283
CJOHNSTONI_LOCUS47,rna-CJOHNSTONI_LOCUS47,188,protein_coding,Chromo domain-containing protein  [Source:UniProtKB/TrEMBL;Acc:A0A8J2LUW2],Cercopithifilaria johnstoni (PRJEB47283),protein_coding,cejohnprjeb47283
CJOHNSTONI_LOCUS5180,rna-CJOHNSTONI_LOCUS5180,194,protein_coding,"28S ribosomal protein S24, mitochondrial  [Source:UniProtKB/TrEMBL;Acc:A0A8J2M3E8]",Cercopithifilaria johnstoni (PRJEB47283),protein_coding,cejohnprjeb47283
CJOHNSTONI_LOCUS10162,rna-CJOHNSTONI_LOCUS10162,239,protein_coding,Col_cuticle_N domain-containing protein  [Source:UniProtKB/TrEMBL;Acc:A0A8J2Q9H3],Cercopithifilaria johnstoni (PRJEB47283),protein_coding,cejohnprjeb47283
CJOHNSTONI_LOCUS6297,rna-CJOHNSTONI_LOCUS6297,236,protein_coding,Eukaryotic translation initiation factor 3 subunit G  [Source:UniProtKB/TrEMBL;Acc:A0A8J2M8U2],Cercopithifilaria johnstoni (PRJEB47283),protein_coding,cejohnprjeb47283
CJOHNSTONI_LOCUS10518,rna-CJOHNSTONI_LOCUS10518,186,protein_coding,PHD-type domain-containing protein  [Source:UniProtKB/TrEMBL;Acc:A0A8J2MHM0],Cercopithifilaria johnstoni (PRJEB47283),protein_coding,cejohnprjeb47283
CJOHNSTONI_LOCUS6185,rna-CJOHNSTONI_LOCUS6185,107,protein_coding,Agenet domain-containing protein  [Source:UniProtKB/TrEMBL;Acc:A0A8J2MQ11],Cercopithifilaria johnstoni (PRJEB47283),protein_coding,cejohnprjeb47283
CJOHNSTONI_LOCUS10481,rna-CJOHNSTONI_LOCUS10481,366,protein_coding,Chondroitin sulfate proteoglycan 4  [Source:UniProtKB/TrEMBL;Acc:A0A8J2Q7H4],Cercopithifilaria johnstoni (PRJEB47283),protein_coding,cejohnprjeb47283
CJOHNSTONI_LOCUS8019,rna-CJOHNSTONI_LOCUS8019,310,protein_coding,J domain-containing protein  [Source:UniProtKB/TrEMBL;Acc:A0A8J2M9K5],Cercopithifilaria johnstoni (PRJEB47283),protein_coding,cejohnprjeb47283
CJOHNSTONI_LOCUS3206,rna-CJOHNSTONI_LOCUS3206,164,protein_coding,DUF1097 domain-containing protein  [Source:UniProtKB/TrEMBL;Acc:A0A8J2LQM6],Cercopithifilaria johnstoni (PRJEB47283),protein_coding,cejohnprjeb47283
CJOHNSTONI_LOCUS1246,rna-CJOHNSTONI_LOCUS1246,317,protein_coding,,Cercopithifilaria johnstoni (PRJEB47283),protein_coding,cejohnprjeb47283
CJOHNSTONI_LOCUS6243,rna-CJOHNSTONI_LOCUS6243,146,protein_coding,Secreted protein  [Source:UniProtKB/TrEMBL;Acc:A0A8J2M8R5],Cercopithifilaria johnstoni (PRJEB47283),protein_coding,cejohnprjeb47283
CJOHNSTONI_LOCUS2290,rna-CJOHNSTONI_LOCUS2290,812,protein_coding,Elongation of very long chain fatty acids protein  [Source:UniProtKB/TrEMBL;Acc:A0A8J2Q1F5],Cercopithifilaria johnstoni (PRJEB47283),protein_coding,cejohnprjeb47283
CJOHNSTONI_LOCUS3089,rna-CJOHNSTONI_LOCUS3089,117,protein_coding,,Cercopithifilaria johnstoni (PRJEB47283),protein_coding,cejohnprjeb47283
CJOHNSTONI_LOCUS4717,rna-CJOHNSTONI_LOCUS4717,312,protein_coding,KH_10 domain-containing protein  [Source:UniProtKB/TrEMBL;Acc:A0A8J2Q010],Cercopithifilaria johnstoni (PRJEB47283),protein_coding,cejohnprjeb47283
CJOHNSTONI_LOCUS8883,rna-CJOHNSTONI_LOCUS8883,219,protein_coding,ZP domain-containing protein  [Source:UniProtKB/TrEMBL;Acc:A0A8J2MTQ1],Cercopithifilaria johnstoni (PRJEB47283),protein_coding,cejohnprjeb47283
CJOHNSTONI_LOCUS5825,rna-CJOHNSTONI_LOCUS5825-2,190,protein_coding,,Cercopithifilaria johnstoni (PRJEB47283),protein_coding,cejohnprjeb47283
CJOHNSTONI_LOCUS6019,rna-CJOHNSTONI_LOCUS6019,406,protein_coding,RING-CH-type domain-containing protein  [Source:UniProtKB/TrEMBL;Acc:A0A8J2Q180],Cercopithifilaria johnstoni (PRJEB47283),protein_coding,cejohnprjeb47283
CJOHNSTONI_LOCUS4830,rna-CJOHNSTONI_LOCUS4830,907,protein_coding,Subtilisin  [Source:UniProtKB/TrEMBL;Acc:A0A8J2MN11],Cercopithifilaria johnstoni (PRJEB47283),protein_coding,cejohnprjeb47283
CJOHNSTONI_LOCUS1538,rna-CJOHNSTONI_LOCUS1538,227,protein_coding,WD_REPEATS_REGION domain-containing protein  [Source:UniProtKB/TrEMBL;Acc:A0A8J2Q8M7],Cercopithifilaria johnstoni (PRJEB47283),protein_coding,cejohnprjeb47283
CJOHNSTONI_LOCUS1247,rna-CJOHNSTONI_LOCUS1247,199,protein_coding,PEPCK_GTP domain-containing protein  [Source:UniProtKB/TrEMBL;Acc:A0A8J2Q8H3],Cercopithifilaria johnstoni (PRJEB47283),protein_coding,cejohnprjeb47283
CJOHNSTONI_LOCUS5602,rna-CJOHNSTONI_LOCUS5602,178,protein_coding,"RNA polymerase I associated factor, A49-like protein  [Source:UniProtKB/TrEMBL;Acc:A0A8J2M7L6]",Cercopithifilaria johnstoni (PRJEB47283),protein_coding,cejohnprjeb47283
CJOHNSTONI_LOCUS5159,rna-CJOHNSTONI_LOCUS5159,236,protein_coding,Ubiquitin carboxyl-terminal hydrolase  [Source:UniProtKB/TrEMBL;Acc:A0A8J2M4A4],Cercopithifilaria johnstoni (PRJEB47283),protein_coding,cejohnprjeb47283
CJOHNSTONI_LOCUS3482,rna-CJOHNSTONI_LOCUS3482,232,protein_coding,JmjC domain-containing protein  [Source:UniProtKB/TrEMBL;Acc:A0A8J2Q2J0],Cercopithifilaria johnstoni (PRJEB47283),protein_coding,cejohnprjeb47283
CJOHNSTONI_LOCUS2359,rna-CJOHNSTONI_LOCUS2359-2,277,protein_coding,Cnn_1N domain-containing protein  [Source:UniProtKB/TrEMBL;Acc:A0A8J2MKA7],Cercopithifilaria johnstoni (PRJEB47283),protein_coding,cejohnprjeb47283
CJOHNSTONI_LOCUS3357,rna-CJOHNSTONI_LOCUS3357,235,protein_coding,ADP-ribosylation factor-like protein 8B  [Source:UniProtKB/TrEMBL;Acc:A0A8J2LTS1],Cercopithifilaria johnstoni (PRJEB47283),protein_coding,cejohnprjeb47283
CJOHNSTONI_LOCUS5758,rna-CJOHNSTONI_LOCUS5758,258,protein_coding,,Cercopithifilaria johnstoni (PRJEB47283),protein_coding,cejohnprjeb47283
CJOHNSTONI_LOCUS10100,rna-CJOHNSTONI_LOCUS10100,219,protein_coding,CYRIA-B_Rac1-bd domain-containing protein  [Source:UniProtKB/TrEMBL;Acc:A0A8J2MD67],Cercopithifilaria johnstoni (PRJEB47283),protein_coding,cejohnprjeb47283
CJOHNSTONI_LOCUS8581,rna-CJOHNSTONI_LOCUS8581,220,protein_coding,Adiponectin receptor protein  [Source:UniProtKB/TrEMBL;Acc:A0A8J2MCB1],Cercopithifilaria johnstoni (PRJEB47283),protein_coding,cejohnprjeb47283
CJOHNSTONI_LOCUS8790,rna-CJOHNSTONI_LOCUS8790,216,protein_coding,Importin N-terminal domain-containing protein  [Source:UniProtKB/TrEMBL;Acc:A0A8J2MC80],Cercopithifilaria johnstoni (PRJEB47283),protein_coding,cejohnprjeb47283
CJOHNSTONI_LOCUS10200,rna-CJOHNSTONI_LOCUS10200,251,protein_coding,Nuclear envelope integral membrane protein 1  [Source:UniProtKB/TrEMBL;Acc:A0A8J2MFB6],Cercopithifilaria johnstoni (PRJEB47283),protein_coding,cejohnprjeb47283
CJOHNSTONI_LOCUS2850,rna-CJOHNSTONI_LOCUS2850,188,protein_coding,Costars domain-containing protein  [Source:UniProtKB/TrEMBL;Acc:A0A8J2M054],Cercopithifilaria johnstoni (PRJEB47283),protein_coding,cejohnprjeb47283
CJOHNSTONI_LOCUS8381,rna-CJOHNSTONI_LOCUS8381,260,protein_coding,fructose-bisphosphatase  [Source:UniProtKB/TrEMBL;Acc:A0A8J2Q6E0],Cercopithifilaria johnstoni (PRJEB47283),protein_coding,cejohnprjeb47283
CJOHNSTONI_LOCUS8510,rna-CJOHNSTONI_LOCUS8510,175,protein_coding,COMM domain-containing protein  [Source:UniProtKB/TrEMBL;Acc:A0A8J2MA58],Cercopithifilaria johnstoni (PRJEB47283),protein_coding,cejohnprjeb47283
CJOHNSTONI_LOCUS10021,rna-CJOHNSTONI_LOCUS10021,194,protein_coding,Protein kinase domain-containing protein  [Source:UniProtKB/TrEMBL;Acc:A0A8J2MEZ3],Cercopithifilaria johnstoni (PRJEB47283),protein_coding,cejohnprjeb47283
CJOHNSTONI_LOCUS4943,rna-CJOHNSTONI_LOCUS4943,245,protein_coding,Calcium-dependent secretion activator  [Source:UniProtKB/TrEMBL;Acc:A0A8J2M4A0],Cercopithifilaria johnstoni (PRJEB47283),protein_coding,cejohnprjeb47283
CJOHNSTONI_LOCUS9203,rna-CJOHNSTONI_LOCUS9203,169,protein_coding,Ovule protein  [Source:UniProtKB/TrEMBL;Acc:A0A8J2MD66],Cercopithifilaria johnstoni (PRJEB47283),protein_coding,cejohnprjeb47283
CJOHNSTONI_LOCUS7990,rna-CJOHNSTONI_LOCUS7990,160,protein_coding,ShTK domain protein  [Source:UniProtKB/TrEMBL;Acc:A0A8J2MS31],Cercopithifilaria johnstoni (PRJEB47283),protein_coding,cejohnprjeb47283
CJOHNSTONI_LOCUS7337,rna-CJOHNSTONI_LOCUS7337,606,protein_coding,RNA-binding protein 15B  [Source:UniProtKB/TrEMBL;Acc:A0A8J2M1T9],Cercopithifilaria johnstoni (PRJEB47283),protein_coding,cejohnprjeb47283
CJOHNSTONI_LOCUS9570,rna-CJOHNSTONI_LOCUS9570,150,protein_coding,Fringe glycosyltransferase  [Source:UniProtKB/TrEMBL;Acc:A0A8J2Q985],Cercopithifilaria johnstoni (PRJEB47283),protein_coding,cejohnprjeb47283
CJOHNSTONI_LOCUS9986,rna-CJOHNSTONI_LOCUS9986,148,protein_coding,Secreted protein  [Source:UniProtKB/TrEMBL;Acc:A0A8J2Q781],Cercopithifilaria johnstoni (PRJEB47283),protein_coding,cejohnprjeb47283
CJOHNSTONI_LOCUS438,rna-CJOHNSTONI_LOCUS438,188,protein_coding,Peptidase A1 domain-containing protein  [Source:UniProtKB/TrEMBL;Acc:A0A8J2PPK8],Cercopithifilaria johnstoni (PRJEB47283),protein_coding,cejohnprjeb47283
CJOHNSTONI_LOCUS571,rna-CJOHNSTONI_LOCUS571,144,protein_coding,Jacalin-type lectin domain-containing protein  [Source:UniProtKB/TrEMBL;Acc:A0A8J2LYX1],Cercopithifilaria johnstoni (PRJEB47283),protein_coding,cejohnprjeb47283
CJOHNSTONI_LOCUS9034,rna-CJOHNSTONI_LOCUS9034,125,protein_coding,Phage protein  [Source:UniProtKB/TrEMBL;Acc:A0A8J2M4R1],Cercopithifilaria johnstoni (PRJEB47283),protein_coding,cejohnprjeb47283
CJOHNSTONI_LOCUS2948,rna-CJOHNSTONI_LOCUS2948,223,protein_coding,NNMT/PNMT/TEMT family protein  [Source:UniProtKB/TrEMBL;Acc:A0A8J2LZE1],Cercopithifilaria johnstoni (PRJEB47283),protein_coding,cejohnprjeb47283
CJOHNSTONI_LOCUS2337,rna-CJOHNSTONI_LOCUS2337,256,protein_coding,5'-3' exoribonuclease  [Source:UniProtKB/TrEMBL;Acc:A0A8J2LZL2],Cercopithifilaria johnstoni (PRJEB47283),protein_coding,cejohnprjeb47283
CJOHNSTONI_LOCUS3071,rna-CJOHNSTONI_LOCUS3071,238,protein_coding,Tudor domain-containing protein  [Source:UniProtKB/TrEMBL;Acc:A0A8J2LZL5],Cercopithifilaria johnstoni (PRJEB47283),protein_coding,cejohnprjeb47283
CJOHNSTONI_LOCUS8030,rna-CJOHNSTONI_LOCUS8030,218,protein_coding,Four and a half LIM domains protein 2  [Source:UniProtKB/TrEMBL;Acc:A0A8J2MB71],Cercopithifilaria johnstoni (PRJEB47283),protein_coding,cejohnprjeb47283
CJOHNSTONI_LOCUS9548,rna-CJOHNSTONI_LOCUS9548,244,protein_coding,Nicastrin  [Source:UniProtKB/TrEMBL;Acc:A0A8J2MU93],Cercopithifilaria johnstoni (PRJEB47283),protein_coding,cejohnprjeb47283
CJOHNSTONI_LOCUS3964,rna-CJOHNSTONI_LOCUS3964,149,protein_coding,,Cercopithifilaria johnstoni (PRJEB47283),protein_coding,cejohnprjeb47283
CJOHNSTONI_LOCUS6897,rna-CJOHNSTONI_LOCUS6897,238,protein_coding,DC_STAMP domain-containing protein  [Source:UniProtKB/TrEMBL;Acc:A0A8J2MA41],Cercopithifilaria johnstoni (PRJEB47283),protein_coding,cejohnprjeb47283
CJOHNSTONI_LOCUS2412,rna-CJOHNSTONI_LOCUS2412,1065,protein_coding,Kunitz/Bovine pancreatic trypsin inhibitor domain protein  [Source:UniProtKB/TrEMBL;Acc:A0A8J2LPJ6],Cercopithifilaria johnstoni (PRJEB47283),protein_coding,cejohnprjeb47283
CJOHNSTONI_LOCUS8425,rna-CJOHNSTONI_LOCUS8425,381,protein_coding,HMG box domain-containing protein  [Source:UniProtKB/TrEMBL;Acc:A0A8J2MSW1],Cercopithifilaria johnstoni (PRJEB47283),protein_coding,cejohnprjeb47283
CJOHNSTONI_LOCUS3548,rna-CJOHNSTONI_LOCUS3548,207,protein_coding,Prohibitin  [Source:UniProtKB/TrEMBL;Acc:A0A8J2PZ27],Cercopithifilaria johnstoni (PRJEB47283),protein_coding,cejohnprjeb47283
CJOHNSTONI_LOCUS6553,rna-CJOHNSTONI_LOCUS6553,173,protein_coding,General transcription factor II-I repeat domain-containing protein 2  [Source:UniProtKB/TrEMBL;Acc:A0A8J2M0A9],Cercopithifilaria johnstoni (PRJEB47283),protein_coding,cejohnprjeb47283
CJOHNSTONI_LOCUS4974,rna-CJOHNSTONI_LOCUS4974,167,protein_coding,Protein DOWN-REGULATED IN DIF1 11-like  [Source:UniProtKB/TrEMBL;Acc:A0A8J2Q092],Cercopithifilaria johnstoni (PRJEB47283),protein_coding,cejohnprjeb47283
CJOHNSTONI_LOCUS10257,rna-CJOHNSTONI_LOCUS10257,141,protein_coding,BAR domain-containing protein  [Source:UniProtKB/TrEMBL;Acc:A0A8J2Q7D7],Cercopithifilaria johnstoni (PRJEB47283),protein_coding,cejohnprjeb47283
CJOHNSTONI_LOCUS4854,rna-CJOHNSTONI_LOCUS4854,267,protein_coding,Protein sleepless  [Source:UniProtKB/TrEMBL;Acc:A0A8J2LWX5],Cercopithifilaria johnstoni (PRJEB47283),protein_coding,cejohnprjeb47283
CJOHNSTONI_LOCUS4164,rna-CJOHNSTONI_LOCUS4164,259,protein_coding,Eukaryotic translation initiation factor 3 subunit B  [Source:UniProtKB/TrEMBL;Acc:A0A8J2PSS5],Cercopithifilaria johnstoni (PRJEB47283),protein_coding,cejohnprjeb47283
CJOHNSTONI_LOCUS3058,rna-CJOHNSTONI_LOCUS3058,206,protein_coding,PH domain-containing protein  [Source:UniProtKB/TrEMBL;Acc:A0A8J2M0G4],Cercopithifilaria johnstoni (PRJEB47283),protein_coding,cejohnprjeb47283
CJOHNSTONI_LOCUS3746,rna-CJOHNSTONI_LOCUS3746,196,protein_coding,Rab-GAP TBC domain-containing protein  [Source:UniProtKB/TrEMBL;Acc:A0A8J2MLT5],Cercopithifilaria johnstoni (PRJEB47283),protein_coding,cejohnprjeb47283
CJOHNSTONI_LOCUS7359,rna-CJOHNSTONI_LOCUS7359,242,protein_coding,Acetyl-coenzyme A synthetase  [Source:UniProtKB/TrEMBL;Acc:A0A8J2Q8G7],Cercopithifilaria johnstoni (PRJEB47283),protein_coding,cejohnprjeb47283
CJOHNSTONI_LOCUS583,rna-CJOHNSTONI_LOCUS583,190,protein_coding,HOOK_N domain-containing protein  [Source:UniProtKB/TrEMBL;Acc:A0A8J2LU40],Cercopithifilaria johnstoni (PRJEB47283),protein_coding,cejohnprjeb47283
CJOHNSTONI_LOCUS10160,rna-CJOHNSTONI_LOCUS10160,173,protein_coding,,Cercopithifilaria johnstoni (PRJEB47283),protein_coding,cejohnprjeb47283
CJOHNSTONI_LOCUS7033,rna-CJOHNSTONI_LOCUS7033,240,protein_coding,Solute carrier family 35 member F6  [Source:UniProtKB/TrEMBL;Acc:A0A8J2M8T0],Cercopithifilaria johnstoni (PRJEB47283),protein_coding,cejohnprjeb47283
CJOHNSTONI_LOCUS553,rna-CJOHNSTONI_LOCUS553,232,protein_coding,WD_REPEATS_REGION domain-containing protein  [Source:UniProtKB/TrEMBL;Acc:A0A8J2LNF3],Cercopithifilaria johnstoni (PRJEB47283),protein_coding,cejohnprjeb47283
CJOHNSTONI_LOCUS8404,rna-CJOHNSTONI_LOCUS8404,244,protein_coding,Aa_trans domain-containing protein  [Source:UniProtKB/TrEMBL;Acc:A0A8J2MBX4],Cercopithifilaria johnstoni (PRJEB47283),protein_coding,cejohnprjeb47283
CJOHNSTONI_LOCUS5069,rna-CJOHNSTONI_LOCUS5069,255,protein_coding,tRNA (guanine-N(7)-)-methyltransferase non-catalytic subunit  [Source:UniProtKB/TrEMBL;Acc:A0A8J2PTK1],Cercopithifilaria johnstoni (PRJEB47283),protein_coding,cejohnprjeb47283
CJOHNSTONI_LOCUS4309,rna-CJOHNSTONI_LOCUS4309,263,protein_coding,C2H2-type domain-containing protein  [Source:UniProtKB/TrEMBL;Acc:A0A8J2M5F5],Cercopithifilaria johnstoni (PRJEB47283),protein_coding,cejohnprjeb47283
CJOHNSTONI_LOCUS4886,rna-CJOHNSTONI_LOCUS4886,239,protein_coding,WD_REPEATS_REGION domain-containing protein  [Source:UniProtKB/TrEMBL;Acc:A0A8J2MNH6],Cercopithifilaria johnstoni (PRJEB47283),protein_coding,cejohnprjeb47283
CJOHNSTONI_LOCUS644,rna-CJOHNSTONI_LOCUS644,232,protein_coding,G_PROTEIN_RECEP_F1_2 domain-containing protein  [Source:UniProtKB/TrEMBL;Acc:A0A8J2LW23],Cercopithifilaria johnstoni (PRJEB47283),protein_coding,cejohnprjeb47283
CJOHNSTONI_LOCUS5325,rna-CJOHNSTONI_LOCUS5325,228,protein_coding,Sema domain-containing protein  [Source:UniProtKB/TrEMBL;Acc:A0A8J2M3Q8],Cercopithifilaria johnstoni (PRJEB47283),protein_coding,cejohnprjeb47283
CJOHNSTONI_LOCUS9627,rna-CJOHNSTONI_LOCUS9627,203,protein_coding,Coiled-coil domain containing 117  [Source:UniProtKB/TrEMBL;Acc:A0A8J2PYC2],Cercopithifilaria johnstoni (PRJEB47283),protein_coding,cejohnprjeb47283
CJOHNSTONI_LOCUS3312,rna-CJOHNSTONI_LOCUS3312,551,protein_coding,Thyroglobulin type-1 domain-containing protein  [Source:UniProtKB/TrEMBL;Acc:A0A8J2Q5G6],Cercopithifilaria johnstoni (PRJEB47283),protein_coding,cejohnprjeb47283
CJOHNSTONI_LOCUS690,rna-CJOHNSTONI_LOCUS690,257,protein_coding,ZP domain-containing protein  [Source:UniProtKB/TrEMBL;Acc:A0A8J2Q031],Cercopithifilaria johnstoni (PRJEB47283),protein_coding,cejohnprjeb47283
CJOHNSTONI_LOCUS6222,rna-CJOHNSTONI_LOCUS6222,188,protein_coding,Acyl-coenzyme A thioesterase 8  [Source:UniProtKB/TrEMBL;Acc:A0A8J2Q7W1],Cercopithifilaria johnstoni (PRJEB47283),protein_coding,cejohnprjeb47283
CJOHNSTONI_LOCUS9581,rna-CJOHNSTONI_LOCUS9581,974,protein_coding,Protein CASC3  [Source:UniProtKB/TrEMBL;Acc:A0A8J2ME63],Cercopithifilaria johnstoni (PRJEB47283),protein_coding,cejohnprjeb47283
CJOHNSTONI_LOCUS2436,rna-CJOHNSTONI_LOCUS2436,198,protein_coding,STAS domain-containing protein  [Source:UniProtKB/TrEMBL;Acc:A0A8J2PRB4],Cercopithifilaria johnstoni (PRJEB47283),protein_coding,cejohnprjeb47283
CJOHNSTONI_LOCUS614,rna-CJOHNSTONI_LOCUS614,174,protein_coding,SH3 domain-containing protein  [Source:UniProtKB/TrEMBL;Acc:A0A8J2LUD2],Cercopithifilaria johnstoni (PRJEB47283),protein_coding,cejohnprjeb47283
CJOHNSTONI_LOCUS3481,rna-CJOHNSTONI_LOCUS3481,209,protein_coding,MADS-box domain-containing protein  [Source:UniProtKB/TrEMBL;Acc:A0A8J2M1L8],Cercopithifilaria johnstoni (PRJEB47283),protein_coding,cejohnprjeb47283
CJOHNSTONI_LOCUS8118,rna-CJOHNSTONI_LOCUS8118,222,protein_coding,G_PROTEIN_RECEP_F1_2 domain-containing protein  [Source:UniProtKB/TrEMBL;Acc:A0A8J2M9S1],Cercopithifilaria johnstoni (PRJEB47283),protein_coding,cejohnprjeb47283
CJOHNSTONI_LOCUS9201,rna-CJOHNSTONI_LOCUS9201,139,protein_coding,RING-type domain-containing protein  [Source:UniProtKB/TrEMBL;Acc:A0A8J2MF79],Cercopithifilaria johnstoni (PRJEB47283),protein_coding,cejohnprjeb47283
CJOHNSTONI_LOCUS7132,rna-CJOHNSTONI_LOCUS7132,240,protein_coding,G_PROTEIN_RECEP_F1_2 domain-containing protein  [Source:UniProtKB/TrEMBL;Acc:A0A8J2Q245],Cercopithifilaria johnstoni (PRJEB47283),protein_coding,cejohnprjeb47283
CJOHNSTONI_LOCUS1830,rna-CJOHNSTONI_LOCUS1830,184,protein_coding,G_PROTEIN_RECEP_F1_2 domain-containing protein  [Source:UniProtKB/TrEMBL;Acc:A0A8J2LY69],Cercopithifilaria johnstoni (PRJEB47283),protein_coding,cejohnprjeb47283
CJOHNSTONI_LOCUS6521,rna-CJOHNSTONI_LOCUS6521,160,protein_coding,PINc domain-containing protein  [Source:UniProtKB/TrEMBL;Acc:A0A8J2PUT1],Cercopithifilaria johnstoni (PRJEB47283),protein_coding,cejohnprjeb47283
CJOHNSTONI_LOCUS8634,rna-CJOHNSTONI_LOCUS8634,200,protein_coding,ANK_REP_REGION domain-containing protein  [Source:UniProtKB/TrEMBL;Acc:A0A8J2PXH4],Cercopithifilaria johnstoni (PRJEB47283),protein_coding,cejohnprjeb47283
CJOHNSTONI_LOCUS1734,rna-CJOHNSTONI_LOCUS1734,194,protein_coding,SER_THR_PHOSPHATASE domain-containing protein  [Source:UniProtKB/TrEMBL;Acc:A0A8J2Q438],Cercopithifilaria johnstoni (PRJEB47283),protein_coding,cejohnprjeb47283
CJOHNSTONI_LOCUS4280,rna-CJOHNSTONI_LOCUS4280,157,protein_coding,Secreted protein  [Source:UniProtKB/TrEMBL;Acc:A0A8J2M2Z2],Cercopithifilaria johnstoni (PRJEB47283),protein_coding,cejohnprjeb47283
CJOHNSTONI_LOCUS3076,rna-CJOHNSTONI_LOCUS3076,218,protein_coding,WD_REPEATS_REGION domain-containing protein  [Source:UniProtKB/TrEMBL;Acc:A0A8J2Q284],Cercopithifilaria johnstoni (PRJEB47283),protein_coding,cejohnprjeb47283
CJOHNSTONI_LOCUS1481,rna-CJOHNSTONI_LOCUS1481,180,protein_coding,Protein kinase domain-containing protein  [Source:UniProtKB/TrEMBL;Acc:A0A8J2LW30],Cercopithifilaria johnstoni (PRJEB47283),protein_coding,cejohnprjeb47283
CJOHNSTONI_LOCUS2520,rna-CJOHNSTONI_LOCUS2520,141,protein_coding,"Collagen, type XXII, alpha 1  [Source:UniProtKB/TrEMBL;Acc:A0A8J2LZI8]",Cercopithifilaria johnstoni (PRJEB47283),protein_coding,cejohnprjeb47283
CJOHNSTONI_LOCUS10206,rna-CJOHNSTONI_LOCUS10206,183,protein_coding,Alba domain-containing protein  [Source:UniProtKB/TrEMBL;Acc:A0A8J2Q7C5],Cercopithifilaria johnstoni (PRJEB47283),protein_coding,cejohnprjeb47283
CJOHNSTONI_LOCUS9962,rna-CJOHNSTONI_LOCUS9962,134,protein_coding,4F5 domain-containing protein  [Source:UniProtKB/TrEMBL;Acc:A0A8J2MCX8],Cercopithifilaria johnstoni (PRJEB47283),protein_coding,cejohnprjeb47283
CJOHNSTONI_LOCUS10411,rna-CJOHNSTONI_LOCUS10411,225,protein_coding,Nudix hydrolase domain-containing protein  [Source:UniProtKB/TrEMBL;Acc:A0A8J2Q9K9],Cercopithifilaria johnstoni (PRJEB47283),protein_coding,cejohnprjeb47283
CJOHNSTONI_LOCUS6153,rna-CJOHNSTONI_LOCUS6153,245,protein_coding,INTS5_N domain-containing protein  [Source:UniProtKB/TrEMBL;Acc:A0A8J2PUG1],Cercopithifilaria johnstoni (PRJEB47283),protein_coding,cejohnprjeb47283
CJOHNSTONI_LOCUS1067,rna-CJOHNSTONI_LOCUS1067,212,protein_coding,P/Homo B domain-containing protein  [Source:UniProtKB/TrEMBL;Acc:A0A8J2LPG7],Cercopithifilaria johnstoni (PRJEB47283),protein_coding,cejohnprjeb47283
CJOHNSTONI_LOCUS653,rna-CJOHNSTONI_LOCUS653,218,protein_coding,40S ribosomal protein S7  [Source:UniProtKB/TrEMBL;Acc:A0A8J2LU86],Cercopithifilaria johnstoni (PRJEB47283),protein_coding,cejohnprjeb47283
CJOHNSTONI_LOCUS9230,rna-CJOHNSTONI_LOCUS9230,168,protein_coding,Transthyretin-like family protein  [Source:UniProtKB/TrEMBL;Acc:A0A8J2MDI2],Cercopithifilaria johnstoni (PRJEB47283),protein_coding,cejohnprjeb47283
CJOHNSTONI_LOCUS5261,rna-CJOHNSTONI_LOCUS5261,161,protein_coding,,Cercopithifilaria johnstoni (PRJEB47283),protein_coding,cejohnprjeb47283
CJOHNSTONI_LOCUS8403,rna-CJOHNSTONI_LOCUS8403,178,protein_coding,Protein kinase domain-containing protein  [Source:UniProtKB/TrEMBL;Acc:A0A8J2MBD7],Cercopithifilaria johnstoni (PRJEB47283),protein_coding,cejohnprjeb47283
CJOHNSTONI_LOCUS1546,rna-CJOHNSTONI_LOCUS1546,155,protein_coding,Galectin  [Source:UniProtKB/TrEMBL;Acc:A0A8J2LY54],Cercopithifilaria johnstoni (PRJEB47283),protein_coding,cejohnprjeb47283
CJOHNSTONI_LOCUS5547,rna-CJOHNSTONI_LOCUS5547,115,protein_coding,Ovule protein  [Source:UniProtKB/TrEMBL;Acc:A0A8J2MP80],Cercopithifilaria johnstoni (PRJEB47283),protein_coding,cejohnprjeb47283
CJOHNSTONI_LOCUS9352,rna-CJOHNSTONI_LOCUS9352,207,protein_coding,Importin N-terminal domain-containing protein  [Source:UniProtKB/TrEMBL;Acc:A0A8J2M5G0],Cercopithifilaria johnstoni (PRJEB47283),protein_coding,cejohnprjeb47283
CJOHNSTONI_LOCUS9224,rna-CJOHNSTONI_LOCUS9224,267,protein_coding,2-aminoethanethiol dioxygenase  [Source:UniProtKB/TrEMBL;Acc:A0A8J2M4B3],Cercopithifilaria johnstoni (PRJEB47283),protein_coding,cejohnprjeb47283
CJOHNSTONI_LOCUS8010,rna-CJOHNSTONI_LOCUS8010,112,protein_coding,Transmembrane protein 188  [Source:UniProtKB/TrEMBL;Acc:A0A8J2Q680],Cercopithifilaria johnstoni (PRJEB47283),protein_coding,cejohnprjeb47283
CJOHNSTONI_LOCUS9763,rna-CJOHNSTONI_LOCUS9763,176,protein_coding,LRRCT domain-containing protein  [Source:UniProtKB/TrEMBL;Acc:A0A8J2MCK6],Cercopithifilaria johnstoni (PRJEB47283),protein_coding,cejohnprjeb47283
CJOHNSTONI_LOCUS1597,rna-CJOHNSTONI_LOCUS1597,323,protein_coding,Gag-pol polyprotein  [Source:UniProtKB/TrEMBL;Acc:A0A8J2LN49],Cercopithifilaria johnstoni (PRJEB47283),protein_coding,cejohnprjeb47283
CJOHNSTONI_LOCUS6841,rna-CJOHNSTONI_LOCUS6841,290,protein_coding,Protein kinase domain-containing protein  [Source:UniProtKB/TrEMBL;Acc:A0A8J2M138],Cercopithifilaria johnstoni (PRJEB47283),protein_coding,cejohnprjeb47283
CJOHNSTONI_LOCUS3356,rna-CJOHNSTONI_LOCUS3356,278,protein_coding,BED-type domain-containing protein  [Source:UniProtKB/TrEMBL;Acc:A0A8J2LQV8],Cercopithifilaria johnstoni (PRJEB47283),protein_coding,cejohnprjeb47283
CJOHNSTONI_LOCUS5996,rna-CJOHNSTONI_LOCUS5996,255,protein_coding,Transthyretin-like protein 46  [Source:UniProtKB/TrEMBL;Acc:A0A8J2LZ97],Cercopithifilaria johnstoni (PRJEB47283),protein_coding,cejohnprjeb47283
CJOHNSTONI_LOCUS8869,rna-CJOHNSTONI_LOCUS8869,320,protein_coding,Metalloendopeptidase  [Source:UniProtKB/TrEMBL;Acc:A0A8J2MEH8],Cercopithifilaria johnstoni (PRJEB47283),protein_coding,cejohnprjeb47283
CJOHNSTONI_LOCUS9523,rna-CJOHNSTONI_LOCUS9523,217,protein_coding,Mcl1_mid domain-containing protein  [Source:UniProtKB/TrEMBL;Acc:A0A8J2ME26],Cercopithifilaria johnstoni (PRJEB47283),protein_coding,cejohnprjeb47283
CJOHNSTONI_LOCUS73,rna-CJOHNSTONI_LOCUS73,212,protein_coding,Secreted protein  [Source:UniProtKB/TrEMBL;Acc:A0A8J2LV65],Cercopithifilaria johnstoni (PRJEB47283),protein_coding,cejohnprjeb47283
CJOHNSTONI_LOCUS9231,rna-CJOHNSTONI_LOCUS9231,239,protein_coding,Collagen triple helix repeat protein  [Source:UniProtKB/TrEMBL;Acc:A0A8J2MD83],Cercopithifilaria johnstoni (PRJEB47283),protein_coding,cejohnprjeb47283
CJOHNSTONI_LOCUS2778,rna-CJOHNSTONI_LOCUS2778,227,protein_coding,Homeobox domain-containing protein  [Source:UniProtKB/TrEMBL;Acc:A0A8J2M0G5],Cercopithifilaria johnstoni (PRJEB47283),protein_coding,cejohnprjeb47283
CJOHNSTONI_LOCUS1893,rna-CJOHNSTONI_LOCUS1893,213,protein_coding,Metal transporter CNNM2  [Source:UniProtKB/TrEMBL;Acc:A0A8J2LX14],Cercopithifilaria johnstoni (PRJEB47283),protein_coding,cejohnprjeb47283
CJOHNSTONI_LOCUS1501,rna-CJOHNSTONI_LOCUS1501,215,protein_coding,UBX domain-containing protein 1  [Source:UniProtKB/TrEMBL;Acc:A0A8J2LMZ1],Cercopithifilaria johnstoni (PRJEB47283),protein_coding,cejohnprjeb47283
CJOHNSTONI_LOCUS5509,rna-CJOHNSTONI_LOCUS5509,233,protein_coding,PABS domain-containing protein  [Source:UniProtKB/TrEMBL;Acc:A0A8J2M7G5],Cercopithifilaria johnstoni (PRJEB47283),protein_coding,cejohnprjeb47283
CJOHNSTONI_LOCUS4951,rna-CJOHNSTONI_LOCUS4951,222,protein_coding,"Phospholipase B1, membrane-associated  [Source:UniProtKB/TrEMBL;Acc:A0A8J2MN84]",Cercopithifilaria johnstoni (PRJEB47283),protein_coding,cejohnprjeb47283
CJOHNSTONI_LOCUS2053,rna-CJOHNSTONI_LOCUS2053,194,protein_coding,Centromere protein I  [Source:UniProtKB/TrEMBL;Acc:A0A8J2Q189],Cercopithifilaria johnstoni (PRJEB47283),protein_coding,cejohnprjeb47283
CJOHNSTONI_LOCUS1116,rna-CJOHNSTONI_LOCUS1116,189,protein_coding,Protein kinase domain-containing protein  [Source:UniProtKB/TrEMBL;Acc:A0A8J2LVA6],Cercopithifilaria johnstoni (PRJEB47283),protein_coding,cejohnprjeb47283
CJOHNSTONI_LOCUS5754,rna-CJOHNSTONI_LOCUS5754,197,protein_coding,Tubulin alpha chain  [Source:UniProtKB/TrEMBL;Acc:A0A8J2MPH9],Cercopithifilaria johnstoni (PRJEB47283),protein_coding,cejohnprjeb47283
CJOHNSTONI_LOCUS3637,rna-CJOHNSTONI_LOCUS3637,182,protein_coding,60S ribosomal protein L7a  [Source:UniProtKB/TrEMBL;Acc:A0A8J2LRH6],Cercopithifilaria johnstoni (PRJEB47283),protein_coding,cejohnprjeb47283
CJOHNSTONI_LOCUS3453,rna-CJOHNSTONI_LOCUS3453,173,protein_coding,WD_REPEATS_REGION domain-containing protein  [Source:UniProtKB/TrEMBL;Acc:A0A8J2M1K0],Cercopithifilaria johnstoni (PRJEB47283),protein_coding,cejohnprjeb47283
CJOHNSTONI_LOCUS10245,rna-CJOHNSTONI_LOCUS10245,167,protein_coding,"NADH-ubiquinone oxidoreductase 75 kDa subunit, mitochondrial  [Source:UniProtKB/TrEMBL;Acc:A0A8J2Q4J7]",Cercopithifilaria johnstoni (PRJEB47283),protein_coding,cejohnprjeb47283
CJOHNSTONI_LOCUS6662,rna-CJOHNSTONI_LOCUS6662,212,protein_coding,Amino acid permease  [Source:UniProtKB/TrEMBL;Acc:A0A8J2M6K1],Cercopithifilaria johnstoni (PRJEB47283),protein_coding,cejohnprjeb47283
CJOHNSTONI_LOCUS8362,rna-CJOHNSTONI_LOCUS8362,229,protein_coding,Pyridoxal-dependent decarboxylase domain-containing protein 1  [Source:UniProtKB/TrEMBL;Acc:A0A8J2MSZ9],Cercopithifilaria johnstoni (PRJEB47283),protein_coding,cejohnprjeb47283
CJOHNSTONI_LOCUS7869,rna-CJOHNSTONI_LOCUS7869,298,protein_coding,Ca2+-binding actin-bundling protein  [Source:UniProtKB/TrEMBL;Acc:A0A8J2MC00],Cercopithifilaria johnstoni (PRJEB47283),protein_coding,cejohnprjeb47283
CJOHNSTONI_LOCUS10067,rna-CJOHNSTONI_LOCUS10067,215,protein_coding,,Cercopithifilaria johnstoni (PRJEB47283),protein_coding,cejohnprjeb47283
CJOHNSTONI_LOCUS6114,rna-CJOHNSTONI_LOCUS6114,272,protein_coding,Kanadaptin  [Source:UniProtKB/TrEMBL;Acc:A0A8J2M659],Cercopithifilaria johnstoni (PRJEB47283),protein_coding,cejohnprjeb47283
CJOHNSTONI_LOCUS646,rna-CJOHNSTONI_LOCUS646,293,protein_coding,,Cercopithifilaria johnstoni (PRJEB47283),protein_coding,cejohnprjeb47283
CJOHNSTONI_LOCUS7961,rna-CJOHNSTONI_LOCUS7961,357,protein_coding,Zinc finger protein  [Source:UniProtKB/TrEMBL;Acc:A0A8J2M2U3],Cercopithifilaria johnstoni (PRJEB47283),protein_coding,cejohnprjeb47283
CJOHNSTONI_LOCUS8831,rna-CJOHNSTONI_LOCUS8831,239,protein_coding,Tr-type G domain-containing protein  [Source:UniProtKB/TrEMBL;Acc:A0A8J2MD04],Cercopithifilaria johnstoni (PRJEB47283),protein_coding,cejohnprjeb47283
CJOHNSTONI_LOCUS2153,rna-CJOHNSTONI_LOCUS2153,276,protein_coding,Membrane-bound transcription factor site-2 protease  [Source:UniProtKB/TrEMBL;Acc:A0A8J2Q1C0],Cercopithifilaria johnstoni (PRJEB47283),protein_coding,cejohnprjeb47283
CJOHNSTONI_LOCUS3994,rna-CJOHNSTONI_LOCUS3994,203,protein_coding,UBX domain-containing protein  [Source:UniProtKB/TrEMBL;Acc:A0A8J2Q9S2],Cercopithifilaria johnstoni (PRJEB47283),protein_coding,cejohnprjeb47283
CJOHNSTONI_LOCUS1362,rna-CJOHNSTONI_LOCUS1362,212,protein_coding,,Cercopithifilaria johnstoni (PRJEB47283),protein_coding,cejohnprjeb47283
CJOHNSTONI_LOCUS1222,rna-CJOHNSTONI_LOCUS1222,356,protein_coding,G_PROTEIN_RECEP_F1_2 domain-containing protein  [Source:UniProtKB/TrEMBL;Acc:A0A8J2LVP4],Cercopithifilaria johnstoni (PRJEB47283),protein_coding,cejohnprjeb47283
CJOHNSTONI_LOCUS8450,rna-CJOHNSTONI_LOCUS8450,270,protein_coding,DNA replication complex GINS protein SLD5  [Source:UniProtKB/TrEMBL;Acc:A0A8J2Q374],Cercopithifilaria johnstoni (PRJEB47283),protein_coding,cejohnprjeb47283
CJOHNSTONI_LOCUS1390,rna-CJOHNSTONI_LOCUS1390,599,protein_coding,Secreted protein  [Source:UniProtKB/TrEMBL;Acc:A0A8J2LQ23],Cercopithifilaria johnstoni (PRJEB47283),protein_coding,cejohnprjeb47283
CJOHNSTONI_LOCUS6864,rna-CJOHNSTONI_LOCUS6864,320,protein_coding,Activin_recp domain-containing protein  [Source:UniProtKB/TrEMBL;Acc:A0A8J2Q1V6],Cercopithifilaria johnstoni (PRJEB47283),protein_coding,cejohnprjeb47283
CJOHNSTONI_LOCUS9010,rna-CJOHNSTONI_LOCUS9010,1082,protein_coding,Helicase domino  [Source:UniProtKB/TrEMBL;Acc:A0A8J2MTW1],Cercopithifilaria johnstoni (PRJEB47283),protein_coding,cejohnprjeb47283
CJOHNSTONI_LOCUS8276,rna-CJOHNSTONI_LOCUS8276,246,protein_coding,Unconventional myosin-Ih  [Source:UniProtKB/TrEMBL;Acc:A0A8J2M3E4],Cercopithifilaria johnstoni (PRJEB47283),protein_coding,cejohnprjeb47283
CJOHNSTONI_LOCUS8959,rna-CJOHNSTONI_LOCUS8959,304,protein_coding,Collagen triple helix repeat protein  [Source:UniProtKB/TrEMBL;Acc:A0A8J2MBB0],Cercopithifilaria johnstoni (PRJEB47283),protein_coding,cejohnprjeb47283
CJOHNSTONI_LOCUS8942,rna-CJOHNSTONI_LOCUS8942,238,protein_coding,Coiled-coil domain-containing protein  [Source:UniProtKB/TrEMBL;Acc:A0A8J2MCH7],Cercopithifilaria johnstoni (PRJEB47283),protein_coding,cejohnprjeb47283
CJOHNSTONI_LOCUS2197,rna-CJOHNSTONI_LOCUS2197,205,protein_coding,G_PROTEIN_RECEP_F1_2 domain-containing protein  [Source:UniProtKB/TrEMBL;Acc:A0A8J2LRD2],Cercopithifilaria johnstoni (PRJEB47283),protein_coding,cejohnprjeb47283
CJOHNSTONI_LOCUS9827,rna-CJOHNSTONI_LOCUS9827,221,protein_coding,"Alpha-1,3-glucosyltransferase  [Source:UniProtKB/TrEMBL;Acc:A0A8J2MCP1]",Cercopithifilaria johnstoni (PRJEB47283),protein_coding,cejohnprjeb47283
CJOHNSTONI_LOCUS4519,rna-CJOHNSTONI_LOCUS4519,200,protein_coding,ABC transmembrane type-1 domain-containing protein  [Source:UniProtKB/TrEMBL;Acc:A0A8J2Q3C1],Cercopithifilaria johnstoni (PRJEB47283),protein_coding,cejohnprjeb47283
CJOHNSTONI_LOCUS10542,rna-CJOHNSTONI_LOCUS10542,368,protein_coding,,Cercopithifilaria johnstoni (PRJEB47283),protein_coding,cejohnprjeb47283
CJOHNSTONI_LOCUS6134,rna-CJOHNSTONI_LOCUS6134,182,protein_coding,Alkyl transferase  [Source:UniProtKB/TrEMBL;Acc:A0A8J2MQ05],Cercopithifilaria johnstoni (PRJEB47283),protein_coding,cejohnprjeb47283
CJOHNSTONI_LOCUS1884,rna-CJOHNSTONI_LOCUS1884,203,protein_coding,Nuclear nucleic acid-binding protein C1D  [Source:UniProtKB/TrEMBL;Acc:A0A8J2LYR3],Cercopithifilaria johnstoni (PRJEB47283),protein_coding,cejohnprjeb47283
CJOHNSTONI_LOCUS5443,rna-CJOHNSTONI_LOCUS5443,169,protein_coding,LIM domain only protein 3  [Source:UniProtKB/TrEMBL;Acc:A0A8J2MNU8],Cercopithifilaria johnstoni (PRJEB47283),protein_coding,cejohnprjeb47283
CJOHNSTONI_LOCUS2729,rna-CJOHNSTONI_LOCUS2729,2853,protein_coding,Xin actin-binding repeat-containing protein 2  [Source:UniProtKB/TrEMBL;Acc:A0A8J2PYC1],Cercopithifilaria johnstoni (PRJEB47283),protein_coding,cejohnprjeb47283
CJOHNSTONI_LOCUS4842,rna-CJOHNSTONI_LOCUS4842,218,protein_coding,NPL4 family protein  [Source:UniProtKB/TrEMBL;Acc:A0A8J2LWW7],Cercopithifilaria johnstoni (PRJEB47283),protein_coding,cejohnprjeb47283
CJOHNSTONI_LOCUS9669,rna-CJOHNSTONI_LOCUS9669,191,protein_coding,PDZ domain-containing protein  [Source:UniProtKB/TrEMBL;Acc:A0A8J2PYD7],Cercopithifilaria johnstoni (PRJEB47283),protein_coding,cejohnprjeb47283
CJOHNSTONI_LOCUS5378,rna-CJOHNSTONI_LOCUS5378,197,protein_coding,Death domain-containing protein  [Source:UniProtKB/TrEMBL;Acc:A0A8J2LWG9],Cercopithifilaria johnstoni (PRJEB47283),protein_coding,cejohnprjeb47283
CJOHNSTONI_LOCUS4613,rna-CJOHNSTONI_LOCUS4613,209,protein_coding,Ovule protein  [Source:UniProtKB/TrEMBL;Acc:A0A8J2Q3G7],Cercopithifilaria johnstoni (PRJEB47283),protein_coding,cejohnprjeb47283
CJOHNSTONI_LOCUS3610,rna-CJOHNSTONI_LOCUS3610,164,protein_coding,Bm10509  [Source:UniProtKB/TrEMBL;Acc:A0A8J2LRG3],Cercopithifilaria johnstoni (PRJEB47283),protein_coding,cejohnprjeb47283
CJOHNSTONI_LOCUS5617,rna-CJOHNSTONI_LOCUS5617-2,289,protein_coding,DZF domain-containing protein  [Source:UniProtKB/TrEMBL;Acc:A0A8J2M624],Cercopithifilaria johnstoni (PRJEB47283),protein_coding,cejohnprjeb47283
CJOHNSTONI_LOCUS5408,rna-CJOHNSTONI_LOCUS5408,236,protein_coding,Peptidylglycine monooxygenase  [Source:UniProtKB/TrEMBL;Acc:A0A8J2M792],Cercopithifilaria johnstoni (PRJEB47283),protein_coding,cejohnprjeb47283
CJOHNSTONI_LOCUS6725,rna-CJOHNSTONI_LOCUS6725,191,protein_coding,Dihydrolipoamide acetyltransferase component of pyruvate dehydrogenase complex  [Source:UniProtKB/TrEMBL;Acc:A0A8J2QAJ2],Cercopithifilaria johnstoni (PRJEB47283),protein_coding,cejohnprjeb47283
CJOHNSTONI_LOCUS1548,rna-CJOHNSTONI_LOCUS1548,127,protein_coding,M-phase phosphoprotein 6  [Source:UniProtKB/TrEMBL;Acc:A0A8J2LXM9],Cercopithifilaria johnstoni (PRJEB47283),protein_coding,cejohnprjeb47283
CJOHNSTONI_LOCUS2410,rna-CJOHNSTONI_LOCUS2410,252,protein_coding,Calponin-like protein OV9M  [Source:UniProtKB/TrEMBL;Acc:A0A8J2PY24],Cercopithifilaria johnstoni (PRJEB47283),protein_coding,cejohnprjeb47283
CJOHNSTONI_LOCUS1113,rna-CJOHNSTONI_LOCUS1113,203,protein_coding,G_PROTEIN_RECEP_F1_2 domain-containing protein  [Source:UniProtKB/TrEMBL;Acc:A0A8J2MJC5],Cercopithifilaria johnstoni (PRJEB47283),protein_coding,cejohnprjeb47283
CJOHNSTONI_LOCUS5555,rna-CJOHNSTONI_LOCUS5555,1058,protein_coding,O-phosphoseryl-tRNA(Sec) selenium transferase  [Source:UniProtKB/TrEMBL;Acc:A0A8J2QAA6],Cercopithifilaria johnstoni (PRJEB47283),protein_coding,cejohnprjeb47283
CJOHNSTONI_LOCUS2873,rna-CJOHNSTONI_LOCUS2873,167,protein_coding,TonB-dependent receptor  [Source:UniProtKB/TrEMBL;Acc:A0A8J2LSR0],Cercopithifilaria johnstoni (PRJEB47283),protein_coding,cejohnprjeb47283
CJOHNSTONI_LOCUS1706,rna-CJOHNSTONI_LOCUS1706,298,protein_coding,Nuclear receptor domain-containing protein  [Source:UniProtKB/TrEMBL;Acc:A0A8J2PQP6],Cercopithifilaria johnstoni (PRJEB47283),protein_coding,cejohnprjeb47283
CJOHNSTONI_LOCUS4420,rna-CJOHNSTONI_LOCUS4420,298,protein_coding,RING-type domain-containing protein  [Source:UniProtKB/TrEMBL;Acc:A0A8J2PSZ2],Cercopithifilaria johnstoni (PRJEB47283),protein_coding,cejohnprjeb47283
CJOHNSTONI_LOCUS1350,rna-CJOHNSTONI_LOCUS1350,356,protein_coding,G_PROTEIN_RECEP_F1_2 domain-containing protein  [Source:UniProtKB/TrEMBL;Acc:A0A8J2MJN9],Cercopithifilaria johnstoni (PRJEB47283),protein_coding,cejohnprjeb47283
CJOHNSTONI_LOCUS8281,rna-CJOHNSTONI_LOCUS8281,206,protein_coding,RILP-like protein homolog  [Source:UniProtKB/TrEMBL;Acc:A0A8J2MB45],Cercopithifilaria johnstoni (PRJEB47283),protein_coding,cejohnprjeb47283
CJOHNSTONI_LOCUS6077,rna-CJOHNSTONI_LOCUS6077,346,protein_coding,Major sperm protein  [Source:UniProtKB/TrEMBL;Acc:A0A8J2LZA8],Cercopithifilaria johnstoni (PRJEB47283),protein_coding,cejohnprjeb47283
CJOHNSTONI_LOCUS4141,rna-CJOHNSTONI_LOCUS4141,204,protein_coding,Calponin-homology (CH) domain-containing protein  [Source:UniProtKB/TrEMBL;Acc:A0A8J2MMR8],Cercopithifilaria johnstoni (PRJEB47283),protein_coding,cejohnprjeb47283
CJOHNSTONI_LOCUS7668,rna-CJOHNSTONI_LOCUS7668,163,protein_coding,Peptidyl-prolyl cis-trans isomerase  [Source:UniProtKB/TrEMBL;Acc:A0A8J2M2D5],Cercopithifilaria johnstoni (PRJEB47283),protein_coding,cejohnprjeb47283
CJOHNSTONI_LOCUS2264,rna-CJOHNSTONI_LOCUS2264,158,protein_coding,Fas-binding factor 1 homolog  [Source:UniProtKB/TrEMBL;Acc:A0A8J2Q925],Cercopithifilaria johnstoni (PRJEB47283),protein_coding,cejohnprjeb47283
CJOHNSTONI_LOCUS62,rna-CJOHNSTONI_LOCUS62,371,protein_coding,Col_cuticle_N domain-containing protein  [Source:UniProtKB/TrEMBL;Acc:A0A8J2Q2W3],Cercopithifilaria johnstoni (PRJEB47283),protein_coding,cejohnprjeb47283
CJOHNSTONI_LOCUS1922,rna-CJOHNSTONI_LOCUS1922,206,protein_coding,Protein lifeguard 4  [Source:UniProtKB/TrEMBL;Acc:A0A8J2MJR3],Cercopithifilaria johnstoni (PRJEB47283),protein_coding,cejohnprjeb47283
CJOHNSTONI_LOCUS6232,rna-CJOHNSTONI_LOCUS6232,888,protein_coding,Serine/threonine-protein kinase PRP4 homolog  [Source:UniProtKB/TrEMBL;Acc:A0A8J2M6D8],Cercopithifilaria johnstoni (PRJEB47283),protein_coding,cejohnprjeb47283
CJOHNSTONI_LOCUS1495,rna-CJOHNSTONI_LOCUS1495,117,protein_coding,Transmembrane protein  [Source:UniProtKB/TrEMBL;Acc:A0A8J2LY22],Cercopithifilaria johnstoni (PRJEB47283),protein_coding,cejohnprjeb47283
CJOHNSTONI_LOCUS4734,rna-CJOHNSTONI_LOCUS4734,291,protein_coding,BORCS6 domain-containing protein  [Source:UniProtKB/TrEMBL;Acc:A0A8J2MMU5],Cercopithifilaria johnstoni (PRJEB47283),protein_coding,cejohnprjeb47283
CJOHNSTONI_LOCUS2244,rna-CJOHNSTONI_LOCUS2244,247,protein_coding,Nkap_C domain-containing protein  [Source:UniProtKB/TrEMBL;Acc:A0A8J2LZF9],Cercopithifilaria johnstoni (PRJEB47283),protein_coding,cejohnprjeb47283
CJOHNSTONI_LOCUS9273,rna-CJOHNSTONI_LOCUS9273,213,protein_coding,BPI1 domain-containing protein  [Source:UniProtKB/TrEMBL;Acc:A0A8J2MDK7],Cercopithifilaria johnstoni (PRJEB47283),protein_coding,cejohnprjeb47283
CJOHNSTONI_LOCUS7764,rna-CJOHNSTONI_LOCUS7764,332,protein_coding,FHA domain-containing protein  [Source:UniProtKB/TrEMBL;Acc:A0A8J2Q2M9],Cercopithifilaria johnstoni (PRJEB47283),protein_coding,cejohnprjeb47283
CJOHNSTONI_LOCUS5389,rna-CJOHNSTONI_LOCUS5389,332,protein_coding,Notch  [Source:UniProtKB/TrEMBL;Acc:A0A8J2Q0M6],Cercopithifilaria johnstoni (PRJEB47283),protein_coding,cejohnprjeb47283
CJOHNSTONI_LOCUS4209,rna-CJOHNSTONI_LOCUS4209,199,protein_coding,Thioredoxin domain-containing protein  [Source:UniProtKB/TrEMBL;Acc:A0A8J2M183],Cercopithifilaria johnstoni (PRJEB47283),protein_coding,cejohnprjeb47283
CJOHNSTONI_LOCUS6879,rna-CJOHNSTONI_LOCUS6879,287,protein_coding,Myosin_tail_1 domain-containing protein  [Source:UniProtKB/TrEMBL;Acc:A0A8J2M159],Cercopithifilaria johnstoni (PRJEB47283),protein_coding,cejohnprjeb47283
CJOHNSTONI_LOCUS3908,rna-CJOHNSTONI_LOCUS3908,366,protein_coding,DUF1713 domain-containing protein  [Source:UniProtKB/TrEMBL;Acc:A0A8J2PSK3],Cercopithifilaria johnstoni (PRJEB47283),protein_coding,cejohnprjeb47283
CJOHNSTONI_LOCUS2457,rna-CJOHNSTONI_LOCUS2457,267,protein_coding,TWiK family of potassium channels protein 7  [Source:UniProtKB/TrEMBL;Acc:A0A8J2LRW3],Cercopithifilaria johnstoni (PRJEB47283),protein_coding,cejohnprjeb47283
CJOHNSTONI_LOCUS168,rna-CJOHNSTONI_LOCUS168,250,protein_coding,Citrate synthase  [Source:UniProtKB/TrEMBL;Acc:A0A8J2MH20],Cercopithifilaria johnstoni (PRJEB47283),protein_coding,cejohnprjeb47283
CJOHNSTONI_LOCUS302,rna-CJOHNSTONI_LOCUS302,222,protein_coding,EF-hand domain-containing protein  [Source:UniProtKB/TrEMBL;Acc:A0A8J2LVX7],Cercopithifilaria johnstoni (PRJEB47283),protein_coding,cejohnprjeb47283
CJOHNSTONI_LOCUS5244,rna-CJOHNSTONI_LOCUS5244,323,protein_coding,Homeobox protein cut-like  [Source:UniProtKB/TrEMBL;Acc:A0A8J2PTP0],Cercopithifilaria johnstoni (PRJEB47283),protein_coding,cejohnprjeb47283
CJOHNSTONI_LOCUS8585,rna-CJOHNSTONI_LOCUS8585,333,protein_coding,Uncoordinated protein 58  [Source:UniProtKB/TrEMBL;Acc:A0A8J2Q3B2],Cercopithifilaria johnstoni (PRJEB47283),protein_coding,cejohnprjeb47283
CJOHNSTONI_LOCUS2938,rna-CJOHNSTONI_LOCUS2938,200,protein_coding,MENTAL domain-containing protein  [Source:UniProtKB/TrEMBL;Acc:A0A8J2Q248],Cercopithifilaria johnstoni (PRJEB47283),protein_coding,cejohnprjeb47283
CJOHNSTONI_LOCUS4456,rna-CJOHNSTONI_LOCUS4456,185,protein_coding,tRNA-uridine aminocarboxypropyltransferase  [Source:UniProtKB/TrEMBL;Acc:A0A8J2M3I0],Cercopithifilaria johnstoni (PRJEB47283),protein_coding,cejohnprjeb47283
CJOHNSTONI_LOCUS3882,rna-CJOHNSTONI_LOCUS3882,179,protein_coding,Alpha-mann_mid domain-containing protein  [Source:UniProtKB/TrEMBL;Acc:A0A8J2PZE2],Cercopithifilaria johnstoni (PRJEB47283),protein_coding,cejohnprjeb47283
CJOHNSTONI_LOCUS2292,rna-CJOHNSTONI_LOCUS2292,248,protein_coding,Mediator of RNA polymerase II transcription subunit 11  [Source:UniProtKB/TrEMBL;Acc:A0A8J2Q929],Cercopithifilaria johnstoni (PRJEB47283),protein_coding,cejohnprjeb47283
CJOHNSTONI_LOCUS8915,rna-CJOHNSTONI_LOCUS8915,317,protein_coding,Serine/threonine-protein phosphatase  [Source:UniProtKB/TrEMBL;Acc:A0A8J2MTR2],Cercopithifilaria johnstoni (PRJEB47283),protein_coding,cejohnprjeb47283
CJOHNSTONI_LOCUS9033,rna-CJOHNSTONI_LOCUS9033,200,protein_coding,MFS domain-containing protein  [Source:UniProtKB/TrEMBL;Acc:A0A8J2M3Z0],Cercopithifilaria johnstoni (PRJEB47283),protein_coding,cejohnprjeb47283
CJOHNSTONI_LOCUS10014,rna-CJOHNSTONI_LOCUS10014,173,protein_coding,Protein kinase domain-containing protein  [Source:UniProtKB/TrEMBL;Acc:A0A8J2Q4C7],Cercopithifilaria johnstoni (PRJEB47283),protein_coding,cejohnprjeb47283
CJOHNSTONI_LOCUS8763,rna-CJOHNSTONI_LOCUS8763,151,protein_coding,Protein CutA  [Source:UniProtKB/TrEMBL;Acc:A0A8J2MC61],Cercopithifilaria johnstoni (PRJEB47283),protein_coding,cejohnprjeb47283
CJOHNSTONI_LOCUS1857,rna-CJOHNSTONI_LOCUS1857,186,protein_coding,Glutathione reductase  [Source:UniProtKB/TrEMBL;Acc:A0A8J2LWN6],Cercopithifilaria johnstoni (PRJEB47283),protein_coding,cejohnprjeb47283
CJOHNSTONI_LOCUS6084,rna-CJOHNSTONI_LOCUS6084,186,protein_coding,Retinol dehydrogenase 14  [Source:UniProtKB/TrEMBL;Acc:A0A8J2M6C9],Cercopithifilaria johnstoni (PRJEB47283),protein_coding,cejohnprjeb47283
CJOHNSTONI_LOCUS4915,rna-CJOHNSTONI_LOCUS4915,150,protein_coding,G_PROTEIN_RECEP_F2_4 domain-containing protein  [Source:UniProtKB/TrEMBL;Acc:A0A8J2M3T1],Cercopithifilaria johnstoni (PRJEB47283),protein_coding,cejohnprjeb47283
CJOHNSTONI_LOCUS9702,rna-CJOHNSTONI_LOCUS9702,167,protein_coding,WD_REPEATS_REGION domain-containing protein  [Source:UniProtKB/TrEMBL;Acc:A0A8J2MUF0],Cercopithifilaria johnstoni (PRJEB47283),protein_coding,cejohnprjeb47283
CJOHNSTONI_LOCUS2712,rna-CJOHNSTONI_LOCUS2712,138,protein_coding,eRF1_3 domain-containing protein  [Source:UniProtKB/TrEMBL;Acc:A0A8J2Q4Z6],Cercopithifilaria johnstoni (PRJEB47283),protein_coding,cejohnprjeb47283
CJOHNSTONI_LOCUS1807,rna-CJOHNSTONI_LOCUS1807,287,protein_coding,E3 ubiquitin-protein ligase  [Source:UniProtKB/TrEMBL;Acc:A0A8J2PWX3],Cercopithifilaria johnstoni (PRJEB47283),protein_coding,cejohnprjeb47283
CJOHNSTONI_LOCUS8648,rna-CJOHNSTONI_LOCUS8648,241,protein_coding,GLOBIN domain-containing protein  [Source:UniProtKB/TrEMBL;Acc:A0A8J2Q3D1],Cercopithifilaria johnstoni (PRJEB47283),protein_coding,cejohnprjeb47283
CJOHNSTONI_LOCUS4622,rna-CJOHNSTONI_LOCUS4622,399,protein_coding,HECT domain-containing protein  [Source:UniProtKB/TrEMBL;Acc:A0A8J2M364],Cercopithifilaria johnstoni (PRJEB47283),protein_coding,cejohnprjeb47283
CJOHNSTONI_LOCUS1048,rna-CJOHNSTONI_LOCUS1048,394,protein_coding,Protein lin-14  [Source:UniProtKB/TrEMBL;Acc:A0A8J2LXD6],Cercopithifilaria johnstoni (PRJEB47283),protein_coding,cejohnprjeb47283
CJOHNSTONI_LOCUS4780,rna-CJOHNSTONI_LOCUS4780,239,protein_coding,UBA domain-containing protein  [Source:UniProtKB/TrEMBL;Acc:A0A8J2M3Y8],Cercopithifilaria johnstoni (PRJEB47283),protein_coding,cejohnprjeb47283
CJOHNSTONI_LOCUS9754,rna-CJOHNSTONI_LOCUS9754,234,protein_coding,FoP_duplication domain-containing protein  [Source:UniProtKB/TrEMBL;Acc:A0A8J2QB64],Cercopithifilaria johnstoni (PRJEB47283),protein_coding,cejohnprjeb47283
CJOHNSTONI_LOCUS6136,rna-CJOHNSTONI_LOCUS6136,182,protein_coding,Transmembrane protein  [Source:UniProtKB/TrEMBL;Acc:A0A8J2M6Z9],Cercopithifilaria johnstoni (PRJEB47283),protein_coding,cejohnprjeb47283
CJOHNSTONI_LOCUS4756,rna-CJOHNSTONI_LOCUS4756,351,protein_coding,CID domain-containing protein  [Source:UniProtKB/TrEMBL;Acc:A0A8J2PT92],Cercopithifilaria johnstoni (PRJEB47283),protein_coding,cejohnprjeb47283
CJOHNSTONI_LOCUS3134,rna-CJOHNSTONI_LOCUS3134,145,protein_coding,Serine/threonine-protein phosphatase  [Source:UniProtKB/TrEMBL;Acc:A0A8J2Q9E8],Cercopithifilaria johnstoni (PRJEB47283),protein_coding,cejohnprjeb47283
CJOHNSTONI_LOCUS3301,rna-CJOHNSTONI_LOCUS3301,272,protein_coding,Serine/threonine-protein phosphatase 6 regulatory subunit 3  [Source:UniProtKB/TrEMBL;Acc:A0A8J2PYV4],Cercopithifilaria johnstoni (PRJEB47283),protein_coding,cejohnprjeb47283
CJOHNSTONI_LOCUS8536,rna-CJOHNSTONI_LOCUS8536,335,protein_coding,Kunitz/Bovine pancreatic trypsin inhibitor domain protein  [Source:UniProtKB/TrEMBL;Acc:A0A8J2MBN3],Cercopithifilaria johnstoni (PRJEB47283),protein_coding,cejohnprjeb47283
CJOHNSTONI_LOCUS9535,rna-CJOHNSTONI_LOCUS9535,205,protein_coding,,Cercopithifilaria johnstoni (PRJEB47283),protein_coding,cejohnprjeb47283
CJOHNSTONI_LOCUS5497,rna-CJOHNSTONI_LOCUS5497,295,protein_coding,Decapping nuclease  [Source:UniProtKB/TrEMBL;Acc:A0A8J2M5K9],Cercopithifilaria johnstoni (PRJEB47283),protein_coding,cejohnprjeb47283
CJOHNSTONI_LOCUS7501,rna-CJOHNSTONI_LOCUS7501,164,protein_coding,N-alpha-acetyltransferase 40  [Source:UniProtKB/TrEMBL;Acc:A0A8J2Q8I4],Cercopithifilaria johnstoni (PRJEB47283),protein_coding,cejohnprjeb47283
CJOHNSTONI_LOCUS2318,rna-CJOHNSTONI_LOCUS2318,326,protein_coding,Integral membrane protein 2  [Source:UniProtKB/TrEMBL;Acc:A0A8J2PXW4],Cercopithifilaria johnstoni (PRJEB47283),protein_coding,cejohnprjeb47283
CJOHNSTONI_LOCUS6778,rna-CJOHNSTONI_LOCUS6778,308,protein_coding,Protein SMG8  [Source:UniProtKB/TrEMBL;Acc:A0A8J2PV10],Cercopithifilaria johnstoni (PRJEB47283),protein_coding,cejohnprjeb47283
CJOHNSTONI_LOCUS9735,rna-CJOHNSTONI_LOCUS9735,333,protein_coding,P40  [Source:UniProtKB/TrEMBL;Acc:A0A8J2MEX8],Cercopithifilaria johnstoni (PRJEB47283),protein_coding,cejohnprjeb47283
CJOHNSTONI_LOCUS5915,rna-CJOHNSTONI_LOCUS5915,208,protein_coding,Alpha-mannosidase  [Source:UniProtKB/TrEMBL;Acc:A0A8J2M6M3],Cercopithifilaria johnstoni (PRJEB47283),protein_coding,cejohnprjeb47283
CJOHNSTONI_LOCUS643,rna-CJOHNSTONI_LOCUS643,251,protein_coding,Clathrin-link domain-containing protein  [Source:UniProtKB/TrEMBL;Acc:A0A8J2LUE8],Cercopithifilaria johnstoni (PRJEB47283),protein_coding,cejohnprjeb47283
CJOHNSTONI_LOCUS9038,rna-CJOHNSTONI_LOCUS9038,176,protein_coding,,Cercopithifilaria johnstoni (PRJEB47283),protein_coding,cejohnprjeb47283
CJOHNSTONI_LOCUS7710,rna-CJOHNSTONI_LOCUS7710,119,protein_coding,TSC22 domain family protein 1  [Source:UniProtKB/TrEMBL;Acc:A0A8J2MRQ3],Cercopithifilaria johnstoni (PRJEB47283),protein_coding,cejohnprjeb47283
CJOHNSTONI_LOCUS6967,rna-CJOHNSTONI_LOCUS6967,524,protein_coding,G_PROTEIN_RECEP_F1_2 domain-containing protein  [Source:UniProtKB/TrEMBL;Acc:A0A8J2MA86],Cercopithifilaria johnstoni (PRJEB47283),protein_coding,cejohnprjeb47283
CJOHNSTONI_LOCUS10449,rna-CJOHNSTONI_LOCUS10449,212,protein_coding,RING-type E3 ubiquitin transferase  [Source:UniProtKB/TrEMBL;Acc:A0A8J2MDL0],Cercopithifilaria johnstoni (PRJEB47283),protein_coding,cejohnprjeb47283
CJOHNSTONI_LOCUS2069,rna-CJOHNSTONI_LOCUS2069,204,protein_coding,Transmembrane protein  [Source:UniProtKB/TrEMBL;Acc:A0A8J2LR53],Cercopithifilaria johnstoni (PRJEB47283),protein_coding,cejohnprjeb47283
CJOHNSTONI_LOCUS3573,rna-CJOHNSTONI_LOCUS3573,212,protein_coding,Metalloprotease TIKI homolog  [Source:UniProtKB/TrEMBL;Acc:A0A8J2Q5P8],Cercopithifilaria johnstoni (PRJEB47283),protein_coding,cejohnprjeb47283
CJOHNSTONI_LOCUS9509,rna-CJOHNSTONI_LOCUS9509,138,protein_coding,CX domain-containing protein  [Source:UniProtKB/TrEMBL;Acc:A0A8J2MUN8],Cercopithifilaria johnstoni (PRJEB47283),protein_coding,cejohnprjeb47283
CJOHNSTONI_LOCUS1601,rna-CJOHNSTONI_LOCUS1601,203,protein_coding,DUF1996 domain-containing protein  [Source:UniProtKB/TrEMBL;Acc:A0A8J2MJY7],Cercopithifilaria johnstoni (PRJEB47283),protein_coding,cejohnprjeb47283
CJOHNSTONI_LOCUS4197,rna-CJOHNSTONI_LOCUS4197,158,protein_coding,Secreted protein  [Source:UniProtKB/TrEMBL;Acc:A0A8J2MMT3],Cercopithifilaria johnstoni (PRJEB47283),protein_coding,cejohnprjeb47283
CJOHNSTONI_LOCUS6393,rna-CJOHNSTONI_LOCUS6393,635,protein_coding,Zinc finger CCCH domain-containing protein 10  [Source:UniProtKB/TrEMBL;Acc:A0A8J2M7C2],Cercopithifilaria johnstoni (PRJEB47283),protein_coding,cejohnprjeb47283
CJOHNSTONI_LOCUS1442,rna-CJOHNSTONI_LOCUS1442,250,protein_coding,PPM-type phosphatase domain-containing protein  [Source:UniProtKB/TrEMBL;Acc:A0A8J2Q3V8],Cercopithifilaria johnstoni (PRJEB47283),protein_coding,cejohnprjeb47283
CJOHNSTONI_LOCUS3285,rna-CJOHNSTONI_LOCUS3285,231,protein_coding,Histone H2A  [Source:UniProtKB/TrEMBL;Acc:A0A8J2M181],Cercopithifilaria johnstoni (PRJEB47283),protein_coding,cejohnprjeb47283
CJOHNSTONI_LOCUS7611,rna-CJOHNSTONI_LOCUS7611,194,protein_coding,PID domain-containing protein  [Source:UniProtKB/TrEMBL;Acc:A0A8J2QAQ8],Cercopithifilaria johnstoni (PRJEB47283),protein_coding,cejohnprjeb47283
CJOHNSTONI_LOCUS910,rna-CJOHNSTONI_LOCUS910,225,protein_coding,Protein argonaute-2  [Source:UniProtKB/TrEMBL;Acc:A0A8J2Q8C0],Cercopithifilaria johnstoni (PRJEB47283),protein_coding,cejohnprjeb47283
CJOHNSTONI_LOCUS3424,rna-CJOHNSTONI_LOCUS3424,202,protein_coding,Transmembrane protein 50B  [Source:UniProtKB/TrEMBL;Acc:A0A8J2Q5K2],Cercopithifilaria johnstoni (PRJEB47283),protein_coding,cejohnprjeb47283
CJOHNSTONI_LOCUS4987,rna-CJOHNSTONI_LOCUS4987,226,protein_coding,Dipeptidyl peptidase 4  [Source:UniProtKB/TrEMBL;Acc:A0A8J2QA63],Cercopithifilaria johnstoni (PRJEB47283),protein_coding,cejohnprjeb47283
CJOHNSTONI_LOCUS8084,rna-CJOHNSTONI_LOCUS8084,182,protein_coding,Cyclin-Q  [Source:UniProtKB/TrEMBL;Acc:A0A8J2M9A1],Cercopithifilaria johnstoni (PRJEB47283),protein_coding,cejohnprjeb47283
CJOHNSTONI_LOCUS9107,rna-CJOHNSTONI_LOCUS9107,755,protein_coding,Zinc finger protein 239-like  [Source:UniProtKB/TrEMBL;Acc:A0A8J2MU14],Cercopithifilaria johnstoni (PRJEB47283),protein_coding,cejohnprjeb47283
CJOHNSTONI_LOCUS2942,rna-CJOHNSTONI_LOCUS2942,307,protein_coding,Neurexin-4  [Source:UniProtKB/TrEMBL;Acc:A0A8J2LSU3],Cercopithifilaria johnstoni (PRJEB47283),protein_coding,cejohnprjeb47283
CJOHNSTONI_LOCUS1134,rna-CJOHNSTONI_LOCUS1134,252,protein_coding,Protein kinase domain-containing protein  [Source:UniProtKB/TrEMBL;Acc:A0A8J2Q8F4],Cercopithifilaria johnstoni (PRJEB47283),protein_coding,cejohnprjeb47283
CJOHNSTONI_LOCUS9079,rna-CJOHNSTONI_LOCUS9079,141,protein_coding,SET domain-containing protein  [Source:UniProtKB/TrEMBL;Acc:A0A8J2MD90],Cercopithifilaria johnstoni (PRJEB47283),protein_coding,cejohnprjeb47283
CJOHNSTONI_LOCUS10455,rna-CJOHNSTONI_LOCUS10455,293,protein_coding,Product  [Source:UniProtKB/TrEMBL;Acc:A0A8J2M875],Cercopithifilaria johnstoni (PRJEB47283),protein_coding,cejohnprjeb47283
CJOHNSTONI_LOCUS7881,rna-CJOHNSTONI_LOCUS7881,259,protein_coding,UCH domain-containing protein  [Source:UniProtKB/TrEMBL;Acc:A0A8J2MC08],Cercopithifilaria johnstoni (PRJEB47283),protein_coding,cejohnprjeb47283
CJOHNSTONI_LOCUS8395,rna-CJOHNSTONI_LOCUS8395,349,protein_coding,Transmembrane protein 185B  [Source:UniProtKB/TrEMBL;Acc:A0A8J2QAW5],Cercopithifilaria johnstoni (PRJEB47283),protein_coding,cejohnprjeb47283
CJOHNSTONI_LOCUS6047,rna-CJOHNSTONI_LOCUS6047,314,protein_coding,Titin  [Source:UniProtKB/TrEMBL;Acc:A0A8J2Q190],Cercopithifilaria johnstoni (PRJEB47283),protein_coding,cejohnprjeb47283
CJOHNSTONI_LOCUS983,rna-CJOHNSTONI_LOCUS983,238,protein_coding,DSC1 protein  [Source:UniProtKB/TrEMBL;Acc:A0A8J2LM57],Cercopithifilaria johnstoni (PRJEB47283),protein_coding,cejohnprjeb47283
CJOHNSTONI_LOCUS7027,rna-CJOHNSTONI_LOCUS7027,220,protein_coding,BLM10_mid domain-containing protein  [Source:UniProtKB/TrEMBL;Acc:A0A8J2M776],Cercopithifilaria johnstoni (PRJEB47283),protein_coding,cejohnprjeb47283
CJOHNSTONI_LOCUS7752,rna-CJOHNSTONI_LOCUS7752,293,protein_coding,N-alpha-acetyltransferase 60  [Source:UniProtKB/TrEMBL;Acc:A0A8J2M2I1],Cercopithifilaria johnstoni (PRJEB47283),protein_coding,cejohnprjeb47283
CJOHNSTONI_LOCUS3308,rna-CJOHNSTONI_LOCUS3308,217,protein_coding,Ig-like domain-containing protein  [Source:UniProtKB/TrEMBL;Acc:A0A8J2M3R7],Cercopithifilaria johnstoni (PRJEB47283),protein_coding,cejohnprjeb47283
CJOHNSTONI_LOCUS4737,rna-CJOHNSTONI_LOCUS4737,201,protein_coding,Signal recognition particle receptor subunit beta  [Source:UniProtKB/TrEMBL;Acc:A0A8J2M3Z7],Cercopithifilaria johnstoni (PRJEB47283),protein_coding,cejohnprjeb47283
CJOHNSTONI_LOCUS4333,rna-CJOHNSTONI_LOCUS4333,241,protein_coding,Protein farnesyltransferase/geranylgeranyltransferase type-1 subunit alpha  [Source:UniProtKB/TrEMBL;Acc:A0A8J2M2W5],Cercopithifilaria johnstoni (PRJEB47283),protein_coding,cejohnprjeb47283
CJOHNSTONI_LOCUS2160,rna-CJOHNSTONI_LOCUS2160,198,protein_coding,Troponin T  [Source:UniProtKB/TrEMBL;Acc:A0A8J2MKK9],Cercopithifilaria johnstoni (PRJEB47283),protein_coding,cejohnprjeb47283
CJOHNSTONI_LOCUS8227,rna-CJOHNSTONI_LOCUS8227,186,protein_coding,GPI transamidase component PIG-T  [Source:UniProtKB/TrEMBL;Acc:A0A8J2PX54],Cercopithifilaria johnstoni (PRJEB47283),protein_coding,cejohnprjeb47283
CJOHNSTONI_LOCUS5629,rna-CJOHNSTONI_LOCUS5629,258,protein_coding,RNA methyltransferase  [Source:UniProtKB/TrEMBL;Acc:A0A8J2M638],Cercopithifilaria johnstoni (PRJEB47283),protein_coding,cejohnprjeb47283
CJOHNSTONI_LOCUS7204,rna-CJOHNSTONI_LOCUS7204,108,protein_coding,Interglobin  [Source:UniProtKB/TrEMBL;Acc:A0A8J2M9B7],Cercopithifilaria johnstoni (PRJEB47283),protein_coding,cejohnprjeb47283
CJOHNSTONI_LOCUS8679,rna-CJOHNSTONI_LOCUS8679,230,protein_coding,,Cercopithifilaria johnstoni (PRJEB47283),protein_coding,cejohnprjeb47283
CJOHNSTONI_LOCUS6006,rna-CJOHNSTONI_LOCUS6006,268,protein_coding,Tyrosine-protein kinase  [Source:UniProtKB/TrEMBL;Acc:A0A8J2Q4S3],Cercopithifilaria johnstoni (PRJEB47283),protein_coding,cejohnprjeb47283
CJOHNSTONI_LOCUS3725,rna-CJOHNSTONI_LOCUS3725,194,protein_coding,,Cercopithifilaria johnstoni (PRJEB47283),protein_coding,cejohnprjeb47283
CJOHNSTONI_LOCUS7169,rna-CJOHNSTONI_LOCUS7169,441,protein_coding,Nuclear hormone receptor E75  [Source:UniProtKB/TrEMBL;Acc:A0A8J2M7X7],Cercopithifilaria johnstoni (PRJEB47283),protein_coding,cejohnprjeb47283
CJOHNSTONI_LOCUS7547,rna-CJOHNSTONI_LOCUS7547,203,protein_coding,asparagine--tRNA ligase  [Source:UniProtKB/TrEMBL;Acc:A0A8J2MA34],Cercopithifilaria johnstoni (PRJEB47283),protein_coding,cejohnprjeb47283
CJOHNSTONI_LOCUS5323,rna-CJOHNSTONI_LOCUS5323,267,protein_coding,Zinc finger protein  [Source:UniProtKB/TrEMBL;Acc:A0A8J2QA88],Cercopithifilaria johnstoni (PRJEB47283),protein_coding,cejohnprjeb47283
CJOHNSTONI_LOCUS9027,rna-CJOHNSTONI_LOCUS9027,207,protein_coding,,Cercopithifilaria johnstoni (PRJEB47283),protein_coding,cejohnprjeb47283
CJOHNSTONI_LOCUS7050,rna-CJOHNSTONI_LOCUS7050,193,protein_coding,mannose-1-phosphate guanylyltransferase  [Source:UniProtKB/TrEMBL;Acc:A0A8J2Q8C3],Cercopithifilaria johnstoni (PRJEB47283),protein_coding,cejohnprjeb47283
CJOHNSTONI_LOCUS8673,rna-CJOHNSTONI_LOCUS8673,236,protein_coding,Chloramphenicol acetyltransferase  [Source:UniProtKB/TrEMBL;Acc:A0A8J2MAT0],Cercopithifilaria johnstoni (PRJEB47283),protein_coding,cejohnprjeb47283
CJOHNSTONI_LOCUS1039,rna-CJOHNSTONI_LOCUS1039,116,protein_coding,Collagen-like protein  [Source:UniProtKB/TrEMBL;Acc:A0A8J2PW43],Cercopithifilaria johnstoni (PRJEB47283),protein_coding,cejohnprjeb47283
CJOHNSTONI_LOCUS3562,rna-CJOHNSTONI_LOCUS3562,210,protein_coding,ABC transporter domain-containing protein  [Source:UniProtKB/TrEMBL;Acc:A0A8J2PZ30],Cercopithifilaria johnstoni (PRJEB47283),protein_coding,cejohnprjeb47283
CJOHNSTONI_LOCUS1522,rna-CJOHNSTONI_LOCUS1522,83,protein_coding,Collagen-like protein  [Source:UniProtKB/TrEMBL;Acc:A0A8J2LY63],Cercopithifilaria johnstoni (PRJEB47283),protein_coding,cejohnprjeb47283
CJOHNSTONI_LOCUS8887,rna-CJOHNSTONI_LOCUS8887,177,protein_coding,,Cercopithifilaria johnstoni (PRJEB47283),protein_coding,cejohnprjeb47283
CJOHNSTONI_LOCUS4576,rna-CJOHNSTONI_LOCUS4576,239,protein_coding,TEA domain-containing protein  [Source:UniProtKB/TrEMBL;Acc:A0A8J2PZY4],Cercopithifilaria johnstoni (PRJEB47283),protein_coding,cejohnprjeb47283
CJOHNSTONI_LOCUS9884,rna-CJOHNSTONI_LOCUS9884,218,protein_coding,Actin-related protein 3  [Source:UniProtKB/TrEMBL;Acc:A0A8J2MGE6],Cercopithifilaria johnstoni (PRJEB47283),protein_coding,cejohnprjeb47283
CJOHNSTONI_LOCUS365,rna-CJOHNSTONI_LOCUS365,206,protein_coding,Transcriptional regulator  [Source:UniProtKB/TrEMBL;Acc:A0A8J2LN39],Cercopithifilaria johnstoni (PRJEB47283),protein_coding,cejohnprjeb47283
CJOHNSTONI_LOCUS9862,rna-CJOHNSTONI_LOCUS9862,206,protein_coding,,Cercopithifilaria johnstoni (PRJEB47283),protein_coding,cejohnprjeb47283
CJOHNSTONI_LOCUS6030,rna-CJOHNSTONI_LOCUS6030,149,protein_coding,UPF0235 protein  [Source:UniProtKB/TrEMBL;Acc:A0A8J2Q7R9],Cercopithifilaria johnstoni (PRJEB47283),protein_coding,cejohnprjeb47283
CJOHNSTONI_LOCUS3114,rna-CJOHNSTONI_LOCUS3114,140,protein_coding,,Cercopithifilaria johnstoni (PRJEB47283),protein_coding,cejohnprjeb47283
CJOHNSTONI_LOCUS6117,rna-CJOHNSTONI_LOCUS6117,188,protein_coding,General transcription factor IIH subunit  [Source:UniProtKB/TrEMBL;Acc:A0A8J2Q1B4],Cercopithifilaria johnstoni (PRJEB47283),protein_coding,cejohnprjeb47283
CJOHNSTONI_LOCUS10294,rna-CJOHNSTONI_LOCUS10294,267,protein_coding,Piwi domain-containing protein  [Source:UniProtKB/TrEMBL;Acc:A0A8J2MF68],Cercopithifilaria johnstoni (PRJEB47283),protein_coding,cejohnprjeb47283
CJOHNSTONI_LOCUS4459,rna-CJOHNSTONI_LOCUS4459,224,protein_coding,BPI2 domain-containing protein  [Source:UniProtKB/TrEMBL;Acc:A0A8J2M3F5],Cercopithifilaria johnstoni (PRJEB47283),protein_coding,cejohnprjeb47283
CJOHNSTONI_LOCUS1494,rna-CJOHNSTONI_LOCUS1494,180,protein_coding,40S ribosomal protein S17  [Source:UniProtKB/TrEMBL;Acc:A0A8J2M102],Cercopithifilaria johnstoni (PRJEB47283),protein_coding,cejohnprjeb47283
CJOHNSTONI_LOCUS5296,rna-CJOHNSTONI_LOCUS5296,492,protein_coding,"Dolichyl-P-Glc:Glc(2)Man(9)GlcNAc(2)-PP-dolichol alpha-1,2-glucosyltransferase  [Source:UniProtKB/TrEMBL;Acc:A0A8J2Q475]",Cercopithifilaria johnstoni (PRJEB47283),protein_coding,cejohnprjeb47283
CJOHNSTONI_LOCUS9560,rna-CJOHNSTONI_LOCUS9560,262,protein_coding,Troponin C  [Source:UniProtKB/TrEMBL;Acc:A0A8J2M4X0],Cercopithifilaria johnstoni (PRJEB47283),protein_coding,cejohnprjeb47283
CJOHNSTONI_LOCUS5085,rna-CJOHNSTONI_LOCUS5085,211,protein_coding,MFS domain-containing protein  [Source:UniProtKB/TrEMBL;Acc:A0A8J2QA70],Cercopithifilaria johnstoni (PRJEB47283),protein_coding,cejohnprjeb47283
CJOHNSTONI_LOCUS2940,rna-CJOHNSTONI_LOCUS2940,250,protein_coding,RING-type domain-containing protein  [Source:UniProtKB/TrEMBL;Acc:A0A8J2Q9C0],Cercopithifilaria johnstoni (PRJEB47283),protein_coding,cejohnprjeb47283
CJOHNSTONI_LOCUS7069,rna-CJOHNSTONI_LOCUS7069,193,protein_coding,Transmembrane protein 170A  [Source:UniProtKB/TrEMBL;Acc:A0A8J2M1F2],Cercopithifilaria johnstoni (PRJEB47283),protein_coding,cejohnprjeb47283
CJOHNSTONI_LOCUS6773,rna-CJOHNSTONI_LOCUS6773,182,protein_coding,CARD domain-containing protein  [Source:UniProtKB/TrEMBL;Acc:A0A8J2M8A3],Cercopithifilaria johnstoni (PRJEB47283),protein_coding,cejohnprjeb47283
CJOHNSTONI_LOCUS5146,rna-CJOHNSTONI_LOCUS5146,181,protein_coding,"Medium-chain specific acyl-CoA dehydrogenase, mitochondrial  [Source:UniProtKB/TrEMBL;Acc:A0A8J2M492]",Cercopithifilaria johnstoni (PRJEB47283),protein_coding,cejohnprjeb47283
CJOHNSTONI_LOCUS6090,rna-CJOHNSTONI_LOCUS6090,1358,protein_coding,Phage protein  [Source:UniProtKB/TrEMBL;Acc:A0A8J2QAE5],Cercopithifilaria johnstoni (PRJEB47283),protein_coding,cejohnprjeb47283
CJOHNSTONI_LOCUS7442,rna-CJOHNSTONI_LOCUS7442,1145,protein_coding,PAN domain-containing protein  [Source:UniProtKB/TrEMBL;Acc:A0A8J2M7Z6],Cercopithifilaria johnstoni (PRJEB47283),protein_coding,cejohnprjeb47283
CJOHNSTONI_LOCUS4034,rna-CJOHNSTONI_LOCUS4034,182,protein_coding,Peroxisomal assembly protein PEX3  [Source:UniProtKB/TrEMBL;Acc:A0A8J2M2R3],Cercopithifilaria johnstoni (PRJEB47283),protein_coding,cejohnprjeb47283
CJOHNSTONI_LOCUS9600,rna-CJOHNSTONI_LOCUS9600,258,protein_coding,Metallophos domain-containing protein  [Source:UniProtKB/TrEMBL;Acc:A0A8J2Q989],Cercopithifilaria johnstoni (PRJEB47283),protein_coding,cejohnprjeb47283
CJOHNSTONI_LOCUS3316,rna-CJOHNSTONI_LOCUS3316,200,protein_coding,E3 ubiquitin-protein ligase  [Source:UniProtKB/TrEMBL;Acc:A0A8J2Q9H4],Cercopithifilaria johnstoni (PRJEB47283),protein_coding,cejohnprjeb47283
CJOHNSTONI_LOCUS5381,rna-CJOHNSTONI_LOCUS5381,187,protein_coding,phosphopyruvate hydratase  [Source:UniProtKB/TrEMBL;Acc:A0A8J2MP21],Cercopithifilaria johnstoni (PRJEB47283),protein_coding,cejohnprjeb47283
CJOHNSTONI_LOCUS9464,rna-CJOHNSTONI_LOCUS9464,180,protein_coding,,Cercopithifilaria johnstoni (PRJEB47283),protein_coding,cejohnprjeb47283
CJOHNSTONI_LOCUS6642,rna-CJOHNSTONI_LOCUS6642,154,protein_coding,SPRY domain-containing protein  [Source:UniProtKB/TrEMBL;Acc:A0A8J2PUW9],Cercopithifilaria johnstoni (PRJEB47283),protein_coding,cejohnprjeb47283
CJOHNSTONI_LOCUS2576,rna-CJOHNSTONI_LOCUS2576,137,protein_coding,PX domain-containing protein  [Source:UniProtKB/TrEMBL;Acc:A0A8J2LZM5],Cercopithifilaria johnstoni (PRJEB47283),protein_coding,cejohnprjeb47283
CJOHNSTONI_LOCUS3800,rna-CJOHNSTONI_LOCUS3800,534,protein_coding,Homeobox domain-containing protein  [Source:UniProtKB/TrEMBL;Acc:A0A8J2Q9P4],Cercopithifilaria johnstoni (PRJEB47283),protein_coding,cejohnprjeb47283
CJOHNSTONI_LOCUS1089,rna-CJOHNSTONI_LOCUS1089,250,protein_coding,SWI/SNF-related matrix-associated actin-dependent regulator of chromatin subfamily B member 1  [Source:UniProtKB/TrEMBL;Acc:A0A8J2LXG1],Cercopithifilaria johnstoni (PRJEB47283),protein_coding,cejohnprjeb47283
CJOHNSTONI_LOCUS2186,rna-CJOHNSTONI_LOCUS2186,220,protein_coding,"39S ribosomal protein L37, mitochondrial  [Source:UniProtKB/TrEMBL;Acc:A0A8J2LXI7]",Cercopithifilaria johnstoni (PRJEB47283),protein_coding,cejohnprjeb47283
CJOHNSTONI_LOCUS6431,rna-CJOHNSTONI_LOCUS6431,2882,protein_coding,WH2 domain-containing protein  [Source:UniProtKB/TrEMBL;Acc:A0A8J2M7I5],Cercopithifilaria johnstoni (PRJEB47283),protein_coding,cejohnprjeb47283
CJOHNSTONI_LOCUS5215,rna-CJOHNSTONI_LOCUS5215,145,protein_coding,Transposase  [Source:UniProtKB/TrEMBL;Acc:A0A8J2M4T8],Cercopithifilaria johnstoni (PRJEB47283),protein_coding,cejohnprjeb47283
CJOHNSTONI_LOCUS2272,rna-CJOHNSTONI_LOCUS2272,237,protein_coding,RING-type domain-containing protein  [Source:UniProtKB/TrEMBL;Acc:A0A8J2Q4J9],Cercopithifilaria johnstoni (PRJEB47283),protein_coding,cejohnprjeb47283
CJOHNSTONI_LOCUS2391,rna-CJOHNSTONI_LOCUS2391,942,protein_coding,Transcription factor E2F  [Source:UniProtKB/TrEMBL;Acc:A0A8J2LZP6],Cercopithifilaria johnstoni (PRJEB47283),protein_coding,cejohnprjeb47283
CJOHNSTONI_LOCUS3591,rna-CJOHNSTONI_LOCUS3591,218,protein_coding,"alpha-1,2-Mannosidase  [Source:UniProtKB/TrEMBL;Acc:A0A8J2PZ40]",Cercopithifilaria johnstoni (PRJEB47283),protein_coding,cejohnprjeb47283
CJOHNSTONI_LOCUS8639,rna-CJOHNSTONI_LOCUS8639,169,protein_coding,ULP_PROTEASE domain-containing protein  [Source:UniProtKB/TrEMBL;Acc:A0A8J2M406],Cercopithifilaria johnstoni (PRJEB47283),protein_coding,cejohnprjeb47283
CJOHNSTONI_LOCUS3091,rna-CJOHNSTONI_LOCUS3091,190,protein_coding,TRP_2 domain-containing protein  [Source:UniProtKB/TrEMBL;Acc:A0A8J2Q287],Cercopithifilaria johnstoni (PRJEB47283),protein_coding,cejohnprjeb47283
CJOHNSTONI_LOCUS1486,rna-CJOHNSTONI_LOCUS1486,260,protein_coding,SMB domain-containing protein  [Source:UniProtKB/TrEMBL;Acc:A0A8J2Q0S9],Cercopithifilaria johnstoni (PRJEB47283),protein_coding,cejohnprjeb47283
CJOHNSTONI_LOCUS9469,rna-CJOHNSTONI_LOCUS9469,202,protein_coding,RNA helicase  [Source:UniProtKB/TrEMBL;Acc:A0A8J2MUJ7],Cercopithifilaria johnstoni (PRJEB47283),protein_coding,cejohnprjeb47283
CJOHNSTONI_LOCUS4766,rna-CJOHNSTONI_LOCUS4766,184,protein_coding,Aquaporin  [Source:UniProtKB/TrEMBL;Acc:A0A8J2M417],Cercopithifilaria johnstoni (PRJEB47283),protein_coding,cejohnprjeb47283
CJOHNSTONI_LOCUS1560,rna-CJOHNSTONI_LOCUS1560,369,protein_coding,CULLIN_2 domain-containing protein  [Source:UniProtKB/TrEMBL;Acc:A0A8J2M120],Cercopithifilaria johnstoni (PRJEB47283),protein_coding,cejohnprjeb47283
CJOHNSTONI_LOCUS2019,rna-CJOHNSTONI_LOCUS2019,386,protein_coding,Maturase K  [Source:UniProtKB/TrEMBL;Acc:A0A8J2LYZ3],Cercopithifilaria johnstoni (PRJEB47283),protein_coding,cejohnprjeb47283
CJOHNSTONI_LOCUS7909,rna-CJOHNSTONI_LOCUS7909,299,protein_coding,Cytoskeleton-associated protein 5  [Source:UniProtKB/TrEMBL;Acc:A0A8J2MC28],Cercopithifilaria johnstoni (PRJEB47283),protein_coding,cejohnprjeb47283
CJOHNSTONI_LOCUS186,rna-CJOHNSTONI_LOCUS186,190,protein_coding,Carbonyl reductase 1  [Source:UniProtKB/TrEMBL;Acc:A0A8J2LVD7],Cercopithifilaria johnstoni (PRJEB47283),protein_coding,cejohnprjeb47283
CJOHNSTONI_LOCUS3869,rna-CJOHNSTONI_LOCUS3869,377,protein_coding,RNase_PH domain-containing protein  [Source:UniProtKB/TrEMBL;Acc:A0A8J2PZD7],Cercopithifilaria johnstoni (PRJEB47283),protein_coding,cejohnprjeb47283
CJOHNSTONI_LOCUS1052,rna-CJOHNSTONI_LOCUS1052,165,protein_coding,Transmembrane protein  [Source:UniProtKB/TrEMBL;Acc:A0A8J2PW49],Cercopithifilaria johnstoni (PRJEB47283),protein_coding,cejohnprjeb47283
CJOHNSTONI_LOCUS5493,rna-CJOHNSTONI_LOCUS5493,324,protein_coding,DUF1899 domain-containing protein  [Source:UniProtKB/TrEMBL;Acc:A0A8J2LY83],Cercopithifilaria johnstoni (PRJEB47283),protein_coding,cejohnprjeb47283
CJOHNSTONI_LOCUS9894,rna-CJOHNSTONI_LOCUS9894,2430,protein_coding,EF hand family protein  [Source:UniProtKB/TrEMBL;Acc:A0A8J2M6U0],Cercopithifilaria johnstoni (PRJEB47283),protein_coding,cejohnprjeb47283
CJOHNSTONI_LOCUS1236,rna-CJOHNSTONI_LOCUS1236,1057,protein_coding,WD_REPEATS_REGION domain-containing protein  [Source:UniProtKB/TrEMBL;Acc:A0A8J2LVQ3],Cercopithifilaria johnstoni (PRJEB47283),protein_coding,cejohnprjeb47283
CJOHNSTONI_LOCUS5656,rna-CJOHNSTONI_LOCUS5656,448,protein_coding,Col_cuticle_N domain-containing protein  [Source:UniProtKB/TrEMBL;Acc:A0A8J2M5H9],Cercopithifilaria johnstoni (PRJEB47283),protein_coding,cejohnprjeb47283
CJOHNSTONI_LOCUS8125,rna-CJOHNSTONI_LOCUS8125,333,protein_coding,SEFIR domain-containing protein  [Source:UniProtKB/TrEMBL;Acc:A0A8J2M362],Cercopithifilaria johnstoni (PRJEB47283),protein_coding,cejohnprjeb47283
CJOHNSTONI_LOCUS9805,rna-CJOHNSTONI_LOCUS9805,191,protein_coding,Nucleolar protein 16  [Source:UniProtKB/TrEMBL;Acc:A0A8J2MCL9],Cercopithifilaria johnstoni (PRJEB47283),protein_coding,cejohnprjeb47283
CJOHNSTONI_LOCUS9052,rna-CJOHNSTONI_LOCUS9052,155,protein_coding,,Cercopithifilaria johnstoni (PRJEB47283),protein_coding,cejohnprjeb47283
CJOHNSTONI_LOCUS2654,rna-CJOHNSTONI_LOCUS2654,117,protein_coding,C-type lectin domain-containing protein  [Source:UniProtKB/TrEMBL;Acc:A0A8J2M055],Cercopithifilaria johnstoni (PRJEB47283),protein_coding,cejohnprjeb47283
CJOHNSTONI_LOCUS5539,rna-CJOHNSTONI_LOCUS5539,785,protein_coding,,Cercopithifilaria johnstoni (PRJEB47283),protein_coding,cejohnprjeb47283
CJOHNSTONI_LOCUS6345,rna-CJOHNSTONI_LOCUS6345,154,protein_coding,Chromo domain-containing protein  [Source:UniProtKB/TrEMBL;Acc:A0A8J2LZS3],Cercopithifilaria johnstoni (PRJEB47283),protein_coding,cejohnprjeb47283
CJOHNSTONI_LOCUS3665,rna-CJOHNSTONI_LOCUS3665,181,protein_coding,Protein kinase domain-containing protein  [Source:UniProtKB/TrEMBL;Acc:A0A8J2LRJ3],Cercopithifilaria johnstoni (PRJEB47283),protein_coding,cejohnprjeb47283
CJOHNSTONI_LOCUS5311,rna-CJOHNSTONI_LOCUS5311,206,protein_coding,Sulfhydryl oxidase  [Source:UniProtKB/TrEMBL;Acc:A0A8J2LXV0],Cercopithifilaria johnstoni (PRJEB47283),protein_coding,cejohnprjeb47283
CJOHNSTONI_LOCUS7775,rna-CJOHNSTONI_LOCUS7775,196,protein_coding,DEAD-box ATP-dependent RNA helicase 28  [Source:UniProtKB/TrEMBL;Acc:A0A8J2M933],Cercopithifilaria johnstoni (PRJEB47283),protein_coding,cejohnprjeb47283
CJOHNSTONI_LOCUS6033,rna-CJOHNSTONI_LOCUS6033,782,protein_coding,Zinc finger protein  [Source:UniProtKB/TrEMBL;Acc:A0A8J2QAE1],Cercopithifilaria johnstoni (PRJEB47283),protein_coding,cejohnprjeb47283
CJOHNSTONI_LOCUS2122,rna-CJOHNSTONI_LOCUS2122,341,protein_coding,Rho-GAP domain-containing protein  [Source:UniProtKB/TrEMBL;Acc:A0A8J2PR32],Cercopithifilaria johnstoni (PRJEB47283),protein_coding,cejohnprjeb47283
CJOHNSTONI_LOCUS2472,rna-CJOHNSTONI_LOCUS2472,168,protein_coding,,Cercopithifilaria johnstoni (PRJEB47283),protein_coding,cejohnprjeb47283
CJOHNSTONI_LOCUS1868,rna-CJOHNSTONI_LOCUS1868,390,protein_coding,,Cercopithifilaria johnstoni (PRJEB47283),protein_coding,cejohnprjeb47283
CJOHNSTONI_LOCUS1108,rna-CJOHNSTONI_LOCUS1108,337,protein_coding,Robo  [Source:UniProtKB/TrEMBL;Acc:A0A8J2PWA2],Cercopithifilaria johnstoni (PRJEB47283),protein_coding,cejohnprjeb47283
CJOHNSTONI_LOCUS6617,rna-CJOHNSTONI_LOCUS6617,4060,protein_coding,Tenascin  [Source:UniProtKB/TrEMBL;Acc:A0A8J2Q847],Cercopithifilaria johnstoni (PRJEB47283),protein_coding,cejohnprjeb47283
CJOHNSTONI_LOCUS9529,rna-CJOHNSTONI_LOCUS9529,237,protein_coding,PAX-interacting protein 1  [Source:UniProtKB/TrEMBL;Acc:A0A8J2Q3Y7],Cercopithifilaria johnstoni (PRJEB47283),protein_coding,cejohnprjeb47283
CJOHNSTONI_LOCUS1019,rna-CJOHNSTONI_LOCUS1019,252,protein_coding,Unconventional myosin-VIIa  [Source:UniProtKB/TrEMBL;Acc:A0A8J2LWN8],Cercopithifilaria johnstoni (PRJEB47283),protein_coding,cejohnprjeb47283
CJOHNSTONI_LOCUS8153,rna-CJOHNSTONI_LOCUS8153,404,protein_coding,mannose-6-phosphate isomerase  [Source:UniProtKB/TrEMBL;Acc:A0A8J2MSK1],Cercopithifilaria johnstoni (PRJEB47283),protein_coding,cejohnprjeb47283
CJOHNSTONI_LOCUS5094,rna-CJOHNSTONI_LOCUS5094,278,protein_coding,PKD_channel domain-containing protein  [Source:UniProtKB/TrEMBL;Acc:A0A8J2M455],Cercopithifilaria johnstoni (PRJEB47283),protein_coding,cejohnprjeb47283
CJOHNSTONI_LOCUS9063,rna-CJOHNSTONI_LOCUS9063,1336,protein_coding,Kazal-like domain-containing protein  [Source:UniProtKB/TrEMBL;Acc:A0A8J2M4S9],Cercopithifilaria johnstoni (PRJEB47283),protein_coding,cejohnprjeb47283
CJOHNSTONI_LOCUS10033,rna-CJOHNSTONI_LOCUS10033,236,protein_coding,ANK_REP_REGION domain-containing protein  [Source:UniProtKB/TrEMBL;Acc:A0A8J2MGN4],Cercopithifilaria johnstoni (PRJEB47283),protein_coding,cejohnprjeb47283
CJOHNSTONI_LOCUS2814,rna-CJOHNSTONI_LOCUS2814,221,protein_coding,,Cercopithifilaria johnstoni (PRJEB47283),protein_coding,cejohnprjeb47283
CJOHNSTONI_LOCUS5390,rna-CJOHNSTONI_LOCUS5390,358,protein_coding,Cadherin domain-containing protein  [Source:UniProtKB/TrEMBL;Acc:A0A8J2QA93],Cercopithifilaria johnstoni (PRJEB47283),protein_coding,cejohnprjeb47283
CJOHNSTONI_LOCUS67,rna-CJOHNSTONI_LOCUS67,229,protein_coding,ShKT domain-containing protein  [Source:UniProtKB/TrEMBL;Acc:A0A8J2LKQ7],Cercopithifilaria johnstoni (PRJEB47283),protein_coding,cejohnprjeb47283
CJOHNSTONI_LOCUS5638,rna-CJOHNSTONI_LOCUS5638,208,protein_coding,TSP1_CCN domain-containing protein  [Source:UniProtKB/TrEMBL;Acc:A0A8J2M7P0],Cercopithifilaria johnstoni (PRJEB47283),protein_coding,cejohnprjeb47283
CJOHNSTONI_LOCUS6057,rna-CJOHNSTONI_LOCUS6057,206,protein_coding,Innexin  [Source:UniProtKB/TrEMBL;Acc:A0A8J2M6M1],Cercopithifilaria johnstoni (PRJEB47283),protein_coding,cejohnprjeb47283
CJOHNSTONI_LOCUS8249,rna-CJOHNSTONI_LOCUS8249,224,protein_coding,MSP domain-containing protein  [Source:UniProtKB/TrEMBL;Acc:A0A8J2MD73],Cercopithifilaria johnstoni (PRJEB47283),protein_coding,cejohnprjeb47283
CJOHNSTONI_LOCUS4890,rna-CJOHNSTONI_LOCUS4890,202,protein_coding,C2H2-type domain-containing protein  [Source:UniProtKB/TrEMBL;Acc:A0A8J2M3R3],Cercopithifilaria johnstoni (PRJEB47283),protein_coding,cejohnprjeb47283
CJOHNSTONI_LOCUS9561,rna-CJOHNSTONI_LOCUS9561,185,protein_coding,Neuronal acetylcholine receptor subunit alpha-10-like  [Source:UniProtKB/TrEMBL;Acc:A0A8J2M605],Cercopithifilaria johnstoni (PRJEB47283),protein_coding,cejohnprjeb47283
CJOHNSTONI_LOCUS10073,rna-CJOHNSTONI_LOCUS10073,158,protein_coding,Ribonucloprotein  [Source:UniProtKB/TrEMBL;Acc:A0A8J2MUL9],Cercopithifilaria johnstoni (PRJEB47283),protein_coding,cejohnprjeb47283
CJOHNSTONI_LOCUS2223,rna-CJOHNSTONI_LOCUS2223,153,protein_coding,RING-type domain-containing protein  [Source:UniProtKB/TrEMBL;Acc:A0A8J2Q919],Cercopithifilaria johnstoni (PRJEB47283),protein_coding,cejohnprjeb47283
CJOHNSTONI_LOCUS291,rna-CJOHNSTONI_LOCUS291,238,protein_coding,FGF  [Source:UniProtKB/TrEMBL;Acc:A0A8J2PVE8],Cercopithifilaria johnstoni (PRJEB47283),protein_coding,cejohnprjeb47283
CJOHNSTONI_LOCUS2546,rna-CJOHNSTONI_LOCUS2546,287,protein_coding,Resolvase/invertase-type recombinase catalytic domain-containing protein  [Source:UniProtKB/TrEMBL;Acc:A0A8J2LXT2],Cercopithifilaria johnstoni (PRJEB47283),protein_coding,cejohnprjeb47283
CJOHNSTONI_LOCUS7199,rna-CJOHNSTONI_LOCUS7199,197,protein_coding,,Cercopithifilaria johnstoni (PRJEB47283),protein_coding,cejohnprjeb47283
CJOHNSTONI_LOCUS9347,rna-CJOHNSTONI_LOCUS9347,264,protein_coding,Zf-C3Hc3H domain-containing protein  [Source:UniProtKB/TrEMBL;Acc:A0A8J2Q952],Cercopithifilaria johnstoni (PRJEB47283),protein_coding,cejohnprjeb47283
CJOHNSTONI_LOCUS1621,rna-CJOHNSTONI_LOCUS1621,233,protein_coding,Collagen-like protein  [Source:UniProtKB/TrEMBL;Acc:A0A8J2LYB7],Cercopithifilaria johnstoni (PRJEB47283),protein_coding,cejohnprjeb47283
CJOHNSTONI_LOCUS669,rna-CJOHNSTONI_LOCUS669,904,protein_coding,HTH La-type RNA-binding domain-containing protein  [Source:UniProtKB/TrEMBL;Acc:A0A8J2LZ38],Cercopithifilaria johnstoni (PRJEB47283),protein_coding,cejohnprjeb47283
CJOHNSTONI_LOCUS4961,rna-CJOHNSTONI_LOCUS4961,206,protein_coding,Collagen-like protein  [Source:UniProtKB/TrEMBL;Acc:A0A8J2Q088],Cercopithifilaria johnstoni (PRJEB47283),protein_coding,cejohnprjeb47283
CJOHNSTONI_LOCUS5645,rna-CJOHNSTONI_LOCUS5645,206,protein_coding,Protein-L-isoaspartate O-methyltransferase  [Source:UniProtKB/TrEMBL;Acc:A0A8J2Q4I1],Cercopithifilaria johnstoni (PRJEB47283),protein_coding,cejohnprjeb47283
CJOHNSTONI_LOCUS8538,rna-CJOHNSTONI_LOCUS8538,223,protein_coding,Peptidase_M28 domain-containing protein  [Source:UniProtKB/TrEMBL;Acc:A0A8J2MAJ9],Cercopithifilaria johnstoni (PRJEB47283),protein_coding,cejohnprjeb47283
CJOHNSTONI_LOCUS9700,rna-CJOHNSTONI_LOCUS9700,191,protein_coding,Synaptotagmin  [Source:UniProtKB/TrEMBL;Acc:A0A8J2M687],Cercopithifilaria johnstoni (PRJEB47283),protein_coding,cejohnprjeb47283
CJOHNSTONI_LOCUS2646,rna-CJOHNSTONI_LOCUS2646,1247,protein_coding,POU domain protein  [Source:UniProtKB/TrEMBL;Acc:A0A8J2LPW4],Cercopithifilaria johnstoni (PRJEB47283),protein_coding,cejohnprjeb47283
CJOHNSTONI_LOCUS771,rna-CJOHNSTONI_LOCUS771,442,protein_coding,Homeobox domain-containing protein  [Source:UniProtKB/TrEMBL;Acc:A0A8J2LWV9],Cercopithifilaria johnstoni (PRJEB47283),protein_coding,cejohnprjeb47283
CJOHNSTONI_LOCUS3212,rna-CJOHNSTONI_LOCUS3212,230,protein_coding,Tudor domain-containing protein  [Source:UniProtKB/TrEMBL;Acc:A0A8J2M1A5],Cercopithifilaria johnstoni (PRJEB47283),protein_coding,cejohnprjeb47283
CJOHNSTONI_LOCUS191,rna-CJOHNSTONI_LOCUS191,178,protein_coding,L-serine ammonia-lyase  [Source:UniProtKB/TrEMBL;Acc:A0A8J2PZI7],Cercopithifilaria johnstoni (PRJEB47283),protein_coding,cejohnprjeb47283
CJOHNSTONI_LOCUS2174,rna-CJOHNSTONI_LOCUS2174,176,protein_coding,Trimeric intracellular cation channel type B  [Source:UniProtKB/TrEMBL;Acc:A0A8J2MKL5],Cercopithifilaria johnstoni (PRJEB47283),protein_coding,cejohnprjeb47283
CJOHNSTONI_LOCUS3427,rna-CJOHNSTONI_LOCUS3427,285,protein_coding,Mothers against decapentaplegic homolog  [Source:UniProtKB/TrEMBL;Acc:A0A8J2Q9J0],Cercopithifilaria johnstoni (PRJEB47283),protein_coding,cejohnprjeb47283
CJOHNSTONI_LOCUS1979,rna-CJOHNSTONI_LOCUS1979,196,protein_coding,SAP domain-containing protein  [Source:UniProtKB/TrEMBL;Acc:A0A8J2Q4B0],Cercopithifilaria johnstoni (PRJEB47283),protein_coding,cejohnprjeb47283
CJOHNSTONI_LOCUS3265,rna-CJOHNSTONI_LOCUS3265,209,protein_coding,,Cercopithifilaria johnstoni (PRJEB47283),protein_coding,cejohnprjeb47283
CJOHNSTONI_LOCUS1487,rna-CJOHNSTONI_LOCUS1487,557,protein_coding,SSD domain-containing protein  [Source:UniProtKB/TrEMBL;Acc:A0A8J2PWM8],Cercopithifilaria johnstoni (PRJEB47283),protein_coding,cejohnprjeb47283
CJOHNSTONI_LOCUS6122,rna-CJOHNSTONI_LOCUS6122,146,protein_coding,Coiled-coil domain-containing protein 172  [Source:UniProtKB/TrEMBL;Acc:A0A8J2M6Y9],Cercopithifilaria johnstoni (PRJEB47283),protein_coding,cejohnprjeb47283
CJOHNSTONI_LOCUS6103,rna-CJOHNSTONI_LOCUS6103,293,protein_coding,DUF2769 domain-containing protein  [Source:UniProtKB/TrEMBL;Acc:A0A8J2Q1B0],Cercopithifilaria johnstoni (PRJEB47283),protein_coding,cejohnprjeb47283
CJOHNSTONI_LOCUS3678,rna-CJOHNSTONI_LOCUS3678,277,protein_coding,Gastrula zinc finger protein XlCGF7.1-like  [Source:UniProtKB/TrEMBL;Acc:A0A8J2LRK3],Cercopithifilaria johnstoni (PRJEB47283),protein_coding,cejohnprjeb47283
CJOHNSTONI_LOCUS5422,rna-CJOHNSTONI_LOCUS5422,220,protein_coding,MAM domain-containing protein  [Source:UniProtKB/TrEMBL;Acc:A0A8J2M4U9],Cercopithifilaria johnstoni (PRJEB47283),protein_coding,cejohnprjeb47283
CJOHNSTONI_LOCUS9282,rna-CJOHNSTONI_LOCUS9282,151,protein_coding,CDP-alcohol phosphatidyltransferase  [Source:UniProtKB/TrEMBL;Acc:A0A8J2M4F0],Cercopithifilaria johnstoni (PRJEB47283),protein_coding,cejohnprjeb47283
CJOHNSTONI_LOCUS10406,rna-CJOHNSTONI_LOCUS10406,119,protein_coding,Transmembrane protein 258  [Source:UniProtKB/TrEMBL;Acc:A0A8J2MHA6],Cercopithifilaria johnstoni (PRJEB47283),protein_coding,cejohnprjeb47283
CJOHNSTONI_LOCUS5840,rna-CJOHNSTONI_LOCUS5840,244,protein_coding,Glutathione peroxidase  [Source:UniProtKB/TrEMBL;Acc:A0A8J2M5P9],Cercopithifilaria johnstoni (PRJEB47283),protein_coding,cejohnprjeb47283
CJOHNSTONI_LOCUS7966,rna-CJOHNSTONI_LOCUS7966,135,protein_coding,Ras-related protein Rab-14  [Source:UniProtKB/TrEMBL;Acc:A0A8J2MAD7],Cercopithifilaria johnstoni (PRJEB47283),protein_coding,cejohnprjeb47283
CJOHNSTONI_LOCUS2333,rna-CJOHNSTONI_LOCUS2333,242,protein_coding,G_PROTEIN_RECEP_F3_4 domain-containing protein  [Source:UniProtKB/TrEMBL;Acc:A0A8J2LXS8],Cercopithifilaria johnstoni (PRJEB47283),protein_coding,cejohnprjeb47283
CJOHNSTONI_LOCUS4399,rna-CJOHNSTONI_LOCUS4399,757,protein_coding,INCENP_ARK-bind domain-containing protein  [Source:UniProtKB/TrEMBL;Acc:A0A8J2MMJ9],Cercopithifilaria johnstoni (PRJEB47283),protein_coding,cejohnprjeb47283
CJOHNSTONI_LOCUS5151,rna-CJOHNSTONI_LOCUS5151,226,protein_coding,Ral guanine nucleotide dissociation stimulator-like 1  [Source:UniProtKB/TrEMBL;Acc:A0A8J2Q0E9],Cercopithifilaria johnstoni (PRJEB47283),protein_coding,cejohnprjeb47283
CJOHNSTONI_LOCUS7753,rna-CJOHNSTONI_LOCUS7753,200,protein_coding,Secreted protein  [Source:UniProtKB/TrEMBL;Acc:A0A8J2M8M0],Cercopithifilaria johnstoni (PRJEB47283),protein_coding,cejohnprjeb47283
CJOHNSTONI_LOCUS8506,rna-CJOHNSTONI_LOCUS8506,200,protein_coding,Ig-like domain-containing protein  [Source:UniProtKB/TrEMBL;Acc:A0A8J2Q388],Cercopithifilaria johnstoni (PRJEB47283),protein_coding,cejohnprjeb47283
CJOHNSTONI_LOCUS3421,rna-CJOHNSTONI_LOCUS3421,1123,protein_coding,E3 ubiquitin-protein ligase RBBP6  [Source:UniProtKB/TrEMBL;Acc:A0A8J2M076],Cercopithifilaria johnstoni (PRJEB47283),protein_coding,cejohnprjeb47283
CJOHNSTONI_LOCUS9056,rna-CJOHNSTONI_LOCUS9056,354,protein_coding,Phosphoinositide phospholipase C  [Source:UniProtKB/TrEMBL;Acc:A0A8J2MBH1],Cercopithifilaria johnstoni (PRJEB47283),protein_coding,cejohnprjeb47283
CJOHNSTONI_LOCUS8366,rna-CJOHNSTONI_LOCUS8366,285,protein_coding,Thyroglobulin type-1 domain-containing protein  [Source:UniProtKB/TrEMBL;Acc:A0A8J2Q8S7],Cercopithifilaria johnstoni (PRJEB47283),protein_coding,cejohnprjeb47283
CJOHNSTONI_LOCUS4038,rna-CJOHNSTONI_LOCUS4038,312,protein_coding,DUF4708 domain-containing protein  [Source:UniProtKB/TrEMBL;Acc:A0A8J2LSE3],Cercopithifilaria johnstoni (PRJEB47283),protein_coding,cejohnprjeb47283
CJOHNSTONI_LOCUS1283,rna-CJOHNSTONI_LOCUS1283,212,protein_coding,WD_REPEATS_REGION domain-containing protein  [Source:UniProtKB/TrEMBL;Acc:A0A8J2Q3S4],Cercopithifilaria johnstoni (PRJEB47283),protein_coding,cejohnprjeb47283
CJOHNSTONI_LOCUS3593,rna-CJOHNSTONI_LOCUS3593,254,protein_coding,FCP1 homology domain-containing protein  [Source:UniProtKB/TrEMBL;Acc:A0A8J2LRF4],Cercopithifilaria johnstoni (PRJEB47283),protein_coding,cejohnprjeb47283
CJOHNSTONI_LOCUS10408,rna-CJOHNSTONI_LOCUS10408,211,protein_coding,Ribosomal protein S11  [Source:UniProtKB/TrEMBL;Acc:A0A8J2MFD8],Cercopithifilaria johnstoni (PRJEB47283),protein_coding,cejohnprjeb47283
CJOHNSTONI_LOCUS7653,rna-CJOHNSTONI_LOCUS7653,350,protein_coding,Ovule protein  [Source:UniProtKB/TrEMBL;Acc:A0A8J2QAR1],Cercopithifilaria johnstoni (PRJEB47283),protein_coding,cejohnprjeb47283
CJOHNSTONI_LOCUS6586,rna-CJOHNSTONI_LOCUS6586,229,protein_coding,GSKIP_dom domain-containing protein  [Source:UniProtKB/TrEMBL;Acc:A0A8J2M7U1],Cercopithifilaria johnstoni (PRJEB47283),protein_coding,cejohnprjeb47283
CJOHNSTONI_LOCUS970,rna-CJOHNSTONI_LOCUS970,220,protein_coding,Zinc transporter ZIP11  [Source:UniProtKB/TrEMBL;Acc:A0A8J2LV90],Cercopithifilaria johnstoni (PRJEB47283),protein_coding,cejohnprjeb47283
CJOHNSTONI_LOCUS1370,rna-CJOHNSTONI_LOCUS1370,218,protein_coding,BTB domain-containing protein  [Source:UniProtKB/TrEMBL;Acc:A0A8J2PQE5],Cercopithifilaria johnstoni (PRJEB47283),protein_coding,cejohnprjeb47283
CJOHNSTONI_LOCUS2937,rna-CJOHNSTONI_LOCUS2937,155,protein_coding,,Cercopithifilaria johnstoni (PRJEB47283),protein_coding,cejohnprjeb47283
CJOHNSTONI_LOCUS1575,rna-CJOHNSTONI_LOCUS1575,152,protein_coding,,Cercopithifilaria johnstoni (PRJEB47283),protein_coding,cejohnprjeb47283
CJOHNSTONI_LOCUS8460,rna-CJOHNSTONI_LOCUS8460,266,protein_coding,Apolipophorins  [Source:UniProtKB/TrEMBL;Acc:A0A8J2PXC3],Cercopithifilaria johnstoni (PRJEB47283),protein_coding,cejohnprjeb47283
CJOHNSTONI_LOCUS6815,rna-CJOHNSTONI_LOCUS6815,259,protein_coding,CUB domain-containing protein  [Source:UniProtKB/TrEMBL;Acc:A0A8J2MQV9],Cercopithifilaria johnstoni (PRJEB47283),protein_coding,cejohnprjeb47283
CJOHNSTONI_LOCUS2142,rna-CJOHNSTONI_LOCUS2142,233,protein_coding,Collagen-like protein  [Source:UniProtKB/TrEMBL;Acc:A0A8J2LR97],Cercopithifilaria johnstoni (PRJEB47283),protein_coding,cejohnprjeb47283
CJOHNSTONI_LOCUS6744,rna-CJOHNSTONI_LOCUS6744,98,protein_coding,,Cercopithifilaria johnstoni (PRJEB47283),protein_coding,cejohnprjeb47283
CJOHNSTONI_LOCUS10012,rna-CJOHNSTONI_LOCUS10012,119,protein_coding,,Cercopithifilaria johnstoni (PRJEB47283),protein_coding,cejohnprjeb47283
CJOHNSTONI_LOCUS8420,rna-CJOHNSTONI_LOCUS8420,159,protein_coding,SMB domain-containing protein  [Source:UniProtKB/TrEMBL;Acc:A0A8J2Q366],Cercopithifilaria johnstoni (PRJEB47283),protein_coding,cejohnprjeb47283
CJOHNSTONI_LOCUS7067,rna-CJOHNSTONI_LOCUS7067,267,protein_coding,Metallophos domain-containing protein  [Source:UniProtKB/TrEMBL;Acc:A0A8J2QAL7],Cercopithifilaria johnstoni (PRJEB47283),protein_coding,cejohnprjeb47283
CJOHNSTONI_LOCUS1373,rna-CJOHNSTONI_LOCUS1373,229,protein_coding,Exocyst complex component Sec6  [Source:UniProtKB/TrEMBL;Acc:A0A8J2Q8K3],Cercopithifilaria johnstoni (PRJEB47283),protein_coding,cejohnprjeb47283
CJOHNSTONI_LOCUS5487,rna-CJOHNSTONI_LOCUS5487,187,protein_coding,Calponin-homology (CH) domain-containing protein  [Source:UniProtKB/TrEMBL;Acc:A0A8J2M5B2],Cercopithifilaria johnstoni (PRJEB47283),protein_coding,cejohnprjeb47283
CJOHNSTONI_LOCUS2986,rna-CJOHNSTONI_LOCUS2986,292,protein_coding,ZnMc domain-containing protein  [Source:UniProtKB/TrEMBL;Acc:A0A8J2MKZ8],Cercopithifilaria johnstoni (PRJEB47283),protein_coding,cejohnprjeb47283
CJOHNSTONI_LOCUS6915,rna-CJOHNSTONI_LOCUS6915,176,protein_coding,,Cercopithifilaria johnstoni (PRJEB47283),protein_coding,cejohnprjeb47283
CJOHNSTONI_LOCUS5051,rna-CJOHNSTONI_LOCUS5051,227,protein_coding,Serine/threonine-protein phosphatase  [Source:UniProtKB/TrEMBL;Acc:A0A8J2M425],Cercopithifilaria johnstoni (PRJEB47283),protein_coding,cejohnprjeb47283
CJOHNSTONI_LOCUS8576,rna-CJOHNSTONI_LOCUS8576,236,protein_coding,LIM zinc-binding domain-containing protein  [Source:UniProtKB/TrEMBL;Acc:A0A8J2MAA4],Cercopithifilaria johnstoni (PRJEB47283),protein_coding,cejohnprjeb47283
CJOHNSTONI_LOCUS7343,rna-CJOHNSTONI_LOCUS7343,249,protein_coding,General transcription factor IIH subunit 4  [Source:UniProtKB/TrEMBL;Acc:A0A8J2M8Y1],Cercopithifilaria johnstoni (PRJEB47283),protein_coding,cejohnprjeb47283
CJOHNSTONI_LOCUS641,rna-CJOHNSTONI_LOCUS641,251,protein_coding,,Cercopithifilaria johnstoni (PRJEB47283),protein_coding,cejohnprjeb47283
CJOHNSTONI_LOCUS6354,rna-CJOHNSTONI_LOCUS6354,187,protein_coding,Arf-GAP domain-containing protein  [Source:UniProtKB/TrEMBL;Acc:A0A8J2PUN0],Cercopithifilaria johnstoni (PRJEB47283),protein_coding,cejohnprjeb47283
CJOHNSTONI_LOCUS8238,rna-CJOHNSTONI_LOCUS8238,284,protein_coding,Cyclin N-terminal domain-containing protein  [Source:UniProtKB/TrEMBL;Acc:A0A8J2MB14],Cercopithifilaria johnstoni (PRJEB47283),protein_coding,cejohnprjeb47283
CJOHNSTONI_LOCUS3737,rna-CJOHNSTONI_LOCUS3737,515,protein_coding,BUD13 homolog  [Source:UniProtKB/TrEMBL;Acc:A0A8J2M222],Cercopithifilaria johnstoni (PRJEB47283),protein_coding,cejohnprjeb47283
CJOHNSTONI_LOCUS7825,rna-CJOHNSTONI_LOCUS7825,179,protein_coding,Proteasome subunit alpha type  [Source:UniProtKB/TrEMBL;Acc:A0A8J2M8R0],Cercopithifilaria johnstoni (PRJEB47283),protein_coding,cejohnprjeb47283
CJOHNSTONI_LOCUS4754,rna-CJOHNSTONI_LOCUS4754,241,protein_coding,AB hydrolase-1 domain-containing protein  [Source:UniProtKB/TrEMBL;Acc:A0A8J2M3X3],Cercopithifilaria johnstoni (PRJEB47283),protein_coding,cejohnprjeb47283
CJOHNSTONI_LOCUS7294,rna-CJOHNSTONI_LOCUS7294,1933,protein_coding,Trichohyalin-like  [Source:UniProtKB/TrEMBL;Acc:A0A8J2QAN4],Cercopithifilaria johnstoni (PRJEB47283),protein_coding,cejohnprjeb47283
CJOHNSTONI_LOCUS10188,rna-CJOHNSTONI_LOCUS10188,205,protein_coding,GRIP domain-containing protein  [Source:UniProtKB/TrEMBL;Acc:A0A8J2MD71],Cercopithifilaria johnstoni (PRJEB47283),protein_coding,cejohnprjeb47283
CJOHNSTONI_LOCUS9076,rna-CJOHNSTONI_LOCUS9076,230,protein_coding,Calreticulin  [Source:UniProtKB/TrEMBL;Acc:A0A8J2MTP2],Cercopithifilaria johnstoni (PRJEB47283),protein_coding,cejohnprjeb47283
CJOHNSTONI_LOCUS3184,rna-CJOHNSTONI_LOCUS3184,219,protein_coding,Peptidase_M56 domain-containing protein  [Source:UniProtKB/TrEMBL;Acc:A0A8J2M3J1],Cercopithifilaria johnstoni (PRJEB47283),protein_coding,cejohnprjeb47283
CJOHNSTONI_LOCUS8042,rna-CJOHNSTONI_LOCUS8042,186,protein_coding,GPALPP motifs-containing protein 1  [Source:UniProtKB/TrEMBL;Acc:A0A8J2MSJ5],Cercopithifilaria johnstoni (PRJEB47283),protein_coding,cejohnprjeb47283
CJOHNSTONI_LOCUS3441,rna-CJOHNSTONI_LOCUS3441,305,protein_coding,Integrator complex subunit 4  [Source:UniProtKB/TrEMBL;Acc:A0A8J2PS69],Cercopithifilaria johnstoni (PRJEB47283),protein_coding,cejohnprjeb47283
CJOHNSTONI_LOCUS7421,rna-CJOHNSTONI_LOCUS7421,275,protein_coding,CBM49 domain-containing protein  [Source:UniProtKB/TrEMBL;Acc:A0A8J2Q8H5],Cercopithifilaria johnstoni (PRJEB47283),protein_coding,cejohnprjeb47283
CJOHNSTONI_LOCUS8933,rna-CJOHNSTONI_LOCUS8933,307,protein_coding,YhhN-like protein  [Source:UniProtKB/TrEMBL;Acc:A0A8J2Q6M1],Cercopithifilaria johnstoni (PRJEB47283),protein_coding,cejohnprjeb47283
CJOHNSTONI_LOCUS2894,rna-CJOHNSTONI_LOCUS2894,257,protein_coding,EF-hand domain-containing protein  [Source:UniProtKB/TrEMBL;Acc:A0A8J2M077],Cercopithifilaria johnstoni (PRJEB47283),protein_coding,cejohnprjeb47283
CJOHNSTONI_LOCUS6146,rna-CJOHNSTONI_LOCUS6146,710,protein_coding,Phosphoserine phosphatase  [Source:UniProtKB/TrEMBL;Acc:A0A8J2LZJ3],Cercopithifilaria johnstoni (PRJEB47283),protein_coding,cejohnprjeb47283
CJOHNSTONI_LOCUS6399,rna-CJOHNSTONI_LOCUS6399,174,protein_coding,Ribosomal protein S14  [Source:UniProtKB/TrEMBL;Acc:A0A8J2QAG8],Cercopithifilaria johnstoni (PRJEB47283),protein_coding,cejohnprjeb47283
CJOHNSTONI_LOCUS6685,rna-CJOHNSTONI_LOCUS6685,266,protein_coding,Methyltransf_25 domain-containing protein  [Source:UniProtKB/TrEMBL;Acc:A0A8J2Q5B5],Cercopithifilaria johnstoni (PRJEB47283),protein_coding,cejohnprjeb47283
CJOHNSTONI_LOCUS2653,rna-CJOHNSTONI_LOCUS2653,263,protein_coding,Magnesium transporter  [Source:UniProtKB/TrEMBL;Acc:A0A8J2LZS8],Cercopithifilaria johnstoni (PRJEB47283),protein_coding,cejohnprjeb47283
CJOHNSTONI_LOCUS9193,rna-CJOHNSTONI_LOCUS9193,306,protein_coding,CCR4-NOT transcription complex subunit 1  [Source:UniProtKB/TrEMBL;Acc:A0A8J2Q930],Cercopithifilaria johnstoni (PRJEB47283),protein_coding,cejohnprjeb47283
CJOHNSTONI_LOCUS6308,rna-CJOHNSTONI_LOCUS6308,219,protein_coding,TRANSKETOLASE_1 domain-containing protein  [Source:UniProtKB/TrEMBL;Acc:A0A8J2MQ62],Cercopithifilaria johnstoni (PRJEB47283),protein_coding,cejohnprjeb47283
CJOHNSTONI_LOCUS6231,rna-CJOHNSTONI_LOCUS6231,203,protein_coding,RNA-binding protein 5  [Source:UniProtKB/TrEMBL;Acc:A0A8J2M6M6],Cercopithifilaria johnstoni (PRJEB47283),protein_coding,cejohnprjeb47283
CJOHNSTONI_LOCUS8396,rna-CJOHNSTONI_LOCUS8396,556,protein_coding,[heparan sulfate]-glucosamine N-sulfotransferase  [Source:UniProtKB/TrEMBL;Acc:A0A8J2M2W0],Cercopithifilaria johnstoni (PRJEB47283),protein_coding,cejohnprjeb47283
CJOHNSTONI_LOCUS1966,rna-CJOHNSTONI_LOCUS1966,213,protein_coding,CNNM transmembrane domain-containing protein  [Source:UniProtKB/TrEMBL;Acc:A0A8J2PQY2],Cercopithifilaria johnstoni (PRJEB47283),protein_coding,cejohnprjeb47283
CJOHNSTONI_LOCUS7936,rna-CJOHNSTONI_LOCUS7936,204,protein_coding,Phosphoglycerate mutase  [Source:UniProtKB/TrEMBL;Acc:A0A8J2MAZ6],Cercopithifilaria johnstoni (PRJEB47283),protein_coding,cejohnprjeb47283
CJOHNSTONI_LOCUS8744,rna-CJOHNSTONI_LOCUS8744,270,protein_coding,CMP/dCMP-type deaminase domain-containing protein  [Source:UniProtKB/TrEMBL;Acc:A0A8J2QAZ1],Cercopithifilaria johnstoni (PRJEB47283),protein_coding,cejohnprjeb47283
CJOHNSTONI_LOCUS3552,rna-CJOHNSTONI_LOCUS3552,200,protein_coding,Nitrogen permease regulator 2-like protein  [Source:UniProtKB/TrEMBL;Acc:A0A8J2MLJ7],Cercopithifilaria johnstoni (PRJEB47283),protein_coding,cejohnprjeb47283
CJOHNSTONI_LOCUS112,rna-CJOHNSTONI_LOCUS112,177,protein_coding,thiamine diphosphokinase  [Source:UniProtKB/TrEMBL;Acc:A0A8J2LTB8],Cercopithifilaria johnstoni (PRJEB47283),protein_coding,cejohnprjeb47283
CJOHNSTONI_LOCUS9456,rna-CJOHNSTONI_LOCUS9456,848,protein_coding,L-seryl-tRNA(Sec) kinase  [Source:UniProtKB/TrEMBL;Acc:A0A8J2MFQ8],Cercopithifilaria johnstoni (PRJEB47283),protein_coding,cejohnprjeb47283
CJOHNSTONI_LOCUS7988,rna-CJOHNSTONI_LOCUS7988,177,protein_coding,Serine/threonine-protein phosphatase  [Source:UniProtKB/TrEMBL;Acc:A0A8J2M2W4],Cercopithifilaria johnstoni (PRJEB47283),protein_coding,cejohnprjeb47283
CJOHNSTONI_LOCUS7905,rna-CJOHNSTONI_LOCUS7905,221,protein_coding,ShTK domain protein  [Source:UniProtKB/TrEMBL;Acc:A0A8J2M2R2],Cercopithifilaria johnstoni (PRJEB47283),protein_coding,cejohnprjeb47283
CJOHNSTONI_LOCUS147,rna-CJOHNSTONI_LOCUS147,167,protein_coding,DUF1512 domain-containing protein  [Source:UniProtKB/TrEMBL;Acc:A0A8J2PPC0],Cercopithifilaria johnstoni (PRJEB47283),protein_coding,cejohnprjeb47283
CJOHNSTONI_LOCUS5083,rna-CJOHNSTONI_LOCUS5083,159,protein_coding,Transport and Golgi organization protein 2 homolog  [Source:UniProtKB/TrEMBL;Acc:A0A8J2PTK4],Cercopithifilaria johnstoni (PRJEB47283),protein_coding,cejohnprjeb47283
CJOHNSTONI_LOCUS7777,rna-CJOHNSTONI_LOCUS7777,611,protein_coding,Mab-21 domain-containing protein  [Source:UniProtKB/TrEMBL;Acc:A0A8J2PWE7],Cercopithifilaria johnstoni (PRJEB47283),protein_coding,cejohnprjeb47283
CJOHNSTONI_LOCUS9756,rna-CJOHNSTONI_LOCUS9756,266,protein_coding,E3 UFM1-protein ligase 1 homolog  [Source:UniProtKB/TrEMBL;Acc:A0A8J2M6B9],Cercopithifilaria johnstoni (PRJEB47283),protein_coding,cejohnprjeb47283
CJOHNSTONI_LOCUS3868,rna-CJOHNSTONI_LOCUS3868,179,protein_coding,Ribosomal RNA-processing protein 4  [Source:UniProtKB/TrEMBL;Acc:A0A8J2Q2U3],Cercopithifilaria johnstoni (PRJEB47283),protein_coding,cejohnprjeb47283
CJOHNSTONI_LOCUS1681,rna-CJOHNSTONI_LOCUS1681,323,protein_coding,Laminin subunit alpha  [Source:UniProtKB/TrEMBL;Acc:A0A8J2LNA2],Cercopithifilaria johnstoni (PRJEB47283),protein_coding,cejohnprjeb47283
CJOHNSTONI_LOCUS6919,rna-CJOHNSTONI_LOCUS6919,332,protein_coding,guanylate cyclase  [Source:UniProtKB/TrEMBL;Acc:A0A8J2QAK6],Cercopithifilaria johnstoni (PRJEB47283),protein_coding,cejohnprjeb47283
CJOHNSTONI_LOCUS9449,rna-CJOHNSTONI_LOCUS9449,212,protein_coding,Receptor expression-enhancing protein  [Source:UniProtKB/TrEMBL;Acc:A0A8J2Q3W0],Cercopithifilaria johnstoni (PRJEB47283),protein_coding,cejohnprjeb47283
CJOHNSTONI_LOCUS8341,rna-CJOHNSTONI_LOCUS8341,168,protein_coding,,Cercopithifilaria johnstoni (PRJEB47283),protein_coding,cejohnprjeb47283
CJOHNSTONI_LOCUS6896,rna-CJOHNSTONI_LOCUS6896,239,protein_coding,TGF_BETA_2 domain-containing protein  [Source:UniProtKB/TrEMBL;Acc:A0A8J2MQZ0],Cercopithifilaria johnstoni (PRJEB47283),protein_coding,cejohnprjeb47283
CJOHNSTONI_LOCUS2055,rna-CJOHNSTONI_LOCUS2055,150,protein_coding,Hydroxysteroid 17-beta dehydrogenase 12  [Source:UniProtKB/TrEMBL;Acc:A0A8J2LNY3],Cercopithifilaria johnstoni (PRJEB47283),protein_coding,cejohnprjeb47283
CJOHNSTONI_LOCUS10454,rna-CJOHNSTONI_LOCUS10454,172,protein_coding,,Cercopithifilaria johnstoni (PRJEB47283),protein_coding,cejohnprjeb47283
CJOHNSTONI_LOCUS693,rna-CJOHNSTONI_LOCUS693,142,protein_coding,,Cercopithifilaria johnstoni (PRJEB47283),protein_coding,cejohnprjeb47283
CJOHNSTONI_LOCUS6946,rna-CJOHNSTONI_LOCUS6946,275,protein_coding,U6 small nuclear RNA (adenine-(43)-N(6))-methyltransferase  [Source:UniProtKB/TrEMBL;Acc:A0A8J2QAK8],Cercopithifilaria johnstoni (PRJEB47283),protein_coding,cejohnprjeb47283
CJOHNSTONI_LOCUS5790,rna-CJOHNSTONI_LOCUS5790,131,protein_coding,Proteasome subunit beta  [Source:UniProtKB/TrEMBL;Acc:A0A8J2Q7M6],Cercopithifilaria johnstoni (PRJEB47283),protein_coding,cejohnprjeb47283
CJOHNSTONI_LOCUS3154,rna-CJOHNSTONI_LOCUS3154,144,protein_coding,Endoribonuclease  [Source:UniProtKB/TrEMBL;Acc:A0A8J2MLP0],Cercopithifilaria johnstoni (PRJEB47283),protein_coding,cejohnprjeb47283
CJOHNSTONI_LOCUS7716,rna-CJOHNSTONI_LOCUS7716,634,protein_coding,Cyclin N-terminal domain-containing protein  [Source:UniProtKB/TrEMBL;Acc:A0A8J2Q8K8],Cercopithifilaria johnstoni (PRJEB47283),protein_coding,cejohnprjeb47283
CJOHNSTONI_LOCUS5944,rna-CJOHNSTONI_LOCUS5944,228,protein_coding,Small monomeric GTPase  [Source:UniProtKB/TrEMBL;Acc:A0A8J2M6P1],Cercopithifilaria johnstoni (PRJEB47283),protein_coding,cejohnprjeb47283
CJOHNSTONI_LOCUS5933,rna-CJOHNSTONI_LOCUS5933,316,protein_coding,EF-hand domain-containing protein  [Source:UniProtKB/TrEMBL;Acc:A0A8J2Q7Q3],Cercopithifilaria johnstoni (PRJEB47283),protein_coding,cejohnprjeb47283
CJOHNSTONI_LOCUS5939,rna-CJOHNSTONI_LOCUS5939,231,protein_coding,Cadherin domain-containing protein  [Source:UniProtKB/TrEMBL;Acc:A0A8J2LZ53],Cercopithifilaria johnstoni (PRJEB47283),protein_coding,cejohnprjeb47283
CJOHNSTONI_LOCUS3672,rna-CJOHNSTONI_LOCUS3672,226,protein_coding,Protein kinase domain-containing protein  [Source:UniProtKB/TrEMBL;Acc:A0A8J2M1Y4],Cercopithifilaria johnstoni (PRJEB47283),protein_coding,cejohnprjeb47283
CJOHNSTONI_LOCUS9821,rna-CJOHNSTONI_LOCUS9821,221,protein_coding,DNA-directed RNA polymerases I and III subunit RPAC1  [Source:UniProtKB/TrEMBL;Acc:A0A8J2PYJ2],Cercopithifilaria johnstoni (PRJEB47283),protein_coding,cejohnprjeb47283
CJOHNSTONI_LOCUS8573,rna-CJOHNSTONI_LOCUS8573,164,protein_coding,Glutathione S-transferase  [Source:UniProtKB/TrEMBL;Acc:A0A8J2QAX8],Cercopithifilaria johnstoni (PRJEB47283),protein_coding,cejohnprjeb47283
CJOHNSTONI_LOCUS10530,rna-CJOHNSTONI_LOCUS10530,194,protein_coding,Endoplasmic reticulum-Golgi intermediate compartment protein 1  [Source:UniProtKB/TrEMBL;Acc:A0A8J2MV73],Cercopithifilaria johnstoni (PRJEB47283),protein_coding,cejohnprjeb47283
CJOHNSTONI_LOCUS8851,rna-CJOHNSTONI_LOCUS8851,170,protein_coding,Biogenesis of lysosome-related organelles complex 1 subunit 5  [Source:UniProtKB/TrEMBL;Acc:A0A8J2QAZ9],Cercopithifilaria johnstoni (PRJEB47283),protein_coding,cejohnprjeb47283
CJOHNSTONI_LOCUS656,rna-CJOHNSTONI_LOCUS656,284,protein_coding,Tudor domain-containing protein  [Source:UniProtKB/TrEMBL;Acc:A0A8J2LZ31],Cercopithifilaria johnstoni (PRJEB47283),protein_coding,cejohnprjeb47283
CJOHNSTONI_LOCUS4866,rna-CJOHNSTONI_LOCUS4866,258,protein_coding,,Cercopithifilaria johnstoni (PRJEB47283),protein_coding,cejohnprjeb47283
CJOHNSTONI_LOCUS8466,rna-CJOHNSTONI_LOCUS8466,343,protein_coding,Glycos_transf_1 domain-containing protein  [Source:UniProtKB/TrEMBL;Acc:A0A8J2MA27],Cercopithifilaria johnstoni (PRJEB47283),protein_coding,cejohnprjeb47283
CJOHNSTONI_LOCUS2252,rna-CJOHNSTONI_LOCUS2252,176,protein_coding,Ovule protein  [Source:UniProtKB/TrEMBL;Acc:A0A8J2Q923],Cercopithifilaria johnstoni (PRJEB47283),protein_coding,cejohnprjeb47283
CJOHNSTONI_LOCUS7891,rna-CJOHNSTONI_LOCUS7891,116,protein_coding,Lipopolysaccharide biosynthesis protein  [Source:UniProtKB/TrEMBL;Acc:A0A8J2M2Q3],Cercopithifilaria johnstoni (PRJEB47283),protein_coding,cejohnprjeb47283
CJOHNSTONI_LOCUS6723,rna-CJOHNSTONI_LOCUS6723,551,protein_coding,Protein kinase domain-containing protein  [Source:UniProtKB/TrEMBL;Acc:A0A8J2Q5C7],Cercopithifilaria johnstoni (PRJEB47283),protein_coding,cejohnprjeb47283
CJOHNSTONI_LOCUS702,rna-CJOHNSTONI_LOCUS702,209,protein_coding,Prenylcys_lyase domain-containing protein  [Source:UniProtKB/TrEMBL;Acc:A0A8J2PPS2],Cercopithifilaria johnstoni (PRJEB47283),protein_coding,cejohnprjeb47283
CJOHNSTONI_LOCUS7356,rna-CJOHNSTONI_LOCUS7356,635,protein_coding,TGFb_propeptide domain-containing protein  [Source:UniProtKB/TrEMBL;Acc:A0A8J2M8Z2],Cercopithifilaria johnstoni (PRJEB47283),protein_coding,cejohnprjeb47283
CJOHNSTONI_LOCUS10062,rna-CJOHNSTONI_LOCUS10062,158,protein_coding,"39S ribosomal protein L21, mitochondrial  [Source:UniProtKB/TrEMBL;Acc:A0A8J2MF21]",Cercopithifilaria johnstoni (PRJEB47283),protein_coding,cejohnprjeb47283
CJOHNSTONI_LOCUS3733,rna-CJOHNSTONI_LOCUS3733,1022,protein_coding,Basal body-orientation factor 1  [Source:UniProtKB/TrEMBL;Acc:A0A8J2M4K4],Cercopithifilaria johnstoni (PRJEB47283),protein_coding,cejohnprjeb47283
CJOHNSTONI_LOCUS6664,rna-CJOHNSTONI_LOCUS6664,306,protein_coding,Splicing factor 3B subunit 4  [Source:UniProtKB/TrEMBL;Acc:A0A8J2M9L2],Cercopithifilaria johnstoni (PRJEB47283),protein_coding,cejohnprjeb47283
CJOHNSTONI_LOCUS4226,rna-CJOHNSTONI_LOCUS4226,279,protein_coding,,Cercopithifilaria johnstoni (PRJEB47283),protein_coding,cejohnprjeb47283
CJOHNSTONI_LOCUS706,rna-CJOHNSTONI_LOCUS706,251,protein_coding,PRA1 family protein  [Source:UniProtKB/TrEMBL;Acc:A0A8J2LNP5],Cercopithifilaria johnstoni (PRJEB47283),protein_coding,cejohnprjeb47283
CJOHNSTONI_LOCUS763,rna-CJOHNSTONI_LOCUS763,502,protein_coding,Homeobox domain-containing protein  [Source:UniProtKB/TrEMBL;Acc:A0A8J2LNS8],Cercopithifilaria johnstoni (PRJEB47283),protein_coding,cejohnprjeb47283
CJOHNSTONI_LOCUS4093,rna-CJOHNSTONI_LOCUS4093,250,protein_coding,T-complex protein 11-like protein 2  [Source:UniProtKB/TrEMBL;Acc:A0A8J2PZL6],Cercopithifilaria johnstoni (PRJEB47283),protein_coding,cejohnprjeb47283
CJOHNSTONI_LOCUS10086,rna-CJOHNSTONI_LOCUS10086,223,protein_coding,DUF1681 domain-containing protein  [Source:UniProtKB/TrEMBL;Acc:A0A8J2MD58],Cercopithifilaria johnstoni (PRJEB47283),protein_coding,cejohnprjeb47283
CJOHNSTONI_LOCUS950,rna-CJOHNSTONI_LOCUS950,217,protein_coding,Protein kinase domain-containing protein  [Source:UniProtKB/TrEMBL;Acc:A0A8J2PPZ3],Cercopithifilaria johnstoni (PRJEB47283),protein_coding,cejohnprjeb47283
CJOHNSTONI_LOCUS5734,rna-CJOHNSTONI_LOCUS5734,248,protein_coding,LITAF domain-containing protein  [Source:UniProtKB/TrEMBL;Acc:A0A8J2QAB9],Cercopithifilaria johnstoni (PRJEB47283),protein_coding,cejohnprjeb47283
CJOHNSTONI_LOCUS2194,rna-CJOHNSTONI_LOCUS2194,214,protein_coding,Activin_recp domain-containing protein  [Source:UniProtKB/TrEMBL;Acc:A0A8J2PR53],Cercopithifilaria johnstoni (PRJEB47283),protein_coding,cejohnprjeb47283
CJOHNSTONI_LOCUS10313,rna-CJOHNSTONI_LOCUS10313,202,protein_coding,SAP domain-containing protein  [Source:UniProtKB/TrEMBL;Acc:A0A8J2Q4M1],Cercopithifilaria johnstoni (PRJEB47283),protein_coding,cejohnprjeb47283
CJOHNSTONI_LOCUS10434,rna-CJOHNSTONI_LOCUS10434,187,protein_coding,Guanine nucleotide-binding protein G(I) subunit alpha  [Source:UniProtKB/TrEMBL;Acc:A0A8J2MHC4],Cercopithifilaria johnstoni (PRJEB47283),protein_coding,cejohnprjeb47283
CJOHNSTONI_LOCUS7697,rna-CJOHNSTONI_LOCUS7697,487,protein_coding,Sushi domain-containing protein  [Source:UniProtKB/TrEMBL;Acc:A0A8J2MRP8],Cercopithifilaria johnstoni (PRJEB47283),protein_coding,cejohnprjeb47283
CJOHNSTONI_LOCUS6558,rna-CJOHNSTONI_LOCUS6558,182,protein_coding,BAH domain-containing protein  [Source:UniProtKB/TrEMBL;Acc:A0A8J2M7S0],Cercopithifilaria johnstoni (PRJEB47283),protein_coding,cejohnprjeb47283
CJOHNSTONI_LOCUS9486,rna-CJOHNSTONI_LOCUS9486-2,307,protein_coding,HEAT repeat-containing protein 1  [Source:UniProtKB/TrEMBL;Acc:A0A8J2MEG7],Cercopithifilaria johnstoni (PRJEB47283),protein_coding,cejohnprjeb47283
CJOHNSTONI_LOCUS2536,rna-CJOHNSTONI_LOCUS2536,252,protein_coding,UBA domain-containing protein  [Source:UniProtKB/TrEMBL;Acc:A0A8J2Q1M5],Cercopithifilaria johnstoni (PRJEB47283),protein_coding,cejohnprjeb47283
CJOHNSTONI_LOCUS687,rna-CJOHNSTONI_LOCUS687,160,protein_coding,NADH-cytochrome b5 reductase  [Source:UniProtKB/TrEMBL;Acc:A0A8J2LWK6],Cercopithifilaria johnstoni (PRJEB47283),protein_coding,cejohnprjeb47283
CJOHNSTONI_LOCUS1624,rna-CJOHNSTONI_LOCUS1624,108,protein_coding,,Cercopithifilaria johnstoni (PRJEB47283),protein_coding,cejohnprjeb47283
CJOHNSTONI_LOCUS3843,rna-CJOHNSTONI_LOCUS3843,230,protein_coding,Zinc finger protein  [Source:UniProtKB/TrEMBL;Acc:A0A8J2Q9Q0],Cercopithifilaria johnstoni (PRJEB47283),protein_coding,cejohnprjeb47283
CJOHNSTONI_LOCUS2458,rna-CJOHNSTONI_LOCUS2458,202,protein_coding,DNA primase  [Source:UniProtKB/TrEMBL;Acc:A0A8J2LY06],Cercopithifilaria johnstoni (PRJEB47283),protein_coding,cejohnprjeb47283
CJOHNSTONI_LOCUS840,rna-CJOHNSTONI_LOCUS840,179,protein_coding,,Cercopithifilaria johnstoni (PRJEB47283),protein_coding,cejohnprjeb47283
CJOHNSTONI_LOCUS7322,rna-CJOHNSTONI_LOCUS7322,173,protein_coding,,Cercopithifilaria johnstoni (PRJEB47283),protein_coding,cejohnprjeb47283
CJOHNSTONI_LOCUS6504,rna-CJOHNSTONI_LOCUS6504,270,protein_coding,Solute carrier family 12 member 6  [Source:UniProtKB/TrEMBL;Acc:A0A8J2M6U6],Cercopithifilaria johnstoni (PRJEB47283),protein_coding,cejohnprjeb47283
CJOHNSTONI_LOCUS6439,rna-CJOHNSTONI_LOCUS6439,271,protein_coding,Sushi domain-containing protein  [Source:UniProtKB/TrEMBL;Acc:A0A8J2QAH1],Cercopithifilaria johnstoni (PRJEB47283),protein_coding,cejohnprjeb47283
CJOHNSTONI_LOCUS4253,rna-CJOHNSTONI_LOCUS4253,269,protein_coding,Lupus La protein  [Source:UniProtKB/TrEMBL;Acc:A0A8J2M5D6],Cercopithifilaria johnstoni (PRJEB47283),protein_coding,cejohnprjeb47283
CJOHNSTONI_LOCUS5708,rna-CJOHNSTONI_LOCUS5708,306,protein_coding,Core-2/I-Branching enzyme  [Source:UniProtKB/TrEMBL;Acc:A0A8J2M4G3],Cercopithifilaria johnstoni (PRJEB47283),protein_coding,cejohnprjeb47283
CJOHNSTONI_LOCUS1755,rna-CJOHNSTONI_LOCUS1755,248,protein_coding,GYF domain-containing protein  [Source:UniProtKB/TrEMBL;Acc:A0A8J2LQL1],Cercopithifilaria johnstoni (PRJEB47283),protein_coding,cejohnprjeb47283
CJOHNSTONI_LOCUS6647,rna-CJOHNSTONI_LOCUS6647,226,protein_coding,POPLD domain-containing protein  [Source:UniProtKB/TrEMBL;Acc:A0A8J2M0G6],Cercopithifilaria johnstoni (PRJEB47283),protein_coding,cejohnprjeb47283
CJOHNSTONI_LOCUS2221,rna-CJOHNSTONI_LOCUS2221,204,protein_coding,Protein kinase domain-containing protein  [Source:UniProtKB/TrEMBL;Acc:A0A8J2Q1D7],Cercopithifilaria johnstoni (PRJEB47283),protein_coding,cejohnprjeb47283
CJOHNSTONI_LOCUS2167,rna-CJOHNSTONI_LOCUS2167,203,protein_coding,Dolichyl-diphosphooligosaccharide--protein glycosyltransferase 48 kDa subunit  [Source:UniProtKB/TrEMBL;Acc:A0A8J2Q1C2],Cercopithifilaria johnstoni (PRJEB47283),protein_coding,cejohnprjeb47283
CJOHNSTONI_LOCUS8973,rna-CJOHNSTONI_LOCUS8973,314,protein_coding,Ubiquitin-related modifier 1 homolog  [Source:UniProtKB/TrEMBL;Acc:A0A8J2MD96],Cercopithifilaria johnstoni (PRJEB47283),protein_coding,cejohnprjeb47283
CJOHNSTONI_LOCUS10587,rna-CJOHNSTONI_LOCUS10587,201,protein_coding,PlsC domain-containing protein  [Source:UniProtKB/TrEMBL;Acc:A0A8J2MDT0],Cercopithifilaria johnstoni (PRJEB47283),protein_coding,cejohnprjeb47283
CJOHNSTONI_LOCUS6632,rna-CJOHNSTONI_LOCUS6632,200,protein_coding,SPASM domain-containing protein  [Source:UniProtKB/TrEMBL;Acc:A0A8J2QAI5],Cercopithifilaria johnstoni (PRJEB47283),protein_coding,cejohnprjeb47283
CJOHNSTONI_LOCUS1151,rna-CJOHNSTONI_LOCUS1151,196,protein_coding,Histone deacetylase  [Source:UniProtKB/TrEMBL;Acc:A0A8J2LVJ4],Cercopithifilaria johnstoni (PRJEB47283),protein_coding,cejohnprjeb47283
CJOHNSTONI_LOCUS4202,rna-CJOHNSTONI_LOCUS4202,188,protein_coding,Nuclear receptor domain-containing protein  [Source:UniProtKB/TrEMBL;Acc:A0A8J2Q6R2],Cercopithifilaria johnstoni (PRJEB47283),protein_coding,cejohnprjeb47283
CJOHNSTONI_LOCUS5009,rna-CJOHNSTONI_LOCUS5009,181,protein_coding,Ras-related protein Rab  [Source:UniProtKB/TrEMBL;Acc:A0A8J2M4B1],Cercopithifilaria johnstoni (PRJEB47283),protein_coding,cejohnprjeb47283
CJOHNSTONI_LOCUS2693,rna-CJOHNSTONI_LOCUS2693,179,protein_coding,T-complex protein 1 subunit zeta  [Source:UniProtKB/TrEMBL;Acc:A0A8J2ML82],Cercopithifilaria johnstoni (PRJEB47283),protein_coding,cejohnprjeb47283
CJOHNSTONI_LOCUS761,rna-CJOHNSTONI_LOCUS761,105,protein_coding,,Cercopithifilaria johnstoni (PRJEB47283),protein_coding,cejohnprjeb47283
CJOHNSTONI_LOCUS7383,rna-CJOHNSTONI_LOCUS7383,512,protein_coding,Arrestin_C domain-containing protein  [Source:UniProtKB/TrEMBL;Acc:A0A8J2M8B6],Cercopithifilaria johnstoni (PRJEB47283),protein_coding,cejohnprjeb47283
CJOHNSTONI_LOCUS2417,rna-CJOHNSTONI_LOCUS2417,266,protein_coding,CCD97-like_C domain-containing protein  [Source:UniProtKB/TrEMBL;Acc:A0A8J2M2D2],Cercopithifilaria johnstoni (PRJEB47283),protein_coding,cejohnprjeb47283
CJOHNSTONI_LOCUS5374,rna-CJOHNSTONI_LOCUS5374,239,protein_coding,Cytoskeleton-associated protein 5  [Source:UniProtKB/TrEMBL;Acc:A0A8J2PTS3],Cercopithifilaria johnstoni (PRJEB47283),protein_coding,cejohnprjeb47283
CJOHNSTONI_LOCUS7035,rna-CJOHNSTONI_LOCUS7035,294,protein_coding,"Zinc finger protein 36, C3H1 type-like 1  [Source:UniProtKB/TrEMBL;Acc:A0A8J2Q8C1]",Cercopithifilaria johnstoni (PRJEB47283),protein_coding,cejohnprjeb47283
CJOHNSTONI_LOCUS292,rna-CJOHNSTONI_LOCUS292,270,protein_coding,Piezo-type mechanosensitive ion channel component  [Source:UniProtKB/TrEMBL;Acc:A0A8J2Q803],Cercopithifilaria johnstoni (PRJEB47283),protein_coding,cejohnprjeb47283
CJOHNSTONI_LOCUS9438,rna-CJOHNSTONI_LOCUS9438,261,protein_coding,Poly(U)-binding-splicing factor PUF60  [Source:UniProtKB/TrEMBL;Acc:A0A8J2MC39],Cercopithifilaria johnstoni (PRJEB47283),protein_coding,cejohnprjeb47283
CJOHNSTONI_LOCUS2451,rna-CJOHNSTONI_LOCUS2451,264,protein_coding,Serine/threonine-protein phosphatase  [Source:UniProtKB/TrEMBL;Acc:A0A8J2Q4Q7],Cercopithifilaria johnstoni (PRJEB47283),protein_coding,cejohnprjeb47283
CJOHNSTONI_LOCUS9082,rna-CJOHNSTONI_LOCUS9082,226,protein_coding,TIMELESS domain-containing protein  [Source:UniProtKB/TrEMBL;Acc:A0A8J2MBJ0],Cercopithifilaria johnstoni (PRJEB47283),protein_coding,cejohnprjeb47283
CJOHNSTONI_LOCUS9083,rna-CJOHNSTONI_LOCUS9083,197,protein_coding,Protein Wnt  [Source:UniProtKB/TrEMBL;Acc:A0A8J2Q914],Cercopithifilaria johnstoni (PRJEB47283),protein_coding,cejohnprjeb47283
CJOHNSTONI_LOCUS6634,rna-CJOHNSTONI_LOCUS6634,284,protein_coding,Glyco_hydro_2_C domain-containing protein  [Source:UniProtKB/TrEMBL;Acc:A0A8J2M0G0],Cercopithifilaria johnstoni (PRJEB47283),protein_coding,cejohnprjeb47283
CJOHNSTONI_LOCUS8150,rna-CJOHNSTONI_LOCUS8150,175,protein_coding,RING-type E3 ubiquitin transferase  [Source:UniProtKB/TrEMBL;Acc:A0A8J2M2J0],Cercopithifilaria johnstoni (PRJEB47283),protein_coding,cejohnprjeb47283
CJOHNSTONI_LOCUS3369,rna-CJOHNSTONI_LOCUS3369,233,protein_coding,GATA-binding factor A  [Source:UniProtKB/TrEMBL;Acc:A0A8J2PYX3],Cercopithifilaria johnstoni (PRJEB47283),protein_coding,cejohnprjeb47283
CJOHNSTONI_LOCUS7743,rna-CJOHNSTONI_LOCUS7743,635,protein_coding,Angiotensin-converting enzyme  [Source:UniProtKB/TrEMBL;Acc:A0A8J2M9V2],Cercopithifilaria johnstoni (PRJEB47283),protein_coding,cejohnprjeb47283
CJOHNSTONI_LOCUS6799,rna-CJOHNSTONI_LOCUS6799,265,protein_coding,phosphomevalonate kinase  [Source:UniProtKB/TrEMBL;Acc:A0A8J2MQR7],Cercopithifilaria johnstoni (PRJEB47283),protein_coding,cejohnprjeb47283
CJOHNSTONI_LOCUS6436,rna-CJOHNSTONI_LOCUS6436,200,protein_coding,,Cercopithifilaria johnstoni (PRJEB47283),protein_coding,cejohnprjeb47283
CJOHNSTONI_LOCUS7521,rna-CJOHNSTONI_LOCUS7521,374,protein_coding,FERM domain-containing protein  [Source:UniProtKB/TrEMBL;Acc:A0A8J2MRI7],Cercopithifilaria johnstoni (PRJEB47283),protein_coding,cejohnprjeb47283
CJOHNSTONI_LOCUS4624,rna-CJOHNSTONI_LOCUS4624,323,protein_coding,"alpha-1,6-mannosyl-glycoprotein 6-beta-N-acetylglucosaminyltransferase  [Source:UniProtKB/TrEMBL;Acc:A0A8J2PT56]",Cercopithifilaria johnstoni (PRJEB47283),protein_coding,cejohnprjeb47283
CJOHNSTONI_LOCUS2816,rna-CJOHNSTONI_LOCUS2816,264,protein_coding,BTB domain-containing protein  [Source:UniProtKB/TrEMBL;Acc:A0A8J2MKT9],Cercopithifilaria johnstoni (PRJEB47283),protein_coding,cejohnprjeb47283
CJOHNSTONI_LOCUS3117,rna-CJOHNSTONI_LOCUS3117,220,protein_coding,beta-N-acetylhexosaminidase  [Source:UniProtKB/TrEMBL;Acc:A0A8J2PRW8],Cercopithifilaria johnstoni (PRJEB47283),protein_coding,cejohnprjeb47283
CJOHNSTONI_LOCUS3720,rna-CJOHNSTONI_LOCUS3720,494,protein_coding,LIM interaction domain (LID) domain-containing protein  [Source:UniProtKB/TrEMBL;Acc:A0A8J2MLQ7],Cercopithifilaria johnstoni (PRJEB47283),protein_coding,cejohnprjeb47283
CJOHNSTONI_LOCUS5066,rna-CJOHNSTONI_LOCUS5066,247,protein_coding,Coiled-coil domain-containing protein 47  [Source:UniProtKB/TrEMBL;Acc:A0A8J2M436],Cercopithifilaria johnstoni (PRJEB47283),protein_coding,cejohnprjeb47283
CJOHNSTONI_LOCUS649,rna-CJOHNSTONI_LOCUS649,191,protein_coding,C2H2-type domain-containing protein  [Source:UniProtKB/TrEMBL;Acc:A0A8J2PVQ8],Cercopithifilaria johnstoni (PRJEB47283),protein_coding,cejohnprjeb47283
CJOHNSTONI_LOCUS10585,rna-CJOHNSTONI_LOCUS10585,138,protein_coding,C2H2-type domain-containing protein  [Source:UniProtKB/TrEMBL;Acc:A0A8J2MFU5],Cercopithifilaria johnstoni (PRJEB47283),protein_coding,cejohnprjeb47283
CJOHNSTONI_LOCUS9483,rna-CJOHNSTONI_LOCUS9483,200,protein_coding,Ashwin  [Source:UniProtKB/TrEMBL;Acc:A0A8J2MFR9],Cercopithifilaria johnstoni (PRJEB47283),protein_coding,cejohnprjeb47283
CJOHNSTONI_LOCUS10563,rna-CJOHNSTONI_LOCUS10563,757,protein_coding,ZZ-type domain-containing protein  [Source:UniProtKB/TrEMBL;Acc:A0A8J2Q4U7],Cercopithifilaria johnstoni (PRJEB47283),protein_coding,cejohnprjeb47283
CJOHNSTONI_LOCUS7603,rna-CJOHNSTONI_LOCUS7603,190,protein_coding,mRNA decay activator protein ZFP36L2  [Source:UniProtKB/TrEMBL;Acc:A0A8J2MA76],Cercopithifilaria johnstoni (PRJEB47283),protein_coding,cejohnprjeb47283
CJOHNSTONI_LOCUS4980,rna-CJOHNSTONI_LOCUS4980,194,protein_coding,CCHC-type domain-containing protein  [Source:UniProtKB/TrEMBL;Acc:A0A8J2M6I7],Cercopithifilaria johnstoni (PRJEB47283),protein_coding,cejohnprjeb47283
CJOHNSTONI_LOCUS6959,rna-CJOHNSTONI_LOCUS6959,167,protein_coding,PX domain-containing protein  [Source:UniProtKB/TrEMBL;Acc:A0A8J2Q5J7],Cercopithifilaria johnstoni (PRJEB47283),protein_coding,cejohnprjeb47283
CJOHNSTONI_LOCUS7285,rna-CJOHNSTONI_LOCUS7285,196,protein_coding,C-type mannose receptor 2  [Source:UniProtKB/TrEMBL;Acc:A0A8J2MAV6],Cercopithifilaria johnstoni (PRJEB47283),protein_coding,cejohnprjeb47283
CJOHNSTONI_LOCUS241,rna-CJOHNSTONI_LOCUS241,353,protein_coding,,Cercopithifilaria johnstoni (PRJEB47283),protein_coding,cejohnprjeb47283
CJOHNSTONI_LOCUS9440,rna-CJOHNSTONI_LOCUS9440,167,protein_coding,PHD-type domain-containing protein  [Source:UniProtKB/TrEMBL;Acc:A0A8J2MUI9],Cercopithifilaria johnstoni (PRJEB47283),protein_coding,cejohnprjeb47283
CJOHNSTONI_LOCUS244,rna-CJOHNSTONI_LOCUS244,159,protein_coding,Anamorsin homolog  [Source:UniProtKB/TrEMBL;Acc:A0A8J2LVT9],Cercopithifilaria johnstoni (PRJEB47283),protein_coding,cejohnprjeb47283
CJOHNSTONI_LOCUS5070,rna-CJOHNSTONI_LOCUS5070,150,protein_coding,,Cercopithifilaria johnstoni (PRJEB47283),protein_coding,cejohnprjeb47283
CJOHNSTONI_LOCUS9392,rna-CJOHNSTONI_LOCUS9392,148,protein_coding,Zinc finger protein  [Source:UniProtKB/TrEMBL;Acc:A0A8J2Q3U4],Cercopithifilaria johnstoni (PRJEB47283),protein_coding,cejohnprjeb47283
CJOHNSTONI_LOCUS9621,rna-CJOHNSTONI_LOCUS9621,242,protein_coding,Mab-21 domain-containing protein  [Source:UniProtKB/TrEMBL;Acc:A0A8J2MUT7],Cercopithifilaria johnstoni (PRJEB47283),protein_coding,cejohnprjeb47283
CJOHNSTONI_LOCUS8226,rna-CJOHNSTONI_LOCUS8226,182,protein_coding,Zinc finger protein  [Source:UniProtKB/TrEMBL;Acc:A0A8J2Q8R4],Cercopithifilaria johnstoni (PRJEB47283),protein_coding,cejohnprjeb47283
CJOHNSTONI_LOCUS794,rna-CJOHNSTONI_LOCUS794,222,protein_coding,Cadherin domain-containing protein  [Source:UniProtKB/TrEMBL;Acc:A0A8J2MHZ7],Cercopithifilaria johnstoni (PRJEB47283),protein_coding,cejohnprjeb47283
CJOHNSTONI_LOCUS9127,rna-CJOHNSTONI_LOCUS9127,288,protein_coding,Trehalase  [Source:UniProtKB/TrEMBL;Acc:A0A8J2PXX6],Cercopithifilaria johnstoni (PRJEB47283),protein_coding,cejohnprjeb47283
CJOHNSTONI_LOCUS2827,rna-CJOHNSTONI_LOCUS2827,274,protein_coding,HATPase_c domain-containing protein  [Source:UniProtKB/TrEMBL;Acc:A0A8J2Q9A5],Cercopithifilaria johnstoni (PRJEB47283),protein_coding,cejohnprjeb47283
CJOHNSTONI_LOCUS3402,rna-CJOHNSTONI_LOCUS3402,207,protein_coding,,Cercopithifilaria johnstoni (PRJEB47283),protein_coding,cejohnprjeb47283
CJOHNSTONI_LOCUS10398,rna-CJOHNSTONI_LOCUS10398,232,protein_coding,Pellino  [Source:UniProtKB/TrEMBL;Acc:A0A8J2Q7G2],Cercopithifilaria johnstoni (PRJEB47283),protein_coding,cejohnprjeb47283
CJOHNSTONI_LOCUS5445,rna-CJOHNSTONI_LOCUS5445,222,protein_coding,ZP domain-containing protein  [Source:UniProtKB/TrEMBL;Acc:A0A8J2M7C6],Cercopithifilaria johnstoni (PRJEB47283),protein_coding,cejohnprjeb47283
CJOHNSTONI_LOCUS8319,rna-CJOHNSTONI_LOCUS8319,215,protein_coding,RING-type domain-containing protein  [Source:UniProtKB/TrEMBL;Acc:A0A8J2M9R8],Cercopithifilaria johnstoni (PRJEB47283),protein_coding,cejohnprjeb47283
CJOHNSTONI_LOCUS691,rna-CJOHNSTONI_LOCUS691,485,protein_coding,Pectin lyase-like superfamily protein  [Source:UniProtKB/TrEMBL;Acc:A0A8J2PVS1],Cercopithifilaria johnstoni (PRJEB47283),protein_coding,cejohnprjeb47283
CJOHNSTONI_LOCUS4813,rna-CJOHNSTONI_LOCUS4813,342,protein_coding,Mediator complex subunit 30  [Source:UniProtKB/TrEMBL;Acc:A0A8J2QA50],Cercopithifilaria johnstoni (PRJEB47283),protein_coding,cejohnprjeb47283
CJOHNSTONI_LOCUS7554,rna-CJOHNSTONI_LOCUS7554,259,protein_coding,ShTK domain protein  [Source:UniProtKB/TrEMBL;Acc:A0A8J2Q2H3],Cercopithifilaria johnstoni (PRJEB47283),protein_coding,cejohnprjeb47283
CJOHNSTONI_LOCUS3169,rna-CJOHNSTONI_LOCUS3169,180,protein_coding,SAGA-associated factor 11  [Source:UniProtKB/TrEMBL;Acc:A0A8J2MLP4],Cercopithifilaria johnstoni (PRJEB47283),protein_coding,cejohnprjeb47283
CJOHNSTONI_LOCUS7123,rna-CJOHNSTONI_LOCUS7123,297,protein_coding,Enoyl-CoA hydratase  [Source:UniProtKB/TrEMBL;Acc:A0A8J2MR91],Cercopithifilaria johnstoni (PRJEB47283),protein_coding,cejohnprjeb47283
CJOHNSTONI_LOCUS9129,rna-CJOHNSTONI_LOCUS9129,417,protein_coding,DUF384 domain-containing protein  [Source:UniProtKB/TrEMBL;Acc:A0A8J2Q3N6],Cercopithifilaria johnstoni (PRJEB47283),protein_coding,cejohnprjeb47283
CJOHNSTONI_LOCUS6156,rna-CJOHNSTONI_LOCUS6156,437,protein_coding,G_PROTEIN_RECEP_F1_2 domain-containing protein  [Source:UniProtKB/TrEMBL;Acc:A0A8J2QAF0],Cercopithifilaria johnstoni (PRJEB47283),protein_coding,cejohnprjeb47283
CJOHNSTONI_LOCUS9104,rna-CJOHNSTONI_LOCUS9104,233,protein_coding,Phosphatidylinositol-4-phosphate 3-kinase  [Source:UniProtKB/TrEMBL;Acc:A0A8J2M4V7],Cercopithifilaria johnstoni (PRJEB47283),protein_coding,cejohnprjeb47283
CJOHNSTONI_LOCUS3896,rna-CJOHNSTONI_LOCUS3896,239,protein_coding,Nuclear receptor domain-containing protein  [Source:UniProtKB/TrEMBL;Acc:A0A8J2LS81],Cercopithifilaria johnstoni (PRJEB47283),protein_coding,cejohnprjeb47283
CJOHNSTONI_LOCUS7651,rna-CJOHNSTONI_LOCUS7651,232,protein_coding,Protein POLLEN DEFECTIVE IN GUIDANCE 1  [Source:UniProtKB/TrEMBL;Acc:A0A8J2Q608],Cercopithifilaria johnstoni (PRJEB47283),protein_coding,cejohnprjeb47283
CJOHNSTONI_LOCUS9329,rna-CJOHNSTONI_LOCUS9329,156,protein_coding,SLATT_fungal domain-containing protein  [Source:UniProtKB/TrEMBL;Acc:A0A8J2ME49],Cercopithifilaria johnstoni (PRJEB47283),protein_coding,cejohnprjeb47283
CJOHNSTONI_LOCUS10009,rna-CJOHNSTONI_LOCUS10009,229,protein_coding,F-box domain-containing protein  [Source:UniProtKB/TrEMBL;Acc:A0A8J2MFI7],Cercopithifilaria johnstoni (PRJEB47283),protein_coding,cejohnprjeb47283
CJOHNSTONI_LOCUS3147,rna-CJOHNSTONI_LOCUS3147,229,protein_coding,Protein MON2 homolog  [Source:UniProtKB/TrEMBL;Acc:A0A8J2Q2A1],Cercopithifilaria johnstoni (PRJEB47283),protein_coding,cejohnprjeb47283
CJOHNSTONI_LOCUS7855,rna-CJOHNSTONI_LOCUS7855,227,protein_coding,Ras-like protein 1  [Source:UniProtKB/TrEMBL;Acc:A0A8J2MRV5],Cercopithifilaria johnstoni (PRJEB47283),protein_coding,cejohnprjeb47283
CJOHNSTONI_LOCUS1920,rna-CJOHNSTONI_LOCUS1920,128,protein_coding,Cytochrome b5 heme-binding domain-containing protein  [Source:UniProtKB/TrEMBL;Acc:A0A8J2LQV4],Cercopithifilaria johnstoni (PRJEB47283),protein_coding,cejohnprjeb47283
CJOHNSTONI_LOCUS8678,rna-CJOHNSTONI_LOCUS8678,266,protein_coding,C3H1-type domain-containing protein  [Source:UniProtKB/TrEMBL;Acc:A0A8J2M3B7],Cercopithifilaria johnstoni (PRJEB47283),protein_coding,cejohnprjeb47283
CJOHNSTONI_LOCUS6626,rna-CJOHNSTONI_LOCUS6626,251,protein_coding,PNPLA domain-containing protein  [Source:UniProtKB/TrEMBL;Acc:A0A8J2M9H8],Cercopithifilaria johnstoni (PRJEB47283),protein_coding,cejohnprjeb47283
CJOHNSTONI_LOCUS380,rna-CJOHNSTONI_LOCUS380,212,protein_coding,AAA domain-containing protein  [Source:UniProtKB/TrEMBL;Acc:A0A8J2LYK2],Cercopithifilaria johnstoni (PRJEB47283),protein_coding,cejohnprjeb47283
CJOHNSTONI_LOCUS554,rna-CJOHNSTONI_LOCUS554,231,protein_coding,Lysozyme  [Source:UniProtKB/TrEMBL;Acc:A0A8J2LU18],Cercopithifilaria johnstoni (PRJEB47283),protein_coding,cejohnprjeb47283
CJOHNSTONI_LOCUS5500,rna-CJOHNSTONI_LOCUS5500,272,protein_coding,UDENN domain-containing protein  [Source:UniProtKB/TrEMBL;Acc:A0A8J2M5B6],Cercopithifilaria johnstoni (PRJEB47283),protein_coding,cejohnprjeb47283
CJOHNSTONI_LOCUS138,rna-CJOHNSTONI_LOCUS138,172,protein_coding,ATP-cone domain-containing protein  [Source:UniProtKB/TrEMBL;Acc:A0A8J2LMN3],Cercopithifilaria johnstoni (PRJEB47283),protein_coding,cejohnprjeb47283
CJOHNSTONI_LOCUS174,rna-CJOHNSTONI_LOCUS174,1013,protein_coding,Zinc finger protein 782  [Source:UniProtKB/TrEMBL;Acc:A0A8J2Q2Z4],Cercopithifilaria johnstoni (PRJEB47283),protein_coding,cejohnprjeb47283
CJOHNSTONI_LOCUS9531,rna-CJOHNSTONI_LOCUS9531,210,protein_coding,"Methyltransferase-like protein 17, mitochondrial  [Source:UniProtKB/TrEMBL;Acc:A0A8J2M4V3]",Cercopithifilaria johnstoni (PRJEB47283),protein_coding,cejohnprjeb47283
CJOHNSTONI_LOCUS417,rna-CJOHNSTONI_LOCUS417,124,protein_coding,Complex I-B15  [Source:UniProtKB/TrEMBL;Acc:A0A8J2LL96],Cercopithifilaria johnstoni (PRJEB47283),protein_coding,cejohnprjeb47283
CJOHNSTONI_LOCUS8062,rna-CJOHNSTONI_LOCUS8062,244,protein_coding,BRCT domain-containing protein  [Source:UniProtKB/TrEMBL;Acc:A0A8J2M9N5],Cercopithifilaria johnstoni (PRJEB47283),protein_coding,cejohnprjeb47283
CJOHNSTONI_LOCUS8090,rna-CJOHNSTONI_LOCUS8090,181,protein_coding,BTB domain-containing protein  [Source:UniProtKB/TrEMBL;Acc:A0A8J2PX10],Cercopithifilaria johnstoni (PRJEB47283),protein_coding,cejohnprjeb47283
CJOHNSTONI_LOCUS5589,rna-CJOHNSTONI_LOCUS5589,235,protein_coding,DM domain-containing protein  [Source:UniProtKB/TrEMBL;Acc:A0A8J2M5C7],Cercopithifilaria johnstoni (PRJEB47283),protein_coding,cejohnprjeb47283
CJOHNSTONI_LOCUS4724,rna-CJOHNSTONI_LOCUS4724,531,protein_coding,Orcokinin peptides type B  [Source:UniProtKB/TrEMBL;Acc:A0A8J2M3Y9],Cercopithifilaria johnstoni (PRJEB47283),protein_coding,cejohnprjeb47283
CJOHNSTONI_LOCUS7014,rna-CJOHNSTONI_LOCUS7014,377,protein_coding,,Cercopithifilaria johnstoni (PRJEB47283),protein_coding,cejohnprjeb47283
CJOHNSTONI_LOCUS9814,rna-CJOHNSTONI_LOCUS9814,264,protein_coding,ShKT domain-containing protein  [Source:UniProtKB/TrEMBL;Acc:A0A8J2MUH2],Cercopithifilaria johnstoni (PRJEB47283),protein_coding,cejohnprjeb47283
CJOHNSTONI_LOCUS7995,rna-CJOHNSTONI_LOCUS7995,161,protein_coding,GH18 domain-containing protein  [Source:UniProtKB/TrEMBL;Acc:A0A8J2MAZ7],Cercopithifilaria johnstoni (PRJEB47283),protein_coding,cejohnprjeb47283
CJOHNSTONI_LOCUS1465,rna-CJOHNSTONI_LOCUS1465,208,protein_coding,,Cercopithifilaria johnstoni (PRJEB47283),protein_coding,cejohnprjeb47283
CJOHNSTONI_LOCUS2895,rna-CJOHNSTONI_LOCUS2895,381,protein_coding,Beta-lactamase domain-containing protein  [Source:UniProtKB/TrEMBL;Acc:A0A8J2M0G7],Cercopithifilaria johnstoni (PRJEB47283),protein_coding,cejohnprjeb47283
CJOHNSTONI_LOCUS9597,rna-CJOHNSTONI_LOCUS9597,317,protein_coding,Protein kinase domain-containing protein  [Source:UniProtKB/TrEMBL;Acc:A0A8J2MDW8],Cercopithifilaria johnstoni (PRJEB47283),protein_coding,cejohnprjeb47283
CJOHNSTONI_LOCUS9871,rna-CJOHNSTONI_LOCUS9871,288,protein_coding,LINES_N domain-containing protein  [Source:UniProtKB/TrEMBL;Acc:A0A8J2MEN9],Cercopithifilaria johnstoni (PRJEB47283),protein_coding,cejohnprjeb47283
CJOHNSTONI_LOCUS5968,rna-CJOHNSTONI_LOCUS5968,229,protein_coding,S-adenosylmethionine decarboxylase proenzyme  [Source:UniProtKB/TrEMBL;Acc:A0A8J2LZ74],Cercopithifilaria johnstoni (PRJEB47283),protein_coding,cejohnprjeb47283
CJOHNSTONI_LOCUS2460,rna-CJOHNSTONI_LOCUS2460,172,protein_coding,Ion channel  [Source:UniProtKB/TrEMBL;Acc:A0A8J2MKY9],Cercopithifilaria johnstoni (PRJEB47283),protein_coding,cejohnprjeb47283
CJOHNSTONI_LOCUS7350,rna-CJOHNSTONI_LOCUS7350,172,protein_coding,ATP synthase F0 subunit 8  [Source:UniProtKB/TrEMBL;Acc:A0A8J2M158],Cercopithifilaria johnstoni (PRJEB47283),protein_coding,cejohnprjeb47283
CJOHNSTONI_LOCUS5450,rna-CJOHNSTONI_LOCUS5450,161,protein_coding,Superoxide dismutase [Cu-Zn]  [Source:UniProtKB/TrEMBL;Acc:A0A8J2PTU8],Cercopithifilaria johnstoni (PRJEB47283),protein_coding,cejohnprjeb47283
CJOHNSTONI_LOCUS2690,rna-CJOHNSTONI_LOCUS2690,177,protein_coding,PH domain-containing protein  [Source:UniProtKB/TrEMBL;Acc:A0A8J2LSG5],Cercopithifilaria johnstoni (PRJEB47283),protein_coding,cejohnprjeb47283
CJOHNSTONI_LOCUS9829,rna-CJOHNSTONI_LOCUS9829,185,protein_coding,Pre-mRNA-splicing factor CWC25 homolog  [Source:UniProtKB/TrEMBL;Acc:A0A8J2MV25],Cercopithifilaria johnstoni (PRJEB47283),protein_coding,cejohnprjeb47283
CJOHNSTONI_LOCUS3414,rna-CJOHNSTONI_LOCUS3414,205,protein_coding,T-complex protein 1 subunit gamma  [Source:UniProtKB/TrEMBL;Acc:A0A8J2Q9I8],Cercopithifilaria johnstoni (PRJEB47283),protein_coding,cejohnprjeb47283
CJOHNSTONI_LOCUS5170,rna-CJOHNSTONI_LOCUS5170,215,protein_coding,Neur_chan_memb domain-containing protein  [Source:UniProtKB/TrEMBL;Acc:A0A8J2MNT4],Cercopithifilaria johnstoni (PRJEB47283),protein_coding,cejohnprjeb47283
CJOHNSTONI_LOCUS7253,rna-CJOHNSTONI_LOCUS7253,159,protein_coding,,Cercopithifilaria johnstoni (PRJEB47283),protein_coding,cejohnprjeb47283
CJOHNSTONI_LOCUS6356,rna-CJOHNSTONI_LOCUS6356,358,protein_coding,NSL complex protein NSL2  [Source:UniProtKB/TrEMBL;Acc:A0A8J2Q1J1],Cercopithifilaria johnstoni (PRJEB47283),protein_coding,cejohnprjeb47283
CJOHNSTONI_LOCUS8413,rna-CJOHNSTONI_LOCUS8413,249,protein_coding,Omp85 domain-containing protein  [Source:UniProtKB/TrEMBL;Acc:A0A8J2MDI6],Cercopithifilaria johnstoni (PRJEB47283),protein_coding,cejohnprjeb47283
CJOHNSTONI_LOCUS6195,rna-CJOHNSTONI_LOCUS6195,190,protein_coding,ANK_REP_REGION domain-containing protein  [Source:UniProtKB/TrEMBL;Acc:A0A8J2Q1E1],Cercopithifilaria johnstoni (PRJEB47283),protein_coding,cejohnprjeb47283
CJOHNSTONI_LOCUS234,rna-CJOHNSTONI_LOCUS234,233,protein_coding,Ovule protein  [Source:UniProtKB/TrEMBL;Acc:A0A8J2LKZ3],Cercopithifilaria johnstoni (PRJEB47283),protein_coding,cejohnprjeb47283
CJOHNSTONI_LOCUS9809,rna-CJOHNSTONI_LOCUS9809,293,protein_coding,RRM domain-containing protein  [Source:UniProtKB/TrEMBL;Acc:A0A8J2Q466],Cercopithifilaria johnstoni (PRJEB47283),protein_coding,cejohnprjeb47283
CJOHNSTONI_LOCUS5897,rna-CJOHNSTONI_LOCUS5897,250,protein_coding,Riboflavin transporter  [Source:UniProtKB/TrEMBL;Acc:A0A8J2QAD1],Cercopithifilaria johnstoni (PRJEB47283),protein_coding,cejohnprjeb47283
CJOHNSTONI_LOCUS129,rna-CJOHNSTONI_LOCUS129,257,protein_coding,Pre-mRNA-processing factor 6  [Source:UniProtKB/TrEMBL;Acc:A0A8J2LVA2],Cercopithifilaria johnstoni (PRJEB47283),protein_coding,cejohnprjeb47283
CJOHNSTONI_LOCUS7470,rna-CJOHNSTONI_LOCUS7470,234,protein_coding,Secreted protein  [Source:UniProtKB/TrEMBL;Acc:A0A8J2M9X0],Cercopithifilaria johnstoni (PRJEB47283),protein_coding,cejohnprjeb47283
CJOHNSTONI_LOCUS10161,rna-CJOHNSTONI_LOCUS10161,209,protein_coding,Pkinase_fungal domain-containing protein  [Source:UniProtKB/TrEMBL;Acc:A0A8J2MD56],Cercopithifilaria johnstoni (PRJEB47283),protein_coding,cejohnprjeb47283
CJOHNSTONI_LOCUS8995,rna-CJOHNSTONI_LOCUS8995,187,protein_coding,ADP-dependent glucokinase  [Source:UniProtKB/TrEMBL;Acc:A0A8J2MB64],Cercopithifilaria johnstoni (PRJEB47283),protein_coding,cejohnprjeb47283
CJOHNSTONI_LOCUS5999,rna-CJOHNSTONI_LOCUS5999,471,protein_coding,ORF66  [Source:UniProtKB/TrEMBL;Acc:A0A8J2MPU2],Cercopithifilaria johnstoni (PRJEB47283),protein_coding,cejohnprjeb47283
CJOHNSTONI_LOCUS8691,rna-CJOHNSTONI_LOCUS8691,233,protein_coding,UBX domain-containing protein  [Source:UniProtKB/TrEMBL;Acc:A0A8J2QAY7],Cercopithifilaria johnstoni (PRJEB47283),protein_coding,cejohnprjeb47283
CJOHNSTONI_LOCUS9459,rna-CJOHNSTONI_LOCUS9459,150,protein_coding,Mob1/phocein family protein  [Source:UniProtKB/TrEMBL;Acc:A0A8J2MEF2],Cercopithifilaria johnstoni (PRJEB47283),protein_coding,cejohnprjeb47283
CJOHNSTONI_LOCUS558,rna-CJOHNSTONI_LOCUS558,230,protein_coding,Ovule protein  [Source:UniProtKB/TrEMBL;Acc:A0A8J2LW37],Cercopithifilaria johnstoni (PRJEB47283),protein_coding,cejohnprjeb47283
CJOHNSTONI_LOCUS9205,rna-CJOHNSTONI_LOCUS9205,182,protein_coding,Clu domain-containing protein  [Source:UniProtKB/TrEMBL;Acc:A0A8J2MBS5],Cercopithifilaria johnstoni (PRJEB47283),protein_coding,cejohnprjeb47283
CJOHNSTONI_LOCUS8593,rna-CJOHNSTONI_LOCUS8593,207,protein_coding,Aminotran_1_2 domain-containing protein  [Source:UniProtKB/TrEMBL;Acc:A0A8J2MCE2],Cercopithifilaria johnstoni (PRJEB47283),protein_coding,cejohnprjeb47283
CJOHNSTONI_LOCUS2003,rna-CJOHNSTONI_LOCUS2003,272,protein_coding,BTB domain-containing protein  [Source:UniProtKB/TrEMBL;Acc:A0A8J2LYZ6],Cercopithifilaria johnstoni (PRJEB47283),protein_coding,cejohnprjeb47283
CJOHNSTONI_LOCUS3575,rna-CJOHNSTONI_LOCUS3575,238,protein_coding,G-protein alpha subunit  [Source:UniProtKB/TrEMBL;Acc:A0A8J2Q2L5],Cercopithifilaria johnstoni (PRJEB47283),protein_coding,cejohnprjeb47283
CJOHNSTONI_LOCUS7546,rna-CJOHNSTONI_LOCUS7546,272,protein_coding,V-type proton ATPase subunit a  [Source:UniProtKB/TrEMBL;Acc:A0A8J2MBD6],Cercopithifilaria johnstoni (PRJEB47283),protein_coding,cejohnprjeb47283
CJOHNSTONI_LOCUS3085,rna-CJOHNSTONI_LOCUS3085,260,protein_coding,,Cercopithifilaria johnstoni (PRJEB47283),protein_coding,cejohnprjeb47283
CJOHNSTONI_LOCUS560,rna-CJOHNSTONI_LOCUS560,178,protein_coding,ABC transmembrane type-1 domain-containing protein  [Source:UniProtKB/TrEMBL;Acc:A0A8J2LVW4],Cercopithifilaria johnstoni (PRJEB47283),protein_coding,cejohnprjeb47283
CJOHNSTONI_LOCUS5165,rna-CJOHNSTONI_LOCUS5165,174,protein_coding,Metallophos domain-containing protein  [Source:UniProtKB/TrEMBL;Acc:A0A8J2QA76],Cercopithifilaria johnstoni (PRJEB47283),protein_coding,cejohnprjeb47283
CJOHNSTONI_LOCUS6651,rna-CJOHNSTONI_LOCUS6651,298,protein_coding,SSD domain-containing protein  [Source:UniProtKB/TrEMBL;Acc:A0A8J2M9K0],Cercopithifilaria johnstoni (PRJEB47283),protein_coding,cejohnprjeb47283
CJOHNSTONI_LOCUS1603,rna-CJOHNSTONI_LOCUS1603,203,protein_coding,Mitochondrial fission factor  [Source:UniProtKB/TrEMBL;Acc:A0A8J2LY85],Cercopithifilaria johnstoni (PRJEB47283),protein_coding,cejohnprjeb47283
CJOHNSTONI_LOCUS8492,rna-CJOHNSTONI_LOCUS8492,251,protein_coding,C2H2-type domain-containing protein  [Source:UniProtKB/TrEMBL;Acc:A0A8J2Q384],Cercopithifilaria johnstoni (PRJEB47283),protein_coding,cejohnprjeb47283
CJOHNSTONI_LOCUS4115,rna-CJOHNSTONI_LOCUS4115,240,protein_coding,FBA domain-containing protein  [Source:UniProtKB/TrEMBL;Acc:A0A8J2M2H4],Cercopithifilaria johnstoni (PRJEB47283),protein_coding,cejohnprjeb47283
CJOHNSTONI_LOCUS5341,rna-CJOHNSTONI_LOCUS5341,106,protein_coding,Ribosomal protein S12  [Source:UniProtKB/TrEMBL;Acc:A0A8J2MP07],Cercopithifilaria johnstoni (PRJEB47283),protein_coding,cejohnprjeb47283
CJOHNSTONI_LOCUS6595,rna-CJOHNSTONI_LOCUS6595,273,protein_coding,Filament-like plant protein 7  [Source:UniProtKB/TrEMBL;Acc:A0A8J2M073],Cercopithifilaria johnstoni (PRJEB47283),protein_coding,cejohnprjeb47283
CJOHNSTONI_LOCUS3422,rna-CJOHNSTONI_LOCUS3422,763,protein_coding,PHD domain-containing protein  [Source:UniProtKB/TrEMBL;Acc:A0A8J2M114],Cercopithifilaria johnstoni (PRJEB47283),protein_coding,cejohnprjeb47283
CJOHNSTONI_LOCUS3895,rna-CJOHNSTONI_LOCUS3895,872,protein_coding,Tyrosine-protein phosphatase domain-containing protein  [Source:UniProtKB/TrEMBL;Acc:A0A8J2Q9Q8],Cercopithifilaria johnstoni (PRJEB47283),protein_coding,cejohnprjeb47283
CJOHNSTONI_LOCUS8198,rna-CJOHNSTONI_LOCUS8198,250,protein_coding,,Cercopithifilaria johnstoni (PRJEB47283),protein_coding,cejohnprjeb47283
CJOHNSTONI_LOCUS1337,rna-CJOHNSTONI_LOCUS1337,257,protein_coding,Pyr_redox_2 domain-containing protein  [Source:UniProtKB/TrEMBL;Acc:A0A8J2LXS9],Cercopithifilaria johnstoni (PRJEB47283),protein_coding,cejohnprjeb47283
CJOHNSTONI_LOCUS878,rna-CJOHNSTONI_LOCUS878,173,protein_coding,C2 domain-containing protein  [Source:UniProtKB/TrEMBL;Acc:A0A8J2LUT8],Cercopithifilaria johnstoni (PRJEB47283),protein_coding,cejohnprjeb47283
CJOHNSTONI_LOCUS7601,rna-CJOHNSTONI_LOCUS7601,169,protein_coding,Ribosomal protein S12  [Source:UniProtKB/TrEMBL;Acc:A0A8J2MRZ2],Cercopithifilaria johnstoni (PRJEB47283),protein_coding,cejohnprjeb47283
CJOHNSTONI_LOCUS6895,rna-CJOHNSTONI_LOCUS6895,490,protein_coding,RNase_PH domain-containing protein  [Source:UniProtKB/TrEMBL;Acc:A0A8J2MQU7],Cercopithifilaria johnstoni (PRJEB47283),protein_coding,cejohnprjeb47283
CJOHNSTONI_LOCUS9162,rna-CJOHNSTONI_LOCUS9162,226,protein_coding,Protein quiver  [Source:UniProtKB/TrEMBL;Acc:A0A8J2MU42],Cercopithifilaria johnstoni (PRJEB47283),protein_coding,cejohnprjeb47283
CJOHNSTONI_LOCUS5446,rna-CJOHNSTONI_LOCUS5446,211,protein_coding,CRC domain-containing protein  [Source:UniProtKB/TrEMBL;Acc:A0A8J2M5F9],Cercopithifilaria johnstoni (PRJEB47283),protein_coding,cejohnprjeb47283
CJOHNSTONI_LOCUS249,rna-CJOHNSTONI_LOCUS249,208,protein_coding,Protein kinase domain-containing protein  [Source:UniProtKB/TrEMBL;Acc:A0A8J2Q7Z5],Cercopithifilaria johnstoni (PRJEB47283),protein_coding,cejohnprjeb47283
CJOHNSTONI_LOCUS2021,rna-CJOHNSTONI_LOCUS2021,199,protein_coding,Beta-lactamase domain-containing protein  [Source:UniProtKB/TrEMBL;Acc:A0A8J2PR00],Cercopithifilaria johnstoni (PRJEB47283),protein_coding,cejohnprjeb47283
CJOHNSTONI_LOCUS9270,rna-CJOHNSTONI_LOCUS9270,268,protein_coding,SAC3_GANP domain-containing protein  [Source:UniProtKB/TrEMBL;Acc:A0A8J2MTX0],Cercopithifilaria johnstoni (PRJEB47283),protein_coding,cejohnprjeb47283
CJOHNSTONI_LOCUS1934,rna-CJOHNSTONI_LOCUS1934,162,protein_coding,Transmembrane protein  [Source:UniProtKB/TrEMBL;Acc:A0A8J2LX39],Cercopithifilaria johnstoni (PRJEB47283),protein_coding,cejohnprjeb47283
CJOHNSTONI_LOCUS8690,rna-CJOHNSTONI_LOCUS8690,130,protein_coding,,Cercopithifilaria johnstoni (PRJEB47283),protein_coding,cejohnprjeb47283
CJOHNSTONI_LOCUS8750,rna-CJOHNSTONI_LOCUS8750,185,protein_coding,TOG domain-containing protein  [Source:UniProtKB/TrEMBL;Acc:A0A8J2Q8W6],Cercopithifilaria johnstoni (PRJEB47283),protein_coding,cejohnprjeb47283
CJOHNSTONI_LOCUS7099,rna-CJOHNSTONI_LOCUS7099,503,protein_coding,,Cercopithifilaria johnstoni (PRJEB47283),protein_coding,cejohnprjeb47283
CJOHNSTONI_LOCUS7317,rna-CJOHNSTONI_LOCUS7317,203,protein_coding,F-box domain-containing protein  [Source:UniProtKB/TrEMBL;Acc:A0A8J2Q8G1],Cercopithifilaria johnstoni (PRJEB47283),protein_coding,cejohnprjeb47283
CJOHNSTONI_LOCUS4435,rna-CJOHNSTONI_LOCUS4435,204,protein_coding,Transposase  [Source:UniProtKB/TrEMBL;Acc:A0A8J2PZW1],Cercopithifilaria johnstoni (PRJEB47283),protein_coding,cejohnprjeb47283
CJOHNSTONI_LOCUS383,rna-CJOHNSTONI_LOCUS383,161,protein_coding,FTP domain-containing protein  [Source:UniProtKB/TrEMBL;Acc:A0A8J2LVJ0],Cercopithifilaria johnstoni (PRJEB47283),protein_coding,cejohnprjeb47283
CJOHNSTONI_LOCUS3479,rna-CJOHNSTONI_LOCUS3479,205,protein_coding,Phosphatidylinositol 4-kinase type 2  [Source:UniProtKB/TrEMBL;Acc:A0A8J2M0A7],Cercopithifilaria johnstoni (PRJEB47283),protein_coding,cejohnprjeb47283
CJOHNSTONI_LOCUS6213,rna-CJOHNSTONI_LOCUS6213,374,protein_coding,Coiled-coil domain-containing protein 51  [Source:UniProtKB/TrEMBL;Acc:A0A8J2LZP1],Cercopithifilaria johnstoni (PRJEB47283),protein_coding,cejohnprjeb47283
CJOHNSTONI_LOCUS10304,rna-CJOHNSTONI_LOCUS10304,205,protein_coding,LRAT domain-containing protein  [Source:UniProtKB/TrEMBL;Acc:A0A8J2MVP0],Cercopithifilaria johnstoni (PRJEB47283),protein_coding,cejohnprjeb47283
CJOHNSTONI_LOCUS5317,rna-CJOHNSTONI_LOCUS5317,279,protein_coding,G_PROTEIN_RECEP_F1_2 domain-containing protein  [Source:UniProtKB/TrEMBL;Acc:A0A8J2M4V8],Cercopithifilaria johnstoni (PRJEB47283),protein_coding,cejohnprjeb47283
CJOHNSTONI_LOCUS6426,rna-CJOHNSTONI_LOCUS6426,159,protein_coding,,Cercopithifilaria johnstoni (PRJEB47283),protein_coding,cejohnprjeb47283
CJOHNSTONI_LOCUS431,rna-CJOHNSTONI_LOCUS431,171,protein_coding,Y+L amino acid transporter 2  [Source:UniProtKB/TrEMBL;Acc:A0A8J2MI44],Cercopithifilaria johnstoni (PRJEB47283),protein_coding,cejohnprjeb47283
CJOHNSTONI_LOCUS7375,rna-CJOHNSTONI_LOCUS7375,387,protein_coding,BZIP domain-containing protein  [Source:UniProtKB/TrEMBL;Acc:A0A8J2M176],Cercopithifilaria johnstoni (PRJEB47283),protein_coding,cejohnprjeb47283
CJOHNSTONI_LOCUS5967,rna-CJOHNSTONI_LOCUS5967,231,protein_coding,Protein kinase domain-containing protein  [Source:UniProtKB/TrEMBL;Acc:A0A8J2LZ36],Cercopithifilaria johnstoni (PRJEB47283),protein_coding,cejohnprjeb47283
CJOHNSTONI_LOCUS5921,rna-CJOHNSTONI_LOCUS5921,268,protein_coding,Kunitz/Bovine pancreatic trypsin inhibitor domain protein  [Source:UniProtKB/TrEMBL;Acc:A0A8J2Q150],Cercopithifilaria johnstoni (PRJEB47283),protein_coding,cejohnprjeb47283
CJOHNSTONI_LOCUS5867,rna-CJOHNSTONI_LOCUS5867,216,protein_coding,Protein MAK16 homolog  [Source:UniProtKB/TrEMBL;Acc:A0A8J2PU71],Cercopithifilaria johnstoni (PRJEB47283),protein_coding,cejohnprjeb47283
CJOHNSTONI_LOCUS3081,rna-CJOHNSTONI_LOCUS3081,301,protein_coding,Vacuolar protein sorting-associated protein 28 homolog  [Source:UniProtKB/TrEMBL;Acc:A0A8J2LZ22],Cercopithifilaria johnstoni (PRJEB47283),protein_coding,cejohnprjeb47283
CJOHNSTONI_LOCUS9674,rna-CJOHNSTONI_LOCUS9674,230,protein_coding,Rab3 GTPase-activating protein catalytic subunit  [Source:UniProtKB/TrEMBL;Acc:A0A8J2M672],Cercopithifilaria johnstoni (PRJEB47283),protein_coding,cejohnprjeb47283
CJOHNSTONI_LOCUS4505,rna-CJOHNSTONI_LOCUS4505,210,protein_coding,Protein Dr1  [Source:UniProtKB/TrEMBL;Acc:A0A8J2PZX2],Cercopithifilaria johnstoni (PRJEB47283),protein_coding,cejohnprjeb47283
CJOHNSTONI_LOCUS5359,rna-CJOHNSTONI_LOCUS5359,208,protein_coding,40S ribosomal protein S9  [Source:UniProtKB/TrEMBL;Acc:A0A8J2M542],Cercopithifilaria johnstoni (PRJEB47283),protein_coding,cejohnprjeb47283
CJOHNSTONI_LOCUS334,rna-CJOHNSTONI_LOCUS334,171,protein_coding,SLC38A2  [Source:UniProtKB/TrEMBL;Acc:A0A8J2Q812],Cercopithifilaria johnstoni (PRJEB47283),protein_coding,cejohnprjeb47283
CJOHNSTONI_LOCUS10104,rna-CJOHNSTONI_LOCUS10104,264,protein_coding,FLZ-type domain-containing protein  [Source:UniProtKB/TrEMBL;Acc:A0A8J2MF52],Cercopithifilaria johnstoni (PRJEB47283),protein_coding,cejohnprjeb47283
CJOHNSTONI_LOCUS4455,rna-CJOHNSTONI_LOCUS4455,764,protein_coding,eIF2B_5 domain-containing protein  [Source:UniProtKB/TrEMBL;Acc:A0A8J2M5M4],Cercopithifilaria johnstoni (PRJEB47283),protein_coding,cejohnprjeb47283
CJOHNSTONI_LOCUS1698,rna-CJOHNSTONI_LOCUS1698,265,protein_coding,SHNi-TPR domain-containing protein  [Source:UniProtKB/TrEMBL;Acc:A0A8J2MJH1],Cercopithifilaria johnstoni (PRJEB47283),protein_coding,cejohnprjeb47283
CJOHNSTONI_LOCUS995,rna-CJOHNSTONI_LOCUS995,185,protein_coding,Ribokinase  [Source:UniProtKB/TrEMBL;Acc:A0A8J2Q0C8],Cercopithifilaria johnstoni (PRJEB47283),protein_coding,cejohnprjeb47283
CJOHNSTONI_LOCUS9183,rna-CJOHNSTONI_LOCUS9183,254,protein_coding,"3-hydroxyisobutyryl-CoA hydrolase, mitochondrial  [Source:UniProtKB/TrEMBL;Acc:A0A8J2QB23]",Cercopithifilaria johnstoni (PRJEB47283),protein_coding,cejohnprjeb47283
CJOHNSTONI_LOCUS6319,rna-CJOHNSTONI_LOCUS6319,245,protein_coding,YKR005C-like protein  [Source:UniProtKB/TrEMBL;Acc:A0A8J2LZW1],Cercopithifilaria johnstoni (PRJEB47283),protein_coding,cejohnprjeb47283
CJOHNSTONI_LOCUS8135,rna-CJOHNSTONI_LOCUS8135,546,protein_coding,Scaffold attachment factor B1  [Source:UniProtKB/TrEMBL;Acc:A0A8J2QAU6],Cercopithifilaria johnstoni (PRJEB47283),protein_coding,cejohnprjeb47283
CJOHNSTONI_LOCUS10042,rna-CJOHNSTONI_LOCUS10042,320,protein_coding,,Cercopithifilaria johnstoni (PRJEB47283),protein_coding,cejohnprjeb47283
CJOHNSTONI_LOCUS1984,rna-CJOHNSTONI_LOCUS1984,280,protein_coding,IRF-2BP1_2 domain-containing protein  [Source:UniProtKB/TrEMBL;Acc:A0A8J2LR00],Cercopithifilaria johnstoni (PRJEB47283),protein_coding,cejohnprjeb47283
CJOHNSTONI_LOCUS3090,rna-CJOHNSTONI_LOCUS3090,225,protein_coding,Ion_trans domain-containing protein  [Source:UniProtKB/TrEMBL;Acc:A0A8J2PRV6],Cercopithifilaria johnstoni (PRJEB47283),protein_coding,cejohnprjeb47283
CJOHNSTONI_LOCUS8961,rna-CJOHNSTONI_LOCUS8961,248,protein_coding,DNA replication licensing factor MCM3  [Source:UniProtKB/TrEMBL;Acc:A0A8J2PXS8],Cercopithifilaria johnstoni (PRJEB47283),protein_coding,cejohnprjeb47283
CJOHNSTONI_LOCUS3203,rna-CJOHNSTONI_LOCUS3203,209,protein_coding,AMPKBI domain-containing protein  [Source:UniProtKB/TrEMBL;Acc:A0A8J2Q2B5],Cercopithifilaria johnstoni (PRJEB47283),protein_coding,cejohnprjeb47283
CJOHNSTONI_LOCUS8314,rna-CJOHNSTONI_LOCUS8314,234,protein_coding,ANAPC4_WD40 domain-containing protein  [Source:UniProtKB/TrEMBL;Acc:A0A8J2PX81],Cercopithifilaria johnstoni (PRJEB47283),protein_coding,cejohnprjeb47283
CJOHNSTONI_LOCUS3679,rna-CJOHNSTONI_LOCUS3679,198,protein_coding,ADP-ribosylation factor 6  [Source:UniProtKB/TrEMBL;Acc:A0A8J2LUF3],Cercopithifilaria johnstoni (PRJEB47283),protein_coding,cejohnprjeb47283
CJOHNSTONI_LOCUS5224,rna-CJOHNSTONI_LOCUS5224,151,protein_coding,,Cercopithifilaria johnstoni (PRJEB47283),protein_coding,cejohnprjeb47283
CJOHNSTONI_LOCUS6982,rna-CJOHNSTONI_LOCUS6982,148,protein_coding,BZIP domain-containing protein  [Source:UniProtKB/TrEMBL;Acc:A0A8J2M834],Cercopithifilaria johnstoni (PRJEB47283),protein_coding,cejohnprjeb47283
CJOHNSTONI_LOCUS4530,rna-CJOHNSTONI_LOCUS4530,233,protein_coding,,Cercopithifilaria johnstoni (PRJEB47283),protein_coding,cejohnprjeb47283
CJOHNSTONI_LOCUS3648,rna-CJOHNSTONI_LOCUS3648,211,protein_coding,4-coumarate--CoA ligase 1-like  [Source:UniProtKB/TrEMBL;Acc:A0A8J2Q2N4],Cercopithifilaria johnstoni (PRJEB47283),protein_coding,cejohnprjeb47283
CJOHNSTONI_LOCUS1545,rna-CJOHNSTONI_LOCUS1545,217,protein_coding,5'-nucleotidase  [Source:UniProtKB/TrEMBL;Acc:A0A8J2M115],Cercopithifilaria johnstoni (PRJEB47283),protein_coding,cejohnprjeb47283
CJOHNSTONI_LOCUS139,rna-CJOHNSTONI_LOCUS139,197,protein_coding,DUF1282 domain-containing protein  [Source:UniProtKB/TrEMBL;Acc:A0A8J2LTD8],Cercopithifilaria johnstoni (PRJEB47283),protein_coding,cejohnprjeb47283
CJOHNSTONI_LOCUS8701,rna-CJOHNSTONI_LOCUS8701,148,protein_coding,,Cercopithifilaria johnstoni (PRJEB47283),protein_coding,cejohnprjeb47283
CJOHNSTONI_LOCUS5291,rna-CJOHNSTONI_LOCUS5291,138,protein_coding,UDENN domain-containing protein  [Source:UniProtKB/TrEMBL;Acc:A0A8J2MNY6],Cercopithifilaria johnstoni (PRJEB47283),protein_coding,cejohnprjeb47283
CJOHNSTONI_LOCUS2283,rna-CJOHNSTONI_LOCUS2283,209,protein_coding,Secreted phosphoprotein 1  [Source:UniProtKB/TrEMBL;Acc:A0A8J2M259],Cercopithifilaria johnstoni (PRJEB47283),protein_coding,cejohnprjeb47283
CJOHNSTONI_LOCUS683,rna-CJOHNSTONI_LOCUS683,137,protein_coding,Transthyretin-like family protein  [Source:UniProtKB/TrEMBL;Acc:A0A8J2LZ49],Cercopithifilaria johnstoni (PRJEB47283),protein_coding,cejohnprjeb47283
CJOHNSTONI_LOCUS10192,rna-CJOHNSTONI_LOCUS10192,302,protein_coding,Tubulin polyglutamylase ttll-4  [Source:UniProtKB/TrEMBL;Acc:A0A8J2Q4H9],Cercopithifilaria johnstoni (PRJEB47283),protein_coding,cejohnprjeb47283
CJOHNSTONI_LOCUS6842,rna-CJOHNSTONI_LOCUS6842,246,protein_coding,Cation-transporting ATPase  [Source:UniProtKB/TrEMBL;Acc:A0A8J2M6W6],Cercopithifilaria johnstoni (PRJEB47283),protein_coding,cejohnprjeb47283
CJOHNSTONI_LOCUS1619,rna-CJOHNSTONI_LOCUS1619,239,protein_coding,Nuclear cap-binding protein subunit 3  [Source:UniProtKB/TrEMBL;Acc:A0A8J2LWE1],Cercopithifilaria johnstoni (PRJEB47283),protein_coding,cejohnprjeb47283
CJOHNSTONI_LOCUS9105,rna-CJOHNSTONI_LOCUS9105,221,protein_coding,Late endosomal/lysosomal adaptor and MAPK and MTOR activator 1  [Source:UniProtKB/TrEMBL;Acc:A0A8J2MBE6],Cercopithifilaria johnstoni (PRJEB47283),protein_coding,cejohnprjeb47283
CJOHNSTONI_LOCUS5357,rna-CJOHNSTONI_LOCUS5357,216,protein_coding,U3 small nucleolar RNA-interacting protein 2  [Source:UniProtKB/TrEMBL;Acc:A0A8J2M4Y5],Cercopithifilaria johnstoni (PRJEB47283),protein_coding,cejohnprjeb47283
CJOHNSTONI_LOCUS8796,rna-CJOHNSTONI_LOCUS8796,1280,protein_coding,CID domain-containing protein  [Source:UniProtKB/TrEMBL;Acc:A0A8J2Q3G0],Cercopithifilaria johnstoni (PRJEB47283),protein_coding,cejohnprjeb47283
CJOHNSTONI_LOCUS8707,rna-CJOHNSTONI_LOCUS8707,254,protein_coding,Stress-activated protein kinase JNK  [Source:UniProtKB/TrEMBL;Acc:A0A8J2MT77],Cercopithifilaria johnstoni (PRJEB47283),protein_coding,cejohnprjeb47283
CJOHNSTONI_LOCUS10109,rna-CJOHNSTONI_LOCUS10109,168,protein_coding,Transmembrane protein  [Source:UniProtKB/TrEMBL;Acc:A0A8J2PYT8],Cercopithifilaria johnstoni (PRJEB47283),protein_coding,cejohnprjeb47283
CJOHNSTONI_LOCUS6412,rna-CJOHNSTONI_LOCUS6412,1250,protein_coding,SAE2 domain-containing protein  [Source:UniProtKB/TrEMBL;Acc:A0A8J2M028],Cercopithifilaria johnstoni (PRJEB47283),protein_coding,cejohnprjeb47283
CJOHNSTONI_LOCUS9549,rna-CJOHNSTONI_LOCUS9549,146,protein_coding,LOW QUALITY PROTEIN: dynactin-associated protein-like  [Source:UniProtKB/TrEMBL;Acc:A0A8J2MUQ6],Cercopithifilaria johnstoni (PRJEB47283),protein_coding,cejohnprjeb47283
CJOHNSTONI_LOCUS61,rna-CJOHNSTONI_LOCUS61,411,protein_coding,Anoctamin  [Source:UniProtKB/TrEMBL;Acc:A0A8J2LVI2],Cercopithifilaria johnstoni (PRJEB47283),protein_coding,cejohnprjeb47283
CJOHNSTONI_LOCUS6935,rna-CJOHNSTONI_LOCUS6935,166,protein_coding,Retrotransposon gag protein  [Source:UniProtKB/TrEMBL;Acc:A0A8J2M0Q8],Cercopithifilaria johnstoni (PRJEB47283),protein_coding,cejohnprjeb47283
CJOHNSTONI_LOCUS7901,rna-CJOHNSTONI_LOCUS7901,116,protein_coding,,Cercopithifilaria johnstoni (PRJEB47283),protein_coding,cejohnprjeb47283
CJOHNSTONI_LOCUS4481,rna-CJOHNSTONI_LOCUS4481,202,protein_coding,,Cercopithifilaria johnstoni (PRJEB47283),protein_coding,cejohnprjeb47283
CJOHNSTONI_LOCUS348,rna-CJOHNSTONI_LOCUS348,323,protein_coding,G domain-containing protein  [Source:UniProtKB/TrEMBL;Acc:A0A8J2PVG5],Cercopithifilaria johnstoni (PRJEB47283),protein_coding,cejohnprjeb47283
CJOHNSTONI_LOCUS10478,rna-CJOHNSTONI_LOCUS10478,128,protein_coding,LIM zinc-binding domain-containing protein  [Source:UniProtKB/TrEMBL;Acc:A0A8J2MDM6],Cercopithifilaria johnstoni (PRJEB47283),protein_coding,cejohnprjeb47283
CJOHNSTONI_LOCUS5439,rna-CJOHNSTONI_LOCUS5439,262,protein_coding,Phosphodiesterase  [Source:UniProtKB/TrEMBL;Acc:A0A8J2Q4C3],Cercopithifilaria johnstoni (PRJEB47283),protein_coding,cejohnprjeb47283
CJOHNSTONI_LOCUS4696,rna-CJOHNSTONI_LOCUS4696,97,protein_coding,Programmed cell death protein 5  [Source:UniProtKB/TrEMBL;Acc:A0A8J2M5Y7],Cercopithifilaria johnstoni (PRJEB47283),protein_coding,cejohnprjeb47283
CJOHNSTONI_LOCUS4993,rna-CJOHNSTONI_LOCUS4993,362,protein_coding,LIM zinc-binding domain-containing protein  [Source:UniProtKB/TrEMBL;Acc:A0A8J2M4G1],Cercopithifilaria johnstoni (PRJEB47283),protein_coding,cejohnprjeb47283
CJOHNSTONI_LOCUS5977,rna-CJOHNSTONI_LOCUS5977,189,protein_coding,PID domain-containing protein  [Source:UniProtKB/TrEMBL;Acc:A0A8J2PUA2],Cercopithifilaria johnstoni (PRJEB47283),protein_coding,cejohnprjeb47283
CJOHNSTONI_LOCUS7308,rna-CJOHNSTONI_LOCUS7308,227,protein_coding,HM14A protein  [Source:UniProtKB/TrEMBL;Acc:A0A8J2M1S6],Cercopithifilaria johnstoni (PRJEB47283),protein_coding,cejohnprjeb47283
CJOHNSTONI_LOCUS3278,rna-CJOHNSTONI_LOCUS3278,180,protein_coding,,Cercopithifilaria johnstoni (PRJEB47283),protein_coding,cejohnprjeb47283
CJOHNSTONI_LOCUS8524,rna-CJOHNSTONI_LOCUS8524,344,protein_coding,C3H1-type domain-containing protein  [Source:UniProtKB/TrEMBL;Acc:A0A8J2MC69],Cercopithifilaria johnstoni (PRJEB47283),protein_coding,cejohnprjeb47283
CJOHNSTONI_LOCUS6941,rna-CJOHNSTONI_LOCUS6941,322,protein_coding,CLH1 protein  [Source:UniProtKB/TrEMBL;Acc:A0A8J2M7Z9],Cercopithifilaria johnstoni (PRJEB47283),protein_coding,cejohnprjeb47283
CJOHNSTONI_LOCUS3790,rna-CJOHNSTONI_LOCUS3790,191,protein_coding,Homeobox protein araucan  [Source:UniProtKB/TrEMBL;Acc:A0A8J2MLU5],Cercopithifilaria johnstoni (PRJEB47283),protein_coding,cejohnprjeb47283
CJOHNSTONI_LOCUS7506,rna-CJOHNSTONI_LOCUS7506,408,protein_coding,Oleoyl-[acyl-carrier-protein] hydrolase  [Source:UniProtKB/TrEMBL;Acc:A0A8J2M1F4],Cercopithifilaria johnstoni (PRJEB47283),protein_coding,cejohnprjeb47283
CJOHNSTONI_LOCUS8397,rna-CJOHNSTONI_LOCUS8397,327,protein_coding,WAPL domain-containing protein  [Source:UniProtKB/TrEMBL;Acc:A0A8J2M3L5],Cercopithifilaria johnstoni (PRJEB47283),protein_coding,cejohnprjeb47283
CJOHNSTONI_LOCUS8072,rna-CJOHNSTONI_LOCUS8072,233,protein_coding,Glutaredoxin domain-containing protein  [Source:UniProtKB/TrEMBL;Acc:A0A8J2MCQ8],Cercopithifilaria johnstoni (PRJEB47283),protein_coding,cejohnprjeb47283
CJOHNSTONI_LOCUS5695,rna-CJOHNSTONI_LOCUS5695,149,protein_coding,F-box domain-containing protein  [Source:UniProtKB/TrEMBL;Acc:A0A8J2MPF5],Cercopithifilaria johnstoni (PRJEB47283),protein_coding,cejohnprjeb47283
CJOHNSTONI_LOCUS2652,rna-CJOHNSTONI_LOCUS2652,212,protein_coding,RING-type domain-containing protein  [Source:UniProtKB/TrEMBL;Acc:A0A8J2LYG6],Cercopithifilaria johnstoni (PRJEB47283),protein_coding,cejohnprjeb47283
CJOHNSTONI_LOCUS9922,rna-CJOHNSTONI_LOCUS9922,153,protein_coding,Transthyretin-like family protein  [Source:UniProtKB/TrEMBL;Acc:A0A8J2MV69],Cercopithifilaria johnstoni (PRJEB47283),protein_coding,cejohnprjeb47283
CJOHNSTONI_LOCUS1382,rna-CJOHNSTONI_LOCUS1382,211,protein_coding,Regulatory protein zeste  [Source:UniProtKB/TrEMBL;Acc:A0A8J2LXB8],Cercopithifilaria johnstoni (PRJEB47283),protein_coding,cejohnprjeb47283
CJOHNSTONI_LOCUS4004,rna-CJOHNSTONI_LOCUS4004,110,protein_coding,PC4 domain-containing protein  [Source:UniProtKB/TrEMBL;Acc:A0A8J2M2P6],Cercopithifilaria johnstoni (PRJEB47283),protein_coding,cejohnprjeb47283
CJOHNSTONI_LOCUS5303,rna-CJOHNSTONI_LOCUS5303,373,protein_coding,,Cercopithifilaria johnstoni (PRJEB47283),protein_coding,cejohnprjeb47283
CJOHNSTONI_LOCUS1846,rna-CJOHNSTONI_LOCUS1846,367,protein_coding,"Protein FAF-like, chloroplastic  [Source:UniProtKB/TrEMBL;Acc:A0A8J2Q469]",Cercopithifilaria johnstoni (PRJEB47283),protein_coding,cejohnprjeb47283
CJOHNSTONI_LOCUS5241,rna-CJOHNSTONI_LOCUS5241,239,protein_coding,Calponin homology domain-containing protein DDB_G0272472-like  [Source:UniProtKB/TrEMBL;Acc:A0A8J2M4Q9],Cercopithifilaria johnstoni (PRJEB47283),protein_coding,cejohnprjeb47283
CJOHNSTONI_LOCUS3641,rna-CJOHNSTONI_LOCUS3641,275,protein_coding,Ribosomal protein S10  [Source:UniProtKB/TrEMBL;Acc:A0A8J2M4D6],Cercopithifilaria johnstoni (PRJEB47283),protein_coding,cejohnprjeb47283
CJOHNSTONI_LOCUS2459,rna-CJOHNSTONI_LOCUS2459,489,protein_coding,Secreted protein  [Source:UniProtKB/TrEMBL;Acc:A0A8J2MKE3],Cercopithifilaria johnstoni (PRJEB47283),protein_coding,cejohnprjeb47283
CJOHNSTONI_LOCUS9042,rna-CJOHNSTONI_LOCUS9042,216,protein_coding,,Cercopithifilaria johnstoni (PRJEB47283),protein_coding,cejohnprjeb47283
CJOHNSTONI_LOCUS6120,rna-CJOHNSTONI_LOCUS6120,214,protein_coding,Bromo domain-containing protein  [Source:UniProtKB/TrEMBL;Acc:A0A8J2M552],Cercopithifilaria johnstoni (PRJEB47283),protein_coding,cejohnprjeb47283
CJOHNSTONI_LOCUS1148,rna-CJOHNSTONI_LOCUS1148,418,protein_coding,DB domain-containing protein  [Source:UniProtKB/TrEMBL;Acc:A0A8J2Q8F6],Cercopithifilaria johnstoni (PRJEB47283),protein_coding,cejohnprjeb47283
CJOHNSTONI_LOCUS5713,rna-CJOHNSTONI_LOCUS5713,366,protein_coding,UAP56-interacting factor  [Source:UniProtKB/TrEMBL;Acc:A0A8J2M5I2],Cercopithifilaria johnstoni (PRJEB47283),protein_coding,cejohnprjeb47283
CJOHNSTONI_LOCUS6478,rna-CJOHNSTONI_LOCUS6478,251,protein_coding,Collagen-like protein  [Source:UniProtKB/TrEMBL;Acc:A0A8J2Q552],Cercopithifilaria johnstoni (PRJEB47283),protein_coding,cejohnprjeb47283
CJOHNSTONI_LOCUS3155,rna-CJOHNSTONI_LOCUS3155,789,protein_coding,BHLH domain-containing protein  [Source:UniProtKB/TrEMBL;Acc:A0A8J2M3H5],Cercopithifilaria johnstoni (PRJEB47283),protein_coding,cejohnprjeb47283
CJOHNSTONI_LOCUS488,rna-CJOHNSTONI_LOCUS488,227,protein_coding,Collagen alpha-1(IX) chain  [Source:UniProtKB/TrEMBL;Acc:A0A8J2LVY5],Cercopithifilaria johnstoni (PRJEB47283),protein_coding,cejohnprjeb47283
CJOHNSTONI_LOCUS3163,rna-CJOHNSTONI_LOCUS3163,200,protein_coding,Amine oxidase  [Source:UniProtKB/TrEMBL;Acc:A0A8J2PYR1],Cercopithifilaria johnstoni (PRJEB47283),protein_coding,cejohnprjeb47283
CJOHNSTONI_LOCUS482,rna-CJOHNSTONI_LOCUS482,152,protein_coding,Interglobin  [Source:UniProtKB/TrEMBL;Acc:A0A8J2Q845],Cercopithifilaria johnstoni (PRJEB47283),protein_coding,cejohnprjeb47283
CJOHNSTONI_LOCUS5142,rna-CJOHNSTONI_LOCUS5142,121,protein_coding,Selenoprotein K  [Source:UniProtKB/TrEMBL;Acc:A0A8J2M3B8],Cercopithifilaria johnstoni (PRJEB47283),protein_coding,cejohnprjeb47283
CJOHNSTONI_LOCUS3490,rna-CJOHNSTONI_LOCUS3490,254,protein_coding,BTB domain-containing protein  [Source:UniProtKB/TrEMBL;Acc:A0A8J2M0B5],Cercopithifilaria johnstoni (PRJEB47283),protein_coding,cejohnprjeb47283
CJOHNSTONI_LOCUS1160,rna-CJOHNSTONI_LOCUS1160,215,protein_coding,Acetyl-CoA acetyltransferase  [Source:UniProtKB/TrEMBL;Acc:A0A8J2Q0H7],Cercopithifilaria johnstoni (PRJEB47283),protein_coding,cejohnprjeb47283
CJOHNSTONI_LOCUS1664,rna-CJOHNSTONI_LOCUS1664,349,protein_coding,CX domain-containing protein  [Source:UniProtKB/TrEMBL;Acc:A0A8J2Q0Y2],Cercopithifilaria johnstoni (PRJEB47283),protein_coding,cejohnprjeb47283
CJOHNSTONI_LOCUS2046,rna-CJOHNSTONI_LOCUS2046,2279,protein_coding,Protein kinase domain-containing protein  [Source:UniProtKB/TrEMBL;Acc:A0A8J2M1S8],Cercopithifilaria johnstoni (PRJEB47283),protein_coding,cejohnprjeb47283
CJOHNSTONI_LOCUS2212,rna-CJOHNSTONI_LOCUS2212,134,protein_coding,DAN domain-containing protein  [Source:UniProtKB/TrEMBL;Acc:A0A8J2LXK3],Cercopithifilaria johnstoni (PRJEB47283),protein_coding,cejohnprjeb47283
CJOHNSTONI_LOCUS371,rna-CJOHNSTONI_LOCUS371,172,protein_coding,L51_S25_CI-B8 domain-containing protein  [Source:UniProtKB/TrEMBL;Acc:A0A8J2LW19],Cercopithifilaria johnstoni (PRJEB47283),protein_coding,cejohnprjeb47283
CJOHNSTONI_LOCUS8990,rna-CJOHNSTONI_LOCUS8990,248,protein_coding,RALGAPB_N domain-containing protein  [Source:UniProtKB/TrEMBL;Acc:A0A8J2PXT6],Cercopithifilaria johnstoni (PRJEB47283),protein_coding,cejohnprjeb47283
CJOHNSTONI_LOCUS8935,rna-CJOHNSTONI_LOCUS8935,179,protein_coding,Peptidase M12B domain-containing protein  [Source:UniProtKB/TrEMBL;Acc:A0A8J2QB05],Cercopithifilaria johnstoni (PRJEB47283),protein_coding,cejohnprjeb47283
CJOHNSTONI_LOCUS7292,rna-CJOHNSTONI_LOCUS7292,217,protein_coding,Transmembrane protein  [Source:UniProtKB/TrEMBL;Acc:A0A8J2Q5R4],Cercopithifilaria johnstoni (PRJEB47283),protein_coding,cejohnprjeb47283
CJOHNSTONI_LOCUS9249,rna-CJOHNSTONI_LOCUS9249,247,protein_coding,Chitin-binding type-2 domain-containing protein  [Source:UniProtKB/TrEMBL;Acc:A0A8J2Q938],Cercopithifilaria johnstoni (PRJEB47283),protein_coding,cejohnprjeb47283
CJOHNSTONI_LOCUS3847,rna-CJOHNSTONI_LOCUS3847,275,protein_coding,PAN domain protein  [Source:UniProtKB/TrEMBL;Acc:A0A8J2MLW3],Cercopithifilaria johnstoni (PRJEB47283),protein_coding,cejohnprjeb47283
CJOHNSTONI_LOCUS3788,rna-CJOHNSTONI_LOCUS3788,144,protein_coding,DUF504 domain-containing protein  [Source:UniProtKB/TrEMBL;Acc:A0A8J2LS03],Cercopithifilaria johnstoni (PRJEB47283),protein_coding,cejohnprjeb47283
CJOHNSTONI_LOCUS10248,rna-CJOHNSTONI_LOCUS10248,269,protein_coding,G_PROTEIN_RECEP_F1_2 domain-containing protein  [Source:UniProtKB/TrEMBL;Acc:A0A8J2MDF6],Cercopithifilaria johnstoni (PRJEB47283),protein_coding,cejohnprjeb47283
CJOHNSTONI_LOCUS2394,rna-CJOHNSTONI_LOCUS2394,179,protein_coding,"1,2-dihydroxy-3-keto-5-methylthiopentene dioxygenase  [Source:UniProtKB/TrEMBL;Acc:A0A8J2Q1I6]",Cercopithifilaria johnstoni (PRJEB47283),protein_coding,cejohnprjeb47283
CJOHNSTONI_LOCUS5888,rna-CJOHNSTONI_LOCUS5888,252,protein_coding,Small vasohibin-binding protein  [Source:UniProtKB/TrEMBL;Acc:A0A8J2M853],Cercopithifilaria johnstoni (PRJEB47283),protein_coding,cejohnprjeb47283
CJOHNSTONI_LOCUS9350,rna-CJOHNSTONI_LOCUS9350,271,protein_coding,,Cercopithifilaria johnstoni (PRJEB47283),protein_coding,cejohnprjeb47283
CJOHNSTONI_LOCUS9246,rna-CJOHNSTONI_LOCUS9246,222,protein_coding,LanC-like protein 3  [Source:UniProtKB/TrEMBL;Acc:A0A8J2MD91],Cercopithifilaria johnstoni (PRJEB47283),protein_coding,cejohnprjeb47283
CJOHNSTONI_LOCUS9633,rna-CJOHNSTONI_LOCUS9633,224,protein_coding,Solute carrier family 25 member 51  [Source:UniProtKB/TrEMBL;Acc:A0A8J2MUU4],Cercopithifilaria johnstoni (PRJEB47283),protein_coding,cejohnprjeb47283
CJOHNSTONI_LOCUS6807,rna-CJOHNSTONI_LOCUS6807,187,protein_coding,Nitric oxide synthase-interacting protein homolog  [Source:UniProtKB/TrEMBL;Acc:A0A8J2PV25],Cercopithifilaria johnstoni (PRJEB47283),protein_coding,cejohnprjeb47283
CJOHNSTONI_LOCUS9481,rna-CJOHNSTONI_LOCUS9481,197,protein_coding,ORFan  [Source:UniProtKB/TrEMBL;Acc:A0A8J2MU60],Cercopithifilaria johnstoni (PRJEB47283),protein_coding,cejohnprjeb47283
CJOHNSTONI_LOCUS9250,rna-CJOHNSTONI_LOCUS9250,183,protein_coding,Secreted protein  [Source:UniProtKB/TrEMBL;Acc:A0A8J2PY14],Cercopithifilaria johnstoni (PRJEB47283),protein_coding,cejohnprjeb47283
CJOHNSTONI_LOCUS8020,rna-CJOHNSTONI_LOCUS8020,226,protein_coding,Protein roadkill  [Source:UniProtKB/TrEMBL;Acc:A0A8J2Q8P6],Cercopithifilaria johnstoni (PRJEB47283),protein_coding,cejohnprjeb47283
CJOHNSTONI_LOCUS427,rna-CJOHNSTONI_LOCUS427,233,protein_coding,Tartrate-resistant acid phosphatase type 5  [Source:UniProtKB/TrEMBL;Acc:A0A8J2Q833],Cercopithifilaria johnstoni (PRJEB47283),protein_coding,cejohnprjeb47283
CJOHNSTONI_LOCUS7604,rna-CJOHNSTONI_LOCUS7604,161,protein_coding,Zinc finger protein  [Source:UniProtKB/TrEMBL;Acc:A0A8J2M9J4],Cercopithifilaria johnstoni (PRJEB47283),protein_coding,cejohnprjeb47283
CJOHNSTONI_LOCUS4989,rna-CJOHNSTONI_LOCUS4989,258,protein_coding,IPPc domain-containing protein  [Source:UniProtKB/TrEMBL;Acc:A0A8J2M333],Cercopithifilaria johnstoni (PRJEB47283),protein_coding,cejohnprjeb47283
CJOHNSTONI_LOCUS3706,rna-CJOHNSTONI_LOCUS3706,249,protein_coding,Chorein N-terminal domain-containing protein  [Source:UniProtKB/TrEMBL;Acc:A0A8J2Q9N0],Cercopithifilaria johnstoni (PRJEB47283),protein_coding,cejohnprjeb47283
CJOHNSTONI_LOCUS1753,rna-CJOHNSTONI_LOCUS1753,176,protein_coding,NADH-quinone oxidoreductase subunit A  [Source:UniProtKB/TrEMBL;Acc:A0A8J2Q8U2],Cercopithifilaria johnstoni (PRJEB47283),protein_coding,cejohnprjeb47283
CJOHNSTONI_LOCUS5498,rna-CJOHNSTONI_LOCUS5498,281,protein_coding,TFIIS N-terminal domain-containing protein  [Source:UniProtKB/TrEMBL;Acc:A0A8J2M585],Cercopithifilaria johnstoni (PRJEB47283),protein_coding,cejohnprjeb47283
CJOHNSTONI_LOCUS7066,rna-CJOHNSTONI_LOCUS7066,223,protein_coding,Metallophos domain-containing protein  [Source:UniProtKB/TrEMBL;Acc:A0A8J2Q226],Cercopithifilaria johnstoni (PRJEB47283),protein_coding,cejohnprjeb47283
CJOHNSTONI_LOCUS1531,rna-CJOHNSTONI_LOCUS1531,162,protein_coding,PB1 domain-containing protein  [Source:UniProtKB/TrEMBL;Acc:A0A8J2LY47],Cercopithifilaria johnstoni (PRJEB47283),protein_coding,cejohnprjeb47283
CJOHNSTONI_LOCUS10326,rna-CJOHNSTONI_LOCUS10326,134,protein_coding,Doublecortin domain-containing protein  [Source:UniProtKB/TrEMBL;Acc:A0A8J2QBA6],Cercopithifilaria johnstoni (PRJEB47283),protein_coding,cejohnprjeb47283
CJOHNSTONI_LOCUS9891,rna-CJOHNSTONI_LOCUS9891,309,protein_coding,SAM domain-containing protein  [Source:UniProtKB/TrEMBL;Acc:A0A8J2Q489],Cercopithifilaria johnstoni (PRJEB47283),protein_coding,cejohnprjeb47283
CJOHNSTONI_LOCUS1726,rna-CJOHNSTONI_LOCUS1726,182,protein_coding,Endo/exonuclease/phosphatase domain-containing protein  [Source:UniProtKB/TrEMBL;Acc:A0A8J2LQJ7],Cercopithifilaria johnstoni (PRJEB47283),protein_coding,cejohnprjeb47283
CJOHNSTONI_LOCUS7173,rna-CJOHNSTONI_LOCUS7173,1273,protein_coding,PHD-type domain-containing protein  [Source:UniProtKB/TrEMBL;Acc:A0A8J2QAM5],Cercopithifilaria johnstoni (PRJEB47283),protein_coding,cejohnprjeb47283
CJOHNSTONI_LOCUS7045,rna-CJOHNSTONI_LOCUS7045,342,protein_coding,Ribosomal protein L3  [Source:UniProtKB/TrEMBL;Acc:A0A8J2M8Z9],Cercopithifilaria johnstoni (PRJEB47283),protein_coding,cejohnprjeb47283
CJOHNSTONI_LOCUS8981,rna-CJOHNSTONI_LOCUS8981,290,protein_coding,Arylacetamide deacetylase-like  [Source:UniProtKB/TrEMBL;Acc:A0A8J2M4M7],Cercopithifilaria johnstoni (PRJEB47283),protein_coding,cejohnprjeb47283
CJOHNSTONI_LOCUS3833,rna-CJOHNSTONI_LOCUS3833,302,protein_coding,P3 protein  [Source:UniProtKB/TrEMBL;Acc:A0A8J2MMF1],Cercopithifilaria johnstoni (PRJEB47283),protein_coding,cejohnprjeb47283
CJOHNSTONI_LOCUS7341,rna-CJOHNSTONI_LOCUS7341,251,protein_coding,CCR4-NOT transcription complex subunit 11  [Source:UniProtKB/TrEMBL;Acc:A0A8J2MAZ2],Cercopithifilaria johnstoni (PRJEB47283),protein_coding,cejohnprjeb47283
CJOHNSTONI_LOCUS6414,rna-CJOHNSTONI_LOCUS6414,237,protein_coding,Latrophilin/CL-1-like GPS domain protein  [Source:UniProtKB/TrEMBL;Acc:A0A8J2MQA2],Cercopithifilaria johnstoni (PRJEB47283),protein_coding,cejohnprjeb47283
CJOHNSTONI_LOCUS8082,rna-CJOHNSTONI_LOCUS8082,303,protein_coding,MI domain-containing protein  [Source:UniProtKB/TrEMBL;Acc:A0A8J2M2E6],Cercopithifilaria johnstoni (PRJEB47283),protein_coding,cejohnprjeb47283
CJOHNSTONI_LOCUS5362,rna-CJOHNSTONI_LOCUS5362,177,protein_coding,Cyclin_C domain-containing protein  [Source:UniProtKB/TrEMBL;Acc:A0A8J2Q495],Cercopithifilaria johnstoni (PRJEB47283),protein_coding,cejohnprjeb47283
CJOHNSTONI_LOCUS3967,rna-CJOHNSTONI_LOCUS3967,268,protein_coding,SET domain-containing protein  [Source:UniProtKB/TrEMBL;Acc:A0A8J2Q9R8],Cercopithifilaria johnstoni (PRJEB47283),protein_coding,cejohnprjeb47283
CJOHNSTONI_LOCUS113,rna-CJOHNSTONI_LOCUS113,286,protein_coding,NUC173 domain-containing protein  [Source:UniProtKB/TrEMBL;Acc:A0A8J2MGZ1],Cercopithifilaria johnstoni (PRJEB47283),protein_coding,cejohnprjeb47283
CJOHNSTONI_LOCUS6425,rna-CJOHNSTONI_LOCUS6425,140,protein_coding,GIT1_C domain-containing protein  [Source:UniProtKB/TrEMBL;Acc:A0A8J2LZX3],Cercopithifilaria johnstoni (PRJEB47283),protein_coding,cejohnprjeb47283
CJOHNSTONI_LOCUS1219,rna-CJOHNSTONI_LOCUS1219,269,protein_coding,Col_cuticle_N domain-containing protein  [Source:UniProtKB/TrEMBL;Acc:A0A8J2PWF5],Cercopithifilaria johnstoni (PRJEB47283),protein_coding,cejohnprjeb47283
CJOHNSTONI_LOCUS6035,rna-CJOHNSTONI_LOCUS6035,1347,protein_coding,TGc domain-containing protein  [Source:UniProtKB/TrEMBL;Acc:A0A8J2LZC4],Cercopithifilaria johnstoni (PRJEB47283),protein_coding,cejohnprjeb47283
CJOHNSTONI_LOCUS462,rna-CJOHNSTONI_LOCUS462,177,protein_coding,DNA damage-regulated autophagy modulator protein 1  [Source:UniProtKB/TrEMBL;Acc:A0A8J2LVP5],Cercopithifilaria johnstoni (PRJEB47283),protein_coding,cejohnprjeb47283
CJOHNSTONI_LOCUS4634,rna-CJOHNSTONI_LOCUS4634,280,protein_coding,SOSS complex subunit A homolog  [Source:UniProtKB/TrEMBL;Acc:A0A8J2M3K5],Cercopithifilaria johnstoni (PRJEB47283),protein_coding,cejohnprjeb47283
CJOHNSTONI_LOCUS7833,rna-CJOHNSTONI_LOCUS7833,215,protein_coding,Ion_trans domain-containing protein  [Source:UniProtKB/TrEMBL;Acc:A0A8J2Q8M4],Cercopithifilaria johnstoni (PRJEB47283),protein_coding,cejohnprjeb47283
CJOHNSTONI_LOCUS3187,rna-CJOHNSTONI_LOCUS3187,201,protein_coding,Sodium- and chloride-dependent neutral and basic amino acid transporter B(0+)  [Source:UniProtKB/TrEMBL;Acc:A0A8J2M0N8],Cercopithifilaria johnstoni (PRJEB47283),protein_coding,cejohnprjeb47283
CJOHNSTONI_LOCUS3330,rna-CJOHNSTONI_LOCUS3330,188,protein_coding,Protein kinase domain-containing protein  [Source:UniProtKB/TrEMBL;Acc:A0A8J2LTQ3],Cercopithifilaria johnstoni (PRJEB47283),protein_coding,cejohnprjeb47283
CJOHNSTONI_LOCUS3170,rna-CJOHNSTONI_LOCUS3170,227,protein_coding,Str_synth domain-containing protein  [Source:UniProtKB/TrEMBL;Acc:A0A8J2M3I4],Cercopithifilaria johnstoni (PRJEB47283),protein_coding,cejohnprjeb47283
CJOHNSTONI_LOCUS382,rna-CJOHNSTONI_LOCUS382,161,protein_coding,Galectin  [Source:UniProtKB/TrEMBL;Acc:A0A8J2LTZ2],Cercopithifilaria johnstoni (PRJEB47283),protein_coding,cejohnprjeb47283
CJOHNSTONI_LOCUS7321,rna-CJOHNSTONI_LOCUS7321,275,protein_coding,,Cercopithifilaria johnstoni (PRJEB47283),protein_coding,cejohnprjeb47283
CJOHNSTONI_LOCUS1482,rna-CJOHNSTONI_LOCUS1482,200,protein_coding,Anti_prolifrtn domain-containing protein  [Source:UniProtKB/TrEMBL;Acc:A0A8J2LXI2],Cercopithifilaria johnstoni (PRJEB47283),protein_coding,cejohnprjeb47283
CJOHNSTONI_LOCUS7370,rna-CJOHNSTONI_LOCUS7370,254,protein_coding,BEACH-type PH domain-containing protein  [Source:UniProtKB/TrEMBL;Acc:A0A8J2Q8G9],Cercopithifilaria johnstoni (PRJEB47283),protein_coding,cejohnprjeb47283
CJOHNSTONI_LOCUS2786,rna-CJOHNSTONI_LOCUS2786,170,protein_coding,Protein CWC15 homolog  [Source:UniProtKB/TrEMBL;Acc:A0A8J2Q999],Cercopithifilaria johnstoni (PRJEB47283),protein_coding,cejohnprjeb47283
CJOHNSTONI_LOCUS8458,rna-CJOHNSTONI_LOCUS8458,233,protein_coding,Nudix hydrolase domain-containing protein  [Source:UniProtKB/TrEMBL;Acc:A0A8J2MAE6],Cercopithifilaria johnstoni (PRJEB47283),protein_coding,cejohnprjeb47283
CJOHNSTONI_LOCUS7839,rna-CJOHNSTONI_LOCUS7839,272,protein_coding,Zinc finger protein  [Source:UniProtKB/TrEMBL;Acc:A0A8J2M2M1],Cercopithifilaria johnstoni (PRJEB47283),protein_coding,cejohnprjeb47283
CJOHNSTONI_LOCUS5407,rna-CJOHNSTONI_LOCUS5407,165,protein_coding,Cysteine-rich PDZ-binding protein  [Source:UniProtKB/TrEMBL;Acc:A0A8J2MP32],Cercopithifilaria johnstoni (PRJEB47283),protein_coding,cejohnprjeb47283
CJOHNSTONI_LOCUS858,rna-CJOHNSTONI_LOCUS858,256,protein_coding,26S proteasome non-ATPase regulatory subunit 4  [Source:UniProtKB/TrEMBL;Acc:A0A8J2PVW9],Cercopithifilaria johnstoni (PRJEB47283),protein_coding,cejohnprjeb47283
CJOHNSTONI_LOCUS625,rna-CJOHNSTONI_LOCUS625,239,protein_coding,Collagen triple helix repeat protein  [Source:UniProtKB/TrEMBL;Acc:A0A8J2MIE3],Cercopithifilaria johnstoni (PRJEB47283),protein_coding,cejohnprjeb47283
CJOHNSTONI_LOCUS9500,rna-CJOHNSTONI_LOCUS9500,248,protein_coding,Rav1p_C domain-containing protein  [Source:UniProtKB/TrEMBL;Acc:A0A8J2Q975],Cercopithifilaria johnstoni (PRJEB47283),protein_coding,cejohnprjeb47283
CJOHNSTONI_LOCUS9006,rna-CJOHNSTONI_LOCUS9006,247,protein_coding,RNA polymerase II-associated factor 1 homolog  [Source:UniProtKB/TrEMBL;Acc:A0A8J2M3X1],Cercopithifilaria johnstoni (PRJEB47283),protein_coding,cejohnprjeb47283
CJOHNSTONI_LOCUS4821,rna-CJOHNSTONI_LOCUS4821,404,protein_coding,DB domain-containing protein  [Source:UniProtKB/TrEMBL;Acc:A0A8J2M3K8],Cercopithifilaria johnstoni (PRJEB47283),protein_coding,cejohnprjeb47283
CJOHNSTONI_LOCUS7633,rna-CJOHNSTONI_LOCUS7633,248,protein_coding,TLC domain-containing protein  [Source:UniProtKB/TrEMBL;Acc:A0A8J2MA53],Cercopithifilaria johnstoni (PRJEB47283),protein_coding,cejohnprjeb47283
CJOHNSTONI_LOCUS805,rna-CJOHNSTONI_LOCUS805,260,protein_coding,Protein unc-45 homolog B  [Source:UniProtKB/TrEMBL;Acc:A0A8J2Q8A3],Cercopithifilaria johnstoni (PRJEB47283),protein_coding,cejohnprjeb47283
CJOHNSTONI_LOCUS7797,rna-CJOHNSTONI_LOCUS7797,254,protein_coding,Carboxylic ester hydrolase  [Source:UniProtKB/TrEMBL;Acc:A0A8J2M1X7],Cercopithifilaria johnstoni (PRJEB47283),protein_coding,cejohnprjeb47283
CJOHNSTONI_LOCUS9476,rna-CJOHNSTONI_LOCUS9476,236,protein_coding,,Cercopithifilaria johnstoni (PRJEB47283),protein_coding,cejohnprjeb47283
CJOHNSTONI_LOCUS6128,rna-CJOHNSTONI_LOCUS6128,232,protein_coding,Scaffold protein salvador  [Source:UniProtKB/TrEMBL;Acc:A0A8J2Q4V6],Cercopithifilaria johnstoni (PRJEB47283),protein_coding,cejohnprjeb47283
CJOHNSTONI_LOCUS2740,rna-CJOHNSTONI_LOCUS2740,210,protein_coding,"Selenide, water dikinase  [Source:UniProtKB/TrEMBL;Acc:A0A8J2Q505]",Cercopithifilaria johnstoni (PRJEB47283),protein_coding,cejohnprjeb47283
CJOHNSTONI_LOCUS4733,rna-CJOHNSTONI_LOCUS4733,300,protein_coding,RCR-type E3 ubiquitin transferase  [Source:UniProtKB/TrEMBL;Acc:A0A8J2LWH9],Cercopithifilaria johnstoni (PRJEB47283),protein_coding,cejohnprjeb47283
CJOHNSTONI_LOCUS1307,rna-CJOHNSTONI_LOCUS1307,191,protein_coding,MARVEL domain-containing protein  [Source:UniProtKB/TrEMBL;Acc:A0A8J2MJM2],Cercopithifilaria johnstoni (PRJEB47283),protein_coding,cejohnprjeb47283
CJOHNSTONI_LOCUS8574,rna-CJOHNSTONI_LOCUS8574,247,protein_coding,Metallophos domain-containing protein  [Source:UniProtKB/TrEMBL;Acc:A0A8J2M360],Cercopithifilaria johnstoni (PRJEB47283),protein_coding,cejohnprjeb47283
CJOHNSTONI_LOCUS2083,rna-CJOHNSTONI_LOCUS2083,182,protein_coding,Fungal_trans domain-containing protein  [Source:UniProtKB/TrEMBL;Acc:A0A8J2LR64],Cercopithifilaria johnstoni (PRJEB47283),protein_coding,cejohnprjeb47283
CJOHNSTONI_LOCUS5181,rna-CJOHNSTONI_LOCUS5181,189,protein_coding,C3HC-type domain-containing protein  [Source:UniProtKB/TrEMBL;Acc:A0A8J2MNI0],Cercopithifilaria johnstoni (PRJEB47283),protein_coding,cejohnprjeb47283
CJOHNSTONI_LOCUS5459,rna-CJOHNSTONI_LOCUS5459,177,protein_coding,SHSP domain-containing protein  [Source:UniProtKB/TrEMBL;Acc:A0A8J2M7D4],Cercopithifilaria johnstoni (PRJEB47283),protein_coding,cejohnprjeb47283
CJOHNSTONI_LOCUS3530,rna-CJOHNSTONI_LOCUS3530,173,protein_coding,Coiled-coil domain-containing protein 176  [Source:UniProtKB/TrEMBL;Acc:A0A8J2M460],Cercopithifilaria johnstoni (PRJEB47283),protein_coding,cejohnprjeb47283
CJOHNSTONI_LOCUS2600,rna-CJOHNSTONI_LOCUS2600,332,protein_coding,Neurogenic locus Notch protein  [Source:UniProtKB/TrEMBL;Acc:A0A8J2LXZ6],Cercopithifilaria johnstoni (PRJEB47283),protein_coding,cejohnprjeb47283
CJOHNSTONI_LOCUS8730,rna-CJOHNSTONI_LOCUS8730,160,protein_coding,Protein TSSC4  [Source:UniProtKB/TrEMBL;Acc:A0A8J2Q6J1],Cercopithifilaria johnstoni (PRJEB47283),protein_coding,cejohnprjeb47283
CJOHNSTONI_LOCUS4014,rna-CJOHNSTONI_LOCUS4014,271,protein_coding,Histidine-rich glycoprotein-like  [Source:UniProtKB/TrEMBL;Acc:A0A8J2MMM8],Cercopithifilaria johnstoni (PRJEB47283),protein_coding,cejohnprjeb47283
CJOHNSTONI_LOCUS5210,rna-CJOHNSTONI_LOCUS5210,96,protein_coding,DUF1737 domain-containing protein  [Source:UniProtKB/TrEMBL;Acc:A0A8J2MNV4],Cercopithifilaria johnstoni (PRJEB47283),protein_coding,cejohnprjeb47283
CJOHNSTONI_LOCUS7705,rna-CJOHNSTONI_LOCUS7705,283,protein_coding,Vacuolar fusion protein CCZ1 homolog  [Source:UniProtKB/TrEMBL;Acc:A0A8J2Q2L6],Cercopithifilaria johnstoni (PRJEB47283),protein_coding,cejohnprjeb47283
CJOHNSTONI_LOCUS6542,rna-CJOHNSTONI_LOCUS6542,177,protein_coding,,Cercopithifilaria johnstoni (PRJEB47283),protein_coding,cejohnprjeb47283
CJOHNSTONI_LOCUS578,rna-CJOHNSTONI_LOCUS578,257,protein_coding,Cation_ATPase_N domain-containing protein  [Source:UniProtKB/TrEMBL;Acc:A0A8J2PZX1],Cercopithifilaria johnstoni (PRJEB47283),protein_coding,cejohnprjeb47283
CJOHNSTONI_LOCUS6672,rna-CJOHNSTONI_LOCUS6672,266,protein_coding,Mitochondrial import inner membrane translocase subunit TIM22  [Source:UniProtKB/TrEMBL;Acc:A0A8J2QAI8],Cercopithifilaria johnstoni (PRJEB47283),protein_coding,cejohnprjeb47283
CJOHNSTONI_LOCUS7459,rna-CJOHNSTONI_LOCUS7459,162,protein_coding,AB hydrolase-1 domain-containing protein  [Source:UniProtKB/TrEMBL;Acc:A0A8J2M9Q0],Cercopithifilaria johnstoni (PRJEB47283),protein_coding,cejohnprjeb47283
CJOHNSTONI_LOCUS3991,rna-CJOHNSTONI_LOCUS3991,169,protein_coding,Leucine-rich repeat-containing protein DDB_G0290503  [Source:UniProtKB/TrEMBL;Acc:A0A8J2Q2X8],Cercopithifilaria johnstoni (PRJEB47283),protein_coding,cejohnprjeb47283
CJOHNSTONI_LOCUS4718,rna-CJOHNSTONI_LOCUS4718,329,protein_coding,Kunitz/Bovine pancreatic trypsin inhibitor domain protein  [Source:UniProtKB/TrEMBL;Acc:A0A8J2LTM7],Cercopithifilaria johnstoni (PRJEB47283),protein_coding,cejohnprjeb47283
CJOHNSTONI_LOCUS2708,rna-CJOHNSTONI_LOCUS2708,186,protein_coding,Anillin domain-containing protein  [Source:UniProtKB/TrEMBL;Acc:A0A8J2M0D0],Cercopithifilaria johnstoni (PRJEB47283),protein_coding,cejohnprjeb47283
CJOHNSTONI_LOCUS6110,rna-CJOHNSTONI_LOCUS6110,158,protein_coding,Transmembrane protein 120 homolog  [Source:UniProtKB/TrEMBL;Acc:A0A8J2M8J4],Cercopithifilaria johnstoni (PRJEB47283),protein_coding,cejohnprjeb47283
CJOHNSTONI_LOCUS9564,rna-CJOHNSTONI_LOCUS9564,257,protein_coding,DUF908 domain-containing protein  [Source:UniProtKB/TrEMBL;Acc:A0A8J2MUR2],Cercopithifilaria johnstoni (PRJEB47283),protein_coding,cejohnprjeb47283
CJOHNSTONI_LOCUS8321,rna-CJOHNSTONI_LOCUS8321,110,protein_coding,MAGE domain-containing protein  [Source:UniProtKB/TrEMBL;Acc:A0A8J2MSY2],Cercopithifilaria johnstoni (PRJEB47283),protein_coding,cejohnprjeb47283
CJOHNSTONI_LOCUS8551,rna-CJOHNSTONI_LOCUS8551,293,protein_coding,HMG box domain-containing protein  [Source:UniProtKB/TrEMBL;Acc:A0A8J2MBP4],Cercopithifilaria johnstoni (PRJEB47283),protein_coding,cejohnprjeb47283
CJOHNSTONI_LOCUS10028,rna-CJOHNSTONI_LOCUS10028,349,protein_coding,SH3 domain-containing protein  [Source:UniProtKB/TrEMBL;Acc:A0A8J2QB84],Cercopithifilaria johnstoni (PRJEB47283),protein_coding,cejohnprjeb47283
CJOHNSTONI_LOCUS1665,rna-CJOHNSTONI_LOCUS1665,356,protein_coding,G_PROTEIN_RECEP_F1_2 domain-containing protein  [Source:UniProtKB/TrEMBL;Acc:A0A8J2PWT1],Cercopithifilaria johnstoni (PRJEB47283),protein_coding,cejohnprjeb47283
CJOHNSTONI_LOCUS914,rna-CJOHNSTONI_LOCUS914,266,protein_coding,Importin subunit alpha  [Source:UniProtKB/TrEMBL;Acc:A0A8J2MI66],Cercopithifilaria johnstoni (PRJEB47283),protein_coding,cejohnprjeb47283
CJOHNSTONI_LOCUS6939,rna-CJOHNSTONI_LOCUS6939,192,protein_coding,RRM domain-containing protein  [Source:UniProtKB/TrEMBL;Acc:A0A8J2MA69],Cercopithifilaria johnstoni (PRJEB47283),protein_coding,cejohnprjeb47283
CJOHNSTONI_LOCUS10414,rna-CJOHNSTONI_LOCUS10414,171,protein_coding,CDK5 regulatory subunit-associated protein 3  [Source:UniProtKB/TrEMBL;Acc:A0A8J2Q4Q0],Cercopithifilaria johnstoni (PRJEB47283),protein_coding,cejohnprjeb47283
CJOHNSTONI_LOCUS1876,rna-CJOHNSTONI_LOCUS1876,1408,protein_coding,LisH domain-containing protein  [Source:UniProtKB/TrEMBL;Acc:A0A8J2Q138],Cercopithifilaria johnstoni (PRJEB47283),protein_coding,cejohnprjeb47283
CJOHNSTONI_LOCUS589,rna-CJOHNSTONI_LOCUS589,296,protein_coding,Myosin motor domain-containing protein  [Source:UniProtKB/TrEMBL;Acc:A0A8J2Q3B3],Cercopithifilaria johnstoni (PRJEB47283),protein_coding,cejohnprjeb47283
CJOHNSTONI_LOCUS800,rna-CJOHNSTONI_LOCUS800,319,protein_coding,ZP domain-containing protein  [Source:UniProtKB/TrEMBL;Acc:A0A8J2LWX3],Cercopithifilaria johnstoni (PRJEB47283),protein_coding,cejohnprjeb47283
CJOHNSTONI_LOCUS5312,rna-CJOHNSTONI_LOCUS5312,233,protein_coding,Uridine kinase  [Source:UniProtKB/TrEMBL;Acc:A0A8J2M3P8],Cercopithifilaria johnstoni (PRJEB47283),protein_coding,cejohnprjeb47283
CJOHNSTONI_LOCUS2351,rna-CJOHNSTONI_LOCUS2351,214,protein_coding,Ovule protein  [Source:UniProtKB/TrEMBL;Acc:A0A8J2PR94],Cercopithifilaria johnstoni (PRJEB47283),protein_coding,cejohnprjeb47283
CJOHNSTONI_LOCUS6127,rna-CJOHNSTONI_LOCUS6127,131,protein_coding,HUN domain-containing protein  [Source:UniProtKB/TrEMBL;Acc:A0A8J2PUF1],Cercopithifilaria johnstoni (PRJEB47283),protein_coding,cejohnprjeb47283
CJOHNSTONI_LOCUS8355,rna-CJOHNSTONI_LOCUS8355,155,protein_coding,,Cercopithifilaria johnstoni (PRJEB47283),protein_coding,cejohnprjeb47283
CJOHNSTONI_LOCUS4343,rna-CJOHNSTONI_LOCUS4343,139,protein_coding,Thioredoxin domain-containing protein  [Source:UniProtKB/TrEMBL;Acc:A0A8J2M1G2],Cercopithifilaria johnstoni (PRJEB47283),protein_coding,cejohnprjeb47283
CJOHNSTONI_LOCUS7977,rna-CJOHNSTONI_LOCUS7977,189,protein_coding,,Cercopithifilaria johnstoni (PRJEB47283),protein_coding,cejohnprjeb47283
CJOHNSTONI_LOCUS6701,rna-CJOHNSTONI_LOCUS6701,197,protein_coding,Protein kinase domain-containing protein  [Source:UniProtKB/TrEMBL;Acc:A0A8J2M6M5],Cercopithifilaria johnstoni (PRJEB47283),protein_coding,cejohnprjeb47283
CJOHNSTONI_LOCUS5662,rna-CJOHNSTONI_LOCUS5662,12096,protein_coding,oleoyl-[acyl-carrier-protein] hydrolase  [Source:UniProtKB/TrEMBL;Acc:A0A8J2Q0X2],Cercopithifilaria johnstoni (PRJEB47283),protein_coding,cejohnprjeb47283
CJOHNSTONI_LOCUS5917,rna-CJOHNSTONI_LOCUS5917,251,protein_coding,DUF148 domain-containing protein  [Source:UniProtKB/TrEMBL;Acc:A0A8J2M686],Cercopithifilaria johnstoni (PRJEB47283),protein_coding,cejohnprjeb47283
CJOHNSTONI_LOCUS6970,rna-CJOHNSTONI_LOCUS6970,189,protein_coding,Clc-like protein  [Source:UniProtKB/TrEMBL;Acc:A0A8J2M7L2],Cercopithifilaria johnstoni (PRJEB47283),protein_coding,cejohnprjeb47283
CJOHNSTONI_LOCUS723,rna-CJOHNSTONI_LOCUS723,212,protein_coding,"Glycoprotein endo-alpha-1,2-mannosidase  [Source:UniProtKB/TrEMBL;Acc:A0A8J2LZ78]",Cercopithifilaria johnstoni (PRJEB47283),protein_coding,cejohnprjeb47283
CJOHNSTONI_LOCUS284,rna-CJOHNSTONI_LOCUS284,222,protein_coding,Glycerol-3-phosphate dehydrogenase  [Source:UniProtKB/TrEMBL;Acc:A0A8J2LVJ2],Cercopithifilaria johnstoni (PRJEB47283),protein_coding,cejohnprjeb47283
CJOHNSTONI_LOCUS1787,rna-CJOHNSTONI_LOCUS1787-2,213,protein_coding,Leucine-rich repeat-containing protein 59  [Source:UniProtKB/TrEMBL;Acc:A0A8J2LWL7],Cercopithifilaria johnstoni (PRJEB47283),protein_coding,cejohnprjeb47283
CJOHNSTONI_LOCUS6332,rna-CJOHNSTONI_LOCUS6332,221,protein_coding,MPN domain-containing protein  [Source:UniProtKB/TrEMBL;Acc:A0A8J2LZX2],Cercopithifilaria johnstoni (PRJEB47283),protein_coding,cejohnprjeb47283
CJOHNSTONI_LOCUS246,rna-CJOHNSTONI_LOCUS246,401,protein_coding,Serine/threonine-protein kinase TOR  [Source:UniProtKB/TrEMBL;Acc:A0A8J2PPE8],Cercopithifilaria johnstoni (PRJEB47283),protein_coding,cejohnprjeb47283
CJOHNSTONI_LOCUS3628,rna-CJOHNSTONI_LOCUS3628,241,protein_coding,Ribosomal_S7 domain-containing protein  [Source:UniProtKB/TrEMBL;Acc:A0A8J2M1Z5],Cercopithifilaria johnstoni (PRJEB47283),protein_coding,cejohnprjeb47283
CJOHNSTONI_LOCUS10580,rna-CJOHNSTONI_LOCUS10580,213,protein_coding,Polypeptide N-acetylgalactosaminyltransferase  [Source:UniProtKB/TrEMBL;Acc:A0A8J2ME04],Cercopithifilaria johnstoni (PRJEB47283),protein_coding,cejohnprjeb47283
CJOHNSTONI_LOCUS6567,rna-CJOHNSTONI_LOCUS6567,226,protein_coding,SH2 domain-containing protein  [Source:UniProtKB/TrEMBL;Acc:A0A8J2M057],Cercopithifilaria johnstoni (PRJEB47283),protein_coding,cejohnprjeb47283
CJOHNSTONI_LOCUS5413,rna-CJOHNSTONI_LOCUS5413,198,protein_coding,RNA helicase  [Source:UniProtKB/TrEMBL;Acc:A0A8J2PTT5],Cercopithifilaria johnstoni (PRJEB47283),protein_coding,cejohnprjeb47283
CJOHNSTONI_LOCUS4616,rna-CJOHNSTONI_LOCUS4616,171,protein_coding,BTB domain-containing protein  [Source:UniProtKB/TrEMBL;Acc:A0A8J2LTE9],Cercopithifilaria johnstoni (PRJEB47283),protein_coding,cejohnprjeb47283
CJOHNSTONI_LOCUS7736,rna-CJOHNSTONI_LOCUS7736,384,protein_coding,Flocculation protein FLO11-like  [Source:UniProtKB/TrEMBL;Acc:A0A8J2M1U4],Cercopithifilaria johnstoni (PRJEB47283),protein_coding,cejohnprjeb47283
CJOHNSTONI_LOCUS46,rna-CJOHNSTONI_LOCUS46,170,protein_coding,PDZ domain-containing protein  [Source:UniProtKB/TrEMBL;Acc:A0A8J2LTD1],Cercopithifilaria johnstoni (PRJEB47283),protein_coding,cejohnprjeb47283
CJOHNSTONI_LOCUS3274,rna-CJOHNSTONI_LOCUS3274,256,protein_coding,SWIM-type domain-containing protein  [Source:UniProtKB/TrEMBL;Acc:A0A8J2Q9G8],Cercopithifilaria johnstoni (PRJEB47283),protein_coding,cejohnprjeb47283
CJOHNSTONI_LOCUS6721,rna-CJOHNSTONI_LOCUS6721,191,protein_coding,,Cercopithifilaria johnstoni (PRJEB47283),protein_coding,cejohnprjeb47283
CJOHNSTONI_LOCUS2228,rna-CJOHNSTONI_LOCUS2228,306,protein_coding,Rad4-domain-containing protein  [Source:UniProtKB/TrEMBL;Acc:A0A8J2MKN4],Cercopithifilaria johnstoni (PRJEB47283),protein_coding,cejohnprjeb47283
CJOHNSTONI_LOCUS8749,rna-CJOHNSTONI_LOCUS8749,234,protein_coding,Hydroxyacyl-CoA dehydrogenase trifunctional multienzyme complex subunit beta  [Source:UniProtKB/TrEMBL;Acc:A0A8J2MAY0],Cercopithifilaria johnstoni (PRJEB47283),protein_coding,cejohnprjeb47283
CJOHNSTONI_LOCUS10034,rna-CJOHNSTONI_LOCUS10034,278,protein_coding,Multidrug resistance-associated protein lethal(2)03659  [Source:UniProtKB/TrEMBL;Acc:A0A8J2MF05],Cercopithifilaria johnstoni (PRJEB47283),protein_coding,cejohnprjeb47283
CJOHNSTONI_LOCUS2978,rna-CJOHNSTONI_LOCUS2978,205,protein_coding,PPM-type phosphatase domain-containing protein  [Source:UniProtKB/TrEMBL;Acc:A0A8J2M0J9],Cercopithifilaria johnstoni (PRJEB47283),protein_coding,cejohnprjeb47283
CJOHNSTONI_LOCUS2427,rna-CJOHNSTONI_LOCUS2427-2,278,protein_coding,UV-stimulated scaffold protein A  [Source:UniProtKB/TrEMBL;Acc:A0A8J2LXY6],Cercopithifilaria johnstoni (PRJEB47283),protein_coding,cejohnprjeb47283
CJOHNSTONI_LOCUS4136,rna-CJOHNSTONI_LOCUS4136,347,protein_coding,Ribosomal RNA-processing protein 40  [Source:UniProtKB/TrEMBL;Acc:A0A8J2PZN0],Cercopithifilaria johnstoni (PRJEB47283),protein_coding,cejohnprjeb47283
CJOHNSTONI_LOCUS804,rna-CJOHNSTONI_LOCUS804,172,protein_coding,Syndecan  [Source:UniProtKB/TrEMBL;Acc:A0A8J2PVV5],Cercopithifilaria johnstoni (PRJEB47283),protein_coding,cejohnprjeb47283
CJOHNSTONI_LOCUS1409,rna-CJOHNSTONI_LOCUS1409,256,protein_coding,FAR1 domain-containing protein  [Source:UniProtKB/TrEMBL;Acc:A0A8J2LXX4],Cercopithifilaria johnstoni (PRJEB47283),protein_coding,cejohnprjeb47283
CJOHNSTONI_LOCUS4405,rna-CJOHNSTONI_LOCUS4405,196,protein_coding,PAS domain-containing protein  [Source:UniProtKB/TrEMBL;Acc:A0A8J2Q6V8],Cercopithifilaria johnstoni (PRJEB47283),protein_coding,cejohnprjeb47283
CJOHNSTONI_LOCUS10549,rna-CJOHNSTONI_LOCUS10549,192,protein_coding,,Cercopithifilaria johnstoni (PRJEB47283),protein_coding,cejohnprjeb47283
CJOHNSTONI_LOCUS1367,rna-CJOHNSTONI_LOCUS1367,386,protein_coding,Hyccin  [Source:UniProtKB/TrEMBL;Acc:A0A8J2LXU7],Cercopithifilaria johnstoni (PRJEB47283),protein_coding,cejohnprjeb47283
CJOHNSTONI_LOCUS3526,rna-CJOHNSTONI_LOCUS3526,743,protein_coding,Zinc finger protein  [Source:UniProtKB/TrEMBL;Acc:A0A8J2LU61],Cercopithifilaria johnstoni (PRJEB47283),protein_coding,cejohnprjeb47283
CJOHNSTONI_LOCUS8302,rna-CJOHNSTONI_LOCUS8302,261,protein_coding,DUF3019 domain-containing protein  [Source:UniProtKB/TrEMBL;Acc:A0A8J2Q330],Cercopithifilaria johnstoni (PRJEB47283),protein_coding,cejohnprjeb47283
CJOHNSTONI_LOCUS1565,rna-CJOHNSTONI_LOCUS1565,239,protein_coding,Regulator of chromosome condensation domain-containing protein  [Source:UniProtKB/TrEMBL;Acc:A0A8J2Q3Y9],Cercopithifilaria johnstoni (PRJEB47283),protein_coding,cejohnprjeb47283
CJOHNSTONI_LOCUS2158,rna-CJOHNSTONI_LOCUS2158,177,protein_coding,BAR domain-containing protein  [Source:UniProtKB/TrEMBL;Acc:A0A8J2LXG9],Cercopithifilaria johnstoni (PRJEB47283),protein_coding,cejohnprjeb47283
CJOHNSTONI_LOCUS7515,rna-CJOHNSTONI_LOCUS7515,1037,protein_coding,Junctophilin  [Source:UniProtKB/TrEMBL;Acc:A0A8J2Q8I5],Cercopithifilaria johnstoni (PRJEB47283),protein_coding,cejohnprjeb47283
CJOHNSTONI_LOCUS7780,rna-CJOHNSTONI_LOCUS7780,144,protein_coding,,Cercopithifilaria johnstoni (PRJEB47283),protein_coding,cejohnprjeb47283
CJOHNSTONI_LOCUS4802,rna-CJOHNSTONI_LOCUS4802,155,protein_coding,LisH domain-containing protein  [Source:UniProtKB/TrEMBL;Acc:A0A8J2M280],Cercopithifilaria johnstoni (PRJEB47283),protein_coding,cejohnprjeb47283
CJOHNSTONI_LOCUS8969,rna-CJOHNSTONI_LOCUS8969,223,protein_coding,Elongation of very long chain fatty acids protein  [Source:UniProtKB/TrEMBL;Acc:A0A8J2MTU0],Cercopithifilaria johnstoni (PRJEB47283),protein_coding,cejohnprjeb47283
CJOHNSTONI_LOCUS605,rna-CJOHNSTONI_LOCUS605,287,protein_coding,EEV  [Source:UniProtKB/TrEMBL;Acc:A0A8J2Q005],Cercopithifilaria johnstoni (PRJEB47283),protein_coding,cejohnprjeb47283
CJOHNSTONI_LOCUS9482,rna-CJOHNSTONI_LOCUS9482,539,protein_coding,G_PROTEIN_RECEP_F1_2 domain-containing protein  [Source:UniProtKB/TrEMBL;Acc:A0A8J2MUL5],Cercopithifilaria johnstoni (PRJEB47283),protein_coding,cejohnprjeb47283
CJOHNSTONI_LOCUS8723,rna-CJOHNSTONI_LOCUS8723,223,protein_coding,Developmentally-regulated GTP-binding protein 1  [Source:UniProtKB/TrEMBL;Acc:A0A8J2ME44],Cercopithifilaria johnstoni (PRJEB47283),protein_coding,cejohnprjeb47283
CJOHNSTONI_LOCUS5217,rna-CJOHNSTONI_LOCUS5217,193,protein_coding,Zinc finger CCCH domain-containing protein 14  [Source:UniProtKB/TrEMBL;Acc:A0A8J2Q0G8],Cercopithifilaria johnstoni (PRJEB47283),protein_coding,cejohnprjeb47283
CJOHNSTONI_LOCUS1679,rna-CJOHNSTONI_LOCUS1679,303,protein_coding,ENTH domain-containing protein  [Source:UniProtKB/TrEMBL;Acc:A0A8J2PWT5],Cercopithifilaria johnstoni (PRJEB47283),protein_coding,cejohnprjeb47283
CJOHNSTONI_LOCUS5650,rna-CJOHNSTONI_LOCUS5650,225,protein_coding,Rhodanese domain-containing protein  [Source:UniProtKB/TrEMBL;Acc:A0A8J2M4C4],Cercopithifilaria johnstoni (PRJEB47283),protein_coding,cejohnprjeb47283
CJOHNSTONI_LOCUS740,rna-CJOHNSTONI_LOCUS740,218,protein_coding,Transmembrane domain-containing protein  [Source:UniProtKB/TrEMBL;Acc:A0A8J2LWT2],Cercopithifilaria johnstoni (PRJEB47283),protein_coding,cejohnprjeb47283
CJOHNSTONI_LOCUS6531,rna-CJOHNSTONI_LOCUS6531,552,protein_coding,Zinc finger protein  [Source:UniProtKB/TrEMBL;Acc:A0A8J2M7P9],Cercopithifilaria johnstoni (PRJEB47283),protein_coding,cejohnprjeb47283
CJOHNSTONI_LOCUS1273,rna-CJOHNSTONI_LOCUS1273,263,protein_coding,Ribosomal protein S14  [Source:UniProtKB/TrEMBL;Acc:A0A8J2PQA8],Cercopithifilaria johnstoni (PRJEB47283),protein_coding,cejohnprjeb47283
CJOHNSTONI_LOCUS7865,rna-CJOHNSTONI_LOCUS7865,183,protein_coding,Sodium channel protein Nach  [Source:UniProtKB/TrEMBL;Acc:A0A8J2M8U6],Cercopithifilaria johnstoni (PRJEB47283),protein_coding,cejohnprjeb47283
CJOHNSTONI_LOCUS273,rna-CJOHNSTONI_LOCUS273,158,protein_coding,TAFII28 domain-containing protein  [Source:UniProtKB/TrEMBL;Acc:A0A8J2Q321],Cercopithifilaria johnstoni (PRJEB47283),protein_coding,cejohnprjeb47283
CJOHNSTONI_LOCUS121,rna-CJOHNSTONI_LOCUS121,181,protein_coding,Lysophospholipid acyltransferase 5  [Source:UniProtKB/TrEMBL;Acc:A0A8J2PVA2],Cercopithifilaria johnstoni (PRJEB47283),protein_coding,cejohnprjeb47283
CJOHNSTONI_LOCUS7193,rna-CJOHNSTONI_LOCUS7193,173,protein_coding,Tyrosine-protein kinase  [Source:UniProtKB/TrEMBL;Acc:A0A8J2Q8E3],Cercopithifilaria johnstoni (PRJEB47283),protein_coding,cejohnprjeb47283
CJOHNSTONI_LOCUS4848,rna-CJOHNSTONI_LOCUS4848,437,protein_coding,NOT2_3_5 domain-containing protein  [Source:UniProtKB/TrEMBL;Acc:A0A8J2M3M8],Cercopithifilaria johnstoni (PRJEB47283),protein_coding,cejohnprjeb47283
CJOHNSTONI_LOCUS4896,rna-CJOHNSTONI_LOCUS4896,354,protein_coding,ANK_REP_REGION domain-containing protein  [Source:UniProtKB/TrEMBL;Acc:A0A8J2LWZ9],Cercopithifilaria johnstoni (PRJEB47283),protein_coding,cejohnprjeb47283
CJOHNSTONI_LOCUS5990,rna-CJOHNSTONI_LOCUS5990,231,protein_coding,AAA domain-containing protein  [Source:UniProtKB/TrEMBL;Acc:A0A8J2Q7R1],Cercopithifilaria johnstoni (PRJEB47283),protein_coding,cejohnprjeb47283
CJOHNSTONI_LOCUS3687,rna-CJOHNSTONI_LOCUS3687,228,protein_coding,,Cercopithifilaria johnstoni (PRJEB47283),protein_coding,cejohnprjeb47283
CJOHNSTONI_LOCUS6088,rna-CJOHNSTONI_LOCUS6088,171,protein_coding,Protein YIPF  [Source:UniProtKB/TrEMBL;Acc:A0A8J2Q4U5],Cercopithifilaria johnstoni (PRJEB47283),protein_coding,cejohnprjeb47283
CJOHNSTONI_LOCUS4835,rna-CJOHNSTONI_LOCUS4835,162,protein_coding,CDI domain-containing protein  [Source:UniProtKB/TrEMBL;Acc:A0A8J2M421],Cercopithifilaria johnstoni (PRJEB47283),protein_coding,cejohnprjeb47283
CJOHNSTONI_LOCUS9946,rna-CJOHNSTONI_LOCUS9946,274,protein_coding,Aurora kinase  [Source:UniProtKB/TrEMBL;Acc:A0A8J2M5F2],Cercopithifilaria johnstoni (PRJEB47283),protein_coding,cejohnprjeb47283
CJOHNSTONI_LOCUS7956,rna-CJOHNSTONI_LOCUS7956,257,protein_coding,Secreted protein  [Source:UniProtKB/TrEMBL;Acc:A0A8J2PWW6],Cercopithifilaria johnstoni (PRJEB47283),protein_coding,cejohnprjeb47283
CJOHNSTONI_LOCUS8805,rna-CJOHNSTONI_LOCUS8805,295,protein_coding,,Cercopithifilaria johnstoni (PRJEB47283),protein_coding,cejohnprjeb47283
CJOHNSTONI_LOCUS7920,rna-CJOHNSTONI_LOCUS7920,332,protein_coding,HIT-type domain-containing protein  [Source:UniProtKB/TrEMBL;Acc:A0A8J2M8Y7],Cercopithifilaria johnstoni (PRJEB47283),protein_coding,cejohnprjeb47283
CJOHNSTONI_LOCUS3226,rna-CJOHNSTONI_LOCUS3226,207,protein_coding,CNNM transmembrane domain-containing protein  [Source:UniProtKB/TrEMBL;Acc:A0A8J2LZV6],Cercopithifilaria johnstoni (PRJEB47283),protein_coding,cejohnprjeb47283
CJOHNSTONI_LOCUS5383,rna-CJOHNSTONI_LOCUS5383,197,protein_coding,Superkiller viralicidic activity 2-like 2  [Source:UniProtKB/TrEMBL;Acc:A0A8J2M561],Cercopithifilaria johnstoni (PRJEB47283),protein_coding,cejohnprjeb47283
CJOHNSTONI_LOCUS2291,rna-CJOHNSTONI_LOCUS2291,1770,protein_coding,RING-type domain-containing protein  [Source:UniProtKB/TrEMBL;Acc:A0A8J2PXS7],Cercopithifilaria johnstoni (PRJEB47283),protein_coding,cejohnprjeb47283
CJOHNSTONI_LOCUS7495,rna-CJOHNSTONI_LOCUS7495,232,protein_coding,G_PROTEIN_RECEP_F1_2 domain-containing protein  [Source:UniProtKB/TrEMBL;Acc:A0A8J2MRH8],Cercopithifilaria johnstoni (PRJEB47283),protein_coding,cejohnprjeb47283
CJOHNSTONI_LOCUS4690,rna-CJOHNSTONI_LOCUS4690,242,protein_coding,LIM zinc-binding domain-containing protein  [Source:UniProtKB/TrEMBL;Acc:A0A8J2LWF6],Cercopithifilaria johnstoni (PRJEB47283),protein_coding,cejohnprjeb47283
CJOHNSTONI_LOCUS9868,rna-CJOHNSTONI_LOCUS9868,202,protein_coding,FYVE-type domain-containing protein  [Source:UniProtKB/TrEMBL;Acc:A0A8J2M6Q6],Cercopithifilaria johnstoni (PRJEB47283),protein_coding,cejohnprjeb47283
CJOHNSTONI_LOCUS5736,rna-CJOHNSTONI_LOCUS5736,206,protein_coding,Tudor domain-containing protein  [Source:UniProtKB/TrEMBL;Acc:A0A8J2LYQ9],Cercopithifilaria johnstoni (PRJEB47283),protein_coding,cejohnprjeb47283
CJOHNSTONI_LOCUS6495,rna-CJOHNSTONI_LOCUS6495,289,protein_coding,V-type proton ATPase proteolipid subunit  [Source:UniProtKB/TrEMBL;Acc:A0A8J2M015],Cercopithifilaria johnstoni (PRJEB47283),protein_coding,cejohnprjeb47283
CJOHNSTONI_LOCUS2110,rna-CJOHNSTONI_LOCUS2110,238,protein_coding,Collagen alpha-1(IX) chain-like  [Source:UniProtKB/TrEMBL;Acc:A0A8J2Q903],Cercopithifilaria johnstoni (PRJEB47283),protein_coding,cejohnprjeb47283
CJOHNSTONI_LOCUS8863,rna-CJOHNSTONI_LOCUS8863,402,protein_coding,TMC domain-containing protein  [Source:UniProtKB/TrEMBL;Acc:A0A8J2QB00],Cercopithifilaria johnstoni (PRJEB47283),protein_coding,cejohnprjeb47283
CJOHNSTONI_LOCUS9849,rna-CJOHNSTONI_LOCUS9849,273,protein_coding,Exocyst complex component 8  [Source:UniProtKB/TrEMBL;Acc:A0A8J2Q478],Cercopithifilaria johnstoni (PRJEB47283),protein_coding,cejohnprjeb47283
CJOHNSTONI_LOCUS3951,rna-CJOHNSTONI_LOCUS3951,248,protein_coding,dual-specificity kinase  [Source:UniProtKB/TrEMBL;Acc:A0A8J2PSL5],Cercopithifilaria johnstoni (PRJEB47283),protein_coding,cejohnprjeb47283
CJOHNSTONI_LOCUS8260,rna-CJOHNSTONI_LOCUS8260,149,protein_coding,Secreted protein  [Source:UniProtKB/TrEMBL;Acc:A0A8J2M3D9],Cercopithifilaria johnstoni (PRJEB47283),protein_coding,cejohnprjeb47283
CJOHNSTONI_LOCUS7297,rna-CJOHNSTONI_LOCUS7297,223,protein_coding,,Cercopithifilaria johnstoni (PRJEB47283),protein_coding,cejohnprjeb47283
CJOHNSTONI_LOCUS10219,rna-CJOHNSTONI_LOCUS10219,257,protein_coding,Neurabin-1  [Source:UniProtKB/TrEMBL;Acc:A0A8J2Q7C8],Cercopithifilaria johnstoni (PRJEB47283),protein_coding,cejohnprjeb47283
CJOHNSTONI_LOCUS6527,rna-CJOHNSTONI_LOCUS6527,249,protein_coding,WASH complex subunit strumpellin  [Source:UniProtKB/TrEMBL;Acc:A0A8J2M6A3],Cercopithifilaria johnstoni (PRJEB47283),protein_coding,cejohnprjeb47283
CJOHNSTONI_LOCUS3763,rna-CJOHNSTONI_LOCUS3763,196,protein_coding,,Cercopithifilaria johnstoni (PRJEB47283),protein_coding,cejohnprjeb47283
CJOHNSTONI_LOCUS10570,rna-CJOHNSTONI_LOCUS10570,323,protein_coding,CNH domain-containing protein  [Source:UniProtKB/TrEMBL;Acc:A0A8J2MG80],Cercopithifilaria johnstoni (PRJEB47283),protein_coding,cejohnprjeb47283
CJOHNSTONI_LOCUS5530,rna-CJOHNSTONI_LOCUS5530,212,protein_coding,Pre-mRNA-splicing factor SYF1  [Source:UniProtKB/TrEMBL;Acc:A0A8J2LX53],Cercopithifilaria johnstoni (PRJEB47283),protein_coding,cejohnprjeb47283
CJOHNSTONI_LOCUS5919,rna-CJOHNSTONI_LOCUS5919,130,protein_coding,RRM domain-containing protein  [Source:UniProtKB/TrEMBL;Acc:A0A8J2PU85],Cercopithifilaria johnstoni (PRJEB47283),protein_coding,cejohnprjeb47283
CJOHNSTONI_LOCUS9077,rna-CJOHNSTONI_LOCUS9077,230,protein_coding,Calreticulin  [Source:UniProtKB/TrEMBL;Acc:A0A8J2MTZ9],Cercopithifilaria johnstoni (PRJEB47283),protein_coding,cejohnprjeb47283
CJOHNSTONI_LOCUS7185,rna-CJOHNSTONI_LOCUS7185,263,protein_coding,Apyrase  [Source:UniProtKB/TrEMBL;Acc:A0A8J2M0Z0],Cercopithifilaria johnstoni (PRJEB47283),protein_coding,cejohnprjeb47283
CJOHNSTONI_LOCUS6265,rna-CJOHNSTONI_LOCUS6265,614,protein_coding,Zinc finger protein  [Source:UniProtKB/TrEMBL;Acc:A0A8J2QAF8],Cercopithifilaria johnstoni (PRJEB47283),protein_coding,cejohnprjeb47283
CJOHNSTONI_LOCUS9694,rna-CJOHNSTONI_LOCUS9694,170,protein_coding,DHC_N1 domain-containing protein  [Source:UniProtKB/TrEMBL;Acc:A0A8J2Q9A4],Cercopithifilaria johnstoni (PRJEB47283),protein_coding,cejohnprjeb47283
CJOHNSTONI_LOCUS6388,rna-CJOHNSTONI_LOCUS6388,93,protein_coding,,Cercopithifilaria johnstoni (PRJEB47283),protein_coding,cejohnprjeb47283
CJOHNSTONI_LOCUS8423,rna-CJOHNSTONI_LOCUS8423,275,protein_coding,NET domain-containing protein  [Source:UniProtKB/TrEMBL;Acc:A0A8J2M3N1],Cercopithifilaria johnstoni (PRJEB47283),protein_coding,cejohnprjeb47283
CJOHNSTONI_LOCUS5986,rna-CJOHNSTONI_LOCUS5986,213,protein_coding,mRNA_decap_C domain-containing protein  [Source:UniProtKB/TrEMBL;Acc:A0A8J2M6R5],Cercopithifilaria johnstoni (PRJEB47283),protein_coding,cejohnprjeb47283
CJOHNSTONI_LOCUS3390,rna-CJOHNSTONI_LOCUS3390,202,protein_coding,Nuf2 domain-containing protein  [Source:UniProtKB/TrEMBL;Acc:A0A8J2MLW0],Cercopithifilaria johnstoni (PRJEB47283),protein_coding,cejohnprjeb47283
CJOHNSTONI_LOCUS7451,rna-CJOHNSTONI_LOCUS7451,580,protein_coding,BHLH domain-containing protein  [Source:UniProtKB/TrEMBL;Acc:A0A8J2QAP6],Cercopithifilaria johnstoni (PRJEB47283),protein_coding,cejohnprjeb47283
CJOHNSTONI_LOCUS10390,rna-CJOHNSTONI_LOCUS10390,4132,protein_coding,SRP40_C domain-containing protein  [Source:UniProtKB/TrEMBL;Acc:A0A8J2MVS9],Cercopithifilaria johnstoni (PRJEB47283),protein_coding,cejohnprjeb47283
CJOHNSTONI_LOCUS8708,rna-CJOHNSTONI_LOCUS8708,253,protein_coding,Cation efflux protein/zinc transporter  [Source:UniProtKB/TrEMBL;Acc:A0A8J2MTG0],Cercopithifilaria johnstoni (PRJEB47283),protein_coding,cejohnprjeb47283
CJOHNSTONI_LOCUS4002,rna-CJOHNSTONI_LOCUS4002,197,protein_coding,OTU domain-containing protein  [Source:UniProtKB/TrEMBL;Acc:A0A8J2M201],Cercopithifilaria johnstoni (PRJEB47283),protein_coding,cejohnprjeb47283
CJOHNSTONI_LOCUS3478,rna-CJOHNSTONI_LOCUS3478,398,protein_coding,Swiss cheese  [Source:UniProtKB/TrEMBL;Acc:A0A8J2M1Q4],Cercopithifilaria johnstoni (PRJEB47283),protein_coding,cejohnprjeb47283
CJOHNSTONI_LOCUS10270,rna-CJOHNSTONI_LOCUS10270,384,protein_coding,Cadherin  [Source:UniProtKB/TrEMBL;Acc:A0A8J2PYZ6],Cercopithifilaria johnstoni (PRJEB47283),protein_coding,cejohnprjeb47283
CJOHNSTONI_LOCUS9736,rna-CJOHNSTONI_LOCUS9736,196,protein_coding,SRCR domain-containing protein  [Source:UniProtKB/TrEMBL;Acc:A0A8J2MCJ9],Cercopithifilaria johnstoni (PRJEB47283),protein_coding,cejohnprjeb47283
CJOHNSTONI_LOCUS9830,rna-CJOHNSTONI_LOCUS9830,310,protein_coding,tRNA N(3)-methylcytidine methyltransferase  [Source:UniProtKB/TrEMBL;Acc:A0A8J2MGB3],Cercopithifilaria johnstoni (PRJEB47283),protein_coding,cejohnprjeb47283
CJOHNSTONI_LOCUS888,rna-CJOHNSTONI_LOCUS888,176,protein_coding,High mobility group protein 1.2  [Source:UniProtKB/TrEMBL;Acc:A0A8J2LUU7],Cercopithifilaria johnstoni (PRJEB47283),protein_coding,cejohnprjeb47283
CJOHNSTONI_LOCUS6500,rna-CJOHNSTONI_LOCUS6500,201,protein_coding,Glyco_trans_2-like domain-containing protein  [Source:UniProtKB/TrEMBL;Acc:A0A8J2M988],Cercopithifilaria johnstoni (PRJEB47283),protein_coding,cejohnprjeb47283
CJOHNSTONI_LOCUS5404,rna-CJOHNSTONI_LOCUS5404,141,protein_coding,Mediator complex subunit 29  [Source:UniProtKB/TrEMBL;Acc:A0A8J2LY16],Cercopithifilaria johnstoni (PRJEB47283),protein_coding,cejohnprjeb47283
CJOHNSTONI_LOCUS662,rna-CJOHNSTONI_LOCUS662,198,protein_coding,HTH psq-type domain-containing protein  [Source:UniProtKB/TrEMBL;Acc:A0A8J2PVR2],Cercopithifilaria johnstoni (PRJEB47283),protein_coding,cejohnprjeb47283
CJOHNSTONI_LOCUS8436,rna-CJOHNSTONI_LOCUS8436,125,protein_coding,Protein MIX23  [Source:UniProtKB/TrEMBL;Acc:A0A8J2QAW8],Cercopithifilaria johnstoni (PRJEB47283),protein_coding,cejohnprjeb47283
CJOHNSTONI_LOCUS2847,rna-CJOHNSTONI_LOCUS2847,142,protein_coding,Interglobin  [Source:UniProtKB/TrEMBL;Acc:A0A8J2M314],Cercopithifilaria johnstoni (PRJEB47283),protein_coding,cejohnprjeb47283
CJOHNSTONI_LOCUS4732,rna-CJOHNSTONI_LOCUS4732,299,protein_coding,Beta-hexosaminidase  [Source:UniProtKB/TrEMBL;Acc:A0A8J2LTN8],Cercopithifilaria johnstoni (PRJEB47283),protein_coding,cejohnprjeb47283
CJOHNSTONI_LOCUS3038,rna-CJOHNSTONI_LOCUS3038,184,protein_coding,FCP1 homology domain-containing protein  [Source:UniProtKB/TrEMBL;Acc:A0A8J2Q275],Cercopithifilaria johnstoni (PRJEB47283),protein_coding,cejohnprjeb47283
CJOHNSTONI_LOCUS8264,rna-CJOHNSTONI_LOCUS8264,269,protein_coding,Elongation factor 1-alpha  [Source:UniProtKB/TrEMBL;Acc:A0A8J2MD84],Cercopithifilaria johnstoni (PRJEB47283),protein_coding,cejohnprjeb47283
CJOHNSTONI_LOCUS6422,rna-CJOHNSTONI_LOCUS6422,195,protein_coding,cystathionine gamma-lyase  [Source:UniProtKB/TrEMBL;Acc:A0A8J2Q537],Cercopithifilaria johnstoni (PRJEB47283),protein_coding,cejohnprjeb47283
CJOHNSTONI_LOCUS3283,rna-CJOHNSTONI_LOCUS3283,298,protein_coding,Tubulin alpha chain  [Source:UniProtKB/TrEMBL;Acc:A0A8J2LZY6],Cercopithifilaria johnstoni (PRJEB47283),protein_coding,cejohnprjeb47283
CJOHNSTONI_LOCUS4795,rna-CJOHNSTONI_LOCUS4795,199,protein_coding,DUF4470 domain-containing protein  [Source:UniProtKB/TrEMBL;Acc:A0A8J2M3Z5],Cercopithifilaria johnstoni (PRJEB47283),protein_coding,cejohnprjeb47283
CJOHNSTONI_LOCUS1771,rna-CJOHNSTONI_LOCUS1771,140,protein_coding,RPOL4c domain-containing protein  [Source:UniProtKB/TrEMBL;Acc:A0A8J2MK51],Cercopithifilaria johnstoni (PRJEB47283),protein_coding,cejohnprjeb47283
CJOHNSTONI_LOCUS6168,rna-CJOHNSTONI_LOCUS6168,208,protein_coding,YEATS domain-containing protein 4  [Source:UniProtKB/TrEMBL;Acc:A0A8J2Q1D2],Cercopithifilaria johnstoni (PRJEB47283),protein_coding,cejohnprjeb47283
CJOHNSTONI_LOCUS8780,rna-CJOHNSTONI_LOCUS8780,114,protein_coding,Calponin-homology (CH) domain-containing protein  [Source:UniProtKB/TrEMBL;Acc:A0A8J2Q8X0],Cercopithifilaria johnstoni (PRJEB47283),protein_coding,cejohnprjeb47283
CJOHNSTONI_LOCUS2044,rna-CJOHNSTONI_LOCUS2044,489,protein_coding,Coiled-coil domain-containing protein 62  [Source:UniProtKB/TrEMBL;Acc:A0A8J2MJW5],Cercopithifilaria johnstoni (PRJEB47283),protein_coding,cejohnprjeb47283
CJOHNSTONI_LOCUS2298,rna-CJOHNSTONI_LOCUS2298,316,protein_coding,Reverse transcriptase domain-containing protein  [Source:UniProtKB/TrEMBL;Acc:A0A8J2MKR4],Cercopithifilaria johnstoni (PRJEB47283),protein_coding,cejohnprjeb47283
CJOHNSTONI_LOCUS7721,rna-CJOHNSTONI_LOCUS7721,264,protein_coding,HTH psq-type domain-containing protein  [Source:UniProtKB/TrEMBL;Acc:A0A8J2M1T5],Cercopithifilaria johnstoni (PRJEB47283),protein_coding,cejohnprjeb47283
CJOHNSTONI_LOCUS1667,rna-CJOHNSTONI_LOCUS1667,211,protein_coding,Protein kinase domain-containing protein  [Source:UniProtKB/TrEMBL;Acc:A0A8J2LN93],Cercopithifilaria johnstoni (PRJEB47283),protein_coding,cejohnprjeb47283
CJOHNSTONI_LOCUS3556,rna-CJOHNSTONI_LOCUS3556,208,protein_coding,Thymidylate synthase  [Source:UniProtKB/TrEMBL;Acc:A0A8J2M0F4],Cercopithifilaria johnstoni (PRJEB47283),protein_coding,cejohnprjeb47283
CJOHNSTONI_LOCUS7893,rna-CJOHNSTONI_LOCUS7893,198,protein_coding,Secreted protein  [Source:UniProtKB/TrEMBL;Acc:A0A8J2MRX3],Cercopithifilaria johnstoni (PRJEB47283),protein_coding,cejohnprjeb47283
CJOHNSTONI_LOCUS2994,rna-CJOHNSTONI_LOCUS2994,239,protein_coding,Apple domain-containing protein  [Source:UniProtKB/TrEMBL;Acc:A0A8J2Q9C8],Cercopithifilaria johnstoni (PRJEB47283),protein_coding,cejohnprjeb47283
CJOHNSTONI_LOCUS6420,rna-CJOHNSTONI_LOCUS6420,183,protein_coding,Transmembrane protein  [Source:UniProtKB/TrEMBL;Acc:A0A8J2M6Q2],Cercopithifilaria johnstoni (PRJEB47283),protein_coding,cejohnprjeb47283
CJOHNSTONI_LOCUS9716,rna-CJOHNSTONI_LOCUS9716,311,protein_coding,Mediator of RNA polymerase II transcription subunit 6  [Source:UniProtKB/TrEMBL;Acc:A0A8J2MUX8],Cercopithifilaria johnstoni (PRJEB47283),protein_coding,cejohnprjeb47283
CJOHNSTONI_LOCUS1850,rna-CJOHNSTONI_LOCUS1850,237,protein_coding,SAM-dependent MTase TRM10-type domain-containing protein  [Source:UniProtKB/TrEMBL;Acc:A0A8J2Q8W5],Cercopithifilaria johnstoni (PRJEB47283),protein_coding,cejohnprjeb47283
CJOHNSTONI_LOCUS9537,rna-CJOHNSTONI_LOCUS9537,837,protein_coding,Nup96 domain-containing protein  [Source:UniProtKB/TrEMBL;Acc:A0A8J2ME38],Cercopithifilaria johnstoni (PRJEB47283),protein_coding,cejohnprjeb47283
CJOHNSTONI_LOCUS6224,rna-CJOHNSTONI_LOCUS6224,211,protein_coding,Translocation protein SEC62  [Source:UniProtKB/TrEMBL;Acc:A0A8J2Q4Y1],Cercopithifilaria johnstoni (PRJEB47283),protein_coding,cejohnprjeb47283
CJOHNSTONI_LOCUS8031,rna-CJOHNSTONI_LOCUS8031,188,protein_coding,Brix domain-containing protein  [Source:UniProtKB/TrEMBL;Acc:A0A8J2MAJ6],Cercopithifilaria johnstoni (PRJEB47283),protein_coding,cejohnprjeb47283
CJOHNSTONI_LOCUS718,rna-CJOHNSTONI_LOCUS718,128,protein_coding,"Protein phosphatase 1, regulatory (Inhibitor) subunit 1B  [Source:UniProtKB/TrEMBL;Acc:A0A8J2LLQ9]",Cercopithifilaria johnstoni (PRJEB47283),protein_coding,cejohnprjeb47283
CJOHNSTONI_LOCUS7268,rna-CJOHNSTONI_LOCUS7268,266,protein_coding,Transmembrane protein  [Source:UniProtKB/TrEMBL;Acc:A0A8J2M1Q6],Cercopithifilaria johnstoni (PRJEB47283),protein_coding,cejohnprjeb47283
CJOHNSTONI_LOCUS5949,rna-CJOHNSTONI_LOCUS5949,108,protein_coding,Protein yippee-like  [Source:UniProtKB/TrEMBL;Acc:A0A8J2Q4R0],Cercopithifilaria johnstoni (PRJEB47283),protein_coding,cejohnprjeb47283
CJOHNSTONI_LOCUS5236,rna-CJOHNSTONI_LOCUS5236,221,protein_coding,RING-type domain-containing protein  [Source:UniProtKB/TrEMBL;Acc:A0A8J2M3I8],Cercopithifilaria johnstoni (PRJEB47283),protein_coding,cejohnprjeb47283
CJOHNSTONI_LOCUS1431,rna-CJOHNSTONI_LOCUS1431,209,protein_coding,Methylenetetrahydrofolate reductase  [Source:UniProtKB/TrEMBL;Acc:A0A8J2Q8L1],Cercopithifilaria johnstoni (PRJEB47283),protein_coding,cejohnprjeb47283
CJOHNSTONI_LOCUS6327,rna-CJOHNSTONI_LOCUS6327,290,protein_coding,PBCV-specific basic adaptor domain-containing protein  [Source:UniProtKB/TrEMBL;Acc:A0A8J2Q7Y2],Cercopithifilaria johnstoni (PRJEB47283),protein_coding,cejohnprjeb47283
CJOHNSTONI_LOCUS8899,rna-CJOHNSTONI_LOCUS8899,139,protein_coding,HEAT repeat domain-containing protein  [Source:UniProtKB/TrEMBL;Acc:A0A8J2MTQ6],Cercopithifilaria johnstoni (PRJEB47283),protein_coding,cejohnprjeb47283
CJOHNSTONI_LOCUS2763,rna-CJOHNSTONI_LOCUS2763,222,protein_coding,Cysteine-rich DPF motif domain-containing protein 1  [Source:UniProtKB/TrEMBL;Acc:A0A8J2M2X1],Cercopithifilaria johnstoni (PRJEB47283),protein_coding,cejohnprjeb47283
CJOHNSTONI_LOCUS8253,rna-CJOHNSTONI_LOCUS8253,203,protein_coding,"Methionine--tRNA ligase, cytoplasmic  [Source:UniProtKB/TrEMBL;Acc:A0A8J2MA19]",Cercopithifilaria johnstoni (PRJEB47283),protein_coding,cejohnprjeb47283
CJOHNSTONI_LOCUS7243,rna-CJOHNSTONI_LOCUS7243,218,protein_coding,G_PROTEIN_RECEP_F1_2 domain-containing protein  [Source:UniProtKB/TrEMBL;Acc:A0A8J2M1N9],Cercopithifilaria johnstoni (PRJEB47283),protein_coding,cejohnprjeb47283
CJOHNSTONI_LOCUS1051,rna-CJOHNSTONI_LOCUS1051,192,protein_coding,Apple domain-containing protein  [Source:UniProtKB/TrEMBL;Acc:A0A8J2Q0E4],Cercopithifilaria johnstoni (PRJEB47283),protein_coding,cejohnprjeb47283
CJOHNSTONI_LOCUS6903,rna-CJOHNSTONI_LOCUS6903,185,protein_coding,tRNA (guanine(10)-N2)-methyltransferase homolog  [Source:UniProtKB/TrEMBL;Acc:A0A8J2PV52],Cercopithifilaria johnstoni (PRJEB47283),protein_coding,cejohnprjeb47283
CJOHNSTONI_LOCUS1194,rna-CJOHNSTONI_LOCUS1194,223,protein_coding,Alpha-mann_mid domain-containing protein  [Source:UniProtKB/TrEMBL;Acc:A0A8J2LXM6],Cercopithifilaria johnstoni (PRJEB47283),protein_coding,cejohnprjeb47283
CJOHNSTONI_LOCUS4129,rna-CJOHNSTONI_LOCUS4129,243,protein_coding,Myb domain-containing protein  [Source:UniProtKB/TrEMBL;Acc:A0A8J2M2R4],Cercopithifilaria johnstoni (PRJEB47283),protein_coding,cejohnprjeb47283
CJOHNSTONI_LOCUS217,rna-CJOHNSTONI_LOCUS217,278,protein_coding,oleoyl-[acyl-carrier-protein] hydrolase  [Source:UniProtKB/TrEMBL;Acc:A0A8J2PPE1],Cercopithifilaria johnstoni (PRJEB47283),protein_coding,cejohnprjeb47283
CJOHNSTONI_LOCUS8243,rna-CJOHNSTONI_LOCUS8243,351,protein_coding,Grh/CP2 DB domain-containing protein  [Source:UniProtKB/TrEMBL;Acc:A0A8J2QAV4],Cercopithifilaria johnstoni (PRJEB47283),protein_coding,cejohnprjeb47283
CJOHNSTONI_LOCUS3576,rna-CJOHNSTONI_LOCUS3576,212,protein_coding,G-protein alpha subunit  [Source:UniProtKB/TrEMBL;Acc:A0A8J2PZ35],Cercopithifilaria johnstoni (PRJEB47283),protein_coding,cejohnprjeb47283
CJOHNSTONI_LOCUS9389,rna-CJOHNSTONI_LOCUS9389,508,protein_coding,Caprin-1_dimer domain-containing protein  [Source:UniProtKB/TrEMBL;Acc:A0A8J2Q958],Cercopithifilaria johnstoni (PRJEB47283),protein_coding,cejohnprjeb47283
CJOHNSTONI_LOCUS6623,rna-CJOHNSTONI_LOCUS6623,188,protein_coding,Solute carrier organic anion transporter family member  [Source:UniProtKB/TrEMBL;Acc:A0A8J2M0F1],Cercopithifilaria johnstoni (PRJEB47283),protein_coding,cejohnprjeb47283
CJOHNSTONI_LOCUS9419,rna-CJOHNSTONI_LOCUS9419,252,protein_coding,G_PROTEIN_RECEP_F1_2 domain-containing protein  [Source:UniProtKB/TrEMBL;Acc:A0A8J2PY54],Cercopithifilaria johnstoni (PRJEB47283),protein_coding,cejohnprjeb47283
CJOHNSTONI_LOCUS9652,rna-CJOHNSTONI_LOCUS9652,158,protein_coding,"Dynein assembly factor 1, axonemal homolog  [Source:UniProtKB/TrEMBL;Acc:A0A8J2MCH6]",Cercopithifilaria johnstoni (PRJEB47283),protein_coding,cejohnprjeb47283
CJOHNSTONI_LOCUS5372,rna-CJOHNSTONI_LOCUS5372,225,protein_coding,MFS domain-containing protein  [Source:UniProtKB/TrEMBL;Acc:A0A8J2M4R4],Cercopithifilaria johnstoni (PRJEB47283),protein_coding,cejohnprjeb47283
CJOHNSTONI_LOCUS5461,rna-CJOHNSTONI_LOCUS5461,224,protein_coding,Cytokine-inducible SH2-containing protein  [Source:UniProtKB/TrEMBL;Acc:A0A8J2M4Y2],Cercopithifilaria johnstoni (PRJEB47283),protein_coding,cejohnprjeb47283
CJOHNSTONI_LOCUS7197,rna-CJOHNSTONI_LOCUS7197,264,protein_coding,Synaptonemal complex protein 1  [Source:UniProtKB/TrEMBL;Acc:A0A8J2QAM7],Cercopithifilaria johnstoni (PRJEB47283),protein_coding,cejohnprjeb47283
CJOHNSTONI_LOCUS5625,rna-CJOHNSTONI_LOCUS5625,180,protein_coding,BTB domain-containing protein  [Source:UniProtKB/TrEMBL;Acc:A0A8J2LYI7],Cercopithifilaria johnstoni (PRJEB47283),protein_coding,cejohnprjeb47283
CJOHNSTONI_LOCUS7312,rna-CJOHNSTONI_LOCUS7312,397,protein_coding,BZIP domain-containing protein  [Source:UniProtKB/TrEMBL;Acc:A0A8J2MAX1],Cercopithifilaria johnstoni (PRJEB47283),protein_coding,cejohnprjeb47283
CJOHNSTONI_LOCUS10324,rna-CJOHNSTONI_LOCUS10324,206,protein_coding,TTC7_N domain-containing protein  [Source:UniProtKB/TrEMBL;Acc:A0A8J2PZ16],Cercopithifilaria johnstoni (PRJEB47283),protein_coding,cejohnprjeb47283
CJOHNSTONI_LOCUS2013,rna-CJOHNSTONI_LOCUS2013,323,protein_coding,Myb-like domain-containing protein  [Source:UniProtKB/TrEMBL;Acc:A0A8J2LX84],Cercopithifilaria johnstoni (PRJEB47283),protein_coding,cejohnprjeb47283
CJOHNSTONI_LOCUS4474,rna-CJOHNSTONI_LOCUS4474,161,protein_coding,Sugar transporter SWEET  [Source:UniProtKB/TrEMBL;Acc:A0A8J2PT07],Cercopithifilaria johnstoni (PRJEB47283),protein_coding,cejohnprjeb47283
CJOHNSTONI_LOCUS7674,rna-CJOHNSTONI_LOCUS7674,611,protein_coding,Zinc finger protein 239-like  [Source:UniProtKB/TrEMBL;Acc:A0A8J2M9P7],Cercopithifilaria johnstoni (PRJEB47283),protein_coding,cejohnprjeb47283
CJOHNSTONI_LOCUS10013,rna-CJOHNSTONI_LOCUS10013,266,protein_coding,Erythroid differentiation-related factor 1  [Source:UniProtKB/TrEMBL;Acc:A0A8J2Q785],Cercopithifilaria johnstoni (PRJEB47283),protein_coding,cejohnprjeb47283
CJOHNSTONI_LOCUS4070,rna-CJOHNSTONI_LOCUS4070,196,protein_coding,TM2 domain-containing protein  [Source:UniProtKB/TrEMBL;Acc:A0A8J2M0U1],Cercopithifilaria johnstoni (PRJEB47283),protein_coding,cejohnprjeb47283
CJOHNSTONI_LOCUS9533,rna-CJOHNSTONI_LOCUS9533,734,protein_coding,PDZ domain-containing protein 2  [Source:UniProtKB/TrEMBL;Acc:A0A8J2MCC0],Cercopithifilaria johnstoni (PRJEB47283),protein_coding,cejohnprjeb47283
CJOHNSTONI_LOCUS515,rna-CJOHNSTONI_LOCUS515,178,protein_coding,Post-GPI attachment to proteins factor 3  [Source:UniProtKB/TrEMBL;Acc:A0A8J2LW07],Cercopithifilaria johnstoni (PRJEB47283),protein_coding,cejohnprjeb47283
CJOHNSTONI_LOCUS5665,rna-CJOHNSTONI_LOCUS5665,155,protein_coding,"Elongation factor Ts, mitochondrial  [Source:UniProtKB/TrEMBL;Acc:A0A8J2LYL3]",Cercopithifilaria johnstoni (PRJEB47283),protein_coding,cejohnprjeb47283
CJOHNSTONI_LOCUS7295,rna-CJOHNSTONI_LOCUS7295,391,protein_coding,GRIP domain-containing protein  [Source:UniProtKB/TrEMBL;Acc:A0A8J2M1R9],Cercopithifilaria johnstoni (PRJEB47283),protein_coding,cejohnprjeb47283
CJOHNSTONI_LOCUS6488,rna-CJOHNSTONI_LOCUS6488,338,protein_coding,Leucine-rich repeat-containing protein 57  [Source:UniProtKB/TrEMBL;Acc:A0A8J2M7I4],Cercopithifilaria johnstoni (PRJEB47283),protein_coding,cejohnprjeb47283
CJOHNSTONI_LOCUS5590,rna-CJOHNSTONI_LOCUS5590,180,protein_coding,,Cercopithifilaria johnstoni (PRJEB47283),protein_coding,cejohnprjeb47283
CJOHNSTONI_LOCUS2606,rna-CJOHNSTONI_LOCUS2606,236,protein_coding,,Cercopithifilaria johnstoni (PRJEB47283),protein_coding,cejohnprjeb47283
CJOHNSTONI_LOCUS4510,rna-CJOHNSTONI_LOCUS4510,282,protein_coding,Glycerol kinase 5  [Source:UniProtKB/TrEMBL;Acc:A0A8J2MMN4],Cercopithifilaria johnstoni (PRJEB47283),protein_coding,cejohnprjeb47283
CJOHNSTONI_LOCUS5952,rna-CJOHNSTONI_LOCUS5952,209,protein_coding,Prostaglandin reductase 2  [Source:UniProtKB/TrEMBL;Acc:A0A8J2LZ26],Cercopithifilaria johnstoni (PRJEB47283),protein_coding,cejohnprjeb47283
CJOHNSTONI_LOCUS7405,rna-CJOHNSTONI_LOCUS7405,347,protein_coding,,Cercopithifilaria johnstoni (PRJEB47283),protein_coding,cejohnprjeb47283
CJOHNSTONI_LOCUS2154,rna-CJOHNSTONI_LOCUS2154,263,protein_coding,poly(A)-specific ribonuclease  [Source:UniProtKB/TrEMBL;Acc:A0A8J2PX95],Cercopithifilaria johnstoni (PRJEB47283),protein_coding,cejohnprjeb47283
CJOHNSTONI_LOCUS4744,rna-CJOHNSTONI_LOCUS4744,255,protein_coding,U5 small nuclear ribonucleoprotein helicase  [Source:UniProtKB/TrEMBL;Acc:A0A8J2QA41],Cercopithifilaria johnstoni (PRJEB47283),protein_coding,cejohnprjeb47283
CJOHNSTONI_LOCUS6948,rna-CJOHNSTONI_LOCUS6948,217,protein_coding,SERPIN domain-containing protein  [Source:UniProtKB/TrEMBL;Acc:A0A8J2M195],Cercopithifilaria johnstoni (PRJEB47283),protein_coding,cejohnprjeb47283
CJOHNSTONI_LOCUS7063,rna-CJOHNSTONI_LOCUS7063,181,protein_coding,PH domain-containing protein  [Source:UniProtKB/TrEMBL;Acc:A0A8J2Q8C5],Cercopithifilaria johnstoni (PRJEB47283),protein_coding,cejohnprjeb47283
CJOHNSTONI_LOCUS8263,rna-CJOHNSTONI_LOCUS8263,195,protein_coding,,Cercopithifilaria johnstoni (PRJEB47283),protein_coding,cejohnprjeb47283
CJOHNSTONI_LOCUS1055,rna-CJOHNSTONI_LOCUS1055,172,protein_coding,Ovule protein  [Source:UniProtKB/TrEMBL;Acc:A0A8J2LVE0],Cercopithifilaria johnstoni (PRJEB47283),protein_coding,cejohnprjeb47283
CJOHNSTONI_LOCUS2115,rna-CJOHNSTONI_LOCUS2115,146,protein_coding,EF-hand domain-containing protein  [Source:UniProtKB/TrEMBL;Acc:A0A8J2MKI8],Cercopithifilaria johnstoni (PRJEB47283),protein_coding,cejohnprjeb47283
CJOHNSTONI_LOCUS6187,rna-CJOHNSTONI_LOCUS6187,567,protein_coding,AAI domain-containing protein  [Source:UniProtKB/TrEMBL;Acc:A0A8J2M8N9],Cercopithifilaria johnstoni (PRJEB47283),protein_coding,cejohnprjeb47283
CJOHNSTONI_LOCUS6358,rna-CJOHNSTONI_LOCUS6358,416,protein_coding,AIP3 domain-containing protein  [Source:UniProtKB/TrEMBL;Acc:A0A8J2LZT0],Cercopithifilaria johnstoni (PRJEB47283),protein_coding,cejohnprjeb47283
CJOHNSTONI_LOCUS3600,rna-CJOHNSTONI_LOCUS3600,236,protein_coding,Tr-type G domain-containing protein  [Source:UniProtKB/TrEMBL;Acc:A0A8J2M0H5],Cercopithifilaria johnstoni (PRJEB47283),protein_coding,cejohnprjeb47283
CJOHNSTONI_LOCUS9698,rna-CJOHNSTONI_LOCUS9698,183,protein_coding,,Cercopithifilaria johnstoni (PRJEB47283),protein_coding,cejohnprjeb47283
CJOHNSTONI_LOCUS4817,rna-CJOHNSTONI_LOCUS4817,317,protein_coding,"Apoptosis-inducing factor 1, mitochondrial  [Source:UniProtKB/TrEMBL;Acc:A0A8J2MMZ7]",Cercopithifilaria johnstoni (PRJEB47283),protein_coding,cejohnprjeb47283
CJOHNSTONI_LOCUS6323,rna-CJOHNSTONI_LOCUS6323,279,protein_coding,BBS1 domain-containing protein  [Source:UniProtKB/TrEMBL;Acc:A0A8J2M7B2],Cercopithifilaria johnstoni (PRJEB47283),protein_coding,cejohnprjeb47283
CJOHNSTONI_LOCUS3754,rna-CJOHNSTONI_LOCUS3754,269,protein_coding,"ditrans,polycis-polyprenyl diphosphate synthase [(2E,6E)-farnesyldiphosphate specific]  [Source:UniProtKB/TrEMBL;Acc:A0A8J2PSG3]",Cercopithifilaria johnstoni (PRJEB47283),protein_coding,cejohnprjeb47283
CJOHNSTONI_LOCUS2132,rna-CJOHNSTONI_LOCUS2132,245,protein_coding,proline--tRNA ligase  [Source:UniProtKB/TrEMBL;Acc:A0A8J2LZ84],Cercopithifilaria johnstoni (PRJEB47283),protein_coding,cejohnprjeb47283
CJOHNSTONI_LOCUS2671,rna-CJOHNSTONI_LOCUS2671,200,protein_coding,SAM-dependent MTase TRM10-type domain-containing protein  [Source:UniProtKB/TrEMBL;Acc:A0A8J2PRI3],Cercopithifilaria johnstoni (PRJEB47283),protein_coding,cejohnprjeb47283
CJOHNSTONI_LOCUS3830,rna-CJOHNSTONI_LOCUS3830,209,protein_coding,Thioredoxin-like_fold domain-containing protein  [Source:UniProtKB/TrEMBL;Acc:A0A8J2LUP4],Cercopithifilaria johnstoni (PRJEB47283),protein_coding,cejohnprjeb47283
CJOHNSTONI_LOCUS8734,rna-CJOHNSTONI_LOCUS8734,209,protein_coding,,Cercopithifilaria johnstoni (PRJEB47283),protein_coding,cejohnprjeb47283
CJOHNSTONI_LOCUS6676,rna-CJOHNSTONI_LOCUS6676,242,protein_coding,NAD(P)-bd_dom domain-containing protein  [Source:UniProtKB/TrEMBL;Acc:A0A8J2MQL4],Cercopithifilaria johnstoni (PRJEB47283),protein_coding,cejohnprjeb47283
CJOHNSTONI_LOCUS3903,rna-CJOHNSTONI_LOCUS3903,384,protein_coding,REJ domain-containing protein  [Source:UniProtKB/TrEMBL;Acc:A0A8J2M2E9],Cercopithifilaria johnstoni (PRJEB47283),protein_coding,cejohnprjeb47283
CJOHNSTONI_LOCUS51,rna-CJOHNSTONI_LOCUS51,338,protein_coding,chitin synthase  [Source:UniProtKB/TrEMBL;Acc:A0A8J2PZC0],Cercopithifilaria johnstoni (PRJEB47283),protein_coding,cejohnprjeb47283
CJOHNSTONI_LOCUS2629,rna-CJOHNSTONI_LOCUS2629,215,protein_coding,CTLH/CRA C-terminal to lish motif domain-containing protein  [Source:UniProtKB/TrEMBL;Acc:A0A8J2PRH0],Cercopithifilaria johnstoni (PRJEB47283),protein_coding,cejohnprjeb47283
CJOHNSTONI_LOCUS10203,rna-CJOHNSTONI_LOCUS10203,275,protein_coding,DUF5917 domain-containing protein  [Source:UniProtKB/TrEMBL;Acc:A0A8J2MD80],Cercopithifilaria johnstoni (PRJEB47283),protein_coding,cejohnprjeb47283
CJOHNSTONI_LOCUS8580,rna-CJOHNSTONI_LOCUS8580,285,protein_coding,DUF3794 domain-containing protein  [Source:UniProtKB/TrEMBL;Acc:A0A8J2MBR9],Cercopithifilaria johnstoni (PRJEB47283),protein_coding,cejohnprjeb47283
CJOHNSTONI_LOCUS2688,rna-CJOHNSTONI_LOCUS2688,191,protein_coding,Thioredoxin domain-containing protein  [Source:UniProtKB/TrEMBL;Acc:A0A8J2Q986],Cercopithifilaria johnstoni (PRJEB47283),protein_coding,cejohnprjeb47283
CJOHNSTONI_LOCUS5100,rna-CJOHNSTONI_LOCUS5100,262,protein_coding,3-phosphoinositide-dependent protein kinase 1  [Source:UniProtKB/TrEMBL;Acc:A0A8J2LUZ0],Cercopithifilaria johnstoni (PRJEB47283),protein_coding,cejohnprjeb47283
CJOHNSTONI_LOCUS1946,rna-CJOHNSTONI_LOCUS1946,312,protein_coding,TMEM132 domain-containing protein  [Source:UniProtKB/TrEMBL;Acc:A0A8J2LNR7],Cercopithifilaria johnstoni (PRJEB47283),protein_coding,cejohnprjeb47283
CJOHNSTONI_LOCUS4114,rna-CJOHNSTONI_LOCUS4114,293,protein_coding,Integrin-alpha FG-GAP repeat-containing protein 2  [Source:UniProtKB/TrEMBL;Acc:A0A8J2M2Q7],Cercopithifilaria johnstoni (PRJEB47283),protein_coding,cejohnprjeb47283
CJOHNSTONI_LOCUS2193,rna-CJOHNSTONI_LOCUS2193,200,protein_coding,GPI inositol-deacylase  [Source:UniProtKB/TrEMBL;Acc:A0A8J2LZA7],Cercopithifilaria johnstoni (PRJEB47283),protein_coding,cejohnprjeb47283
CJOHNSTONI_LOCUS875,rna-CJOHNSTONI_LOCUS875,461,protein_coding,Fork-head domain-containing protein  [Source:UniProtKB/TrEMBL;Acc:A0A8J2MIT0],Cercopithifilaria johnstoni (PRJEB47283),protein_coding,cejohnprjeb47283
CJOHNSTONI_LOCUS1282,rna-CJOHNSTONI_LOCUS1282,322,protein_coding,Fibronectin type III domain protein  [Source:UniProtKB/TrEMBL;Acc:A0A8J2LXU1],Cercopithifilaria johnstoni (PRJEB47283),protein_coding,cejohnprjeb47283
CJOHNSTONI_LOCUS9587,rna-CJOHNSTONI_LOCUS9587,180,protein_coding,S10_plectin domain-containing protein  [Source:UniProtKB/TrEMBL;Acc:A0A8J2Q6Z7],Cercopithifilaria johnstoni (PRJEB47283),protein_coding,cejohnprjeb47283
CJOHNSTONI_LOCUS9908,rna-CJOHNSTONI_LOCUS9908,152,protein_coding,E2 ubiquitin-conjugating enzyme  [Source:UniProtKB/TrEMBL;Acc:A0A8J2MCU1],Cercopithifilaria johnstoni (PRJEB47283),protein_coding,cejohnprjeb47283
CJOHNSTONI_LOCUS3936,rna-CJOHNSTONI_LOCUS3936,292,protein_coding,t-SNARE coiled-coil homology domain-containing protein  [Source:UniProtKB/TrEMBL;Acc:A0A8J2M2H9],Cercopithifilaria johnstoni (PRJEB47283),protein_coding,cejohnprjeb47283
CJOHNSTONI_LOCUS8579,rna-CJOHNSTONI_LOCUS8579,320,protein_coding,DUF223 domain-containing protein  [Source:UniProtKB/TrEMBL;Acc:A0A8J2MCD5],Cercopithifilaria johnstoni (PRJEB47283),protein_coding,cejohnprjeb47283
CJOHNSTONI_LOCUS4100,rna-CJOHNSTONI_LOCUS4100,192,protein_coding,,Cercopithifilaria johnstoni (PRJEB47283),protein_coding,cejohnprjeb47283
CJOHNSTONI_LOCUS9278,rna-CJOHNSTONI_LOCUS9278,155,protein_coding,Ubiquitin-like domain-containing protein  [Source:UniProtKB/TrEMBL;Acc:A0A8J2PY22],Cercopithifilaria johnstoni (PRJEB47283),protein_coding,cejohnprjeb47283
CJOHNSTONI_LOCUS5586,rna-CJOHNSTONI_LOCUS5586,227,protein_coding,Divalent cation transporter  [Source:UniProtKB/TrEMBL;Acc:A0A8J2MPA0],Cercopithifilaria johnstoni (PRJEB47283),protein_coding,cejohnprjeb47283
CJOHNSTONI_LOCUS325,rna-CJOHNSTONI_LOCUS325,260,protein_coding,F-box domain-containing protein  [Source:UniProtKB/TrEMBL;Acc:A0A8J2MHY2],Cercopithifilaria johnstoni (PRJEB47283),protein_coding,cejohnprjeb47283
CJOHNSTONI_LOCUS3942,rna-CJOHNSTONI_LOCUS3942,204,protein_coding,Clc-like protein  [Source:UniProtKB/TrEMBL;Acc:A0A8J2LUW3],Cercopithifilaria johnstoni (PRJEB47283),protein_coding,cejohnprjeb47283
CJOHNSTONI_LOCUS5782,rna-CJOHNSTONI_LOCUS5782,207,protein_coding,CTCK domain-containing protein  [Source:UniProtKB/TrEMBL;Acc:A0A8J2M4K2],Cercopithifilaria johnstoni (PRJEB47283),protein_coding,cejohnprjeb47283
CJOHNSTONI_LOCUS7503,rna-CJOHNSTONI_LOCUS7503,152,protein_coding,Fe-S_biosyn domain-containing protein  [Source:UniProtKB/TrEMBL;Acc:A0A8J2Q5V5],Cercopithifilaria johnstoni (PRJEB47283),protein_coding,cejohnprjeb47283
CJOHNSTONI_LOCUS4119,rna-CJOHNSTONI_LOCUS4119,597,protein_coding,,Cercopithifilaria johnstoni (PRJEB47283),protein_coding,cejohnprjeb47283
CJOHNSTONI_LOCUS9221,rna-CJOHNSTONI_LOCUS9221-2,258,protein_coding,MADF domain-containing protein  [Source:UniProtKB/TrEMBL;Acc:A0A8J2PY07],Cercopithifilaria johnstoni (PRJEB47283),protein_coding,cejohnprjeb47283
CJOHNSTONI_LOCUS577,rna-CJOHNSTONI_LOCUS577,227,protein_coding,Methyltransf_11 domain-containing protein  [Source:UniProtKB/TrEMBL;Acc:A0A8J2PPP3],Cercopithifilaria johnstoni (PRJEB47283),protein_coding,cejohnprjeb47283
CJOHNSTONI_LOCUS7178,rna-CJOHNSTONI_LOCUS7178,174,protein_coding,Myotubularin phosphatase domain-containing protein  [Source:UniProtKB/TrEMBL;Acc:A0A8J2MAN6],Cercopithifilaria johnstoni (PRJEB47283),protein_coding,cejohnprjeb47283
CJOHNSTONI_LOCUS9551,rna-CJOHNSTONI_LOCUS9551,970,protein_coding,ZP domain-containing protein  [Source:UniProtKB/TrEMBL;Acc:A0A8J2ME45],Cercopithifilaria johnstoni (PRJEB47283),protein_coding,cejohnprjeb47283
CJOHNSTONI_LOCUS5846,rna-CJOHNSTONI_LOCUS5846,222,protein_coding,Acetylcholine receptor subunit alpha-type unc-38  [Source:UniProtKB/TrEMBL;Acc:A0A8J2M4N7],Cercopithifilaria johnstoni (PRJEB47283),protein_coding,cejohnprjeb47283
CJOHNSTONI_LOCUS8512,rna-CJOHNSTONI_LOCUS8512,254,protein_coding,Methyltransferase  [Source:UniProtKB/TrEMBL;Acc:A0A8J2MT65],Cercopithifilaria johnstoni (PRJEB47283),protein_coding,cejohnprjeb47283
CJOHNSTONI_LOCUS7222,rna-CJOHNSTONI_LOCUS7222,185,protein_coding,ZP domain-containing protein  [Source:UniProtKB/TrEMBL;Acc:A0A8J2M812],Cercopithifilaria johnstoni (PRJEB47283),protein_coding,cejohnprjeb47283
CJOHNSTONI_LOCUS10234,rna-CJOHNSTONI_LOCUS10234,223,protein_coding,Ribosomal RNA processing protein 1-like protein  [Source:UniProtKB/TrEMBL;Acc:A0A8J2M7T5],Cercopithifilaria johnstoni (PRJEB47283),protein_coding,cejohnprjeb47283
CJOHNSTONI_LOCUS2868,rna-CJOHNSTONI_LOCUS2868,204,protein_coding,Rod shape-determining protein MreD  [Source:UniProtKB/TrEMBL;Acc:A0A8J2PRN8],Cercopithifilaria johnstoni (PRJEB47283),protein_coding,cejohnprjeb47283
CJOHNSTONI_LOCUS8694,rna-CJOHNSTONI_LOCUS8694,197,protein_coding,Microtubule-associated protein futsch  [Source:UniProtKB/TrEMBL;Acc:A0A8J2ME29],Cercopithifilaria johnstoni (PRJEB47283),protein_coding,cejohnprjeb47283
CJOHNSTONI_LOCUS4520,rna-CJOHNSTONI_LOCUS4520,398,protein_coding,Glycosyltransferase family 92 protein  [Source:UniProtKB/TrEMBL;Acc:A0A8J2PZX4],Cercopithifilaria johnstoni (PRJEB47283),protein_coding,cejohnprjeb47283
CJOHNSTONI_LOCUS826,rna-CJOHNSTONI_LOCUS826,773,protein_coding,SH2 domain-containing protein  [Source:UniProtKB/TrEMBL;Acc:A0A8J2LWL8],Cercopithifilaria johnstoni (PRJEB47283),protein_coding,cejohnprjeb47283
CJOHNSTONI_LOCUS2302,rna-CJOHNSTONI_LOCUS2302,221,protein_coding,Thioredoxin domain-containing protein  [Source:UniProtKB/TrEMBL;Acc:A0A8J2LZI4],Cercopithifilaria johnstoni (PRJEB47283),protein_coding,cejohnprjeb47283
CJOHNSTONI_LOCUS9608,rna-CJOHNSTONI_LOCUS9608,215,protein_coding,G_PROTEIN_RECEP_F1_2 domain-containing protein  [Source:UniProtKB/TrEMBL;Acc:A0A8J2MFZ7],Cercopithifilaria johnstoni (PRJEB47283),protein_coding,cejohnprjeb47283
CJOHNSTONI_LOCUS3216,rna-CJOHNSTONI_LOCUS3216,340,protein_coding,SER_THR_PHOSPHATASE domain-containing protein  [Source:UniProtKB/TrEMBL;Acc:A0A8J2Q5D8],Cercopithifilaria johnstoni (PRJEB47283),protein_coding,cejohnprjeb47283
CJOHNSTONI_LOCUS4525,rna-CJOHNSTONI_LOCUS4525,391,protein_coding,WD_REPEATS_REGION domain-containing protein  [Source:UniProtKB/TrEMBL;Acc:A0A8J2MMN8],Cercopithifilaria johnstoni (PRJEB47283),protein_coding,cejohnprjeb47283
CJOHNSTONI_LOCUS6655,rna-CJOHNSTONI_LOCUS6655,262,protein_coding,PSP domain-containing protein  [Source:UniProtKB/TrEMBL;Acc:A0A8J2M732],Cercopithifilaria johnstoni (PRJEB47283),protein_coding,cejohnprjeb47283
CJOHNSTONI_LOCUS954,rna-CJOHNSTONI_LOCUS954,1034,protein_coding,Zinc finger protein  [Source:UniProtKB/TrEMBL;Acc:A0A8J2LP92],Cercopithifilaria johnstoni (PRJEB47283),protein_coding,cejohnprjeb47283
CJOHNSTONI_LOCUS843,rna-CJOHNSTONI_LOCUS843,296,protein_coding,Mitochondrial inner membrane protein OXA1  [Source:UniProtKB/TrEMBL;Acc:A0A8J2PVW6],Cercopithifilaria johnstoni (PRJEB47283),protein_coding,cejohnprjeb47283
CJOHNSTONI_LOCUS969,rna-CJOHNSTONI_LOCUS969,241,protein_coding,Charged multivesicular body protein 1b  [Source:UniProtKB/TrEMBL;Acc:A0A8J2LPA3],Cercopithifilaria johnstoni (PRJEB47283),protein_coding,cejohnprjeb47283
CJOHNSTONI_LOCUS8517,rna-CJOHNSTONI_LOCUS8517,239,protein_coding,DUF3715 domain-containing protein  [Source:UniProtKB/TrEMBL;Acc:A0A8J2M331],Cercopithifilaria johnstoni (PRJEB47283),protein_coding,cejohnprjeb47283
CJOHNSTONI_LOCUS3189,rna-CJOHNSTONI_LOCUS3189,422,protein_coding,Protein roadkill  [Source:UniProtKB/TrEMBL;Acc:A0A8J2Q5D0],Cercopithifilaria johnstoni (PRJEB47283),protein_coding,cejohnprjeb47283
CJOHNSTONI_LOCUS1953,rna-CJOHNSTONI_LOCUS1953,264,protein_coding,Magnesium transporter NIPA2  [Source:UniProtKB/TrEMBL;Acc:A0A8J2PQX7],Cercopithifilaria johnstoni (PRJEB47283),protein_coding,cejohnprjeb47283
CJOHNSTONI_LOCUS8518,rna-CJOHNSTONI_LOCUS8518,248,protein_coding,PDZ domain-containing protein  [Source:UniProtKB/TrEMBL;Acc:A0A8J2M3T3],Cercopithifilaria johnstoni (PRJEB47283),protein_coding,cejohnprjeb47283
CJOHNSTONI_LOCUS7436,rna-CJOHNSTONI_LOCUS7436,242,protein_coding,,Cercopithifilaria johnstoni (PRJEB47283),protein_coding,cejohnprjeb47283
CJOHNSTONI_LOCUS7593,rna-CJOHNSTONI_LOCUS7593,181,protein_coding,DRBM domain-containing protein  [Source:UniProtKB/TrEMBL;Acc:A0A8J2PW85],Cercopithifilaria johnstoni (PRJEB47283),protein_coding,cejohnprjeb47283
CJOHNSTONI_LOCUS7453,rna-CJOHNSTONI_LOCUS7453,229,protein_coding,WD_REPEATS_REGION domain-containing protein  [Source:UniProtKB/TrEMBL;Acc:A0A8J2M205],Cercopithifilaria johnstoni (PRJEB47283),protein_coding,cejohnprjeb47283
CJOHNSTONI_LOCUS939,rna-CJOHNSTONI_LOCUS939,426,protein_coding,Type VII secretion effector  [Source:UniProtKB/TrEMBL;Acc:A0A8J2Q8C4],Cercopithifilaria johnstoni (PRJEB47283),protein_coding,cejohnprjeb47283
CJOHNSTONI_LOCUS8173,rna-CJOHNSTONI_LOCUS8173,218,protein_coding,,Cercopithifilaria johnstoni (PRJEB47283),protein_coding,cejohnprjeb47283
CJOHNSTONI_LOCUS2288,rna-CJOHNSTONI_LOCUS2288,310,protein_coding,NAD(P)-bd_dom domain-containing protein  [Source:UniProtKB/TrEMBL;Acc:A0A8J2Q4K2],Cercopithifilaria johnstoni (PRJEB47283),protein_coding,cejohnprjeb47283
CJOHNSTONI_LOCUS6270,rna-CJOHNSTONI_LOCUS6270,416,protein_coding,C2H2-type domain-containing protein  [Source:UniProtKB/TrEMBL;Acc:A0A8J2MQ77],Cercopithifilaria johnstoni (PRJEB47283),protein_coding,cejohnprjeb47283
CJOHNSTONI_LOCUS7492,rna-CJOHNSTONI_LOCUS7492,263,protein_coding,Aldo_ket_red domain-containing protein  [Source:UniProtKB/TrEMBL;Acc:A0A8J2M1E7],Cercopithifilaria johnstoni (PRJEB47283),protein_coding,cejohnprjeb47283
CJOHNSTONI_LOCUS6200,rna-CJOHNSTONI_LOCUS6200,240,protein_coding,tRNA (guanine-N(7)-)-methyltransferase  [Source:UniProtKB/TrEMBL;Acc:A0A8J2MQ17],Cercopithifilaria johnstoni (PRJEB47283),protein_coding,cejohnprjeb47283
CJOHNSTONI_LOCUS8662,rna-CJOHNSTONI_LOCUS8662,227,protein_coding,Hydroxymethylglutaryl-CoA synthase  [Source:UniProtKB/TrEMBL;Acc:A0A8J2Q3D5],Cercopithifilaria johnstoni (PRJEB47283),protein_coding,cejohnprjeb47283
CJOHNSTONI_LOCUS595,rna-CJOHNSTONI_LOCUS595,206,protein_coding,,Cercopithifilaria johnstoni (PRJEB47283),protein_coding,cejohnprjeb47283
CJOHNSTONI_LOCUS6540,rna-CJOHNSTONI_LOCUS6540,172,protein_coding,HORMA domain-containing protein  [Source:UniProtKB/TrEMBL;Acc:A0A8J2M0A3],Cercopithifilaria johnstoni (PRJEB47283),protein_coding,cejohnprjeb47283
CJOHNSTONI_LOCUS1324,rna-CJOHNSTONI_LOCUS1324,164,protein_coding,,Cercopithifilaria johnstoni (PRJEB47283),protein_coding,cejohnprjeb47283
CJOHNSTONI_LOCUS7766,rna-CJOHNSTONI_LOCUS7766,332,protein_coding,60S ribosomal protein L13  [Source:UniProtKB/TrEMBL;Acc:A0A8J2M1W2],Cercopithifilaria johnstoni (PRJEB47283),protein_coding,cejohnprjeb47283
CJOHNSTONI_LOCUS5569,rna-CJOHNSTONI_LOCUS5569,272,protein_coding,WD_REPEATS_REGION domain-containing protein  [Source:UniProtKB/TrEMBL;Acc:A0A8J2LYD2],Cercopithifilaria johnstoni (PRJEB47283),protein_coding,cejohnprjeb47283
CJOHNSTONI_LOCUS4352,rna-CJOHNSTONI_LOCUS4352,357,protein_coding,Mediator of RNA polymerase II transcription subunit 15  [Source:UniProtKB/TrEMBL;Acc:A0A8J2PSX2],Cercopithifilaria johnstoni (PRJEB47283),protein_coding,cejohnprjeb47283
CJOHNSTONI_LOCUS2468,rna-CJOHNSTONI_LOCUS2468,240,protein_coding,Coronin  [Source:UniProtKB/TrEMBL;Acc:A0A8J2Q1K5],Cercopithifilaria johnstoni (PRJEB47283),protein_coding,cejohnprjeb47283
CJOHNSTONI_LOCUS6096,rna-CJOHNSTONI_LOCUS6096,280,protein_coding,DNA-directed RNA polymerase subunit beta  [Source:UniProtKB/TrEMBL;Acc:A0A8J2M6X2],Cercopithifilaria johnstoni (PRJEB47283),protein_coding,cejohnprjeb47283
CJOHNSTONI_LOCUS461,rna-CJOHNSTONI_LOCUS461,220,protein_coding,Autophagy-related protein 13  [Source:UniProtKB/TrEMBL;Acc:A0A8J2LVW5],Cercopithifilaria johnstoni (PRJEB47283),protein_coding,cejohnprjeb47283
CJOHNSTONI_LOCUS9473,rna-CJOHNSTONI_LOCUS9473,284,protein_coding,Charged multivesicular body protein 7  [Source:UniProtKB/TrEMBL;Acc:A0A8J2MC96],Cercopithifilaria johnstoni (PRJEB47283),protein_coding,cejohnprjeb47283
CJOHNSTONI_LOCUS1176,rna-CJOHNSTONI_LOCUS1176,269,protein_coding,Homeobox domain-containing protein  [Source:UniProtKB/TrEMBL;Acc:A0A8J2LVL3],Cercopithifilaria johnstoni (PRJEB47283),protein_coding,cejohnprjeb47283
CJOHNSTONI_LOCUS7519,rna-CJOHNSTONI_LOCUS7519,309,protein_coding,Moesin/ezrin/radixin homolog 1  [Source:UniProtKB/TrEMBL;Acc:A0A8J2M239],Cercopithifilaria johnstoni (PRJEB47283),protein_coding,cejohnprjeb47283
CJOHNSTONI_LOCUS1239,rna-CJOHNSTONI_LOCUS1239,183,protein_coding,Ricin B-type lectin domain-containing protein  [Source:UniProtKB/TrEMBL;Acc:A0A8J2LXK8],Cercopithifilaria johnstoni (PRJEB47283),protein_coding,cejohnprjeb47283
CJOHNSTONI_LOCUS10070,rna-CJOHNSTONI_LOCUS10070,545,protein_coding,Tudor domain-containing protein  [Source:UniProtKB/TrEMBL;Acc:A0A8J2QB87],Cercopithifilaria johnstoni (PRJEB47283),protein_coding,cejohnprjeb47283
CJOHNSTONI_LOCUS5525,rna-CJOHNSTONI_LOCUS5525,304,protein_coding,Protein kinase domain-containing protein  [Source:UniProtKB/TrEMBL;Acc:A0A8J2M5C8],Cercopithifilaria johnstoni (PRJEB47283),protein_coding,cejohnprjeb47283
CJOHNSTONI_LOCUS4313,rna-CJOHNSTONI_LOCUS4313,245,protein_coding,Tetraspanin  [Source:UniProtKB/TrEMBL;Acc:A0A8J2M379],Cercopithifilaria johnstoni (PRJEB47283),protein_coding,cejohnprjeb47283
CJOHNSTONI_LOCUS9825,rna-CJOHNSTONI_LOCUS9825,244,protein_coding,,Cercopithifilaria johnstoni (PRJEB47283),protein_coding,cejohnprjeb47283
CJOHNSTONI_LOCUS1843,rna-CJOHNSTONI_LOCUS1843,207,protein_coding,"NADH dehydrogenase [ubiquinone] flavoprotein 1, mitochondrial  [Source:UniProtKB/TrEMBL;Acc:A0A8J2LWN3]",Cercopithifilaria johnstoni (PRJEB47283),protein_coding,cejohnprjeb47283
CJOHNSTONI_LOCUS6746,rna-CJOHNSTONI_LOCUS6746,194,protein_coding,PABS domain-containing protein  [Source:UniProtKB/TrEMBL;Acc:A0A8J2M788],Cercopithifilaria johnstoni (PRJEB47283),protein_coding,cejohnprjeb47283
CJOHNSTONI_LOCUS2803,rna-CJOHNSTONI_LOCUS2803,184,protein_coding,WD_REPEATS_REGION domain-containing protein  [Source:UniProtKB/TrEMBL;Acc:A0A8J2M2Z3],Cercopithifilaria johnstoni (PRJEB47283),protein_coding,cejohnprjeb47283
CJOHNSTONI_LOCUS2655,rna-CJOHNSTONI_LOCUS2655,158,protein_coding,Bystin  [Source:UniProtKB/TrEMBL;Acc:A0A8J2Q4X6],Cercopithifilaria johnstoni (PRJEB47283),protein_coding,cejohnprjeb47283
CJOHNSTONI_LOCUS9673,rna-CJOHNSTONI_LOCUS9673,179,protein_coding,Protein-tyrosine phosphatase  [Source:UniProtKB/TrEMBL;Acc:A0A8J2M535],Cercopithifilaria johnstoni (PRJEB47283),protein_coding,cejohnprjeb47283
CJOHNSTONI_LOCUS3272,rna-CJOHNSTONI_LOCUS3272,294,protein_coding,Neur_chan_LBD domain-containing protein  [Source:UniProtKB/TrEMBL;Acc:A0A8J2Q2D4],Cercopithifilaria johnstoni (PRJEB47283),protein_coding,cejohnprjeb47283
CJOHNSTONI_LOCUS1606,rna-CJOHNSTONI_LOCUS1606,186,protein_coding,Clc-like protein  [Source:UniProtKB/TrEMBL;Acc:A0A8J2LYB1],Cercopithifilaria johnstoni (PRJEB47283),protein_coding,cejohnprjeb47283
CJOHNSTONI_LOCUS6266,rna-CJOHNSTONI_LOCUS6266,393,protein_coding,Zinc finger protein  [Source:UniProtKB/TrEMBL;Acc:A0A8J2LZM4],Cercopithifilaria johnstoni (PRJEB47283),protein_coding,cejohnprjeb47283
CJOHNSTONI_LOCUS6154,rna-CJOHNSTONI_LOCUS6154,454,protein_coding,BHLH domain-containing protein  [Source:UniProtKB/TrEMBL;Acc:A0A8J2Q4W2],Cercopithifilaria johnstoni (PRJEB47283),protein_coding,cejohnprjeb47283
CJOHNSTONI_LOCUS544,rna-CJOHNSTONI_LOCUS544,159,protein_coding,Col_cuticle_N domain-containing protein  [Source:UniProtKB/TrEMBL;Acc:A0A8J2LU93],Cercopithifilaria johnstoni (PRJEB47283),protein_coding,cejohnprjeb47283
CJOHNSTONI_LOCUS8099,rna-CJOHNSTONI_LOCUS8099,635,protein_coding,Zinc finger protein  [Source:UniProtKB/TrEMBL;Acc:A0A8J2MCT0],Cercopithifilaria johnstoni (PRJEB47283),protein_coding,cejohnprjeb47283
CJOHNSTONI_LOCUS5560,rna-CJOHNSTONI_LOCUS5560,197,protein_coding,Lipase_3 domain-containing protein  [Source:UniProtKB/TrEMBL;Acc:A0A8J2M7J4],Cercopithifilaria johnstoni (PRJEB47283),protein_coding,cejohnprjeb47283
CJOHNSTONI_LOCUS10364,rna-CJOHNSTONI_LOCUS10364,132,protein_coding,,Cercopithifilaria johnstoni (PRJEB47283),protein_coding,cejohnprjeb47283
CJOHNSTONI_LOCUS4174,rna-CJOHNSTONI_LOCUS4174,228,protein_coding,Mitochondrial 2-oxoglutarate/malate carrier protein  [Source:UniProtKB/TrEMBL;Acc:A0A8J2M2M7],Cercopithifilaria johnstoni (PRJEB47283),protein_coding,cejohnprjeb47283
CJOHNSTONI_LOCUS4063,rna-CJOHNSTONI_LOCUS4063,420,protein_coding,Tyrosine-protein kinase  [Source:UniProtKB/TrEMBL;Acc:A0A8J2Q6F9],Cercopithifilaria johnstoni (PRJEB47283),protein_coding,cejohnprjeb47283
CJOHNSTONI_LOCUS4395,rna-CJOHNSTONI_LOCUS4395,230,protein_coding,protein-tyrosine-phosphatase  [Source:UniProtKB/TrEMBL;Acc:A0A8J2Q9X9],Cercopithifilaria johnstoni (PRJEB47283),protein_coding,cejohnprjeb47283
CJOHNSTONI_LOCUS6227,rna-CJOHNSTONI_LOCUS6227,170,protein_coding,NADH dehydrogenase [ubiquinone] 1 alpha subcomplex subunit 12  [Source:UniProtKB/TrEMBL;Acc:A0A8J2MQ29],Cercopithifilaria johnstoni (PRJEB47283),protein_coding,cejohnprjeb47283
CJOHNSTONI_LOCUS2478,rna-CJOHNSTONI_LOCUS2478,272,protein_coding,MIF4G domain-containing protein  [Source:UniProtKB/TrEMBL;Acc:A0A8J2LXN6],Cercopithifilaria johnstoni (PRJEB47283),protein_coding,cejohnprjeb47283
CJOHNSTONI_LOCUS2588,rna-CJOHNSTONI_LOCUS2588,323,protein_coding,,Cercopithifilaria johnstoni (PRJEB47283),protein_coding,cejohnprjeb47283
CJOHNSTONI_LOCUS8353,rna-CJOHNSTONI_LOCUS8353,194,protein_coding,Protein-tyrosine-phosphatase  [Source:UniProtKB/TrEMBL;Acc:A0A8J2Q8S5],Cercopithifilaria johnstoni (PRJEB47283),protein_coding,cejohnprjeb47283
CJOHNSTONI_LOCUS772,rna-CJOHNSTONI_LOCUS772,233,protein_coding,Ovule protein  [Source:UniProtKB/TrEMBL;Acc:A0A8J2Q3F3],Cercopithifilaria johnstoni (PRJEB47283),protein_coding,cejohnprjeb47283
CJOHNSTONI_LOCUS3916,rna-CJOHNSTONI_LOCUS3916,300,protein_coding,Col_cuticle_N domain-containing protein  [Source:UniProtKB/TrEMBL;Acc:A0A8J2MMI8],Cercopithifilaria johnstoni (PRJEB47283),protein_coding,cejohnprjeb47283
CJOHNSTONI_LOCUS7578,rna-CJOHNSTONI_LOCUS7578,202,protein_coding,Protein kinase domain-containing protein  [Source:UniProtKB/TrEMBL;Acc:A0A8J2M9H5],Cercopithifilaria johnstoni (PRJEB47283),protein_coding,cejohnprjeb47283
CJOHNSTONI_LOCUS7403,rna-CJOHNSTONI_LOCUS7403,200,protein_coding,Inhibitor of growth protein  [Source:UniProtKB/TrEMBL;Acc:A0A8J2M7W5],Cercopithifilaria johnstoni (PRJEB47283),protein_coding,cejohnprjeb47283
CJOHNSTONI_LOCUS1336,rna-CJOHNSTONI_LOCUS1336,180,protein_coding,GATOR complex protein NPRL3  [Source:UniProtKB/TrEMBL;Acc:A0A8J2M0V7],Cercopithifilaria johnstoni (PRJEB47283),protein_coding,cejohnprjeb47283
CJOHNSTONI_LOCUS7937,rna-CJOHNSTONI_LOCUS7937,162,protein_coding,Inner membrane protein  [Source:UniProtKB/TrEMBL;Acc:A0A8J2MAB3],Cercopithifilaria johnstoni (PRJEB47283),protein_coding,cejohnprjeb47283
CJOHNSTONI_LOCUS10536,rna-CJOHNSTONI_LOCUS10536,219,protein_coding,Protein bicaudal D  [Source:UniProtKB/TrEMBL;Acc:A0A8J2PZ86],Cercopithifilaria johnstoni (PRJEB47283),protein_coding,cejohnprjeb47283
CJOHNSTONI_LOCUS4446,rna-CJOHNSTONI_LOCUS4446,199,protein_coding,,Cercopithifilaria johnstoni (PRJEB47283),protein_coding,cejohnprjeb47283
CJOHNSTONI_LOCUS1253,rna-CJOHNSTONI_LOCUS1253,282,protein_coding,ASD2 domain-containing protein  [Source:UniProtKB/TrEMBL;Acc:A0A8J2M0J0],Cercopithifilaria johnstoni (PRJEB47283),protein_coding,cejohnprjeb47283
CJOHNSTONI_LOCUS5835,rna-CJOHNSTONI_LOCUS5835,278,protein_coding,,Cercopithifilaria johnstoni (PRJEB47283),protein_coding,cejohnprjeb47283
CJOHNSTONI_LOCUS5046,rna-CJOHNSTONI_LOCUS5046,126,protein_coding,Complexin-1  [Source:UniProtKB/TrEMBL;Acc:A0A8J2MNC7],Cercopithifilaria johnstoni (PRJEB47283),protein_coding,cejohnprjeb47283
CJOHNSTONI_LOCUS6234,rna-CJOHNSTONI_LOCUS6234,434,protein_coding,Protein muscleblind  [Source:UniProtKB/TrEMBL;Acc:A0A8J2PUI8],Cercopithifilaria johnstoni (PRJEB47283),protein_coding,cejohnprjeb47283
CJOHNSTONI_LOCUS6582,rna-CJOHNSTONI_LOCUS6582,402,protein_coding,Rho-GAP domain-containing protein  [Source:UniProtKB/TrEMBL;Acc:A0A8J2M0C6],Cercopithifilaria johnstoni (PRJEB47283),protein_coding,cejohnprjeb47283
CJOHNSTONI_LOCUS149,rna-CJOHNSTONI_LOCUS149,213,protein_coding,Protein roadkill  [Source:UniProtKB/TrEMBL;Acc:A0A8J2PVB0],Cercopithifilaria johnstoni (PRJEB47283),protein_coding,cejohnprjeb47283
CJOHNSTONI_LOCUS2334,rna-CJOHNSTONI_LOCUS2334,318,protein_coding,non-specific serine/threonine protein kinase  [Source:UniProtKB/TrEMBL;Acc:A0A8J2MKT5],Cercopithifilaria johnstoni (PRJEB47283),protein_coding,cejohnprjeb47283
CJOHNSTONI_LOCUS3200,rna-CJOHNSTONI_LOCUS3200,211,protein_coding,Sulfhydryl oxidase  [Source:UniProtKB/TrEMBL;Acc:A0A8J2M0P4],Cercopithifilaria johnstoni (PRJEB47283),protein_coding,cejohnprjeb47283
CJOHNSTONI_LOCUS1864,rna-CJOHNSTONI_LOCUS1864,206,protein_coding,3Beta_HSD domain-containing protein  [Source:UniProtKB/TrEMBL;Acc:A0A8J2Q8W7],Cercopithifilaria johnstoni (PRJEB47283),protein_coding,cejohnprjeb47283
CJOHNSTONI_LOCUS1414,rna-CJOHNSTONI_LOCUS1414,195,protein_coding,Hsp90 chaperone protein kinase-targeting subunit  [Source:UniProtKB/TrEMBL;Acc:A0A8J2PQF5],Cercopithifilaria johnstoni (PRJEB47283),protein_coding,cejohnprjeb47283
CJOHNSTONI_LOCUS7507,rna-CJOHNSTONI_LOCUS7507,179,protein_coding,,Cercopithifilaria johnstoni (PRJEB47283),protein_coding,cejohnprjeb47283
CJOHNSTONI_LOCUS681,rna-CJOHNSTONI_LOCUS681,143,protein_coding,U1 small nuclear ribonucleoprotein 70 kDa  [Source:UniProtKB/TrEMBL;Acc:A0A8J2MHT5],Cercopithifilaria johnstoni (PRJEB47283),protein_coding,cejohnprjeb47283
CJOHNSTONI_LOCUS8465,rna-CJOHNSTONI_LOCUS8465,239,protein_coding,Thioredoxin domain-containing protein  [Source:UniProtKB/TrEMBL;Acc:A0A8J2M3Q4],Cercopithifilaria johnstoni (PRJEB47283),protein_coding,cejohnprjeb47283
CJOHNSTONI_LOCUS8285,rna-CJOHNSTONI_LOCUS8285,269,protein_coding,Secreted protein  [Source:UniProtKB/TrEMBL;Acc:A0A8J2PX70],Cercopithifilaria johnstoni (PRJEB47283),protein_coding,cejohnprjeb47283
CJOHNSTONI_LOCUS7058,rna-CJOHNSTONI_LOCUS7058,171,protein_coding,Secreted protein  [Source:UniProtKB/TrEMBL;Acc:A0A8J2MR64],Cercopithifilaria johnstoni (PRJEB47283),protein_coding,cejohnprjeb47283
CJOHNSTONI_LOCUS6760,rna-CJOHNSTONI_LOCUS6760,176,protein_coding,Protein kinase domain-containing protein  [Source:UniProtKB/TrEMBL;Acc:A0A8J2M864],Cercopithifilaria johnstoni (PRJEB47283),protein_coding,cejohnprjeb47283
CJOHNSTONI_LOCUS3457,rna-CJOHNSTONI_LOCUS3457,165,protein_coding,WD_REPEATS_REGION domain-containing protein  [Source:UniProtKB/TrEMBL;Acc:A0A8J2PYZ8],Cercopithifilaria johnstoni (PRJEB47283),protein_coding,cejohnprjeb47283
CJOHNSTONI_LOCUS9188,rna-CJOHNSTONI_LOCUS9188,182,protein_coding,P2RX7_C domain-containing protein  [Source:UniProtKB/TrEMBL;Acc:A0A8J2MU57],Cercopithifilaria johnstoni (PRJEB47283),protein_coding,cejohnprjeb47283
CJOHNSTONI_LOCUS4118,rna-CJOHNSTONI_LOCUS4118,248,protein_coding,Hypotheticial protein  [Source:UniProtKB/TrEMBL;Acc:A0A8J2Q6K3],Cercopithifilaria johnstoni (PRJEB47283),protein_coding,cejohnprjeb47283
CJOHNSTONI_LOCUS6415,rna-CJOHNSTONI_LOCUS6415,436,protein_coding,Ovule protein  [Source:UniProtKB/TrEMBL;Acc:A0A8J2MQE3],Cercopithifilaria johnstoni (PRJEB47283),protein_coding,cejohnprjeb47283
CJOHNSTONI_LOCUS8023,rna-CJOHNSTONI_LOCUS8023,312,protein_coding,Low-density lipoprotein receptor domain class A  [Source:UniProtKB/TrEMBL;Acc:A0A8J2QAT8],Cercopithifilaria johnstoni (PRJEB47283),protein_coding,cejohnprjeb47283
CJOHNSTONI_LOCUS864,rna-CJOHNSTONI_LOCUS864,242,protein_coding,HEAT repeat protein  [Source:UniProtKB/TrEMBL;Acc:A0A8J2LWT6],Cercopithifilaria johnstoni (PRJEB47283),protein_coding,cejohnprjeb47283
CJOHNSTONI_LOCUS227,rna-CJOHNSTONI_LOCUS227,385,protein_coding,Tyrosinase_Cu-bd domain-containing protein  [Source:UniProtKB/TrEMBL;Acc:A0A8J2LVF9],Cercopithifilaria johnstoni (PRJEB47283),protein_coding,cejohnprjeb47283
CJOHNSTONI_LOCUS4528,rna-CJOHNSTONI_LOCUS4528,197,protein_coding,Acetylcholine receptor subunit alpha-type deg-3  [Source:UniProtKB/TrEMBL;Acc:A0A8J2M3M1],Cercopithifilaria johnstoni (PRJEB47283),protein_coding,cejohnprjeb47283
CJOHNSTONI_LOCUS3611,rna-CJOHNSTONI_LOCUS3611,90,protein_coding,Oxidored_molyb domain-containing protein  [Source:UniProtKB/TrEMBL;Acc:A0A8J2LUB3],Cercopithifilaria johnstoni (PRJEB47283),protein_coding,cejohnprjeb47283
CJOHNSTONI_LOCUS3870,rna-CJOHNSTONI_LOCUS3870,114,protein_coding,zf-Tim10_DDP domain-containing protein  [Source:UniProtKB/TrEMBL;Acc:A0A8J2Q9Q4],Cercopithifilaria johnstoni (PRJEB47283),protein_coding,cejohnprjeb47283
CJOHNSTONI_LOCUS4025,rna-CJOHNSTONI_LOCUS4025,183,protein_coding,m7GpppX diphosphatase  [Source:UniProtKB/TrEMBL;Acc:A0A8J2LV27],Cercopithifilaria johnstoni (PRJEB47283),protein_coding,cejohnprjeb47283
CJOHNSTONI_LOCUS6311,rna-CJOHNSTONI_LOCUS6311,178,protein_coding,Protein kinase domain-containing protein  [Source:UniProtKB/TrEMBL;Acc:A0A8J2M7A3],Cercopithifilaria johnstoni (PRJEB47283),protein_coding,cejohnprjeb47283
CJOHNSTONI_LOCUS9637,rna-CJOHNSTONI_LOCUS9637,228,protein_coding,CUB domain-containing protein  [Source:UniProtKB/TrEMBL;Acc:A0A8J2MER9],Cercopithifilaria johnstoni (PRJEB47283),protein_coding,cejohnprjeb47283
CJOHNSTONI_LOCUS1036,rna-CJOHNSTONI_LOCUS1036,172,protein_coding,Ephrin RBD domain-containing protein  [Source:UniProtKB/TrEMBL;Acc:A0A8J2Q3K8],Cercopithifilaria johnstoni (PRJEB47283),protein_coding,cejohnprjeb47283
CJOHNSTONI_LOCUS7887,rna-CJOHNSTONI_LOCUS7887,147,protein_coding,Transthyretin-like family protein  [Source:UniProtKB/TrEMBL;Acc:A0A8J2Q658],Cercopithifilaria johnstoni (PRJEB47283),protein_coding,cejohnprjeb47283
CJOHNSTONI_LOCUS3256,rna-CJOHNSTONI_LOCUS3256,144,protein_coding,TPR_REGION domain-containing protein  [Source:UniProtKB/TrEMBL;Acc:A0A8J2PS12],Cercopithifilaria johnstoni (PRJEB47283),protein_coding,cejohnprjeb47283
CJOHNSTONI_LOCUS8997,rna-CJOHNSTONI_LOCUS8997,232,protein_coding,DNA-directed RNA polymerase subunit  [Source:UniProtKB/TrEMBL;Acc:A0A8J2MEU1],Cercopithifilaria johnstoni (PRJEB47283),protein_coding,cejohnprjeb47283
CJOHNSTONI_LOCUS7551,rna-CJOHNSTONI_LOCUS7551,1643,protein_coding,Dynein heavy chain  [Source:UniProtKB/TrEMBL;Acc:A0A8J2Q8I9],Cercopithifilaria johnstoni (PRJEB47283),protein_coding,cejohnprjeb47283
CJOHNSTONI_LOCUS6878,rna-CJOHNSTONI_LOCUS6878,310,protein_coding,Eukaryotic translation initiation factor 2-alpha kinase 4  [Source:UniProtKB/TrEMBL;Acc:A0A8J2M0N6],Cercopithifilaria johnstoni (PRJEB47283),protein_coding,cejohnprjeb47283
CJOHNSTONI_LOCUS3955,rna-CJOHNSTONI_LOCUS3955,144,protein_coding,Secreted protein  [Source:UniProtKB/TrEMBL;Acc:A0A8J2LUX4],Cercopithifilaria johnstoni (PRJEB47283),protein_coding,cejohnprjeb47283
CJOHNSTONI_LOCUS2367,rna-CJOHNSTONI_LOCUS2367,240,protein_coding,Activin_recp domain-containing protein  [Source:UniProtKB/TrEMBL;Acc:A0A8J2Q941],Cercopithifilaria johnstoni (PRJEB47283),protein_coding,cejohnprjeb47283
CJOHNSTONI_LOCUS3728,rna-CJOHNSTONI_LOCUS3728,368,protein_coding,LisH domain-containing protein  [Source:UniProtKB/TrEMBL;Acc:A0A8J2Q9N4],Cercopithifilaria johnstoni (PRJEB47283),protein_coding,cejohnprjeb47283
CJOHNSTONI_LOCUS10403,rna-CJOHNSTONI_LOCUS10403,205,protein_coding,Adenylosuccinate synthetase  [Source:UniProtKB/TrEMBL;Acc:A0A8J2MDP4],Cercopithifilaria johnstoni (PRJEB47283),protein_coding,cejohnprjeb47283
CJOHNSTONI_LOCUS4755,rna-CJOHNSTONI_LOCUS4755,203,protein_coding,,Cercopithifilaria johnstoni (PRJEB47283),protein_coding,cejohnprjeb47283
CJOHNSTONI_LOCUS2732,rna-CJOHNSTONI_LOCUS2732,325,protein_coding,Xin actin-binding repeat-containing protein 2  [Source:UniProtKB/TrEMBL;Acc:A0A8J2LSI4],Cercopithifilaria johnstoni (PRJEB47283),protein_coding,cejohnprjeb47283
CJOHNSTONI_LOCUS4116,rna-CJOHNSTONI_LOCUS4116,167,protein_coding,Protein YIPF  [Source:UniProtKB/TrEMBL;Acc:A0A8J2M2A4],Cercopithifilaria johnstoni (PRJEB47283),protein_coding,cejohnprjeb47283
CJOHNSTONI_LOCUS3339,rna-CJOHNSTONI_LOCUS3339,143,protein_coding,GLOBIN domain-containing protein  [Source:UniProtKB/TrEMBL;Acc:A0A8J2Q5H7],Cercopithifilaria johnstoni (PRJEB47283),protein_coding,cejohnprjeb47283
CJOHNSTONI_LOCUS4868,rna-CJOHNSTONI_LOCUS4868,179,protein_coding,DUF4834 domain-containing protein  [Source:UniProtKB/TrEMBL;Acc:A0A8J2LWY1],Cercopithifilaria johnstoni (PRJEB47283),protein_coding,cejohnprjeb47283
CJOHNSTONI_LOCUS8216,rna-CJOHNSTONI_LOCUS8216,178,protein_coding,,Cercopithifilaria johnstoni (PRJEB47283),protein_coding,cejohnprjeb47283
CJOHNSTONI_LOCUS8237,rna-CJOHNSTONI_LOCUS8237,279,protein_coding,Variant SH3 domain containing protein  [Source:UniProtKB/TrEMBL;Acc:A0A8J2MBN1],Cercopithifilaria johnstoni (PRJEB47283),protein_coding,cejohnprjeb47283
CJOHNSTONI_LOCUS700,rna-CJOHNSTONI_LOCUS700,206,protein_coding,Calmodulin  [Source:UniProtKB/TrEMBL;Acc:A0A8J2LWM2],Cercopithifilaria johnstoni (PRJEB47283),protein_coding,cejohnprjeb47283
CJOHNSTONI_LOCUS8641,rna-CJOHNSTONI_LOCUS8641,164,protein_coding,Organic solute transporter alpha-like protein  [Source:UniProtKB/TrEMBL;Acc:A0A8J2MT49],Cercopithifilaria johnstoni (PRJEB47283),protein_coding,cejohnprjeb47283
CJOHNSTONI_LOCUS684,rna-CJOHNSTONI_LOCUS684,208,protein_coding,Protein kinase domain-containing protein  [Source:UniProtKB/TrEMBL;Acc:A0A8J2LWB6],Cercopithifilaria johnstoni (PRJEB47283),protein_coding,cejohnprjeb47283
CJOHNSTONI_LOCUS512,rna-CJOHNSTONI_LOCUS512,257,protein_coding,Seipin  [Source:UniProtKB/TrEMBL;Acc:A0A8J2MHK5],Cercopithifilaria johnstoni (PRJEB47283),protein_coding,cejohnprjeb47283
CJOHNSTONI_LOCUS2504,rna-CJOHNSTONI_LOCUS2504,271,protein_coding,Peroxin-5  [Source:UniProtKB/TrEMBL;Acc:A0A8J2LZY5],Cercopithifilaria johnstoni (PRJEB47283),protein_coding,cejohnprjeb47283
CJOHNSTONI_LOCUS7569,rna-CJOHNSTONI_LOCUS7569,237,protein_coding,G_PROTEIN_RECEP_F3_4 domain-containing protein  [Source:UniProtKB/TrEMBL;Acc:A0A8J2QAQ5],Cercopithifilaria johnstoni (PRJEB47283),protein_coding,cejohnprjeb47283
CJOHNSTONI_LOCUS7461,rna-CJOHNSTONI_LOCUS7461,236,protein_coding,MTTase N-terminal domain-containing protein  [Source:UniProtKB/TrEMBL;Acc:A0A8J2Q8H9],Cercopithifilaria johnstoni (PRJEB47283),protein_coding,cejohnprjeb47283
CJOHNSTONI_LOCUS5824,rna-CJOHNSTONI_LOCUS5824,236,protein_coding,Fucosyltransferase  [Source:UniProtKB/TrEMBL;Acc:A0A8J2M5U2],Cercopithifilaria johnstoni (PRJEB47283),protein_coding,cejohnprjeb47283
CJOHNSTONI_LOCUS3766,rna-CJOHNSTONI_LOCUS3766,398,protein_coding,,Cercopithifilaria johnstoni (PRJEB47283),protein_coding,cejohnprjeb47283
CJOHNSTONI_LOCUS9598,rna-CJOHNSTONI_LOCUS9598,156,protein_coding,G-patch domain-containing protein  [Source:UniProtKB/TrEMBL;Acc:A0A8J2MEP4],Cercopithifilaria johnstoni (PRJEB47283),protein_coding,cejohnprjeb47283
CJOHNSTONI_LOCUS178,rna-CJOHNSTONI_LOCUS178,722,protein_coding,Gastrula zinc finger protein XlCGF7.1-like  [Source:UniProtKB/TrEMBL;Acc:A0A8J2Q7Y1],Cercopithifilaria johnstoni (PRJEB47283),protein_coding,cejohnprjeb47283
CJOHNSTONI_LOCUS7536,rna-CJOHNSTONI_LOCUS7536,184,protein_coding,Ornithine decarboxylase antizyme  [Source:UniProtKB/TrEMBL;Acc:A0A8J2Q8I8],Cercopithifilaria johnstoni (PRJEB47283),protein_coding,cejohnprjeb47283
CJOHNSTONI_LOCUS3622,rna-CJOHNSTONI_LOCUS3622,297,protein_coding,RRM domain-containing protein  [Source:UniProtKB/TrEMBL;Acc:A0A8J2LRG9],Cercopithifilaria johnstoni (PRJEB47283),protein_coding,cejohnprjeb47283
CJOHNSTONI_LOCUS1848,rna-CJOHNSTONI_LOCUS1848,225,protein_coding,NudC domain-containing protein 1  [Source:UniProtKB/TrEMBL;Acc:A0A8J2Q132],Cercopithifilaria johnstoni (PRJEB47283),protein_coding,cejohnprjeb47283
CJOHNSTONI_LOCUS4949,rna-CJOHNSTONI_LOCUS4949,178,protein_coding,Apple domain-containing protein  [Source:UniProtKB/TrEMBL;Acc:A0A8J2LX64],Cercopithifilaria johnstoni (PRJEB47283),protein_coding,cejohnprjeb47283
CJOHNSTONI_LOCUS5412,rna-CJOHNSTONI_LOCUS5412,1636,protein_coding,Rho-GAP domain-containing protein  [Source:UniProtKB/TrEMBL;Acc:A0A8J2M575],Cercopithifilaria johnstoni (PRJEB47283),protein_coding,cejohnprjeb47283
CJOHNSTONI_LOCUS3704,rna-CJOHNSTONI_LOCUS3704,827,protein_coding,Plant-specific domain TIGR01589 family protein  [Source:UniProtKB/TrEMBL;Acc:A0A8J2Q2P9],Cercopithifilaria johnstoni (PRJEB47283),protein_coding,cejohnprjeb47283
CJOHNSTONI_LOCUS9153,rna-CJOHNSTONI_LOCUS9153,231,protein_coding,GATOR complex protein WDR24  [Source:UniProtKB/TrEMBL;Acc:A0A8J2MBN2],Cercopithifilaria johnstoni (PRJEB47283),protein_coding,cejohnprjeb47283
CJOHNSTONI_LOCUS529,rna-CJOHNSTONI_LOCUS529,560,protein_coding,Flocculation protein FLO11-like  [Source:UniProtKB/TrEMBL;Acc:A0A8J2LW16],Cercopithifilaria johnstoni (PRJEB47283),protein_coding,cejohnprjeb47283
CJOHNSTONI_LOCUS1498,rna-CJOHNSTONI_LOCUS1498,265,protein_coding,LysM domain-containing protein  [Source:UniProtKB/TrEMBL;Acc:A0A8J2Q0T4],Cercopithifilaria johnstoni (PRJEB47283),protein_coding,cejohnprjeb47283
CJOHNSTONI_LOCUS7942,rna-CJOHNSTONI_LOCUS7942,202,protein_coding,"Aconitate hydratase, mitochondrial  [Source:UniProtKB/TrEMBL;Acc:A0A8J2PWW0]",Cercopithifilaria johnstoni (PRJEB47283),protein_coding,cejohnprjeb47283
CJOHNSTONI_LOCUS9679,rna-CJOHNSTONI_LOCUS9679,161,protein_coding,,Cercopithifilaria johnstoni (PRJEB47283),protein_coding,cejohnprjeb47283
CJOHNSTONI_LOCUS7868,rna-CJOHNSTONI_LOCUS7868,161,protein_coding,DHQ_synthase domain-containing protein  [Source:UniProtKB/TrEMBL;Acc:A0A8J2MSA8],Cercopithifilaria johnstoni (PRJEB47283),protein_coding,cejohnprjeb47283
CJOHNSTONI_LOCUS8187,rna-CJOHNSTONI_LOCUS8187,198,protein_coding,Doublecortin-like and CAM kinase-like protein  [Source:UniProtKB/TrEMBL;Acc:A0A8J2M9X5],Cercopithifilaria johnstoni (PRJEB47283),protein_coding,cejohnprjeb47283
CJOHNSTONI_LOCUS10091,rna-CJOHNSTONI_LOCUS10091,222,protein_coding,ANAPC4_WD40 domain-containing protein  [Source:UniProtKB/TrEMBL;Acc:A0A8J2MFU7],Cercopithifilaria johnstoni (PRJEB47283),protein_coding,cejohnprjeb47283
CJOHNSTONI_LOCUS5929,rna-CJOHNSTONI_LOCUS5929,216,protein_coding,"Phosphatidylinositol glycan, class U  [Source:UniProtKB/TrEMBL;Acc:A0A8J2M6N0]",Cercopithifilaria johnstoni (PRJEB47283),protein_coding,cejohnprjeb47283
CJOHNSTONI_LOCUS2707,rna-CJOHNSTONI_LOCUS2707,242,protein_coding,MPN domain-containing protein  [Source:UniProtKB/TrEMBL;Acc:A0A8J2ML86],Cercopithifilaria johnstoni (PRJEB47283),protein_coding,cejohnprjeb47283
CJOHNSTONI_LOCUS491,rna-CJOHNSTONI_LOCUS491,233,protein_coding,Collagen-like protein  [Source:UniProtKB/TrEMBL;Acc:A0A8J2LW89],Cercopithifilaria johnstoni (PRJEB47283),protein_coding,cejohnprjeb47283
CJOHNSTONI_LOCUS3609,rna-CJOHNSTONI_LOCUS3609,182,protein_coding,MARVEL domain-containing protein  [Source:UniProtKB/TrEMBL;Acc:A0A8J2Q9L6],Cercopithifilaria johnstoni (PRJEB47283),protein_coding,cejohnprjeb47283
CJOHNSTONI_LOCUS3472,rna-CJOHNSTONI_LOCUS3472,145,protein_coding,Transmembrane inner ear  [Source:UniProtKB/TrEMBL;Acc:A0A8J2LR21],Cercopithifilaria johnstoni (PRJEB47283),protein_coding,cejohnprjeb47283
CJOHNSTONI_LOCUS6936,rna-CJOHNSTONI_LOCUS6936,245,protein_coding,EGF-like domain-containing protein  [Source:UniProtKB/TrEMBL;Acc:A0A8J2M722],Cercopithifilaria johnstoni (PRJEB47283),protein_coding,cejohnprjeb47283
CJOHNSTONI_LOCUS8154,rna-CJOHNSTONI_LOCUS8154,254,protein_coding,C2H2-type domain-containing protein  [Source:UniProtKB/TrEMBL;Acc:A0A8J2MCZ4],Cercopithifilaria johnstoni (PRJEB47283),protein_coding,cejohnprjeb47283
CJOHNSTONI_LOCUS7214,rna-CJOHNSTONI_LOCUS7214,222,protein_coding,NAD-dependent protein deacetylase  [Source:UniProtKB/TrEMBL;Acc:A0A8J2M1M4],Cercopithifilaria johnstoni (PRJEB47283),protein_coding,cejohnprjeb47283
CJOHNSTONI_LOCUS9630,rna-CJOHNSTONI_LOCUS9630,225,protein_coding,DH domain-containing protein  [Source:UniProtKB/TrEMBL;Acc:A0A8J2M508],Cercopithifilaria johnstoni (PRJEB47283),protein_coding,cejohnprjeb47283
CJOHNSTONI_LOCUS5175,rna-CJOHNSTONI_LOCUS5175,166,protein_coding,Adapter molecule Crk  [Source:UniProtKB/TrEMBL;Acc:A0A8J2PTM4],Cercopithifilaria johnstoni (PRJEB47283),protein_coding,cejohnprjeb47283
CJOHNSTONI_LOCUS630,rna-CJOHNSTONI_LOCUS630,262,protein_coding,PAZ domain-containing protein  [Source:UniProtKB/TrEMBL;Acc:A0A8J2LWG4],Cercopithifilaria johnstoni (PRJEB47283),protein_coding,cejohnprjeb47283
CJOHNSTONI_LOCUS5125,rna-CJOHNSTONI_LOCUS5125,311,protein_coding,,Cercopithifilaria johnstoni (PRJEB47283),protein_coding,cejohnprjeb47283
CJOHNSTONI_LOCUS9874,rna-CJOHNSTONI_LOCUS9874,212,protein_coding,Protein kinase domain-containing protein  [Source:UniProtKB/TrEMBL;Acc:A0A8J2MCP5],Cercopithifilaria johnstoni (PRJEB47283),protein_coding,cejohnprjeb47283
CJOHNSTONI_LOCUS2314,rna-CJOHNSTONI_LOCUS2314,175,protein_coding,Collagen-like protein  [Source:UniProtKB/TrEMBL;Acc:A0A8J2LZJ2],Cercopithifilaria johnstoni (PRJEB47283),protein_coding,cejohnprjeb47283
CJOHNSTONI_LOCUS197,rna-CJOHNSTONI_LOCUS197,257,protein_coding,Cadherin domain-containing protein  [Source:UniProtKB/TrEMBL;Acc:A0A8J2MHR2],Cercopithifilaria johnstoni (PRJEB47283),protein_coding,cejohnprjeb47283
CJOHNSTONI_LOCUS3521,rna-CJOHNSTONI_LOCUS3521,388,protein_coding,chitin synthase  [Source:UniProtKB/TrEMBL;Acc:A0A8J2Q5N4],Cercopithifilaria johnstoni (PRJEB47283),protein_coding,cejohnprjeb47283
CJOHNSTONI_LOCUS4796,rna-CJOHNSTONI_LOCUS4796,228,protein_coding,DNA_MISMATCH_REPAIR_2 domain-containing protein  [Source:UniProtKB/TrEMBL;Acc:A0A8J2Q733],Cercopithifilaria johnstoni (PRJEB47283),protein_coding,cejohnprjeb47283
CJOHNSTONI_LOCUS1659,rna-CJOHNSTONI_LOCUS1659,190,protein_coding,RNA helicase  [Source:UniProtKB/TrEMBL;Acc:A0A8J2LWG8],Cercopithifilaria johnstoni (PRJEB47283),protein_coding,cejohnprjeb47283
CJOHNSTONI_LOCUS7614,rna-CJOHNSTONI_LOCUS7614,257,protein_coding,Nif11 domain-containing protein  [Source:UniProtKB/TrEMBL;Acc:A0A8J2M8C5],Cercopithifilaria johnstoni (PRJEB47283),protein_coding,cejohnprjeb47283
CJOHNSTONI_LOCUS4436,rna-CJOHNSTONI_LOCUS4436,184,protein_coding,Peptidyl-prolyl cis-trans isomerase  [Source:UniProtKB/TrEMBL;Acc:A0A8J2Q9Y5],Cercopithifilaria johnstoni (PRJEB47283),protein_coding,cejohnprjeb47283
CJOHNSTONI_LOCUS1485,rna-CJOHNSTONI_LOCUS1485,182,protein_coding,Beta-lactamase domain-containing protein  [Source:UniProtKB/TrEMBL;Acc:A0A8J2PQH6],Cercopithifilaria johnstoni (PRJEB47283),protein_coding,cejohnprjeb47283
CJOHNSTONI_LOCUS10032,rna-CJOHNSTONI_LOCUS10032,181,protein_coding,SAM domain-containing protein  [Source:UniProtKB/TrEMBL;Acc:A0A8J2MVC0],Cercopithifilaria johnstoni (PRJEB47283),protein_coding,cejohnprjeb47283
CJOHNSTONI_LOCUS2751,rna-CJOHNSTONI_LOCUS2751,219,protein_coding,Ribosomal protein L5  [Source:UniProtKB/TrEMBL;Acc:A0A8J2LZ18],Cercopithifilaria johnstoni (PRJEB47283),protein_coding,cejohnprjeb47283
CJOHNSTONI_LOCUS4781,rna-CJOHNSTONI_LOCUS4781,296,protein_coding,BZIP domain-containing protein  [Source:UniProtKB/TrEMBL;Acc:A0A8J2Q730],Cercopithifilaria johnstoni (PRJEB47283),protein_coding,cejohnprjeb47283
CJOHNSTONI_LOCUS4607,rna-CJOHNSTONI_LOCUS4607,375,protein_coding,Collagen alpha-1(I) chain  [Source:UniProtKB/TrEMBL;Acc:A0A8J2M5T9],Cercopithifilaria johnstoni (PRJEB47283),protein_coding,cejohnprjeb47283
CJOHNSTONI_LOCUS2420,rna-CJOHNSTONI_LOCUS2420,276,protein_coding,Elongator complex protein 1  [Source:UniProtKB/TrEMBL;Acc:A0A8J2LZC3],Cercopithifilaria johnstoni (PRJEB47283),protein_coding,cejohnprjeb47283
CJOHNSTONI_LOCUS10236,rna-CJOHNSTONI_LOCUS10236,210,protein_coding,TPR_REGION domain-containing protein  [Source:UniProtKB/TrEMBL;Acc:A0A8J2MVK9],Cercopithifilaria johnstoni (PRJEB47283),protein_coding,cejohnprjeb47283
CJOHNSTONI_LOCUS3651,rna-CJOHNSTONI_LOCUS3651,161,protein_coding,Methyltransferase-like 26  [Source:UniProtKB/TrEMBL;Acc:A0A8J2LUD7],Cercopithifilaria johnstoni (PRJEB47283),protein_coding,cejohnprjeb47283
CJOHNSTONI_LOCUS2715,rna-CJOHNSTONI_LOCUS2715,264,protein_coding,Trehalase  [Source:UniProtKB/TrEMBL;Acc:A0A8J2PYB7],Cercopithifilaria johnstoni (PRJEB47283),protein_coding,cejohnprjeb47283
CJOHNSTONI_LOCUS4334,rna-CJOHNSTONI_LOCUS4334,227,protein_coding,Tetraspanin  [Source:UniProtKB/TrEMBL;Acc:A0A8J2M2M0],Cercopithifilaria johnstoni (PRJEB47283),protein_coding,cejohnprjeb47283
CJOHNSTONI_LOCUS1140,rna-CJOHNSTONI_LOCUS1140,136,protein_coding,CCDC92 domain-containing protein  [Source:UniProtKB/TrEMBL;Acc:A0A8J2LXD1],Cercopithifilaria johnstoni (PRJEB47283),protein_coding,cejohnprjeb47283
CJOHNSTONI_LOCUS4857,rna-CJOHNSTONI_LOCUS4857,182,protein_coding,Capsid protein  [Source:UniProtKB/TrEMBL;Acc:A0A8J2MNG6],Cercopithifilaria johnstoni (PRJEB47283),protein_coding,cejohnprjeb47283
CJOHNSTONI_LOCUS10484,rna-CJOHNSTONI_LOCUS10484,329,protein_coding,SSD domain-containing protein  [Source:UniProtKB/TrEMBL;Acc:A0A8J2M6A1],Cercopithifilaria johnstoni (PRJEB47283),protein_coding,cejohnprjeb47283
CJOHNSTONI_LOCUS5511,rna-CJOHNSTONI_LOCUS5511,299,protein_coding,Major sperm protein  [Source:UniProtKB/TrEMBL;Acc:A0A8J2M591],Cercopithifilaria johnstoni (PRJEB47283),protein_coding,cejohnprjeb47283
CJOHNSTONI_LOCUS6359,rna-CJOHNSTONI_LOCUS6359,155,protein_coding,DUF1049 domain-containing protein  [Source:UniProtKB/TrEMBL;Acc:A0A8J2LZY8],Cercopithifilaria johnstoni (PRJEB47283),protein_coding,cejohnprjeb47283
CJOHNSTONI_LOCUS8488,rna-CJOHNSTONI_LOCUS8488,152,protein_coding,Glycosyltransferase  [Source:UniProtKB/TrEMBL;Acc:A0A8J2MAG1],Cercopithifilaria johnstoni (PRJEB47283),protein_coding,cejohnprjeb47283
CJOHNSTONI_LOCUS2518,rna-CJOHNSTONI_LOCUS2518,197,protein_coding,WS_DGAT_C domain-containing protein  [Source:UniProtKB/TrEMBL;Acc:A0A8J2LZZ6],Cercopithifilaria johnstoni (PRJEB47283),protein_coding,cejohnprjeb47283
CJOHNSTONI_LOCUS1027,rna-CJOHNSTONI_LOCUS1027,263,protein_coding,Protein jagunal  [Source:UniProtKB/TrEMBL;Acc:A0A8J2LPD9],Cercopithifilaria johnstoni (PRJEB47283),protein_coding,cejohnprjeb47283
CJOHNSTONI_LOCUS9743,rna-CJOHNSTONI_LOCUS9743,241,protein_coding,,Cercopithifilaria johnstoni (PRJEB47283),protein_coding,cejohnprjeb47283
CJOHNSTONI_LOCUS1988,rna-CJOHNSTONI_LOCUS1988,217,protein_coding,Secreted protein  [Source:UniProtKB/TrEMBL;Acc:A0A8J2LYY5],Cercopithifilaria johnstoni (PRJEB47283),protein_coding,cejohnprjeb47283
CJOHNSTONI_LOCUS2706,rna-CJOHNSTONI_LOCUS2706,281,protein_coding,MAGUK p55 subfamily member 7  [Source:UniProtKB/TrEMBL;Acc:A0A8J2MKP4],Cercopithifilaria johnstoni (PRJEB47283),protein_coding,cejohnprjeb47283
CJOHNSTONI_LOCUS9860,rna-CJOHNSTONI_LOCUS9860,229,protein_coding,CAP10 domain-containing protein  [Source:UniProtKB/TrEMBL;Acc:A0A8J2MF55],Cercopithifilaria johnstoni (PRJEB47283),protein_coding,cejohnprjeb47283
CJOHNSTONI_LOCUS5960,rna-CJOHNSTONI_LOCUS5960,642,protein_coding,Thrombospondin  [Source:UniProtKB/TrEMBL;Acc:A0A8J2M6E5],Cercopithifilaria johnstoni (PRJEB47283),protein_coding,cejohnprjeb47283
CJOHNSTONI_LOCUS8811,rna-CJOHNSTONI_LOCUS8811,299,protein_coding,RING-type domain-containing protein  [Source:UniProtKB/TrEMBL;Acc:A0A8J2QAZ6],Cercopithifilaria johnstoni (PRJEB47283),protein_coding,cejohnprjeb47283
CJOHNSTONI_LOCUS9261,rna-CJOHNSTONI_LOCUS9261,302,protein_coding,Lipocln_cytosolic_FA-bd_dom domain-containing protein  [Source:UniProtKB/TrEMBL;Acc:A0A8J2MBW0],Cercopithifilaria johnstoni (PRJEB47283),protein_coding,cejohnprjeb47283
CJOHNSTONI_LOCUS1925,rna-CJOHNSTONI_LOCUS1925,287,protein_coding,Transcription factor Dp-1  [Source:UniProtKB/TrEMBL;Acc:A0A8J2LYT9],Cercopithifilaria johnstoni (PRJEB47283),protein_coding,cejohnprjeb47283
CJOHNSTONI_LOCUS1184,rna-CJOHNSTONI_LOCUS1184,197,protein_coding,,Cercopithifilaria johnstoni (PRJEB47283),protein_coding,cejohnprjeb47283
CJOHNSTONI_LOCUS5318,rna-CJOHNSTONI_LOCUS5318,338,protein_coding,Protein kinase domain-containing protein  [Source:UniProtKB/TrEMBL;Acc:A0A8J2M4M6],Cercopithifilaria johnstoni (PRJEB47283),protein_coding,cejohnprjeb47283
CJOHNSTONI_LOCUS8561,rna-CJOHNSTONI_LOCUS8561,189,protein_coding,EGF domain-specific O-linked N-acetylglucosamine transferase  [Source:UniProtKB/TrEMBL;Acc:A0A8J2MT14],Cercopithifilaria johnstoni (PRJEB47283),protein_coding,cejohnprjeb47283
CJOHNSTONI_LOCUS2204,rna-CJOHNSTONI_LOCUS2204,148,protein_coding,Growth factor receptor bound protein 2  [Source:UniProtKB/TrEMBL;Acc:A0A8J2LZB7],Cercopithifilaria johnstoni (PRJEB47283),protein_coding,cejohnprjeb47283
CJOHNSTONI_LOCUS7996,rna-CJOHNSTONI_LOCUS7996,239,protein_coding,,Cercopithifilaria johnstoni (PRJEB47283),protein_coding,cejohnprjeb47283
CJOHNSTONI_LOCUS2265,rna-CJOHNSTONI_LOCUS2265,173,protein_coding,ADH_N domain-containing protein  [Source:UniProtKB/TrEMBL;Acc:A0A8J2LPB3],Cercopithifilaria johnstoni (PRJEB47283),protein_coding,cejohnprjeb47283
CJOHNSTONI_LOCUS7303,rna-CJOHNSTONI_LOCUS7303,305,protein_coding,Ovule protein  [Source:UniProtKB/TrEMBL;Acc:A0A8J2PVS4],Cercopithifilaria johnstoni (PRJEB47283),protein_coding,cejohnprjeb47283
CJOHNSTONI_LOCUS9375,rna-CJOHNSTONI_LOCUS9375,306,protein_coding,Nuclear export mediator factor NEMF  [Source:UniProtKB/TrEMBL;Acc:A0A8J2Q956],Cercopithifilaria johnstoni (PRJEB47283),protein_coding,cejohnprjeb47283
CJOHNSTONI_LOCUS2105,rna-CJOHNSTONI_LOCUS2105,593,protein_coding,Mediator of RNA polymerase II transcription subunit 20  [Source:UniProtKB/TrEMBL;Acc:A0A8J2LZ50],Cercopithifilaria johnstoni (PRJEB47283),protein_coding,cejohnprjeb47283
CJOHNSTONI_LOCUS7028,rna-CJOHNSTONI_LOCUS7028,251,protein_coding,Reverse transcriptase domain-containing protein  [Source:UniProtKB/TrEMBL;Acc:A0A8J2MQZ6],Cercopithifilaria johnstoni (PRJEB47283),protein_coding,cejohnprjeb47283
CJOHNSTONI_LOCUS3814,rna-CJOHNSTONI_LOCUS3814,356,protein_coding,alpha-glucosidase  [Source:UniProtKB/TrEMBL;Acc:A0A8J2PZB8],Cercopithifilaria johnstoni (PRJEB47283),protein_coding,cejohnprjeb47283
CJOHNSTONI_LOCUS1079,rna-CJOHNSTONI_LOCUS1079,186,protein_coding,"Cytochrome b-c1 complex subunit Rieske, mitochondrial  [Source:UniProtKB/TrEMBL;Acc:A0A8J2PW82]",Cercopithifilaria johnstoni (PRJEB47283),protein_coding,cejohnprjeb47283
CJOHNSTONI_LOCUS769,rna-CJOHNSTONI_LOCUS769,836,protein_coding,Histone-lysine N-methyltransferase SETD2  [Source:UniProtKB/TrEMBL;Acc:A0A8J2LUL9],Cercopithifilaria johnstoni (PRJEB47283),protein_coding,cejohnprjeb47283
CJOHNSTONI_LOCUS295,rna-CJOHNSTONI_LOCUS295,818,protein_coding,Gastrula zinc finger protein XlCGF7.1-like  [Source:UniProtKB/TrEMBL;Acc:A0A8J2LTL9],Cercopithifilaria johnstoni (PRJEB47283),protein_coding,cejohnprjeb47283
CJOHNSTONI_LOCUS245,rna-CJOHNSTONI_LOCUS245,187,protein_coding,ATP synthase protein MI25  [Source:UniProtKB/TrEMBL;Acc:A0A8J2Q313],Cercopithifilaria johnstoni (PRJEB47283),protein_coding,cejohnprjeb47283
CJOHNSTONI_LOCUS2068,rna-CJOHNSTONI_LOCUS2068,272,protein_coding,Protein kinase domain-containing protein  [Source:UniProtKB/TrEMBL;Acc:A0A8J2LNZ3],Cercopithifilaria johnstoni (PRJEB47283),protein_coding,cejohnprjeb47283
CJOHNSTONI_LOCUS4809,rna-CJOHNSTONI_LOCUS4809,298,protein_coding,ZnMc domain-containing protein  [Source:UniProtKB/TrEMBL;Acc:A0A8J2Q735],Cercopithifilaria johnstoni (PRJEB47283),protein_coding,cejohnprjeb47283
CJOHNSTONI_LOCUS3150,rna-CJOHNSTONI_LOCUS3150,203,protein_coding,Orphan protein  [Source:UniProtKB/TrEMBL;Acc:A0A8J2LQJ8],Cercopithifilaria johnstoni (PRJEB47283),protein_coding,cejohnprjeb47283
CJOHNSTONI_LOCUS4262,rna-CJOHNSTONI_LOCUS4262,259,protein_coding,Protein Wnt  [Source:UniProtKB/TrEMBL;Acc:A0A8J2LST1],Cercopithifilaria johnstoni (PRJEB47283),protein_coding,cejohnprjeb47283
CJOHNSTONI_LOCUS4176,rna-CJOHNSTONI_LOCUS4176,196,protein_coding,EB domain-containing protein  [Source:UniProtKB/TrEMBL;Acc:A0A8J2M307],Cercopithifilaria johnstoni (PRJEB47283),protein_coding,cejohnprjeb47283
CJOHNSTONI_LOCUS7427,rna-CJOHNSTONI_LOCUS7427,161,protein_coding,General transcription factor IIF subunit 2  [Source:UniProtKB/TrEMBL;Acc:A0A8J2M7Y4],Cercopithifilaria johnstoni (PRJEB47283),protein_coding,cejohnprjeb47283
CJOHNSTONI_LOCUS5816,rna-CJOHNSTONI_LOCUS5816,284,protein_coding,Geranylgeranyl transferase type-2 subunit alpha  [Source:UniProtKB/TrEMBL;Acc:A0A8J2Q7N2],Cercopithifilaria johnstoni (PRJEB47283),protein_coding,cejohnprjeb47283
CJOHNSTONI_LOCUS9853,rna-CJOHNSTONI_LOCUS9853,147,protein_coding,60S ribosomal protein L31  [Source:UniProtKB/TrEMBL;Acc:A0A8J2M6N7],Cercopithifilaria johnstoni (PRJEB47283),protein_coding,cejohnprjeb47283
CJOHNSTONI_LOCUS6884,rna-CJOHNSTONI_LOCUS6884,414,protein_coding,60S ribosomal protein L7  [Source:UniProtKB/TrEMBL;Acc:A0A8J2M8K3],Cercopithifilaria johnstoni (PRJEB47283),protein_coding,cejohnprjeb47283
CJOHNSTONI_LOCUS9780,rna-CJOHNSTONI_LOCUS9780,195,protein_coding,NADH dehydrogenase [ubiquinone] 1 subunit C2  [Source:UniProtKB/TrEMBL;Acc:A0A8J2Q727],Cercopithifilaria johnstoni (PRJEB47283),protein_coding,cejohnprjeb47283
CJOHNSTONI_LOCUS326,rna-CJOHNSTONI_LOCUS326,169,protein_coding,Ovule protein  [Source:UniProtKB/TrEMBL;Acc:A0A8J2LYG0],Cercopithifilaria johnstoni (PRJEB47283),protein_coding,cejohnprjeb47283
CJOHNSTONI_LOCUS268,rna-CJOHNSTONI_LOCUS268,193,protein_coding,Peptidase_M14 domain-containing protein  [Source:UniProtKB/TrEMBL;Acc:A0A8J2LYD1],Cercopithifilaria johnstoni (PRJEB47283),protein_coding,cejohnprjeb47283
CJOHNSTONI_LOCUS9068,rna-CJOHNSTONI_LOCUS9068,230,protein_coding,"Alpha-actinin, sarcomeric  [Source:UniProtKB/TrEMBL;Acc:A0A8J2MDG8]",Cercopithifilaria johnstoni (PRJEB47283),protein_coding,cejohnprjeb47283
CJOHNSTONI_LOCUS1188,rna-CJOHNSTONI_LOCUS1188,165,protein_coding,ZP domain-containing protein  [Source:UniProtKB/TrEMBL;Acc:A0A8J2LVM2],Cercopithifilaria johnstoni (PRJEB47283),protein_coding,cejohnprjeb47283
CJOHNSTONI_LOCUS6206,rna-CJOHNSTONI_LOCUS6206,258,protein_coding,BTB domain-containing protein  [Source:UniProtKB/TrEMBL;Acc:A0A8J2M6C2],Cercopithifilaria johnstoni (PRJEB47283),protein_coding,cejohnprjeb47283
CJOHNSTONI_LOCUS9514,rna-CJOHNSTONI_LOCUS9514,234,protein_coding,Potassium channel domain-containing protein  [Source:UniProtKB/TrEMBL;Acc:A0A8J2PY85],Cercopithifilaria johnstoni (PRJEB47283),protein_coding,cejohnprjeb47283
CJOHNSTONI_LOCUS10427,rna-CJOHNSTONI_LOCUS10427,317,protein_coding,Inositol hexakisphosphate and diphosphoinositol-pentakisphosphate kinase  [Source:UniProtKB/TrEMBL;Acc:A0A8J2Q7G6],Cercopithifilaria johnstoni (PRJEB47283),protein_coding,cejohnprjeb47283
CJOHNSTONI_LOCUS597,rna-CJOHNSTONI_LOCUS597,293,protein_coding,,Cercopithifilaria johnstoni (PRJEB47283),protein_coding,cejohnprjeb47283
CJOHNSTONI_LOCUS10573,rna-CJOHNSTONI_LOCUS10573,136,protein_coding,RHO protein GDP dissociation inhibitor  [Source:UniProtKB/TrEMBL;Acc:A0A8J2Q9N3],Cercopithifilaria johnstoni (PRJEB47283),protein_coding,cejohnprjeb47283
CJOHNSTONI_LOCUS2906,rna-CJOHNSTONI_LOCUS2906-3,335,protein_coding,Ig-like domain-containing protein  [Source:UniProtKB/TrEMBL;Acc:A0A8J2LZC1],Cercopithifilaria johnstoni (PRJEB47283),protein_coding,cejohnprjeb47283
CJOHNSTONI_LOCUS9681,rna-CJOHNSTONI_LOCUS9681,251,protein_coding,RING finger protein 113A  [Source:UniProtKB/TrEMBL;Acc:A0A8J2PYE2],Cercopithifilaria johnstoni (PRJEB47283),protein_coding,cejohnprjeb47283
CJOHNSTONI_LOCUS758,rna-CJOHNSTONI_LOCUS758,164,protein_coding,,Cercopithifilaria johnstoni (PRJEB47283),protein_coding,cejohnprjeb47283
CJOHNSTONI_LOCUS7954,rna-CJOHNSTONI_LOCUS7954,707,protein_coding,CaMBD domain-containing protein  [Source:UniProtKB/TrEMBL;Acc:A0A8J2M9G0],Cercopithifilaria johnstoni (PRJEB47283),protein_coding,cejohnprjeb47283
CJOHNSTONI_LOCUS6530,rna-CJOHNSTONI_LOCUS6530,278,protein_coding,,Cercopithifilaria johnstoni (PRJEB47283),protein_coding,cejohnprjeb47283
CJOHNSTONI_LOCUS3719,rna-CJOHNSTONI_LOCUS3719,180,protein_coding,Fork-head domain-containing protein  [Source:UniProtKB/TrEMBL;Acc:A0A8J2M056],Cercopithifilaria johnstoni (PRJEB47283),protein_coding,cejohnprjeb47283
CJOHNSTONI_LOCUS905,rna-CJOHNSTONI_LOCUS905,155,protein_coding,Transcription and mRNA export factor ENY2  [Source:UniProtKB/TrEMBL;Acc:A0A8J2LX51],Cercopithifilaria johnstoni (PRJEB47283),protein_coding,cejohnprjeb47283
CJOHNSTONI_LOCUS8207,rna-CJOHNSTONI_LOCUS8207,176,protein_coding,Galactosylgalactosylxylosylprotein 3-beta-glucuronosyltransferase  [Source:UniProtKB/TrEMBL;Acc:A0A8J2MST6],Cercopithifilaria johnstoni (PRJEB47283),protein_coding,cejohnprjeb47283
CJOHNSTONI_LOCUS6524,rna-CJOHNSTONI_LOCUS6524,269,protein_coding,PPM-type phosphatase domain-containing protein  [Source:UniProtKB/TrEMBL;Acc:A0A8J2QAH7],Cercopithifilaria johnstoni (PRJEB47283),protein_coding,cejohnprjeb47283
CJOHNSTONI_LOCUS731,rna-CJOHNSTONI_LOCUS731,238,protein_coding,Serine/threonine-protein phosphatase  [Source:UniProtKB/TrEMBL;Acc:A0A8J2Q892],Cercopithifilaria johnstoni (PRJEB47283),protein_coding,cejohnprjeb47283
CJOHNSTONI_LOCUS7257,rna-CJOHNSTONI_LOCUS7257,143,protein_coding,FH2 domain-containing protein  [Source:UniProtKB/TrEMBL;Acc:A0A8J2MRE6],Cercopithifilaria johnstoni (PRJEB47283),protein_coding,cejohnprjeb47283
CJOHNSTONI_LOCUS7484,rna-CJOHNSTONI_LOCUS7484,314,protein_coding,G_PROTEIN_RECEP_F1_2 domain-containing protein  [Source:UniProtKB/TrEMBL;Acc:A0A8J2M9Y0],Cercopithifilaria johnstoni (PRJEB47283),protein_coding,cejohnprjeb47283
CJOHNSTONI_LOCUS8408,rna-CJOHNSTONI_LOCUS8408,692,protein_coding,,Cercopithifilaria johnstoni (PRJEB47283),protein_coding,cejohnprjeb47283
CJOHNSTONI_LOCUS786,rna-CJOHNSTONI_LOCUS786,191,protein_coding,Protein kinase domain-containing protein  [Source:UniProtKB/TrEMBL;Acc:A0A8J2Q3F7],Cercopithifilaria johnstoni (PRJEB47283),protein_coding,cejohnprjeb47283
CJOHNSTONI_LOCUS1464,rna-CJOHNSTONI_LOCUS1464,398,protein_coding,Senescence domain-containing protein  [Source:UniProtKB/TrEMBL;Acc:A0A8J2MJ76],Cercopithifilaria johnstoni (PRJEB47283),protein_coding,cejohnprjeb47283
CJOHNSTONI_LOCUS5654,rna-CJOHNSTONI_LOCUS5654,183,protein_coding,Poly [ADP-ribose] polymerase  [Source:UniProtKB/TrEMBL;Acc:A0A8J2M656],Cercopithifilaria johnstoni (PRJEB47283),protein_coding,cejohnprjeb47283
CJOHNSTONI_LOCUS965,rna-CJOHNSTONI_LOCUS965,257,protein_coding,S1 motif domain-containing protein  [Source:UniProtKB/TrEMBL;Acc:A0A8J2Q0B9],Cercopithifilaria johnstoni (PRJEB47283),protein_coding,cejohnprjeb47283
CJOHNSTONI_LOCUS3580,rna-CJOHNSTONI_LOCUS3580,716,protein_coding,PCI domain-containing protein  [Source:UniProtKB/TrEMBL;Acc:A0A8J2LU95],Cercopithifilaria johnstoni (PRJEB47283),protein_coding,cejohnprjeb47283
CJOHNSTONI_LOCUS7608,rna-CJOHNSTONI_LOCUS7608,352,protein_coding,ULP_PROTEASE domain-containing protein  [Source:UniProtKB/TrEMBL;Acc:A0A8J2PW91],Cercopithifilaria johnstoni (PRJEB47283),protein_coding,cejohnprjeb47283
CJOHNSTONI_LOCUS1168,rna-CJOHNSTONI_LOCUS1168,265,protein_coding,Nipped-B protein  [Source:UniProtKB/TrEMBL;Acc:A0A8J2LXL0],Cercopithifilaria johnstoni (PRJEB47283),protein_coding,cejohnprjeb47283
CJOHNSTONI_LOCUS10240,rna-CJOHNSTONI_LOCUS10240,281,protein_coding,THUMP domain-containing protein  [Source:UniProtKB/TrEMBL;Acc:A0A8J2MG05],Cercopithifilaria johnstoni (PRJEB47283),protein_coding,cejohnprjeb47283
CJOHNSTONI_LOCUS9614,rna-CJOHNSTONI_LOCUS9614,172,protein_coding,Adenosine deaminase  [Source:UniProtKB/TrEMBL;Acc:A0A8J2Q701],Cercopithifilaria johnstoni (PRJEB47283),protein_coding,cejohnprjeb47283
CJOHNSTONI_LOCUS2793,rna-CJOHNSTONI_LOCUS2793,98,protein_coding,Disulfide bond formation protein DsbA  [Source:UniProtKB/TrEMBL;Acc:A0A8J2LZ51],Cercopithifilaria johnstoni (PRJEB47283),protein_coding,cejohnprjeb47283
CJOHNSTONI_LOCUS10315,rna-CJOHNSTONI_LOCUS10315,295,protein_coding,Chromo domain-containing protein  [Source:UniProtKB/TrEMBL;Acc:A0A8J2M5Y9],Cercopithifilaria johnstoni (PRJEB47283),protein_coding,cejohnprjeb47283
CJOHNSTONI_LOCUS7134,rna-CJOHNSTONI_LOCUS7134,280,protein_coding,AHD domain-containing protein  [Source:UniProtKB/TrEMBL;Acc:A0A8J2M1I5],Cercopithifilaria johnstoni (PRJEB47283),protein_coding,cejohnprjeb47283
CJOHNSTONI_LOCUS10547,rna-CJOHNSTONI_LOCUS10547,326,protein_coding,Secreted protein  [Source:UniProtKB/TrEMBL;Acc:A0A8J2MDR0],Cercopithifilaria johnstoni (PRJEB47283),protein_coding,cejohnprjeb47283
CJOHNSTONI_LOCUS6104,rna-CJOHNSTONI_LOCUS6104,186,protein_coding,Deoxyribonuclease II  [Source:UniProtKB/TrEMBL;Acc:A0A8J2QAE6],Cercopithifilaria johnstoni (PRJEB47283),protein_coding,cejohnprjeb47283
CJOHNSTONI_LOCUS6922,rna-CJOHNSTONI_LOCUS6922,230,protein_coding,BHLH domain-containing protein  [Source:UniProtKB/TrEMBL;Acc:A0A8J2M715],Cercopithifilaria johnstoni (PRJEB47283),protein_coding,cejohnprjeb47283
CJOHNSTONI_LOCUS978,rna-CJOHNSTONI_LOCUS978,252,protein_coding,ferroxidase  [Source:UniProtKB/TrEMBL;Acc:A0A8J2Q3J2],Cercopithifilaria johnstoni (PRJEB47283),protein_coding,cejohnprjeb47283
CJOHNSTONI_LOCUS8840,rna-CJOHNSTONI_LOCUS8840,213,protein_coding,Small G protein  [Source:UniProtKB/TrEMBL;Acc:A0A8J2M4D5],Cercopithifilaria johnstoni (PRJEB47283),protein_coding,cejohnprjeb47283
CJOHNSTONI_LOCUS8407,rna-CJOHNSTONI_LOCUS8407,234,protein_coding,arginine--tRNA ligase  [Source:UniProtKB/TrEMBL;Acc:A0A8J2PXA6],Cercopithifilaria johnstoni (PRJEB47283),protein_coding,cejohnprjeb47283
CJOHNSTONI_LOCUS10254,rna-CJOHNSTONI_LOCUS10254,233,protein_coding,Insulin-like growth factor 2 mRNA-binding protein 2  [Source:UniProtKB/TrEMBL;Acc:A0A8J2MDA7],Cercopithifilaria johnstoni (PRJEB47283),protein_coding,cejohnprjeb47283
CJOHNSTONI_LOCUS9182,rna-CJOHNSTONI_LOCUS9182,233,protein_coding,PPM-type phosphatase domain-containing protein  [Source:UniProtKB/TrEMBL;Acc:A0A8J2Q3P9],Cercopithifilaria johnstoni (PRJEB47283),protein_coding,cejohnprjeb47283
CJOHNSTONI_LOCUS2502,rna-CJOHNSTONI_LOCUS2502,170,protein_coding,ATP-dependent Clp protease proteolytic subunit  [Source:UniProtKB/TrEMBL;Acc:A0A8J2ML03],Cercopithifilaria johnstoni (PRJEB47283),protein_coding,cejohnprjeb47283
CJOHNSTONI_LOCUS3468,rna-CJOHNSTONI_LOCUS3468,2246,protein_coding,RING-type domain-containing protein  [Source:UniProtKB/TrEMBL;Acc:A0A8J2PS80],Cercopithifilaria johnstoni (PRJEB47283),protein_coding,cejohnprjeb47283
CJOHNSTONI_LOCUS1505,rna-CJOHNSTONI_LOCUS1505,232,protein_coding,Protoporphyrin ferrochelatase  [Source:UniProtKB/TrEMBL;Acc:A0A8J2MJU9],Cercopithifilaria johnstoni (PRJEB47283),protein_coding,cejohnprjeb47283
CJOHNSTONI_LOCUS5496,rna-CJOHNSTONI_LOCUS5496,158,protein_coding,Surfactant protein B  [Source:UniProtKB/TrEMBL;Acc:A0A8J2MP61],Cercopithifilaria johnstoni (PRJEB47283),protein_coding,cejohnprjeb47283
CJOHNSTONI_LOCUS1791,rna-CJOHNSTONI_LOCUS1791,456,protein_coding,Homeobox domain-containing protein  [Source:UniProtKB/TrEMBL;Acc:A0A8J2Q118],Cercopithifilaria johnstoni (PRJEB47283),protein_coding,cejohnprjeb47283
CJOHNSTONI_LOCUS8697,rna-CJOHNSTONI_LOCUS8697,142,protein_coding,60S ribosomal protein L36  [Source:UniProtKB/TrEMBL;Acc:A0A8J2MCQ1],Cercopithifilaria johnstoni (PRJEB47283),protein_coding,cejohnprjeb47283
CJOHNSTONI_LOCUS2946,rna-CJOHNSTONI_LOCUS2946,202,protein_coding,AAA domain-containing protein  [Source:UniProtKB/TrEMBL;Acc:A0A8J2M0P5],Cercopithifilaria johnstoni (PRJEB47283),protein_coding,cejohnprjeb47283
CJOHNSTONI_LOCUS9310,rna-CJOHNSTONI_LOCUS9310,171,protein_coding,tRNA (uracil-O(2)-)-methyltransferase  [Source:UniProtKB/TrEMBL;Acc:A0A8J2Q3S7],Cercopithifilaria johnstoni (PRJEB47283),protein_coding,cejohnprjeb47283
CJOHNSTONI_LOCUS4349,rna-CJOHNSTONI_LOCUS4349,468,protein_coding,Nanos-type domain-containing protein  [Source:UniProtKB/TrEMBL;Acc:A0A8J2M2N0],Cercopithifilaria johnstoni (PRJEB47283),protein_coding,cejohnprjeb47283
CJOHNSTONI_LOCUS4799,rna-CJOHNSTONI_LOCUS4799,363,protein_coding,,Cercopithifilaria johnstoni (PRJEB47283),protein_coding,cejohnprjeb47283
CJOHNSTONI_LOCUS7934,rna-CJOHNSTONI_LOCUS7934,339,protein_coding,GYF domain-containing protein  [Source:UniProtKB/TrEMBL;Acc:A0A8J2MSD9],Cercopithifilaria johnstoni (PRJEB47283),protein_coding,cejohnprjeb47283
CJOHNSTONI_LOCUS4926,rna-CJOHNSTONI_LOCUS4926,195,protein_coding,EB domain-containing protein  [Source:UniProtKB/TrEMBL;Acc:A0A8J2MNJ2],Cercopithifilaria johnstoni (PRJEB47283),protein_coding,cejohnprjeb47283
CJOHNSTONI_LOCUS2790,rna-CJOHNSTONI_LOCUS2790,155,protein_coding,Sugar transporter SWEET  [Source:UniProtKB/TrEMBL;Acc:A0A8J2MKT0],Cercopithifilaria johnstoni (PRJEB47283),protein_coding,cejohnprjeb47283
CJOHNSTONI_LOCUS2076,rna-CJOHNSTONI_LOCUS2076,1403,protein_coding,Titin  [Source:UniProtKB/TrEMBL;Acc:A0A8J2LYM7],Cercopithifilaria johnstoni (PRJEB47283),protein_coding,cejohnprjeb47283
CJOHNSTONI_LOCUS9098,rna-CJOHNSTONI_LOCUS9098,226,protein_coding,"39S ribosomal protein L50, mitochondrial  [Source:UniProtKB/TrEMBL;Acc:A0A8J2Q916]",Cercopithifilaria johnstoni (PRJEB47283),protein_coding,cejohnprjeb47283
CJOHNSTONI_LOCUS3957,rna-CJOHNSTONI_LOCUS3957,173,protein_coding,Ion_trans_2 domain-containing protein  [Source:UniProtKB/TrEMBL;Acc:A0A8J2MM12],Cercopithifilaria johnstoni (PRJEB47283),protein_coding,cejohnprjeb47283
CJOHNSTONI_LOCUS8335,rna-CJOHNSTONI_LOCUS8335,166,protein_coding,EF-hand domain-containing protein  [Source:UniProtKB/TrEMBL;Acc:A0A8J2MSY7],Cercopithifilaria johnstoni (PRJEB47283),protein_coding,cejohnprjeb47283
CJOHNSTONI_LOCUS5172,rna-CJOHNSTONI_LOCUS5172,188,protein_coding,Neuroglian  [Source:UniProtKB/TrEMBL;Acc:A0A8J2M4L4],Cercopithifilaria johnstoni (PRJEB47283),protein_coding,cejohnprjeb47283
CJOHNSTONI_LOCUS3686,rna-CJOHNSTONI_LOCUS3686,185,protein_coding,CHCH domain-containing protein  [Source:UniProtKB/TrEMBL;Acc:A0A8J2M1H4],Cercopithifilaria johnstoni (PRJEB47283),protein_coding,cejohnprjeb47283
CJOHNSTONI_LOCUS4471,rna-CJOHNSTONI_LOCUS4471,210,protein_coding,Transmembrane protein  [Source:UniProtKB/TrEMBL;Acc:A0A8J2M369],Cercopithifilaria johnstoni (PRJEB47283),protein_coding,cejohnprjeb47283
CJOHNSTONI_LOCUS1419,rna-CJOHNSTONI_LOCUS1419,224,protein_coding,Major sperm protein  [Source:UniProtKB/TrEMBL;Acc:A0A8J2LQ36],Cercopithifilaria johnstoni (PRJEB47283),protein_coding,cejohnprjeb47283
CJOHNSTONI_LOCUS8360,rna-CJOHNSTONI_LOCUS8360,214,protein_coding,Adiponectin receptor protein  [Source:UniProtKB/TrEMBL;Acc:A0A8J2M9U5],Cercopithifilaria johnstoni (PRJEB47283),protein_coding,cejohnprjeb47283
CJOHNSTONI_LOCUS1709,rna-CJOHNSTONI_LOCUS1709,233,protein_coding,Mediator complex subunit 15  [Source:UniProtKB/TrEMBL;Acc:A0A8J2Q8S6],Cercopithifilaria johnstoni (PRJEB47283),protein_coding,cejohnprjeb47283
CJOHNSTONI_LOCUS3751,rna-CJOHNSTONI_LOCUS3751,215,protein_coding,Carboxypeptidase Q  [Source:UniProtKB/TrEMBL;Acc:A0A8J2M1L9],Cercopithifilaria johnstoni (PRJEB47283),protein_coding,cejohnprjeb47283
CJOHNSTONI_LOCUS2563,rna-CJOHNSTONI_LOCUS2563,332,protein_coding,Transmembrane protein  [Source:UniProtKB/TrEMBL;Acc:A0A8J2Q4U4],Cercopithifilaria johnstoni (PRJEB47283),protein_coding,cejohnprjeb47283
CJOHNSTONI_LOCUS8320,rna-CJOHNSTONI_LOCUS8320,364,protein_coding,Glycoprotein  [Source:UniProtKB/TrEMBL;Acc:A0A8J2MSR8],Cercopithifilaria johnstoni (PRJEB47283),protein_coding,cejohnprjeb47283
CJOHNSTONI_LOCUS8069,rna-CJOHNSTONI_LOCUS8069,271,protein_coding,Sema domain-containing protein  [Source:UniProtKB/TrEMBL;Acc:A0A8J2M989],Cercopithifilaria johnstoni (PRJEB47283),protein_coding,cejohnprjeb47283
CJOHNSTONI_LOCUS8349,rna-CJOHNSTONI_LOCUS8349,205,protein_coding,Developmentally-regulated GTP-binding protein 2  [Source:UniProtKB/TrEMBL;Acc:A0A8J2MBX0],Cercopithifilaria johnstoni (PRJEB47283),protein_coding,cejohnprjeb47283
CJOHNSTONI_LOCUS5451,rna-CJOHNSTONI_LOCUS5451,161,protein_coding,Superoxide dismutase [Cu-Zn]  [Source:UniProtKB/TrEMBL;Acc:A0A8J2Q4C6],Cercopithifilaria johnstoni (PRJEB47283),protein_coding,cejohnprjeb47283
CJOHNSTONI_LOCUS756,rna-CJOHNSTONI_LOCUS756,217,protein_coding,EF-hand domain-containing protein  [Source:UniProtKB/TrEMBL;Acc:A0A8J2LWV1],Cercopithifilaria johnstoni (PRJEB47283),protein_coding,cejohnprjeb47283
CJOHNSTONI_LOCUS4494,rna-CJOHNSTONI_LOCUS4494,180,protein_coding,eIF-4F 25 kDa subunit  [Source:UniProtKB/TrEMBL;Acc:A0A8J2M1P5],Cercopithifilaria johnstoni (PRJEB47283),protein_coding,cejohnprjeb47283
CJOHNSTONI_LOCUS6002,rna-CJOHNSTONI_LOCUS6002,214,protein_coding,Protein kinase C  [Source:UniProtKB/TrEMBL;Acc:A0A8J2M664],Cercopithifilaria johnstoni (PRJEB47283),protein_coding,cejohnprjeb47283
CJOHNSTONI_LOCUS9888,rna-CJOHNSTONI_LOCUS9888,365,protein_coding,Inositol-pentakisphosphate 2-kinase  [Source:UniProtKB/TrEMBL;Acc:A0A8J2Q9D3],Cercopithifilaria johnstoni (PRJEB47283),protein_coding,cejohnprjeb47283
CJOHNSTONI_LOCUS6076,rna-CJOHNSTONI_LOCUS6076,1777,protein_coding,Prospero domain-containing protein  [Source:UniProtKB/TrEMBL;Acc:A0A8J2QAE4],Cercopithifilaria johnstoni (PRJEB47283),protein_coding,cejohnprjeb47283
CJOHNSTONI_LOCUS6859,rna-CJOHNSTONI_LOCUS6859,177,protein_coding,MPN domain-containing protein  [Source:UniProtKB/TrEMBL;Acc:A0A8J2M8E9],Cercopithifilaria johnstoni (PRJEB47283),protein_coding,cejohnprjeb47283
CJOHNSTONI_LOCUS9950,rna-CJOHNSTONI_LOCUS9950,251,protein_coding,Cyclin-C  [Source:UniProtKB/TrEMBL;Acc:A0A8J2MV81],Cercopithifilaria johnstoni (PRJEB47283),protein_coding,cejohnprjeb47283
CJOHNSTONI_LOCUS9870,rna-CJOHNSTONI_LOCUS9870,146,protein_coding,RRM domain-containing protein  [Source:UniProtKB/TrEMBL;Acc:A0A8J2MGD7],Cercopithifilaria johnstoni (PRJEB47283),protein_coding,cejohnprjeb47283
CJOHNSTONI_LOCUS2340,rna-CJOHNSTONI_LOCUS2340,178,protein_coding,Protein kinase domain-containing protein  [Source:UniProtKB/TrEMBL;Acc:A0A8J2Q1H0],Cercopithifilaria johnstoni (PRJEB47283),protein_coding,cejohnprjeb47283
CJOHNSTONI_LOCUS6360,rna-CJOHNSTONI_LOCUS6360,166,protein_coding,,Cercopithifilaria johnstoni (PRJEB47283),protein_coding,cejohnprjeb47283
CJOHNSTONI_LOCUS8036,rna-CJOHNSTONI_LOCUS8036,292,protein_coding,Four-helix bundle copper-binding protein  [Source:UniProtKB/TrEMBL;Acc:A0A8J2Q684],Cercopithifilaria johnstoni (PRJEB47283),protein_coding,cejohnprjeb47283
CJOHNSTONI_LOCUS8117,rna-CJOHNSTONI_LOCUS8117,683,protein_coding,Zinc finger protein 239-like  [Source:UniProtKB/TrEMBL;Acc:A0A8J2MB99],Cercopithifilaria johnstoni (PRJEB47283),protein_coding,cejohnprjeb47283
CJOHNSTONI_LOCUS5780,rna-CJOHNSTONI_LOCUS5780,230,protein_coding,Aldehyde dehydrogenase  [Source:UniProtKB/TrEMBL;Acc:A0A8J2LYL5],Cercopithifilaria johnstoni (PRJEB47283),protein_coding,cejohnprjeb47283
CJOHNSTONI_LOCUS5554,rna-CJOHNSTONI_LOCUS5554,209,protein_coding,Ribosomal_S7 domain-containing protein  [Source:UniProtKB/TrEMBL;Acc:A0A8J2Q0T5],Cercopithifilaria johnstoni (PRJEB47283),protein_coding,cejohnprjeb47283
CJOHNSTONI_LOCUS8546,rna-CJOHNSTONI_LOCUS8546,162,protein_coding,LysM domain-containing protein  [Source:UniProtKB/TrEMBL;Acc:A0A8J2MA85],Cercopithifilaria johnstoni (PRJEB47283),protein_coding,cejohnprjeb47283
CJOHNSTONI_LOCUS1439,rna-CJOHNSTONI_LOCUS1439,1206,protein_coding,SAM domain-containing protein  [Source:UniProtKB/TrEMBL;Acc:A0A8J2LVZ7],Cercopithifilaria johnstoni (PRJEB47283),protein_coding,cejohnprjeb47283
CJOHNSTONI_LOCUS10060,rna-CJOHNSTONI_LOCUS10060,187,protein_coding,PAN domain-containing protein  [Source:UniProtKB/TrEMBL;Acc:A0A8J2MVD2],Cercopithifilaria johnstoni (PRJEB47283),protein_coding,cejohnprjeb47283
CJOHNSTONI_LOCUS7363,rna-CJOHNSTONI_LOCUS7363,219,protein_coding,F-box domain-containing protein  [Source:UniProtKB/TrEMBL;Acc:A0A8J2QAN9],Cercopithifilaria johnstoni (PRJEB47283),protein_coding,cejohnprjeb47283
CJOHNSTONI_LOCUS1728,rna-CJOHNSTONI_LOCUS1728,199,protein_coding,Coiled-coil domain-containing protein 12  [Source:UniProtKB/TrEMBL;Acc:A0A8J2MJI5],Cercopithifilaria johnstoni (PRJEB47283),protein_coding,cejohnprjeb47283
CJOHNSTONI_LOCUS4778,rna-CJOHNSTONI_LOCUS4778,205,protein_coding,MFS domain-containing protein  [Source:UniProtKB/TrEMBL;Acc:A0A8J2M3U7],Cercopithifilaria johnstoni (PRJEB47283),protein_coding,cejohnprjeb47283
CJOHNSTONI_LOCUS3129,rna-CJOHNSTONI_LOCUS3129,249,protein_coding,Chimerin 2  [Source:UniProtKB/TrEMBL;Acc:A0A8J2M0S2],Cercopithifilaria johnstoni (PRJEB47283),protein_coding,cejohnprjeb47283
CJOHNSTONI_LOCUS1402,rna-CJOHNSTONI_LOCUS1402,209,protein_coding,Tyrosine-protein phosphatase domain-containing protein  [Source:UniProtKB/TrEMBL;Acc:A0A8J2Q8K7],Cercopithifilaria johnstoni (PRJEB47283),protein_coding,cejohnprjeb47283
CJOHNSTONI_LOCUS8453,rna-CJOHNSTONI_LOCUS8453,138,protein_coding,Intraflagellar transport protein 74 homolog  [Source:UniProtKB/TrEMBL;Acc:A0A8J2MA16],Cercopithifilaria johnstoni (PRJEB47283),protein_coding,cejohnprjeb47283
CJOHNSTONI_LOCUS8955,rna-CJOHNSTONI_LOCUS8955,247,protein_coding,UNC80 domain-containing protein  [Source:UniProtKB/TrEMBL;Acc:A0A8J2MTT2],Cercopithifilaria johnstoni (PRJEB47283),protein_coding,cejohnprjeb47283
CJOHNSTONI_LOCUS8442,rna-CJOHNSTONI_LOCUS8442,250,protein_coding,,Cercopithifilaria johnstoni (PRJEB47283),protein_coding,cejohnprjeb47283
CJOHNSTONI_LOCUS3115,rna-CJOHNSTONI_LOCUS3115,240,protein_coding,Legumain  [Source:UniProtKB/TrEMBL;Acc:A0A8J2M0R0],Cercopithifilaria johnstoni (PRJEB47283),protein_coding,cejohnprjeb47283
CJOHNSTONI_LOCUS5004,rna-CJOHNSTONI_LOCUS5004,389,protein_coding,SH3 domain-containing protein  [Source:UniProtKB/TrEMBL;Acc:A0A8J2M340],Cercopithifilaria johnstoni (PRJEB47283),protein_coding,cejohnprjeb47283
CJOHNSTONI_LOCUS4305,rna-CJOHNSTONI_LOCUS4305,311,protein_coding,,Cercopithifilaria johnstoni (PRJEB47283),protein_coding,cejohnprjeb47283
CJOHNSTONI_LOCUS5280,rna-CJOHNSTONI_LOCUS5280,209,protein_coding,Progestin and adipoQ receptor family member 3  [Source:UniProtKB/TrEMBL;Acc:A0A8J2M4J8],Cercopithifilaria johnstoni (PRJEB47283),protein_coding,cejohnprjeb47283
CJOHNSTONI_LOCUS5868,rna-CJOHNSTONI_LOCUS5868,253,protein_coding,Cell division control protein 45  [Source:UniProtKB/TrEMBL;Acc:A0A8J2Q4N8],Cercopithifilaria johnstoni (PRJEB47283),protein_coding,cejohnprjeb47283
CJOHNSTONI_LOCUS3893,rna-CJOHNSTONI_LOCUS3893,163,protein_coding,"Succinate--CoA ligase [ADP-forming] subunit beta, mitochondrial  [Source:UniProtKB/TrEMBL;Acc:A0A8J2Q2V1]",Cercopithifilaria johnstoni (PRJEB47283),protein_coding,cejohnprjeb47283
CJOHNSTONI_LOCUS10092,rna-CJOHNSTONI_LOCUS10092,212,protein_coding,Transmembrane protein  [Source:UniProtKB/TrEMBL;Acc:A0A8J2MD19],Cercopithifilaria johnstoni (PRJEB47283),protein_coding,cejohnprjeb47283
CJOHNSTONI_LOCUS5971,rna-CJOHNSTONI_LOCUS5971,225,protein_coding,Protein ABHD18  [Source:UniProtKB/TrEMBL;Acc:A0A8J2M8B1],Cercopithifilaria johnstoni (PRJEB47283),protein_coding,cejohnprjeb47283
CJOHNSTONI_LOCUS10185,rna-CJOHNSTONI_LOCUS10185,623,protein_coding,Ground-like domain-containing protein  [Source:UniProtKB/TrEMBL;Acc:A0A8J2MFA6],Cercopithifilaria johnstoni (PRJEB47283),protein_coding,cejohnprjeb47283
CJOHNSTONI_LOCUS9967,rna-CJOHNSTONI_LOCUS9967,143,protein_coding,,Cercopithifilaria johnstoni (PRJEB47283),protein_coding,cejohnprjeb47283
CJOHNSTONI_LOCUS2806,rna-CJOHNSTONI_LOCUS2806,340,protein_coding,COBA2  [Source:UniProtKB/TrEMBL;Acc:A0A8J2M030],Cercopithifilaria johnstoni (PRJEB47283),protein_coding,cejohnprjeb47283
CJOHNSTONI_LOCUS6174,rna-CJOHNSTONI_LOCUS6174,213,protein_coding,ribonuclease H  [Source:UniProtKB/TrEMBL;Acc:A0A8J2MQ25],Cercopithifilaria johnstoni (PRJEB47283),protein_coding,cejohnprjeb47283
CJOHNSTONI_LOCUS1839,rna-CJOHNSTONI_LOCUS1839,198,protein_coding,RNA helicase  [Source:UniProtKB/TrEMBL;Acc:A0A8J2LWX9],Cercopithifilaria johnstoni (PRJEB47283),protein_coding,cejohnprjeb47283
CJOHNSTONI_LOCUS528,rna-CJOHNSTONI_LOCUS528,923,protein_coding,Zinc finger protein 239-like  [Source:UniProtKB/TrEMBL;Acc:A0A8J2LYU7],Cercopithifilaria johnstoni (PRJEB47283),protein_coding,cejohnprjeb47283
CJOHNSTONI_LOCUS2780,rna-CJOHNSTONI_LOCUS2780,191,protein_coding,Phosphatidylinositol transfer protein  [Source:UniProtKB/TrEMBL;Acc:A0A8J2M016],Cercopithifilaria johnstoni (PRJEB47283),protein_coding,cejohnprjeb47283
CJOHNSTONI_LOCUS9534,rna-CJOHNSTONI_LOCUS9534,144,protein_coding,Biogenesis of lysosome-related organelles complex 1 subunit 2  [Source:UniProtKB/TrEMBL;Acc:A0A8J2MU89],Cercopithifilaria johnstoni (PRJEB47283),protein_coding,cejohnprjeb47283
CJOHNSTONI_LOCUS7899,rna-CJOHNSTONI_LOCUS7899,2371,protein_coding,Fibroin heavy chain-like  [Source:UniProtKB/TrEMBL;Acc:A0A8J2Q8N3],Cercopithifilaria johnstoni (PRJEB47283),protein_coding,cejohnprjeb47283
CJOHNSTONI_LOCUS9491,rna-CJOHNSTONI_LOCUS9491,155,protein_coding,"Succinate dehydrogenase [ubiquinone] iron-sulfur subunit, mitochondrial  [Source:UniProtKB/TrEMBL;Acc:A0A8J2M4S4]",Cercopithifilaria johnstoni (PRJEB47283),protein_coding,cejohnprjeb47283
CJOHNSTONI_LOCUS8526,rna-CJOHNSTONI_LOCUS8526,272,protein_coding,Ribosomal protein L1  [Source:UniProtKB/TrEMBL;Acc:A0A8J2PXE5],Cercopithifilaria johnstoni (PRJEB47283),protein_coding,cejohnprjeb47283
CJOHNSTONI_LOCUS5209,rna-CJOHNSTONI_LOCUS5209,266,protein_coding,protein-tyrosine-phosphatase  [Source:UniProtKB/TrEMBL;Acc:A0A8J2MNJ1],Cercopithifilaria johnstoni (PRJEB47283),protein_coding,cejohnprjeb47283
CJOHNSTONI_LOCUS7158,rna-CJOHNSTONI_LOCUS7158,458,protein_coding,,Cercopithifilaria johnstoni (PRJEB47283),protein_coding,cejohnprjeb47283
CJOHNSTONI_LOCUS2439,rna-CJOHNSTONI_LOCUS2439,137,protein_coding,CID domain-containing protein  [Source:UniProtKB/TrEMBL;Acc:A0A8J2Q951],Cercopithifilaria johnstoni (PRJEB47283),protein_coding,cejohnprjeb47283
CJOHNSTONI_LOCUS4610,rna-CJOHNSTONI_LOCUS4610,134,protein_coding,Very-long-chain (3R)-3-hydroxyacyl-CoA dehydratase  [Source:UniProtKB/TrEMBL;Acc:A0A8J2M3N7],Cercopithifilaria johnstoni (PRJEB47283),protein_coding,cejohnprjeb47283
CJOHNSTONI_LOCUS5391,rna-CJOHNSTONI_LOCUS5391,249,protein_coding,MAM domain-containing protein  [Source:UniProtKB/TrEMBL;Acc:A0A8J2LWK0],Cercopithifilaria johnstoni (PRJEB47283),protein_coding,cejohnprjeb47283
CJOHNSTONI_LOCUS10247,rna-CJOHNSTONI_LOCUS10247,202,protein_coding,DUF5680 domain-containing protein  [Source:UniProtKB/TrEMBL;Acc:A0A8J2M7U2],Cercopithifilaria johnstoni (PRJEB47283),protein_coding,cejohnprjeb47283
CJOHNSTONI_LOCUS9620,rna-CJOHNSTONI_LOCUS9620,233,protein_coding,Clathrin light chain  [Source:UniProtKB/TrEMBL;Acc:A0A8J2MUC0],Cercopithifilaria johnstoni (PRJEB47283),protein_coding,cejohnprjeb47283
CJOHNSTONI_LOCUS10561,rna-CJOHNSTONI_LOCUS10561,803,protein_coding,,Cercopithifilaria johnstoni (PRJEB47283),protein_coding,cejohnprjeb47283
CJOHNSTONI_LOCUS6418,rna-CJOHNSTONI_LOCUS6418,224,protein_coding,Glutathione synthetase  [Source:UniProtKB/TrEMBL;Acc:A0A8J2M6Y5],Cercopithifilaria johnstoni (PRJEB47283),protein_coding,cejohnprjeb47283
CJOHNSTONI_LOCUS8223,rna-CJOHNSTONI_LOCUS8223,156,protein_coding,RING-type E3 ubiquitin transferase  [Source:UniProtKB/TrEMBL;Acc:A0A8J2MD55],Cercopithifilaria johnstoni (PRJEB47283),protein_coding,cejohnprjeb47283
CJOHNSTONI_LOCUS3032,rna-CJOHNSTONI_LOCUS3032,255,protein_coding,LisH domain-containing protein  [Source:UniProtKB/TrEMBL;Acc:A0A8J2M0V2],Cercopithifilaria johnstoni (PRJEB47283),protein_coding,cejohnprjeb47283
CJOHNSTONI_LOCUS4673,rna-CJOHNSTONI_LOCUS4673,145,protein_coding,Transthyretin-like family protein  [Source:UniProtKB/TrEMBL;Acc:A0A8J2Q002],Cercopithifilaria johnstoni (PRJEB47283),protein_coding,cejohnprjeb47283
CJOHNSTONI_LOCUS1088,rna-CJOHNSTONI_LOCUS1088,198,protein_coding,Transmembrane protein 33  [Source:UniProtKB/TrEMBL;Acc:A0A8J2LWR0],Cercopithifilaria johnstoni (PRJEB47283),protein_coding,cejohnprjeb47283
CJOHNSTONI_LOCUS10503,rna-CJOHNSTONI_LOCUS10503,289,protein_coding,Homeobox domain-containing protein  [Source:UniProtKB/TrEMBL;Acc:A0A8J2MHJ5],Cercopithifilaria johnstoni (PRJEB47283),protein_coding,cejohnprjeb47283
CJOHNSTONI_LOCUS4741,rna-CJOHNSTONI_LOCUS4741,206,protein_coding,WD_REPEATS_REGION domain-containing protein  [Source:UniProtKB/TrEMBL;Acc:A0A8J2PT89],Cercopithifilaria johnstoni (PRJEB47283),protein_coding,cejohnprjeb47283
CJOHNSTONI_LOCUS8921,rna-CJOHNSTONI_LOCUS8921-2,194,protein_coding,TBPIP domain-containing protein  [Source:UniProtKB/TrEMBL;Acc:A0A8J2QB04],Cercopithifilaria johnstoni (PRJEB47283),protein_coding,cejohnprjeb47283
CJOHNSTONI_LOCUS9915,rna-CJOHNSTONI_LOCUS9915,271,protein_coding,Mitogen-activated protein kinase  [Source:UniProtKB/TrEMBL;Acc:A0A8J2MCR3],Cercopithifilaria johnstoni (PRJEB47283),protein_coding,cejohnprjeb47283
CJOHNSTONI_LOCUS7085,rna-CJOHNSTONI_LOCUS7085,408,protein_coding,Hexosyltransferase  [Source:UniProtKB/TrEMBL;Acc:A0A8J2MR75],Cercopithifilaria johnstoni (PRJEB47283),protein_coding,cejohnprjeb47283
CJOHNSTONI_LOCUS4415,rna-CJOHNSTONI_LOCUS4415,551,protein_coding,,Cercopithifilaria johnstoni (PRJEB47283),protein_coding,cejohnprjeb47283
CJOHNSTONI_LOCUS10264,rna-CJOHNSTONI_LOCUS10264,194,protein_coding,,Cercopithifilaria johnstoni (PRJEB47283),protein_coding,cejohnprjeb47283
CJOHNSTONI_LOCUS10207,rna-CJOHNSTONI_LOCUS10207,412,protein_coding,PDZ/DHR/GLGF domain protein  [Source:UniProtKB/TrEMBL;Acc:A0A8J2Q4I5],Cercopithifilaria johnstoni (PRJEB47283),protein_coding,cejohnprjeb47283
CJOHNSTONI_LOCUS7759,rna-CJOHNSTONI_LOCUS7759,230,protein_coding,Mitochondrial dicarboxylate carrier  [Source:UniProtKB/TrEMBL;Acc:A0A8J2MAF8],Cercopithifilaria johnstoni (PRJEB47283),protein_coding,cejohnprjeb47283
CJOHNSTONI_LOCUS152,rna-CJOHNSTONI_LOCUS152,215,protein_coding,Mechanosensory abnormality protein 6  [Source:UniProtKB/TrEMBL;Acc:A0A8J2LMN8],Cercopithifilaria johnstoni (PRJEB47283),protein_coding,cejohnprjeb47283
CJOHNSTONI_LOCUS7139,rna-CJOHNSTONI_LOCUS7139,203,protein_coding,Acetylcholine receptor subunit alpha-type unc-63  [Source:UniProtKB/TrEMBL;Acc:A0A8J2MAL0],Cercopithifilaria johnstoni (PRJEB47283),protein_coding,cejohnprjeb47283
CJOHNSTONI_LOCUS9864,rna-CJOHNSTONI_LOCUS9864,232,protein_coding,Zinc finger protein  [Source:UniProtKB/TrEMBL;Acc:A0A8J2Q749],Cercopithifilaria johnstoni (PRJEB47283),protein_coding,cejohnprjeb47283
CJOHNSTONI_LOCUS7478,rna-CJOHNSTONI_LOCUS7478,247,protein_coding,Cathepsin F  [Source:UniProtKB/TrEMBL;Acc:A0A8J2QAP8],Cercopithifilaria johnstoni (PRJEB47283),protein_coding,cejohnprjeb47283
CJOHNSTONI_LOCUS10328,rna-CJOHNSTONI_LOCUS10328,241,protein_coding,Intermediate filament protein A  [Source:UniProtKB/TrEMBL;Acc:A0A8J2M7Z4],Cercopithifilaria johnstoni (PRJEB47283),protein_coding,cejohnprjeb47283
CJOHNSTONI_LOCUS9788,rna-CJOHNSTONI_LOCUS9788,239,protein_coding,ETS domain-containing protein  [Source:UniProtKB/TrEMBL;Acc:A0A8J2MEI8],Cercopithifilaria johnstoni (PRJEB47283),protein_coding,cejohnprjeb47283
CJOHNSTONI_LOCUS986,rna-CJOHNSTONI_LOCUS986,194,protein_coding,Helicase ATP-binding domain-containing protein  [Source:UniProtKB/TrEMBL;Acc:A0A8J2MIA4],Cercopithifilaria johnstoni (PRJEB47283),protein_coding,cejohnprjeb47283
CJOHNSTONI_LOCUS8066,rna-CJOHNSTONI_LOCUS8066,302,protein_coding,TF_AP-2 domain-containing protein  [Source:UniProtKB/TrEMBL;Acc:A0A8J2Q2W1],Cercopithifilaria johnstoni (PRJEB47283),protein_coding,cejohnprjeb47283
CJOHNSTONI_LOCUS1314,rna-CJOHNSTONI_LOCUS1314,251,protein_coding,RRM domain-containing protein  [Source:UniProtKB/TrEMBL;Acc:A0A8J2PWI5],Cercopithifilaria johnstoni (PRJEB47283),protein_coding,cejohnprjeb47283
CJOHNSTONI_LOCUS6690,rna-CJOHNSTONI_LOCUS6690,240,protein_coding,ULP_PROTEASE domain-containing protein  [Source:UniProtKB/TrEMBL;Acc:A0A8J2MQQ1],Cercopithifilaria johnstoni (PRJEB47283),protein_coding,cejohnprjeb47283
CJOHNSTONI_LOCUS195,rna-CJOHNSTONI_LOCUS195,152,protein_coding,Secreted protein  [Source:UniProtKB/TrEMBL;Acc:A0A8J2LMQ6],Cercopithifilaria johnstoni (PRJEB47283),protein_coding,cejohnprjeb47283
CJOHNSTONI_LOCUS3128,rna-CJOHNSTONI_LOCUS3128,191,protein_coding,Elongation factor 1-beta  [Source:UniProtKB/TrEMBL;Acc:A0A8J2M0K0],Cercopithifilaria johnstoni (PRJEB47283),protein_coding,cejohnprjeb47283
CJOHNSTONI_LOCUS10586,rna-CJOHNSTONI_LOCUS10586,239,protein_coding,Integral membrane protein 2  [Source:UniProtKB/TrEMBL;Acc:A0A8J2MGR2],Cercopithifilaria johnstoni (PRJEB47283),protein_coding,cejohnprjeb47283
CJOHNSTONI_LOCUS2643,rna-CJOHNSTONI_LOCUS2643,141,protein_coding,LIM zinc-binding domain-containing protein  [Source:UniProtKB/TrEMBL;Acc:A0A8J2Q1W0],Cercopithifilaria johnstoni (PRJEB47283),protein_coding,cejohnprjeb47283
CJOHNSTONI_LOCUS9209,rna-CJOHNSTONI_LOCUS9209,183,protein_coding,Protein XRP2  [Source:UniProtKB/TrEMBL;Acc:A0A8J2Q3Q3],Cercopithifilaria johnstoni (PRJEB47283),protein_coding,cejohnprjeb47283
CJOHNSTONI_LOCUS7916,rna-CJOHNSTONI_LOCUS7916,103,protein_coding,Lipoprotein  [Source:UniProtKB/TrEMBL;Acc:A0A8J2Q2R9],Cercopithifilaria johnstoni (PRJEB47283),protein_coding,cejohnprjeb47283
CJOHNSTONI_LOCUS10000,rna-CJOHNSTONI_LOCUS10000,214,protein_coding,AAA domain-containing protein  [Source:UniProtKB/TrEMBL;Acc:A0A8J2Q4C2],Cercopithifilaria johnstoni (PRJEB47283),protein_coding,cejohnprjeb47283
CJOHNSTONI_LOCUS3736,rna-CJOHNSTONI_LOCUS3736,330,protein_coding,Receptor expression-enhancing protein  [Source:UniProtKB/TrEMBL;Acc:A0A8J2M1K8],Cercopithifilaria johnstoni (PRJEB47283),protein_coding,cejohnprjeb47283
CJOHNSTONI_LOCUS3104,rna-CJOHNSTONI_LOCUS3104,218,protein_coding,Vinculin  [Source:UniProtKB/TrEMBL;Acc:A0A8J2PYP2],Cercopithifilaria johnstoni (PRJEB47283),protein_coding,cejohnprjeb47283
CJOHNSTONI_LOCUS5032,rna-CJOHNSTONI_LOCUS5032,276,protein_coding,Ricin B-type lectin domain-containing protein  [Source:UniProtKB/TrEMBL;Acc:A0A8J2M355],Cercopithifilaria johnstoni (PRJEB47283),protein_coding,cejohnprjeb47283
CJOHNSTONI_LOCUS3321,rna-CJOHNSTONI_LOCUS3321,251,protein_coding,60S acidic ribosomal protein P0  [Source:UniProtKB/TrEMBL;Acc:A0A8J2M3S6],Cercopithifilaria johnstoni (PRJEB47283),protein_coding,cejohnprjeb47283
CJOHNSTONI_LOCUS4606,rna-CJOHNSTONI_LOCUS4606,175,protein_coding,Major sperm protein  [Source:UniProtKB/TrEMBL;Acc:A0A8J2MN71],Cercopithifilaria johnstoni (PRJEB47283),protein_coding,cejohnprjeb47283
CJOHNSTONI_LOCUS346,rna-CJOHNSTONI_LOCUS346,160,protein_coding,PRELI/MSF1 domain-containing protein  [Source:UniProtKB/TrEMBL;Acc:A0A8J2PPI0],Cercopithifilaria johnstoni (PRJEB47283),protein_coding,cejohnprjeb47283
CJOHNSTONI_LOCUS1511,rna-CJOHNSTONI_LOCUS1511,292,protein_coding,BHLH domain-containing protein  [Source:UniProtKB/TrEMBL;Acc:A0A8J2PQI3],Cercopithifilaria johnstoni (PRJEB47283),protein_coding,cejohnprjeb47283
CJOHNSTONI_LOCUS7036,rna-CJOHNSTONI_LOCUS7036,158,protein_coding,AB hydrolase-1 domain-containing protein  [Source:UniProtKB/TrEMBL;Acc:A0A8J2PVA0],Cercopithifilaria johnstoni (PRJEB47283),protein_coding,cejohnprjeb47283
CJOHNSTONI_LOCUS1675,rna-CJOHNSTONI_LOCUS1675,541,protein_coding,NADAR domain-containing protein  [Source:UniProtKB/TrEMBL;Acc:A0A8J2LYE3],Cercopithifilaria johnstoni (PRJEB47283),protein_coding,cejohnprjeb47283
CJOHNSTONI_LOCUS552,rna-CJOHNSTONI_LOCUS552,135,protein_coding,Protein RER1  [Source:UniProtKB/TrEMBL;Acc:A0A8J2LLG8],Cercopithifilaria johnstoni (PRJEB47283),protein_coding,cejohnprjeb47283
CJOHNSTONI_LOCUS492,rna-CJOHNSTONI_LOCUS492,196,protein_coding,Fmp27_GFWDK domain-containing protein  [Source:UniProtKB/TrEMBL;Acc:A0A8J2Q385],Cercopithifilaria johnstoni (PRJEB47283),protein_coding,cejohnprjeb47283
CJOHNSTONI_LOCUS4493,rna-CJOHNSTONI_LOCUS4493,356,protein_coding,G_PROTEIN_RECEP_F1_2 domain-containing protein  [Source:UniProtKB/TrEMBL;Acc:A0A8J2LW34],Cercopithifilaria johnstoni (PRJEB47283),protein_coding,cejohnprjeb47283
CJOHNSTONI_LOCUS2838,rna-CJOHNSTONI_LOCUS2838,272,protein_coding,RNA helicase  [Source:UniProtKB/TrEMBL;Acc:A0A8J2PRN3],Cercopithifilaria johnstoni (PRJEB47283),protein_coding,cejohnprjeb47283
CJOHNSTONI_LOCUS1887,rna-CJOHNSTONI_LOCUS1887,11763,protein_coding,Fatty acid synthase  [Source:UniProtKB/TrEMBL;Acc:A0A8J2Q481],Cercopithifilaria johnstoni (PRJEB47283),protein_coding,cejohnprjeb47283
CJOHNSTONI_LOCUS8738,rna-CJOHNSTONI_LOCUS8738,198,protein_coding,HTH CENPB-type domain-containing protein  [Source:UniProtKB/TrEMBL;Acc:A0A8J2MCS8],Cercopithifilaria johnstoni (PRJEB47283),protein_coding,cejohnprjeb47283
CJOHNSTONI_LOCUS7602,rna-CJOHNSTONI_LOCUS7602,225,protein_coding,SOCS box domain-containing protein  [Source:UniProtKB/TrEMBL;Acc:A0A8J2MBH2],Cercopithifilaria johnstoni (PRJEB47283),protein_coding,cejohnprjeb47283
CJOHNSTONI_LOCUS1388,rna-CJOHNSTONI_LOCUS1388,420,protein_coding,Transmembrane protein 53  [Source:UniProtKB/TrEMBL;Acc:A0A8J2Q8K5],Cercopithifilaria johnstoni (PRJEB47283),protein_coding,cejohnprjeb47283
CJOHNSTONI_LOCUS9881,rna-CJOHNSTONI_LOCUS9881,273,protein_coding,Protein PAT1 homolog 1  [Source:UniProtKB/TrEMBL;Acc:A0A8J2M6S8],Cercopithifilaria johnstoni (PRJEB47283),protein_coding,cejohnprjeb47283
CJOHNSTONI_LOCUS4414,rna-CJOHNSTONI_LOCUS4414,287,protein_coding,DUF4283 domain-containing protein  [Source:UniProtKB/TrEMBL;Acc:A0A8J2MN03],Cercopithifilaria johnstoni (PRJEB47283),protein_coding,cejohnprjeb47283
CJOHNSTONI_LOCUS5847,rna-CJOHNSTONI_LOCUS5847,387,protein_coding,Transmembrane 9 superfamily member  [Source:UniProtKB/TrEMBL;Acc:A0A8J2MPK8],Cercopithifilaria johnstoni (PRJEB47283),protein_coding,cejohnprjeb47283
CJOHNSTONI_LOCUS921,rna-CJOHNSTONI_LOCUS921,286,protein_coding,G_PROTEIN_RECEP_F1_2 domain-containing protein  [Source:UniProtKB/TrEMBL;Acc:A0A8J2Q3I1],Cercopithifilaria johnstoni (PRJEB47283),protein_coding,cejohnprjeb47283
CJOHNSTONI_LOCUS8350,rna-CJOHNSTONI_LOCUS8350,294,protein_coding,CID domain-containing protein  [Source:UniProtKB/TrEMBL;Acc:A0A8J2MBA0],Cercopithifilaria johnstoni (PRJEB47283),protein_coding,cejohnprjeb47283
CJOHNSTONI_LOCUS9663,rna-CJOHNSTONI_LOCUS9663,536,protein_coding,,Cercopithifilaria johnstoni (PRJEB47283),protein_coding,cejohnprjeb47283
CJOHNSTONI_LOCUS6285,rna-CJOHNSTONI_LOCUS6285,237,protein_coding,KH domain-containing protein  [Source:UniProtKB/TrEMBL;Acc:A0A8J2M787],Cercopithifilaria johnstoni (PRJEB47283),protein_coding,cejohnprjeb47283
CJOHNSTONI_LOCUS7805,rna-CJOHNSTONI_LOCUS7805,195,protein_coding,UDENN domain-containing protein  [Source:UniProtKB/TrEMBL;Acc:A0A8J2MAI8],Cercopithifilaria johnstoni (PRJEB47283),protein_coding,cejohnprjeb47283
CJOHNSTONI_LOCUS3248,rna-CJOHNSTONI_LOCUS3248,204,protein_coding,AP-1 complex subunit gamma  [Source:UniProtKB/TrEMBL;Acc:A0A8J2ML83],Cercopithifilaria johnstoni (PRJEB47283),protein_coding,cejohnprjeb47283
CJOHNSTONI_LOCUS3267,rna-CJOHNSTONI_LOCUS3267,440,protein_coding,Ribosomal_S10 domain-containing protein  [Source:UniProtKB/TrEMBL;Acc:A0A8J2LZX8],Cercopithifilaria johnstoni (PRJEB47283),protein_coding,cejohnprjeb47283
CJOHNSTONI_LOCUS1608,rna-CJOHNSTONI_LOCUS1608,254,protein_coding,AA_TRNA_LIGASE_II domain-containing protein  [Source:UniProtKB/TrEMBL;Acc:A0A8J2Q402],Cercopithifilaria johnstoni (PRJEB47283),protein_coding,cejohnprjeb47283
CJOHNSTONI_LOCUS5398,rna-CJOHNSTONI_LOCUS5398,285,protein_coding,UPF0415 protein C7orf25 homolog  [Source:UniProtKB/TrEMBL;Acc:A0A8J2Q7G3],Cercopithifilaria johnstoni (PRJEB47283),protein_coding,cejohnprjeb47283
CJOHNSTONI_LOCUS5144,rna-CJOHNSTONI_LOCUS5144-3,271,protein_coding,WD_REPEATS_REGION domain-containing protein  [Source:UniProtKB/TrEMBL;Acc:A0A8J2MNS5],Cercopithifilaria johnstoni (PRJEB47283),protein_coding,cejohnprjeb47283
CJOHNSTONI_LOCUS10300,rna-CJOHNSTONI_LOCUS10300,329,protein_coding,Serine/threonine-protein phosphatase  [Source:UniProtKB/TrEMBL;Acc:A0A8J2Q4L7],Cercopithifilaria johnstoni (PRJEB47283),protein_coding,cejohnprjeb47283
CJOHNSTONI_LOCUS1387,rna-CJOHNSTONI_LOCUS1387,339,protein_coding,Jun domain-containing protein  [Source:UniProtKB/TrEMBL;Acc:A0A8J2PWK3],Cercopithifilaria johnstoni (PRJEB47283),protein_coding,cejohnprjeb47283
CJOHNSTONI_LOCUS2398,rna-CJOHNSTONI_LOCUS2398,263,protein_coding,Ovule protein  [Source:UniProtKB/TrEMBL;Acc:A0A8J2LRS6],Cercopithifilaria johnstoni (PRJEB47283),protein_coding,cejohnprjeb47283
CJOHNSTONI_LOCUS6835,rna-CJOHNSTONI_LOCUS6835,251,protein_coding,Pollen-specific leucine-rich repeat extensin-like protein 2  [Source:UniProtKB/TrEMBL;Acc:A0A8J2Q893],Cercopithifilaria johnstoni (PRJEB47283),protein_coding,cejohnprjeb47283
CJOHNSTONI_LOCUS9958,rna-CJOHNSTONI_LOCUS9958,243,protein_coding,Raptor_N domain-containing protein  [Source:UniProtKB/TrEMBL;Acc:A0A8J2Q4B1],Cercopithifilaria johnstoni (PRJEB47283),protein_coding,cejohnprjeb47283
CJOHNSTONI_LOCUS6034,rna-CJOHNSTONI_LOCUS6034,148,protein_coding,Recep_L_domain domain-containing protein  [Source:UniProtKB/TrEMBL;Acc:A0A8J2LZ82],Cercopithifilaria johnstoni (PRJEB47283),protein_coding,cejohnprjeb47283
CJOHNSTONI_LOCUS7688,rna-CJOHNSTONI_LOCUS7688,253,protein_coding,Armadillo-like helical  [Source:UniProtKB/TrEMBL;Acc:A0A8J2M8X2],Cercopithifilaria johnstoni (PRJEB47283),protein_coding,cejohnprjeb47283
CJOHNSTONI_LOCUS426,rna-CJOHNSTONI_LOCUS426,173,protein_coding,MARVEL domain-containing protein  [Source:UniProtKB/TrEMBL;Acc:A0A8J2PVI7],Cercopithifilaria johnstoni (PRJEB47283),protein_coding,cejohnprjeb47283
CJOHNSTONI_LOCUS5077,rna-CJOHNSTONI_LOCUS5077,622,protein_coding,Tropomodulin  [Source:UniProtKB/TrEMBL;Acc:A0A8J2MNP8],Cercopithifilaria johnstoni (PRJEB47283),protein_coding,cejohnprjeb47283
CJOHNSTONI_LOCUS3534,rna-CJOHNSTONI_LOCUS3534,239,protein_coding,Pyr_redox_2 domain-containing protein  [Source:UniProtKB/TrEMBL;Acc:A0A8J2M1Q0],Cercopithifilaria johnstoni (PRJEB47283),protein_coding,cejohnprjeb47283
CJOHNSTONI_LOCUS981,rna-CJOHNSTONI_LOCUS981,550,protein_coding,Sal-like protein 1  [Source:UniProtKB/TrEMBL;Acc:A0A8J2PW15],Cercopithifilaria johnstoni (PRJEB47283),protein_coding,cejohnprjeb47283
CJOHNSTONI_LOCUS3423,rna-CJOHNSTONI_LOCUS3423,268,protein_coding,"ATP-binding cassette sub-family B member 7, mitochondrial  [Source:UniProtKB/TrEMBL;Acc:A0A8J2M1H5]",Cercopithifilaria johnstoni (PRJEB47283),protein_coding,cejohnprjeb47283
CJOHNSTONI_LOCUS4449,rna-CJOHNSTONI_LOCUS4449,158,protein_coding,Protein kinase domain-containing protein  [Source:UniProtKB/TrEMBL;Acc:A0A8J2Q9Y6],Cercopithifilaria johnstoni (PRJEB47283),protein_coding,cejohnprjeb47283
CJOHNSTONI_LOCUS1949,rna-CJOHNSTONI_LOCUS1949,311,protein_coding,Polypeptide N-acetylgalactosaminyltransferase  [Source:UniProtKB/TrEMBL;Acc:A0A8J2M1M3],Cercopithifilaria johnstoni (PRJEB47283),protein_coding,cejohnprjeb47283
CJOHNSTONI_LOCUS9053,rna-CJOHNSTONI_LOCUS9053,253,protein_coding,Ubiquitin carboxyl-terminal hydrolase  [Source:UniProtKB/TrEMBL;Acc:A0A8J2MD76],Cercopithifilaria johnstoni (PRJEB47283),protein_coding,cejohnprjeb47283
CJOHNSTONI_LOCUS3549,rna-CJOHNSTONI_LOCUS3549,204,protein_coding,Bm3343  [Source:UniProtKB/TrEMBL;Acc:A0A8J2Q9K8],Cercopithifilaria johnstoni (PRJEB47283),protein_coding,cejohnprjeb47283
CJOHNSTONI_LOCUS7406,rna-CJOHNSTONI_LOCUS7406,281,protein_coding,Reverse transcriptase domain-containing protein  [Source:UniProtKB/TrEMBL;Acc:A0A8J2MB35],Cercopithifilaria johnstoni (PRJEB47283),protein_coding,cejohnprjeb47283
CJOHNSTONI_LOCUS6248,rna-CJOHNSTONI_LOCUS6248,181,protein_coding,Sema domain-containing protein  [Source:UniProtKB/TrEMBL;Acc:A0A8J2Q7W8],Cercopithifilaria johnstoni (PRJEB47283),protein_coding,cejohnprjeb47283
CJOHNSTONI_LOCUS1662,rna-CJOHNSTONI_LOCUS1662,379,protein_coding,GOLI4  [Source:UniProtKB/TrEMBL;Acc:A0A8J2Q419],Cercopithifilaria johnstoni (PRJEB47283),protein_coding,cejohnprjeb47283
CJOHNSTONI_LOCUS7422,rna-CJOHNSTONI_LOCUS7422,238,protein_coding,Secreted protein  [Source:UniProtKB/TrEMBL;Acc:A0A8J2PW21],Cercopithifilaria johnstoni (PRJEB47283),protein_coding,cejohnprjeb47283
CJOHNSTONI_LOCUS333,rna-CJOHNSTONI_LOCUS333,213,protein_coding,RS21 protein  [Source:UniProtKB/TrEMBL;Acc:A0A8J2PVG1],Cercopithifilaria johnstoni (PRJEB47283),protein_coding,cejohnprjeb47283
CJOHNSTONI_LOCUS2295,rna-CJOHNSTONI_LOCUS2295,628,protein_coding,Rho-GAP domain-containing protein  [Source:UniProtKB/TrEMBL;Acc:A0A8J2LRK1],Cercopithifilaria johnstoni (PRJEB47283),protein_coding,cejohnprjeb47283
CJOHNSTONI_LOCUS10197,rna-CJOHNSTONI_LOCUS10197,238,protein_coding,t-SNARE coiled-coil homology domain-containing protein  [Source:UniProtKB/TrEMBL;Acc:A0A8J2MUS4],Cercopithifilaria johnstoni (PRJEB47283),protein_coding,cejohnprjeb47283
CJOHNSTONI_LOCUS6712,rna-CJOHNSTONI_LOCUS6712,174,protein_coding,CSN12-like protein  [Source:UniProtKB/TrEMBL;Acc:A0A8J2QAJ1],Cercopithifilaria johnstoni (PRJEB47283),protein_coding,cejohnprjeb47283
CJOHNSTONI_LOCUS8240,rna-CJOHNSTONI_LOCUS8240,206,protein_coding,,Cercopithifilaria johnstoni (PRJEB47283),protein_coding,cejohnprjeb47283
CJOHNSTONI_LOCUS5453,rna-CJOHNSTONI_LOCUS5453,251,protein_coding,TPT domain-containing protein  [Source:UniProtKB/TrEMBL;Acc:A0A8J2QA98],Cercopithifilaria johnstoni (PRJEB47283),protein_coding,cejohnprjeb47283
CJOHNSTONI_LOCUS5605,rna-CJOHNSTONI_LOCUS5605,226,protein_coding,PCI domain-containing protein  [Source:UniProtKB/TrEMBL;Acc:A0A8J2M563],Cercopithifilaria johnstoni (PRJEB47283),protein_coding,cejohnprjeb47283
CJOHNSTONI_LOCUS9897,rna-CJOHNSTONI_LOCUS9897,198,protein_coding,Glyoxalase domain-containing protein 4  [Source:UniProtKB/TrEMBL;Acc:A0A8J2MV55],Cercopithifilaria johnstoni (PRJEB47283),protein_coding,cejohnprjeb47283
CJOHNSTONI_LOCUS5368,rna-CJOHNSTONI_LOCUS5368,182,protein_coding,Homeobox domain-containing protein  [Source:UniProtKB/TrEMBL;Acc:A0A8J2MNQ7],Cercopithifilaria johnstoni (PRJEB47283),protein_coding,cejohnprjeb47283
CJOHNSTONI_LOCUS10146,rna-CJOHNSTONI_LOCUS10146,288,protein_coding,Tumor susceptibility gene 101 protein  [Source:UniProtKB/TrEMBL;Acc:A0A8J2MGV8],Cercopithifilaria johnstoni (PRJEB47283),protein_coding,cejohnprjeb47283
CJOHNSTONI_LOCUS4681,rna-CJOHNSTONI_LOCUS4681,166,protein_coding,Prothymosin alpha  [Source:UniProtKB/TrEMBL;Acc:A0A8J2M3N2],Cercopithifilaria johnstoni (PRJEB47283),protein_coding,cejohnprjeb47283
CJOHNSTONI_LOCUS4036,rna-CJOHNSTONI_LOCUS4036,233,protein_coding,Protein kinase domain-containing protein  [Source:UniProtKB/TrEMBL;Acc:A0A8J2Q2Y9],Cercopithifilaria johnstoni (PRJEB47283),protein_coding,cejohnprjeb47283
CJOHNSTONI_LOCUS9690,rna-CJOHNSTONI_LOCUS9690,181,protein_coding,BZIP domain-containing protein  [Source:UniProtKB/TrEMBL;Acc:A0A8J2MG31],Cercopithifilaria johnstoni (PRJEB47283),protein_coding,cejohnprjeb47283
CJOHNSTONI_LOCUS9109,rna-CJOHNSTONI_LOCUS9109,1076,protein_coding,Gastrula zinc finger protein XlCGF7.1-like  [Source:UniProtKB/TrEMBL;Acc:A0A8J2MDA8],Cercopithifilaria johnstoni (PRJEB47283),protein_coding,cejohnprjeb47283
CJOHNSTONI_LOCUS3894,rna-CJOHNSTONI_LOCUS3894,243,protein_coding,DUF1330 domain-containing protein  [Source:UniProtKB/TrEMBL;Acc:A0A8J2PZE6],Cercopithifilaria johnstoni (PRJEB47283),protein_coding,cejohnprjeb47283
CJOHNSTONI_LOCUS10291,rna-CJOHNSTONI_LOCUS10291,243,protein_coding,Protein kinase domain-containing protein  [Source:UniProtKB/TrEMBL;Acc:A0A8J2MVN5],Cercopithifilaria johnstoni (PRJEB47283),protein_coding,cejohnprjeb47283
CJOHNSTONI_LOCUS10097,rna-CJOHNSTONI_LOCUS10097,227,protein_coding,Mesoderm induction early response protein 1  [Source:UniProtKB/TrEMBL;Acc:A0A8J2QB89],Cercopithifilaria johnstoni (PRJEB47283),protein_coding,cejohnprjeb47283
CJOHNSTONI_LOCUS1397,rna-CJOHNSTONI_LOCUS1397,164,protein_coding,,Cercopithifilaria johnstoni (PRJEB47283),protein_coding,cejohnprjeb47283
CJOHNSTONI_LOCUS8252,rna-CJOHNSTONI_LOCUS8252,335,protein_coding,Methionyl-tRNA synthetase  [Source:UniProtKB/TrEMBL;Acc:A0A8J2MBL6],Cercopithifilaria johnstoni (PRJEB47283),protein_coding,cejohnprjeb47283
CJOHNSTONI_LOCUS1716,rna-CJOHNSTONI_LOCUS1716,254,protein_coding,Olfactomedin-like domain-containing protein  [Source:UniProtKB/TrEMBL;Acc:A0A8J2LYF2],Cercopithifilaria johnstoni (PRJEB47283),protein_coding,cejohnprjeb47283
CJOHNSTONI_LOCUS352,rna-CJOHNSTONI_LOCUS352,163,protein_coding,Triplex capsid protein 2  [Source:UniProtKB/TrEMBL;Acc:A0A8J2LTQ1],Cercopithifilaria johnstoni (PRJEB47283),protein_coding,cejohnprjeb47283
CJOHNSTONI_LOCUS10293,rna-CJOHNSTONI_LOCUS10293,280,protein_coding,RNA-binding protein squid  [Source:UniProtKB/TrEMBL;Acc:A0A8J2MFI4],Cercopithifilaria johnstoni (PRJEB47283),protein_coding,cejohnprjeb47283
CJOHNSTONI_LOCUS3005,rna-CJOHNSTONI_LOCUS3005,244,protein_coding,EAL domain-containing protein  [Source:UniProtKB/TrEMBL;Acc:A0A8J2M0L3],Cercopithifilaria johnstoni (PRJEB47283),protein_coding,cejohnprjeb47283
CJOHNSTONI_LOCUS4911,rna-CJOHNSTONI_LOCUS4911,230,protein_coding,Methionine aminopeptidase  [Source:UniProtKB/TrEMBL;Acc:A0A8J2M2X9],Cercopithifilaria johnstoni (PRJEB47283),protein_coding,cejohnprjeb47283
CJOHNSTONI_LOCUS1609,rna-CJOHNSTONI_LOCUS1609,246,protein_coding,tRNA-synt_2 domain-containing protein  [Source:UniProtKB/TrEMBL;Acc:A0A8J2PQL4],Cercopithifilaria johnstoni (PRJEB47283),protein_coding,cejohnprjeb47283
CJOHNSTONI_LOCUS434,rna-CJOHNSTONI_LOCUS434,248,protein_coding,MIT domain-containing protein  [Source:UniProtKB/TrEMBL;Acc:A0A8J2LU24],Cercopithifilaria johnstoni (PRJEB47283),protein_coding,cejohnprjeb47283
CJOHNSTONI_LOCUS10346,rna-CJOHNSTONI_LOCUS10346,155,protein_coding,"CDGSH iron-sulfur domain-containing protein 3, mitochondrial  [Source:UniProtKB/TrEMBL;Acc:A0A8J2MH78]",Cercopithifilaria johnstoni (PRJEB47283),protein_coding,cejohnprjeb47283
CJOHNSTONI_LOCUS5942,rna-CJOHNSTONI_LOCUS5942,256,protein_coding,Protein abrupt-like  [Source:UniProtKB/TrEMBL;Acc:A0A8J2MPR5],Cercopithifilaria johnstoni (PRJEB47283),protein_coding,cejohnprjeb47283
CJOHNSTONI_LOCUS6317,rna-CJOHNSTONI_LOCUS6317,332,protein_coding,G_PROTEIN_RECEP_F1_2 domain-containing protein  [Source:UniProtKB/TrEMBL;Acc:A0A8J2Q1H9],Cercopithifilaria johnstoni (PRJEB47283),protein_coding,cejohnprjeb47283
CJOHNSTONI_LOCUS9880,rna-CJOHNSTONI_LOCUS9880,235,protein_coding,Homeobox domain-containing protein  [Source:UniProtKB/TrEMBL;Acc:A0A8J2M5C9],Cercopithifilaria johnstoni (PRJEB47283),protein_coding,cejohnprjeb47283
CJOHNSTONI_LOCUS5380,rna-CJOHNSTONI_LOCUS5380,203,protein_coding,Protein CIP2A  [Source:UniProtKB/TrEMBL;Acc:A0A8J2MNR3],Cercopithifilaria johnstoni (PRJEB47283),protein_coding,cejohnprjeb47283
CJOHNSTONI_LOCUS6490,rna-CJOHNSTONI_LOCUS6490,197,protein_coding,Homeobox domain-containing protein  [Source:UniProtKB/TrEMBL;Acc:A0A8J2Q820],Cercopithifilaria johnstoni (PRJEB47283),protein_coding,cejohnprjeb47283
CJOHNSTONI_LOCUS3446,rna-CJOHNSTONI_LOCUS3446,248,protein_coding,Histone acetyltransferase  [Source:UniProtKB/TrEMBL;Acc:A0A8J2LZP5],Cercopithifilaria johnstoni (PRJEB47283),protein_coding,cejohnprjeb47283
CJOHNSTONI_LOCUS584,rna-CJOHNSTONI_LOCUS584,322,protein_coding,PHD-type domain-containing protein  [Source:UniProtKB/TrEMBL;Acc:A0A8J2MIC2],Cercopithifilaria johnstoni (PRJEB47283),protein_coding,cejohnprjeb47283
CJOHNSTONI_LOCUS10466,rna-CJOHNSTONI_LOCUS10466,170,protein_coding,Nucleoporin_N domain-containing protein  [Source:UniProtKB/TrEMBL;Acc:A0A8J2Q7H2],Cercopithifilaria johnstoni (PRJEB47283),protein_coding,cejohnprjeb47283
CJOHNSTONI_LOCUS9134,rna-CJOHNSTONI_LOCUS9134,281,protein_coding,,Cercopithifilaria johnstoni (PRJEB47283),protein_coding,cejohnprjeb47283
CJOHNSTONI_LOCUS3802,rna-CJOHNSTONI_LOCUS3802,241,protein_coding,"Alpha-1,3-mannosyl-glycoprotein 2-beta-N-acetylglucosaminyltransferase  [Source:UniProtKB/TrEMBL;Acc:A0A8J2LUM8]",Cercopithifilaria johnstoni (PRJEB47283),protein_coding,cejohnprjeb47283
CJOHNSTONI_LOCUS6700,rna-CJOHNSTONI_LOCUS6700,171,protein_coding,Profilin  [Source:UniProtKB/TrEMBL;Acc:A0A8J2M0J3],Cercopithifilaria johnstoni (PRJEB47283),protein_coding,cejohnprjeb47283
CJOHNSTONI_LOCUS1833,rna-CJOHNSTONI_LOCUS1833,181,protein_coding,Collagen-like protein  [Source:UniProtKB/TrEMBL;Acc:A0A8J2PQT8],Cercopithifilaria johnstoni (PRJEB47283),protein_coding,cejohnprjeb47283
CJOHNSTONI_LOCUS4565,rna-CJOHNSTONI_LOCUS4565,276,protein_coding,Exostosin-2  [Source:UniProtKB/TrEMBL;Acc:A0A8J2M1T7],Cercopithifilaria johnstoni (PRJEB47283),protein_coding,cejohnprjeb47283
CJOHNSTONI_LOCUS6633,rna-CJOHNSTONI_LOCUS6633,275,protein_coding,beta-mannosidase  [Source:UniProtKB/TrEMBL;Acc:A0A8J2M096],Cercopithifilaria johnstoni (PRJEB47283),protein_coding,cejohnprjeb47283
CJOHNSTONI_LOCUS8577,rna-CJOHNSTONI_LOCUS8577,157,protein_coding,Albumin 1  [Source:UniProtKB/TrEMBL;Acc:A0A8J2MT20],Cercopithifilaria johnstoni (PRJEB47283),protein_coding,cejohnprjeb47283
CJOHNSTONI_LOCUS3676,rna-CJOHNSTONI_LOCUS3676,306,protein_coding,MAM domain-containing protein  [Source:UniProtKB/TrEMBL;Acc:A0A8J2PZ68],Cercopithifilaria johnstoni (PRJEB47283),protein_coding,cejohnprjeb47283
CJOHNSTONI_LOCUS9844,rna-CJOHNSTONI_LOCUS9844,143,protein_coding,Activin_recp domain-containing protein  [Source:UniProtKB/TrEMBL;Acc:A0A8J2MEB5],Cercopithifilaria johnstoni (PRJEB47283),protein_coding,cejohnprjeb47283
CJOHNSTONI_LOCUS3385,rna-CJOHNSTONI_LOCUS3385,611,protein_coding,Venom dipeptidyl peptidase 4  [Source:UniProtKB/TrEMBL;Acc:A0A8J2Q9I4],Cercopithifilaria johnstoni (PRJEB47283),protein_coding,cejohnprjeb47283
CJOHNSTONI_LOCUS2921,rna-CJOHNSTONI_LOCUS2921,301,protein_coding,Tyrosine--tRNA ligase  [Source:UniProtKB/TrEMBL;Acc:A0A8J2LZC9],Cercopithifilaria johnstoni (PRJEB47283),protein_coding,cejohnprjeb47283
CJOHNSTONI_LOCUS7619,rna-CJOHNSTONI_LOCUS7619,217,protein_coding,RING-type domain-containing protein  [Source:UniProtKB/TrEMBL;Acc:A0A8J2M9K6],Cercopithifilaria johnstoni (PRJEB47283),protein_coding,cejohnprjeb47283
CJOHNSTONI_LOCUS3399,rna-CJOHNSTONI_LOCUS3399,163,protein_coding,Ribosome assembly factor mrt4  [Source:UniProtKB/TrEMBL;Acc:A0A8J2PYY2],Cercopithifilaria johnstoni (PRJEB47283),protein_coding,cejohnprjeb47283
CJOHNSTONI_LOCUS4059,rna-CJOHNSTONI_LOCUS4059,175,protein_coding,MFS domain-containing protein  [Source:UniProtKB/TrEMBL;Acc:A0A8J2M2M2],Cercopithifilaria johnstoni (PRJEB47283),protein_coding,cejohnprjeb47283
CJOHNSTONI_LOCUS3965,rna-CJOHNSTONI_LOCUS3965,119,protein_coding,SCAPER_N domain-containing protein  [Source:UniProtKB/TrEMBL;Acc:A0A8J2Q2X1],Cercopithifilaria johnstoni (PRJEB47283),protein_coding,cejohnprjeb47283
CJOHNSTONI_LOCUS2519,rna-CJOHNSTONI_LOCUS2519,115,protein_coding,RabBD domain-containing protein  [Source:UniProtKB/TrEMBL;Acc:A0A8J2LXR3],Cercopithifilaria johnstoni (PRJEB47283),protein_coding,cejohnprjeb47283
CJOHNSTONI_LOCUS6781,rna-CJOHNSTONI_LOCUS6781,161,protein_coding,Mediator of RNA polymerase II transcription subunit 21  [Source:UniProtKB/TrEMBL;Acc:A0A8J2QAJ6],Cercopithifilaria johnstoni (PRJEB47283),protein_coding,cejohnprjeb47283
CJOHNSTONI_LOCUS1515,rna-CJOHNSTONI_LOCUS1515,215,protein_coding,Collagen-like protein  [Source:UniProtKB/TrEMBL;Acc:A0A8J2LMZ7],Cercopithifilaria johnstoni (PRJEB47283),protein_coding,cejohnprjeb47283
CJOHNSTONI_LOCUS9882,rna-CJOHNSTONI_LOCUS9882,203,protein_coding,Animal hem peroxidase  [Source:UniProtKB/TrEMBL;Acc:A0A8J2MUI4],Cercopithifilaria johnstoni (PRJEB47283),protein_coding,cejohnprjeb47283
CJOHNSTONI_LOCUS3535,rna-CJOHNSTONI_LOCUS3535,538,protein_coding,mRNA export factor GLE1  [Source:UniProtKB/TrEMBL;Acc:A0A8J2Q5N7],Cercopithifilaria johnstoni (PRJEB47283),protein_coding,cejohnprjeb47283
CJOHNSTONI_LOCUS9132,rna-CJOHNSTONI_LOCUS9132,812,protein_coding,T-box domain-containing protein  [Source:UniProtKB/TrEMBL;Acc:A0A8J2M4X6],Cercopithifilaria johnstoni (PRJEB47283),protein_coding,cejohnprjeb47283
CJOHNSTONI_LOCUS6403,rna-CJOHNSTONI_LOCUS6403,854,protein_coding,,Cercopithifilaria johnstoni (PRJEB47283),protein_coding,cejohnprjeb47283
CJOHNSTONI_LOCUS8080,rna-CJOHNSTONI_LOCUS8080,283,protein_coding,non-specific serine/threonine protein kinase  [Source:UniProtKB/TrEMBL;Acc:A0A8J2Q2W5],Cercopithifilaria johnstoni (PRJEB47283),protein_coding,cejohnprjeb47283
CJOHNSTONI_LOCUS8672,rna-CJOHNSTONI_LOCUS8672,244,protein_coding,Non-catalytic module family DOC2  [Source:UniProtKB/TrEMBL;Acc:A0A8J2MCM2],Cercopithifilaria johnstoni (PRJEB47283),protein_coding,cejohnprjeb47283
CJOHNSTONI_LOCUS7660,rna-CJOHNSTONI_LOCUS7660,196,protein_coding,"Single-stranded DNA-binding protein, mitochondrial  [Source:UniProtKB/TrEMBL;Acc:A0A8J2M9N7]",Cercopithifilaria johnstoni (PRJEB47283),protein_coding,cejohnprjeb47283
CJOHNSTONI_LOCUS2823,rna-CJOHNSTONI_LOCUS2823,178,protein_coding,Bestrophin homolog  [Source:UniProtKB/TrEMBL;Acc:A0A8J2Q528],Cercopithifilaria johnstoni (PRJEB47283),protein_coding,cejohnprjeb47283
CJOHNSTONI_LOCUS8389,rna-CJOHNSTONI_LOCUS8389,183,protein_coding,RING-type E3 ubiquitin transferase  [Source:UniProtKB/TrEMBL;Acc:A0A8J2MC01],Cercopithifilaria johnstoni (PRJEB47283),protein_coding,cejohnprjeb47283
CJOHNSTONI_LOCUS4708,rna-CJOHNSTONI_LOCUS4708,195,protein_coding,Peptide-methionine (R)-S-oxide reductase  [Source:UniProtKB/TrEMBL;Acc:A0A8J2M217],Cercopithifilaria johnstoni (PRJEB47283),protein_coding,cejohnprjeb47283
CJOHNSTONI_LOCUS3218,rna-CJOHNSTONI_LOCUS3218,205,protein_coding,Venom protein  [Source:UniProtKB/TrEMBL;Acc:A0A8J2Q2B9],Cercopithifilaria johnstoni (PRJEB47283),protein_coding,cejohnprjeb47283
CJOHNSTONI_LOCUS8213,rna-CJOHNSTONI_LOCUS8213,520,protein_coding,Fibronectin type-III domain-containing protein  [Source:UniProtKB/TrEMBL;Acc:A0A8J2Q8R3],Cercopithifilaria johnstoni (PRJEB47283),protein_coding,cejohnprjeb47283
CJOHNSTONI_LOCUS1315,rna-CJOHNSTONI_LOCUS1315,206,protein_coding,Pepsin inhibitor-3-like repeated domain-containing protein  [Source:UniProtKB/TrEMBL;Acc:A0A8J2Q8J0],Cercopithifilaria johnstoni (PRJEB47283),protein_coding,cejohnprjeb47283
CJOHNSTONI_LOCUS1127,rna-CJOHNSTONI_LOCUS1127,317,protein_coding,,Cercopithifilaria johnstoni (PRJEB47283),protein_coding,cejohnprjeb47283
CJOHNSTONI_LOCUS8469,rna-CJOHNSTONI_LOCUS8469,290,protein_coding,Phosphoinositide phospholipase C  [Source:UniProtKB/TrEMBL;Acc:A0A8J2MDL7],Cercopithifilaria johnstoni (PRJEB47283),protein_coding,cejohnprjeb47283
CJOHNSTONI_LOCUS6309,rna-CJOHNSTONI_LOCUS6309,206,protein_coding,Activating signal cointegrator 1 complex subunit 3  [Source:UniProtKB/TrEMBL;Acc:A0A8J2MQ95],Cercopithifilaria johnstoni (PRJEB47283),protein_coding,cejohnprjeb47283
CJOHNSTONI_LOCUS9255,rna-CJOHNSTONI_LOCUS9255,495,protein_coding,Vang-like protein  [Source:UniProtKB/TrEMBL;Acc:A0A8J2MBQ3],Cercopithifilaria johnstoni (PRJEB47283),protein_coding,cejohnprjeb47283
CJOHNSTONI_LOCUS4394,rna-CJOHNSTONI_LOCUS4394,185,protein_coding,Rho GTPase-activating protein 68F  [Source:UniProtKB/TrEMBL;Acc:A0A8J2PZV3],Cercopithifilaria johnstoni (PRJEB47283),protein_coding,cejohnprjeb47283
CJOHNSTONI_LOCUS9158,rna-CJOHNSTONI_LOCUS9158,187,protein_coding,rRNA biogenesis protein RRP36  [Source:UniProtKB/TrEMBL;Acc:A0A8J2QB21],Cercopithifilaria johnstoni (PRJEB47283),protein_coding,cejohnprjeb47283
CJOHNSTONI_LOCUS3995,rna-CJOHNSTONI_LOCUS3995,168,protein_coding,Actin  [Source:UniProtKB/TrEMBL;Acc:A0A8J2LSC8],Cercopithifilaria johnstoni (PRJEB47283),protein_coding,cejohnprjeb47283
CJOHNSTONI_LOCUS7744,rna-CJOHNSTONI_LOCUS7744,148,protein_coding,Guanylate cyclase domain-containing protein  [Source:UniProtKB/TrEMBL;Acc:A0A8J2MAE8],Cercopithifilaria johnstoni (PRJEB47283),protein_coding,cejohnprjeb47283
CJOHNSTONI_LOCUS4661,rna-CJOHNSTONI_LOCUS4661,153,protein_coding,RING-type E3 ubiquitin transferase  [Source:UniProtKB/TrEMBL;Acc:A0A8J2M1Z4],Cercopithifilaria johnstoni (PRJEB47283),protein_coding,cejohnprjeb47283
CJOHNSTONI_LOCUS2513,rna-CJOHNSTONI_LOCUS2513,385,protein_coding,Col_cuticle_N domain-containing protein  [Source:UniProtKB/TrEMBL;Acc:A0A8J2LRZ5],Cercopithifilaria johnstoni (PRJEB47283),protein_coding,cejohnprjeb47283
CJOHNSTONI_LOCUS6908,rna-CJOHNSTONI_LOCUS6908,296,protein_coding,Secreted protein  [Source:UniProtKB/TrEMBL;Acc:A0A8J2M175],Cercopithifilaria johnstoni (PRJEB47283),protein_coding,cejohnprjeb47283
CJOHNSTONI_LOCUS1120,rna-CJOHNSTONI_LOCUS1120,559,protein_coding,MI domain-containing protein  [Source:UniProtKB/TrEMBL;Acc:A0A8J2Q0G6],Cercopithifilaria johnstoni (PRJEB47283),protein_coding,cejohnprjeb47283
CJOHNSTONI_LOCUS1312,rna-CJOHNSTONI_LOCUS1312,116,protein_coding,Mitochondrial import inner membrane translocase subunit  [Source:UniProtKB/TrEMBL;Acc:A0A8J2PQC9],Cercopithifilaria johnstoni (PRJEB47283),protein_coding,cejohnprjeb47283
CJOHNSTONI_LOCUS9239,rna-CJOHNSTONI_LOCUS9239,473,protein_coding,Protein grainyhead  [Source:UniProtKB/TrEMBL;Acc:A0A8J2M4C1],Cercopithifilaria johnstoni (PRJEB47283),protein_coding,cejohnprjeb47283
CJOHNSTONI_LOCUS4179,rna-CJOHNSTONI_LOCUS4179,192,protein_coding,Cytochrome c oxidase assembly protein COX15  [Source:UniProtKB/TrEMBL;Acc:A0A8J2Q331],Cercopithifilaria johnstoni (PRJEB47283),protein_coding,cejohnprjeb47283
CJOHNSTONI_LOCUS10534,rna-CJOHNSTONI_LOCUS10534,620,protein_coding,PHD-type domain-containing protein  [Source:UniProtKB/TrEMBL;Acc:A0A8J2MGM0],Cercopithifilaria johnstoni (PRJEB47283),protein_coding,cejohnprjeb47283
CJOHNSTONI_LOCUS2907,rna-CJOHNSTONI_LOCUS2907,268,protein_coding,Histone acetyltransferase  [Source:UniProtKB/TrEMBL;Acc:A0A8J2M084],Cercopithifilaria johnstoni (PRJEB47283),protein_coding,cejohnprjeb47283
CJOHNSTONI_LOCUS1123,rna-CJOHNSTONI_LOCUS1123,245,protein_coding,J domain-containing protein  [Source:UniProtKB/TrEMBL;Acc:A0A8J2LPK1],Cercopithifilaria johnstoni (PRJEB47283),protein_coding,cejohnprjeb47283
CJOHNSTONI_LOCUS4599,rna-CJOHNSTONI_LOCUS4599,277,protein_coding,Neur_chan_LBD domain-containing protein  [Source:UniProtKB/TrEMBL;Acc:A0A8J2Q3F5],Cercopithifilaria johnstoni (PRJEB47283),protein_coding,cejohnprjeb47283
CJOHNSTONI_LOCUS9241,rna-CJOHNSTONI_LOCUS9241,164,protein_coding,ZP domain-containing protein  [Source:UniProtKB/TrEMBL;Acc:A0A8J2MBP5],Cercopithifilaria johnstoni (PRJEB47283),protein_coding,cejohnprjeb47283
CJOHNSTONI_LOCUS6604,rna-CJOHNSTONI_LOCUS6604,167,protein_coding,DUF3456 domain-containing protein  [Source:UniProtKB/TrEMBL;Acc:A0A8J2Q844],Cercopithifilaria johnstoni (PRJEB47283),protein_coding,cejohnprjeb47283
CJOHNSTONI_LOCUS4858,rna-CJOHNSTONI_LOCUS4858,103,protein_coding,DUF4440 domain-containing protein  [Source:UniProtKB/TrEMBL;Acc:A0A8J2M699],Cercopithifilaria johnstoni (PRJEB47283),protein_coding,cejohnprjeb47283
CJOHNSTONI_LOCUS8092,rna-CJOHNSTONI_LOCUS8092,203,protein_coding,V-type proton ATPase subunit a  [Source:UniProtKB/TrEMBL;Acc:A0A8J2Q2W9],Cercopithifilaria johnstoni (PRJEB47283),protein_coding,cejohnprjeb47283
CJOHNSTONI_LOCUS4180,rna-CJOHNSTONI_LOCUS4180,267,protein_coding,WD_REPEATS_REGION domain-containing protein  [Source:UniProtKB/TrEMBL;Acc:A0A8J2Q9U7],Cercopithifilaria johnstoni (PRJEB47283),protein_coding,cejohnprjeb47283
CJOHNSTONI_LOCUS3383,rna-CJOHNSTONI_LOCUS3383,172,protein_coding,Transmembrane protein 41A  [Source:UniProtKB/TrEMBL;Acc:A0A8J2Q2G4],Cercopithifilaria johnstoni (PRJEB47283),protein_coding,cejohnprjeb47283
CJOHNSTONI_LOCUS8113,rna-CJOHNSTONI_LOCUS8113,629,protein_coding,Zinc finger protein 239-like  [Source:UniProtKB/TrEMBL;Acc:A0A8J2MSN4],Cercopithifilaria johnstoni (PRJEB47283),protein_coding,cejohnprjeb47283
CJOHNSTONI_LOCUS6973,rna-CJOHNSTONI_LOCUS6973,150,protein_coding,Endoplasmic reticulum transmembrane protein  [Source:UniProtKB/TrEMBL;Acc:A0A8J2Q5K1],Cercopithifilaria johnstoni (PRJEB47283),protein_coding,cejohnprjeb47283
CJOHNSTONI_LOCUS1024,rna-CJOHNSTONI_LOCUS1024,167,protein_coding,C2 domain-containing protein  [Source:UniProtKB/TrEMBL;Acc:A0A8J2PW37],Cercopithifilaria johnstoni (PRJEB47283),protein_coding,cejohnprjeb47283
CJOHNSTONI_LOCUS5034,rna-CJOHNSTONI_LOCUS5034,217,protein_coding,CP-type G domain-containing protein  [Source:UniProtKB/TrEMBL;Acc:A0A8J2M6M0],Cercopithifilaria johnstoni (PRJEB47283),protein_coding,cejohnprjeb47283
CJOHNSTONI_LOCUS6681,rna-CJOHNSTONI_LOCUS6681,166,protein_coding,Ribosome biogenesis regulatory protein  [Source:UniProtKB/TrEMBL;Acc:A0A8J2M7Z1],Cercopithifilaria johnstoni (PRJEB47283),protein_coding,cejohnprjeb47283
CJOHNSTONI_LOCUS3809,rna-CJOHNSTONI_LOCUS3809,654,protein_coding,C2H2-type domain-containing protein  [Source:UniProtKB/TrEMBL;Acc:A0A8J2M1Q1],Cercopithifilaria johnstoni (PRJEB47283),protein_coding,cejohnprjeb47283
CJOHNSTONI_LOCUS2721,rna-CJOHNSTONI_LOCUS2721,585,protein_coding,Protein kinase domain-containing protein  [Source:UniProtKB/TrEMBL;Acc:A0A8J2ML92],Cercopithifilaria johnstoni (PRJEB47283),protein_coding,cejohnprjeb47283
CJOHNSTONI_LOCUS6016,rna-CJOHNSTONI_LOCUS6016,281,protein_coding,Tumor necrosis factor alpha-induced protein 8-like protein  [Source:UniProtKB/TrEMBL;Acc:A0A8J2Q7R7],Cercopithifilaria johnstoni (PRJEB47283),protein_coding,cejohnprjeb47283
CJOHNSTONI_LOCUS1071,rna-CJOHNSTONI_LOCUS1071,836,protein_coding,Gastrula zinc finger protein XlCGF7.1-like  [Source:UniProtKB/TrEMBL;Acc:A0A8J2LZU6],Cercopithifilaria johnstoni (PRJEB47283),protein_coding,cejohnprjeb47283
CJOHNSTONI_LOCUS8247,rna-CJOHNSTONI_LOCUS8247,296,protein_coding,Conserved plasma membrane protein  [Source:UniProtKB/TrEMBL;Acc:A0A8J2MSP3],Cercopithifilaria johnstoni (PRJEB47283),protein_coding,cejohnprjeb47283
CJOHNSTONI_LOCUS9318,rna-CJOHNSTONI_LOCUS9318,236,protein_coding,MPN domain-containing protein  [Source:UniProtKB/TrEMBL;Acc:A0A8J2MDD5],Cercopithifilaria johnstoni (PRJEB47283),protein_coding,cejohnprjeb47283
CJOHNSTONI_LOCUS673,rna-CJOHNSTONI_LOCUS673,223,protein_coding,,Cercopithifilaria johnstoni (PRJEB47283),protein_coding,cejohnprjeb47283
CJOHNSTONI_LOCUS1423,rna-CJOHNSTONI_LOCUS1423,152,protein_coding,Eukaryotic translation initiation factor 5A  [Source:UniProtKB/TrEMBL;Acc:A0A8J2LXY1],Cercopithifilaria johnstoni (PRJEB47283),protein_coding,cejohnprjeb47283
CJOHNSTONI_LOCUS4427,rna-CJOHNSTONI_LOCUS4427,225,protein_coding,Thioredoxin domain-containing protein  [Source:UniProtKB/TrEMBL;Acc:A0A8J2MMK9],Cercopithifilaria johnstoni (PRJEB47283),protein_coding,cejohnprjeb47283
CJOHNSTONI_LOCUS4541,rna-CJOHNSTONI_LOCUS4541,187,protein_coding,4HBT domain-containing protein  [Source:UniProtKB/TrEMBL;Acc:A0A8J2M5Q6],Cercopithifilaria johnstoni (PRJEB47283),protein_coding,cejohnprjeb47283
CJOHNSTONI_LOCUS6499,rna-CJOHNSTONI_LOCUS6499,491,protein_coding,Splicing factor YJU2  [Source:UniProtKB/TrEMBL;Acc:A0A8J2MQH5],Cercopithifilaria johnstoni (PRJEB47283),protein_coding,cejohnprjeb47283
CJOHNSTONI_LOCUS1797,rna-CJOHNSTONI_LOCUS1797,212,protein_coding,HisKA domain-containing protein  [Source:UniProtKB/TrEMBL;Acc:A0A8J2MJL1],Cercopithifilaria johnstoni (PRJEB47283),protein_coding,cejohnprjeb47283
CJOHNSTONI_LOCUS9507,rna-CJOHNSTONI_LOCUS9507,240,protein_coding,MFS domain-containing protein  [Source:UniProtKB/TrEMBL;Acc:A0A8J2MC98],Cercopithifilaria johnstoni (PRJEB47283),protein_coding,cejohnprjeb47283
CJOHNSTONI_LOCUS4516,rna-CJOHNSTONI_LOCUS4516,214,protein_coding,AATF-Che1 domain-containing protein  [Source:UniProtKB/TrEMBL;Acc:A0A8J2M3I3],Cercopithifilaria johnstoni (PRJEB47283),protein_coding,cejohnprjeb47283
CJOHNSTONI_LOCUS2171,rna-CJOHNSTONI_LOCUS2171,100,protein_coding,RPOL4c domain-containing protein  [Source:UniProtKB/TrEMBL;Acc:A0A8J2LRB3],Cercopithifilaria johnstoni (PRJEB47283),protein_coding,cejohnprjeb47283
CJOHNSTONI_LOCUS8056,rna-CJOHNSTONI_LOCUS8056,295,protein_coding,"Lon protease homolog, mitochondrial  [Source:UniProtKB/TrEMBL;Acc:A0A8J2MSB7]",Cercopithifilaria johnstoni (PRJEB47283),protein_coding,cejohnprjeb47283
CJOHNSTONI_LOCUS3748,rna-CJOHNSTONI_LOCUS3748,353,protein_coding,Signal recognition particle subunit SRP72  [Source:UniProtKB/TrEMBL;Acc:A0A8J2M4L2],Cercopithifilaria johnstoni (PRJEB47283),protein_coding,cejohnprjeb47283
CJOHNSTONI_LOCUS2475,rna-CJOHNSTONI_LOCUS2475,174,protein_coding,,Cercopithifilaria johnstoni (PRJEB47283),protein_coding,cejohnprjeb47283
CJOHNSTONI_LOCUS2497,rna-CJOHNSTONI_LOCUS2497,302,protein_coding,Elongator complex protein 5  [Source:UniProtKB/TrEMBL;Acc:A0A8J2Q1L3],Cercopithifilaria johnstoni (PRJEB47283),protein_coding,cejohnprjeb47283
CJOHNSTONI_LOCUS1231,rna-CJOHNSTONI_LOCUS1231,366,protein_coding,Peptidase M12B domain-containing protein  [Source:UniProtKB/TrEMBL;Acc:A0A8J2PQ92],Cercopithifilaria johnstoni (PRJEB47283),protein_coding,cejohnprjeb47283
CJOHNSTONI_LOCUS6512,rna-CJOHNSTONI_LOCUS6512,227,protein_coding,RNA helicase  [Source:UniProtKB/TrEMBL;Acc:A0A8J2M696],Cercopithifilaria johnstoni (PRJEB47283),protein_coding,cejohnprjeb47283
CJOHNSTONI_LOCUS7818,rna-CJOHNSTONI_LOCUS7818,207,protein_coding,Carn_acyltransf domain-containing protein  [Source:UniProtKB/TrEMBL;Acc:A0A8J2M966],Cercopithifilaria johnstoni (PRJEB47283),protein_coding,cejohnprjeb47283
CJOHNSTONI_LOCUS9919,rna-CJOHNSTONI_LOCUS9919,429,protein_coding,SAP30_Sin3_bdg domain-containing protein  [Source:UniProtKB/TrEMBL;Acc:A0A8J2QB76],Cercopithifilaria johnstoni (PRJEB47283),protein_coding,cejohnprjeb47283
CJOHNSTONI_LOCUS2578,rna-CJOHNSTONI_LOCUS2578,305,protein_coding,non-specific serine/threonine protein kinase  [Source:UniProtKB/TrEMBL;Acc:A0A8J2Q4U9],Cercopithifilaria johnstoni (PRJEB47283),protein_coding,cejohnprjeb47283
CJOHNSTONI_LOCUS3705,rna-CJOHNSTONI_LOCUS3705,775,protein_coding,Coiled-coil domain-containing protein 22 homolog  [Source:UniProtKB/TrEMBL;Acc:A0A8J2PZ77],Cercopithifilaria johnstoni (PRJEB47283),protein_coding,cejohnprjeb47283
CJOHNSTONI_LOCUS1203,rna-CJOHNSTONI_LOCUS1203,2445,protein_coding,,Cercopithifilaria johnstoni (PRJEB47283),protein_coding,cejohnprjeb47283
CJOHNSTONI_LOCUS187,rna-CJOHNSTONI_LOCUS187,356,protein_coding,G_PROTEIN_RECEP_F1_2 domain-containing protein  [Source:UniProtKB/TrEMBL;Acc:A0A8J2LTM1],Cercopithifilaria johnstoni (PRJEB47283),protein_coding,cejohnprjeb47283
CJOHNSTONI_LOCUS100,rna-CJOHNSTONI_LOCUS100,110,protein_coding,Heat shock protein 70  [Source:UniProtKB/TrEMBL;Acc:A0A8J2LY33],Cercopithifilaria johnstoni (PRJEB47283),protein_coding,cejohnprjeb47283
CJOHNSTONI_LOCUS7871,rna-CJOHNSTONI_LOCUS7871,220,protein_coding,"Splicing factor, arginine/serine-rich 1  [Source:UniProtKB/TrEMBL;Acc:A0A8J2MA50]",Cercopithifilaria johnstoni (PRJEB47283),protein_coding,cejohnprjeb47283
CJOHNSTONI_LOCUS2966,rna-CJOHNSTONI_LOCUS2966,462,protein_coding,RING-type domain-containing protein  [Source:UniProtKB/TrEMBL;Acc:A0A8J2Q256],Cercopithifilaria johnstoni (PRJEB47283),protein_coding,cejohnprjeb47283
CJOHNSTONI_LOCUS4544,rna-CJOHNSTONI_LOCUS4544,118,protein_coding,Ras-like protein 2  [Source:UniProtKB/TrEMBL;Acc:A0A8J2M305],Cercopithifilaria johnstoni (PRJEB47283),protein_coding,cejohnprjeb47283
CJOHNSTONI_LOCUS6777,rna-CJOHNSTONI_LOCUS6777,263,protein_coding,SET domain-containing protein  [Source:UniProtKB/TrEMBL;Acc:A0A8J2Q884],Cercopithifilaria johnstoni (PRJEB47283),protein_coding,cejohnprjeb47283
CJOHNSTONI_LOCUS8549,rna-CJOHNSTONI_LOCUS8549,338,protein_coding,BZIP domain-containing protein  [Source:UniProtKB/TrEMBL;Acc:A0A8J2MDU7],Cercopithifilaria johnstoni (PRJEB47283),protein_coding,cejohnprjeb47283
CJOHNSTONI_LOCUS5475,rna-CJOHNSTONI_LOCUS5475,255,protein_coding,CBM21 domain-containing protein  [Source:UniProtKB/TrEMBL;Acc:A0A8J2PTV9],Cercopithifilaria johnstoni (PRJEB47283),protein_coding,cejohnprjeb47283
CJOHNSTONI_LOCUS1358,rna-CJOHNSTONI_LOCUS1358,188,protein_coding,FIP-RBD domain-containing protein  [Source:UniProtKB/TrEMBL;Acc:A0A8J2Q0P3],Cercopithifilaria johnstoni (PRJEB47283),protein_coding,cejohnprjeb47283
CJOHNSTONI_LOCUS10048,rna-CJOHNSTONI_LOCUS10048,418,protein_coding,,Cercopithifilaria johnstoni (PRJEB47283),protein_coding,cejohnprjeb47283
CJOHNSTONI_LOCUS8765,rna-CJOHNSTONI_LOCUS8765,1559,protein_coding,SUN domain-containing protein  [Source:UniProtKB/TrEMBL;Acc:A0A8J2MAZ0],Cercopithifilaria johnstoni (PRJEB47283),protein_coding,cejohnprjeb47283
CJOHNSTONI_LOCUS10453,rna-CJOHNSTONI_LOCUS10453,212,protein_coding,Protein-tyrosine phosphatase  [Source:UniProtKB/TrEMBL;Acc:A0A8J2QBB5],Cercopithifilaria johnstoni (PRJEB47283),protein_coding,cejohnprjeb47283
CJOHNSTONI_LOCUS3758,rna-CJOHNSTONI_LOCUS3758,363,protein_coding,MYND-type domain-containing protein  [Source:UniProtKB/TrEMBL;Acc:A0A8J2LRQ6],Cercopithifilaria johnstoni (PRJEB47283),protein_coding,cejohnprjeb47283
CJOHNSTONI_LOCUS2521,rna-CJOHNSTONI_LOCUS2521,5588,protein_coding,Ig-like domain-containing protein  [Source:UniProtKB/TrEMBL;Acc:A0A8J2LZX4],Cercopithifilaria johnstoni (PRJEB47283),protein_coding,cejohnprjeb47283
CJOHNSTONI_LOCUS8709,rna-CJOHNSTONI_LOCUS8709,190,protein_coding,F-box domain-containing protein  [Source:UniProtKB/TrEMBL;Acc:A0A8J2ME36],Cercopithifilaria johnstoni (PRJEB47283),protein_coding,cejohnprjeb47283
CJOHNSTONI_LOCUS6720,rna-CJOHNSTONI_LOCUS6720,124,protein_coding,SURF1-like protein  [Source:UniProtKB/TrEMBL;Acc:A0A8J2M773],Cercopithifilaria johnstoni (PRJEB47283),protein_coding,cejohnprjeb47283
CJOHNSTONI_LOCUS980,rna-CJOHNSTONI_LOCUS980,199,protein_coding,Beta-glucuronidase  [Source:UniProtKB/TrEMBL;Acc:A0A8J2Q0C4],Cercopithifilaria johnstoni (PRJEB47283),protein_coding,cejohnprjeb47283
CJOHNSTONI_LOCUS10210,rna-CJOHNSTONI_LOCUS10210,177,protein_coding,Elongin-C  [Source:UniProtKB/TrEMBL;Acc:A0A8J2M7R1],Cercopithifilaria johnstoni (PRJEB47283),protein_coding,cejohnprjeb47283
CJOHNSTONI_LOCUS5829,rna-CJOHNSTONI_LOCUS5829,279,protein_coding,Dus domain-containing protein  [Source:UniProtKB/TrEMBL;Acc:A0A8J2Q120],Cercopithifilaria johnstoni (PRJEB47283),protein_coding,cejohnprjeb47283
CJOHNSTONI_LOCUS3471,rna-CJOHNSTONI_LOCUS3471,138,protein_coding,Small nuclear ribonucleoprotein E  [Source:UniProtKB/TrEMBL;Acc:A0A8J2Q9J6],Cercopithifilaria johnstoni (PRJEB47283),protein_coding,cejohnprjeb47283
CJOHNSTONI_LOCUS5114,rna-CJOHNSTONI_LOCUS5114,201,protein_coding,diphthine methyl ester synthase  [Source:UniProtKB/TrEMBL;Acc:A0A8J2LV01],Cercopithifilaria johnstoni (PRJEB47283),protein_coding,cejohnprjeb47283
CJOHNSTONI_LOCUS8175,rna-CJOHNSTONI_LOCUS8175,255,protein_coding,Protein CPR-5  [Source:UniProtKB/TrEMBL;Acc:A0A8J2Q6A7],Cercopithifilaria johnstoni (PRJEB47283),protein_coding,cejohnprjeb47283
CJOHNSTONI_LOCUS1021,rna-CJOHNSTONI_LOCUS1021,530,protein_coding,Protein unc-13  [Source:UniProtKB/TrEMBL;Acc:A0A8J2Q3K4],Cercopithifilaria johnstoni (PRJEB47283),protein_coding,cejohnprjeb47283
CJOHNSTONI_LOCUS8774,rna-CJOHNSTONI_LOCUS8774,152,protein_coding,COPI_C domain-containing protein  [Source:UniProtKB/TrEMBL;Acc:A0A8J2MTJ5],Cercopithifilaria johnstoni (PRJEB47283),protein_coding,cejohnprjeb47283
CJOHNSTONI_LOCUS4452,rna-CJOHNSTONI_LOCUS4452,288,protein_coding,EF-hand domain-containing protein  [Source:UniProtKB/TrEMBL;Acc:A0A8J2M1M0],Cercopithifilaria johnstoni (PRJEB47283),protein_coding,cejohnprjeb47283
CJOHNSTONI_LOCUS4569,rna-CJOHNSTONI_LOCUS4569,211,protein_coding,DnaJ homolog subfamily C member 21  [Source:UniProtKB/TrEMBL;Acc:A0A8J2M3P7],Cercopithifilaria johnstoni (PRJEB47283),protein_coding,cejohnprjeb47283
CJOHNSTONI_LOCUS2669,rna-CJOHNSTONI_LOCUS2669,239,protein_coding,Cytochrome b5 heme-binding domain-containing protein  [Source:UniProtKB/TrEMBL;Acc:A0A8J2M062],Cercopithifilaria johnstoni (PRJEB47283),protein_coding,cejohnprjeb47283
CJOHNSTONI_LOCUS4055,rna-CJOHNSTONI_LOCUS4055,173,protein_coding,Proteasome subunit beta type-7  [Source:UniProtKB/TrEMBL;Acc:A0A8J2M0R1],Cercopithifilaria johnstoni (PRJEB47283),protein_coding,cejohnprjeb47283
CJOHNSTONI_LOCUS8131,rna-CJOHNSTONI_LOCUS8131,254,protein_coding,G_PROTEIN_RECEP_F1_2 domain-containing protein  [Source:UniProtKB/TrEMBL;Acc:A0A8J2M9T2],Cercopithifilaria johnstoni (PRJEB47283),protein_coding,cejohnprjeb47283
CJOHNSTONI_LOCUS5781,rna-CJOHNSTONI_LOCUS5781,153,protein_coding,,Cercopithifilaria johnstoni (PRJEB47283),protein_coding,cejohnprjeb47283
CJOHNSTONI_LOCUS5950,rna-CJOHNSTONI_LOCUS5950,205,protein_coding,Non-specific serine/threonine protein kinase  [Source:UniProtKB/TrEMBL;Acc:A0A8J2Q159],Cercopithifilaria johnstoni (PRJEB47283),protein_coding,cejohnprjeb47283
CJOHNSTONI_LOCUS3178,rna-CJOHNSTONI_LOCUS3178,217,protein_coding,,Cercopithifilaria johnstoni (PRJEB47283),protein_coding,cejohnprjeb47283
CJOHNSTONI_LOCUS8932,rna-CJOHNSTONI_LOCUS8932,222,protein_coding,,Cercopithifilaria johnstoni (PRJEB47283),protein_coding,cejohnprjeb47283
CJOHNSTONI_LOCUS9427,rna-CJOHNSTONI_LOCUS9427,200,protein_coding,Rab5-interacting protein  [Source:UniProtKB/TrEMBL;Acc:A0A8J2MUI1],Cercopithifilaria johnstoni (PRJEB47283),protein_coding,cejohnprjeb47283
CJOHNSTONI_LOCUS7931,rna-CJOHNSTONI_LOCUS7931,267,protein_coding,HRDC domain-containing protein  [Source:UniProtKB/TrEMBL;Acc:A0A8J2M262],Cercopithifilaria johnstoni (PRJEB47283),protein_coding,cejohnprjeb47283
CJOHNSTONI_LOCUS3404,rna-CJOHNSTONI_LOCUS3404,219,protein_coding,,Cercopithifilaria johnstoni (PRJEB47283),protein_coding,cejohnprjeb47283
CJOHNSTONI_LOCUS3410,rna-CJOHNSTONI_LOCUS3410,214,protein_coding,glutaminase  [Source:UniProtKB/TrEMBL;Acc:A0A8J2Q5J8],Cercopithifilaria johnstoni (PRJEB47283),protein_coding,cejohnprjeb47283
CJOHNSTONI_LOCUS7349,rna-CJOHNSTONI_LOCUS7349,266,protein_coding,G-patch domain-containing protein  [Source:UniProtKB/TrEMBL;Acc:A0A8J2Q2A7],Cercopithifilaria johnstoni (PRJEB47283),protein_coding,cejohnprjeb47283
CJOHNSTONI_LOCUS5845,rna-CJOHNSTONI_LOCUS5845,361,protein_coding,Col_cuticle_N domain-containing protein  [Source:UniProtKB/TrEMBL;Acc:A0A8J2LYV9],Cercopithifilaria johnstoni (PRJEB47283),protein_coding,cejohnprjeb47283
CJOHNSTONI_LOCUS1688,rna-CJOHNSTONI_LOCUS1688,173,protein_coding,Ectonucleotide pyrophosphatase/phosphodiesterase family member 4  [Source:UniProtKB/TrEMBL;Acc:A0A8J2LWI1],Cercopithifilaria johnstoni (PRJEB47283),protein_coding,cejohnprjeb47283
CJOHNSTONI_LOCUS8606,rna-CJOHNSTONI_LOCUS8606,1207,protein_coding,IPT/TIG domain-containing protein  [Source:UniProtKB/TrEMBL;Acc:A0A8J2MAP0],Cercopithifilaria johnstoni (PRJEB47283),protein_coding,cejohnprjeb47283
CJOHNSTONI_LOCUS3263,rna-CJOHNSTONI_LOCUS3263,257,protein_coding,DNA-directed RNA polymerase III subunit RPC3  [Source:UniProtKB/TrEMBL;Acc:A0A8J2ML87],Cercopithifilaria johnstoni (PRJEB47283),protein_coding,cejohnprjeb47283
CJOHNSTONI_LOCUS7489,rna-CJOHNSTONI_LOCUS7489,202,protein_coding,Nose resistant to fluoxetine protein 6  [Source:UniProtKB/TrEMBL;Acc:A0A8J2PW46],Cercopithifilaria johnstoni (PRJEB47283),protein_coding,cejohnprjeb47283
CJOHNSTONI_LOCUS479,rna-CJOHNSTONI_LOCUS479,226,protein_coding,Amiloride-sensitive sodium channel  [Source:UniProtKB/TrEMBL;Acc:A0A8J2PPL8],Cercopithifilaria johnstoni (PRJEB47283),protein_coding,cejohnprjeb47283
CJOHNSTONI_LOCUS5205,rna-CJOHNSTONI_LOCUS5205,260,protein_coding,Peptidase M12B domain-containing protein  [Source:UniProtKB/TrEMBL;Acc:A0A8J2QA79],Cercopithifilaria johnstoni (PRJEB47283),protein_coding,cejohnprjeb47283
CJOHNSTONI_LOCUS4244,rna-CJOHNSTONI_LOCUS4244,364,protein_coding,EGF-like domain-containing protein  [Source:UniProtKB/TrEMBL;Acc:A0A8J2M347],Cercopithifilaria johnstoni (PRJEB47283),protein_coding,cejohnprjeb47283
CJOHNSTONI_LOCUS4944,rna-CJOHNSTONI_LOCUS4944,164,protein_coding,Secreted protein  [Source:UniProtKB/TrEMBL;Acc:A0A8J2Q761],Cercopithifilaria johnstoni (PRJEB47283),protein_coding,cejohnprjeb47283
CJOHNSTONI_LOCUS7401,rna-CJOHNSTONI_LOCUS7401,102,protein_coding,Interglobin  [Source:UniProtKB/TrEMBL;Acc:A0A8J2M193],Cercopithifilaria johnstoni (PRJEB47283),protein_coding,cejohnprjeb47283
CJOHNSTONI_LOCUS1591,rna-CJOHNSTONI_LOCUS1591,194,protein_coding,Ground-like domain-containing protein  [Source:UniProtKB/TrEMBL;Acc:A0A8J2LYA2],Cercopithifilaria johnstoni (PRJEB47283),protein_coding,cejohnprjeb47283
CJOHNSTONI_LOCUS5876,rna-CJOHNSTONI_LOCUS5876,247,protein_coding,Rab-GAP TBC domain-containing protein  [Source:UniProtKB/TrEMBL;Acc:A0A8J2M6K0],Cercopithifilaria johnstoni (PRJEB47283),protein_coding,cejohnprjeb47283
CJOHNSTONI_LOCUS6966,rna-CJOHNSTONI_LOCUS6966,230,protein_coding,G_PROTEIN_RECEP_F1_2 domain-containing protein  [Source:UniProtKB/TrEMBL;Acc:A0A8J2MR21],Cercopithifilaria johnstoni (PRJEB47283),protein_coding,cejohnprjeb47283
CJOHNSTONI_LOCUS7104,rna-CJOHNSTONI_LOCUS7104,204,protein_coding,Tripeptidyl-peptidase 2  [Source:UniProtKB/TrEMBL;Acc:A0A8J2Q5N5],Cercopithifilaria johnstoni (PRJEB47283),protein_coding,cejohnprjeb47283
CJOHNSTONI_LOCUS8843,rna-CJOHNSTONI_LOCUS8843,362,protein_coding,HP domain-containing protein  [Source:UniProtKB/TrEMBL;Acc:A0A8J2MCU4],Cercopithifilaria johnstoni (PRJEB47283),protein_coding,cejohnprjeb47283
CJOHNSTONI_LOCUS8133,rna-CJOHNSTONI_LOCUS8133,262,protein_coding,Cadherin-related tumor suppressor  [Source:UniProtKB/TrEMBL;Acc:A0A8J2PX21],Cercopithifilaria johnstoni (PRJEB47283),protein_coding,cejohnprjeb47283
CJOHNSTONI_LOCUS7719,rna-CJOHNSTONI_LOCUS7719,357,protein_coding,RING-type domain-containing protein  [Source:UniProtKB/TrEMBL;Acc:A0A8J2Q2M0],Cercopithifilaria johnstoni (PRJEB47283),protein_coding,cejohnprjeb47283
CJOHNSTONI_LOCUS5637,rna-CJOHNSTONI_LOCUS5637,252,protein_coding,Laminin EGF-like domain-containing protein  [Source:UniProtKB/TrEMBL;Acc:A0A8J2MPC8],Cercopithifilaria johnstoni (PRJEB47283),protein_coding,cejohnprjeb47283
CJOHNSTONI_LOCUS6751,rna-CJOHNSTONI_LOCUS6751,238,protein_coding,MRH domain-containing protein  [Source:UniProtKB/TrEMBL;Acc:A0A8J2QAJ4],Cercopithifilaria johnstoni (PRJEB47283),protein_coding,cejohnprjeb47283
CJOHNSTONI_LOCUS6580,rna-CJOHNSTONI_LOCUS6580,203,protein_coding,,Cercopithifilaria johnstoni (PRJEB47283),protein_coding,cejohnprjeb47283
CJOHNSTONI_LOCUS397,rna-CJOHNSTONI_LOCUS397,224,protein_coding,Ovule protein  [Source:UniProtKB/TrEMBL;Acc:A0A8J2LW35],Cercopithifilaria johnstoni (PRJEB47283),protein_coding,cejohnprjeb47283
CJOHNSTONI_LOCUS4614,rna-CJOHNSTONI_LOCUS4614,199,protein_coding,BACK domain-containing protein  [Source:UniProtKB/TrEMBL;Acc:A0A8J2PZZ2],Cercopithifilaria johnstoni (PRJEB47283),protein_coding,cejohnprjeb47283
CJOHNSTONI_LOCUS3225,rna-CJOHNSTONI_LOCUS3225,192,protein_coding,"Leucine-rich PPR motif-containing protein, mitochondrial  [Source:UniProtKB/TrEMBL;Acc:A0A8J2M3L4]",Cercopithifilaria johnstoni (PRJEB47283),protein_coding,cejohnprjeb47283
CJOHNSTONI_LOCUS10540,rna-CJOHNSTONI_LOCUS10540,156,protein_coding,H/ACA ribonucleoprotein complex subunit  [Source:UniProtKB/TrEMBL;Acc:A0A8J2M8D3],Cercopithifilaria johnstoni (PRJEB47283),protein_coding,cejohnprjeb47283
CJOHNSTONI_LOCUS7821,rna-CJOHNSTONI_LOCUS7821,213,protein_coding,40S ribosomal protein S19  [Source:UniProtKB/TrEMBL;Acc:A0A8J2Q2P6],Cercopithifilaria johnstoni (PRJEB47283),protein_coding,cejohnprjeb47283
CJOHNSTONI_LOCUS9336,rna-CJOHNSTONI_LOCUS9336,208,protein_coding,Transmembrane protein  [Source:UniProtKB/TrEMBL;Acc:A0A8J2PY35],Cercopithifilaria johnstoni (PRJEB47283),protein_coding,cejohnprjeb47283
CJOHNSTONI_LOCUS2028,rna-CJOHNSTONI_LOCUS2028,191,protein_coding,ABC transporter domain-containing protein  [Source:UniProtKB/TrEMBL;Acc:A0A8J2LX93],Cercopithifilaria johnstoni (PRJEB47283),protein_coding,cejohnprjeb47283
CJOHNSTONI_LOCUS5053,rna-CJOHNSTONI_LOCUS5053,165,protein_coding,Paired domain-containing protein  [Source:UniProtKB/TrEMBL;Acc:A0A8J2Q786],Cercopithifilaria johnstoni (PRJEB47283),protein_coding,cejohnprjeb47283
CJOHNSTONI_LOCUS7858,rna-CJOHNSTONI_LOCUS7858,275,protein_coding,,Cercopithifilaria johnstoni (PRJEB47283),protein_coding,cejohnprjeb47283
CJOHNSTONI_LOCUS189,rna-CJOHNSTONI_LOCUS189,238,protein_coding,"Acyl-CoA synthetase family member 2, mitochondrial  [Source:UniProtKB/TrEMBL;Acc:A0A8J2LVQ6]",Cercopithifilaria johnstoni (PRJEB47283),protein_coding,cejohnprjeb47283
CJOHNSTONI_LOCUS4582,rna-CJOHNSTONI_LOCUS4582,419,protein_coding,,Cercopithifilaria johnstoni (PRJEB47283),protein_coding,cejohnprjeb47283
CJOHNSTONI_LOCUS6957,rna-CJOHNSTONI_LOCUS6957,308,protein_coding,protein-tyrosine-phosphatase  [Source:UniProtKB/TrEMBL;Acc:A0A8J2Q8B0],Cercopithifilaria johnstoni (PRJEB47283),protein_coding,cejohnprjeb47283
CJOHNSTONI_LOCUS2999,rna-CJOHNSTONI_LOCUS2999,209,protein_coding,RNA helicase  [Source:UniProtKB/TrEMBL;Acc:A0A8J2MLI9],Cercopithifilaria johnstoni (PRJEB47283),protein_coding,cejohnprjeb47283
CJOHNSTONI_LOCUS2493,rna-CJOHNSTONI_LOCUS2493,286,protein_coding,DNA replication licensing factor MCM2  [Source:UniProtKB/TrEMBL;Acc:A0A8J2LZV5],Cercopithifilaria johnstoni (PRJEB47283),protein_coding,cejohnprjeb47283
CJOHNSTONI_LOCUS3913,rna-CJOHNSTONI_LOCUS3913,229,protein_coding,J domain-containing protein  [Source:UniProtKB/TrEMBL;Acc:A0A8J2LUU6],Cercopithifilaria johnstoni (PRJEB47283),protein_coding,cejohnprjeb47283
CJOHNSTONI_LOCUS3581,rna-CJOHNSTONI_LOCUS3581,179,protein_coding,Poly(RC)-binding protein 3  [Source:UniProtKB/TrEMBL;Acc:A0A8J2LZY0],Cercopithifilaria johnstoni (PRJEB47283),protein_coding,cejohnprjeb47283
CJOHNSTONI_LOCUS9841,rna-CJOHNSTONI_LOCUS9841-2,213,protein_coding,Microcephalin  [Source:UniProtKB/TrEMBL;Acc:A0A8J2MUH8],Cercopithifilaria johnstoni (PRJEB47283),protein_coding,cejohnprjeb47283
CJOHNSTONI_LOCUS8661,rna-CJOHNSTONI_LOCUS8661,250,protein_coding,Metallophos domain-containing protein  [Source:UniProtKB/TrEMBL;Acc:A0A8J2Q6I1],Cercopithifilaria johnstoni (PRJEB47283),protein_coding,cejohnprjeb47283
CJOHNSTONI_LOCUS2881,rna-CJOHNSTONI_LOCUS2881,188,protein_coding,Rab-GAP TBC domain-containing protein  [Source:UniProtKB/TrEMBL;Acc:A0A8J2M070],Cercopithifilaria johnstoni (PRJEB47283),protein_coding,cejohnprjeb47283
CJOHNSTONI_LOCUS1228,rna-CJOHNSTONI_LOCUS1228,89,protein_coding,Maturase K  [Source:UniProtKB/TrEMBL;Acc:A0A8J2LWY0],Cercopithifilaria johnstoni (PRJEB47283),protein_coding,cejohnprjeb47283
CJOHNSTONI_LOCUS9773,rna-CJOHNSTONI_LOCUS9773,503,protein_coding,FH2 domain-containing protein  [Source:UniProtKB/TrEMBL;Acc:A0A8J2MV02],Cercopithifilaria johnstoni (PRJEB47283),protein_coding,cejohnprjeb47283
CJOHNSTONI_LOCUS5953,rna-CJOHNSTONI_LOCUS5953,201,protein_coding,,Cercopithifilaria johnstoni (PRJEB47283),protein_coding,cejohnprjeb47283
CJOHNSTONI_LOCUS9579,rna-CJOHNSTONI_LOCUS9579,788,protein_coding,Zinc finger protein  [Source:UniProtKB/TrEMBL;Acc:A0A8J2MUR5],Cercopithifilaria johnstoni (PRJEB47283),protein_coding,cejohnprjeb47283
CJOHNSTONI_LOCUS35,rna-CJOHNSTONI_LOCUS35,242,protein_coding,Dosage compensation protein dpy-30  [Source:UniProtKB/TrEMBL;Acc:A0A8J2Q2V6],Cercopithifilaria johnstoni (PRJEB47283),protein_coding,cejohnprjeb47283
CJOHNSTONI_LOCUS6593,rna-CJOHNSTONI_LOCUS6593,227,protein_coding,Secreted protein  [Source:UniProtKB/TrEMBL;Acc:A0A8J2Q1Q3],Cercopithifilaria johnstoni (PRJEB47283),protein_coding,cejohnprjeb47283
CJOHNSTONI_LOCUS715,rna-CJOHNSTONI_LOCUS715,209,protein_coding,RING-CH-type domain-containing protein  [Source:UniProtKB/TrEMBL;Acc:A0A8J2Q041],Cercopithifilaria johnstoni (PRJEB47283),protein_coding,cejohnprjeb47283
CJOHNSTONI_LOCUS9643,rna-CJOHNSTONI_LOCUS9643,245,protein_coding,SEA domain-containing protein  [Source:UniProtKB/TrEMBL;Acc:A0A8J2QB56],Cercopithifilaria johnstoni (PRJEB47283),protein_coding,cejohnprjeb47283
CJOHNSTONI_LOCUS2882,rna-CJOHNSTONI_LOCUS2882,195,protein_coding,E3 ubiquitin-protein ligase  [Source:UniProtKB/TrEMBL;Acc:A0A8J2M0G2],Cercopithifilaria johnstoni (PRJEB47283),protein_coding,cejohnprjeb47283
CJOHNSTONI_LOCUS2099,rna-CJOHNSTONI_LOCUS2099,194,protein_coding,dynamin GTPase  [Source:UniProtKB/TrEMBL;Acc:A0A8J2MJY8],Cercopithifilaria johnstoni (PRJEB47283),protein_coding,cejohnprjeb47283
CJOHNSTONI_LOCUS7102,rna-CJOHNSTONI_LOCUS7102,178,protein_coding,Cytochrome b-c1 complex subunit 7  [Source:UniProtKB/TrEMBL;Acc:A0A8J2Q8D0],Cercopithifilaria johnstoni (PRJEB47283),protein_coding,cejohnprjeb47283
CJOHNSTONI_LOCUS509,rna-CJOHNSTONI_LOCUS509,177,protein_coding,AH domain-containing protein  [Source:UniProtKB/TrEMBL;Acc:A0A8J2LLE6],Cercopithifilaria johnstoni (PRJEB47283),protein_coding,cejohnprjeb47283
CJOHNSTONI_LOCUS5185,rna-CJOHNSTONI_LOCUS5185,176,protein_coding,CSTF2_hinge domain-containing protein  [Source:UniProtKB/TrEMBL;Acc:A0A8J2M4M5],Cercopithifilaria johnstoni (PRJEB47283),protein_coding,cejohnprjeb47283
CJOHNSTONI_LOCUS9521,rna-CJOHNSTONI_LOCUS9521,144,protein_coding,Synaptosomal-associated protein  [Source:UniProtKB/TrEMBL;Acc:A0A8J2MUP4],Cercopithifilaria johnstoni (PRJEB47283),protein_coding,cejohnprjeb47283
CJOHNSTONI_LOCUS3122,rna-CJOHNSTONI_LOCUS3122,182,protein_coding,C2H2-type domain-containing protein  [Source:UniProtKB/TrEMBL;Acc:A0A8J2LZ47],Cercopithifilaria johnstoni (PRJEB47283),protein_coding,cejohnprjeb47283
CJOHNSTONI_LOCUS1428,rna-CJOHNSTONI_LOCUS1428,227,protein_coding,Aminotran_5 domain-containing protein  [Source:UniProtKB/TrEMBL;Acc:A0A8J2PQF8],Cercopithifilaria johnstoni (PRJEB47283),protein_coding,cejohnprjeb47283
CJOHNSTONI_LOCUS6541,rna-CJOHNSTONI_LOCUS6541,278,protein_coding,Calponin-homology (CH) domain-containing protein  [Source:UniProtKB/TrEMBL;Acc:A0A8J2M6B5],Cercopithifilaria johnstoni (PRJEB47283),protein_coding,cejohnprjeb47283
CJOHNSTONI_LOCUS4536,rna-CJOHNSTONI_LOCUS4536,284,protein_coding,Squamous cell carcinoma antigen recognized by T-cells 3  [Source:UniProtKB/TrEMBL;Acc:A0A8J2LTA0],Cercopithifilaria johnstoni (PRJEB47283),protein_coding,cejohnprjeb47283
CJOHNSTONI_LOCUS8956,rna-CJOHNSTONI_LOCUS8956,113,protein_coding,RING-type domain-containing protein  [Source:UniProtKB/TrEMBL;Acc:A0A8J2MEQ9],Cercopithifilaria johnstoni (PRJEB47283),protein_coding,cejohnprjeb47283
CJOHNSTONI_LOCUS6578,rna-CJOHNSTONI_LOCUS6578,230,protein_coding,Ovule protein  [Source:UniProtKB/TrEMBL;Acc:A0A8J2Q582],Cercopithifilaria johnstoni (PRJEB47283),protein_coding,cejohnprjeb47283
CJOHNSTONI_LOCUS3146,rna-CJOHNSTONI_LOCUS3146,253,protein_coding,Suppressor of tumorigenicity protein 7-like protein  [Source:UniProtKB/TrEMBL;Acc:A0A8J2PRX6],Cercopithifilaria johnstoni (PRJEB47283),protein_coding,cejohnprjeb47283
CJOHNSTONI_LOCUS8946,rna-CJOHNSTONI_LOCUS8946,188,protein_coding,40S ribosomal protein S18  [Source:UniProtKB/TrEMBL;Acc:A0A8J2Q8Z4],Cercopithifilaria johnstoni (PRJEB47283),protein_coding,cejohnprjeb47283
CJOHNSTONI_LOCUS7040,rna-CJOHNSTONI_LOCUS7040,1793,protein_coding,Doublecortin domain-containing protein  [Source:UniProtKB/TrEMBL;Acc:A0A8J2M0U2],Cercopithifilaria johnstoni (PRJEB47283),protein_coding,cejohnprjeb47283
CJOHNSTONI_LOCUS4295,rna-CJOHNSTONI_LOCUS4295,217,protein_coding,Vacuolar protein sorting-associated protein 45  [Source:UniProtKB/TrEMBL;Acc:A0A8J2M300],Cercopithifilaria johnstoni (PRJEB47283),protein_coding,cejohnprjeb47283
CJOHNSTONI_LOCUS989,rna-CJOHNSTONI_LOCUS989,229,protein_coding,Cystinosin  [Source:UniProtKB/TrEMBL;Acc:A0A8J2LX25],Cercopithifilaria johnstoni (PRJEB47283),protein_coding,cejohnprjeb47283
CJOHNSTONI_LOCUS9609,rna-CJOHNSTONI_LOCUS9609,324,protein_coding,G_PROTEIN_RECEP_F1_2 domain-containing protein  [Source:UniProtKB/TrEMBL;Acc:A0A8J2ME79],Cercopithifilaria johnstoni (PRJEB47283),protein_coding,cejohnprjeb47283
CJOHNSTONI_LOCUS7094,rna-CJOHNSTONI_LOCUS7094,215,protein_coding,Transposase  [Source:UniProtKB/TrEMBL;Acc:A0A8J2M0V8],Cercopithifilaria johnstoni (PRJEB47283),protein_coding,cejohnprjeb47283
CJOHNSTONI_LOCUS4818,rna-CJOHNSTONI_LOCUS4818,166,protein_coding,OV-16 antigen  [Source:UniProtKB/TrEMBL;Acc:A0A8J2MNF2],Cercopithifilaria johnstoni (PRJEB47283),protein_coding,cejohnprjeb47283
CJOHNSTONI_LOCUS6275,rna-CJOHNSTONI_LOCUS6275,239,protein_coding,bVLRF1 domain-containing protein  [Source:UniProtKB/TrEMBL;Acc:A0A8J2Q7X3],Cercopithifilaria johnstoni (PRJEB47283),protein_coding,cejohnprjeb47283
CJOHNSTONI_LOCUS10499,rna-CJOHNSTONI_LOCUS10499,174,protein_coding,Unconventional myosin-VI  [Source:UniProtKB/TrEMBL;Acc:A0A8J2M8A5],Cercopithifilaria johnstoni (PRJEB47283),protein_coding,cejohnprjeb47283
CJOHNSTONI_LOCUS8476,rna-CJOHNSTONI_LOCUS8476,527,protein_coding,Protein LEDGF domain-containing protein  [Source:UniProtKB/TrEMBL;Acc:A0A8J2Q6F3],Cercopithifilaria johnstoni (PRJEB47283),protein_coding,cejohnprjeb47283
CJOHNSTONI_LOCUS6370,rna-CJOHNSTONI_LOCUS6370,245,protein_coding,Cactin  [Source:UniProtKB/TrEMBL;Acc:A0A8J2QAG6],Cercopithifilaria johnstoni (PRJEB47283),protein_coding,cejohnprjeb47283
CJOHNSTONI_LOCUS8027,rna-CJOHNSTONI_LOCUS8027,191,protein_coding,Nicotinic acetylcholine receptor alpha subunit 38  [Source:UniProtKB/TrEMBL;Acc:A0A8J2MS85],Cercopithifilaria johnstoni (PRJEB47283),protein_coding,cejohnprjeb47283
CJOHNSTONI_LOCUS1149,rna-CJOHNSTONI_LOCUS1149,178,protein_coding,UBC core domain-containing protein  [Source:UniProtKB/TrEMBL;Acc:A0A8J2LMG6],Cercopithifilaria johnstoni (PRJEB47283),protein_coding,cejohnprjeb47283
CJOHNSTONI_LOCUS3025,rna-CJOHNSTONI_LOCUS3025,396,protein_coding,Secreted protein  [Source:UniProtKB/TrEMBL;Acc:A0A8J2Q9D2],Cercopithifilaria johnstoni (PRJEB47283),protein_coding,cejohnprjeb47283
CJOHNSTONI_LOCUS7575,rna-CJOHNSTONI_LOCUS7575,239,protein_coding,Secreted protein  [Source:UniProtKB/TrEMBL;Acc:A0A8J2MRX8],Cercopithifilaria johnstoni (PRJEB47283),protein_coding,cejohnprjeb47283
CJOHNSTONI_LOCUS2248,rna-CJOHNSTONI_LOCUS2248,198,protein_coding,Peptidase S1 domain-containing protein  [Source:UniProtKB/TrEMBL;Acc:A0A8J2Q4I9],Cercopithifilaria johnstoni (PRJEB47283),protein_coding,cejohnprjeb47283
CJOHNSTONI_LOCUS4907,rna-CJOHNSTONI_LOCUS4907,172,protein_coding,,Cercopithifilaria johnstoni (PRJEB47283),protein_coding,cejohnprjeb47283
CJOHNSTONI_LOCUS1432,rna-CJOHNSTONI_LOCUS1432,122,protein_coding,UDPG_MGDP_dh_C domain-containing protein  [Source:UniProtKB/TrEMBL;Acc:A0A8J2LMW0],Cercopithifilaria johnstoni (PRJEB47283),protein_coding,cejohnprjeb47283
CJOHNSTONI_LOCUS7545,rna-CJOHNSTONI_LOCUS7545,497,protein_coding,N-acetylglucosaminyldiphosphodolichol N-acetylglucosaminyltransferase  [Source:UniProtKB/TrEMBL;Acc:A0A8J2MRW5],Cercopithifilaria johnstoni (PRJEB47283),protein_coding,cejohnprjeb47283
CJOHNSTONI_LOCUS221,rna-CJOHNSTONI_LOCUS221,245,protein_coding,,Cercopithifilaria johnstoni (PRJEB47283),protein_coding,cejohnprjeb47283
CJOHNSTONI_LOCUS7460,rna-CJOHNSTONI_LOCUS7460,357,protein_coding,40S ribosomal protein S29  [Source:UniProtKB/TrEMBL;Acc:A0A8J2M8H0],Cercopithifilaria johnstoni (PRJEB47283),protein_coding,cejohnprjeb47283
CJOHNSTONI_LOCUS3979,rna-CJOHNSTONI_LOCUS3979,161,protein_coding,Optineurin  [Source:UniProtKB/TrEMBL;Acc:A0A8J2PSM3],Cercopithifilaria johnstoni (PRJEB47283),protein_coding,cejohnprjeb47283
CJOHNSTONI_LOCUS9433,rna-CJOHNSTONI_LOCUS9433,152,protein_coding,Lipase  [Source:UniProtKB/TrEMBL;Acc:A0A8J2PY57],Cercopithifilaria johnstoni (PRJEB47283),protein_coding,cejohnprjeb47283
CJOHNSTONI_LOCUS6193,rna-CJOHNSTONI_LOCUS6193,147,protein_coding,EF-hand domain-containing protein  [Source:UniProtKB/TrEMBL;Acc:A0A8J2PUH5],Cercopithifilaria johnstoni (PRJEB47283),protein_coding,cejohnprjeb47283
CJOHNSTONI_LOCUS2109,rna-CJOHNSTONI_LOCUS2109,269,protein_coding,Secreted protein  [Source:UniProtKB/TrEMBL;Acc:A0A8J2PX66],Cercopithifilaria johnstoni (PRJEB47283),protein_coding,cejohnprjeb47283
CJOHNSTONI_LOCUS7676,rna-CJOHNSTONI_LOCUS7676,322,protein_coding,B-box type zinc finger protein ncl-1  [Source:UniProtKB/TrEMBL;Acc:A0A8J2M8W5],Cercopithifilaria johnstoni (PRJEB47283),protein_coding,cejohnprjeb47283
CJOHNSTONI_LOCUS6376,rna-CJOHNSTONI_LOCUS6376,578,protein_coding,Zinc finger protein 239-like  [Source:UniProtKB/TrEMBL;Acc:A0A8J2M8Z6],Cercopithifilaria johnstoni (PRJEB47283),protein_coding,cejohnprjeb47283
CJOHNSTONI_LOCUS7749,rna-CJOHNSTONI_LOCUS7749,245,protein_coding,,Cercopithifilaria johnstoni (PRJEB47283),protein_coding,cejohnprjeb47283
CJOHNSTONI_LOCUS5856,rna-CJOHNSTONI_LOCUS5856,669,protein_coding,SEFIR domain-containing protein  [Source:UniProtKB/TrEMBL;Acc:A0A8J2Q4N3],Cercopithifilaria johnstoni (PRJEB47283),protein_coding,cejohnprjeb47283
CJOHNSTONI_LOCUS8496,rna-CJOHNSTONI_LOCUS8496,222,protein_coding,Pept_C1 domain-containing protein  [Source:UniProtKB/TrEMBL;Acc:A0A8J2MA47],Cercopithifilaria johnstoni (PRJEB47283),protein_coding,cejohnprjeb47283
CJOHNSTONI_LOCUS4227,rna-CJOHNSTONI_LOCUS4227,269,protein_coding,TMF_TATA_bd domain-containing protein  [Source:UniProtKB/TrEMBL;Acc:A0A8J2M2Q8],Cercopithifilaria johnstoni (PRJEB47283),protein_coding,cejohnprjeb47283
CJOHNSTONI_LOCUS9382,rna-CJOHNSTONI_LOCUS9382,235,protein_coding,Prostaglandin E synthase 2  [Source:UniProtKB/TrEMBL;Acc:A0A8J2MBZ3],Cercopithifilaria johnstoni (PRJEB47283),protein_coding,cejohnprjeb47283
CJOHNSTONI_LOCUS5039,rna-CJOHNSTONI_LOCUS5039,262,protein_coding,ULP_PROTEASE domain-containing protein  [Source:UniProtKB/TrEMBL;Acc:A0A8J2Q783],Cercopithifilaria johnstoni (PRJEB47283),protein_coding,cejohnprjeb47283
CJOHNSTONI_LOCUS5951,rna-CJOHNSTONI_LOCUS5951,134,protein_coding,DNA-directed RNA polymerase III subunit RPC9  [Source:UniProtKB/TrEMBL;Acc:A0A8J2QAD5],Cercopithifilaria johnstoni (PRJEB47283),protein_coding,cejohnprjeb47283
CJOHNSTONI_LOCUS9210,rna-CJOHNSTONI_LOCUS9210,874,protein_coding,PLCXc domain-containing protein  [Source:UniProtKB/TrEMBL;Acc:A0A8J2QB25],Cercopithifilaria johnstoni (PRJEB47283),protein_coding,cejohnprjeb47283
CJOHNSTONI_LOCUS7968,rna-CJOHNSTONI_LOCUS7968,227,protein_coding,Serine/threonine-protein phosphatase  [Source:UniProtKB/TrEMBL;Acc:A0A8J2Q8P0],Cercopithifilaria johnstoni (PRJEB47283),protein_coding,cejohnprjeb47283
CJOHNSTONI_LOCUS7181,rna-CJOHNSTONI_LOCUS7181-2,225,protein_coding,zinc_ribbon_16 domain-containing protein  [Source:UniProtKB/TrEMBL;Acc:A0A8J2M7Y5],Cercopithifilaria johnstoni (PRJEB47283),protein_coding,cejohnprjeb47283
CJOHNSTONI_LOCUS4710,rna-CJOHNSTONI_LOCUS4710,240,protein_coding,SH3 domain-containing protein  [Source:UniProtKB/TrEMBL;Acc:A0A8J2MNA9],Cercopithifilaria johnstoni (PRJEB47283),protein_coding,cejohnprjeb47283
CJOHNSTONI_LOCUS8564,rna-CJOHNSTONI_LOCUS8564,190,protein_coding,Rab-GAP TBC domain-containing protein  [Source:UniProtKB/TrEMBL;Acc:A0A8J2MCC7],Cercopithifilaria johnstoni (PRJEB47283),protein_coding,cejohnprjeb47283
CJOHNSTONI_LOCUS420,rna-CJOHNSTONI_LOCUS420,143,protein_coding,"39S ribosomal protein L55, mitochondrial  [Source:UniProtKB/TrEMBL;Acc:A0A8J2MI35]",Cercopithifilaria johnstoni (PRJEB47283),protein_coding,cejohnprjeb47283
CJOHNSTONI_LOCUS39,rna-CJOHNSTONI_LOCUS39,235,protein_coding,CBM21 domain-containing protein  [Source:UniProtKB/TrEMBL;Acc:A0A8J2LKN5],Cercopithifilaria johnstoni (PRJEB47283),protein_coding,cejohnprjeb47283
CJOHNSTONI_LOCUS645,rna-CJOHNSTONI_LOCUS645,232,protein_coding,G_PROTEIN_RECEP_F1_2 domain-containing protein  [Source:UniProtKB/TrEMBL;Acc:A0A8J2LWH5],Cercopithifilaria johnstoni (PRJEB47283),protein_coding,cejohnprjeb47283
CJOHNSTONI_LOCUS5198,rna-CJOHNSTONI_LOCUS5198,143,protein_coding,Serine/threonine-protein phosphatase 2A activator  [Source:UniProtKB/TrEMBL;Acc:A0A8J2M4N4],Cercopithifilaria johnstoni (PRJEB47283),protein_coding,cejohnprjeb47283
CJOHNSTONI_LOCUS9794,rna-CJOHNSTONI_LOCUS9794,224,protein_coding,Peptidase M16 inactive domain protein  [Source:UniProtKB/TrEMBL;Acc:A0A8J2Q731],Cercopithifilaria johnstoni (PRJEB47283),protein_coding,cejohnprjeb47283
CJOHNSTONI_LOCUS4125,rna-CJOHNSTONI_LOCUS4125,205,protein_coding,Calpain catalytic domain-containing protein  [Source:UniProtKB/TrEMBL;Acc:A0A8J2M129],Cercopithifilaria johnstoni (PRJEB47283),protein_coding,cejohnprjeb47283
CJOHNSTONI_LOCUS3588,rna-CJOHNSTONI_LOCUS3588,192,protein_coding,RING-type domain-containing protein  [Source:UniProtKB/TrEMBL;Acc:A0A8J2Q5Q0],Cercopithifilaria johnstoni (PRJEB47283),protein_coding,cejohnprjeb47283
CJOHNSTONI_LOCUS6709,rna-CJOHNSTONI_LOCUS6709,719,protein_coding,Nuclear hormone receptor family member nhr-14  [Source:UniProtKB/TrEMBL;Acc:A0A8J2PUZ0],Cercopithifilaria johnstoni (PRJEB47283),protein_coding,cejohnprjeb47283
CJOHNSTONI_LOCUS1835,rna-CJOHNSTONI_LOCUS1835,190,protein_coding,SAC domain-containing protein  [Source:UniProtKB/TrEMBL;Acc:A0A8J2PWY1],Cercopithifilaria johnstoni (PRJEB47283),protein_coding,cejohnprjeb47283
CJOHNSTONI_LOCUS10122,rna-CJOHNSTONI_LOCUS10122,248,protein_coding,Galactosylgalactosylxylosylprotein 3-beta-glucuronosyltransferase  [Source:UniProtKB/TrEMBL;Acc:A0A8J2Q9G7],Cercopithifilaria johnstoni (PRJEB47283),protein_coding,cejohnprjeb47283
CJOHNSTONI_LOCUS2891,rna-CJOHNSTONI_LOCUS2891,119,protein_coding,PDZ_6 domain-containing protein  [Source:UniProtKB/TrEMBL;Acc:A0A8J2M335],Cercopithifilaria johnstoni (PRJEB47283),protein_coding,cejohnprjeb47283
CJOHNSTONI_LOCUS8012,rna-CJOHNSTONI_LOCUS8012,296,protein_coding,Filamin-A  [Source:UniProtKB/TrEMBL;Acc:A0A8J2M2B0],Cercopithifilaria johnstoni (PRJEB47283),protein_coding,cejohnprjeb47283
CJOHNSTONI_LOCUS3382,rna-CJOHNSTONI_LOCUS3382,176,protein_coding,Homeobox domain-containing protein  [Source:UniProtKB/TrEMBL;Acc:A0A8J2PS53],Cercopithifilaria johnstoni (PRJEB47283),protein_coding,cejohnprjeb47283
CJOHNSTONI_LOCUS1506,rna-CJOHNSTONI_LOCUS1506,158,protein_coding,,Cercopithifilaria johnstoni (PRJEB47283),protein_coding,cejohnprjeb47283
CJOHNSTONI_LOCUS6968,rna-CJOHNSTONI_LOCUS6968,244,protein_coding,LEM domain-containing protein  [Source:UniProtKB/TrEMBL;Acc:A0A8J2M822],Cercopithifilaria johnstoni (PRJEB47283),protein_coding,cejohnprjeb47283
CJOHNSTONI_LOCUS3133,rna-CJOHNSTONI_LOCUS3133,203,protein_coding,Glutaredoxin domain-containing protein  [Source:UniProtKB/TrEMBL;Acc:A0A8J2PYQ1],Cercopithifilaria johnstoni (PRJEB47283),protein_coding,cejohnprjeb47283
CJOHNSTONI_LOCUS5923,rna-CJOHNSTONI_LOCUS5923,215,protein_coding,Ground-like domain-containing protein  [Source:UniProtKB/TrEMBL;Acc:A0A8J2LZ08],Cercopithifilaria johnstoni (PRJEB47283),protein_coding,cejohnprjeb47283
CJOHNSTONI_LOCUS5640,rna-CJOHNSTONI_LOCUS5640,204,protein_coding,GTP cyclohydrolase 1  [Source:UniProtKB/TrEMBL;Acc:A0A8J2M5E9],Cercopithifilaria johnstoni (PRJEB47283),protein_coding,cejohnprjeb47283
CJOHNSTONI_LOCUS6054,rna-CJOHNSTONI_LOCUS6054,287,protein_coding,SCD domain-containing protein  [Source:UniProtKB/TrEMBL;Acc:A0A8J2M8G6],Cercopithifilaria johnstoni (PRJEB47283),protein_coding,cejohnprjeb47283
CJOHNSTONI_LOCUS10105,rna-CJOHNSTONI_LOCUS10105,136,protein_coding,"39S ribosomal protein L17, mitochondrial  [Source:UniProtKB/TrEMBL;Acc:A0A8J2MET3]",Cercopithifilaria johnstoni (PRJEB47283),protein_coding,cejohnprjeb47283
CJOHNSTONI_LOCUS287,rna-CJOHNSTONI_LOCUS287,258,protein_coding,Hemicentin-2  [Source:UniProtKB/TrEMBL;Acc:A0A8J2LVW8],Cercopithifilaria johnstoni (PRJEB47283),protein_coding,cejohnprjeb47283
CJOHNSTONI_LOCUS617,rna-CJOHNSTONI_LOCUS617,226,protein_coding,G_PROTEIN_RECEP_F1_2 domain-containing protein  [Source:UniProtKB/TrEMBL;Acc:A0A8J2PPQ3],Cercopithifilaria johnstoni (PRJEB47283),protein_coding,cejohnprjeb47283
CJOHNSTONI_LOCUS7373,rna-CJOHNSTONI_LOCUS7373,314,protein_coding,polynucleotide adenylyltransferase  [Source:UniProtKB/TrEMBL;Acc:A0A8J2Q2B4],Cercopithifilaria johnstoni (PRJEB47283),protein_coding,cejohnprjeb47283
CJOHNSTONI_LOCUS316,rna-CJOHNSTONI_LOCUS316,330,protein_coding,Syntaxin-6_N domain-containing protein  [Source:UniProtKB/TrEMBL;Acc:A0A8J2LVE5],Cercopithifilaria johnstoni (PRJEB47283),protein_coding,cejohnprjeb47283
CJOHNSTONI_LOCUS9550,rna-CJOHNSTONI_LOCUS9550,206,protein_coding,,Cercopithifilaria johnstoni (PRJEB47283),protein_coding,cejohnprjeb47283
CJOHNSTONI_LOCUS4920,rna-CJOHNSTONI_LOCUS4920,175,protein_coding,TDP43_N domain-containing protein  [Source:UniProtKB/TrEMBL;Acc:A0A8J2Q074],Cercopithifilaria johnstoni (PRJEB47283),protein_coding,cejohnprjeb47283
CJOHNSTONI_LOCUS2699,rna-CJOHNSTONI_LOCUS2699,252,protein_coding,SWI/SNF-related matrix-associated actin-dependent regulator of chromatin subfamily A containing DEAD/H box 1  [Source:UniProtKB/TrEMBL;Acc:A0A8J2Q4Z2],Cercopithifilaria johnstoni (PRJEB47283),protein_coding,cejohnprjeb47283
CJOHNSTONI_LOCUS1183,rna-CJOHNSTONI_LOCUS1183,212,protein_coding,,Cercopithifilaria johnstoni (PRJEB47283),protein_coding,cejohnprjeb47283
CJOHNSTONI_LOCUS5566,rna-CJOHNSTONI_LOCUS5566,220,protein_coding,leucine--tRNA ligase  [Source:UniProtKB/TrEMBL;Acc:A0A8J2Q0T9],Cercopithifilaria johnstoni (PRJEB47283),protein_coding,cejohnprjeb47283
CJOHNSTONI_LOCUS5859,rna-CJOHNSTONI_LOCUS5859,131,protein_coding,Transmembrane protein  [Source:UniProtKB/TrEMBL;Acc:A0A8J2LYW9],Cercopithifilaria johnstoni (PRJEB47283),protein_coding,cejohnprjeb47283
CJOHNSTONI_LOCUS3865,rna-CJOHNSTONI_LOCUS3865,159,protein_coding,Arrestin_C domain-containing protein  [Source:UniProtKB/TrEMBL;Acc:A0A8J2M2B1],Cercopithifilaria johnstoni (PRJEB47283),protein_coding,cejohnprjeb47283
CJOHNSTONI_LOCUS1976,rna-CJOHNSTONI_LOCUS1976,172,protein_coding,BHLH domain-containing protein  [Source:UniProtKB/TrEMBL;Acc:A0A8J2LYX8],Cercopithifilaria johnstoni (PRJEB47283),protein_coding,cejohnprjeb47283
CJOHNSTONI_LOCUS4506,rna-CJOHNSTONI_LOCUS4506,250,protein_coding,MYND-type domain-containing protein  [Source:UniProtKB/TrEMBL;Acc:A0A8J2Q9Z4],Cercopithifilaria johnstoni (PRJEB47283),protein_coding,cejohnprjeb47283
CJOHNSTONI_LOCUS2419,rna-CJOHNSTONI_LOCUS2419,309,protein_coding,WD repeat-containing protein 74  [Source:UniProtKB/TrEMBL;Acc:A0A8J2LXK0],Cercopithifilaria johnstoni (PRJEB47283),protein_coding,cejohnprjeb47283
CJOHNSTONI_LOCUS5491,rna-CJOHNSTONI_LOCUS5491,475,protein_coding,Tetratricopeptide repeat protein 37  [Source:UniProtKB/TrEMBL;Acc:A0A8J2Q0R4],Cercopithifilaria johnstoni (PRJEB47283),protein_coding,cejohnprjeb47283
CJOHNSTONI_LOCUS6989,rna-CJOHNSTONI_LOCUS6989,588,protein_coding,RING-type domain-containing protein  [Source:UniProtKB/TrEMBL;Acc:A0A8J2M0S9],Cercopithifilaria johnstoni (PRJEB47283),protein_coding,cejohnprjeb47283
CJOHNSTONI_LOCUS2219,rna-CJOHNSTONI_LOCUS2219,232,protein_coding,MBOAT_2 domain-containing protein  [Source:UniProtKB/TrEMBL;Acc:A0A8J2LZC5],Cercopithifilaria johnstoni (PRJEB47283),protein_coding,cejohnprjeb47283
CJOHNSTONI_LOCUS1361,rna-CJOHNSTONI_LOCUS1361,221,protein_coding,Apolipoprotein L3-like  [Source:UniProtKB/TrEMBL;Acc:A0A8J2LMT7],Cercopithifilaria johnstoni (PRJEB47283),protein_coding,cejohnprjeb47283
CJOHNSTONI_LOCUS311,rna-CJOHNSTONI_LOCUS311,299,protein_coding,Ovule protein  [Source:UniProtKB/TrEMBL;Acc:A0A8J2MH89],Cercopithifilaria johnstoni (PRJEB47283),protein_coding,cejohnprjeb47283
CJOHNSTONI_LOCUS5361,rna-CJOHNSTONI_LOCUS5361,212,protein_coding,PABS domain-containing protein  [Source:UniProtKB/TrEMBL;Acc:A0A8J2PTS1],Cercopithifilaria johnstoni (PRJEB47283),protein_coding,cejohnprjeb47283
CJOHNSTONI_LOCUS5974,rna-CJOHNSTONI_LOCUS5974,202,protein_coding,N-acetyltransferase domain-containing protein  [Source:UniProtKB/TrEMBL;Acc:A0A8J2M6F4],Cercopithifilaria johnstoni (PRJEB47283),protein_coding,cejohnprjeb47283
CJOHNSTONI_LOCUS5264,rna-CJOHNSTONI_LOCUS5264,189,protein_coding,t-SNARE coiled-coil homology domain-containing protein  [Source:UniProtKB/TrEMBL;Acc:A0A8J2MNX8],Cercopithifilaria johnstoni (PRJEB47283),protein_coding,cejohnprjeb47283
CJOHNSTONI_LOCUS8022,rna-CJOHNSTONI_LOCUS8022,160,protein_coding,Glutaredoxin domain-containing protein  [Source:UniProtKB/TrEMBL;Acc:A0A8J2Q682],Cercopithifilaria johnstoni (PRJEB47283),protein_coding,cejohnprjeb47283
CJOHNSTONI_LOCUS2039,rna-CJOHNSTONI_LOCUS2039,289,protein_coding,RING-type domain-containing protein  [Source:UniProtKB/TrEMBL;Acc:A0A8J2PX43],Cercopithifilaria johnstoni (PRJEB47283),protein_coding,cejohnprjeb47283
CJOHNSTONI_LOCUS5193,rna-CJOHNSTONI_LOCUS5193,201,protein_coding,Peptidase_M16_C domain-containing protein  [Source:UniProtKB/TrEMBL;Acc:A0A8J2LXM4],Cercopithifilaria johnstoni (PRJEB47283),protein_coding,cejohnprjeb47283
CJOHNSTONI_LOCUS6698,rna-CJOHNSTONI_LOCUS6698,224,protein_coding,Lactamase_B domain-containing protein  [Source:UniProtKB/TrEMBL;Acc:A0A8J2QAJ0],Cercopithifilaria johnstoni (PRJEB47283),protein_coding,cejohnprjeb47283
CJOHNSTONI_LOCUS3801,rna-CJOHNSTONI_LOCUS3801,306,protein_coding,ATP-dependent RNA helicase DHX36  [Source:UniProtKB/TrEMBL;Acc:A0A8J2LS21],Cercopithifilaria johnstoni (PRJEB47283),protein_coding,cejohnprjeb47283
CJOHNSTONI_LOCUS8800,rna-CJOHNSTONI_LOCUS8800,140,protein_coding,NADH dehydrogenase [ubiquinone] iron-sulfur protein 5  [Source:UniProtKB/TrEMBL;Acc:A0A8J2MAS4],Cercopithifilaria johnstoni (PRJEB47283),protein_coding,cejohnprjeb47283
CJOHNSTONI_LOCUS3222,rna-CJOHNSTONI_LOCUS3222,155,protein_coding,ZU5 domain-containing protein  [Source:UniProtKB/TrEMBL;Acc:A0A8J2LTF4],Cercopithifilaria johnstoni (PRJEB47283),protein_coding,cejohnprjeb47283
CJOHNSTONI_LOCUS8764,rna-CJOHNSTONI_LOCUS8764,225,protein_coding,Signal transducing adapter molecule 1  [Source:UniProtKB/TrEMBL;Acc:A0A8J2MCU9],Cercopithifilaria johnstoni (PRJEB47283),protein_coding,cejohnprjeb47283
CJOHNSTONI_LOCUS4633,rna-CJOHNSTONI_LOCUS4633,788,protein_coding,NAD(P)-binding protein  [Source:UniProtKB/TrEMBL;Acc:A0A8J2M3U1],Cercopithifilaria johnstoni (PRJEB47283),protein_coding,cejohnprjeb47283
CJOHNSTONI_LOCUS8727,rna-CJOHNSTONI_LOCUS8727,203,protein_coding,FAM86 domain-containing protein  [Source:UniProtKB/TrEMBL;Acc:A0A8J2MAW3],Cercopithifilaria johnstoni (PRJEB47283),protein_coding,cejohnprjeb47283
CJOHNSTONI_LOCUS8537,rna-CJOHNSTONI_LOCUS8537,126,protein_coding,Cytochrome c oxidase subunit Vb  [Source:UniProtKB/TrEMBL;Acc:A0A8J2MC81],Cercopithifilaria johnstoni (PRJEB47283),protein_coding,cejohnprjeb47283
CJOHNSTONI_LOCUS9398,rna-CJOHNSTONI_LOCUS9398,178,protein_coding,MFS domain-containing protein  [Source:UniProtKB/TrEMBL;Acc:A0A8J2MUF6],Cercopithifilaria johnstoni (PRJEB47283),protein_coding,cejohnprjeb47283
CJOHNSTONI_LOCUS3331,rna-CJOHNSTONI_LOCUS3331,225,protein_coding,Ras-related GTP-binding protein D  [Source:UniProtKB/TrEMBL;Acc:A0A8J2LZH7],Cercopithifilaria johnstoni (PRJEB47283),protein_coding,cejohnprjeb47283
CJOHNSTONI_LOCUS5416,rna-CJOHNSTONI_LOCUS5416,236,protein_coding,TAP-C domain-containing protein  [Source:UniProtKB/TrEMBL;Acc:A0A8J2M3X6],Cercopithifilaria johnstoni (PRJEB47283),protein_coding,cejohnprjeb47283
CJOHNSTONI_LOCUS586,rna-CJOHNSTONI_LOCUS586,1004,protein_coding,,Cercopithifilaria johnstoni (PRJEB47283),protein_coding,cejohnprjeb47283
CJOHNSTONI_LOCUS2095,rna-CJOHNSTONI_LOCUS2095,134,protein_coding,"Collagen, type XXII, alpha 1  [Source:UniProtKB/TrEMBL;Acc:A0A8J2Q901]",Cercopithifilaria johnstoni (PRJEB47283),protein_coding,cejohnprjeb47283
CJOHNSTONI_LOCUS1798,rna-CJOHNSTONI_LOCUS1798,518,protein_coding,Homeobox domain-containing protein  [Source:UniProtKB/TrEMBL;Acc:A0A8J2MK63],Cercopithifilaria johnstoni (PRJEB47283),protein_coding,cejohnprjeb47283
CJOHNSTONI_LOCUS7380,rna-CJOHNSTONI_LOCUS7380,402,protein_coding,Transmembrane protein 200B  [Source:UniProtKB/TrEMBL;Acc:A0A8J2M9P5],Cercopithifilaria johnstoni (PRJEB47283),protein_coding,cejohnprjeb47283
CJOHNSTONI_LOCUS5621,rna-CJOHNSTONI_LOCUS5621,320,protein_coding,,Cercopithifilaria johnstoni (PRJEB47283),protein_coding,cejohnprjeb47283
CJOHNSTONI_LOCUS7957,rna-CJOHNSTONI_LOCUS7957,188,protein_coding,Glutamate-gated chloride channel  [Source:UniProtKB/TrEMBL;Acc:A0A8J2Q670],Cercopithifilaria johnstoni (PRJEB47283),protein_coding,cejohnprjeb47283
CJOHNSTONI_LOCUS5138,rna-CJOHNSTONI_LOCUS5138,178,protein_coding,GB1/RHD3-type G domain-containing protein  [Source:UniProtKB/TrEMBL;Acc:A0A8J2PTL6],Cercopithifilaria johnstoni (PRJEB47283),protein_coding,cejohnprjeb47283
CJOHNSTONI_LOCUS5881,rna-CJOHNSTONI_LOCUS5881,233,protein_coding,HHH_2 domain-containing protein  [Source:UniProtKB/TrEMBL;Acc:A0A8J2Q4P1],Cercopithifilaria johnstoni (PRJEB47283),protein_coding,cejohnprjeb47283
CJOHNSTONI_LOCUS6990,rna-CJOHNSTONI_LOCUS6990,219,protein_coding,C2 domain-containing protein  [Source:UniProtKB/TrEMBL;Acc:A0A8J2M753],Cercopithifilaria johnstoni (PRJEB47283),protein_coding,cejohnprjeb47283
CJOHNSTONI_LOCUS3839,rna-CJOHNSTONI_LOCUS3839,833,protein_coding,Ground-like domain-containing protein  [Source:UniProtKB/TrEMBL;Acc:A0A8J2Q636],Cercopithifilaria johnstoni (PRJEB47283),protein_coding,cejohnprjeb47283
CJOHNSTONI_LOCUS2170,rna-CJOHNSTONI_LOCUS2170,136,protein_coding,HIG1 domain-containing protein  [Source:UniProtKB/TrEMBL;Acc:A0A8J2LP48],Cercopithifilaria johnstoni (PRJEB47283),protein_coding,cejohnprjeb47283
CJOHNSTONI_LOCUS7122,rna-CJOHNSTONI_LOCUS7122,220,protein_coding,HUWE1-associated protein modifying stress responses  [Source:UniProtKB/TrEMBL;Acc:A0A8J2MR34],Cercopithifilaria johnstoni (PRJEB47283),protein_coding,cejohnprjeb47283
CJOHNSTONI_LOCUS3990,rna-CJOHNSTONI_LOCUS3990,208,protein_coding,Girdin  [Source:UniProtKB/TrEMBL;Acc:A0A8J2Q6B8],Cercopithifilaria johnstoni (PRJEB47283),protein_coding,cejohnprjeb47283
CJOHNSTONI_LOCUS2874,rna-CJOHNSTONI_LOCUS2874,178,protein_coding,Lipoma-preferred partner homolog  [Source:UniProtKB/TrEMBL;Acc:A0A8J2LYP7],Cercopithifilaria johnstoni (PRJEB47283),protein_coding,cejohnprjeb47283
CJOHNSTONI_LOCUS8461,rna-CJOHNSTONI_LOCUS8461,854,protein_coding,5'-3' exoribonuclease 1  [Source:UniProtKB/TrEMBL;Acc:A0A8J2Q6F1],Cercopithifilaria johnstoni (PRJEB47283),protein_coding,cejohnprjeb47283
CJOHNSTONI_LOCUS10391,rna-CJOHNSTONI_LOCUS10391,119,protein_coding,Ribosomal_L7Ae domain-containing protein  [Source:UniProtKB/TrEMBL;Acc:A0A8J2MH98],Cercopithifilaria johnstoni (PRJEB47283),protein_coding,cejohnprjeb47283
CJOHNSTONI_LOCUS7261,rna-CJOHNSTONI_LOCUS7261,281,protein_coding,MFS domain-containing protein  [Source:UniProtKB/TrEMBL;Acc:A0A8J2M839],Cercopithifilaria johnstoni (PRJEB47283),protein_coding,cejohnprjeb47283
CJOHNSTONI_LOCUS183,rna-CJOHNSTONI_LOCUS183,218,protein_coding,Annexin  [Source:UniProtKB/TrEMBL;Acc:A0A8J2MH27],Cercopithifilaria johnstoni (PRJEB47283),protein_coding,cejohnprjeb47283
CJOHNSTONI_LOCUS1401,rna-CJOHNSTONI_LOCUS1401,196,protein_coding,Protein mom  [Source:UniProtKB/TrEMBL;Acc:A0A8J2Q0Q5],Cercopithifilaria johnstoni (PRJEB47283),protein_coding,cejohnprjeb47283
CJOHNSTONI_LOCUS2008,rna-CJOHNSTONI_LOCUS2008,193,protein_coding,"Integrase, catalytic region, zinc finger, CCHC-type, peptidase aspartic, catalytic  [Source:UniProtKB/TrEMBL;Acc:A0A8J2Q179]",Cercopithifilaria johnstoni (PRJEB47283),protein_coding,cejohnprjeb47283
CJOHNSTONI_LOCUS9678,rna-CJOHNSTONI_LOCUS9678,241,protein_coding,TPR_REGION domain-containing protein  [Source:UniProtKB/TrEMBL;Acc:A0A8J2MEU0],Cercopithifilaria johnstoni (PRJEB47283),protein_coding,cejohnprjeb47283
CJOHNSTONI_LOCUS5328,rna-CJOHNSTONI_LOCUS5328,197,protein_coding,"2-methoxy-6-polyprenyl-1,4-benzoquinol methylase, mitochondrial  [Source:UniProtKB/TrEMBL;Acc:A0A8J2M746]",Cercopithifilaria johnstoni (PRJEB47283),protein_coding,cejohnprjeb47283
CJOHNSTONI_LOCUS2218,rna-CJOHNSTONI_LOCUS2218,253,protein_coding,DRIM domain-containing protein  [Source:UniProtKB/TrEMBL;Acc:A0A8J2LYX2],Cercopithifilaria johnstoni (PRJEB47283),protein_coding,cejohnprjeb47283
CJOHNSTONI_LOCUS2418,rna-CJOHNSTONI_LOCUS2418,179,protein_coding,60S ribosomal protein L18a  [Source:UniProtKB/TrEMBL;Acc:A0A8J2LZT4],Cercopithifilaria johnstoni (PRJEB47283),protein_coding,cejohnprjeb47283
CJOHNSTONI_LOCUS6010,rna-CJOHNSTONI_LOCUS6010,371,protein_coding,Multifunctional methyltransferase subunit TRM112-like protein  [Source:UniProtKB/TrEMBL;Acc:A0A8J2MPT1],Cercopithifilaria johnstoni (PRJEB47283),protein_coding,cejohnprjeb47283
CJOHNSTONI_LOCUS4954,rna-CJOHNSTONI_LOCUS4954,232,protein_coding,Replication factor C subunit 3  [Source:UniProtKB/TrEMBL;Acc:A0A8J2M4D3],Cercopithifilaria johnstoni (PRJEB47283),protein_coding,cejohnprjeb47283
CJOHNSTONI_LOCUS4283,rna-CJOHNSTONI_LOCUS4283,191,protein_coding,Tetraspanin  [Source:UniProtKB/TrEMBL;Acc:A0A8J2M366],Cercopithifilaria johnstoni (PRJEB47283),protein_coding,cejohnprjeb47283
CJOHNSTONI_LOCUS4878,rna-CJOHNSTONI_LOCUS4878,198,protein_coding,,Cercopithifilaria johnstoni (PRJEB47283),protein_coding,cejohnprjeb47283
CJOHNSTONI_LOCUS4148,rna-CJOHNSTONI_LOCUS4148,161,protein_coding,,Cercopithifilaria johnstoni (PRJEB47283),protein_coding,cejohnprjeb47283
CJOHNSTONI_LOCUS6809,rna-CJOHNSTONI_LOCUS6809,200,protein_coding,Activin_recp domain-containing protein  [Source:UniProtKB/TrEMBL;Acc:A0A8J2Q1U7],Cercopithifilaria johnstoni (PRJEB47283),protein_coding,cejohnprjeb47283
CJOHNSTONI_LOCUS4940,rna-CJOHNSTONI_LOCUS4940,404,protein_coding,Zinc finger CCCH domain-containing protein 6  [Source:UniProtKB/TrEMBL;Acc:A0A8J2M4C3],Cercopithifilaria johnstoni (PRJEB47283),protein_coding,cejohnprjeb47283
CJOHNSTONI_LOCUS7388,rna-CJOHNSTONI_LOCUS7388,210,protein_coding,Gamma interferon inducible lysosomal thiol reductase GILT  [Source:UniProtKB/TrEMBL;Acc:A0A8J2M1W7],Cercopithifilaria johnstoni (PRJEB47283),protein_coding,cejohnprjeb47283
CJOHNSTONI_LOCUS6518,rna-CJOHNSTONI_LOCUS6518,190,protein_coding,TPT domain-containing protein  [Source:UniProtKB/TrEMBL;Acc:A0A8J2M7K5],Cercopithifilaria johnstoni (PRJEB47283),protein_coding,cejohnprjeb47283
CJOHNSTONI_LOCUS2146,rna-CJOHNSTONI_LOCUS2146,237,protein_coding,GREB1-like protein  [Source:UniProtKB/TrEMBL;Acc:A0A8J2M1X9],Cercopithifilaria johnstoni (PRJEB47283),protein_coding,cejohnprjeb47283
CJOHNSTONI_LOCUS7955,rna-CJOHNSTONI_LOCUS7955,361,protein_coding,CDT1 domain-containing protein  [Source:UniProtKB/TrEMBL;Acc:A0A8J2Q8N8],Cercopithifilaria johnstoni (PRJEB47283),protein_coding,cejohnprjeb47283
CJOHNSTONI_LOCUS8001,rna-CJOHNSTONI_LOCUS8001,284,protein_coding,Nodal modulator 1  [Source:UniProtKB/TrEMBL;Acc:A0A8J2MS46],Cercopithifilaria johnstoni (PRJEB47283),protein_coding,cejohnprjeb47283
CJOHNSTONI_LOCUS4981,rna-CJOHNSTONI_LOCUS4981,267,protein_coding,Zinc finger protein rotund  [Source:UniProtKB/TrEMBL;Acc:A0A8J2M4F1],Cercopithifilaria johnstoni (PRJEB47283),protein_coding,cejohnprjeb47283
CJOHNSTONI_LOCUS1270,rna-CJOHNSTONI_LOCUS1270,199,protein_coding,C2H2-type domain-containing protein  [Source:UniProtKB/TrEMBL;Acc:A0A8J2LX21],Cercopithifilaria johnstoni (PRJEB47283),protein_coding,cejohnprjeb47283
CJOHNSTONI_LOCUS10539,rna-CJOHNSTONI_LOCUS10539,251,protein_coding,V-type proton ATPase subunit C  [Source:UniProtKB/TrEMBL;Acc:A0A8J2QBC1],Cercopithifilaria johnstoni (PRJEB47283),protein_coding,cejohnprjeb47283
CJOHNSTONI_LOCUS5959,rna-CJOHNSTONI_LOCUS5959,278,protein_coding,CALM  [Source:UniProtKB/TrEMBL;Acc:A0A8J2M636],Cercopithifilaria johnstoni (PRJEB47283),protein_coding,cejohnprjeb47283
CJOHNSTONI_LOCUS1629,rna-CJOHNSTONI_LOCUS1629,157,protein_coding,SCP domain-containing protein  [Source:UniProtKB/TrEMBL;Acc:A0A8J2MJE4],Cercopithifilaria johnstoni (PRJEB47283),protein_coding,cejohnprjeb47283
CJOHNSTONI_LOCUS5745,rna-CJOHNSTONI_LOCUS5745,209,protein_coding,40S ribosomal protein S24  [Source:UniProtKB/TrEMBL;Acc:A0A8J2Q7L8],Cercopithifilaria johnstoni (PRJEB47283),protein_coding,cejohnprjeb47283
CJOHNSTONI_LOCUS1741,rna-CJOHNSTONI_LOCUS1741,280,protein_coding,UDENN FLCN/SMCR8-type domain-containing protein  [Source:UniProtKB/TrEMBL;Acc:A0A8J2LQK4],Cercopithifilaria johnstoni (PRJEB47283),protein_coding,cejohnprjeb47283
CJOHNSTONI_LOCUS7542,rna-CJOHNSTONI_LOCUS7542,166,protein_coding,C-type lectin domain-containing protein  [Source:UniProtKB/TrEMBL;Acc:A0A8J2M255],Cercopithifilaria johnstoni (PRJEB47283),protein_coding,cejohnprjeb47283
CJOHNSTONI_LOCUS7500,rna-CJOHNSTONI_LOCUS7500,437,protein_coding,ULP_PROTEASE domain-containing protein  [Source:UniProtKB/TrEMBL;Acc:A0A8J2M8K6],Cercopithifilaria johnstoni (PRJEB47283),protein_coding,cejohnprjeb47283
CJOHNSTONI_LOCUS6603,rna-CJOHNSTONI_LOCUS6603,200,protein_coding,tRNA:m(4)X modification enzyme TRM13  [Source:UniProtKB/TrEMBL;Acc:A0A8J2M701],Cercopithifilaria johnstoni (PRJEB47283),protein_coding,cejohnprjeb47283
CJOHNSTONI_LOCUS9238,rna-CJOHNSTONI_LOCUS9238,133,protein_coding,Ion_trans domain-containing protein  [Source:UniProtKB/TrEMBL;Acc:A0A8J2QB27],Cercopithifilaria johnstoni (PRJEB47283),protein_coding,cejohnprjeb47283
CJOHNSTONI_LOCUS9838,rna-CJOHNSTONI_LOCUS9838,178,protein_coding,DDE_Tnp_1_7 domain-containing protein  [Source:UniProtKB/TrEMBL;Acc:A0A8J2M5A9],Cercopithifilaria johnstoni (PRJEB47283),protein_coding,cejohnprjeb47283
CJOHNSTONI_LOCUS1521,rna-CJOHNSTONI_LOCUS1521,236,protein_coding,Collagen alpha-1(IX) chain  [Source:UniProtKB/TrEMBL;Acc:A0A8J2LXL2],Cercopithifilaria johnstoni (PRJEB47283),protein_coding,cejohnprjeb47283
CJOHNSTONI_LOCUS1441,rna-CJOHNSTONI_LOCUS1441,376,protein_coding,Neuronal PAS domain-containing protein 4  [Source:UniProtKB/TrEMBL;Acc:A0A8J2LY24],Cercopithifilaria johnstoni (PRJEB47283),protein_coding,cejohnprjeb47283
CJOHNSTONI_LOCUS7678,rna-CJOHNSTONI_LOCUS7678,202,protein_coding,BACK domain-containing protein  [Source:UniProtKB/TrEMBL;Acc:A0A8J2Q2K8],Cercopithifilaria johnstoni (PRJEB47283),protein_coding,cejohnprjeb47283
CJOHNSTONI_LOCUS3319,rna-CJOHNSTONI_LOCUS3319-2,323,protein_coding,Per os infectivity factor 3  [Source:UniProtKB/TrEMBL;Acc:A0A8J2LZG8],Cercopithifilaria johnstoni (PRJEB47283),protein_coding,cejohnprjeb47283
CJOHNSTONI_LOCUS5633,rna-CJOHNSTONI_LOCUS5633,323,protein_coding,DENN domain-containing protein 5B  [Source:UniProtKB/TrEMBL;Acc:A0A8J2LYJ7],Cercopithifilaria johnstoni (PRJEB47283),protein_coding,cejohnprjeb47283
CJOHNSTONI_LOCUS6958,rna-CJOHNSTONI_LOCUS6958,66,protein_coding,,Cercopithifilaria johnstoni (PRJEB47283),protein_coding,cejohnprjeb47283
CJOHNSTONI_LOCUS10186,rna-CJOHNSTONI_LOCUS10186,353,protein_coding,SHSP domain-containing protein  [Source:UniProtKB/TrEMBL;Acc:A0A8J2MEZ2],Cercopithifilaria johnstoni (PRJEB47283),protein_coding,cejohnprjeb47283
CJOHNSTONI_LOCUS7778,rna-CJOHNSTONI_LOCUS7778,218,protein_coding,Ovule protein  [Source:UniProtKB/TrEMBL;Acc:A0A8J2Q637],Cercopithifilaria johnstoni (PRJEB47283),protein_coding,cejohnprjeb47283
CJOHNSTONI_LOCUS4869,rna-CJOHNSTONI_LOCUS4869,250,protein_coding,Aa_trans domain-containing protein  [Source:UniProtKB/TrEMBL;Acc:A0A8J2M2N1],Cercopithifilaria johnstoni (PRJEB47283),protein_coding,cejohnprjeb47283
CJOHNSTONI_LOCUS10006,rna-CJOHNSTONI_LOCUS10006,189,protein_coding,SH2 domain-containing protein  [Source:UniProtKB/TrEMBL;Acc:A0A8J2MGL8],Cercopithifilaria johnstoni (PRJEB47283),protein_coding,cejohnprjeb47283
CJOHNSTONI_LOCUS1460,rna-CJOHNSTONI_LOCUS1460,260,protein_coding,UBC core domain-containing protein  [Source:UniProtKB/TrEMBL;Acc:A0A8J2PWM1],Cercopithifilaria johnstoni (PRJEB47283),protein_coding,cejohnprjeb47283
CJOHNSTONI_LOCUS6711,rna-CJOHNSTONI_LOCUS6711,212,protein_coding,Lysine--tRNA ligase  [Source:UniProtKB/TrEMBL;Acc:A0A8J2Q1S9],Cercopithifilaria johnstoni (PRJEB47283),protein_coding,cejohnprjeb47283
CJOHNSTONI_LOCUS3796,rna-CJOHNSTONI_LOCUS3796,226,protein_coding,Zinc transporter 5  [Source:UniProtKB/TrEMBL;Acc:A0A8J2M257],Cercopithifilaria johnstoni (PRJEB47283),protein_coding,cejohnprjeb47283
CJOHNSTONI_LOCUS3323,rna-CJOHNSTONI_LOCUS3323,149,protein_coding,VHL domain-containing protein  [Source:UniProtKB/TrEMBL;Acc:A0A8J2M014],Cercopithifilaria johnstoni (PRJEB47283),protein_coding,cejohnprjeb47283
CJOHNSTONI_LOCUS4822,rna-CJOHNSTONI_LOCUS4822,236,protein_coding,RICTOR_N domain-containing protein  [Source:UniProtKB/TrEMBL;Acc:A0A8J2M412],Cercopithifilaria johnstoni (PRJEB47283),protein_coding,cejohnprjeb47283
CJOHNSTONI_LOCUS3963,rna-CJOHNSTONI_LOCUS3963,220,protein_coding,Neurotransmitter-gated ion-channel ligand binding domain protein  [Source:UniProtKB/TrEMBL;Acc:A0A8J2Q6A2],Cercopithifilaria johnstoni (PRJEB47283),protein_coding,cejohnprjeb47283
CJOHNSTONI_LOCUS2924,rna-CJOHNSTONI_LOCUS2924,230,protein_coding,Ras-GEF domain-containing protein  [Source:UniProtKB/TrEMBL;Acc:A0A8J2Q244],Cercopithifilaria johnstoni (PRJEB47283),protein_coding,cejohnprjeb47283
CJOHNSTONI_LOCUS4076,rna-CJOHNSTONI_LOCUS4076,336,protein_coding,PDGF_2 domain-containing protein  [Source:UniProtKB/TrEMBL;Acc:A0A8J2Q6H1],Cercopithifilaria johnstoni (PRJEB47283),protein_coding,cejohnprjeb47283
CJOHNSTONI_LOCUS9997,rna-CJOHNSTONI_LOCUS9997,159,protein_coding,,Cercopithifilaria johnstoni (PRJEB47283),protein_coding,cejohnprjeb47283
CJOHNSTONI_LOCUS4691,rna-CJOHNSTONI_LOCUS4691,316,protein_coding,dolichol kinase  [Source:UniProtKB/TrEMBL;Acc:A0A8J2M210],Cercopithifilaria johnstoni (PRJEB47283),protein_coding,cejohnprjeb47283
CJOHNSTONI_LOCUS4514,rna-CJOHNSTONI_LOCUS4514,268,protein_coding,polyribonucleotide nucleotidyltransferase  [Source:UniProtKB/TrEMBL;Acc:A0A8J2M3C5],Cercopithifilaria johnstoni (PRJEB47283),protein_coding,cejohnprjeb47283
CJOHNSTONI_LOCUS1885,rna-CJOHNSTONI_LOCUS1885,278,protein_coding,Protein transport protein sec16  [Source:UniProtKB/TrEMBL;Acc:A0A8J2LYA6],Cercopithifilaria johnstoni (PRJEB47283),protein_coding,cejohnprjeb47283
CJOHNSTONI_LOCUS265,rna-CJOHNSTONI_LOCUS265,248,protein_coding,Choline/ethanolamine kinase  [Source:UniProtKB/TrEMBL;Acc:A0A8J2LMY4],Cercopithifilaria johnstoni (PRJEB47283),protein_coding,cejohnprjeb47283
CJOHNSTONI_LOCUS4919,rna-CJOHNSTONI_LOCUS4919,182,protein_coding,Integrator complex subunit 10  [Source:UniProtKB/TrEMBL;Acc:A0A8J2Q3W3],Cercopithifilaria johnstoni (PRJEB47283),protein_coding,cejohnprjeb47283
CJOHNSTONI_LOCUS5853,rna-CJOHNSTONI_LOCUS5853,269,protein_coding,,Cercopithifilaria johnstoni (PRJEB47283),protein_coding,cejohnprjeb47283
CJOHNSTONI_LOCUS4782,rna-CJOHNSTONI_LOCUS4782,213,protein_coding,ATP-dependent RNA helicase DHX8  [Source:UniProtKB/TrEMBL;Acc:A0A8J2PTA0],Cercopithifilaria johnstoni (PRJEB47283),protein_coding,cejohnprjeb47283
CJOHNSTONI_LOCUS6631,rna-CJOHNSTONI_LOCUS6631,169,protein_coding,,Cercopithifilaria johnstoni (PRJEB47283),protein_coding,cejohnprjeb47283
CJOHNSTONI_LOCUS6216,rna-CJOHNSTONI_LOCUS6216,231,protein_coding,cGMP-dependent protein kinase  [Source:UniProtKB/TrEMBL;Acc:A0A8J2MQ43],Cercopithifilaria johnstoni (PRJEB47283),protein_coding,cejohnprjeb47283
CJOHNSTONI_LOCUS8446,rna-CJOHNSTONI_LOCUS8446,185,protein_coding,Phosphate transporter  [Source:UniProtKB/TrEMBL;Acc:A0A8J2MAD8],Cercopithifilaria johnstoni (PRJEB47283),protein_coding,cejohnprjeb47283
CJOHNSTONI_LOCUS5773,rna-CJOHNSTONI_LOCUS5773,217,protein_coding,"Leucine-rich PPR motif-containing protein, mitochondrial  [Source:UniProtKB/TrEMBL;Acc:A0A8J2M5M3]",Cercopithifilaria johnstoni (PRJEB47283),protein_coding,cejohnprjeb47283
CJOHNSTONI_LOCUS9365,rna-CJOHNSTONI_LOCUS9365,191,protein_coding,Methylosome subunit pICln  [Source:UniProtKB/TrEMBL;Acc:A0A8J2QB36],Cercopithifilaria johnstoni (PRJEB47283),protein_coding,cejohnprjeb47283
CJOHNSTONI_LOCUS388,rna-CJOHNSTONI_LOCUS388,145,protein_coding,BH4_AAA_HYDROXYL_2 domain-containing protein  [Source:UniProtKB/TrEMBL;Acc:A0A8J2LL79],Cercopithifilaria johnstoni (PRJEB47283),protein_coding,cejohnprjeb47283
CJOHNSTONI_LOCUS6252,rna-CJOHNSTONI_LOCUS6252,234,protein_coding,MutS_II domain-containing protein  [Source:UniProtKB/TrEMBL;Acc:A0A8J2LZL6],Cercopithifilaria johnstoni (PRJEB47283),protein_coding,cejohnprjeb47283
CJOHNSTONI_LOCUS6461,rna-CJOHNSTONI_LOCUS6461,252,protein_coding,PDZ domain-containing protein  [Source:UniProtKB/TrEMBL;Acc:A0A8J2M710],Cercopithifilaria johnstoni (PRJEB47283),protein_coding,cejohnprjeb47283
CJOHNSTONI_LOCUS732,rna-CJOHNSTONI_LOCUS732,169,protein_coding,,Cercopithifilaria johnstoni (PRJEB47283),protein_coding,cejohnprjeb47283
CJOHNSTONI_LOCUS3640,rna-CJOHNSTONI_LOCUS3640,699,protein_coding,Vegetative cell wall protein gp1-like  [Source:UniProtKB/TrEMBL;Acc:A0A8J2MM65],Cercopithifilaria johnstoni (PRJEB47283),protein_coding,cejohnprjeb47283
CJOHNSTONI_LOCUS5907,rna-CJOHNSTONI_LOCUS5907,188,protein_coding,,Cercopithifilaria johnstoni (PRJEB47283),protein_coding,cejohnprjeb47283
CJOHNSTONI_LOCUS9089,rna-CJOHNSTONI_LOCUS9089,258,protein_coding,SAM domain-containing protein  [Source:UniProtKB/TrEMBL;Acc:A0A8J2M4U5],Cercopithifilaria johnstoni (PRJEB47283),protein_coding,cejohnprjeb47283
CJOHNSTONI_LOCUS3249,rna-CJOHNSTONI_LOCUS3249,91,protein_coding,Transmembrane protein 14C  [Source:UniProtKB/TrEMBL;Acc:A0A8J2MLS1],Cercopithifilaria johnstoni (PRJEB47283),protein_coding,cejohnprjeb47283
CJOHNSTONI_LOCUS4501,rna-CJOHNSTONI_LOCUS4501,149,protein_coding,"39S ribosomal protein L23, mitochondrial  [Source:UniProtKB/TrEMBL;Acc:A0A8J2M3H9]",Cercopithifilaria johnstoni (PRJEB47283),protein_coding,cejohnprjeb47283
CJOHNSTONI_LOCUS3371,rna-CJOHNSTONI_LOCUS3371,186,protein_coding,Rhodanese domain-containing protein  [Source:UniProtKB/TrEMBL;Acc:A0A8J2LQW7],Cercopithifilaria johnstoni (PRJEB47283),protein_coding,cejohnprjeb47283
CJOHNSTONI_LOCUS744,rna-CJOHNSTONI_LOCUS744,182,protein_coding,GPN-loop GTPase 3  [Source:UniProtKB/TrEMBL;Acc:A0A8J2PVU2],Cercopithifilaria johnstoni (PRJEB47283),protein_coding,cejohnprjeb47283
CJOHNSTONI_LOCUS9200,rna-CJOHNSTONI_LOCUS9200,248,protein_coding,Ovule protein  [Source:UniProtKB/TrEMBL;Acc:A0A8J2MU64],Cercopithifilaria johnstoni (PRJEB47283),protein_coding,cejohnprjeb47283
CJOHNSTONI_LOCUS3237,rna-CJOHNSTONI_LOCUS3237,131,protein_coding,Ras-related protein Rab-1A  [Source:UniProtKB/TrEMBL;Acc:A0A8J2M1B9],Cercopithifilaria johnstoni (PRJEB47283),protein_coding,cejohnprjeb47283
CJOHNSTONI_LOCUS4546,rna-CJOHNSTONI_LOCUS4546,269,protein_coding,Hemicentin-2  [Source:UniProtKB/TrEMBL;Acc:A0A8J2Q6Y7],Cercopithifilaria johnstoni (PRJEB47283),protein_coding,cejohnprjeb47283
CJOHNSTONI_LOCUS3160,rna-CJOHNSTONI_LOCUS3160,212,protein_coding,LIM/homeobox protein Lhx9  [Source:UniProtKB/TrEMBL;Acc:A0A8J2Q5C2],Cercopithifilaria johnstoni (PRJEB47283),protein_coding,cejohnprjeb47283
CJOHNSTONI_LOCUS2464,rna-CJOHNSTONI_LOCUS2464,257,protein_coding,Ubiquitin-like domain-containing protein  [Source:UniProtKB/TrEMBL;Acc:A0A8J2LZF2],Cercopithifilaria johnstoni (PRJEB47283),protein_coding,cejohnprjeb47283
CJOHNSTONI_LOCUS9691,rna-CJOHNSTONI_LOCUS9691,182,protein_coding,Tenascin-X  [Source:UniProtKB/TrEMBL;Acc:A0A8J2MED0],Cercopithifilaria johnstoni (PRJEB47283),protein_coding,cejohnprjeb47283
CJOHNSTONI_LOCUS2443,rna-CJOHNSTONI_LOCUS2443,233,protein_coding,,Cercopithifilaria johnstoni (PRJEB47283),protein_coding,cejohnprjeb47283
CJOHNSTONI_LOCUS8625,rna-CJOHNSTONI_LOCUS8625,186,protein_coding,Major sperm protein  [Source:UniProtKB/TrEMBL;Acc:A0A8J2M390],Cercopithifilaria johnstoni (PRJEB47283),protein_coding,cejohnprjeb47283
CJOHNSTONI_LOCUS7789,rna-CJOHNSTONI_LOCUS7789,293,protein_coding,Eyes absent homolog  [Source:UniProtKB/TrEMBL;Acc:A0A8J2M9Y2],Cercopithifilaria johnstoni (PRJEB47283),protein_coding,cejohnprjeb47283
CJOHNSTONI_LOCUS8504,rna-CJOHNSTONI_LOCUS8504,252,protein_coding,Protein fem-1 homolog C  [Source:UniProtKB/TrEMBL;Acc:A0A8J2PXD6],Cercopithifilaria johnstoni (PRJEB47283),protein_coding,cejohnprjeb47283
CJOHNSTONI_LOCUS1646,rna-CJOHNSTONI_LOCUS1646,203,protein_coding,Enhancer of polycomb-like protein  [Source:UniProtKB/TrEMBL;Acc:A0A8J2LYD0],Cercopithifilaria johnstoni (PRJEB47283),protein_coding,cejohnprjeb47283
CJOHNSTONI_LOCUS8715,rna-CJOHNSTONI_LOCUS8715,185,protein_coding,Ion_trans_2 domain-containing protein  [Source:UniProtKB/TrEMBL;Acc:A0A8J2Q6I9],Cercopithifilaria johnstoni (PRJEB47283),protein_coding,cejohnprjeb47283
CJOHNSTONI_LOCUS6653,rna-CJOHNSTONI_LOCUS6653,227,protein_coding,Col_cuticle_N domain-containing protein  [Source:UniProtKB/TrEMBL;Acc:A0A8J2M7D0],Cercopithifilaria johnstoni (PRJEB47283),protein_coding,cejohnprjeb47283
CJOHNSTONI_LOCUS10560,rna-CJOHNSTONI_LOCUS10560,216,protein_coding,DUF2975 domain-containing protein  [Source:UniProtKB/TrEMBL;Acc:A0A8J2MDR5],Cercopithifilaria johnstoni (PRJEB47283),protein_coding,cejohnprjeb47283
CJOHNSTONI_LOCUS3502,rna-CJOHNSTONI_LOCUS3502,214,protein_coding,Amino_oxidase domain-containing protein  [Source:UniProtKB/TrEMBL;Acc:A0A8J2MM09],Cercopithifilaria johnstoni (PRJEB47283),protein_coding,cejohnprjeb47283
CJOHNSTONI_LOCUS3708,rna-CJOHNSTONI_LOCUS3708,263,protein_coding,Lysine transporter LysE  [Source:UniProtKB/TrEMBL;Acc:A0A8J2LUG9],Cercopithifilaria johnstoni (PRJEB47283),protein_coding,cejohnprjeb47283
CJOHNSTONI_LOCUS7005,rna-CJOHNSTONI_LOCUS7005,184,protein_coding,Farnesylated proteins-converting enzyme 2  [Source:UniProtKB/TrEMBL;Acc:A0A8J2MAB6],Cercopithifilaria johnstoni (PRJEB47283),protein_coding,cejohnprjeb47283
CJOHNSTONI_LOCUS2494,rna-CJOHNSTONI_LOCUS2494,691,protein_coding,MADF domain-containing protein  [Source:UniProtKB/TrEMBL;Acc:A0A8J2Q4S0],Cercopithifilaria johnstoni (PRJEB47283),protein_coding,cejohnprjeb47283
CJOHNSTONI_LOCUS4504,rna-CJOHNSTONI_LOCUS4504,433,protein_coding,Prion-like-(Q/N-rich) domain-bearing protein 25  [Source:UniProtKB/TrEMBL;Acc:A0A8J2Q3B7],Cercopithifilaria johnstoni (PRJEB47283),protein_coding,cejohnprjeb47283
CJOHNSTONI_LOCUS6390,rna-CJOHNSTONI_LOCUS6390,200,protein_coding,Ribosome maturation protein SBDS  [Source:UniProtKB/TrEMBL;Acc:A0A8J2MQD1],Cercopithifilaria johnstoni (PRJEB47283),protein_coding,cejohnprjeb47283
CJOHNSTONI_LOCUS8972,rna-CJOHNSTONI_LOCUS8972,230,protein_coding,RNA-binding protein 28  [Source:UniProtKB/TrEMBL;Acc:A0A8J2MCM3],Cercopithifilaria johnstoni (PRJEB47283),protein_coding,cejohnprjeb47283
CJOHNSTONI_LOCUS10574,rna-CJOHNSTONI_LOCUS10574,157,protein_coding,"NADH dehydrogenase [ubiquinone] 1 beta subcomplex subunit 11, mitochondrial  [Source:UniProtKB/TrEMBL;Acc:A0A8J2PZA1]",Cercopithifilaria johnstoni (PRJEB47283),protein_coding,cejohnprjeb47283
CJOHNSTONI_LOCUS1991,rna-CJOHNSTONI_LOCUS1991,879,protein_coding,ARID domain-containing protein  [Source:UniProtKB/TrEMBL;Acc:A0A8J2LYX3],Cercopithifilaria johnstoni (PRJEB47283),protein_coding,cejohnprjeb47283
CJOHNSTONI_LOCUS7617,rna-CJOHNSTONI_LOCUS7617,211,protein_coding,Aluminum-activated malate transporter  [Source:UniProtKB/TrEMBL;Acc:A0A8J2MBI2],Cercopithifilaria johnstoni (PRJEB47283),protein_coding,cejohnprjeb47283
CJOHNSTONI_LOCUS7650,rna-CJOHNSTONI_LOCUS7650,110,protein_coding,NAM-associated domain-containing protein  [Source:UniProtKB/TrEMBL;Acc:A0A8J2PWA4],Cercopithifilaria johnstoni (PRJEB47283),protein_coding,cejohnprjeb47283
CJOHNSTONI_LOCUS4739,rna-CJOHNSTONI_LOCUS4739,238,protein_coding,TOG domain-containing protein  [Source:UniProtKB/TrEMBL;Acc:A0A8J2M3E1],Cercopithifilaria johnstoni (PRJEB47283),protein_coding,cejohnprjeb47283
CJOHNSTONI_LOCUS8657,rna-CJOHNSTONI_LOCUS8657,275,protein_coding,Delta-like protein  [Source:UniProtKB/TrEMBL;Acc:A0A8J2MCL0],Cercopithifilaria johnstoni (PRJEB47283),protein_coding,cejohnprjeb47283
CJOHNSTONI_LOCUS6830,rna-CJOHNSTONI_LOCUS6830,224,protein_coding,Apoptosis inhibitory protein 5  [Source:UniProtKB/TrEMBL;Acc:A0A8J2M9Z7],Cercopithifilaria johnstoni (PRJEB47283),protein_coding,cejohnprjeb47283
CJOHNSTONI_LOCUS2772,rna-CJOHNSTONI_LOCUS2772,319,protein_coding,HOOK_N domain-containing protein  [Source:UniProtKB/TrEMBL;Acc:A0A8J2LQ27],Cercopithifilaria johnstoni (PRJEB47283),protein_coding,cejohnprjeb47283
CJOHNSTONI_LOCUS7745,rna-CJOHNSTONI_LOCUS7745,501,protein_coding,protein kinase C  [Source:UniProtKB/TrEMBL;Acc:A0A8J2M913],Cercopithifilaria johnstoni (PRJEB47283),protein_coding,cejohnprjeb47283
CJOHNSTONI_LOCUS7792,rna-CJOHNSTONI_LOCUS7792,250,protein_coding,Homeobox domain-containing protein  [Source:UniProtKB/TrEMBL;Acc:A0A8J2Q8L8],Cercopithifilaria johnstoni (PRJEB47283),protein_coding,cejohnprjeb47283
CJOHNSTONI_LOCUS1445,rna-CJOHNSTONI_LOCUS1445,182,protein_coding,Secreted protein  [Source:UniProtKB/TrEMBL;Acc:A0A8J2PWL8],Cercopithifilaria johnstoni (PRJEB47283),protein_coding,cejohnprjeb47283
CJOHNSTONI_LOCUS7125,rna-CJOHNSTONI_LOCUS7125,322,protein_coding,Protein PTHB1  [Source:UniProtKB/TrEMBL;Acc:A0A8J2M959],Cercopithifilaria johnstoni (PRJEB47283),protein_coding,cejohnprjeb47283
CJOHNSTONI_LOCUS1773,rna-CJOHNSTONI_LOCUS1773,212,protein_coding,LRRcap domain-containing protein  [Source:UniProtKB/TrEMBL;Acc:A0A8J2LYI6],Cercopithifilaria johnstoni (PRJEB47283),protein_coding,cejohnprjeb47283
CJOHNSTONI_LOCUS5632,rna-CJOHNSTONI_LOCUS5632,197,protein_coding,TPT domain-containing protein  [Source:UniProtKB/TrEMBL;Acc:A0A8J2Q4H8],Cercopithifilaria johnstoni (PRJEB47283),protein_coding,cejohnprjeb47283
CJOHNSTONI_LOCUS1732,rna-CJOHNSTONI_LOCUS1732,154,protein_coding,Ubiquitin-60S ribosomal protein L40  [Source:UniProtKB/TrEMBL;Acc:A0A8J2LWK2],Cercopithifilaria johnstoni (PRJEB47283),protein_coding,cejohnprjeb47283
CJOHNSTONI_LOCUS8668,rna-CJOHNSTONI_LOCUS8668,143,protein_coding,EF-hand domain-containing protein  [Source:UniProtKB/TrEMBL;Acc:A0A8J2MTD7],Cercopithifilaria johnstoni (PRJEB47283),protein_coding,cejohnprjeb47283
CJOHNSTONI_LOCUS6210,rna-CJOHNSTONI_LOCUS6210,235,protein_coding,Fibrinogen C-terminal domain-containing protein  [Source:UniProtKB/TrEMBL;Acc:A0A8J2Q1E5],Cercopithifilaria johnstoni (PRJEB47283),protein_coding,cejohnprjeb47283
CJOHNSTONI_LOCUS2711,rna-CJOHNSTONI_LOCUS2711,239,protein_coding,Cyclic nucleotide-binding domain-containing protein  [Source:UniProtKB/TrEMBL;Acc:A0A8J2M089],Cercopithifilaria johnstoni (PRJEB47283),protein_coding,cejohnprjeb47283
CJOHNSTONI_LOCUS591,rna-CJOHNSTONI_LOCUS591,207,protein_coding,T-complex protein 1 subunit delta  [Source:UniProtKB/TrEMBL;Acc:A0A8J2PZY8],Cercopithifilaria johnstoni (PRJEB47283),protein_coding,cejohnprjeb47283
CJOHNSTONI_LOCUS8951,rna-CJOHNSTONI_LOCUS8951,331,protein_coding,G_PROTEIN_RECEP_F1_2 domain-containing protein  [Source:UniProtKB/TrEMBL;Acc:A0A8J2M3T7],Cercopithifilaria johnstoni (PRJEB47283),protein_coding,cejohnprjeb47283
CJOHNSTONI_LOCUS10397,rna-CJOHNSTONI_LOCUS10397,153,protein_coding,Robl_LC7 domain-containing protein  [Source:UniProtKB/TrEMBL;Acc:A0A8J2PZ38],Cercopithifilaria johnstoni (PRJEB47283),protein_coding,cejohnprjeb47283
CJOHNSTONI_LOCUS633,rna-CJOHNSTONI_LOCUS633,195,protein_coding,Protein kinase domain-containing protein  [Source:UniProtKB/TrEMBL;Acc:A0A8J2Q014],Cercopithifilaria johnstoni (PRJEB47283),protein_coding,cejohnprjeb47283
CJOHNSTONI_LOCUS7600,rna-CJOHNSTONI_LOCUS7600,434,protein_coding,,Cercopithifilaria johnstoni (PRJEB47283),protein_coding,cejohnprjeb47283
CJOHNSTONI_LOCUS7432,rna-CJOHNSTONI_LOCUS7432,257,protein_coding,Ion_trans_2 domain-containing protein  [Source:UniProtKB/TrEMBL;Acc:A0A8J2M958],Cercopithifilaria johnstoni (PRJEB47283),protein_coding,cejohnprjeb47283
CJOHNSTONI_LOCUS7986,rna-CJOHNSTONI_LOCUS7986,217,protein_coding,"39S ribosomal protein L16, mitochondrial  [Source:UniProtKB/TrEMBL;Acc:A0A8J2QAT5]",Cercopithifilaria johnstoni (PRJEB47283),protein_coding,cejohnprjeb47283
CJOHNSTONI_LOCUS4776,rna-CJOHNSTONI_LOCUS4776,219,protein_coding,Innexin  [Source:UniProtKB/TrEMBL;Acc:A0A8J2MND4],Cercopithifilaria johnstoni (PRJEB47283),protein_coding,cejohnprjeb47283
CJOHNSTONI_LOCUS9843,rna-CJOHNSTONI_LOCUS9843,248,protein_coding,SAM domain-containing protein  [Source:UniProtKB/TrEMBL;Acc:A0A8J2MEM1],Cercopithifilaria johnstoni (PRJEB47283),protein_coding,cejohnprjeb47283
CJOHNSTONI_LOCUS678,rna-CJOHNSTONI_LOCUS678,245,protein_coding,CC domain-containing protein  [Source:UniProtKB/TrEMBL;Acc:A0A8J2Q885],Cercopithifilaria johnstoni (PRJEB47283),protein_coding,cejohnprjeb47283
CJOHNSTONI_LOCUS7282,rna-CJOHNSTONI_LOCUS7282,241,protein_coding,Saposin B-type domain-containing protein  [Source:UniProtKB/TrEMBL;Acc:A0A8J2M7N3],Cercopithifilaria johnstoni (PRJEB47283),protein_coding,cejohnprjeb47283
CJOHNSTONI_LOCUS8660,rna-CJOHNSTONI_LOCUS8660,119,protein_coding,HMG box domain-containing protein  [Source:UniProtKB/TrEMBL;Acc:A0A8J2PXI3],Cercopithifilaria johnstoni (PRJEB47283),protein_coding,cejohnprjeb47283
CJOHNSTONI_LOCUS8607,rna-CJOHNSTONI_LOCUS8607,234,protein_coding,ACB domain-containing protein  [Source:UniProtKB/TrEMBL;Acc:A0A8J2Q8V0],Cercopithifilaria johnstoni (PRJEB47283),protein_coding,cejohnprjeb47283
CJOHNSTONI_LOCUS6894,rna-CJOHNSTONI_LOCUS6894,223,protein_coding,Trehalase  [Source:UniProtKB/TrEMBL;Acc:A0A8J2M6Z6],Cercopithifilaria johnstoni (PRJEB47283),protein_coding,cejohnprjeb47283
CJOHNSTONI_LOCUS1154,rna-CJOHNSTONI_LOCUS1154,203,protein_coding,"RNA transcription, translation and transport factor protein  [Source:UniProtKB/TrEMBL;Acc:A0A8J2LZZ9]",Cercopithifilaria johnstoni (PRJEB47283),protein_coding,cejohnprjeb47283
CJOHNSTONI_LOCUS4635,rna-CJOHNSTONI_LOCUS4635,382,protein_coding,Bm12874  [Source:UniProtKB/TrEMBL;Acc:A0A8J2M373],Cercopithifilaria johnstoni (PRJEB47283),protein_coding,cejohnprjeb47283
CJOHNSTONI_LOCUS2066,rna-CJOHNSTONI_LOCUS2066,281,protein_coding,Sec1 family protein  [Source:UniProtKB/TrEMBL;Acc:A0A8J2PX53],Cercopithifilaria johnstoni (PRJEB47283),protein_coding,cejohnprjeb47283
CJOHNSTONI_LOCUS2362,rna-CJOHNSTONI_LOCUS2362,274,protein_coding,Replication termination factor 2  [Source:UniProtKB/TrEMBL;Acc:A0A8J2LZM9],Cercopithifilaria johnstoni (PRJEB47283),protein_coding,cejohnprjeb47283
CJOHNSTONI_LOCUS9518,rna-CJOHNSTONI_LOCUS9518,269,protein_coding,Serine/threonine-protein phosphatase  [Source:UniProtKB/TrEMBL;Acc:A0A8J2M4U8],Cercopithifilaria johnstoni (PRJEB47283),protein_coding,cejohnprjeb47283
CJOHNSTONI_LOCUS5526,rna-CJOHNSTONI_LOCUS5526,251,protein_coding,RING-type domain-containing protein  [Source:UniProtKB/TrEMBL;Acc:A0A8J2Q7I2],Cercopithifilaria johnstoni (PRJEB47283),protein_coding,cejohnprjeb47283
CJOHNSTONI_LOCUS2833,rna-CJOHNSTONI_LOCUS2833,167,protein_coding,Transmembrane protein  [Source:UniProtKB/TrEMBL;Acc:A0A8J2M308],Cercopithifilaria johnstoni (PRJEB47283),protein_coding,cejohnprjeb47283
CJOHNSTONI_LOCUS7431,rna-CJOHNSTONI_LOCUS7431,92,protein_coding,,Cercopithifilaria johnstoni (PRJEB47283),protein_coding,cejohnprjeb47283
CJOHNSTONI_LOCUS9516,rna-CJOHNSTONI_LOCUS9516,206,protein_coding,Mitochondrial import inner membrane translocase subunit TIM50  [Source:UniProtKB/TrEMBL;Acc:A0A8J2Q3Y4],Cercopithifilaria johnstoni (PRJEB47283),protein_coding,cejohnprjeb47283
CJOHNSTONI_LOCUS2413,rna-CJOHNSTONI_LOCUS2413,187,protein_coding,EB domain-containing protein  [Source:UniProtKB/TrEMBL;Acc:A0A8J2LRT4],Cercopithifilaria johnstoni (PRJEB47283),protein_coding,cejohnprjeb47283
CJOHNSTONI_LOCUS7175,rna-CJOHNSTONI_LOCUS7175,231,protein_coding,GpcrRhopsn4 domain-containing protein  [Source:UniProtKB/TrEMBL;Acc:A0A8J2M1K3],Cercopithifilaria johnstoni (PRJEB47283),protein_coding,cejohnprjeb47283
CJOHNSTONI_LOCUS505,rna-CJOHNSTONI_LOCUS505,284,protein_coding,MSP domain-containing protein  [Source:UniProtKB/TrEMBL;Acc:A0A8J2Q389],Cercopithifilaria johnstoni (PRJEB47283),protein_coding,cejohnprjeb47283
CJOHNSTONI_LOCUS9037,rna-CJOHNSTONI_LOCUS9037,122,protein_coding,,Cercopithifilaria johnstoni (PRJEB47283),protein_coding,cejohnprjeb47283
CJOHNSTONI_LOCUS886,rna-CJOHNSTONI_LOCUS886,453,protein_coding,SAM domain-containing protein  [Source:UniProtKB/TrEMBL;Acc:A0A8J2MI49],Cercopithifilaria johnstoni (PRJEB47283),protein_coding,cejohnprjeb47283
CJOHNSTONI_LOCUS8824,rna-CJOHNSTONI_LOCUS8824,315,protein_coding,BTB domain-containing protein  [Source:UniProtKB/TrEMBL;Acc:A0A8J2M4C6],Cercopithifilaria johnstoni (PRJEB47283),protein_coding,cejohnprjeb47283
CJOHNSTONI_LOCUS1497,rna-CJOHNSTONI_LOCUS1497,140,protein_coding,RRM domain-containing protein  [Source:UniProtKB/TrEMBL;Acc:A0A8J2Q3X3],Cercopithifilaria johnstoni (PRJEB47283),protein_coding,cejohnprjeb47283
CJOHNSTONI_LOCUS3960,rna-CJOHNSTONI_LOCUS3960,121,protein_coding,Guanine nucleotide-binding protein G(s) subunit alpha  [Source:UniProtKB/TrEMBL;Acc:A0A8J2M2I0],Cercopithifilaria johnstoni (PRJEB47283),protein_coding,cejohnprjeb47283
CJOHNSTONI_LOCUS215,rna-CJOHNSTONI_LOCUS215,277,protein_coding,Ag2 protein  [Source:UniProtKB/TrEMBL;Acc:A0A8J2LV82],Cercopithifilaria johnstoni (PRJEB47283),protein_coding,cejohnprjeb47283
CJOHNSTONI_LOCUS2435,rna-CJOHNSTONI_LOCUS2435,204,protein_coding,Transposase  [Source:UniProtKB/TrEMBL;Acc:A0A8J2Q4Q2],Cercopithifilaria johnstoni (PRJEB47283),protein_coding,cejohnprjeb47283
CJOHNSTONI_LOCUS6779,rna-CJOHNSTONI_LOCUS6779,392,protein_coding,,Cercopithifilaria johnstoni (PRJEB47283),protein_coding,cejohnprjeb47283
CJOHNSTONI_LOCUS3513,rna-CJOHNSTONI_LOCUS3513,196,protein_coding,RING-type E3 ubiquitin transferase  [Source:UniProtKB/TrEMBL;Acc:A0A8J2LZT6],Cercopithifilaria johnstoni (PRJEB47283),protein_coding,cejohnprjeb47283
CJOHNSTONI_LOCUS4801,rna-CJOHNSTONI_LOCUS4801,272,protein_coding,MFS domain-containing protein  [Source:UniProtKB/TrEMBL;Acc:A0A8J2LWS7],Cercopithifilaria johnstoni (PRJEB47283),protein_coding,cejohnprjeb47283
CJOHNSTONI_LOCUS6570,rna-CJOHNSTONI_LOCUS6570,303,protein_coding,Protein amnionless  [Source:UniProtKB/TrEMBL;Acc:A0A8J2MQG5],Cercopithifilaria johnstoni (PRJEB47283),protein_coding,cejohnprjeb47283
CJOHNSTONI_LOCUS6407,rna-CJOHNSTONI_LOCUS6407,181,protein_coding,Ulp1-like peptidase  [Source:UniProtKB/TrEMBL;Acc:A0A8J2M7D2],Cercopithifilaria johnstoni (PRJEB47283),protein_coding,cejohnprjeb47283
CJOHNSTONI_LOCUS7415,rna-CJOHNSTONI_LOCUS7415,1269,protein_coding,PDZ and LIM domain protein Zasp  [Source:UniProtKB/TrEMBL;Acc:A0A8J2M1A1],Cercopithifilaria johnstoni (PRJEB47283),protein_coding,cejohnprjeb47283
CJOHNSTONI_LOCUS1929,rna-CJOHNSTONI_LOCUS1929,188,protein_coding,Col_cuticle_N domain-containing protein  [Source:UniProtKB/TrEMBL;Acc:A0A8J2Q493],Cercopithifilaria johnstoni (PRJEB47283),protein_coding,cejohnprjeb47283
CJOHNSTONI_LOCUS3701,rna-CJOHNSTONI_LOCUS3701,580,protein_coding,phospholipase A2  [Source:UniProtKB/TrEMBL;Acc:A0A8J2M1Z9],Cercopithifilaria johnstoni (PRJEB47283),protein_coding,cejohnprjeb47283
CJOHNSTONI_LOCUS8212,rna-CJOHNSTONI_LOCUS8212,203,protein_coding,Actin-related protein 2/3 complex subunit 5  [Source:UniProtKB/TrEMBL;Acc:A0A8J2M9Z3],Cercopithifilaria johnstoni (PRJEB47283),protein_coding,cejohnprjeb47283
CJOHNSTONI_LOCUS2620,rna-CJOHNSTONI_LOCUS2620,154,protein_coding,,Cercopithifilaria johnstoni (PRJEB47283),protein_coding,cejohnprjeb47283
CJOHNSTONI_LOCUS6409,rna-CJOHNSTONI_LOCUS6409-3,230,protein_coding,DUF3677 domain-containing protein  [Source:UniProtKB/TrEMBL;Acc:A0A8J2Q800],Cercopithifilaria johnstoni (PRJEB47283),protein_coding,cejohnprjeb47283
CJOHNSTONI_LOCUS8473,rna-CJOHNSTONI_LOCUS8473,470,protein_coding,Phosphatase and actin regulator  [Source:UniProtKB/TrEMBL;Acc:A0A8J2MAF6],Cercopithifilaria johnstoni (PRJEB47283),protein_coding,cejohnprjeb47283
CJOHNSTONI_LOCUS1720,rna-CJOHNSTONI_LOCUS1720,190,protein_coding,Coiled-coil domain-containing protein 86  [Source:UniProtKB/TrEMBL;Acc:A0A8J2Q434],Cercopithifilaria johnstoni (PRJEB47283),protein_coding,cejohnprjeb47283
CJOHNSTONI_LOCUS10306,rna-CJOHNSTONI_LOCUS10306,189,protein_coding,Defensin-like protein  [Source:UniProtKB/TrEMBL;Acc:A0A8J2MFJ3],Cercopithifilaria johnstoni (PRJEB47283),protein_coding,cejohnprjeb47283
CJOHNSTONI_LOCUS1739,rna-CJOHNSTONI_LOCUS1739,222,protein_coding,WD_REPEATS_REGION domain-containing protein  [Source:UniProtKB/TrEMBL;Acc:A0A8J2Q8T8],Cercopithifilaria johnstoni (PRJEB47283),protein_coding,cejohnprjeb47283
CJOHNSTONI_LOCUS6611,rna-CJOHNSTONI_LOCUS6611,188,protein_coding,Ras-like GTP-binding protein Rho1  [Source:UniProtKB/TrEMBL;Acc:A0A8J2M9G7],Cercopithifilaria johnstoni (PRJEB47283),protein_coding,cejohnprjeb47283
CJOHNSTONI_LOCUS9140,rna-CJOHNSTONI_LOCUS9140,179,protein_coding,MG2 domain-containing protein  [Source:UniProtKB/TrEMBL;Acc:A0A8J2MBM3],Cercopithifilaria johnstoni (PRJEB47283),protein_coding,cejohnprjeb47283
CJOHNSTONI_LOCUS898,rna-CJOHNSTONI_LOCUS898,138,protein_coding,,Cercopithifilaria johnstoni (PRJEB47283),protein_coding,cejohnprjeb47283
CJOHNSTONI_LOCUS8176,rna-CJOHNSTONI_LOCUS8176,302,protein_coding,Arrestin_C domain-containing protein  [Source:UniProtKB/TrEMBL;Acc:A0A8J2Q2Z5],Cercopithifilaria johnstoni (PRJEB47283),protein_coding,cejohnprjeb47283
CJOHNSTONI_LOCUS7998,rna-CJOHNSTONI_LOCUS7998,124,protein_coding,,Cercopithifilaria johnstoni (PRJEB47283),protein_coding,cejohnprjeb47283
CJOHNSTONI_LOCUS9976,rna-CJOHNSTONI_LOCUS9976,257,protein_coding,Protein lap1  [Source:UniProtKB/TrEMBL;Acc:A0A8J2MUK3],Cercopithifilaria johnstoni (PRJEB47283),protein_coding,cejohnprjeb47283
CJOHNSTONI_LOCUS1775,rna-CJOHNSTONI_LOCUS1775,359,protein_coding,Collagen triple helix repeat protein  [Source:UniProtKB/TrEMBL;Acc:A0A8J2LYJ3],Cercopithifilaria johnstoni (PRJEB47283),protein_coding,cejohnprjeb47283
CJOHNSTONI_LOCUS6718,rna-CJOHNSTONI_LOCUS6718,203,protein_coding,PHB domain-containing protein  [Source:UniProtKB/TrEMBL;Acc:A0A8J2M9Q5],Cercopithifilaria johnstoni (PRJEB47283),protein_coding,cejohnprjeb47283
CJOHNSTONI_LOCUS2304,rna-CJOHNSTONI_LOCUS2304,235,protein_coding,Mevalonate kinase  [Source:UniProtKB/TrEMBL;Acc:A0A8J2Q1F8],Cercopithifilaria johnstoni (PRJEB47283),protein_coding,cejohnprjeb47283
CJOHNSTONI_LOCUS6548,rna-CJOHNSTONI_LOCUS6548,140,protein_coding,Peptidyl-prolyl cis-trans isomerase  [Source:UniProtKB/TrEMBL;Acc:A0A8J2M6W8],Cercopithifilaria johnstoni (PRJEB47283),protein_coding,cejohnprjeb47283
CJOHNSTONI_LOCUS8295,rna-CJOHNSTONI_LOCUS8295,94,protein_coding,Proteasome subunit alpha type  [Source:UniProtKB/TrEMBL;Acc:A0A8J2MBS3],Cercopithifilaria johnstoni (PRJEB47283),protein_coding,cejohnprjeb47283
CJOHNSTONI_LOCUS7540,rna-CJOHNSTONI_LOCUS7540,203,protein_coding,G_PROTEIN_RECEP_F1_2 domain-containing protein  [Source:UniProtKB/TrEMBL;Acc:A0A8J2QAQ3],Cercopithifilaria johnstoni (PRJEB47283),protein_coding,cejohnprjeb47283
CJOHNSTONI_LOCUS1973,rna-CJOHNSTONI_LOCUS1973,179,protein_coding,TPR_REGION domain-containing protein  [Source:UniProtKB/TrEMBL;Acc:A0A8J2MJT6],Cercopithifilaria johnstoni (PRJEB47283),protein_coding,cejohnprjeb47283
CJOHNSTONI_LOCUS8337,rna-CJOHNSTONI_LOCUS8337,219,protein_coding,Intraflagellar transport protein 88 homolog  [Source:UniProtKB/TrEMBL;Acc:A0A8J2MBV9],Cercopithifilaria johnstoni (PRJEB47283),protein_coding,cejohnprjeb47283
CJOHNSTONI_LOCUS9665,rna-CJOHNSTONI_LOCUS9665,193,protein_coding,carbonyl reductase (NADPH)  [Source:UniProtKB/TrEMBL;Acc:A0A8J2ME05],Cercopithifilaria johnstoni (PRJEB47283),protein_coding,cejohnprjeb47283
CJOHNSTONI_LOCUS5969,rna-CJOHNSTONI_LOCUS5969,316,protein_coding,Ribosomal protein S6 kinase  [Source:UniProtKB/TrEMBL;Acc:A0A8J2M4W3],Cercopithifilaria johnstoni (PRJEB47283),protein_coding,cejohnprjeb47283
CJOHNSTONI_LOCUS2483,rna-CJOHNSTONI_LOCUS2483,174,protein_coding,N-acyl-aliphatic-L-amino acid amidohydrolase  [Source:UniProtKB/TrEMBL;Acc:A0A8J2Q1K8],Cercopithifilaria johnstoni (PRJEB47283),protein_coding,cejohnprjeb47283
CJOHNSTONI_LOCUS6932,rna-CJOHNSTONI_LOCUS6932,204,protein_coding,Integral membrane protein  [Source:UniProtKB/TrEMBL;Acc:A0A8J2Q5J0],Cercopithifilaria johnstoni (PRJEB47283),protein_coding,cejohnprjeb47283
CJOHNSTONI_LOCUS9302,rna-CJOHNSTONI_LOCUS9302,222,protein_coding,Protein kinase domain-containing protein  [Source:UniProtKB/TrEMBL;Acc:A0A8J2MFG0],Cercopithifilaria johnstoni (PRJEB47283),protein_coding,cejohnprjeb47283
CJOHNSTONI_LOCUS10395,rna-CJOHNSTONI_LOCUS10395,210,protein_coding,40S ribosomal protein S6  [Source:UniProtKB/TrEMBL;Acc:A0A8J2MDI3],Cercopithifilaria johnstoni (PRJEB47283),protein_coding,cejohnprjeb47283
CJOHNSTONI_LOCUS4769,rna-CJOHNSTONI_LOCUS4769,209,protein_coding,,Cercopithifilaria johnstoni (PRJEB47283),protein_coding,cejohnprjeb47283
CJOHNSTONI_LOCUS7182,rna-CJOHNSTONI_LOCUS7182,163,protein_coding,,Cercopithifilaria johnstoni (PRJEB47283),protein_coding,cejohnprjeb47283
CJOHNSTONI_LOCUS5794,rna-CJOHNSTONI_LOCUS5794,203,protein_coding,TLC domain-containing protein  [Source:UniProtKB/TrEMBL;Acc:A0A8J2QAC3],Cercopithifilaria johnstoni (PRJEB47283),protein_coding,cejohnprjeb47283
CJOHNSTONI_LOCUS7298,rna-CJOHNSTONI_LOCUS7298,209,protein_coding,Aldo_ket_red domain-containing protein  [Source:UniProtKB/TrEMBL;Acc:A0A8J2MRG2],Cercopithifilaria johnstoni (PRJEB47283),protein_coding,cejohnprjeb47283
CJOHNSTONI_LOCUS635,rna-CJOHNSTONI_LOCUS635,168,protein_coding,Dilute domain-containing protein  [Source:UniProtKB/TrEMBL;Acc:A0A8J2Q876],Cercopithifilaria johnstoni (PRJEB47283),protein_coding,cejohnprjeb47283
CJOHNSTONI_LOCUS10446,rna-CJOHNSTONI_LOCUS10446,320,protein_coding,CRAL-TRIO domain-containing protein  [Source:UniProtKB/TrEMBL;Acc:A0A8J2MFT5],Cercopithifilaria johnstoni (PRJEB47283),protein_coding,cejohnprjeb47283
CJOHNSTONI_LOCUS7140,rna-CJOHNSTONI_LOCUS7140,304,protein_coding,Mediator of RNA polymerase II transcription subunit 23  [Source:UniProtKB/TrEMBL;Acc:A0A8J2M8F5],Cercopithifilaria johnstoni (PRJEB47283),protein_coding,cejohnprjeb47283
CJOHNSTONI_LOCUS9658,rna-CJOHNSTONI_LOCUS9658,244,protein_coding,,Cercopithifilaria johnstoni (PRJEB47283),protein_coding,cejohnprjeb47283
CJOHNSTONI_LOCUS3116,rna-CJOHNSTONI_LOCUS3116,272,protein_coding,Frizzled-8  [Source:UniProtKB/TrEMBL;Acc:A0A8J2Q5A9],Cercopithifilaria johnstoni (PRJEB47283),protein_coding,cejohnprjeb47283
CJOHNSTONI_LOCUS3652,rna-CJOHNSTONI_LOCUS3652,206,protein_coding,Kelch domain-containing protein 10  [Source:UniProtKB/TrEMBL;Acc:A0A8J2M020],Cercopithifilaria johnstoni (PRJEB47283),protein_coding,cejohnprjeb47283
CJOHNSTONI_LOCUS8146,rna-CJOHNSTONI_LOCUS8146,200,protein_coding,Ovule protein  [Source:UniProtKB/TrEMBL;Acc:A0A8J2Q8Q7],Cercopithifilaria johnstoni (PRJEB47283),protein_coding,cejohnprjeb47283
CJOHNSTONI_LOCUS9176,rna-CJOHNSTONI_LOCUS9176,162,protein_coding,Serine/threonine-protein phosphatase  [Source:UniProtKB/TrEMBL;Acc:A0A8J2MF62],Cercopithifilaria johnstoni (PRJEB47283),protein_coding,cejohnprjeb47283
CJOHNSTONI_LOCUS1459,rna-CJOHNSTONI_LOCUS1459,251,protein_coding,"Chlorophyll a-b binding protein, chloroplastic  [Source:UniProtKB/TrEMBL;Acc:A0A8J2Q0S2]",Cercopithifilaria johnstoni (PRJEB47283),protein_coding,cejohnprjeb47283
CJOHNSTONI_LOCUS7823,rna-CJOHNSTONI_LOCUS7823,230,protein_coding,Obg-like ATPase 1  [Source:UniProtKB/TrEMBL;Acc:A0A8J2M1Z6],Cercopithifilaria johnstoni (PRJEB47283),protein_coding,cejohnprjeb47283
CJOHNSTONI_LOCUS6934,rna-CJOHNSTONI_LOCUS6934,204,protein_coding,Protein zwilch  [Source:UniProtKB/TrEMBL;Acc:A0A8J2QAK7],Cercopithifilaria johnstoni (PRJEB47283),protein_coding,cejohnprjeb47283
CJOHNSTONI_LOCUS5619,rna-CJOHNSTONI_LOCUS5619,172,protein_coding,Proteasome subunit beta  [Source:UniProtKB/TrEMBL;Acc:A0A8J2Q7J6],Cercopithifilaria johnstoni (PRJEB47283),protein_coding,cejohnprjeb47283
CJOHNSTONI_LOCUS8768,rna-CJOHNSTONI_LOCUS8768,297,protein_coding,histone acetyltransferase  [Source:UniProtKB/TrEMBL;Acc:A0A8J2Q3F4],Cercopithifilaria johnstoni (PRJEB47283),protein_coding,cejohnprjeb47283
CJOHNSTONI_LOCUS10566,rna-CJOHNSTONI_LOCUS10566,137,protein_coding,Cyclic nucleotide-binding domain-containing protein  [Source:UniProtKB/TrEMBL;Acc:A0A8J2MDZ3],Cercopithifilaria johnstoni (PRJEB47283),protein_coding,cejohnprjeb47283
CJOHNSTONI_LOCUS801,rna-CJOHNSTONI_LOCUS801,263,protein_coding,ZP domain-containing protein  [Source:UniProtKB/TrEMBL;Acc:A0A8J2Q3F9],Cercopithifilaria johnstoni (PRJEB47283),protein_coding,cejohnprjeb47283
CJOHNSTONI_LOCUS9584,rna-CJOHNSTONI_LOCUS9584,301,protein_coding,Nudix hydrolase domain-containing protein  [Source:UniProtKB/TrEMBL;Acc:A0A8J2MCF3],Cercopithifilaria johnstoni (PRJEB47283),protein_coding,cejohnprjeb47283
CJOHNSTONI_LOCUS5533,rna-CJOHNSTONI_LOCUS5533,300,protein_coding,Tenascin  [Source:UniProtKB/TrEMBL;Acc:A0A8J2MP44],Cercopithifilaria johnstoni (PRJEB47283),protein_coding,cejohnprjeb47283
CJOHNSTONI_LOCUS305,rna-CJOHNSTONI_LOCUS305,320,protein_coding,Cyclic nucleotide-binding domain-containing protein  [Source:UniProtKB/TrEMBL;Acc:A0A8J2PZL7],Cercopithifilaria johnstoni (PRJEB47283),protein_coding,cejohnprjeb47283
CJOHNSTONI_LOCUS8265,rna-CJOHNSTONI_LOCUS8265,245,protein_coding,SH3 domain-containing protein  [Source:UniProtKB/TrEMBL;Acc:A0A8J2MBQ0],Cercopithifilaria johnstoni (PRJEB47283),protein_coding,cejohnprjeb47283
CJOHNSTONI_LOCUS7256,rna-CJOHNSTONI_LOCUS7256,200,protein_coding,Tyrosine-protein phosphatase domain-containing protein  [Source:UniProtKB/TrEMBL;Acc:A0A8J2MR87],Cercopithifilaria johnstoni (PRJEB47283),protein_coding,cejohnprjeb47283
CJOHNSTONI_LOCUS6102,rna-CJOHNSTONI_LOCUS6102,110,protein_coding,Secreted protein  [Source:UniProtKB/TrEMBL;Acc:A0A8J2Q4U8],Cercopithifilaria johnstoni (PRJEB47283),protein_coding,cejohnprjeb47283
CJOHNSTONI_LOCUS9928,rna-CJOHNSTONI_LOCUS9928,202,protein_coding,RNA exonuclease 4  [Source:UniProtKB/TrEMBL;Acc:A0A8J2Q9D8],Cercopithifilaria johnstoni (PRJEB47283),protein_coding,cejohnprjeb47283
CJOHNSTONI_LOCUS4232,rna-CJOHNSTONI_LOCUS4232,229,protein_coding,WD_REPEATS_REGION domain-containing protein  [Source:UniProtKB/TrEMBL;Acc:A0A8J2Q345],Cercopithifilaria johnstoni (PRJEB47283),protein_coding,cejohnprjeb47283
CJOHNSTONI_LOCUS5821,rna-CJOHNSTONI_LOCUS5821,244,protein_coding,Osteopetrosis-associated transmembrane protein 1  [Source:UniProtKB/TrEMBL;Acc:A0A8J2LYW3],Cercopithifilaria johnstoni (PRJEB47283),protein_coding,cejohnprjeb47283
CJOHNSTONI_LOCUS4465,rna-CJOHNSTONI_LOCUS4465,527,protein_coding,Histidine-rich glycoprotein-like  [Source:UniProtKB/TrEMBL;Acc:A0A8J2LT62],Cercopithifilaria johnstoni (PRJEB47283),protein_coding,cejohnprjeb47283
CJOHNSTONI_LOCUS9374,rna-CJOHNSTONI_LOCUS9374,246,protein_coding,DIS3-like exonuclease 2  [Source:UniProtKB/TrEMBL;Acc:A0A8J2MC27],Cercopithifilaria johnstoni (PRJEB47283),protein_coding,cejohnprjeb47283
CJOHNSTONI_LOCUS4364,rna-CJOHNSTONI_LOCUS4364,371,protein_coding,Winged helix Storkhead-box1 domain-containing protein  [Source:UniProtKB/TrEMBL;Acc:A0A8J2Q383],Cercopithifilaria johnstoni (PRJEB47283),protein_coding,cejohnprjeb47283
CJOHNSTONI_LOCUS6592,rna-CJOHNSTONI_LOCUS6592,265,protein_coding,,Cercopithifilaria johnstoni (PRJEB47283),protein_coding,cejohnprjeb47283
CJOHNSTONI_LOCUS5288,rna-CJOHNSTONI_LOCUS5288,294,protein_coding,Follistatin-like domain-containing protein  [Source:UniProtKB/TrEMBL;Acc:A0A8J2LXT3],Cercopithifilaria johnstoni (PRJEB47283),protein_coding,cejohnprjeb47283
CJOHNSTONI_LOCUS8156,rna-CJOHNSTONI_LOCUS8156,135,protein_coding,Ig-like domain-containing protein  [Source:UniProtKB/TrEMBL;Acc:A0A8J2MBE7],Cercopithifilaria johnstoni (PRJEB47283),protein_coding,cejohnprjeb47283
CJOHNSTONI_LOCUS4963,rna-CJOHNSTONI_LOCUS4963,480,protein_coding,Amiloride-sensitive sodium channel subunit alpha  [Source:UniProtKB/TrEMBL;Acc:A0A8J2LUK9],Cercopithifilaria johnstoni (PRJEB47283),protein_coding,cejohnprjeb47283
CJOHNSTONI_LOCUS6225,rna-CJOHNSTONI_LOCUS6225,242,protein_coding,acidPPc domain-containing protein  [Source:UniProtKB/TrEMBL;Acc:A0A8J2QAF5],Cercopithifilaria johnstoni (PRJEB47283),protein_coding,cejohnprjeb47283
CJOHNSTONI_LOCUS2224,rna-CJOHNSTONI_LOCUS2224,181,protein_coding,N-acetyl-D-glucosamine kinase  [Source:UniProtKB/TrEMBL;Acc:A0A8J2LP84],Cercopithifilaria johnstoni (PRJEB47283),protein_coding,cejohnprjeb47283
CJOHNSTONI_LOCUS5110,rna-CJOHNSTONI_LOCUS5110,269,protein_coding,Bms1-type G domain-containing protein  [Source:UniProtKB/TrEMBL;Acc:A0A8J2PTL0],Cercopithifilaria johnstoni (PRJEB47283),protein_coding,cejohnprjeb47283
CJOHNSTONI_LOCUS6302,rna-CJOHNSTONI_LOCUS6302,231,protein_coding,Phospholipase  [Source:UniProtKB/TrEMBL;Acc:A0A8J2PUL4],Cercopithifilaria johnstoni (PRJEB47283),protein_coding,cejohnprjeb47283
CJOHNSTONI_LOCUS5187,rna-CJOHNSTONI_LOCUS5187,262,protein_coding,Innexin  [Source:UniProtKB/TrEMBL;Acc:A0A8J2M4S3],Cercopithifilaria johnstoni (PRJEB47283),protein_coding,cejohnprjeb47283
CJOHNSTONI_LOCUS3213,rna-CJOHNSTONI_LOCUS3213,173,protein_coding,Bis(5'-nucleosyl)-tetraphosphatase [asymmetrical]  [Source:UniProtKB/TrEMBL;Acc:A0A8J2LZU8],Cercopithifilaria johnstoni (PRJEB47283),protein_coding,cejohnprjeb47283
CJOHNSTONI_LOCUS9471,rna-CJOHNSTONI_LOCUS9471,193,protein_coding,DUF676 domain-containing protein  [Source:UniProtKB/TrEMBL;Acc:A0A8J2MDN3],Cercopithifilaria johnstoni (PRJEB47283),protein_coding,cejohnprjeb47283
CJOHNSTONI_LOCUS10296,rna-CJOHNSTONI_LOCUS10296,199,protein_coding,Inosine-5'-monophosphate dehydrogenase  [Source:UniProtKB/TrEMBL;Acc:A0A8J2MDC8],Cercopithifilaria johnstoni (PRJEB47283),protein_coding,cejohnprjeb47283
CJOHNSTONI_LOCUS2962,rna-CJOHNSTONI_LOCUS2962,118,protein_coding,COX assembly mitochondrial protein  [Source:UniProtKB/TrEMBL;Acc:A0A8J2M0B4],Cercopithifilaria johnstoni (PRJEB47283),protein_coding,cejohnprjeb47283
CJOHNSTONI_LOCUS4315,rna-CJOHNSTONI_LOCUS4315,229,protein_coding,Protein phosphatase inhibitor 2  [Source:UniProtKB/TrEMBL;Acc:A0A8J2PZS9],Cercopithifilaria johnstoni (PRJEB47283),protein_coding,cejohnprjeb47283
CJOHNSTONI_LOCUS9947,rna-CJOHNSTONI_LOCUS9947,156,protein_coding,MADF domain-containing protein  [Source:UniProtKB/TrEMBL;Acc:A0A8J2M751],Cercopithifilaria johnstoni (PRJEB47283),protein_coding,cejohnprjeb47283
CJOHNSTONI_LOCUS5248,rna-CJOHNSTONI_LOCUS5248,235,protein_coding,SUN domain-containing protein  [Source:UniProtKB/TrEMBL;Acc:A0A8J2LVC1],Cercopithifilaria johnstoni (PRJEB47283),protein_coding,cejohnprjeb47283
CJOHNSTONI_LOCUS392,rna-CJOHNSTONI_LOCUS392,192,protein_coding,Tyrosine-protein kinase  [Source:UniProtKB/TrEMBL;Acc:A0A8J2MI21],Cercopithifilaria johnstoni (PRJEB47283),protein_coding,cejohnprjeb47283
CJOHNSTONI_LOCUS2822,rna-CJOHNSTONI_LOCUS2822,243,protein_coding,PPPDE domain-containing protein  [Source:UniProtKB/TrEMBL;Acc:A0A8J2M0D9],Cercopithifilaria johnstoni (PRJEB47283),protein_coding,cejohnprjeb47283
CJOHNSTONI_LOCUS9223,rna-CJOHNSTONI_LOCUS9223,440,protein_coding,protein xylosyltransferase  [Source:UniProtKB/TrEMBL;Acc:A0A8J2QB26],Cercopithifilaria johnstoni (PRJEB47283),protein_coding,cejohnprjeb47283
CJOHNSTONI_LOCUS3803,rna-CJOHNSTONI_LOCUS3803,261,protein_coding,Elongation of very long chain fatty acids protein  [Source:UniProtKB/TrEMBL;Acc:A0A8J2M098],Cercopithifilaria johnstoni (PRJEB47283),protein_coding,cejohnprjeb47283
CJOHNSTONI_LOCUS8821,rna-CJOHNSTONI_LOCUS8821,557,protein_coding,ubiquitinyl hydrolase 1  [Source:UniProtKB/TrEMBL;Acc:A0A8J2Q3G4],Cercopithifilaria johnstoni (PRJEB47283),protein_coding,cejohnprjeb47283
CJOHNSTONI_LOCUS8440,rna-CJOHNSTONI_LOCUS8440,190,protein_coding,Ligand-gated ion channel 50  [Source:UniProtKB/TrEMBL;Acc:A0A8J2MSW7],Cercopithifilaria johnstoni (PRJEB47283),protein_coding,cejohnprjeb47283
CJOHNSTONI_LOCUS4642,rna-CJOHNSTONI_LOCUS4642,202,protein_coding,40S ribosomal protein S15a  [Source:UniProtKB/TrEMBL;Acc:A0A8J2LTH8],Cercopithifilaria johnstoni (PRJEB47283),protein_coding,cejohnprjeb47283
CJOHNSTONI_LOCUS6015,rna-CJOHNSTONI_LOCUS6015,176,protein_coding,Monocyte to macrophage differentiation factor 2  [Source:UniProtKB/TrEMBL;Acc:A0A8J2M5Z5],Cercopithifilaria johnstoni (PRJEB47283),protein_coding,cejohnprjeb47283
CJOHNSTONI_LOCUS694,rna-CJOHNSTONI_LOCUS694,151,protein_coding,,Cercopithifilaria johnstoni (PRJEB47283),protein_coding,cejohnprjeb47283
CJOHNSTONI_LOCUS1803,rna-CJOHNSTONI_LOCUS1803,293,protein_coding,,Cercopithifilaria johnstoni (PRJEB47283),protein_coding,cejohnprjeb47283
CJOHNSTONI_LOCUS8964,rna-CJOHNSTONI_LOCUS8964,194,protein_coding,,Cercopithifilaria johnstoni (PRJEB47283),protein_coding,cejohnprjeb47283
CJOHNSTONI_LOCUS3698,rna-CJOHNSTONI_LOCUS3698,538,protein_coding,BTB domain-containing protein  [Source:UniProtKB/TrEMBL;Acc:A0A8J2M235],Cercopithifilaria johnstoni (PRJEB47283),protein_coding,cejohnprjeb47283
CJOHNSTONI_LOCUS2615,rna-CJOHNSTONI_LOCUS2615,1290,protein_coding,Amidohydro-rel domain-containing protein  [Source:UniProtKB/TrEMBL;Acc:A0A8J2Q4W3],Cercopithifilaria johnstoni (PRJEB47283),protein_coding,cejohnprjeb47283
CJOHNSTONI_LOCUS132,rna-CJOHNSTONI_LOCUS132,227,protein_coding,"Enoyl-CoA hydratase, mitochondrial  [Source:UniProtKB/TrEMBL;Acc:A0A8J2Q2Y3]",Cercopithifilaria johnstoni (PRJEB47283),protein_coding,cejohnprjeb47283
CJOHNSTONI_LOCUS1400,rna-CJOHNSTONI_LOCUS1400,211,protein_coding,Protein-tyrosine phosphatase  [Source:UniProtKB/TrEMBL;Acc:A0A8J2PQF1],Cercopithifilaria johnstoni (PRJEB47283),protein_coding,cejohnprjeb47283
CJOHNSTONI_LOCUS1593,rna-CJOHNSTONI_LOCUS1593,350,protein_coding,RNA-directed RNA polymerase  [Source:UniProtKB/TrEMBL;Acc:A0A8J2PQK9],Cercopithifilaria johnstoni (PRJEB47283),protein_coding,cejohnprjeb47283
CJOHNSTONI_LOCUS1137,rna-CJOHNSTONI_LOCUS1137,206,protein_coding,"39S ribosomal protein L27, mitochondrial  [Source:UniProtKB/TrEMBL;Acc:A0A8J2MII9]",Cercopithifilaria johnstoni (PRJEB47283),protein_coding,cejohnprjeb47283
CJOHNSTONI_LOCUS3877,rna-CJOHNSTONI_LOCUS3877,222,protein_coding,Protein kinase domain-containing protein  [Source:UniProtKB/TrEMBL;Acc:A0A8J2M1U1],Cercopithifilaria johnstoni (PRJEB47283),protein_coding,cejohnprjeb47283
CJOHNSTONI_LOCUS2087,rna-CJOHNSTONI_LOCUS2087,321,protein_coding,Fibroblast growth factor receptor-like 1  [Source:UniProtKB/TrEMBL;Acc:A0A8J2LZ54],Cercopithifilaria johnstoni (PRJEB47283),protein_coding,cejohnprjeb47283
CJOHNSTONI_LOCUS610,rna-CJOHNSTONI_LOCUS610,291,protein_coding,SMAP domain-containing protein  [Source:UniProtKB/TrEMBL;Acc:A0A8J2LU59],Cercopithifilaria johnstoni (PRJEB47283),protein_coding,cejohnprjeb47283
CJOHNSTONI_LOCUS6387,rna-CJOHNSTONI_LOCUS6387,206,protein_coding,,Cercopithifilaria johnstoni (PRJEB47283),protein_coding,cejohnprjeb47283
CJOHNSTONI_LOCUS8877,rna-CJOHNSTONI_LOCUS8877,628,protein_coding,DRMBL domain-containing protein  [Source:UniProtKB/TrEMBL;Acc:A0A8J2Q3H4],Cercopithifilaria johnstoni (PRJEB47283),protein_coding,cejohnprjeb47283
CJOHNSTONI_LOCUS6238,rna-CJOHNSTONI_LOCUS6238,194,protein_coding,Lipoprotein  [Source:UniProtKB/TrEMBL;Acc:A0A8J2LZK9],Cercopithifilaria johnstoni (PRJEB47283),protein_coding,cejohnprjeb47283
CJOHNSTONI_LOCUS9144,rna-CJOHNSTONI_LOCUS9144,183,protein_coding,SKIP_SNW domain-containing protein  [Source:UniProtKB/TrEMBL;Acc:A0A8J2Q3N9],Cercopithifilaria johnstoni (PRJEB47283),protein_coding,cejohnprjeb47283
CJOHNSTONI_LOCUS959,rna-CJOHNSTONI_LOCUS959,227,protein_coding,Collagen-like protein  [Source:UniProtKB/TrEMBL;Acc:A0A8J2LX03],Cercopithifilaria johnstoni (PRJEB47283),protein_coding,cejohnprjeb47283
CJOHNSTONI_LOCUS3624,rna-CJOHNSTONI_LOCUS3624,589,protein_coding,,Cercopithifilaria johnstoni (PRJEB47283),protein_coding,cejohnprjeb47283
CJOHNSTONI_LOCUS1037,rna-CJOHNSTONI_LOCUS1037,287,protein_coding,SSD domain-containing protein  [Source:UniProtKB/TrEMBL;Acc:A0A8J2PQ21],Cercopithifilaria johnstoni (PRJEB47283),protein_coding,cejohnprjeb47283
CJOHNSTONI_LOCUS8601,rna-CJOHNSTONI_LOCUS8601,189,protein_coding,,Cercopithifilaria johnstoni (PRJEB47283),protein_coding,cejohnprjeb47283
CJOHNSTONI_LOCUS7915,rna-CJOHNSTONI_LOCUS7915,184,protein_coding,"1,4-alpha-glucan branching enzyme  [Source:UniProtKB/TrEMBL;Acc:A0A8J2Q663]",Cercopithifilaria johnstoni (PRJEB47283),protein_coding,cejohnprjeb47283
CJOHNSTONI_LOCUS5304,rna-CJOHNSTONI_LOCUS5304,422,protein_coding,Zinc finger protein unc-98  [Source:UniProtKB/TrEMBL;Acc:A0A8J2M511],Cercopithifilaria johnstoni (PRJEB47283),protein_coding,cejohnprjeb47283
CJOHNSTONI_LOCUS4522,rna-CJOHNSTONI_LOCUS4522,207,protein_coding,THUMP domain-containing protein  [Source:UniProtKB/TrEMBL;Acc:A0A8J2LT92],Cercopithifilaria johnstoni (PRJEB47283),protein_coding,cejohnprjeb47283
CJOHNSTONI_LOCUS8583,rna-CJOHNSTONI_LOCUS8583,305,protein_coding,TF_AP-2 domain-containing protein  [Source:UniProtKB/TrEMBL;Acc:A0A8J2Q8U8],Cercopithifilaria johnstoni (PRJEB47283),protein_coding,cejohnprjeb47283
CJOHNSTONI_LOCUS5657,rna-CJOHNSTONI_LOCUS5657,245,protein_coding,PAP-associated domain-containing protein  [Source:UniProtKB/TrEMBL;Acc:A0A8J2M5H8],Cercopithifilaria johnstoni (PRJEB47283),protein_coding,cejohnprjeb47283
CJOHNSTONI_LOCUS7840,rna-CJOHNSTONI_LOCUS7840,461,protein_coding,Zinc finger protein  [Source:UniProtKB/TrEMBL;Acc:A0A8J2M8S3],Cercopithifilaria johnstoni (PRJEB47283),protein_coding,cejohnprjeb47283
CJOHNSTONI_LOCUS5926,rna-CJOHNSTONI_LOCUS5926,211,protein_coding,SH3 domain-containing kinase-binding protein 1  [Source:UniProtKB/TrEMBL;Acc:A0A8J2MPP6],Cercopithifilaria johnstoni (PRJEB47283),protein_coding,cejohnprjeb47283
CJOHNSTONI_LOCUS4072,rna-CJOHNSTONI_LOCUS4072,543,protein_coding,BHLH domain-containing protein  [Source:UniProtKB/TrEMBL;Acc:A0A8J2MMP8],Cercopithifilaria johnstoni (PRJEB47283),protein_coding,cejohnprjeb47283
CJOHNSTONI_LOCUS3185,rna-CJOHNSTONI_LOCUS3185,2832,protein_coding,BRCT domain-containing protein  [Source:UniProtKB/TrEMBL;Acc:A0A8J2M190],Cercopithifilaria johnstoni (PRJEB47283),protein_coding,cejohnprjeb47283
CJOHNSTONI_LOCUS1155,rna-CJOHNSTONI_LOCUS1155,218,protein_coding,Adenylate kinase isoenzyme 6 homolog  [Source:UniProtKB/TrEMBL;Acc:A0A8J2LXE1],Cercopithifilaria johnstoni (PRJEB47283),protein_coding,cejohnprjeb47283
CJOHNSTONI_LOCUS5480,rna-CJOHNSTONI_LOCUS5480,164,protein_coding,7TM_GPCR_Srx domain-containing protein  [Source:UniProtKB/TrEMBL;Acc:A0A8J2LY75],Cercopithifilaria johnstoni (PRJEB47283),protein_coding,cejohnprjeb47283
CJOHNSTONI_LOCUS9421,rna-CJOHNSTONI_LOCUS9421,199,protein_coding,G protein-coupled receptor  [Source:UniProtKB/TrEMBL;Acc:A0A8J2Q3V2],Cercopithifilaria johnstoni (PRJEB47283),protein_coding,cejohnprjeb47283
CJOHNSTONI_LOCUS942,rna-CJOHNSTONI_LOCUS942,254,protein_coding,DNA polymerase  [Source:UniProtKB/TrEMBL;Acc:A0A8J2MI79],Cercopithifilaria johnstoni (PRJEB47283),protein_coding,cejohnprjeb47283
CJOHNSTONI_LOCUS9051,rna-CJOHNSTONI_LOCUS9051,138,protein_coding,Coiled-coil domain-containing protein  [Source:UniProtKB/TrEMBL;Acc:A0A8J2MTY7],Cercopithifilaria johnstoni (PRJEB47283),protein_coding,cejohnprjeb47283
CJOHNSTONI_LOCUS2124,rna-CJOHNSTONI_LOCUS2124,245,protein_coding,,Cercopithifilaria johnstoni (PRJEB47283),protein_coding,cejohnprjeb47283
CJOHNSTONI_LOCUS44,rna-CJOHNSTONI_LOCUS44,137,protein_coding,,Cercopithifilaria johnstoni (PRJEB47283),protein_coding,cejohnprjeb47283
CJOHNSTONI_LOCUS6585,rna-CJOHNSTONI_LOCUS6585,395,protein_coding,SH2 domain-containing protein  [Source:UniProtKB/TrEMBL;Acc:A0A8J2M9E7],Cercopithifilaria johnstoni (PRJEB47283),protein_coding,cejohnprjeb47283
CJOHNSTONI_LOCUS579,rna-CJOHNSTONI_LOCUS579,178,protein_coding,Dual specificity protein phosphatase  [Source:UniProtKB/TrEMBL;Acc:A0A8J2PVN3],Cercopithifilaria johnstoni (PRJEB47283),protein_coding,cejohnprjeb47283
CJOHNSTONI_LOCUS7829,rna-CJOHNSTONI_LOCUS7829,230,protein_coding,tRNA (guanine(26)-N(2))-dimethyltransferase  [Source:UniProtKB/TrEMBL;Acc:A0A8J2MAQ4],Cercopithifilaria johnstoni (PRJEB47283),protein_coding,cejohnprjeb47283
CJOHNSTONI_LOCUS2267,rna-CJOHNSTONI_LOCUS2267,196,protein_coding,Pyruvate kinase  [Source:UniProtKB/TrEMBL;Acc:A0A8J2LXN4],Cercopithifilaria johnstoni (PRJEB47283),protein_coding,cejohnprjeb47283
CJOHNSTONI_LOCUS4242,rna-CJOHNSTONI_LOCUS4242,238,protein_coding,MOR2-PAG1_N domain-containing protein  [Source:UniProtKB/TrEMBL;Acc:A0A8J2M2R6],Cercopithifilaria johnstoni (PRJEB47283),protein_coding,cejohnprjeb47283
CJOHNSTONI_LOCUS7732,rna-CJOHNSTONI_LOCUS7732,475,protein_coding,,Cercopithifilaria johnstoni (PRJEB47283),protein_coding,cejohnprjeb47283
CJOHNSTONI_LOCUS9662,rna-CJOHNSTONI_LOCUS9662,210,protein_coding,,Cercopithifilaria johnstoni (PRJEB47283),protein_coding,cejohnprjeb47283
CJOHNSTONI_LOCUS487,rna-CJOHNSTONI_LOCUS487,224,protein_coding,Collagen-like protein  [Source:UniProtKB/TrEMBL;Acc:A0A8J2LYS1],Cercopithifilaria johnstoni (PRJEB47283),protein_coding,cejohnprjeb47283
CJOHNSTONI_LOCUS1003,rna-CJOHNSTONI_LOCUS1003,220,protein_coding,AP_endonuc_2 domain-containing protein  [Source:UniProtKB/TrEMBL;Acc:A0A8J2LX34],Cercopithifilaria johnstoni (PRJEB47283),protein_coding,cejohnprjeb47283
CJOHNSTONI_LOCUS2300,rna-CJOHNSTONI_LOCUS2300,380,protein_coding,Sperm protamine P1  [Source:UniProtKB/TrEMBL;Acc:A0A8J2LZJ4],Cercopithifilaria johnstoni (PRJEB47283),protein_coding,cejohnprjeb47283
CJOHNSTONI_LOCUS8188,rna-CJOHNSTONI_LOCUS8188,239,protein_coding,PUM-HD domain-containing protein  [Source:UniProtKB/TrEMBL;Acc:A0A8J2Q8R0],Cercopithifilaria johnstoni (PRJEB47283),protein_coding,cejohnprjeb47283
CJOHNSTONI_LOCUS8221,rna-CJOHNSTONI_LOCUS8221,224,protein_coding,Serine/threonine-protein phosphatase  [Source:UniProtKB/TrEMBL;Acc:A0A8J2MSM9],Cercopithifilaria johnstoni (PRJEB47283),protein_coding,cejohnprjeb47283
CJOHNSTONI_LOCUS2332,rna-CJOHNSTONI_LOCUS2332,180,protein_coding,Sodium/potassium-transporting ATPase subunit beta  [Source:UniProtKB/TrEMBL;Acc:A0A8J2LRM8],Cercopithifilaria johnstoni (PRJEB47283),protein_coding,cejohnprjeb47283
CJOHNSTONI_LOCUS881,rna-CJOHNSTONI_LOCUS881,247,protein_coding,DH domain-containing protein  [Source:UniProtKB/TrEMBL;Acc:A0A8J2Q093],Cercopithifilaria johnstoni (PRJEB47283),protein_coding,cejohnprjeb47283
CJOHNSTONI_LOCUS2531,rna-CJOHNSTONI_LOCUS2531,173,protein_coding,PAN domain protein  [Source:UniProtKB/TrEMBL;Acc:A0A8J2LXS1],Cercopithifilaria johnstoni (PRJEB47283),protein_coding,cejohnprjeb47283
CJOHNSTONI_LOCUS8214,rna-CJOHNSTONI_LOCUS8214,163,protein_coding,Retinoic acid receptor beta  [Source:UniProtKB/TrEMBL;Acc:A0A8J2PX50],Cercopithifilaria johnstoni (PRJEB47283),protein_coding,cejohnprjeb47283
CJOHNSTONI_LOCUS5158,rna-CJOHNSTONI_LOCUS5158,138,protein_coding,Transmembrane protein  [Source:UniProtKB/TrEMBL;Acc:A0A8J2M4K5],Cercopithifilaria johnstoni (PRJEB47283),protein_coding,cejohnprjeb47283
CJOHNSTONI_LOCUS2737,rna-CJOHNSTONI_LOCUS2737,275,protein_coding,FZ domain-containing protein  [Source:UniProtKB/TrEMBL;Acc:A0A8J2LYZ8],Cercopithifilaria johnstoni (PRJEB47283),protein_coding,cejohnprjeb47283
CJOHNSTONI_LOCUS5016,rna-CJOHNSTONI_LOCUS5016,336,protein_coding,AMP_N domain-containing protein  [Source:UniProtKB/TrEMBL;Acc:A0A8J2LUR9],Cercopithifilaria johnstoni (PRJEB47283),protein_coding,cejohnprjeb47283
CJOHNSTONI_LOCUS668,rna-CJOHNSTONI_LOCUS668,163,protein_coding,,Cercopithifilaria johnstoni (PRJEB47283),protein_coding,cejohnprjeb47283
CJOHNSTONI_LOCUS5958,rna-CJOHNSTONI_LOCUS5958,277,protein_coding,Vesicle transport protein  [Source:UniProtKB/TrEMBL;Acc:A0A8J2M6P9],Cercopithifilaria johnstoni (PRJEB47283),protein_coding,cejohnprjeb47283
CJOHNSTONI_LOCUS4808,rna-CJOHNSTONI_LOCUS4808,169,protein_coding,PG_binding_1 domain-containing protein  [Source:UniProtKB/TrEMBL;Acc:A0A8J2M404],Cercopithifilaria johnstoni (PRJEB47283),protein_coding,cejohnprjeb47283
CJOHNSTONI_LOCUS4545,rna-CJOHNSTONI_LOCUS4545,167,protein_coding,Sperm surface protein Sp17  [Source:UniProtKB/TrEMBL;Acc:A0A8J2M3K1],Cercopithifilaria johnstoni (PRJEB47283),protein_coding,cejohnprjeb47283
CJOHNSTONI_LOCUS8592,rna-CJOHNSTONI_LOCUS8592,311,protein_coding,TIR domain-containing protein  [Source:UniProtKB/TrEMBL;Acc:A0A8J2MDX3],Cercopithifilaria johnstoni (PRJEB47283),protein_coding,cejohnprjeb47283
CJOHNSTONI_LOCUS4491,rna-CJOHNSTONI_LOCUS4491,170,protein_coding,COMM domain-containing protein  [Source:UniProtKB/TrEMBL;Acc:A0A8J2Q9Z3],Cercopithifilaria johnstoni (PRJEB47283),protein_coding,cejohnprjeb47283
CJOHNSTONI_LOCUS4937,rna-CJOHNSTONI_LOCUS4937,633,protein_coding,Serine-rich adhesin for platelets-like  [Source:UniProtKB/TrEMBL;Acc:A0A8J2M2Z4],Cercopithifilaria johnstoni (PRJEB47283),protein_coding,cejohnprjeb47283
CJOHNSTONI_LOCUS5115,rna-CJOHNSTONI_LOCUS5115,229,protein_coding,GPI mannosyltransferase 1  [Source:UniProtKB/TrEMBL;Acc:A0A8J2LXH5],Cercopithifilaria johnstoni (PRJEB47283),protein_coding,cejohnprjeb47283
CJOHNSTONI_LOCUS478,rna-CJOHNSTONI_LOCUS478,191,protein_coding,Neuronal calcium sensor 1  [Source:UniProtKB/TrEMBL;Acc:A0A8J2Q380],Cercopithifilaria johnstoni (PRJEB47283),protein_coding,cejohnprjeb47283
CJOHNSTONI_LOCUS5699,rna-CJOHNSTONI_LOCUS5699,167,protein_coding,FSH1 domain-containing protein  [Source:UniProtKB/TrEMBL;Acc:A0A8J2M5J3],Cercopithifilaria johnstoni (PRJEB47283),protein_coding,cejohnprjeb47283
CJOHNSTONI_LOCUS4329,rna-CJOHNSTONI_LOCUS4329,501,protein_coding,SET domain-containing protein  [Source:UniProtKB/TrEMBL;Acc:A0A8J2LSX0],Cercopithifilaria johnstoni (PRJEB47283),protein_coding,cejohnprjeb47283
CJOHNSTONI_LOCUS9072,rna-CJOHNSTONI_LOCUS9072,150,protein_coding,Cse1 domain-containing protein  [Source:UniProtKB/TrEMBL;Acc:A0A8J2Q3M2],Cercopithifilaria johnstoni (PRJEB47283),protein_coding,cejohnprjeb47283
CJOHNSTONI_LOCUS5674,rna-CJOHNSTONI_LOCUS5674,296,protein_coding,Filamin-A  [Source:UniProtKB/TrEMBL;Acc:A0A8J2PU14],Cercopithifilaria johnstoni (PRJEB47283),protein_coding,cejohnprjeb47283
CJOHNSTONI_LOCUS5117,rna-CJOHNSTONI_LOCUS5117,277,protein_coding,Zinc finger Ran-binding domain-containing protein 2  [Source:UniProtKB/TrEMBL;Acc:A0A8J2MNF6],Cercopithifilaria johnstoni (PRJEB47283),protein_coding,cejohnprjeb47283
CJOHNSTONI_LOCUS9251,rna-CJOHNSTONI_LOCUS9251,233,protein_coding,,Cercopithifilaria johnstoni (PRJEB47283),protein_coding,cejohnprjeb47283
CJOHNSTONI_LOCUS6942,rna-CJOHNSTONI_LOCUS6942,386,protein_coding,Col_cuticle_N domain-containing protein  [Source:UniProtKB/TrEMBL;Acc:A0A8J2M8K8],Cercopithifilaria johnstoni (PRJEB47283),protein_coding,cejohnprjeb47283
CJOHNSTONI_LOCUS7658,rna-CJOHNSTONI_LOCUS7658,165,protein_coding,Pre-mRNA-splicing factor SYF2  [Source:UniProtKB/TrEMBL;Acc:A0A8J2MS16],Cercopithifilaria johnstoni (PRJEB47283),protein_coding,cejohnprjeb47283
CJOHNSTONI_LOCUS2581,rna-CJOHNSTONI_LOCUS2581,401,protein_coding,Protein kinase domain-containing protein  [Source:UniProtKB/TrEMBL;Acc:A0A8J2Q1N8],Cercopithifilaria johnstoni (PRJEB47283),protein_coding,cejohnprjeb47283
CJOHNSTONI_LOCUS8443,rna-CJOHNSTONI_LOCUS8443,231,protein_coding,NUC domain-containing protein  [Source:UniProtKB/TrEMBL;Acc:A0A8J2MC43],Cercopithifilaria johnstoni (PRJEB47283),protein_coding,cejohnprjeb47283
CJOHNSTONI_LOCUS7426,rna-CJOHNSTONI_LOCUS7426,1823,protein_coding,Sec1 family domain-containing protein 1  [Source:UniProtKB/TrEMBL;Acc:A0A8J2M1Z1],Cercopithifilaria johnstoni (PRJEB47283),protein_coding,cejohnprjeb47283
CJOHNSTONI_LOCUS1723,rna-CJOHNSTONI_LOCUS1723,200,protein_coding,"ATP synthase subunit O, mitochondrial  [Source:UniProtKB/TrEMBL;Acc:A0A8J2PWU6]",Cercopithifilaria johnstoni (PRJEB47283),protein_coding,cejohnprjeb47283
CJOHNSTONI_LOCUS10262,rna-CJOHNSTONI_LOCUS10262,437,protein_coding,Zinc finger protein  [Source:UniProtKB/TrEMBL;Acc:A0A8J2MDG5],Cercopithifilaria johnstoni (PRJEB47283),protein_coding,cejohnprjeb47283
CJOHNSTONI_LOCUS3375,rna-CJOHNSTONI_LOCUS3375,241,protein_coding,Kinesin motor domain-containing protein  [Source:UniProtKB/TrEMBL;Acc:A0A8J2MLV7],Cercopithifilaria johnstoni (PRJEB47283),protein_coding,cejohnprjeb47283
CJOHNSTONI_LOCUS4752,rna-CJOHNSTONI_LOCUS4752,165,protein_coding,Ell-associated factor Eaf  [Source:UniProtKB/TrEMBL;Acc:A0A8J2M3S8],Cercopithifilaria johnstoni (PRJEB47283),protein_coding,cejohnprjeb47283
CJOHNSTONI_LOCUS8189,rna-CJOHNSTONI_LOCUS8189,265,protein_coding,Alpha-mann_mid domain-containing protein  [Source:UniProtKB/TrEMBL;Acc:A0A8J2PX42],Cercopithifilaria johnstoni (PRJEB47283),protein_coding,cejohnprjeb47283
CJOHNSTONI_LOCUS5572,rna-CJOHNSTONI_LOCUS5572,239,protein_coding,Secreted protein  [Source:UniProtKB/TrEMBL;Acc:A0A8J2M7K3],Cercopithifilaria johnstoni (PRJEB47283),protein_coding,cejohnprjeb47283
CJOHNSTONI_LOCUS8451,rna-CJOHNSTONI_LOCUS8451,545,protein_coding,SWI/SNF complex subunit SMARCC2  [Source:UniProtKB/TrEMBL;Acc:A0A8J2QAW9],Cercopithifilaria johnstoni (PRJEB47283),protein_coding,cejohnprjeb47283
CJOHNSTONI_LOCUS4289,rna-CJOHNSTONI_LOCUS4289,209,protein_coding,Translation initiation factor eIF-2B subunit delta  [Source:UniProtKB/TrEMBL;Acc:A0A8J2LSU6],Cercopithifilaria johnstoni (PRJEB47283),protein_coding,cejohnprjeb47283
CJOHNSTONI_LOCUS6208,rna-CJOHNSTONI_LOCUS6208,321,protein_coding,Sorting nexin-13  [Source:UniProtKB/TrEMBL;Acc:A0A8J2PUH9],Cercopithifilaria johnstoni (PRJEB47283),protein_coding,cejohnprjeb47283
CJOHNSTONI_LOCUS10578,rna-CJOHNSTONI_LOCUS10578,216,protein_coding,UDP-N-acetylglucosamine pyrophosphorylase  [Source:UniProtKB/TrEMBL;Acc:A0A8J2M6G4],Cercopithifilaria johnstoni (PRJEB47283),protein_coding,cejohnprjeb47283
CJOHNSTONI_LOCUS2746,rna-CJOHNSTONI_LOCUS2746,539,protein_coding,RNA helicase  [Source:UniProtKB/TrEMBL;Acc:A0A8J2LSJ2],Cercopithifilaria johnstoni (PRJEB47283),protein_coding,cejohnprjeb47283
CJOHNSTONI_LOCUS4543,rna-CJOHNSTONI_LOCUS4543,177,protein_coding,Secreted protein  [Source:UniProtKB/TrEMBL;Acc:A0A8J2M3E2],Cercopithifilaria johnstoni (PRJEB47283),protein_coding,cejohnprjeb47283
CJOHNSTONI_LOCUS6699,rna-CJOHNSTONI_LOCUS6699,125,protein_coding,,Cercopithifilaria johnstoni (PRJEB47283),protein_coding,cejohnprjeb47283
CJOHNSTONI_LOCUS9787,rna-CJOHNSTONI_LOCUS9787,191,protein_coding,,Cercopithifilaria johnstoni (PRJEB47283),protein_coding,cejohnprjeb47283
CJOHNSTONI_LOCUS1697,rna-CJOHNSTONI_LOCUS1697,158,protein_coding,KH_dom_type_1 domain-containing protein  [Source:UniProtKB/TrEMBL;Acc:A0A8J2LWI2],Cercopithifilaria johnstoni (PRJEB47283),protein_coding,cejohnprjeb47283
CJOHNSTONI_LOCUS9032,rna-CJOHNSTONI_LOCUS9032,160,protein_coding,FRG1-like family protein  [Source:UniProtKB/TrEMBL;Acc:A0A8J2QB12],Cercopithifilaria johnstoni (PRJEB47283),protein_coding,cejohnprjeb47283
CJOHNSTONI_LOCUS5502,rna-CJOHNSTONI_LOCUS5502,114,protein_coding,,Cercopithifilaria johnstoni (PRJEB47283),protein_coding,cejohnprjeb47283
CJOHNSTONI_LOCUS10532,rna-CJOHNSTONI_LOCUS10532,297,protein_coding,G_PROTEIN_RECEP_F3_4 domain-containing protein  [Source:UniProtKB/TrEMBL;Acc:A0A8J2MHR5],Cercopithifilaria johnstoni (PRJEB47283),protein_coding,cejohnprjeb47283
CJOHNSTONI_LOCUS4800,rna-CJOHNSTONI_LOCUS4800,250,protein_coding,LisH domain-containing protein  [Source:UniProtKB/TrEMBL;Acc:A0A8J2LTW5],Cercopithifilaria johnstoni (PRJEB47283),protein_coding,cejohnprjeb47283
CJOHNSTONI_LOCUS406,rna-CJOHNSTONI_LOCUS406,128,protein_coding,TPR_REGION domain-containing protein  [Source:UniProtKB/TrEMBL;Acc:A0A8J2MHE5],Cercopithifilaria johnstoni (PRJEB47283),protein_coding,cejohnprjeb47283
CJOHNSTONI_LOCUS450,rna-CJOHNSTONI_LOCUS450,176,protein_coding,Protein kinase domain-containing protein  [Source:UniProtKB/TrEMBL;Acc:A0A8J2LW66],Cercopithifilaria johnstoni (PRJEB47283),protein_coding,cejohnprjeb47283
CJOHNSTONI_LOCUS6205,rna-CJOHNSTONI_LOCUS6205,232,protein_coding,FAD-binding FR-type domain-containing protein  [Source:UniProtKB/TrEMBL;Acc:A0A8J2M6X9],Cercopithifilaria johnstoni (PRJEB47283),protein_coding,cejohnprjeb47283
CJOHNSTONI_LOCUS5481,rna-CJOHNSTONI_LOCUS5481,180,protein_coding,BAR domain-containing protein  [Source:UniProtKB/TrEMBL;Acc:A0A8J2M428],Cercopithifilaria johnstoni (PRJEB47283),protein_coding,cejohnprjeb47283
CJOHNSTONI_LOCUS5991,rna-CJOHNSTONI_LOCUS5991,218,protein_coding,TP6A_N domain-containing protein  [Source:UniProtKB/TrEMBL;Acc:A0A8J2PUA6],Cercopithifilaria johnstoni (PRJEB47283),protein_coding,cejohnprjeb47283
CJOHNSTONI_LOCUS5097,rna-CJOHNSTONI_LOCUS5097,272,protein_coding,DUF2013 domain-containing protein  [Source:UniProtKB/TrEMBL;Acc:A0A8J2Q413],Cercopithifilaria johnstoni (PRJEB47283),protein_coding,cejohnprjeb47283
CJOHNSTONI_LOCUS675,rna-CJOHNSTONI_LOCUS675,168,protein_coding,Secreted protein  [Source:UniProtKB/TrEMBL;Acc:A0A8J2PPR6],Cercopithifilaria johnstoni (PRJEB47283),protein_coding,cejohnprjeb47283
CJOHNSTONI_LOCUS6622,rna-CJOHNSTONI_LOCUS6622,221,protein_coding,60S ribosomal protein L6  [Source:UniProtKB/TrEMBL;Acc:A0A8J2M088],Cercopithifilaria johnstoni (PRJEB47283),protein_coding,cejohnprjeb47283
CJOHNSTONI_LOCUS4281,rna-CJOHNSTONI_LOCUS4281,213,protein_coding,Transmembrane protein  [Source:UniProtKB/TrEMBL;Acc:A0A8J2M2T6],Cercopithifilaria johnstoni (PRJEB47283),protein_coding,cejohnprjeb47283
CJOHNSTONI_LOCUS7730,rna-CJOHNSTONI_LOCUS7730,191,protein_coding,AraC family transcriptional regulator  [Source:UniProtKB/TrEMBL;Acc:A0A8J2MAD6],Cercopithifilaria johnstoni (PRJEB47283),protein_coding,cejohnprjeb47283
CJOHNSTONI_LOCUS3135,rna-CJOHNSTONI_LOCUS3135,272,protein_coding,DDHD domain-containing protein  [Source:UniProtKB/TrEMBL;Acc:A0A8J2LQJ1],Cercopithifilaria johnstoni (PRJEB47283),protein_coding,cejohnprjeb47283
CJOHNSTONI_LOCUS688,rna-CJOHNSTONI_LOCUS688,137,protein_coding,TPR_REGION domain-containing protein  [Source:UniProtKB/TrEMBL;Acc:A0A8J2Q3D9],Cercopithifilaria johnstoni (PRJEB47283),protein_coding,cejohnprjeb47283
CJOHNSTONI_LOCUS6869,rna-CJOHNSTONI_LOCUS6869,281,protein_coding,TPR_REGION domain-containing protein  [Source:UniProtKB/TrEMBL;Acc:A0A8J2MA22],Cercopithifilaria johnstoni (PRJEB47283),protein_coding,cejohnprjeb47283
CJOHNSTONI_LOCUS7240,rna-CJOHNSTONI_LOCUS7240,264,protein_coding,Thioredoxin-like_fold domain-containing protein  [Source:UniProtKB/TrEMBL;Acc:A0A8J2Q277],Cercopithifilaria johnstoni (PRJEB47283),protein_coding,cejohnprjeb47283
CJOHNSTONI_LOCUS7423,rna-CJOHNSTONI_LOCUS7423,251,protein_coding,,Cercopithifilaria johnstoni (PRJEB47283),protein_coding,cejohnprjeb47283
CJOHNSTONI_LOCUS7607,rna-CJOHNSTONI_LOCUS7607,242,protein_coding,Pex14_N domain-containing protein  [Source:UniProtKB/TrEMBL;Acc:A0A8J2Q8J5],Cercopithifilaria johnstoni (PRJEB47283),protein_coding,cejohnprjeb47283
CJOHNSTONI_LOCUS5787,rna-CJOHNSTONI_LOCUS5787,199,protein_coding,Metallophos domain-containing protein  [Source:UniProtKB/TrEMBL;Acc:A0A8J2M5Q0],Cercopithifilaria johnstoni (PRJEB47283),protein_coding,cejohnprjeb47283
CJOHNSTONI_LOCUS7885,rna-CJOHNSTONI_LOCUS7885,179,protein_coding,TIP41-like protein  [Source:UniProtKB/TrEMBL;Acc:A0A8J2Q8N1],Cercopithifilaria johnstoni (PRJEB47283),protein_coding,cejohnprjeb47283
CJOHNSTONI_LOCUS4689,rna-CJOHNSTONI_LOCUS4689,156,protein_coding,Transthyretin-like family protein  [Source:UniProtKB/TrEMBL;Acc:A0A8J2LTL1],Cercopithifilaria johnstoni (PRJEB47283),protein_coding,cejohnprjeb47283
CJOHNSTONI_LOCUS408,rna-CJOHNSTONI_LOCUS408,572,protein_coding,,Cercopithifilaria johnstoni (PRJEB47283),protein_coding,cejohnprjeb47283
CJOHNSTONI_LOCUS2817,rna-CJOHNSTONI_LOCUS2817,247,protein_coding,Papain family cysteine protease  [Source:UniProtKB/TrEMBL;Acc:A0A8J2MLC6],Cercopithifilaria johnstoni (PRJEB47283),protein_coding,cejohnprjeb47283
CJOHNSTONI_LOCUS3078,rna-CJOHNSTONI_LOCUS3078,341,protein_coding,,Cercopithifilaria johnstoni (PRJEB47283),protein_coding,cejohnprjeb47283
CJOHNSTONI_LOCUS2861,rna-CJOHNSTONI_LOCUS2861,194,protein_coding,EF-hand domain-containing protein  [Source:UniProtKB/TrEMBL;Acc:A0A8J2MLD8],Cercopithifilaria johnstoni (PRJEB47283),protein_coding,cejohnprjeb47283
CJOHNSTONI_LOCUS8157,rna-CJOHNSTONI_LOCUS8157,174,protein_coding,Protein kinase domain-containing protein  [Source:UniProtKB/TrEMBL;Acc:A0A8J2M9W0],Cercopithifilaria johnstoni (PRJEB47283),protein_coding,cejohnprjeb47283
CJOHNSTONI_LOCUS7041,rna-CJOHNSTONI_LOCUS7041,267,protein_coding,"Protein MTO1 homolog, mitochondrial  [Source:UniProtKB/TrEMBL;Acc:A0A8J2M1E1]",Cercopithifilaria johnstoni (PRJEB47283),protein_coding,cejohnprjeb47283
CJOHNSTONI_LOCUS8599,rna-CJOHNSTONI_LOCUS8599,224,protein_coding,E3 ubiquitin-protein ligase TRIM9  [Source:UniProtKB/TrEMBL;Acc:A0A8J2Q6H0],Cercopithifilaria johnstoni (PRJEB47283),protein_coding,cejohnprjeb47283
CJOHNSTONI_LOCUS1058,rna-CJOHNSTONI_LOCUS1058,139,protein_coding,,Cercopithifilaria johnstoni (PRJEB47283),protein_coding,cejohnprjeb47283
CJOHNSTONI_LOCUS3407,rna-CJOHNSTONI_LOCUS3407,256,protein_coding,Origin recognition complex subunit 2  [Source:UniProtKB/TrEMBL;Acc:A0A8J2M1L2],Cercopithifilaria johnstoni (PRJEB47283),protein_coding,cejohnprjeb47283
CJOHNSTONI_LOCUS8142,rna-CJOHNSTONI_LOCUS8142,205,protein_coding,GLOBIN domain-containing protein  [Source:UniProtKB/TrEMBL;Acc:A0A8J2MBG0],Cercopithifilaria johnstoni (PRJEB47283),protein_coding,cejohnprjeb47283
CJOHNSTONI_LOCUS5540,rna-CJOHNSTONI_LOCUS5540,625,protein_coding,,Cercopithifilaria johnstoni (PRJEB47283),protein_coding,cejohnprjeb47283
CJOHNSTONI_LOCUS82,rna-CJOHNSTONI_LOCUS82,212,protein_coding,Secreted protein  [Source:UniProtKB/TrEMBL;Acc:A0A8J2LMK9],Cercopithifilaria johnstoni (PRJEB47283),protein_coding,cejohnprjeb47283
CJOHNSTONI_LOCUS8245,rna-CJOHNSTONI_LOCUS8245,207,protein_coding,GH18 domain-containing protein  [Source:UniProtKB/TrEMBL;Acc:A0A8J2M3C7],Cercopithifilaria johnstoni (PRJEB47283),protein_coding,cejohnprjeb47283
CJOHNSTONI_LOCUS6978,rna-CJOHNSTONI_LOCUS6978,230,protein_coding,Helicase ATP-binding domain-containing protein  [Source:UniProtKB/TrEMBL;Acc:A0A8J2M744],Cercopithifilaria johnstoni (PRJEB47283),protein_coding,cejohnprjeb47283
CJOHNSTONI_LOCUS8313,rna-CJOHNSTONI_LOCUS8313,662,protein_coding,,Cercopithifilaria johnstoni (PRJEB47283),protein_coding,cejohnprjeb47283
CJOHNSTONI_LOCUS7643,rna-CJOHNSTONI_LOCUS7643,260,protein_coding,Hva1_TUDOR domain-containing protein  [Source:UniProtKB/TrEMBL;Acc:A0A8J2MS09],Cercopithifilaria johnstoni (PRJEB47283),protein_coding,cejohnprjeb47283
CJOHNSTONI_LOCUS3925,rna-CJOHNSTONI_LOCUS3925,225,protein_coding,ADP/ATP translocase  [Source:UniProtKB/TrEMBL;Acc:A0A8J2Q9R2],Cercopithifilaria johnstoni (PRJEB47283),protein_coding,cejohnprjeb47283
CJOHNSTONI_LOCUS912,rna-CJOHNSTONI_LOCUS912,135,protein_coding,Trafficking protein particle complex subunit  [Source:UniProtKB/TrEMBL;Acc:A0A8J2LP63],Cercopithifilaria johnstoni (PRJEB47283),protein_coding,cejohnprjeb47283
CJOHNSTONI_LOCUS2766,rna-CJOHNSTONI_LOCUS2766,349,protein_coding,RNA polymerase-associated protein LEO1  [Source:UniProtKB/TrEMBL;Acc:A0A8J2M009],Cercopithifilaria johnstoni (PRJEB47283),protein_coding,cejohnprjeb47283
CJOHNSTONI_LOCUS9227,rna-CJOHNSTONI_LOCUS9227,206,protein_coding,RPB5 homolog  [Source:UniProtKB/TrEMBL;Acc:A0A8J2MTV5],Cercopithifilaria johnstoni (PRJEB47283),protein_coding,cejohnprjeb47283
CJOHNSTONI_LOCUS1684,rna-CJOHNSTONI_LOCUS1684,281,protein_coding,Ion_trans_2 domain-containing protein  [Source:UniProtKB/TrEMBL;Acc:A0A8J2MJG6],Cercopithifilaria johnstoni (PRJEB47283),protein_coding,cejohnprjeb47283
CJOHNSTONI_LOCUS8398,rna-CJOHNSTONI_LOCUS8398,227,protein_coding,3-hydroxyacyl-CoA dehydrogenase type-2  [Source:UniProtKB/TrEMBL;Acc:A0A8J2M9X6],Cercopithifilaria johnstoni (PRJEB47283),protein_coding,cejohnprjeb47283
CJOHNSTONI_LOCUS2718,rna-CJOHNSTONI_LOCUS2718,253,protein_coding,Polyprenol reductase  [Source:UniProtKB/TrEMBL;Acc:A0A8J2LSH7],Cercopithifilaria johnstoni (PRJEB47283),protein_coding,cejohnprjeb47283
CJOHNSTONI_LOCUS5428,rna-CJOHNSTONI_LOCUS5428,229,protein_coding,RRM domain-containing protein  [Source:UniProtKB/TrEMBL;Acc:A0A8J2LY42],Cercopithifilaria johnstoni (PRJEB47283),protein_coding,cejohnprjeb47283
CJOHNSTONI_LOCUS7272,rna-CJOHNSTONI_LOCUS7272,214,protein_coding,histone acetyltransferase  [Source:UniProtKB/TrEMBL;Acc:A0A8J2MAU6],Cercopithifilaria johnstoni (PRJEB47283),protein_coding,cejohnprjeb47283
CJOHNSTONI_LOCUS5405,rna-CJOHNSTONI_LOCUS5405,240,protein_coding,Alanine--tRNA ligase  [Source:UniProtKB/TrEMBL;Acc:A0A8J2M3W7],Cercopithifilaria johnstoni (PRJEB47283),protein_coding,cejohnprjeb47283
CJOHNSTONI_LOCUS3475,rna-CJOHNSTONI_LOCUS3475,172,protein_coding,,Cercopithifilaria johnstoni (PRJEB47283),protein_coding,cejohnprjeb47283
CJOHNSTONI_LOCUS9683,rna-CJOHNSTONI_LOCUS9683,242,protein_coding,dolichyl-diphosphooligosaccharide--protein glycotransferase  [Source:UniProtKB/TrEMBL;Acc:A0A8J2Q431],Cercopithifilaria johnstoni (PRJEB47283),protein_coding,cejohnprjeb47283
CJOHNSTONI_LOCUS8255,rna-CJOHNSTONI_LOCUS8255,269,protein_coding,,Cercopithifilaria johnstoni (PRJEB47283),protein_coding,cejohnprjeb47283
CJOHNSTONI_LOCUS164,rna-CJOHNSTONI_LOCUS164,164,protein_coding,CPSF_A domain-containing protein  [Source:UniProtKB/TrEMBL;Acc:A0A8J2Q7X9],Cercopithifilaria johnstoni (PRJEB47283),protein_coding,cejohnprjeb47283
CJOHNSTONI_LOCUS9653,rna-CJOHNSTONI_LOCUS9653,203,protein_coding,DUF4065 domain-containing protein  [Source:UniProtKB/TrEMBL;Acc:A0A8J2Q998],Cercopithifilaria johnstoni (PRJEB47283),protein_coding,cejohnprjeb47283
CJOHNSTONI_LOCUS3452,rna-CJOHNSTONI_LOCUS3452,210,protein_coding,Ligand-gated ion channel 50  [Source:UniProtKB/TrEMBL;Acc:A0A8J2M124],Cercopithifilaria johnstoni (PRJEB47283),protein_coding,cejohnprjeb47283
CJOHNSTONI_LOCUS5576,rna-CJOHNSTONI_LOCUS5576,202,protein_coding,Vinculin  [Source:UniProtKB/TrEMBL;Acc:A0A8J2M5F0],Cercopithifilaria johnstoni (PRJEB47283),protein_coding,cejohnprjeb47283
CJOHNSTONI_LOCUS4609,rna-CJOHNSTONI_LOCUS4609,233,protein_coding,Protein kinase domain-containing protein  [Source:UniProtKB/TrEMBL;Acc:A0A8J2M351],Cercopithifilaria johnstoni (PRJEB47283),protein_coding,cejohnprjeb47283
CJOHNSTONI_LOCUS1975,rna-CJOHNSTONI_LOCUS1975,243,protein_coding,Paired domain-containing protein  [Source:UniProtKB/TrEMBL;Acc:A0A8J2M1P1],Cercopithifilaria johnstoni (PRJEB47283),protein_coding,cejohnprjeb47283
CJOHNSTONI_LOCUS733,rna-CJOHNSTONI_LOCUS733,217,protein_coding,BCAS3 domain-containing protein  [Source:UniProtKB/TrEMBL;Acc:A0A8J2LNR1],Cercopithifilaria johnstoni (PRJEB47283),protein_coding,cejohnprjeb47283
CJOHNSTONI_LOCUS1248,rna-CJOHNSTONI_LOCUS1248,407,protein_coding,Histone H2A  [Source:UniProtKB/TrEMBL;Acc:A0A8J2LMN1],Cercopithifilaria johnstoni (PRJEB47283),protein_coding,cejohnprjeb47283
CJOHNSTONI_LOCUS920,rna-CJOHNSTONI_LOCUS920,129,protein_coding,Mitochondrial fission 1 protein  [Source:UniProtKB/TrEMBL;Acc:A0A8J2LX58],Cercopithifilaria johnstoni (PRJEB47283),protein_coding,cejohnprjeb47283
CJOHNSTONI_LOCUS1896,rna-CJOHNSTONI_LOCUS1896,84,protein_coding,"Collagen, type I, alpha 2  [Source:UniProtKB/TrEMBL;Acc:A0A8J2M1J5]",Cercopithifilaria johnstoni (PRJEB47283),protein_coding,cejohnprjeb47283
CJOHNSTONI_LOCUS7252,rna-CJOHNSTONI_LOCUS7252,212,protein_coding,Arrestin_C domain-containing protein  [Source:UniProtKB/TrEMBL;Acc:A0A8J2Q282],Cercopithifilaria johnstoni (PRJEB47283),protein_coding,cejohnprjeb47283
CJOHNSTONI_LOCUS4555,rna-CJOHNSTONI_LOCUS4555,169,protein_coding,Ribosome biogenesis protein NOP53  [Source:UniProtKB/TrEMBL;Acc:A0A8J2M5R2],Cercopithifilaria johnstoni (PRJEB47283),protein_coding,cejohnprjeb47283
CJOHNSTONI_LOCUS3873,rna-CJOHNSTONI_LOCUS3873,350,protein_coding,Multidrug resistance-associated protein 5  [Source:UniProtKB/TrEMBL;Acc:A0A8J2M0D2],Cercopithifilaria johnstoni (PRJEB47283),protein_coding,cejohnprjeb47283
CJOHNSTONI_LOCUS7884,rna-CJOHNSTONI_LOCUS7884,222,protein_coding,BPI2 domain-containing protein  [Source:UniProtKB/TrEMBL;Acc:A0A8J2M9B2],Cercopithifilaria johnstoni (PRJEB47283),protein_coding,cejohnprjeb47283
CJOHNSTONI_LOCUS2638,rna-CJOHNSTONI_LOCUS2638,323,protein_coding,SAE2 domain-containing protein  [Source:UniProtKB/TrEMBL;Acc:A0A8J2LYE1],Cercopithifilaria johnstoni (PRJEB47283),protein_coding,cejohnprjeb47283
CJOHNSTONI_LOCUS5006,rna-CJOHNSTONI_LOCUS5006,170,protein_coding,,Cercopithifilaria johnstoni (PRJEB47283),protein_coding,cejohnprjeb47283
CJOHNSTONI_LOCUS8422,rna-CJOHNSTONI_LOCUS8422,248,protein_coding,,Cercopithifilaria johnstoni (PRJEB47283),protein_coding,cejohnprjeb47283
CJOHNSTONI_LOCUS933,rna-CJOHNSTONI_LOCUS933,338,protein_coding,Peptidase A1 domain-containing protein  [Source:UniProtKB/TrEMBL;Acc:A0A8J2LUX3],Cercopithifilaria johnstoni (PRJEB47283),protein_coding,cejohnprjeb47283
CJOHNSTONI_LOCUS7932,rna-CJOHNSTONI_LOCUS7932,235,protein_coding,Mannosyltransferase  [Source:UniProtKB/TrEMBL;Acc:A0A8J2M8Z5],Cercopithifilaria johnstoni (PRJEB47283),protein_coding,cejohnprjeb47283
CJOHNSTONI_LOCUS4674,rna-CJOHNSTONI_LOCUS4674,332,protein_coding,Recep_L_domain domain-containing protein  [Source:UniProtKB/TrEMBL;Acc:A0A8J2QA22],Cercopithifilaria johnstoni (PRJEB47283),protein_coding,cejohnprjeb47283
CJOHNSTONI_LOCUS3836,rna-CJOHNSTONI_LOCUS3836,277,protein_coding,Bm2876  [Source:UniProtKB/TrEMBL;Acc:A0A8J2M127],Cercopithifilaria johnstoni (PRJEB47283),protein_coding,cejohnprjeb47283
CJOHNSTONI_LOCUS8441,rna-CJOHNSTONI_LOCUS8441,198,protein_coding,RNA polymerase II-associated factor 1 homolog  [Source:UniProtKB/TrEMBL;Acc:A0A8J2MT35],Cercopithifilaria johnstoni (PRJEB47283),protein_coding,cejohnprjeb47283
CJOHNSTONI_LOCUS1422,rna-CJOHNSTONI_LOCUS1422,165,protein_coding,MRG domain-containing protein  [Source:UniProtKB/TrEMBL;Acc:A0A8J2M0X9],Cercopithifilaria johnstoni (PRJEB47283),protein_coding,cejohnprjeb47283
CJOHNSTONI_LOCUS1415,rna-CJOHNSTONI_LOCUS1415,152,protein_coding,Exonuclease domain-containing protein  [Source:UniProtKB/TrEMBL;Acc:A0A8J2Q0Q9],Cercopithifilaria johnstoni (PRJEB47283),protein_coding,cejohnprjeb47283
CJOHNSTONI_LOCUS6135,rna-CJOHNSTONI_LOCUS6135,191,protein_coding,Ubiquitin carboxyl-terminal hydrolase  [Source:UniProtKB/TrEMBL;Acc:A0A8J2M8L1],Cercopithifilaria johnstoni (PRJEB47283),protein_coding,cejohnprjeb47283
CJOHNSTONI_LOCUS6121,rna-CJOHNSTONI_LOCUS6121,354,protein_coding,Bm3641  [Source:UniProtKB/TrEMBL;Acc:A0A8J2M8K1],Cercopithifilaria johnstoni (PRJEB47283),protein_coding,cejohnprjeb47283
CJOHNSTONI_LOCUS9172,rna-CJOHNSTONI_LOCUS9172,218,protein_coding,serine--tRNA ligase  [Source:UniProtKB/TrEMBL;Acc:A0A8J2M479],Cercopithifilaria johnstoni (PRJEB47283),protein_coding,cejohnprjeb47283
CJOHNSTONI_LOCUS10224,rna-CJOHNSTONI_LOCUS10224,190,protein_coding,Deubiquitinating enzyme A  [Source:UniProtKB/TrEMBL;Acc:A0A8J2MVK3],Cercopithifilaria johnstoni (PRJEB47283),protein_coding,cejohnprjeb47283
CJOHNSTONI_LOCUS10404,rna-CJOHNSTONI_LOCUS10404,220,protein_coding,ZZ-type domain-containing protein  [Source:UniProtKB/TrEMBL;Acc:A0A8J2MV16],Cercopithifilaria johnstoni (PRJEB47283),protein_coding,cejohnprjeb47283
CJOHNSTONI_LOCUS7320,rna-CJOHNSTONI_LOCUS7320,221,protein_coding,,Cercopithifilaria johnstoni (PRJEB47283),protein_coding,cejohnprjeb47283
CJOHNSTONI_LOCUS4019,rna-CJOHNSTONI_LOCUS4019,235,protein_coding,IgGFc-binding protein-like  [Source:UniProtKB/TrEMBL;Acc:A0A8J2Q6C5],Cercopithifilaria johnstoni (PRJEB47283),protein_coding,cejohnprjeb47283
CJOHNSTONI_LOCUS9820,rna-CJOHNSTONI_LOCUS9820,192,protein_coding,RIBORED_LARGE domain-containing protein  [Source:UniProtKB/TrEMBL;Acc:A0A8J2Q9C3],Cercopithifilaria johnstoni (PRJEB47283),protein_coding,cejohnprjeb47283
CJOHNSTONI_LOCUS211,rna-CJOHNSTONI_LOCUS211,457,protein_coding,,Cercopithifilaria johnstoni (PRJEB47283),protein_coding,cejohnprjeb47283
CJOHNSTONI_LOCUS4735,rna-CJOHNSTONI_LOCUS4735,189,protein_coding,60S ribosomal protein L23  [Source:UniProtKB/TrEMBL;Acc:A0A8J2MNC1],Cercopithifilaria johnstoni (PRJEB47283),protein_coding,cejohnprjeb47283
CJOHNSTONI_LOCUS9714,rna-CJOHNSTONI_LOCUS9714,185,protein_coding,Protein kinase domain-containing protein  [Source:UniProtKB/TrEMBL;Acc:A0A8J2MCJ6],Cercopithifilaria johnstoni (PRJEB47283),protein_coding,cejohnprjeb47283
CJOHNSTONI_LOCUS4671,rna-CJOHNSTONI_LOCUS4671,224,protein_coding,Glutamate receptor 1  [Source:UniProtKB/TrEMBL;Acc:A0A8J2PT68],Cercopithifilaria johnstoni (PRJEB47283),protein_coding,cejohnprjeb47283
CJOHNSTONI_LOCUS1614,rna-CJOHNSTONI_LOCUS1614,343,protein_coding,Dentin sialophosphoprotein-like  [Source:UniProtKB/TrEMBL;Acc:A0A8J2LQD6],Cercopithifilaria johnstoni (PRJEB47283),protein_coding,cejohnprjeb47283
CJOHNSTONI_LOCUS1474,rna-CJOHNSTONI_LOCUS1474,225,protein_coding,"Dihydrolipoyllysine-residue succinyltransferase component of 2-oxoglutarate dehydrogenase complex, mitochondrial  [Source:UniProtKB/TrEMBL;Acc:A0A8J2PWM5]",Cercopithifilaria johnstoni (PRJEB47283),protein_coding,cejohnprjeb47283
CJOHNSTONI_LOCUS281,rna-CJOHNSTONI_LOCUS281,260,protein_coding,Ras-GAP domain-containing protein  [Source:UniProtKB/TrEMBL;Acc:A0A8J2MH77],Cercopithifilaria johnstoni (PRJEB47283),protein_coding,cejohnprjeb47283
CJOHNSTONI_LOCUS1451,rna-CJOHNSTONI_LOCUS1451,221,protein_coding,Fork-head domain-containing protein  [Source:UniProtKB/TrEMBL;Acc:A0A8J2MJS8],Cercopithifilaria johnstoni (PRJEB47283),protein_coding,cejohnprjeb47283
CJOHNSTONI_LOCUS968,rna-CJOHNSTONI_LOCUS968,158,protein_coding,Enhancer of mRNA-decapping protein 4  [Source:UniProtKB/TrEMBL;Acc:A0A8J2LM48],Cercopithifilaria johnstoni (PRJEB47283),protein_coding,cejohnprjeb47283
CJOHNSTONI_LOCUS8123,rna-CJOHNSTONI_LOCUS8123,247,protein_coding,Fes1 domain-containing protein  [Source:UniProtKB/TrEMBL;Acc:A0A8J2QAU5],Cercopithifilaria johnstoni (PRJEB47283),protein_coding,cejohnprjeb47283
CJOHNSTONI_LOCUS1933,rna-CJOHNSTONI_LOCUS1933,314,protein_coding,Phosphatidylinositol N-acetylglucosaminyltransferase subunit C  [Source:UniProtKB/TrEMBL;Acc:A0A8J2LQW0],Cercopithifilaria johnstoni (PRJEB47283),protein_coding,cejohnprjeb47283
CJOHNSTONI_LOCUS4558,rna-CJOHNSTONI_LOCUS4558,337,protein_coding,Tudor domain-containing protein  [Source:UniProtKB/TrEMBL;Acc:A0A8J2M312],Cercopithifilaria johnstoni (PRJEB47283),protein_coding,cejohnprjeb47283
CJOHNSTONI_LOCUS1900,rna-CJOHNSTONI_LOCUS1900,107,protein_coding,Radical SAM protein  [Source:UniProtKB/TrEMBL;Acc:A0A8J2LYR1],Cercopithifilaria johnstoni (PRJEB47283),protein_coding,cejohnprjeb47283
CJOHNSTONI_LOCUS4385,rna-CJOHNSTONI_LOCUS4385,307,protein_coding,Transmembrane protein  [Source:UniProtKB/TrEMBL;Acc:A0A8J2MMZ1],Cercopithifilaria johnstoni (PRJEB47283),protein_coding,cejohnprjeb47283
CJOHNSTONI_LOCUS5973,rna-CJOHNSTONI_LOCUS5973,977,protein_coding,Protein couch potato  [Source:UniProtKB/TrEMBL;Acc:A0A8J2M645],Cercopithifilaria johnstoni (PRJEB47283),protein_coding,cejohnprjeb47283
CJOHNSTONI_LOCUS5152,rna-CJOHNSTONI_LOCUS5152,208,protein_coding,Protein kinase domain-containing protein  [Source:UniProtKB/TrEMBL;Acc:A0A8J2LXJ9],Cercopithifilaria johnstoni (PRJEB47283),protein_coding,cejohnprjeb47283
CJOHNSTONI_LOCUS3590,rna-CJOHNSTONI_LOCUS3590,275,protein_coding,PX domain-containing protein  [Source:UniProtKB/TrEMBL;Acc:A0A8J2Q2L9],Cercopithifilaria johnstoni (PRJEB47283),protein_coding,cejohnprjeb47283
CJOHNSTONI_LOCUS4457,rna-CJOHNSTONI_LOCUS4457,202,protein_coding,Ion channel  [Source:UniProtKB/TrEMBL;Acc:A0A8J2M359],Cercopithifilaria johnstoni (PRJEB47283),protein_coding,cejohnprjeb47283
CJOHNSTONI_LOCUS6342,rna-CJOHNSTONI_LOCUS6342,242,protein_coding,T6PP_N domain-containing protein  [Source:UniProtKB/TrEMBL;Acc:A0A8J2Q515],Cercopithifilaria johnstoni (PRJEB47283),protein_coding,cejohnprjeb47283
CJOHNSTONI_LOCUS3543,rna-CJOHNSTONI_LOCUS3543,234,protein_coding,MAM domain-containing protein  [Source:UniProtKB/TrEMBL;Acc:A0A8J2M0E7],Cercopithifilaria johnstoni (PRJEB47283),protein_coding,cejohnprjeb47283
CJOHNSTONI_LOCUS918,rna-CJOHNSTONI_LOCUS918,223,protein_coding,ZP domain-containing protein  [Source:UniProtKB/TrEMBL;Acc:A0A8J2LUW4],Cercopithifilaria johnstoni (PRJEB47283),protein_coding,cejohnprjeb47283
CJOHNSTONI_LOCUS7967,rna-CJOHNSTONI_LOCUS7967,581,protein_coding,G protein-coupled receptor  [Source:UniProtKB/TrEMBL;Acc:A0A8J2M9H1],Cercopithifilaria johnstoni (PRJEB47283),protein_coding,cejohnprjeb47283
CJOHNSTONI_LOCUS4284,rna-CJOHNSTONI_LOCUS4284,181,protein_coding,Lactamase_B domain-containing protein  [Source:UniProtKB/TrEMBL;Acc:A0A8J2Q6T1],Cercopithifilaria johnstoni (PRJEB47283),protein_coding,cejohnprjeb47283
CJOHNSTONI_LOCUS3933,rna-CJOHNSTONI_LOCUS3933,205,protein_coding,Neprilysin  [Source:UniProtKB/TrEMBL;Acc:A0A8J2M2G6],Cercopithifilaria johnstoni (PRJEB47283),protein_coding,cejohnprjeb47283
CJOHNSTONI_LOCUS7832,rna-CJOHNSTONI_LOCUS7832,339,protein_coding,MFS domain-containing protein  [Source:UniProtKB/TrEMBL;Acc:A0A8J2M975],Cercopithifilaria johnstoni (PRJEB47283),protein_coding,cejohnprjeb47283
CJOHNSTONI_LOCUS9021,rna-CJOHNSTONI_LOCUS9021,217,protein_coding,Kin17_mid domain-containing protein  [Source:UniProtKB/TrEMBL;Acc:A0A8J2MB86],Cercopithifilaria johnstoni (PRJEB47283),protein_coding,cejohnprjeb47283
CJOHNSTONI_LOCUS931,rna-CJOHNSTONI_LOCUS931,704,protein_coding,Zinc finger protein  [Source:UniProtKB/TrEMBL;Acc:A0A8J2LZK8],Cercopithifilaria johnstoni (PRJEB47283),protein_coding,cejohnprjeb47283
CJOHNSTONI_LOCUS3126,rna-CJOHNSTONI_LOCUS3126,185,protein_coding,MFS domain-containing protein  [Source:UniProtKB/TrEMBL;Acc:A0A8J2M154],Cercopithifilaria johnstoni (PRJEB47283),protein_coding,cejohnprjeb47283
CJOHNSTONI_LOCUS8192,rna-CJOHNSTONI_LOCUS8192,281,protein_coding,3'-5' exonuclease domain-containing protein  [Source:UniProtKB/TrEMBL;Acc:A0A8J2QAV0],Cercopithifilaria johnstoni (PRJEB47283),protein_coding,cejohnprjeb47283
CJOHNSTONI_LOCUS1944,rna-CJOHNSTONI_LOCUS1944,274,protein_coding,RNA helicase  [Source:UniProtKB/TrEMBL;Acc:A0A8J2PX15],Cercopithifilaria johnstoni (PRJEB47283),protein_coding,cejohnprjeb47283
CJOHNSTONI_LOCUS4669,rna-CJOHNSTONI_LOCUS4669,523,protein_coding,Col_cuticle_N domain-containing protein  [Source:UniProtKB/TrEMBL;Acc:A0A8J2M3S2],Cercopithifilaria johnstoni (PRJEB47283),protein_coding,cejohnprjeb47283
CJOHNSTONI_LOCUS4466,rna-CJOHNSTONI_LOCUS4466,202,protein_coding,,Cercopithifilaria johnstoni (PRJEB47283),protein_coding,cejohnprjeb47283
CJOHNSTONI_LOCUS8879,rna-CJOHNSTONI_LOCUS8879,319,protein_coding,PPM-type phosphatase domain-containing protein  [Source:UniProtKB/TrEMBL;Acc:A0A8J2M3P4],Cercopithifilaria johnstoni (PRJEB47283),protein_coding,cejohnprjeb47283
CJOHNSTONI_LOCUS4341,rna-CJOHNSTONI_LOCUS4341,295,protein_coding,RING-type domain-containing protein  [Source:UniProtKB/TrEMBL;Acc:A0A8J2LSY4],Cercopithifilaria johnstoni (PRJEB47283),protein_coding,cejohnprjeb47283
CJOHNSTONI_LOCUS996,rna-CJOHNSTONI_LOCUS996,286,protein_coding,G_PROTEIN_RECEP_F1_2 domain-containing protein  [Source:UniProtKB/TrEMBL;Acc:A0A8J2PW22],Cercopithifilaria johnstoni (PRJEB47283),protein_coding,cejohnprjeb47283
CJOHNSTONI_LOCUS2422,rna-CJOHNSTONI_LOCUS2422,250,protein_coding,Flavin_Reduct domain-containing protein  [Source:UniProtKB/TrEMBL;Acc:A0A8J2PRB1],Cercopithifilaria johnstoni (PRJEB47283),protein_coding,cejohnprjeb47283
CJOHNSTONI_LOCUS5954,rna-CJOHNSTONI_LOCUS5954,174,protein_coding,Ig-like domain-containing protein  [Source:UniProtKB/TrEMBL;Acc:A0A8J2M4V5],Cercopithifilaria johnstoni (PRJEB47283),protein_coding,cejohnprjeb47283
CJOHNSTONI_LOCUS5538,rna-CJOHNSTONI_LOCUS5538,260,protein_coding,C2 NT-type domain-containing protein  [Source:UniProtKB/TrEMBL;Acc:A0A8J2M526],Cercopithifilaria johnstoni (PRJEB47283),protein_coding,cejohnprjeb47283
CJOHNSTONI_LOCUS9043,rna-CJOHNSTONI_LOCUS9043,165,protein_coding,Ig-like domain-containing protein  [Source:UniProtKB/TrEMBL;Acc:A0A8J2Q908],Cercopithifilaria johnstoni (PRJEB47283),protein_coding,cejohnprjeb47283
CJOHNSTONI_LOCUS1483,rna-CJOHNSTONI_LOCUS1483,189,protein_coding,Ovule protein  [Source:UniProtKB/TrEMBL;Acc:A0A8J2LY43],Cercopithifilaria johnstoni (PRJEB47283),protein_coding,cejohnprjeb47283
CJOHNSTONI_LOCUS3629,rna-CJOHNSTONI_LOCUS3629,200,protein_coding,,Cercopithifilaria johnstoni (PRJEB47283),protein_coding,cejohnprjeb47283
CJOHNSTONI_LOCUS6087,rna-CJOHNSTONI_LOCUS6087,185,protein_coding,GOLD domain-containing protein  [Source:UniProtKB/TrEMBL;Acc:A0A8J2Q7T0],Cercopithifilaria johnstoni (PRJEB47283),protein_coding,cejohnprjeb47283
CJOHNSTONI_LOCUS2713,rna-CJOHNSTONI_LOCUS2713,266,protein_coding,HTH_17 domain-containing protein  [Source:UniProtKB/TrEMBL;Acc:A0A8J2PRJ8],Cercopithifilaria johnstoni (PRJEB47283),protein_coding,cejohnprjeb47283
CJOHNSTONI_LOCUS8043,rna-CJOHNSTONI_LOCUS8043,948,protein_coding,AMP-binding domain-containing protein  [Source:UniProtKB/TrEMBL;Acc:A0A8J2MCI6],Cercopithifilaria johnstoni (PRJEB47283),protein_coding,cejohnprjeb47283
CJOHNSTONI_LOCUS9722,rna-CJOHNSTONI_LOCUS9722,278,protein_coding,SRCR domain-containing protein  [Source:UniProtKB/TrEMBL;Acc:A0A8J2Q9A8],Cercopithifilaria johnstoni (PRJEB47283),protein_coding,cejohnprjeb47283
CJOHNSTONI_LOCUS1528,rna-CJOHNSTONI_LOCUS1528,226,protein_coding,,Cercopithifilaria johnstoni (PRJEB47283),protein_coding,cejohnprjeb47283
CJOHNSTONI_LOCUS223,rna-CJOHNSTONI_LOCUS223,269,protein_coding,Zinc finger protein  [Source:UniProtKB/TrEMBL;Acc:A0A8J2LTI0],Cercopithifilaria johnstoni (PRJEB47283),protein_coding,cejohnprjeb47283
CJOHNSTONI_LOCUS9320,rna-CJOHNSTONI_LOCUS9320,137,protein_coding,Ras-related protein Rab-35  [Source:UniProtKB/TrEMBL;Acc:A0A8J2MBZ7],Cercopithifilaria johnstoni (PRJEB47283),protein_coding,cejohnprjeb47283
CJOHNSTONI_LOCUS5058,rna-CJOHNSTONI_LOCUS5058,228,protein_coding,Glycoprotein  [Source:UniProtKB/TrEMBL;Acc:A0A8J2LUW1],Cercopithifilaria johnstoni (PRJEB47283),protein_coding,cejohnprjeb47283
CJOHNSTONI_LOCUS698,rna-CJOHNSTONI_LOCUS698,226,protein_coding,SSD domain-containing protein  [Source:UniProtKB/TrEMBL;Acc:A0A8J2LUI0],Cercopithifilaria johnstoni (PRJEB47283),protein_coding,cejohnprjeb47283
CJOHNSTONI_LOCUS8480,rna-CJOHNSTONI_LOCUS8480,209,protein_coding,,Cercopithifilaria johnstoni (PRJEB47283),protein_coding,cejohnprjeb47283
CJOHNSTONI_LOCUS1452,rna-CJOHNSTONI_LOCUS1452,1153,protein_coding,Hyaluronan mediated motility receptor  [Source:UniProtKB/TrEMBL;Acc:A0A8J2M0Y7],Cercopithifilaria johnstoni (PRJEB47283),protein_coding,cejohnprjeb47283
CJOHNSTONI_LOCUS2849,rna-CJOHNSTONI_LOCUS2849,170,protein_coding,Integrase catalytic domain-containing protein  [Source:UniProtKB/TrEMBL;Acc:A0A8J2LZ88],Cercopithifilaria johnstoni (PRJEB47283),protein_coding,cejohnprjeb47283
CJOHNSTONI_LOCUS1596,rna-CJOHNSTONI_LOCUS1596,163,protein_coding,Inhibitor_I29 domain-containing protein  [Source:UniProtKB/TrEMBL;Acc:A0A8J2Q8N9],Cercopithifilaria johnstoni (PRJEB47283),protein_coding,cejohnprjeb47283
CJOHNSTONI_LOCUS1536,rna-CJOHNSTONI_LOCUS1536,154,protein_coding,Ovule protein  [Source:UniProtKB/TrEMBL;Acc:A0A8J2Q0U9],Cercopithifilaria johnstoni (PRJEB47283),protein_coding,cejohnprjeb47283
CJOHNSTONI_LOCUS7639,rna-CJOHNSTONI_LOCUS7639,148,protein_coding,NADH dehydrogenase [ubiquinone] 1 alpha subcomplex subunit 4  [Source:UniProtKB/TrEMBL;Acc:A0A8J2M1N4],Cercopithifilaria johnstoni (PRJEB47283),protein_coding,cejohnprjeb47283
CJOHNSTONI_LOCUS5852,rna-CJOHNSTONI_LOCUS5852,257,protein_coding,Epsin-1  [Source:UniProtKB/TrEMBL;Acc:A0A8J2M5Q4],Cercopithifilaria johnstoni (PRJEB47283),protein_coding,cejohnprjeb47283
CJOHNSTONI_LOCUS6607,rna-CJOHNSTONI_LOCUS6607,215,protein_coding,"Thymidine diphospho-4-keto-rhamnose 3,5-epimerase  [Source:UniProtKB/TrEMBL;Acc:A0A8J2QAI3]",Cercopithifilaria johnstoni (PRJEB47283),protein_coding,cejohnprjeb47283
CJOHNSTONI_LOCUS6398,rna-CJOHNSTONI_LOCUS6398,331,protein_coding,RRM domain-containing protein  [Source:UniProtKB/TrEMBL;Acc:A0A8J2Q1K3],Cercopithifilaria johnstoni (PRJEB47283),protein_coding,cejohnprjeb47283
CJOHNSTONI_LOCUS2705,rna-CJOHNSTONI_LOCUS2705,224,protein_coding,G_PROTEIN_RECEP_F1_2 domain-containing protein  [Source:UniProtKB/TrEMBL;Acc:A0A8J2LYG1],Cercopithifilaria johnstoni (PRJEB47283),protein_coding,cejohnprjeb47283
CJOHNSTONI_LOCUS3783,rna-CJOHNSTONI_LOCUS3783,128,protein_coding,Ovule protein  [Source:UniProtKB/TrEMBL;Acc:A0A8J2M248],Cercopithifilaria johnstoni (PRJEB47283),protein_coding,cejohnprjeb47283
CJOHNSTONI_LOCUS9290,rna-CJOHNSTONI_LOCUS9290,167,protein_coding,Leucine-rich repeat protein  [Source:UniProtKB/TrEMBL;Acc:A0A8J2MDC0],Cercopithifilaria johnstoni (PRJEB47283),protein_coding,cejohnprjeb47283
CJOHNSTONI_LOCUS5008,rna-CJOHNSTONI_LOCUS5008,243,protein_coding,Threonylcarbamoyl-AMP synthase  [Source:UniProtKB/TrEMBL;Acc:A0A8J2M4H0],Cercopithifilaria johnstoni (PRJEB47283),protein_coding,cejohnprjeb47283
CJOHNSTONI_LOCUS876,rna-CJOHNSTONI_LOCUS876,224,protein_coding,Integrin_alpha2 domain-containing protein  [Source:UniProtKB/TrEMBL;Acc:A0A8J2LZH1],Cercopithifilaria johnstoni (PRJEB47283),protein_coding,cejohnprjeb47283
CJOHNSTONI_LOCUS4049,rna-CJOHNSTONI_LOCUS4049,158,protein_coding,Transmembrane protein  [Source:UniProtKB/TrEMBL;Acc:A0A8J2PSP3],Cercopithifilaria johnstoni (PRJEB47283),protein_coding,cejohnprjeb47283
CJOHNSTONI_LOCUS421,rna-CJOHNSTONI_LOCUS421,327,protein_coding,SAP domain-containing protein  [Source:UniProtKB/TrEMBL;Acc:A0A8J2LYM8],Cercopithifilaria johnstoni (PRJEB47283),protein_coding,cejohnprjeb47283
CJOHNSTONI_LOCUS5373,rna-CJOHNSTONI_LOCUS5373,248,protein_coding,,Cercopithifilaria johnstoni (PRJEB47283),protein_coding,cejohnprjeb47283
CJOHNSTONI_LOCUS8993,rna-CJOHNSTONI_LOCUS8993,231,protein_coding,CPG4 domain-containing protein  [Source:UniProtKB/TrEMBL;Acc:A0A8J2M3W1],Cercopithifilaria johnstoni (PRJEB47283),protein_coding,cejohnprjeb47283
CJOHNSTONI_LOCUS7776,rna-CJOHNSTONI_LOCUS7776,224,protein_coding,F-box domain-containing protein  [Source:UniProtKB/TrEMBL;Acc:A0A8J2Q8L6],Cercopithifilaria johnstoni (PRJEB47283),protein_coding,cejohnprjeb47283
CJOHNSTONI_LOCUS8058,rna-CJOHNSTONI_LOCUS8058,163,protein_coding,Craniofacial development protein 1  [Source:UniProtKB/TrEMBL;Acc:A0A8J2MCP4],Cercopithifilaria johnstoni (PRJEB47283),protein_coding,cejohnprjeb47283
CJOHNSTONI_LOCUS7042,rna-CJOHNSTONI_LOCUS7042,183,protein_coding,P4Hc domain-containing protein  [Source:UniProtKB/TrEMBL;Acc:A0A8J2M784],Cercopithifilaria johnstoni (PRJEB47283),protein_coding,cejohnprjeb47283
CJOHNSTONI_LOCUS1510,rna-CJOHNSTONI_LOCUS1510,136,protein_coding,Activin_recp domain-containing protein  [Source:UniProtKB/TrEMBL;Acc:A0A8J2Q3X6],Cercopithifilaria johnstoni (PRJEB47283),protein_coding,cejohnprjeb47283
CJOHNSTONI_LOCUS6556,rna-CJOHNSTONI_LOCUS6556,104,protein_coding,Zn_ribbon_recom domain-containing protein  [Source:UniProtKB/TrEMBL;Acc:A0A8J2MQJ6],Cercopithifilaria johnstoni (PRJEB47283),protein_coding,cejohnprjeb47283
CJOHNSTONI_LOCUS7509,rna-CJOHNSTONI_LOCUS7509,263,protein_coding,Structure-specific endonuclease subunit SLX1 homolog  [Source:UniProtKB/TrEMBL;Acc:A0A8J2MRI3],Cercopithifilaria johnstoni (PRJEB47283),protein_coding,cejohnprjeb47283
CJOHNSTONI_LOCUS7010,rna-CJOHNSTONI_LOCUS7010,131,protein_coding,THAP4_heme-bd domain-containing protein  [Source:UniProtKB/TrEMBL;Acc:A0A8J2Q5L3],Cercopithifilaria johnstoni (PRJEB47283),protein_coding,cejohnprjeb47283
CJOHNSTONI_LOCUS4221,rna-CJOHNSTONI_LOCUS4221,368,protein_coding,Peptidase A1 domain-containing protein  [Source:UniProtKB/TrEMBL;Acc:A0A8J2LVK7],Cercopithifilaria johnstoni (PRJEB47283),protein_coding,cejohnprjeb47283
CJOHNSTONI_LOCUS1760,rna-CJOHNSTONI_LOCUS1760,1340,protein_coding,,Cercopithifilaria johnstoni (PRJEB47283),protein_coding,cejohnprjeb47283
CJOHNSTONI_LOCUS7517,rna-CJOHNSTONI_LOCUS7517,288,protein_coding,SSD domain-containing protein  [Source:UniProtKB/TrEMBL;Acc:A0A8J2Q2F9],Cercopithifilaria johnstoni (PRJEB47283),protein_coding,cejohnprjeb47283
CJOHNSTONI_LOCUS4476,rna-CJOHNSTONI_LOCUS4476,221,protein_coding,AAA domain-containing protein  [Source:UniProtKB/TrEMBL;Acc:A0A8J2Q9Z1],Cercopithifilaria johnstoni (PRJEB47283),protein_coding,cejohnprjeb47283
CJOHNSTONI_LOCUS9800,rna-CJOHNSTONI_LOCUS9800,132,protein_coding,Odorant receptor  [Source:UniProtKB/TrEMBL;Acc:A0A8J2MUH0],Cercopithifilaria johnstoni (PRJEB47283),protein_coding,cejohnprjeb47283
CJOHNSTONI_LOCUS2695,rna-CJOHNSTONI_LOCUS2695,239,protein_coding,Ribosome-binding factor A  [Source:UniProtKB/TrEMBL;Acc:A0A8J2M0C3],Cercopithifilaria johnstoni (PRJEB47283),protein_coding,cejohnprjeb47283
CJOHNSTONI_LOCUS7034,rna-CJOHNSTONI_LOCUS7034,320,protein_coding,PUM-HD domain-containing protein  [Source:UniProtKB/TrEMBL;Acc:A0A8J2M7P4],Cercopithifilaria johnstoni (PRJEB47283),protein_coding,cejohnprjeb47283
CJOHNSTONI_LOCUS1022,rna-CJOHNSTONI_LOCUS1022,224,protein_coding,Sporozoite surface protein 2-like  [Source:UniProtKB/TrEMBL;Acc:A0A8J2PQ17],Cercopithifilaria johnstoni (PRJEB47283),protein_coding,cejohnprjeb47283
CJOHNSTONI_LOCUS4418,rna-CJOHNSTONI_LOCUS4418,173,protein_coding,Tafazzin family protein  [Source:UniProtKB/TrEMBL;Acc:A0A8J2M3D3],Cercopithifilaria johnstoni (PRJEB47283),protein_coding,cejohnprjeb47283
CJOHNSTONI_LOCUS354,rna-CJOHNSTONI_LOCUS354,509,protein_coding,Maturase K  [Source:UniProtKB/TrEMBL;Acc:A0A8J2MHZ8],Cercopithifilaria johnstoni (PRJEB47283),protein_coding,cejohnprjeb47283
CJOHNSTONI_LOCUS2717,rna-CJOHNSTONI_LOCUS2717,199,protein_coding,Aminotran_1_2 domain-containing protein  [Source:UniProtKB/TrEMBL;Acc:A0A8J2LQ03],Cercopithifilaria johnstoni (PRJEB47283),protein_coding,cejohnprjeb47283
CJOHNSTONI_LOCUS907,rna-CJOHNSTONI_LOCUS907,228,protein_coding,t-SNARE coiled-coil homology domain-containing protein  [Source:UniProtKB/TrEMBL;Acc:A0A8J2PPX9],Cercopithifilaria johnstoni (PRJEB47283),protein_coding,cejohnprjeb47283
CJOHNSTONI_LOCUS2761,rna-CJOHNSTONI_LOCUS2761,279,protein_coding,Protein CASC3  [Source:UniProtKB/TrEMBL;Acc:A0A8J2LYJ1],Cercopithifilaria johnstoni (PRJEB47283),protein_coding,cejohnprjeb47283
CJOHNSTONI_LOCUS4424,rna-CJOHNSTONI_LOCUS4424,237,protein_coding,,Cercopithifilaria johnstoni (PRJEB47283),protein_coding,cejohnprjeb47283
CJOHNSTONI_LOCUS4067,rna-CJOHNSTONI_LOCUS4067,197,protein_coding,"Tricarboxylate transport protein, mitochondrial  [Source:UniProtKB/TrEMBL;Acc:A0A8J2Q9T1]",Cercopithifilaria johnstoni (PRJEB47283),protein_coding,cejohnprjeb47283
CJOHNSTONI_LOCUS2070,rna-CJOHNSTONI_LOCUS2070,462,protein_coding,RING-type domain-containing protein  [Source:UniProtKB/TrEMBL;Acc:A0A8J2LXB7],Cercopithifilaria johnstoni (PRJEB47283),protein_coding,cejohnprjeb47283
CJOHNSTONI_LOCUS1647,rna-CJOHNSTONI_LOCUS1647,149,protein_coding,PDZ domain-containing protein  [Source:UniProtKB/TrEMBL;Acc:A0A8J2Q415],Cercopithifilaria johnstoni (PRJEB47283),protein_coding,cejohnprjeb47283
CJOHNSTONI_LOCUS8683,rna-CJOHNSTONI_LOCUS8683,257,protein_coding,E3 ubiquitin-protein ligase  [Source:UniProtKB/TrEMBL;Acc:A0A8J2ME22],Cercopithifilaria johnstoni (PRJEB47283),protein_coding,cejohnprjeb47283
CJOHNSTONI_LOCUS5240,rna-CJOHNSTONI_LOCUS5240,196,protein_coding,IDEAL domain-containing protein  [Source:UniProtKB/TrEMBL;Acc:A0A8J2M4W2],Cercopithifilaria johnstoni (PRJEB47283),protein_coding,cejohnprjeb47283
CJOHNSTONI_LOCUS3727,rna-CJOHNSTONI_LOCUS3727,261,protein_coding,Huntingtin  [Source:UniProtKB/TrEMBL;Acc:A0A8J2PZ87],Cercopithifilaria johnstoni (PRJEB47283),protein_coding,cejohnprjeb47283
CJOHNSTONI_LOCUS5694,rna-CJOHNSTONI_LOCUS5694-2,236,protein_coding,RanBD1 domain-containing protein  [Source:UniProtKB/TrEMBL;Acc:A0A8J2MPD8],Cercopithifilaria johnstoni (PRJEB47283),protein_coding,cejohnprjeb47283
CJOHNSTONI_LOCUS8769,rna-CJOHNSTONI_LOCUS8769,215,protein_coding,Peptidase M12A domain-containing protein  [Source:UniProtKB/TrEMBL;Acc:A0A8J2QAZ3],Cercopithifilaria johnstoni (PRJEB47283),protein_coding,cejohnprjeb47283
CJOHNSTONI_LOCUS8892,rna-CJOHNSTONI_LOCUS8892,178,protein_coding,Secreted protein  [Source:UniProtKB/TrEMBL;Acc:A0A8J2Q3H6],Cercopithifilaria johnstoni (PRJEB47283),protein_coding,cejohnprjeb47283
CJOHNSTONI_LOCUS5902,rna-CJOHNSTONI_LOCUS5902,859,protein_coding,Metastasis-associated protein MTA2  [Source:UniProtKB/TrEMBL;Acc:A0A8J2MPP9],Cercopithifilaria johnstoni (PRJEB47283),protein_coding,cejohnprjeb47283
CJOHNSTONI_LOCUS9453,rna-CJOHNSTONI_LOCUS9453,236,protein_coding,Reverse transcriptase domain-containing protein  [Source:UniProtKB/TrEMBL;Acc:A0A8J2MC48],Cercopithifilaria johnstoni (PRJEB47283),protein_coding,cejohnprjeb47283
CJOHNSTONI_LOCUS8535,rna-CJOHNSTONI_LOCUS8535,211,protein_coding,4-coumarate--CoA ligase 1-like  [Source:UniProtKB/TrEMBL;Acc:A0A8J2MCB4],Cercopithifilaria johnstoni (PRJEB47283),protein_coding,cejohnprjeb47283
CJOHNSTONI_LOCUS4369,rna-CJOHNSTONI_LOCUS4369,245,protein_coding,SLIT-ROBO Rho GTPase-activating protein 1  [Source:UniProtKB/TrEMBL;Acc:A0A8J2M1H6],Cercopithifilaria johnstoni (PRJEB47283),protein_coding,cejohnprjeb47283
CJOHNSTONI_LOCUS4979,rna-CJOHNSTONI_LOCUS4979,183,protein_coding,,Cercopithifilaria johnstoni (PRJEB47283),protein_coding,cejohnprjeb47283
CJOHNSTONI_LOCUS4195,rna-CJOHNSTONI_LOCUS4195,485,protein_coding,BPL/LPL catalytic domain-containing protein  [Source:UniProtKB/TrEMBL;Acc:A0A8J2M171],Cercopithifilaria johnstoni (PRJEB47283),protein_coding,cejohnprjeb47283
CJOHNSTONI_LOCUS2226,rna-CJOHNSTONI_LOCUS2226,240,protein_coding,Protein ARV  [Source:UniProtKB/TrEMBL;Acc:A0A8J2LXL1],Cercopithifilaria johnstoni (PRJEB47283),protein_coding,cejohnprjeb47283
CJOHNSTONI_LOCUS9047,rna-CJOHNSTONI_LOCUS9047,242,protein_coding,MoCF_biosynth domain-containing protein  [Source:UniProtKB/TrEMBL;Acc:A0A8J2M3Z6],Cercopithifilaria johnstoni (PRJEB47283),protein_coding,cejohnprjeb47283
CJOHNSTONI_LOCUS4402,rna-CJOHNSTONI_LOCUS4402,295,protein_coding,NARG2_C domain-containing protein  [Source:UniProtKB/TrEMBL;Acc:A0A8J2M5J7],Cercopithifilaria johnstoni (PRJEB47283),protein_coding,cejohnprjeb47283
CJOHNSTONI_LOCUS7850,rna-CJOHNSTONI_LOCUS7850,625,protein_coding,Vinculin  [Source:UniProtKB/TrEMBL;Acc:A0A8J2Q651],Cercopithifilaria johnstoni (PRJEB47283),protein_coding,cejohnprjeb47283
CJOHNSTONI_LOCUS10137,rna-CJOHNSTONI_LOCUS10137,125,protein_coding,Cucumisin  [Source:UniProtKB/TrEMBL;Acc:A0A8J2PYU8],Cercopithifilaria johnstoni (PRJEB47283),protein_coding,cejohnprjeb47283
CJOHNSTONI_LOCUS2956,rna-CJOHNSTONI_LOCUS2956,244,protein_coding,SAM domain-containing protein  [Source:UniProtKB/TrEMBL;Acc:A0A8J2LQA0],Cercopithifilaria johnstoni (PRJEB47283),protein_coding,cejohnprjeb47283
CJOHNSTONI_LOCUS2616,rna-CJOHNSTONI_LOCUS2616,209,protein_coding,Elongation of very long chain fatty acids protein  [Source:UniProtKB/TrEMBL;Acc:A0A8J2PRG5],Cercopithifilaria johnstoni (PRJEB47283),protein_coding,cejohnprjeb47283
CJOHNSTONI_LOCUS1110,rna-CJOHNSTONI_LOCUS1110,187,protein_coding,Ig-like domain-containing protein  [Source:UniProtKB/TrEMBL;Acc:A0A8J2LPJ4],Cercopithifilaria johnstoni (PRJEB47283),protein_coding,cejohnprjeb47283
CJOHNSTONI_LOCUS8139,rna-CJOHNSTONI_LOCUS8139,625,protein_coding,Aminopeptidase  [Source:UniProtKB/TrEMBL;Acc:A0A8J2MSJ4],Cercopithifilaria johnstoni (PRJEB47283),protein_coding,cejohnprjeb47283
CJOHNSTONI_LOCUS10286,rna-CJOHNSTONI_LOCUS10286,256,protein_coding,,Cercopithifilaria johnstoni (PRJEB47283),protein_coding,cejohnprjeb47283
CJOHNSTONI_LOCUS739,rna-CJOHNSTONI_LOCUS739,265,protein_coding,,Cercopithifilaria johnstoni (PRJEB47283),protein_coding,cejohnprjeb47283
CJOHNSTONI_LOCUS6184,rna-CJOHNSTONI_LOCUS6184,205,protein_coding,Anoctamin  [Source:UniProtKB/TrEMBL;Acc:A0A8J2M5G3],Cercopithifilaria johnstoni (PRJEB47283),protein_coding,cejohnprjeb47283
CJOHNSTONI_LOCUS4508,rna-CJOHNSTONI_LOCUS4508,501,protein_coding,BZIP domain-containing protein  [Source:UniProtKB/TrEMBL;Acc:A0A8J2LW44],Cercopithifilaria johnstoni (PRJEB47283),protein_coding,cejohnprjeb47283
CJOHNSTONI_LOCUS10225,rna-CJOHNSTONI_LOCUS10225,139,protein_coding,,Cercopithifilaria johnstoni (PRJEB47283),protein_coding,cejohnprjeb47283
CJOHNSTONI_LOCUS2245,rna-CJOHNSTONI_LOCUS2245,288,protein_coding,Homeobox protein 2-like  [Source:UniProtKB/TrEMBL;Acc:A0A8J2LX73],Cercopithifilaria johnstoni (PRJEB47283),protein_coding,cejohnprjeb47283
CJOHNSTONI_LOCUS1386,rna-CJOHNSTONI_LOCUS1386,210,protein_coding,BZIP domain-containing protein  [Source:UniProtKB/TrEMBL;Acc:A0A8J2Q0Q1],Cercopithifilaria johnstoni (PRJEB47283),protein_coding,cejohnprjeb47283
CJOHNSTONI_LOCUS1978,rna-CJOHNSTONI_LOCUS1978,250,protein_coding,Cytochrome P450  [Source:UniProtKB/TrEMBL;Acc:A0A8J2LYW4],Cercopithifilaria johnstoni (PRJEB47283),protein_coding,cejohnprjeb47283
CJOHNSTONI_LOCUS5279,rna-CJOHNSTONI_LOCUS5279,205,protein_coding,Nucleoporin_N domain-containing protein  [Source:UniProtKB/TrEMBL;Acc:A0A8J2M4S8],Cercopithifilaria johnstoni (PRJEB47283),protein_coding,cejohnprjeb47283
CJOHNSTONI_LOCUS8704,rna-CJOHNSTONI_LOCUS8704,198,protein_coding,Proline-rich protein PRCC  [Source:UniProtKB/TrEMBL;Acc:A0A8J2M3D5],Cercopithifilaria johnstoni (PRJEB47283),protein_coding,cejohnprjeb47283
CJOHNSTONI_LOCUS3389,rna-CJOHNSTONI_LOCUS3389,182,protein_coding,DZF domain-containing protein  [Source:UniProtKB/TrEMBL;Acc:A0A8J2MLD1],Cercopithifilaria johnstoni (PRJEB47283),protein_coding,cejohnprjeb47283
CJOHNSTONI_LOCUS612,rna-CJOHNSTONI_LOCUS612,305,protein_coding,BZIP domain-containing protein  [Source:UniProtKB/TrEMBL;Acc:A0A8J2LYZ9],Cercopithifilaria johnstoni (PRJEB47283),protein_coding,cejohnprjeb47283
CJOHNSTONI_LOCUS5112,rna-CJOHNSTONI_LOCUS5112,182,protein_coding,peptide-methionine (S)-S-oxide reductase  [Source:UniProtKB/TrEMBL;Acc:A0A8J2Q0D6],Cercopithifilaria johnstoni (PRJEB47283),protein_coding,cejohnprjeb47283
CJOHNSTONI_LOCUS8323,rna-CJOHNSTONI_LOCUS8323,309,protein_coding,Tristetraprolin  [Source:UniProtKB/TrEMBL;Acc:A0A8J2MBU9],Cercopithifilaria johnstoni (PRJEB47283),protein_coding,cejohnprjeb47283
CJOHNSTONI_LOCUS6547,rna-CJOHNSTONI_LOCUS6547,298,protein_coding,C2H2-type domain-containing protein  [Source:UniProtKB/TrEMBL;Acc:A0A8J2M7M9],Cercopithifilaria johnstoni (PRJEB47283),protein_coding,cejohnprjeb47283
CJOHNSTONI_LOCUS9977,rna-CJOHNSTONI_LOCUS9977,140,protein_coding,DUF5641 domain-containing protein  [Source:UniProtKB/TrEMBL;Acc:A0A8J2MV94],Cercopithifilaria johnstoni (PRJEB47283),protein_coding,cejohnprjeb47283
CJOHNSTONI_LOCUS8617,rna-CJOHNSTONI_LOCUS8617,659,protein_coding,RNA helicase  [Source:UniProtKB/TrEMBL;Acc:A0A8J2MDY8],Cercopithifilaria johnstoni (PRJEB47283),protein_coding,cejohnprjeb47283
CJOHNSTONI_LOCUS1795,rna-CJOHNSTONI_LOCUS1795,234,protein_coding,Pept_C1 domain-containing protein  [Source:UniProtKB/TrEMBL;Acc:A0A8J2LQN5],Cercopithifilaria johnstoni (PRJEB47283),protein_coding,cejohnprjeb47283
CJOHNSTONI_LOCUS1266,rna-CJOHNSTONI_LOCUS1266,537,protein_coding,Potassium voltage-gated channel subfamily B member 2  [Source:UniProtKB/TrEMBL;Acc:A0A8J2MJJ9],Cercopithifilaria johnstoni (PRJEB47283),protein_coding,cejohnprjeb47283
CJOHNSTONI_LOCUS2555,rna-CJOHNSTONI_LOCUS2555,290,protein_coding,Med12 domain-containing protein  [Source:UniProtKB/TrEMBL;Acc:A0A8J2LS30],Cercopithifilaria johnstoni (PRJEB47283),protein_coding,cejohnprjeb47283
CJOHNSTONI_LOCUS3056,rna-CJOHNSTONI_LOCUS3056,274,protein_coding,PDZ domain-containing protein  [Source:UniProtKB/TrEMBL;Acc:A0A8J2M0Z5],Cercopithifilaria johnstoni (PRJEB47283),protein_coding,cejohnprjeb47283
CJOHNSTONI_LOCUS4984,rna-CJOHNSTONI_LOCUS4984,199,protein_coding,ShTK domain protein  [Source:UniProtKB/TrEMBL;Acc:A0A8J2M4D2],Cercopithifilaria johnstoni (PRJEB47283),protein_coding,cejohnprjeb47283
CJOHNSTONI_LOCUS8650,rna-CJOHNSTONI_LOCUS8650,131,protein_coding,CD8+ T cell target antigen Tp1  [Source:UniProtKB/TrEMBL;Acc:A0A8J2M3A5],Cercopithifilaria johnstoni (PRJEB47283),protein_coding,cejohnprjeb47283
CJOHNSTONI_LOCUS5203,rna-CJOHNSTONI_LOCUS5203,438,protein_coding,MADF domain-containing protein  [Source:UniProtKB/TrEMBL;Acc:A0A8J2Q447],Cercopithifilaria johnstoni (PRJEB47283),protein_coding,cejohnprjeb47283
CJOHNSTONI_LOCUS825,rna-CJOHNSTONI_LOCUS825,382,protein_coding,Trehalase  [Source:UniProtKB/TrEMBL;Acc:A0A8J2LZD7],Cercopithifilaria johnstoni (PRJEB47283),protein_coding,cejohnprjeb47283
CJOHNSTONI_LOCUS9635,rna-CJOHNSTONI_LOCUS9635,247,protein_coding,E3 SUMO-protein ligase NSE2  [Source:UniProtKB/TrEMBL;Acc:A0A8J2ME95],Cercopithifilaria johnstoni (PRJEB47283),protein_coding,cejohnprjeb47283
CJOHNSTONI_LOCUS2011,rna-CJOHNSTONI_LOCUS2011,280,protein_coding,PlsC domain-containing protein  [Source:UniProtKB/TrEMBL;Acc:A0A8J2LNV8],Cercopithifilaria johnstoni (PRJEB47283),protein_coding,cejohnprjeb47283
CJOHNSTONI_LOCUS5376,rna-CJOHNSTONI_LOCUS5376,247,protein_coding,Protein quiver  [Source:UniProtKB/TrEMBL;Acc:A0A8J2Q0M2],Cercopithifilaria johnstoni (PRJEB47283),protein_coding,cejohnprjeb47283
CJOHNSTONI_LOCUS624,rna-CJOHNSTONI_LOCUS624,236,protein_coding,Collagen-like protein  [Source:UniProtKB/TrEMBL;Acc:A0A8J2MHQ6],Cercopithifilaria johnstoni (PRJEB47283),protein_coding,cejohnprjeb47283
CJOHNSTONI_LOCUS1235,rna-CJOHNSTONI_LOCUS1235,233,protein_coding,TRAF3-interacting protein 1  [Source:UniProtKB/TrEMBL;Acc:A0A8J2LPT4],Cercopithifilaria johnstoni (PRJEB47283),protein_coding,cejohnprjeb47283
CJOHNSTONI_LOCUS5091,rna-CJOHNSTONI_LOCUS5091,401,protein_coding,BHLH domain-containing protein  [Source:UniProtKB/TrEMBL;Acc:A0A8J2M6Q4],Cercopithifilaria johnstoni (PRJEB47283),protein_coding,cejohnprjeb47283
CJOHNSTONI_LOCUS9017,rna-CJOHNSTONI_LOCUS9017,249,protein_coding,Dystroglycan  [Source:UniProtKB/TrEMBL;Acc:A0A8J2Q3K5],Cercopithifilaria johnstoni (PRJEB47283),protein_coding,cejohnprjeb47283
CJOHNSTONI_LOCUS8384,rna-CJOHNSTONI_LOCUS8384,237,protein_coding,Membrane spanning protein  [Source:UniProtKB/TrEMBL;Acc:A0A8J2M2V3],Cercopithifilaria johnstoni (PRJEB47283),protein_coding,cejohnprjeb47283
CJOHNSTONI_LOCUS4956,rna-CJOHNSTONI_LOCUS4956,229,protein_coding,Neur_chan_LBD domain-containing protein  [Source:UniProtKB/TrEMBL;Acc:A0A8J2M3W0],Cercopithifilaria johnstoni (PRJEB47283),protein_coding,cejohnprjeb47283
CJOHNSTONI_LOCUS1711,rna-CJOHNSTONI_LOCUS1711,218,protein_coding,Transmembrane protein 98  [Source:UniProtKB/TrEMBL;Acc:A0A8J2LQI9],Cercopithifilaria johnstoni (PRJEB47283),protein_coding,cejohnprjeb47283
CJOHNSTONI_LOCUS5490,rna-CJOHNSTONI_LOCUS5490,214,protein_coding,Col_cuticle_N domain-containing protein  [Source:UniProtKB/TrEMBL;Acc:A0A8J2Q4D8],Cercopithifilaria johnstoni (PRJEB47283),protein_coding,cejohnprjeb47283
CJOHNSTONI_LOCUS414,rna-CJOHNSTONI_LOCUS414,206,protein_coding,RWD domain-containing protein  [Source:UniProtKB/TrEMBL;Acc:A0A8J2PPJ8],Cercopithifilaria johnstoni (PRJEB47283),protein_coding,cejohnprjeb47283
CJOHNSTONI_LOCUS3945,rna-CJOHNSTONI_LOCUS3945,327,protein_coding,ZT_dimer domain-containing protein  [Source:UniProtKB/TrEMBL;Acc:A0A8J2MMK2],Cercopithifilaria johnstoni (PRJEB47283),protein_coding,cejohnprjeb47283
CJOHNSTONI_LOCUS5122,rna-CJOHNSTONI_LOCUS5122,202,protein_coding,SAM_MT_RSMB_NOP domain-containing protein  [Source:UniProtKB/TrEMBL;Acc:A0A8J2M475],Cercopithifilaria johnstoni (PRJEB47283),protein_coding,cejohnprjeb47283
CJOHNSTONI_LOCUS6641,rna-CJOHNSTONI_LOCUS6641,242,protein_coding,SSD domain-containing protein  [Source:UniProtKB/TrEMBL;Acc:A0A8J2Q855],Cercopithifilaria johnstoni (PRJEB47283),protein_coding,cejohnprjeb47283
CJOHNSTONI_LOCUS8871,rna-CJOHNSTONI_LOCUS8871,220,protein_coding,Glyco_transf_20 domain-containing protein  [Source:UniProtKB/TrEMBL;Acc:A0A8J2MCD7],Cercopithifilaria johnstoni (PRJEB47283),protein_coding,cejohnprjeb47283
CJOHNSTONI_LOCUS2139,rna-CJOHNSTONI_LOCUS2139,201,protein_coding,Metalloendopeptidase  [Source:UniProtKB/TrEMBL;Acc:A0A8J2PX76],Cercopithifilaria johnstoni (PRJEB47283),protein_coding,cejohnprjeb47283
CJOHNSTONI_LOCUS2202,rna-CJOHNSTONI_LOCUS2202,200,protein_coding,Liprin-alpha-1  [Source:UniProtKB/TrEMBL;Acc:A0A8J2LX49],Cercopithifilaria johnstoni (PRJEB47283),protein_coding,cejohnprjeb47283
CJOHNSTONI_LOCUS7310,rna-CJOHNSTONI_LOCUS7310,235,protein_coding,Malate dehydrogenase  [Source:UniProtKB/TrEMBL;Acc:A0A8J2MRA9],Cercopithifilaria johnstoni (PRJEB47283),protein_coding,cejohnprjeb47283
CJOHNSTONI_LOCUS2975,rna-CJOHNSTONI_LOCUS2975,184,protein_coding,Protein-lysine N-methyltransferase CJOHNSTONI_LOCUS2975  [Source:UniProtKB/TrEMBL;Acc:A0A8J2M0Q7],Cercopithifilaria johnstoni (PRJEB47283),protein_coding,cejohnprjeb47283
CJOHNSTONI_LOCUS6691,rna-CJOHNSTONI_LOCUS6691,166,protein_coding,RBM39linker domain-containing protein  [Source:UniProtKB/TrEMBL;Acc:A0A8J2M9N4],Cercopithifilaria johnstoni (PRJEB47283),protein_coding,cejohnprjeb47283
CJOHNSTONI_LOCUS9989,rna-CJOHNSTONI_LOCUS9989,80,protein_coding,Conserved domain protein  [Source:UniProtKB/TrEMBL;Acc:A0A8J2M5G9],Cercopithifilaria johnstoni (PRJEB47283),protein_coding,cejohnprjeb47283
CJOHNSTONI_LOCUS5887,rna-CJOHNSTONI_LOCUS5887,418,protein_coding,BMA-SAS-4  [Source:UniProtKB/TrEMBL;Acc:A0A8J2MPP2],Cercopithifilaria johnstoni (PRJEB47283),protein_coding,cejohnprjeb47283
CJOHNSTONI_LOCUS5799,rna-CJOHNSTONI_LOCUS5799,287,protein_coding,C2 domain-containing protein  [Source:UniProtKB/TrEMBL;Acc:A0A8J2MPJ7],Cercopithifilaria johnstoni (PRJEB47283),protein_coding,cejohnprjeb47283
CJOHNSTONI_LOCUS299,rna-CJOHNSTONI_LOCUS299,1031,protein_coding,Zinc finger protein  [Source:UniProtKB/TrEMBL;Acc:A0A8J2LVK0],Cercopithifilaria johnstoni (PRJEB47283),protein_coding,cejohnprjeb47283
CJOHNSTONI_LOCUS3759,rna-CJOHNSTONI_LOCUS3759,248,protein_coding,Protein kinase domain-containing protein  [Source:UniProtKB/TrEMBL;Acc:A0A8J2LUK1],Cercopithifilaria johnstoni (PRJEB47283),protein_coding,cejohnprjeb47283
CJOHNSTONI_LOCUS5135,rna-CJOHNSTONI_LOCUS5135,208,protein_coding,VWFA domain-containing protein  [Source:UniProtKB/TrEMBL;Acc:A0A8J2M4P8],Cercopithifilaria johnstoni (PRJEB47283),protein_coding,cejohnprjeb47283
CJOHNSTONI_LOCUS6516,rna-CJOHNSTONI_LOCUS6516,244,protein_coding,RING-type domain-containing protein  [Source:UniProtKB/TrEMBL;Acc:A0A8J2M7N9],Cercopithifilaria johnstoni (PRJEB47283),protein_coding,cejohnprjeb47283
CJOHNSTONI_LOCUS9061,rna-CJOHNSTONI_LOCUS9061,346,protein_coding,HATPase_c domain-containing protein  [Source:UniProtKB/TrEMBL;Acc:A0A8J2QB14],Cercopithifilaria johnstoni (PRJEB47283),protein_coding,cejohnprjeb47283
CJOHNSTONI_LOCUS9470,rna-CJOHNSTONI_LOCUS9470,234,protein_coding,F-box domain-containing protein  [Source:UniProtKB/TrEMBL;Acc:A0A8J2MFR4],Cercopithifilaria johnstoni (PRJEB47283),protein_coding,cejohnprjeb47283
CJOHNSTONI_LOCUS2854,rna-CJOHNSTONI_LOCUS2854,221,protein_coding,P-type Cu(+) transporter  [Source:UniProtKB/TrEMBL;Acc:A0A8J2Q227],Cercopithifilaria johnstoni (PRJEB47283),protein_coding,cejohnprjeb47283
CJOHNSTONI_LOCUS7445,rna-CJOHNSTONI_LOCUS7445,281,protein_coding,One cut domain family member  [Source:UniProtKB/TrEMBL;Acc:A0A8J2M9V0],Cercopithifilaria johnstoni (PRJEB47283),protein_coding,cejohnprjeb47283
CJOHNSTONI_LOCUS6273,rna-CJOHNSTONI_LOCUS6273,765,protein_coding,inorganic diphosphatase  [Source:UniProtKB/TrEMBL;Acc:A0A8J2M726],Cercopithifilaria johnstoni (PRJEB47283),protein_coding,cejohnprjeb47283
CJOHNSTONI_LOCUS7064,rna-CJOHNSTONI_LOCUS7064,447,protein_coding,Zinc finger protein 330 homolog  [Source:UniProtKB/TrEMBL;Acc:A0A8J2PVA9],Cercopithifilaria johnstoni (PRJEB47283),protein_coding,cejohnprjeb47283
CJOHNSTONI_LOCUS9815,rna-CJOHNSTONI_LOCUS9815,217,protein_coding,IPT/TIG domain-containing protein  [Source:UniProtKB/TrEMBL;Acc:A0A8J2MV19],Cercopithifilaria johnstoni (PRJEB47283),protein_coding,cejohnprjeb47283
CJOHNSTONI_LOCUS6472,rna-CJOHNSTONI_LOCUS6472,205,protein_coding,KH type-2 domain-containing protein  [Source:UniProtKB/TrEMBL;Acc:A0A8J2MQC7],Cercopithifilaria johnstoni (PRJEB47283),protein_coding,cejohnprjeb47283
CJOHNSTONI_LOCUS2446,rna-CJOHNSTONI_LOCUS2446,111,protein_coding,Transposase  [Source:UniProtKB/TrEMBL;Acc:A0A8J2LZV0],Cercopithifilaria johnstoni (PRJEB47283),protein_coding,cejohnprjeb47283
CJOHNSTONI_LOCUS4740,rna-CJOHNSTONI_LOCUS4740,206,protein_coding,Serine carboxypeptidase  [Source:UniProtKB/TrEMBL;Acc:A0A8J2M3W3],Cercopithifilaria johnstoni (PRJEB47283),protein_coding,cejohnprjeb47283
CJOHNSTONI_LOCUS2884,rna-CJOHNSTONI_LOCUS2884,211,protein_coding,Methyltranfer_dom domain-containing protein  [Source:UniProtKB/TrEMBL;Acc:A0A8J2PRP3],Cercopithifilaria johnstoni (PRJEB47283),protein_coding,cejohnprjeb47283
CJOHNSTONI_LOCUS7283,rna-CJOHNSTONI_LOCUS7283,238,protein_coding,Saposin B-type domain-containing protein  [Source:UniProtKB/TrEMBL;Acc:A0A8J2MR99],Cercopithifilaria johnstoni (PRJEB47283),protein_coding,cejohnprjeb47283
CJOHNSTONI_LOCUS5257,rna-CJOHNSTONI_LOCUS5257,569,protein_coding,KH domain-containing protein  [Source:UniProtKB/TrEMBL;Acc:A0A8J2PTP3],Cercopithifilaria johnstoni (PRJEB47283),protein_coding,cejohnprjeb47283
CJOHNSTONI_LOCUS6089,rna-CJOHNSTONI_LOCUS6089,333,protein_coding,BPTI/Kunitz inhibitor domain-containing protein  [Source:UniProtKB/TrEMBL;Acc:A0A8J2Q1A5],Cercopithifilaria johnstoni (PRJEB47283),protein_coding,cejohnprjeb47283
CJOHNSTONI_LOCUS5686,rna-CJOHNSTONI_LOCUS5686,292,protein_coding,60S ribosomal protein L17  [Source:UniProtKB/TrEMBL;Acc:A0A8J2M5I8],Cercopithifilaria johnstoni (PRJEB47283),protein_coding,cejohnprjeb47283
CJOHNSTONI_LOCUS5786,rna-CJOHNSTONI_LOCUS5786,194,protein_coding,Pur_ac_phosph_N domain-containing protein  [Source:UniProtKB/TrEMBL;Acc:A0A8J2M6E1],Cercopithifilaria johnstoni (PRJEB47283),protein_coding,cejohnprjeb47283
CJOHNSTONI_LOCUS2180,rna-CJOHNSTONI_LOCUS2180,273,protein_coding,Glucosamine 6-phosphate N-acetyltransferase  [Source:UniProtKB/TrEMBL;Acc:A0A8J2Q4G8],Cercopithifilaria johnstoni (PRJEB47283),protein_coding,cejohnprjeb47283
CJOHNSTONI_LOCUS7410,rna-CJOHNSTONI_LOCUS7410,170,protein_coding,F-box domain-containing protein  [Source:UniProtKB/TrEMBL;Acc:A0A8J2Q8H4],Cercopithifilaria johnstoni (PRJEB47283),protein_coding,cejohnprjeb47283
CJOHNSTONI_LOCUS10214,rna-CJOHNSTONI_LOCUS10214,273,protein_coding,TLC domain-containing protein  [Source:UniProtKB/TrEMBL;Acc:A0A8J2MFC4],Cercopithifilaria johnstoni (PRJEB47283),protein_coding,cejohnprjeb47283
CJOHNSTONI_LOCUS6482,rna-CJOHNSTONI_LOCUS6482,164,protein_coding,DUF155 domain-containing protein  [Source:UniProtKB/TrEMBL;Acc:A0A8J2M069],Cercopithifilaria johnstoni (PRJEB47283),protein_coding,cejohnprjeb47283
CJOHNSTONI_LOCUS2326,rna-CJOHNSTONI_LOCUS2326,143,protein_coding,Conserved oligomeric Golgi complex subunit 6  [Source:UniProtKB/TrEMBL;Acc:A0A8J2Q4L5],Cercopithifilaria johnstoni (PRJEB47283),protein_coding,cejohnprjeb47283
CJOHNSTONI_LOCUS3171,rna-CJOHNSTONI_LOCUS3171,251,protein_coding,THAP-type domain-containing protein  [Source:UniProtKB/TrEMBL;Acc:A0A8J2M179],Cercopithifilaria johnstoni (PRJEB47283),protein_coding,cejohnprjeb47283
CJOHNSTONI_LOCUS7211,rna-CJOHNSTONI_LOCUS7211,221,protein_coding,BAG family molecular chaperone regulator 2  [Source:UniProtKB/TrEMBL;Acc:A0A8J2Q270],Cercopithifilaria johnstoni (PRJEB47283),protein_coding,cejohnprjeb47283
CJOHNSTONI_LOCUS9130,rna-CJOHNSTONI_LOCUS9130,177,protein_coding,Reverse transcriptase  [Source:UniProtKB/TrEMBL;Acc:A0A8J2QB19],Cercopithifilaria johnstoni (PRJEB47283),protein_coding,cejohnprjeb47283
CJOHNSTONI_LOCUS8806,rna-CJOHNSTONI_LOCUS8806,944,protein_coding,Nuclear receptor domain-containing protein  [Source:UniProtKB/TrEMBL;Acc:A0A8J2MB19],Cercopithifilaria johnstoni (PRJEB47283),protein_coding,cejohnprjeb47283
CJOHNSTONI_LOCUS4453,rna-CJOHNSTONI_LOCUS4453,149,protein_coding,Small nuclear ribonucleoprotein G  [Source:UniProtKB/TrEMBL;Acc:A0A8J2MML8],Cercopithifilaria johnstoni (PRJEB47283),protein_coding,cejohnprjeb47283
CJOHNSTONI_LOCUS3871,rna-CJOHNSTONI_LOCUS3871,211,protein_coding,Pre-mRNA-splicing factor SLU7  [Source:UniProtKB/TrEMBL;Acc:A0A8J2LS67],Cercopithifilaria johnstoni (PRJEB47283),protein_coding,cejohnprjeb47283
CJOHNSTONI_LOCUS764,rna-CJOHNSTONI_LOCUS764,363,protein_coding,Homeobox domain-containing protein  [Source:UniProtKB/TrEMBL;Acc:A0A8J2LUV6],Cercopithifilaria johnstoni (PRJEB47283),protein_coding,cejohnprjeb47283
CJOHNSTONI_LOCUS2466,rna-CJOHNSTONI_LOCUS2466,215,protein_coding,GTP-binding nuclear protein  [Source:UniProtKB/TrEMBL;Acc:A0A8J2Q4R1],Cercopithifilaria johnstoni (PRJEB47283),protein_coding,cejohnprjeb47283
CJOHNSTONI_LOCUS4268,rna-CJOHNSTONI_LOCUS4268,291,protein_coding,INB domain-containing protein  [Source:UniProtKB/TrEMBL;Acc:A0A8J2M2H7],Cercopithifilaria johnstoni (PRJEB47283),protein_coding,cejohnprjeb47283
CJOHNSTONI_LOCUS1657,rna-CJOHNSTONI_LOCUS1657,278,protein_coding,Peptidase A1 domain-containing protein  [Source:UniProtKB/TrEMBL;Acc:A0A8J2M172],Cercopithifilaria johnstoni (PRJEB47283),protein_coding,cejohnprjeb47283
CJOHNSTONI_LOCUS106,rna-CJOHNSTONI_LOCUS106,203,protein_coding,Ovule protein  [Source:UniProtKB/TrEMBL;Acc:A0A8J2PPA8],Cercopithifilaria johnstoni (PRJEB47283),protein_coding,cejohnprjeb47283
CJOHNSTONI_LOCUS7345,rna-CJOHNSTONI_LOCUS7345,197,protein_coding,DUF775 domain-containing protein  [Source:UniProtKB/TrEMBL;Acc:A0A8J2M891],Cercopithifilaria johnstoni (PRJEB47283),protein_coding,cejohnprjeb47283
CJOHNSTONI_LOCUS9015,rna-CJOHNSTONI_LOCUS9015,194,protein_coding,DUF148 domain-containing protein  [Source:UniProtKB/TrEMBL;Acc:A0A8J2PXU4],Cercopithifilaria johnstoni (PRJEB47283),protein_coding,cejohnprjeb47283
CJOHNSTONI_LOCUS9385,rna-CJOHNSTONI_LOCUS9385,194,protein_coding,ANK_REP_REGION domain-containing protein  [Source:UniProtKB/TrEMBL;Acc:A0A8J2MFL4],Cercopithifilaria johnstoni (PRJEB47283),protein_coding,cejohnprjeb47283
CJOHNSTONI_LOCUS7237,rna-CJOHNSTONI_LOCUS7237,245,protein_coding,Calponin-homology (CH) domain-containing protein  [Source:UniProtKB/TrEMBL;Acc:A0A8J2Q8E9],Cercopithifilaria johnstoni (PRJEB47283),protein_coding,cejohnprjeb47283
CJOHNSTONI_LOCUS5238,rna-CJOHNSTONI_LOCUS5238,218,protein_coding,PUM-HD domain-containing protein  [Source:UniProtKB/TrEMBL;Acc:A0A8J2MNW5],Cercopithifilaria johnstoni (PRJEB47283),protein_coding,cejohnprjeb47283
CJOHNSTONI_LOCUS4312,rna-CJOHNSTONI_LOCUS4312,186,protein_coding,60S ribosomal protein L35a  [Source:UniProtKB/TrEMBL;Acc:A0A8J2M2K8],Cercopithifilaria johnstoni (PRJEB47283),protein_coding,cejohnprjeb47283
CJOHNSTONI_LOCUS10493,rna-CJOHNSTONI_LOCUS10493,226,protein_coding,Calpain catalytic domain-containing protein  [Source:UniProtKB/TrEMBL;Acc:A0A8J2MDN1],Cercopithifilaria johnstoni (PRJEB47283),protein_coding,cejohnprjeb47283
CJOHNSTONI_LOCUS1213,rna-CJOHNSTONI_LOCUS1213,227,protein_coding,VWFA domain-containing protein  [Source:UniProtKB/TrEMBL;Acc:A0A8J2M066],Cercopithifilaria johnstoni (PRJEB47283),protein_coding,cejohnprjeb47283
CJOHNSTONI_LOCUS9506,rna-CJOHNSTONI_LOCUS9506,226,protein_coding,Intraflagellar transport protein 122 homolog  [Source:UniProtKB/TrEMBL;Acc:A0A8J2M5X0],Cercopithifilaria johnstoni (PRJEB47283),protein_coding,cejohnprjeb47283
CJOHNSTONI_LOCUS2074,rna-CJOHNSTONI_LOCUS2074,362,protein_coding,Four helix bundle protein  [Source:UniProtKB/TrEMBL;Acc:A0A8J2LZ42],Cercopithifilaria johnstoni (PRJEB47283),protein_coding,cejohnprjeb47283
CJOHNSTONI_LOCUS4489,rna-CJOHNSTONI_LOCUS4489,299,protein_coding,Prostatic acid phosphatase  [Source:UniProtKB/TrEMBL;Acc:A0A8J2Q3B4],Cercopithifilaria johnstoni (PRJEB47283),protein_coding,cejohnprjeb47283
CJOHNSTONI_LOCUS8282,rna-CJOHNSTONI_LOCUS8282,174,protein_coding,BRCT domain-containing protein  [Source:UniProtKB/TrEMBL;Acc:A0A8J2MBN7],Cercopithifilaria johnstoni (PRJEB47283),protein_coding,cejohnprjeb47283
CJOHNSTONI_LOCUS4030,rna-CJOHNSTONI_LOCUS4030,140,protein_coding,Ribonuclease kappa  [Source:UniProtKB/TrEMBL;Acc:A0A8J2M530],Cercopithifilaria johnstoni (PRJEB47283),protein_coding,cejohnprjeb47283
CJOHNSTONI_LOCUS7846,rna-CJOHNSTONI_LOCUS7846,503,protein_coding,Zinc finger protein  [Source:UniProtKB/TrEMBL;Acc:A0A8J2MAM3],Cercopithifilaria johnstoni (PRJEB47283),protein_coding,cejohnprjeb47283
CJOHNSTONI_LOCUS2208,rna-CJOHNSTONI_LOCUS2208,359,protein_coding,Retrovirus-related Pol polyprotein from transposon TNT 1-94  [Source:UniProtKB/TrEMBL;Acc:A0A8J2PXH2],Cercopithifilaria johnstoni (PRJEB47283),protein_coding,cejohnprjeb47283
CJOHNSTONI_LOCUS1237,rna-CJOHNSTONI_LOCUS1237,250,protein_coding,BPI2 domain-containing protein  [Source:UniProtKB/TrEMBL;Acc:A0A8J2MIQ5],Cercopithifilaria johnstoni (PRJEB47283),protein_coding,cejohnprjeb47283
CJOHNSTONI_LOCUS7703,rna-CJOHNSTONI_LOCUS7703,405,protein_coding,Spectrin beta chain  [Source:UniProtKB/TrEMBL;Acc:A0A8J2PWB8],Cercopithifilaria johnstoni (PRJEB47283),protein_coding,cejohnprjeb47283
CJOHNSTONI_LOCUS734,rna-CJOHNSTONI_LOCUS734,219,protein_coding,Oxysterol-binding protein  [Source:UniProtKB/TrEMBL;Acc:A0A8J2LUN3],Cercopithifilaria johnstoni (PRJEB47283),protein_coding,cejohnprjeb47283
CJOHNSTONI_LOCUS5245,rna-CJOHNSTONI_LOCUS5245,617,protein_coding,CXXC-type domain-containing protein  [Source:UniProtKB/TrEMBL;Acc:A0A8J2Q459],Cercopithifilaria johnstoni (PRJEB47283),protein_coding,cejohnprjeb47283
CJOHNSTONI_LOCUS8976,rna-CJOHNSTONI_LOCUS8976,236,protein_coding,Protein tweety homolog  [Source:UniProtKB/TrEMBL;Acc:A0A8J2PXT2],Cercopithifilaria johnstoni (PRJEB47283),protein_coding,cejohnprjeb47283
CJOHNSTONI_LOCUS4074,rna-CJOHNSTONI_LOCUS4074,197,protein_coding,FACT complex subunit SSRP1  [Source:UniProtKB/TrEMBL;Acc:A0A8J2M278],Cercopithifilaria johnstoni (PRJEB47283),protein_coding,cejohnprjeb47283
CJOHNSTONI_LOCUS1164,rna-CJOHNSTONI_LOCUS1164,197,protein_coding,Transgelin  [Source:UniProtKB/TrEMBL;Acc:A0A8J2LPM9],Cercopithifilaria johnstoni (PRJEB47283),protein_coding,cejohnprjeb47283
CJOHNSTONI_LOCUS2681,rna-CJOHNSTONI_LOCUS2681,205,protein_coding,t-SNARE coiled-coil homology domain-containing protein  [Source:UniProtKB/TrEMBL;Acc:A0A8J2LYR5],Cercopithifilaria johnstoni (PRJEB47283),protein_coding,cejohnprjeb47283
CJOHNSTONI_LOCUS8457,rna-CJOHNSTONI_LOCUS8457,962,protein_coding,RCC1 domain-containing protein 1  [Source:UniProtKB/TrEMBL;Acc:A0A8J2MC16],Cercopithifilaria johnstoni (PRJEB47283),protein_coding,cejohnprjeb47283
CJOHNSTONI_LOCUS2944,rna-CJOHNSTONI_LOCUS2944,143,protein_coding,Histone deacetylase complex subunit SAP18  [Source:UniProtKB/TrEMBL;Acc:A0A8J2MKY5],Cercopithifilaria johnstoni (PRJEB47283),protein_coding,cejohnprjeb47283
CJOHNSTONI_LOCUS3917,rna-CJOHNSTONI_LOCUS3917,233,protein_coding,Amino acid transporter  [Source:UniProtKB/TrEMBL;Acc:A0A8J2M4W0],Cercopithifilaria johnstoni (PRJEB47283),protein_coding,cejohnprjeb47283
CJOHNSTONI_LOCUS2320,rna-CJOHNSTONI_LOCUS2320,236,protein_coding,Cytoplasmic tRNA 2-thiolation protein 2  [Source:UniProtKB/TrEMBL;Acc:A0A8J2LPE0],Cercopithifilaria johnstoni (PRJEB47283),protein_coding,cejohnprjeb47283
CJOHNSTONI_LOCUS3035,rna-CJOHNSTONI_LOCUS3035,278,protein_coding,Mediator of RNA polymerase II transcription subunit 8  [Source:UniProtKB/TrEMBL;Acc:A0A8J2M0M5],Cercopithifilaria johnstoni (PRJEB47283),protein_coding,cejohnprjeb47283
CJOHNSTONI_LOCUS5871,rna-CJOHNSTONI_LOCUS5871,186,protein_coding,,Cercopithifilaria johnstoni (PRJEB47283),protein_coding,cejohnprjeb47283
CJOHNSTONI_LOCUS6920,rna-CJOHNSTONI_LOCUS6920,302,protein_coding,BHLH domain-containing protein  [Source:UniProtKB/TrEMBL;Acc:A0A8J2M0Q2],Cercopithifilaria johnstoni (PRJEB47283),protein_coding,cejohnprjeb47283
CJOHNSTONI_LOCUS7152,rna-CJOHNSTONI_LOCUS7152,294,protein_coding,Peroxisome assembly factor 2  [Source:UniProtKB/TrEMBL;Acc:A0A8J2M914],Cercopithifilaria johnstoni (PRJEB47283),protein_coding,cejohnprjeb47283
CJOHNSTONI_LOCUS2556,rna-CJOHNSTONI_LOCUS2556,264,protein_coding,Nuclear pore complex protein Nup85  [Source:UniProtKB/TrEMBL;Acc:A0A8J2LY65],Cercopithifilaria johnstoni (PRJEB47283),protein_coding,cejohnprjeb47283
CJOHNSTONI_LOCUS6468,rna-CJOHNSTONI_LOCUS6468,254,protein_coding,26S proteasome non-ATPase regulatory subunit 2  [Source:UniProtKB/TrEMBL;Acc:A0A8J2QAH3],Cercopithifilaria johnstoni (PRJEB47283),protein_coding,cejohnprjeb47283
CJOHNSTONI_LOCUS6101,rna-CJOHNSTONI_LOCUS6101,325,protein_coding,LisH domain-containing protein  [Source:UniProtKB/TrEMBL;Acc:A0A8J2PUE1],Cercopithifilaria johnstoni (PRJEB47283),protein_coding,cejohnprjeb47283
CJOHNSTONI_LOCUS2254,rna-CJOHNSTONI_LOCUS2254,206,protein_coding,UPAR/Ly6 domain-containing protein  [Source:UniProtKB/TrEMBL;Acc:A0A8J2LRH0],Cercopithifilaria johnstoni (PRJEB47283),protein_coding,cejohnprjeb47283
CJOHNSTONI_LOCUS1568,rna-CJOHNSTONI_LOCUS1568,161,protein_coding,Collagen-like protein  [Source:UniProtKB/TrEMBL;Acc:A0A8J2Q8N2],Cercopithifilaria johnstoni (PRJEB47283),protein_coding,cejohnprjeb47283
CJOHNSTONI_LOCUS4239,rna-CJOHNSTONI_LOCUS4239,221,protein_coding,Transmembrane protein  [Source:UniProtKB/TrEMBL;Acc:A0A8J2MMU4],Cercopithifilaria johnstoni (PRJEB47283),protein_coding,cejohnprjeb47283
CJOHNSTONI_LOCUS10498,rna-CJOHNSTONI_LOCUS10498,150,protein_coding,Clathrin assembly protein  [Source:UniProtKB/TrEMBL;Acc:A0A8J2M6B0],Cercopithifilaria johnstoni (PRJEB47283),protein_coding,cejohnprjeb47283
CJOHNSTONI_LOCUS8501,rna-CJOHNSTONI_LOCUS8501,139,protein_coding,TspO/MBR family protein  [Source:UniProtKB/TrEMBL;Acc:A0A8J2MC47],Cercopithifilaria johnstoni (PRJEB47283),protein_coding,cejohnprjeb47283
CJOHNSTONI_LOCUS3406,rna-CJOHNSTONI_LOCUS3406,170,protein_coding,Ion_trans_2 domain-containing protein  [Source:UniProtKB/TrEMBL;Acc:A0A8J2M3X8],Cercopithifilaria johnstoni (PRJEB47283),protein_coding,cejohnprjeb47283
CJOHNSTONI_LOCUS3193,rna-CJOHNSTONI_LOCUS3193,168,protein_coding,BAR domain-containing protein  [Source:UniProtKB/TrEMBL;Acc:A0A8J2Q9F6],Cercopithifilaria johnstoni (PRJEB47283),protein_coding,cejohnprjeb47283
CJOHNSTONI_LOCUS8145,rna-CJOHNSTONI_LOCUS8145,296,protein_coding,Rho-GAP domain-containing protein  [Source:UniProtKB/TrEMBL;Acc:A0A8J2M9U9],Cercopithifilaria johnstoni (PRJEB47283),protein_coding,cejohnprjeb47283
CJOHNSTONI_LOCUS7684,rna-CJOHNSTONI_LOCUS7684,278,protein_coding,Hypoxia up-regulated protein 1  [Source:UniProtKB/TrEMBL;Acc:A0A8J2MBM6],Cercopithifilaria johnstoni (PRJEB47283),protein_coding,cejohnprjeb47283
CJOHNSTONI_LOCUS855,rna-CJOHNSTONI_LOCUS855,107,protein_coding,U4/U6.U5 small nuclear ribonucleoprotein 27 kDa protein  [Source:UniProtKB/TrEMBL;Acc:A0A8J2Q3G9],Cercopithifilaria johnstoni (PRJEB47283),protein_coding,cejohnprjeb47283
CJOHNSTONI_LOCUS3100,rna-CJOHNSTONI_LOCUS3100,245,protein_coding,DUF3480 domain-containing protein  [Source:UniProtKB/TrEMBL;Acc:A0A8J2M0I4],Cercopithifilaria johnstoni (PRJEB47283),protein_coding,cejohnprjeb47283
CJOHNSTONI_LOCUS7031,rna-CJOHNSTONI_LOCUS7031,237,protein_coding,Glucosidase 2 subunit beta  [Source:UniProtKB/TrEMBL;Acc:A0A8J2M8Y6],Cercopithifilaria johnstoni (PRJEB47283),protein_coding,cejohnprjeb47283
CJOHNSTONI_LOCUS534,rna-CJOHNSTONI_LOCUS534,183,protein_coding,Plasminogen receptor (KT)  [Source:UniProtKB/TrEMBL;Acc:A0A8J2PPN3],Cercopithifilaria johnstoni (PRJEB47283),protein_coding,cejohnprjeb47283
CJOHNSTONI_LOCUS8179,rna-CJOHNSTONI_LOCUS8179,197,protein_coding,Activin_recp domain-containing protein  [Source:UniProtKB/TrEMBL;Acc:A0A8J2M397],Cercopithifilaria johnstoni (PRJEB47283),protein_coding,cejohnprjeb47283
CJOHNSTONI_LOCUS2424,rna-CJOHNSTONI_LOCUS2424,239,protein_coding,,Cercopithifilaria johnstoni (PRJEB47283),protein_coding,cejohnprjeb47283
CJOHNSTONI_LOCUS8351,rna-CJOHNSTONI_LOCUS8351,353,protein_coding,,Cercopithifilaria johnstoni (PRJEB47283),protein_coding,cejohnprjeb47283
CJOHNSTONI_LOCUS3596,rna-CJOHNSTONI_LOCUS3596,496,protein_coding,Crossover junction endonuclease MUS81  [Source:UniProtKB/TrEMBL;Acc:A0A8J2MLL1],Cercopithifilaria johnstoni (PRJEB47283),protein_coding,cejohnprjeb47283
CJOHNSTONI_LOCUS7706,rna-CJOHNSTONI_LOCUS7706,218,protein_coding,SAM domain-containing protein  [Source:UniProtKB/TrEMBL;Acc:A0A8J2QAR5],Cercopithifilaria johnstoni (PRJEB47283),protein_coding,cejohnprjeb47283
CJOHNSTONI_LOCUS9372,rna-CJOHNSTONI_LOCUS9372,191,protein_coding,tRNA-intron lyase  [Source:UniProtKB/TrEMBL;Acc:A0A8J2MDH1],Cercopithifilaria johnstoni (PRJEB47283),protein_coding,cejohnprjeb47283
CJOHNSTONI_LOCUS6606,rna-CJOHNSTONI_LOCUS6606,176,protein_coding,RanBP2-type domain-containing protein  [Source:UniProtKB/TrEMBL;Acc:A0A8J2Q1Q7],Cercopithifilaria johnstoni (PRJEB47283),protein_coding,cejohnprjeb47283
CJOHNSTONI_LOCUS8872,rna-CJOHNSTONI_LOCUS8872,311,protein_coding,T6PP_N domain-containing protein  [Source:UniProtKB/TrEMBL;Acc:A0A8J2MD28],Cercopithifilaria johnstoni (PRJEB47283),protein_coding,cejohnprjeb47283
CJOHNSTONI_LOCUS7203,rna-CJOHNSTONI_LOCUS7203,247,protein_coding,IFT81_CH domain-containing protein  [Source:UniProtKB/TrEMBL;Acc:A0A8J2MAQ1],Cercopithifilaria johnstoni (PRJEB47283),protein_coding,cejohnprjeb47283
CJOHNSTONI_LOCUS133,rna-CJOHNSTONI_LOCUS133,230,protein_coding,HELICc2 domain-containing protein  [Source:UniProtKB/TrEMBL;Acc:A0A8J2PPB6],Cercopithifilaria johnstoni (PRJEB47283),protein_coding,cejohnprjeb47283
CJOHNSTONI_LOCUS9020,rna-CJOHNSTONI_LOCUS9020,285,protein_coding,Elongation of very long chain fatty acids protein  [Source:UniProtKB/TrEMBL;Acc:A0A8J2M4Q4],Cercopithifilaria johnstoni (PRJEB47283),protein_coding,cejohnprjeb47283
CJOHNSTONI_LOCUS8085,rna-CJOHNSTONI_LOCUS8085,244,protein_coding,Tubulin-specific chaperone E  [Source:UniProtKB/TrEMBL;Acc:A0A8J2MSL8],Cercopithifilaria johnstoni (PRJEB47283),protein_coding,cejohnprjeb47283
CJOHNSTONI_LOCUS867,rna-CJOHNSTONI_LOCUS867,209,protein_coding,Reduced folate carrier family protein  [Source:UniProtKB/TrEMBL;Acc:A0A8J2Q3H1],Cercopithifilaria johnstoni (PRJEB47283),protein_coding,cejohnprjeb47283
CJOHNSTONI_LOCUS10003,rna-CJOHNSTONI_LOCUS10003,200,protein_coding,Amino_oxidase domain-containing protein  [Source:UniProtKB/TrEMBL;Acc:A0A8J2M7D7],Cercopithifilaria johnstoni (PRJEB47283),protein_coding,cejohnprjeb47283
CJOHNSTONI_LOCUS10322,rna-CJOHNSTONI_LOCUS10322,222,protein_coding,SAM_MT_ERG6_SMT domain-containing protein  [Source:UniProtKB/TrEMBL;Acc:A0A8J2MDE5],Cercopithifilaria johnstoni (PRJEB47283),protein_coding,cejohnprjeb47283
CJOHNSTONI_LOCUS4730,rna-CJOHNSTONI_LOCUS4730,226,protein_coding,Xaa-Pro aminopeptidase 1  [Source:UniProtKB/TrEMBL;Acc:A0A8J2Q3K6],Cercopithifilaria johnstoni (PRJEB47283),protein_coding,cejohnprjeb47283
CJOHNSTONI_LOCUS9578,rna-CJOHNSTONI_LOCUS9578,200,protein_coding,MFS domain-containing protein  [Source:UniProtKB/TrEMBL;Acc:A0A8J2MUA3],Cercopithifilaria johnstoni (PRJEB47283),protein_coding,cejohnprjeb47283
CJOHNSTONI_LOCUS6650,rna-CJOHNSTONI_LOCUS6650,298,protein_coding,RING-type domain-containing protein  [Source:UniProtKB/TrEMBL;Acc:A0A8J2MQN6],Cercopithifilaria johnstoni (PRJEB47283),protein_coding,cejohnprjeb47283
CJOHNSTONI_LOCUS4948,rna-CJOHNSTONI_LOCUS4948,212,protein_coding,Hydrolase_4 domain-containing protein  [Source:UniProtKB/TrEMBL;Acc:A0A8J2LUI6],Cercopithifilaria johnstoni (PRJEB47283),protein_coding,cejohnprjeb47283
CJOHNSTONI_LOCUS7571,rna-CJOHNSTONI_LOCUS7571,241,protein_coding,"Succinate dehydrogenase assembly factor 4, mitochondrial  [Source:UniProtKB/TrEMBL;Acc:A0A8J2M270]",Cercopithifilaria johnstoni (PRJEB47283),protein_coding,cejohnprjeb47283
CJOHNSTONI_LOCUS9878,rna-CJOHNSTONI_LOCUS9878,179,protein_coding,Caffeoyl-CoA O-methyltransferase  [Source:UniProtKB/TrEMBL;Acc:A0A8J2Q485],Cercopithifilaria johnstoni (PRJEB47283),protein_coding,cejohnprjeb47283
CJOHNSTONI_LOCUS1338,rna-CJOHNSTONI_LOCUS1338,171,protein_coding,WD repeat domain phosphoinositide-interacting protein 2  [Source:UniProtKB/TrEMBL;Acc:A0A8J2LVT5],Cercopithifilaria johnstoni (PRJEB47283),protein_coding,cejohnprjeb47283
CJOHNSTONI_LOCUS8963,rna-CJOHNSTONI_LOCUS8963,205,protein_coding,F-box domain-containing protein  [Source:UniProtKB/TrEMBL;Acc:A0A8J2Q3I8],Cercopithifilaria johnstoni (PRJEB47283),protein_coding,cejohnprjeb47283
CJOHNSTONI_LOCUS3735,rna-CJOHNSTONI_LOCUS3735,163,protein_coding,Adenylate kinase isoenzyme 1  [Source:UniProtKB/TrEMBL;Acc:A0A8J2M0Q6],Cercopithifilaria johnstoni (PRJEB47283),protein_coding,cejohnprjeb47283
CJOHNSTONI_LOCUS3529,rna-CJOHNSTONI_LOCUS3529,161,protein_coding,Proteasome subunit alpha type-3  [Source:UniProtKB/TrEMBL;Acc:A0A8J2MM22],Cercopithifilaria johnstoni (PRJEB47283),protein_coding,cejohnprjeb47283
CJOHNSTONI_LOCUS9626,rna-CJOHNSTONI_LOCUS9626,156,protein_coding,Secreted protein  [Source:UniProtKB/TrEMBL;Acc:A0A8J2Q993],Cercopithifilaria johnstoni (PRJEB47283),protein_coding,cejohnprjeb47283
CJOHNSTONI_LOCUS4172,rna-CJOHNSTONI_LOCUS4172,155,protein_coding,,Cercopithifilaria johnstoni (PRJEB47283),protein_coding,cejohnprjeb47283
CJOHNSTONI_LOCUS9916,rna-CJOHNSTONI_LOCUS9916,155,protein_coding,Histone  [Source:UniProtKB/TrEMBL;Acc:A0A8J2Q9D6],Cercopithifilaria johnstoni (PRJEB47283),protein_coding,cejohnprjeb47283
CJOHNSTONI_LOCUS1638,rna-CJOHNSTONI_LOCUS1638,146,protein_coding,MFS domain-containing protein  [Source:UniProtKB/TrEMBL;Acc:A0A8J2Q8Q0],Cercopithifilaria johnstoni (PRJEB47283),protein_coding,cejohnprjeb47283
CJOHNSTONI_LOCUS1736,rna-CJOHNSTONI_LOCUS1736,262,protein_coding,receptor protein-tyrosine kinase  [Source:UniProtKB/TrEMBL;Acc:A0A8J2Q102],Cercopithifilaria johnstoni (PRJEB47283),protein_coding,cejohnprjeb47283
CJOHNSTONI_LOCUS6661,rna-CJOHNSTONI_LOCUS6661,125,protein_coding,TMEM9 protein  [Source:UniProtKB/TrEMBL;Acc:A0A8J2M0H4],Cercopithifilaria johnstoni (PRJEB47283),protein_coding,cejohnprjeb47283
CJOHNSTONI_LOCUS2987,rna-CJOHNSTONI_LOCUS2987,246,protein_coding,Serine/threonine-protein kinase  [Source:UniProtKB/TrEMBL;Acc:A0A8J2MLI5],Cercopithifilaria johnstoni (PRJEB47283),protein_coding,cejohnprjeb47283
CJOHNSTONI_LOCUS8380,rna-CJOHNSTONI_LOCUS8380,523,protein_coding,Col_cuticle_N domain-containing protein  [Source:UniProtKB/TrEMBL;Acc:A0A8J2PX98],Cercopithifilaria johnstoni (PRJEB47283),protein_coding,cejohnprjeb47283
CJOHNSTONI_LOCUS902,rna-CJOHNSTONI_LOCUS902,195,protein_coding,Protein AATF  [Source:UniProtKB/TrEMBL;Acc:A0A8J2LWW9],Cercopithifilaria johnstoni (PRJEB47283),protein_coding,cejohnprjeb47283
CJOHNSTONI_LOCUS10515,rna-CJOHNSTONI_LOCUS10515,398,protein_coding,Interglobin  [Source:UniProtKB/TrEMBL;Acc:A0A8J2MDV8],Cercopithifilaria johnstoni (PRJEB47283),protein_coding,cejohnprjeb47283
CJOHNSTONI_LOCUS2885,rna-CJOHNSTONI_LOCUS2885,225,protein_coding,"Phosphatidylinositol-3,4,5-trisphosphate 3-phosphatase  [Source:UniProtKB/TrEMBL;Acc:A0A8J2Q235]",Cercopithifilaria johnstoni (PRJEB47283),protein_coding,cejohnprjeb47283
CJOHNSTONI_LOCUS7404,rna-CJOHNSTONI_LOCUS7404,145,protein_coding,Protein MEMO1  [Source:UniProtKB/TrEMBL;Acc:A0A8J2MRE9],Cercopithifilaria johnstoni (PRJEB47283),protein_coding,cejohnprjeb47283
CJOHNSTONI_LOCUS4031,rna-CJOHNSTONI_LOCUS4031,344,protein_coding,Protein kinase domain-containing protein  [Source:UniProtKB/TrEMBL;Acc:A0A8J2M2L1],Cercopithifilaria johnstoni (PRJEB47283),protein_coding,cejohnprjeb47283
CJOHNSTONI_LOCUS2018,rna-CJOHNSTONI_LOCUS2018,365,protein_coding,Protein kinase domain-containing protein  [Source:UniProtKB/TrEMBL;Acc:A0A8J2LYI9],Cercopithifilaria johnstoni (PRJEB47283),protein_coding,cejohnprjeb47283
CJOHNSTONI_LOCUS4534,rna-CJOHNSTONI_LOCUS4534,230,protein_coding,,Cercopithifilaria johnstoni (PRJEB47283),protein_coding,cejohnprjeb47283
CJOHNSTONI_LOCUS8234,rna-CJOHNSTONI_LOCUS8234,202,protein_coding,MGC83759 protein  [Source:UniProtKB/TrEMBL;Acc:A0A8J2M9L4],Cercopithifilaria johnstoni (PRJEB47283),protein_coding,cejohnprjeb47283
CJOHNSTONI_LOCUS2837,rna-CJOHNSTONI_LOCUS2837,215,protein_coding,Alpha-parvin  [Source:UniProtKB/TrEMBL;Acc:A0A8J2M0E6],Cercopithifilaria johnstoni (PRJEB47283),protein_coding,cejohnprjeb47283
CJOHNSTONI_LOCUS5628,rna-CJOHNSTONI_LOCUS5628,1520,protein_coding,DNA replication ATP-dependent helicase/nuclease  [Source:UniProtKB/TrEMBL;Acc:A0A8J2M7N1],Cercopithifilaria johnstoni (PRJEB47283),protein_coding,cejohnprjeb47283
CJOHNSTONI_LOCUS74,rna-CJOHNSTONI_LOCUS74,200,protein_coding,UmuC domain-containing protein  [Source:UniProtKB/TrEMBL;Acc:A0A8J2LTE8],Cercopithifilaria johnstoni (PRJEB47283),protein_coding,cejohnprjeb47283
CJOHNSTONI_LOCUS226,rna-CJOHNSTONI_LOCUS226,422,protein_coding,Zinc finger protein  [Source:UniProtKB/TrEMBL;Acc:A0A8J2LYA7],Cercopithifilaria johnstoni (PRJEB47283),protein_coding,cejohnprjeb47283
CJOHNSTONI_LOCUS216,rna-CJOHNSTONI_LOCUS216,215,protein_coding,SID1 transmembrane family member 1  [Source:UniProtKB/TrEMBL;Acc:A0A8J2LVS2],Cercopithifilaria johnstoni (PRJEB47283),protein_coding,cejohnprjeb47283
CJOHNSTONI_LOCUS9655,rna-CJOHNSTONI_LOCUS9655,250,protein_coding,MAP kinase-activating death domain protein  [Source:UniProtKB/TrEMBL;Acc:A0A8J2Q705],Cercopithifilaria johnstoni (PRJEB47283),protein_coding,cejohnprjeb47283
CJOHNSTONI_LOCUS4631,rna-CJOHNSTONI_LOCUS4631,209,protein_coding,Reticulocalbin-2-like  [Source:UniProtKB/TrEMBL;Acc:A0A8J2MN80],Cercopithifilaria johnstoni (PRJEB47283),protein_coding,cejohnprjeb47283
CJOHNSTONI_LOCUS4644,rna-CJOHNSTONI_LOCUS4644,200,protein_coding,Ubiquitin-like domain-containing protein  [Source:UniProtKB/TrEMBL;Acc:A0A8J2M1Y8],Cercopithifilaria johnstoni (PRJEB47283),protein_coding,cejohnprjeb47283
CJOHNSTONI_LOCUS446,rna-CJOHNSTONI_LOCUS446,267,protein_coding,WW domain-containing protein  [Source:UniProtKB/TrEMBL;Acc:A0A8J2MI51],Cercopithifilaria johnstoni (PRJEB47283),protein_coding,cejohnprjeb47283
CJOHNSTONI_LOCUS5055,rna-CJOHNSTONI_LOCUS5055,200,protein_coding,Gustatory receptor  [Source:UniProtKB/TrEMBL;Acc:A0A8J2Q401],Cercopithifilaria johnstoni (PRJEB47283),protein_coding,cejohnprjeb47283
CJOHNSTONI_LOCUS4675,rna-CJOHNSTONI_LOCUS4675,226,protein_coding,RRM domain-containing protein  [Source:UniProtKB/TrEMBL;Acc:A0A8J2LWE7],Cercopithifilaria johnstoni (PRJEB47283),protein_coding,cejohnprjeb47283
CJOHNSTONI_LOCUS616,rna-CJOHNSTONI_LOCUS616,184,protein_coding,E2F-associated phosphoprotein  [Source:UniProtKB/TrEMBL;Acc:A0A8J2LWF5],Cercopithifilaria johnstoni (PRJEB47283),protein_coding,cejohnprjeb47283
CJOHNSTONI_LOCUS8114,rna-CJOHNSTONI_LOCUS8114,503,protein_coding,Zinc finger protein 239-like  [Source:UniProtKB/TrEMBL;Acc:A0A8J2MCU2],Cercopithifilaria johnstoni (PRJEB47283),protein_coding,cejohnprjeb47283
CJOHNSTONI_LOCUS4451,rna-CJOHNSTONI_LOCUS4451,203,protein_coding,,Cercopithifilaria johnstoni (PRJEB47283),protein_coding,cejohnprjeb47283
CJOHNSTONI_LOCUS2558,rna-CJOHNSTONI_LOCUS2558,199,protein_coding,Sodium/potassium-transporting ATPase subunit beta  [Source:UniProtKB/TrEMBL;Acc:A0A8J2M2K5],Cercopithifilaria johnstoni (PRJEB47283),protein_coding,cejohnprjeb47283
CJOHNSTONI_LOCUS2406,rna-CJOHNSTONI_LOCUS2406,191,protein_coding,Major sperm protein  [Source:UniProtKB/TrEMBL;Acc:A0A8J2LZQ3],Cercopithifilaria johnstoni (PRJEB47283),protein_coding,cejohnprjeb47283
CJOHNSTONI_LOCUS1523,rna-CJOHNSTONI_LOCUS1523,182,protein_coding,PHD-type domain-containing protein  [Source:UniProtKB/TrEMBL;Acc:A0A8J2Q3Y0],Cercopithifilaria johnstoni (PRJEB47283),protein_coding,cejohnprjeb47283
CJOHNSTONI_LOCUS3445,rna-CJOHNSTONI_LOCUS3445,348,protein_coding,Regulator of nonsense transcripts 1  [Source:UniProtKB/TrEMBL;Acc:A0A8J2LU09],Cercopithifilaria johnstoni (PRJEB47283),protein_coding,cejohnprjeb47283
CJOHNSTONI_LOCUS3842,rna-CJOHNSTONI_LOCUS3842,247,protein_coding,WD_REPEATS_REGION domain-containing protein  [Source:UniProtKB/TrEMBL;Acc:A0A8J2PZC8],Cercopithifilaria johnstoni (PRJEB47283),protein_coding,cejohnprjeb47283
CJOHNSTONI_LOCUS237,rna-CJOHNSTONI_LOCUS237,111,protein_coding,Ovule protein  [Source:UniProtKB/TrEMBL;Acc:A0A8J2MH58],Cercopithifilaria johnstoni (PRJEB47283),protein_coding,cejohnprjeb47283
CJOHNSTONI_LOCUS799,rna-CJOHNSTONI_LOCUS799,209,protein_coding,Tudor domain-containing protein  [Source:UniProtKB/TrEMBL;Acc:A0A8J2LWD7],Cercopithifilaria johnstoni (PRJEB47283),protein_coding,cejohnprjeb47283
CJOHNSTONI_LOCUS3252,rna-CJOHNSTONI_LOCUS3252,584,protein_coding,C2H2-type domain-containing protein  [Source:UniProtKB/TrEMBL;Acc:A0A8J2LZW9],Cercopithifilaria johnstoni (PRJEB47283),protein_coding,cejohnprjeb47283
CJOHNSTONI_LOCUS2989,rna-CJOHNSTONI_LOCUS2989,261,protein_coding,Dynactin subunit 2  [Source:UniProtKB/TrEMBL;Acc:A0A8J2M0R6],Cercopithifilaria johnstoni (PRJEB47283),protein_coding,cejohnprjeb47283
CJOHNSTONI_LOCUS5167,rna-CJOHNSTONI_LOCUS5167,272,protein_coding,Ig-like domain-containing protein  [Source:UniProtKB/TrEMBL;Acc:A0A8J2LXK7],Cercopithifilaria johnstoni (PRJEB47283),protein_coding,cejohnprjeb47283
CJOHNSTONI_LOCUS9811,rna-CJOHNSTONI_LOCUS9811,630,protein_coding,Zinc finger protein  [Source:UniProtKB/TrEMBL;Acc:A0A8J2M599],Cercopithifilaria johnstoni (PRJEB47283),protein_coding,cejohnprjeb47283
CJOHNSTONI_LOCUS780,rna-CJOHNSTONI_LOCUS780,203,protein_coding,G_PROTEIN_RECEP_F1_2 domain-containing protein  [Source:UniProtKB/TrEMBL;Acc:A0A8J2MHZ0],Cercopithifilaria johnstoni (PRJEB47283),protein_coding,cejohnprjeb47283
CJOHNSTONI_LOCUS6260,rna-CJOHNSTONI_LOCUS6260,309,protein_coding,CRIB domain-containing protein  [Source:UniProtKB/TrEMBL;Acc:A0A8J2M6F6],Cercopithifilaria johnstoni (PRJEB47283),protein_coding,cejohnprjeb47283
CJOHNSTONI_LOCUS8986,rna-CJOHNSTONI_LOCUS8986,227,protein_coding,Mitochondrial import receptor subunit TOM40  [Source:UniProtKB/TrEMBL;Acc:A0A8J2MD35],Cercopithifilaria johnstoni (PRJEB47283),protein_coding,cejohnprjeb47283
CJOHNSTONI_LOCUS4511,rna-CJOHNSTONI_LOCUS4511,225,protein_coding,J domain-containing protein  [Source:UniProtKB/TrEMBL;Acc:A0A8J2MN33],Cercopithifilaria johnstoni (PRJEB47283),protein_coding,cejohnprjeb47283
CJOHNSTONI_LOCUS4199,rna-CJOHNSTONI_LOCUS4199,212,protein_coding,WD repeat-containing protein 48 homolog  [Source:UniProtKB/TrEMBL;Acc:A0A8J2M2U6],Cercopithifilaria johnstoni (PRJEB47283),protein_coding,cejohnprjeb47283
CJOHNSTONI_LOCUS4344,rna-CJOHNSTONI_LOCUS4344,139,protein_coding,Thioredoxin domain-containing protein  [Source:UniProtKB/TrEMBL;Acc:A0A8J2MMH9],Cercopithifilaria johnstoni (PRJEB47283),protein_coding,cejohnprjeb47283
CJOHNSTONI_LOCUS5671,rna-CJOHNSTONI_LOCUS5671,176,protein_coding,receptor protein serine/threonine kinase  [Source:UniProtKB/TrEMBL;Acc:A0A8J2M5P0],Cercopithifilaria johnstoni (PRJEB47283),protein_coding,cejohnprjeb47283
CJOHNSTONI_LOCUS866,rna-CJOHNSTONI_LOCUS866,1328,protein_coding,Serine-rich adhesin for platelets-like  [Source:UniProtKB/TrEMBL;Acc:A0A8J2LX20],Cercopithifilaria johnstoni (PRJEB47283),protein_coding,cejohnprjeb47283
CJOHNSTONI_LOCUS5936,rna-CJOHNSTONI_LOCUS5936,202,protein_coding,Phosphodiesterase  [Source:UniProtKB/TrEMBL;Acc:A0A8J2Q155],Cercopithifilaria johnstoni (PRJEB47283),protein_coding,cejohnprjeb47283
CJOHNSTONI_LOCUS3889,rna-CJOHNSTONI_LOCUS3889,228,protein_coding,Palmitoyltransferase  [Source:UniProtKB/TrEMBL;Acc:A0A8J2M198],Cercopithifilaria johnstoni (PRJEB47283),protein_coding,cejohnprjeb47283
CJOHNSTONI_LOCUS5556,rna-CJOHNSTONI_LOCUS5556,350,protein_coding,Transmembrane protein 256 homolog  [Source:UniProtKB/TrEMBL;Acc:A0A8J2LX82],Cercopithifilaria johnstoni (PRJEB47283),protein_coding,cejohnprjeb47283
CJOHNSTONI_LOCUS1437,rna-CJOHNSTONI_LOCUS1437,231,protein_coding,CP2 domain-containing protein  [Source:UniProtKB/TrEMBL;Acc:A0A8J2M0Y4],Cercopithifilaria johnstoni (PRJEB47283),protein_coding,cejohnprjeb47283
CJOHNSTONI_LOCUS1877,rna-CJOHNSTONI_LOCUS1877,319,protein_coding,EOG090X080R  [Source:UniProtKB/TrEMBL;Acc:A0A8J2PWZ6],Cercopithifilaria johnstoni (PRJEB47283),protein_coding,cejohnprjeb47283
CJOHNSTONI_LOCUS2474,rna-CJOHNSTONI_LOCUS2474,270,protein_coding,RING-CH-type domain-containing protein  [Source:UniProtKB/TrEMBL;Acc:A0A8J2MKE7],Cercopithifilaria johnstoni (PRJEB47283),protein_coding,cejohnprjeb47283
CJOHNSTONI_LOCUS8675,rna-CJOHNSTONI_LOCUS8675,245,protein_coding,,Cercopithifilaria johnstoni (PRJEB47283),protein_coding,cejohnprjeb47283
CJOHNSTONI_LOCUS871,rna-CJOHNSTONI_LOCUS871,232,protein_coding,7TM_GPCR_Srx domain-containing protein  [Source:UniProtKB/TrEMBL;Acc:A0A8J2Q8B3],Cercopithifilaria johnstoni (PRJEB47283),protein_coding,cejohnprjeb47283
CJOHNSTONI_LOCUS9337,rna-CJOHNSTONI_LOCUS9337,221,protein_coding,,Cercopithifilaria johnstoni (PRJEB47283),protein_coding,cejohnprjeb47283
CJOHNSTONI_LOCUS5432,rna-CJOHNSTONI_LOCUS5432,239,protein_coding,Ovule protein  [Source:UniProtKB/TrEMBL;Acc:A0A8J2MP45],Cercopithifilaria johnstoni (PRJEB47283),protein_coding,cejohnprjeb47283
CJOHNSTONI_LOCUS6435,rna-CJOHNSTONI_LOCUS6435,217,protein_coding,G_PROTEIN_RECEP_F1_2 domain-containing protein  [Source:UniProtKB/TrEMBL;Acc:A0A8J2Q808],Cercopithifilaria johnstoni (PRJEB47283),protein_coding,cejohnprjeb47283
CJOHNSTONI_LOCUS6557,rna-CJOHNSTONI_LOCUS6557,217,protein_coding,RRM domain-containing protein  [Source:UniProtKB/TrEMBL;Acc:A0A8J2M9C8],Cercopithifilaria johnstoni (PRJEB47283),protein_coding,cejohnprjeb47283
CJOHNSTONI_LOCUS2866,rna-CJOHNSTONI_LOCUS2866,201,protein_coding,PPM-type phosphatase domain-containing protein  [Source:UniProtKB/TrEMBL;Acc:A0A8J2M0F6],Cercopithifilaria johnstoni (PRJEB47283),protein_coding,cejohnprjeb47283
CJOHNSTONI_LOCUS115,rna-CJOHNSTONI_LOCUS115,185,protein_coding,NADAR domain-containing protein  [Source:UniProtKB/TrEMBL;Acc:A0A8J2LY40],Cercopithifilaria johnstoni (PRJEB47283),protein_coding,cejohnprjeb47283
CJOHNSTONI_LOCUS3862,rna-CJOHNSTONI_LOCUS3862,204,protein_coding,RNA helicase  [Source:UniProtKB/TrEMBL;Acc:A0A8J2M2D0],Cercopithifilaria johnstoni (PRJEB47283),protein_coding,cejohnprjeb47283
CJOHNSTONI_LOCUS738,rna-CJOHNSTONI_LOCUS738,205,protein_coding,Protein kinase domain-containing protein  [Source:UniProtKB/TrEMBL;Acc:A0A8J2LUK6],Cercopithifilaria johnstoni (PRJEB47283),protein_coding,cejohnprjeb47283
CJOHNSTONI_LOCUS5720,rna-CJOHNSTONI_LOCUS5720,184,protein_coding,Density-regulated protein  [Source:UniProtKB/TrEMBL;Acc:A0A8J2QAB8],Cercopithifilaria johnstoni (PRJEB47283),protein_coding,cejohnprjeb47283
CJOHNSTONI_LOCUS10507,rna-CJOHNSTONI_LOCUS10507,177,protein_coding,ShKT domain-containing protein  [Source:UniProtKB/TrEMBL;Acc:A0A8J2MDN8],Cercopithifilaria johnstoni (PRJEB47283),protein_coding,cejohnprjeb47283
CJOHNSTONI_LOCUS84,rna-CJOHNSTONI_LOCUS84,175,protein_coding,,Cercopithifilaria johnstoni (PRJEB47283),protein_coding,cejohnprjeb47283
CJOHNSTONI_LOCUS753,rna-CJOHNSTONI_LOCUS753,154,protein_coding,GYF domain-containing protein  [Source:UniProtKB/TrEMBL;Acc:A0A8J2LWG0],Cercopithifilaria johnstoni (PRJEB47283),protein_coding,cejohnprjeb47283
CJOHNSTONI_LOCUS2473,rna-CJOHNSTONI_LOCUS2473,152,protein_coding,SGNH_hydro domain-containing protein  [Source:UniProtKB/TrEMBL;Acc:A0A8J2LY13],Cercopithifilaria johnstoni (PRJEB47283),protein_coding,cejohnprjeb47283
CJOHNSTONI_LOCUS8656,rna-CJOHNSTONI_LOCUS8656,363,protein_coding,C-type lectin domain-containing protein  [Source:UniProtKB/TrEMBL;Acc:A0A8J2MBY0],Cercopithifilaria johnstoni (PRJEB47283),protein_coding,cejohnprjeb47283
CJOHNSTONI_LOCUS928,rna-CJOHNSTONI_LOCUS928,304,protein_coding,SRR1 domain-containing protein  [Source:UniProtKB/TrEMBL;Acc:A0A8J2LV60],Cercopithifilaria johnstoni (PRJEB47283),protein_coding,cejohnprjeb47283
CJOHNSTONI_LOCUS4057,rna-CJOHNSTONI_LOCUS4057,270,protein_coding,Transmembrane protein  [Source:UniProtKB/TrEMBL;Acc:A0A8J2MMP0],Cercopithifilaria johnstoni (PRJEB47283),protein_coding,cejohnprjeb47283
CJOHNSTONI_LOCUS9615,rna-CJOHNSTONI_LOCUS9615,269,protein_coding,,Cercopithifilaria johnstoni (PRJEB47283),protein_coding,cejohnprjeb47283
CJOHNSTONI_LOCUS192,rna-CJOHNSTONI_LOCUS192,258,protein_coding,Ribosomal protein S6 kinase  [Source:UniProtKB/TrEMBL;Acc:A0A8J2PVC2],Cercopithifilaria johnstoni (PRJEB47283),protein_coding,cejohnprjeb47283
CJOHNSTONI_LOCUS1072,rna-CJOHNSTONI_LOCUS1072,237,protein_coding,Pept_C1 domain-containing protein  [Source:UniProtKB/TrEMBL;Acc:A0A8J2LX80],Cercopithifilaria johnstoni (PRJEB47283),protein_coding,cejohnprjeb47283
CJOHNSTONI_LOCUS5519,rna-CJOHNSTONI_LOCUS5519,210,protein_coding,Ribosomal protein L19  [Source:UniProtKB/TrEMBL;Acc:A0A8J2M452],Cercopithifilaria johnstoni (PRJEB47283),protein_coding,cejohnprjeb47283
CJOHNSTONI_LOCUS4187,rna-CJOHNSTONI_LOCUS4187,183,protein_coding,F-box domain-containing protein  [Source:UniProtKB/TrEMBL;Acc:A0A8J2M2U0],Cercopithifilaria johnstoni (PRJEB47283),protein_coding,cejohnprjeb47283
CJOHNSTONI_LOCUS1064,rna-CJOHNSTONI_LOCUS1064,164,protein_coding,Stearoyl-CoA desaturase 5  [Source:UniProtKB/TrEMBL;Acc:A0A8J2PW57],Cercopithifilaria johnstoni (PRJEB47283),protein_coding,cejohnprjeb47283
CJOHNSTONI_LOCUS10040,rna-CJOHNSTONI_LOCUS10040,151,protein_coding,Plasma membrane fusion protein PRM1  [Source:UniProtKB/TrEMBL;Acc:A0A8J2Q791],Cercopithifilaria johnstoni (PRJEB47283),protein_coding,cejohnprjeb47283
CJOHNSTONI_LOCUS5768,rna-CJOHNSTONI_LOCUS5768,115,protein_coding,Transposase  [Source:UniProtKB/TrEMBL;Acc:A0A8J2MPH0],Cercopithifilaria johnstoni (PRJEB47283),protein_coding,cejohnprjeb47283
CJOHNSTONI_LOCUS2832,rna-CJOHNSTONI_LOCUS2832,114,protein_coding,,Cercopithifilaria johnstoni (PRJEB47283),protein_coding,cejohnprjeb47283
CJOHNSTONI_LOCUS4763,rna-CJOHNSTONI_LOCUS4763,230,protein_coding,BTB domain-containing protein  [Source:UniProtKB/TrEMBL;Acc:A0A8J2MMV7],Cercopithifilaria johnstoni (PRJEB47283),protein_coding,cejohnprjeb47283
CJOHNSTONI_LOCUS2952,rna-CJOHNSTONI_LOCUS2952,323,protein_coding,"Dynein heavy chain, cytoplasmic  [Source:UniProtKB/TrEMBL;Acc:A0A8J2PRR2]",Cercopithifilaria johnstoni (PRJEB47283),protein_coding,cejohnprjeb47283
CJOHNSTONI_LOCUS8638,rna-CJOHNSTONI_LOCUS8638,597,protein_coding,MADF domain-containing protein  [Source:UniProtKB/TrEMBL;Acc:A0A8J2M399],Cercopithifilaria johnstoni (PRJEB47283),protein_coding,cejohnprjeb47283
CJOHNSTONI_LOCUS9789,rna-CJOHNSTONI_LOCUS9789,878,protein_coding,Transcription repressor  [Source:UniProtKB/TrEMBL;Acc:A0A8J2ME81],Cercopithifilaria johnstoni (PRJEB47283),protein_coding,cejohnprjeb47283
CJOHNSTONI_LOCUS4583,rna-CJOHNSTONI_LOCUS4583,321,protein_coding,Mitochondrial carrier protein  [Source:UniProtKB/TrEMBL;Acc:A0A8J2M5S4],Cercopithifilaria johnstoni (PRJEB47283),protein_coding,cejohnprjeb47283
CJOHNSTONI_LOCUS4407,rna-CJOHNSTONI_LOCUS4407,306,protein_coding,Aspartic peptidase  [Source:UniProtKB/TrEMBL;Acc:A0A8J2Q393],Cercopithifilaria johnstoni (PRJEB47283),protein_coding,cejohnprjeb47283
CJOHNSTONI_LOCUS6473,rna-CJOHNSTONI_LOCUS6473,296,protein_coding,Tyrosine-protein kinase  [Source:UniProtKB/TrEMBL;Acc:A0A8J2MQG3],Cercopithifilaria johnstoni (PRJEB47283),protein_coding,cejohnprjeb47283
CJOHNSTONI_LOCUS9242,rna-CJOHNSTONI_LOCUS9242,247,protein_coding,G_PROTEIN_RECEP_F3_4 domain-containing protein  [Source:UniProtKB/TrEMBL;Acc:A0A8J2MTV8],Cercopithifilaria johnstoni (PRJEB47283),protein_coding,cejohnprjeb47283
CJOHNSTONI_LOCUS7162,rna-CJOHNSTONI_LOCUS7162,228,protein_coding,,Cercopithifilaria johnstoni (PRJEB47283),protein_coding,cejohnprjeb47283
CJOHNSTONI_LOCUS2411,rna-CJOHNSTONI_LOCUS2411,221,protein_coding,Autophagy protein 5  [Source:UniProtKB/TrEMBL;Acc:A0A8J2Q947],Cercopithifilaria johnstoni (PRJEB47283),protein_coding,cejohnprjeb47283
CJOHNSTONI_LOCUS7020,rna-CJOHNSTONI_LOCUS7020,276,protein_coding,peptidylprolyl isomerase  [Source:UniProtKB/TrEMBL;Acc:A0A8J2M861],Cercopithifilaria johnstoni (PRJEB47283),protein_coding,cejohnprjeb47283
CJOHNSTONI_LOCUS5005,rna-CJOHNSTONI_LOCUS5005,217,protein_coding,TRASH domain-containing protein  [Source:UniProtKB/TrEMBL;Acc:A0A8J2MNA7],Cercopithifilaria johnstoni (PRJEB47283),protein_coding,cejohnprjeb47283
CJOHNSTONI_LOCUS3268,rna-CJOHNSTONI_LOCUS3268,209,protein_coding,Gamma-glutamylcyclotransferase family protein  [Source:UniProtKB/TrEMBL;Acc:A0A8J2M0T2],Cercopithifilaria johnstoni (PRJEB47283),protein_coding,cejohnprjeb47283
CJOHNSTONI_LOCUS2687,rna-CJOHNSTONI_LOCUS2687,197,protein_coding,Helix-turn-helix domain-containing protein  [Source:UniProtKB/TrEMBL;Acc:A0A8J2PYA9],Cercopithifilaria johnstoni (PRJEB47283),protein_coding,cejohnprjeb47283
CJOHNSTONI_LOCUS4212,rna-CJOHNSTONI_LOCUS4212,197,protein_coding,Heterogeneous nuclear ribonucleoprotein A1  [Source:UniProtKB/TrEMBL;Acc:A0A8J2M5C1],Cercopithifilaria johnstoni (PRJEB47283),protein_coding,cejohnprjeb47283
CJOHNSTONI_LOCUS2919,rna-CJOHNSTONI_LOCUS2919,728,protein_coding,Leucine-rich repeat-containing protein 15-like  [Source:UniProtKB/TrEMBL;Acc:A0A8J2M349],Cercopithifilaria johnstoni (PRJEB47283),protein_coding,cejohnprjeb47283
CJOHNSTONI_LOCUS3473,rna-CJOHNSTONI_LOCUS3473,253,protein_coding,HECT-type E3 ubiquitin transferase  [Source:UniProtKB/TrEMBL;Acc:A0A8J2LU26],Cercopithifilaria johnstoni (PRJEB47283),protein_coding,cejohnprjeb47283
CJOHNSTONI_LOCUS2666,rna-CJOHNSTONI_LOCUS2666,204,protein_coding,Homeobox domain-containing protein  [Source:UniProtKB/TrEMBL;Acc:A0A8J2M0A2],Cercopithifilaria johnstoni (PRJEB47283),protein_coding,cejohnprjeb47283
CJOHNSTONI_LOCUS1847,rna-CJOHNSTONI_LOCUS1847,195,protein_coding,Flocculation protein FLO11-like  [Source:UniProtKB/TrEMBL;Acc:A0A8J2PQU3],Cercopithifilaria johnstoni (PRJEB47283),protein_coding,cejohnprjeb47283
CJOHNSTONI_LOCUS6833,rna-CJOHNSTONI_LOCUS6833,159,protein_coding,AP2/ERF domain-containing protein  [Source:UniProtKB/TrEMBL;Acc:A0A8J2M8D0],Cercopithifilaria johnstoni (PRJEB47283),protein_coding,cejohnprjeb47283
CJOHNSTONI_LOCUS1420,rna-CJOHNSTONI_LOCUS1420,200,protein_coding,ShKT domain-containing protein  [Source:UniProtKB/TrEMBL;Acc:A0A8J2LW15],Cercopithifilaria johnstoni (PRJEB47283),protein_coding,cejohnprjeb47283
CJOHNSTONI_LOCUS5822,rna-CJOHNSTONI_LOCUS5822,191,protein_coding,Transcription initiation factor IIF subunit alpha  [Source:UniProtKB/TrEMBL;Acc:A0A8J2M806],Cercopithifilaria johnstoni (PRJEB47283),protein_coding,cejohnprjeb47283
CJOHNSTONI_LOCUS1032,rna-CJOHNSTONI_LOCUS1032,240,protein_coding,"Collagen, type V, alpha 2a  [Source:UniProtKB/TrEMBL;Acc:A0A8J2LX50]",Cercopithifilaria johnstoni (PRJEB47283),protein_coding,cejohnprjeb47283
CJOHNSTONI_LOCUS531,rna-CJOHNSTONI_LOCUS531,1178,protein_coding,Ground-like domain-containing protein  [Source:UniProtKB/TrEMBL;Acc:A0A8J2LVU1],Cercopithifilaria johnstoni (PRJEB47283),protein_coding,cejohnprjeb47283
CJOHNSTONI_LOCUS5911,rna-CJOHNSTONI_LOCUS5911,218,protein_coding,G patch domain-containing protein 11  [Source:UniProtKB/TrEMBL;Acc:A0A8J2QAD2],Cercopithifilaria johnstoni (PRJEB47283),protein_coding,cejohnprjeb47283
CJOHNSTONI_LOCUS8846,rna-CJOHNSTONI_LOCUS8846,294,protein_coding,Peroxin-19  [Source:UniProtKB/TrEMBL;Acc:A0A8J2MB42],Cercopithifilaria johnstoni (PRJEB47283),protein_coding,cejohnprjeb47283
CJOHNSTONI_LOCUS5201,rna-CJOHNSTONI_LOCUS5201,170,protein_coding,F-box/LRR-repeat protein  [Source:UniProtKB/TrEMBL;Acc:A0A8J2Q7B9],Cercopithifilaria johnstoni (PRJEB47283),protein_coding,cejohnprjeb47283
CJOHNSTONI_LOCUS6316,rna-CJOHNSTONI_LOCUS6316,218,protein_coding,Tyrosine-protein kinase  [Source:UniProtKB/TrEMBL;Acc:A0A8J2Q507],Cercopithifilaria johnstoni (PRJEB47283),protein_coding,cejohnprjeb47283
CJOHNSTONI_LOCUS3595,rna-CJOHNSTONI_LOCUS3595,161,protein_coding,60S ribosome subunit biogenesis protein NIP7 homolog  [Source:UniProtKB/TrEMBL;Acc:A0A8J2LZY7],Cercopithifilaria johnstoni (PRJEB47283),protein_coding,cejohnprjeb47283
CJOHNSTONI_LOCUS4851,rna-CJOHNSTONI_LOCUS4851,311,protein_coding,Protein muscleblind  [Source:UniProtKB/TrEMBL;Acc:A0A8J2Q053],Cercopithifilaria johnstoni (PRJEB47283),protein_coding,cejohnprjeb47283
CJOHNSTONI_LOCUS967,rna-CJOHNSTONI_LOCUS967,219,protein_coding,Aryl hydrocarbon receptor  [Source:UniProtKB/TrEMBL;Acc:A0A8J2Q8C9],Cercopithifilaria johnstoni (PRJEB47283),protein_coding,cejohnprjeb47283
CJOHNSTONI_LOCUS10259,rna-CJOHNSTONI_LOCUS10259,197,protein_coding,AH domain-containing protein  [Source:UniProtKB/TrEMBL;Acc:A0A8J2QBA1],Cercopithifilaria johnstoni (PRJEB47283),protein_coding,cejohnprjeb47283
CJOHNSTONI_LOCUS3773,rna-CJOHNSTONI_LOCUS3773,166,protein_coding,60S ribosomal export protein NMD3  [Source:UniProtKB/TrEMBL;Acc:A0A8J2Q9P0],Cercopithifilaria johnstoni (PRJEB47283),protein_coding,cejohnprjeb47283
CJOHNSTONI_LOCUS9403,rna-CJOHNSTONI_LOCUS9403,215,protein_coding,Neur_chan_LBD domain-containing protein  [Source:UniProtKB/TrEMBL;Acc:A0A8J2Q960],Cercopithifilaria johnstoni (PRJEB47283),protein_coding,cejohnprjeb47283
CJOHNSTONI_LOCUS9116,rna-CJOHNSTONI_LOCUS9116,381,protein_coding,BMA-LAG-1  [Source:UniProtKB/TrEMBL;Acc:A0A8J2QB18],Cercopithifilaria johnstoni (PRJEB47283),protein_coding,cejohnprjeb47283
CJOHNSTONI_LOCUS4864,rna-CJOHNSTONI_LOCUS4864,191,protein_coding,SAM-dependent MTase TRM10-type domain-containing protein  [Source:UniProtKB/TrEMBL;Acc:A0A8J2Q3U6],Cercopithifilaria johnstoni (PRJEB47283),protein_coding,cejohnprjeb47283
CJOHNSTONI_LOCUS4487,rna-CJOHNSTONI_LOCUS4487,373,protein_coding,Nuclear receptor domain-containing protein  [Source:UniProtKB/TrEMBL;Acc:A0A8J2Q6X6],Cercopithifilaria johnstoni (PRJEB47283),protein_coding,cejohnprjeb47283
CJOHNSTONI_LOCUS1873,rna-CJOHNSTONI_LOCUS1873,305,protein_coding,C2H2-type domain-containing protein  [Source:UniProtKB/TrEMBL;Acc:A0A8J2LYP5],Cercopithifilaria johnstoni (PRJEB47283),protein_coding,cejohnprjeb47283
CJOHNSTONI_LOCUS4589,rna-CJOHNSTONI_LOCUS4589,215,protein_coding,Gamma-glutamylcyclotransferase  [Source:UniProtKB/TrEMBL;Acc:A0A8J2QA06],Cercopithifilaria johnstoni (PRJEB47283),protein_coding,cejohnprjeb47283
CJOHNSTONI_LOCUS4722,rna-CJOHNSTONI_LOCUS4722,208,protein_coding,"28S ribosomal protein S17, mitochondrial  [Source:UniProtKB/TrEMBL;Acc:A0A8J2MNB5]",Cercopithifilaria johnstoni (PRJEB47283),protein_coding,cejohnprjeb47283
CJOHNSTONI_LOCUS7504,rna-CJOHNSTONI_LOCUS7504,129,protein_coding,40S ribosomal protein S30  [Source:UniProtKB/TrEMBL;Acc:A0A8J2Q2F5],Cercopithifilaria johnstoni (PRJEB47283),protein_coding,cejohnprjeb47283
CJOHNSTONI_LOCUS5627,rna-CJOHNSTONI_LOCUS5627-2,248,protein_coding,PLAT domain-containing protein  [Source:UniProtKB/TrEMBL;Acc:A0A8J2MPA5],Cercopithifilaria johnstoni (PRJEB47283),protein_coding,cejohnprjeb47283
CJOHNSTONI_LOCUS4828,rna-CJOHNSTONI_LOCUS4828,383,protein_coding,Troponin T  [Source:UniProtKB/TrEMBL;Acc:A0A8J2LWV8],Cercopithifilaria johnstoni (PRJEB47283),protein_coding,cejohnprjeb47283
CJOHNSTONI_LOCUS8550,rna-CJOHNSTONI_LOCUS8550,317,protein_coding,Cadherin domain-containing protein  [Source:UniProtKB/TrEMBL;Acc:A0A8J2MCB7],Cercopithifilaria johnstoni (PRJEB47283),protein_coding,cejohnprjeb47283
CJOHNSTONI_LOCUS2037,rna-CJOHNSTONI_LOCUS2037,578,protein_coding,ATP-dependent DNA helicase  [Source:UniProtKB/TrEMBL;Acc:A0A8J2PR04],Cercopithifilaria johnstoni (PRJEB47283),protein_coding,cejohnprjeb47283
CJOHNSTONI_LOCUS879,rna-CJOHNSTONI_LOCUS879,312,protein_coding,BMA-UNC-68  [Source:UniProtKB/TrEMBL;Acc:A0A8J2LWJ4],Cercopithifilaria johnstoni (PRJEB47283),protein_coding,cejohnprjeb47283
CJOHNSTONI_LOCUS8934,rna-CJOHNSTONI_LOCUS8934,282,protein_coding,WD_REPEATS_REGION domain-containing protein  [Source:UniProtKB/TrEMBL;Acc:A0A8J2Q3I3],Cercopithifilaria johnstoni (PRJEB47283),protein_coding,cejohnprjeb47283
CJOHNSTONI_LOCUS2189,rna-CJOHNSTONI_LOCUS2189,213,protein_coding,,Cercopithifilaria johnstoni (PRJEB47283),protein_coding,cejohnprjeb47283
CJOHNSTONI_LOCUS8960,rna-CJOHNSTONI_LOCUS8960,302,protein_coding,40S ribosomal protein S8  [Source:UniProtKB/TrEMBL;Acc:A0A8J2Q8Z6],Cercopithifilaria johnstoni (PRJEB47283),protein_coding,cejohnprjeb47283
CJOHNSTONI_LOCUS7466,rna-CJOHNSTONI_LOCUS7466,181,protein_coding,BTB domain-containing protein  [Source:UniProtKB/TrEMBL;Acc:A0A8J2M817],Cercopithifilaria johnstoni (PRJEB47283),protein_coding,cejohnprjeb47283
CJOHNSTONI_LOCUS6389,rna-CJOHNSTONI_LOCUS6389,193,protein_coding,Glutathione S-transferase omega-1  [Source:UniProtKB/TrEMBL;Acc:A0A8J2MQ91],Cercopithifilaria johnstoni (PRJEB47283),protein_coding,cejohnprjeb47283
CJOHNSTONI_LOCUS4924,rna-CJOHNSTONI_LOCUS4924,175,protein_coding,,Cercopithifilaria johnstoni (PRJEB47283),protein_coding,cejohnprjeb47283
CJOHNSTONI_LOCUS10141,rna-CJOHNSTONI_LOCUS10141,200,protein_coding,,Cercopithifilaria johnstoni (PRJEB47283),protein_coding,cejohnprjeb47283
CJOHNSTONI_LOCUS9287,rna-CJOHNSTONI_LOCUS9287,184,protein_coding,Sestrin-1  [Source:UniProtKB/TrEMBL;Acc:A0A8J2MUA6],Cercopithifilaria johnstoni (PRJEB47283),protein_coding,cejohnprjeb47283
CJOHNSTONI_LOCUS2241,rna-CJOHNSTONI_LOCUS2241,266,protein_coding,,Cercopithifilaria johnstoni (PRJEB47283),protein_coding,cejohnprjeb47283
CJOHNSTONI_LOCUS2700,rna-CJOHNSTONI_LOCUS2700,197,protein_coding,Small integral membrane protein 14  [Source:UniProtKB/TrEMBL;Acc:A0A8J2PRJ5],Cercopithifilaria johnstoni (PRJEB47283),protein_coding,cejohnprjeb47283
CJOHNSTONI_LOCUS8705,rna-CJOHNSTONI_LOCUS8705,162,protein_coding,Guanine nucleotide-binding protein alpha-7 subunit  [Source:UniProtKB/TrEMBL;Acc:A0A8J2M451],Cercopithifilaria johnstoni (PRJEB47283),protein_coding,cejohnprjeb47283
CJOHNSTONI_LOCUS7100,rna-CJOHNSTONI_LOCUS7100,144,protein_coding,PHB domain-containing protein  [Source:UniProtKB/TrEMBL;Acc:A0A8J2M8X7],Cercopithifilaria johnstoni (PRJEB47283),protein_coding,cejohnprjeb47283
CJOHNSTONI_LOCUS1617,rna-CJOHNSTONI_LOCUS1617,347,protein_coding,,Cercopithifilaria johnstoni (PRJEB47283),protein_coding,cejohnprjeb47283
CJOHNSTONI_LOCUS6724,rna-CJOHNSTONI_LOCUS6724,194,protein_coding,PDZ domain-containing protein  [Source:UniProtKB/TrEMBL;Acc:A0A8J2Q1T2],Cercopithifilaria johnstoni (PRJEB47283),protein_coding,cejohnprjeb47283
CJOHNSTONI_LOCUS9854,rna-CJOHNSTONI_LOCUS9854,216,protein_coding,PDZ domain-containing protein  [Source:UniProtKB/TrEMBL;Acc:A0A8J2MCQ5],Cercopithifilaria johnstoni (PRJEB47283),protein_coding,cejohnprjeb47283
CJOHNSTONI_LOCUS665,rna-CJOHNSTONI_LOCUS665,147,protein_coding,BUB1 N-terminal domain-containing protein  [Source:UniProtKB/TrEMBL;Acc:A0A8J2LNM0],Cercopithifilaria johnstoni (PRJEB47283),protein_coding,cejohnprjeb47283
CJOHNSTONI_LOCUS2469,rna-CJOHNSTONI_LOCUS2469,138,protein_coding,,Cercopithifilaria johnstoni (PRJEB47283),protein_coding,cejohnprjeb47283
CJOHNSTONI_LOCUS4652,rna-CJOHNSTONI_LOCUS4652,338,protein_coding,,Cercopithifilaria johnstoni (PRJEB47283),protein_coding,cejohnprjeb47283
CJOHNSTONI_LOCUS4482,rna-CJOHNSTONI_LOCUS4482,224,protein_coding,Cap-specific mRNA (nucleoside-2'-O-)-methyltransferase 2  [Source:UniProtKB/TrEMBL;Acc:A0A8J2M5N2],Cercopithifilaria johnstoni (PRJEB47283),protein_coding,cejohnprjeb47283
CJOHNSTONI_LOCUS1983,rna-CJOHNSTONI_LOCUS1983,188,protein_coding,,Cercopithifilaria johnstoni (PRJEB47283),protein_coding,cejohnprjeb47283
CJOHNSTONI_LOCUS9568,rna-CJOHNSTONI_LOCUS9568,241,protein_coding,KH domain-containing protein  [Source:UniProtKB/TrEMBL;Acc:A0A8J2MEN0],Cercopithifilaria johnstoni (PRJEB47283),protein_coding,cejohnprjeb47283
CJOHNSTONI_LOCUS6098,rna-CJOHNSTONI_LOCUS6098,226,protein_coding,Protein cereblon  [Source:UniProtKB/TrEMBL;Acc:A0A8J2M6P7],Cercopithifilaria johnstoni (PRJEB47283),protein_coding,cejohnprjeb47283
CJOHNSTONI_LOCUS1509,rna-CJOHNSTONI_LOCUS1509,208,protein_coding,U3 small nucleolar RNA-associated protein 15 homolog  [Source:UniProtKB/TrEMBL;Acc:A0A8J2LY56],Cercopithifilaria johnstoni (PRJEB47283),protein_coding,cejohnprjeb47283
CJOHNSTONI_LOCUS2673,rna-CJOHNSTONI_LOCUS2673,221,protein_coding,,Cercopithifilaria johnstoni (PRJEB47283),protein_coding,cejohnprjeb47283
CJOHNSTONI_LOCUS9936,rna-CJOHNSTONI_LOCUS9936,122,protein_coding,Radical SAM protein  [Source:UniProtKB/TrEMBL;Acc:A0A8J2MGH9],Cercopithifilaria johnstoni (PRJEB47283),protein_coding,cejohnprjeb47283
CJOHNSTONI_LOCUS1672,rna-CJOHNSTONI_LOCUS1672,235,protein_coding,Ig-like domain-containing protein  [Source:UniProtKB/TrEMBL;Acc:A0A8J2M177],Cercopithifilaria johnstoni (PRJEB47283),protein_coding,cejohnprjeb47283
CJOHNSTONI_LOCUS3080,rna-CJOHNSTONI_LOCUS3080,108,protein_coding,Secreted protein  [Source:UniProtKB/TrEMBL;Acc:A0A8J2LT23],Cercopithifilaria johnstoni (PRJEB47283),protein_coding,cejohnprjeb47283
CJOHNSTONI_LOCUS9386,rna-CJOHNSTONI_LOCUS9386,229,protein_coding,RNA-directed RNA polymerase  [Source:UniProtKB/TrEMBL;Acc:A0A8J2MDH8],Cercopithifilaria johnstoni (PRJEB47283),protein_coding,cejohnprjeb47283
CJOHNSTONI_LOCUS6686,rna-CJOHNSTONI_LOCUS6686,241,protein_coding,PHD-type domain-containing protein  [Source:UniProtKB/TrEMBL;Acc:A0A8J2QAI9],Cercopithifilaria johnstoni (PRJEB47283),protein_coding,cejohnprjeb47283
CJOHNSTONI_LOCUS7183,rna-CJOHNSTONI_LOCUS7183,306,protein_coding,BRCT domain-containing protein  [Source:UniProtKB/TrEMBL;Acc:A0A8J2Q262],Cercopithifilaria johnstoni (PRJEB47283),protein_coding,cejohnprjeb47283
CJOHNSTONI_LOCUS1831,rna-CJOHNSTONI_LOCUS1831,219,protein_coding,Peptidase S1 domain-containing protein  [Source:UniProtKB/TrEMBL;Acc:A0A8J2LYM0],Cercopithifilaria johnstoni (PRJEB47283),protein_coding,cejohnprjeb47283
CJOHNSTONI_LOCUS3703,rna-CJOHNSTONI_LOCUS3703,150,protein_coding,IPPc domain-containing protein  [Source:UniProtKB/TrEMBL;Acc:A0A8J2PSE9],Cercopithifilaria johnstoni (PRJEB47283),protein_coding,cejohnprjeb47283
CJOHNSTONI_LOCUS559,rna-CJOHNSTONI_LOCUS559,123,protein_coding,Ion_trans domain-containing protein  [Source:UniProtKB/TrEMBL;Acc:A0A8J2LUA2],Cercopithifilaria johnstoni (PRJEB47283),protein_coding,cejohnprjeb47283
CJOHNSTONI_LOCUS9873,rna-CJOHNSTONI_LOCUS9873,605,protein_coding,Ground-like domain-containing protein  [Source:UniProtKB/TrEMBL;Acc:A0A8J2MF63],Cercopithifilaria johnstoni (PRJEB47283),protein_coding,cejohnprjeb47283
CJOHNSTONI_LOCUS1982,rna-CJOHNSTONI_LOCUS1982,200,protein_coding,Structural maintenance of chromosomes protein  [Source:UniProtKB/TrEMBL;Acc:A0A8J2Q8Y5],Cercopithifilaria johnstoni (PRJEB47283),protein_coding,cejohnprjeb47283
CJOHNSTONI_LOCUS9927,rna-CJOHNSTONI_LOCUS9927,180,protein_coding,THAP4_heme-bd domain-containing protein  [Source:UniProtKB/TrEMBL;Acc:A0A8J2MCS2],Cercopithifilaria johnstoni (PRJEB47283),protein_coding,cejohnprjeb47283
CJOHNSTONI_LOCUS199,rna-CJOHNSTONI_LOCUS199,175,protein_coding,DEK_C domain-containing protein  [Source:UniProtKB/TrEMBL;Acc:A0A8J2LVE2],Cercopithifilaria johnstoni (PRJEB47283),protein_coding,cejohnprjeb47283
CJOHNSTONI_LOCUS9572,rna-CJOHNSTONI_LOCUS9572,170,protein_coding,Serine/threonine-protein phosphatase  [Source:UniProtKB/TrEMBL;Acc:A0A8J2Q6Z4],Cercopithifilaria johnstoni (PRJEB47283),protein_coding,cejohnprjeb47283
CJOHNSTONI_LOCUS10079,rna-CJOHNSTONI_LOCUS10079,227,protein_coding,Ras-related protein Rab-3  [Source:UniProtKB/TrEMBL;Acc:A0A8J2Q9G1],Cercopithifilaria johnstoni (PRJEB47283),protein_coding,cejohnprjeb47283
CJOHNSTONI_LOCUS1992,rna-CJOHNSTONI_LOCUS1992,209,protein_coding,Nuclear pore complex protein Nup85  [Source:UniProtKB/TrEMBL;Acc:A0A8J2Q4B4],Cercopithifilaria johnstoni (PRJEB47283),protein_coding,cejohnprjeb47283
CJOHNSTONI_LOCUS8096,rna-CJOHNSTONI_LOCUS8096,720,protein_coding,Protocadherin Fat 1  [Source:UniProtKB/TrEMBL;Acc:A0A8J2M9B1],Cercopithifilaria johnstoni (PRJEB47283),protein_coding,cejohnprjeb47283
CJOHNSTONI_LOCUS6008,rna-CJOHNSTONI_LOCUS6008,252,protein_coding,ATP-dependent RNA helicase  [Source:UniProtKB/TrEMBL;Acc:A0A8J2QAD9],Cercopithifilaria johnstoni (PRJEB47283),protein_coding,cejohnprjeb47283
CJOHNSTONI_LOCUS10199,rna-CJOHNSTONI_LOCUS10199,474,protein_coding,Col_cuticle_N domain-containing protein  [Source:UniProtKB/TrEMBL;Acc:A0A8J2MGY9],Cercopithifilaria johnstoni (PRJEB47283),protein_coding,cejohnprjeb47283
CJOHNSTONI_LOCUS807,rna-CJOHNSTONI_LOCUS807,248,protein_coding,Kunitz/Bovine pancreatic trypsin inhibitor domain protein  [Source:UniProtKB/TrEMBL;Acc:A0A8J2LNW2],Cercopithifilaria johnstoni (PRJEB47283),protein_coding,cejohnprjeb47283
CJOHNSTONI_LOCUS10108,rna-CJOHNSTONI_LOCUS10108,238,protein_coding,Neur_chan_LBD domain-containing protein  [Source:UniProtKB/TrEMBL;Acc:A0A8J2Q9G5],Cercopithifilaria johnstoni (PRJEB47283),protein_coding,cejohnprjeb47283
CJOHNSTONI_LOCUS3948,rna-CJOHNSTONI_LOCUS3948,219,protein_coding,glutamine--fructose-6-phosphate transaminase (isomerizing)  [Source:UniProtKB/TrEMBL;Acc:A0A8J2M1Z0],Cercopithifilaria johnstoni (PRJEB47283),protein_coding,cejohnprjeb47283
CJOHNSTONI_LOCUS7302,rna-CJOHNSTONI_LOCUS7302,236,protein_coding,Signal peptide peptidase-like 2B  [Source:UniProtKB/TrEMBL;Acc:A0A8J2Q8F9],Cercopithifilaria johnstoni (PRJEB47283),protein_coding,cejohnprjeb47283
CJOHNSTONI_LOCUS3631,rna-CJOHNSTONI_LOCUS3631,224,protein_coding,Calcium-activated potassium channel slowpoke  [Source:UniProtKB/TrEMBL;Acc:A0A8J2M1V7],Cercopithifilaria johnstoni (PRJEB47283),protein_coding,cejohnprjeb47283
CJOHNSTONI_LOCUS7386,rna-CJOHNSTONI_LOCUS7386,216,protein_coding,Dynamin-type G domain-containing protein  [Source:UniProtKB/TrEMBL;Acc:A0A8J2Q5S9],Cercopithifilaria johnstoni (PRJEB47283),protein_coding,cejohnprjeb47283
CJOHNSTONI_LOCUS1006,rna-CJOHNSTONI_LOCUS1006,245,protein_coding,protein-tyrosine-phosphatase  [Source:UniProtKB/TrEMBL;Acc:A0A8J2LXB0],Cercopithifilaria johnstoni (PRJEB47283),protein_coding,cejohnprjeb47283
CJOHNSTONI_LOCUS5535,rna-CJOHNSTONI_LOCUS5535,1990,protein_coding,14_3_3 domain-containing protein  [Source:UniProtKB/TrEMBL;Acc:A0A8J2M7H9],Cercopithifilaria johnstoni (PRJEB47283),protein_coding,cejohnprjeb47283
CJOHNSTONI_LOCUS5644,rna-CJOHNSTONI_LOCUS5644,245,protein_coding,Cubilin  [Source:UniProtKB/TrEMBL;Acc:A0A8J2PU07],Cercopithifilaria johnstoni (PRJEB47283),protein_coding,cejohnprjeb47283
CJOHNSTONI_LOCUS8475,rna-CJOHNSTONI_LOCUS8475,235,protein_coding,,Cercopithifilaria johnstoni (PRJEB47283),protein_coding,cejohnprjeb47283
CJOHNSTONI_LOCUS2954,rna-CJOHNSTONI_LOCUS2954,229,protein_coding,Fatty-acid and retinol-binding protein 1  [Source:UniProtKB/TrEMBL;Acc:A0A8J2PYJ5],Cercopithifilaria johnstoni (PRJEB47283),protein_coding,cejohnprjeb47283
CJOHNSTONI_LOCUS1549,rna-CJOHNSTONI_LOCUS1549,256,protein_coding,PDZ domain-containing protein  [Source:UniProtKB/TrEMBL;Acc:A0A8J2LY77],Cercopithifilaria johnstoni (PRJEB47283),protein_coding,cejohnprjeb47283
CJOHNSTONI_LOCUS6987,rna-CJOHNSTONI_LOCUS6987,234,protein_coding,DNA-directed RNA polymerase subunit beta  [Source:UniProtKB/TrEMBL;Acc:A0A8J2Q1Z7],Cercopithifilaria johnstoni (PRJEB47283),protein_coding,cejohnprjeb47283
CJOHNSTONI_LOCUS10059,rna-CJOHNSTONI_LOCUS10059,244,protein_coding,Speckle-type POZ protein  [Source:UniProtKB/TrEMBL;Acc:A0A8J2MUL7],Cercopithifilaria johnstoni (PRJEB47283),protein_coding,cejohnprjeb47283
CJOHNSTONI_LOCUS9851,rna-CJOHNSTONI_LOCUS9851,233,protein_coding,DnaJ homolog subfamily C member 10  [Source:UniProtKB/TrEMBL;Acc:A0A8J2M5B7],Cercopithifilaria johnstoni (PRJEB47283),protein_coding,cejohnprjeb47283
CJOHNSTONI_LOCUS4906,rna-CJOHNSTONI_LOCUS4906,264,protein_coding,EGF-like domain-containing protein  [Source:UniProtKB/TrEMBL;Acc:A0A8J2PTE0],Cercopithifilaria johnstoni (PRJEB47283),protein_coding,cejohnprjeb47283
CJOHNSTONI_LOCUS1863,rna-CJOHNSTONI_LOCUS1863,228,protein_coding,Fucosyltransferase  [Source:UniProtKB/TrEMBL;Acc:A0A8J2PWZ1],Cercopithifilaria johnstoni (PRJEB47283),protein_coding,cejohnprjeb47283
CJOHNSTONI_LOCUS7761,rna-CJOHNSTONI_LOCUS7761,261,protein_coding,IMD domain-containing protein  [Source:UniProtKB/TrEMBL;Acc:A0A8J2Q8L4],Cercopithifilaria johnstoni (PRJEB47283),protein_coding,cejohnprjeb47283
CJOHNSTONI_LOCUS110,rna-CJOHNSTONI_LOCUS110,297,protein_coding,Tripartite motif-containing protein 2-like  [Source:UniProtKB/TrEMBL;Acc:A0A8J2LKT5],Cercopithifilaria johnstoni (PRJEB47283),protein_coding,cejohnprjeb47283
CJOHNSTONI_LOCUS5190,rna-CJOHNSTONI_LOCUS5190,653,protein_coding,Homeobox domain-containing protein  [Source:UniProtKB/TrEMBL;Acc:A0A8J2Q0G0],Cercopithifilaria johnstoni (PRJEB47283),protein_coding,cejohnprjeb47283
CJOHNSTONI_LOCUS10529,rna-CJOHNSTONI_LOCUS10529,512,protein_coding,,Cercopithifilaria johnstoni (PRJEB47283),protein_coding,cejohnprjeb47283
CJOHNSTONI_LOCUS7364,rna-CJOHNSTONI_LOCUS7364,415,protein_coding,RING-type domain-containing protein  [Source:UniProtKB/TrEMBL;Acc:A0A8J2M168],Cercopithifilaria johnstoni (PRJEB47283),protein_coding,cejohnprjeb47283
CJOHNSTONI_LOCUS2476,rna-CJOHNSTONI_LOCUS2476,596,protein_coding,Adhesive plaque matrix protein-like  [Source:UniProtKB/TrEMBL;Acc:A0A8J2M2G1],Cercopithifilaria johnstoni (PRJEB47283),protein_coding,cejohnprjeb47283
CJOHNSTONI_LOCUS9957,rna-CJOHNSTONI_LOCUS9957,298,protein_coding,Tubulin alpha chain  [Source:UniProtKB/TrEMBL;Acc:A0A8J2PYP0],Cercopithifilaria johnstoni (PRJEB47283),protein_coding,cejohnprjeb47283
CJOHNSTONI_LOCUS658,rna-CJOHNSTONI_LOCUS658-2,875,protein_coding,BZIP domain-containing protein  [Source:UniProtKB/TrEMBL;Acc:A0A8J2LW33],Cercopithifilaria johnstoni (PRJEB47283),protein_coding,cejohnprjeb47283
CJOHNSTONI_LOCUS5149,rna-CJOHNSTONI_LOCUS5149,230,protein_coding,RNA polymerase II subunit B1 CTD phosphatase RPAP2 homolog  [Source:UniProtKB/TrEMBL;Acc:A0A8J2PTL9],Cercopithifilaria johnstoni (PRJEB47283),protein_coding,cejohnprjeb47283
CJOHNSTONI_LOCUS7609,rna-CJOHNSTONI_LOCUS7609,222,protein_coding,3-oxoacyl-[acyl-carrier-protein] reductase FabG  [Source:UniProtKB/TrEMBL;Acc:A0A8J2Q5X9],Cercopithifilaria johnstoni (PRJEB47283),protein_coding,cejohnprjeb47283
CJOHNSTONI_LOCUS896,rna-CJOHNSTONI_LOCUS896,202,protein_coding,,Cercopithifilaria johnstoni (PRJEB47283),protein_coding,cejohnprjeb47283
CJOHNSTONI_LOCUS5875,rna-CJOHNSTONI_LOCUS5875,186,protein_coding,Cytochrome P450  [Source:UniProtKB/TrEMBL;Acc:A0A8J2M844],Cercopithifilaria johnstoni (PRJEB47283),protein_coding,cejohnprjeb47283
CJOHNSTONI_LOCUS7997,rna-CJOHNSTONI_LOCUS7997,186,protein_coding,ULD domain-containing protein  [Source:UniProtKB/TrEMBL;Acc:A0A8J2Q8P3],Cercopithifilaria johnstoni (PRJEB47283),protein_coding,cejohnprjeb47283
CJOHNSTONI_LOCUS7186,rna-CJOHNSTONI_LOCUS7186,182,protein_coding,IntS14_C domain-containing protein  [Source:UniProtKB/TrEMBL;Acc:A0A8J2M7G9],Cercopithifilaria johnstoni (PRJEB47283),protein_coding,cejohnprjeb47283
CJOHNSTONI_LOCUS4758,rna-CJOHNSTONI_LOCUS4758,181,protein_coding,N-myc downstream regulated  [Source:UniProtKB/TrEMBL;Acc:A0A8J2Q024],Cercopithifilaria johnstoni (PRJEB47283),protein_coding,cejohnprjeb47283
CJOHNSTONI_LOCUS10377,rna-CJOHNSTONI_LOCUS10377,161,protein_coding,Galectin  [Source:UniProtKB/TrEMBL;Acc:A0A8J2MFP0],Cercopithifilaria johnstoni (PRJEB47283),protein_coding,cejohnprjeb47283
CJOHNSTONI_LOCUS6602,rna-CJOHNSTONI_LOCUS6602,155,protein_coding,Protein YIF1  [Source:UniProtKB/TrEMBL;Acc:A0A8J2M797],Cercopithifilaria johnstoni (PRJEB47283),protein_coding,cejohnprjeb47283
CJOHNSTONI_LOCUS6261,rna-CJOHNSTONI_LOCUS6261,284,protein_coding,Nuclear receptor  [Source:UniProtKB/TrEMBL;Acc:A0A8J2Q7X0],Cercopithifilaria johnstoni (PRJEB47283),protein_coding,cejohnprjeb47283
CJOHNSTONI_LOCUS6442,rna-CJOHNSTONI_LOCUS6442,219,protein_coding,Protein kinase domain-containing protein  [Source:UniProtKB/TrEMBL;Acc:A0A8J2M642],Cercopithifilaria johnstoni (PRJEB47283),protein_coding,cejohnprjeb47283
CJOHNSTONI_LOCUS4107,rna-CJOHNSTONI_LOCUS4107,242,protein_coding,Kinectin  [Source:UniProtKB/TrEMBL;Acc:A0A8J2Q9T8],Cercopithifilaria johnstoni (PRJEB47283),protein_coding,cejohnprjeb47283
CJOHNSTONI_LOCUS8197,rna-CJOHNSTONI_LOCUS8197,298,protein_coding,Bestrophin homolog  [Source:UniProtKB/TrEMBL;Acc:A0A8J2MBJ8],Cercopithifilaria johnstoni (PRJEB47283),protein_coding,cejohnprjeb47283
CJOHNSTONI_LOCUS6071,rna-CJOHNSTONI_LOCUS6071,864,protein_coding,TLDc domain-containing protein  [Source:UniProtKB/TrEMBL;Acc:A0A8J2M6N2],Cercopithifilaria johnstoni (PRJEB47283),protein_coding,cejohnprjeb47283
CJOHNSTONI_LOCUS6646,rna-CJOHNSTONI_LOCUS6646,224,protein_coding,MH2 domain-containing protein  [Source:UniProtKB/TrEMBL;Acc:A0A8J2M0A4],Cercopithifilaria johnstoni (PRJEB47283),protein_coding,cejohnprjeb47283
CJOHNSTONI_LOCUS2402,rna-CJOHNSTONI_LOCUS2402,210,protein_coding,Phage tail protein  [Source:UniProtKB/TrEMBL;Acc:A0A8J2M2C7],Cercopithifilaria johnstoni (PRJEB47283),protein_coding,cejohnprjeb47283
CJOHNSTONI_LOCUS5284,rna-CJOHNSTONI_LOCUS5284,197,protein_coding,Brix domain-containing protein  [Source:UniProtKB/TrEMBL;Acc:A0A8J2Q471],Cercopithifilaria johnstoni (PRJEB47283),protein_coding,cejohnprjeb47283
CJOHNSTONI_LOCUS5564,rna-CJOHNSTONI_LOCUS5564,256,protein_coding,Electron transfer flavoprotein subunit alpha  [Source:UniProtKB/TrEMBL;Acc:A0A8J2PTY6],Cercopithifilaria johnstoni (PRJEB47283),protein_coding,cejohnprjeb47283
CJOHNSTONI_LOCUS336,rna-CJOHNSTONI_LOCUS336,254,protein_coding,,Cercopithifilaria johnstoni (PRJEB47283),protein_coding,cejohnprjeb47283
CJOHNSTONI_LOCUS4623,rna-CJOHNSTONI_LOCUS4623,304,protein_coding,UBR-type domain-containing protein  [Source:UniProtKB/TrEMBL;Acc:A0A8J2Q703],Cercopithifilaria johnstoni (PRJEB47283),protein_coding,cejohnprjeb47283
CJOHNSTONI_LOCUS1265,rna-CJOHNSTONI_LOCUS1265,1162,protein_coding,"Myosin light chain kinase, smooth muscle  [Source:UniProtKB/TrEMBL;Acc:A0A8J2MIS4]",Cercopithifilaria johnstoni (PRJEB47283),protein_coding,cejohnprjeb47283
CJOHNSTONI_LOCUS5895,rna-CJOHNSTONI_LOCUS5895,368,protein_coding,Coiled-coil domain-containing protein 177  [Source:UniProtKB/TrEMBL;Acc:A0A8J2Q4P5],Cercopithifilaria johnstoni (PRJEB47283),protein_coding,cejohnprjeb47283
CJOHNSTONI_LOCUS1093,rna-CJOHNSTONI_LOCUS1093,3127,protein_coding,,Cercopithifilaria johnstoni (PRJEB47283),protein_coding,cejohnprjeb47283
CJOHNSTONI_LOCUS3655,rna-CJOHNSTONI_LOCUS3655,238,protein_coding,protein-tyrosine-phosphatase  [Source:UniProtKB/TrEMBL;Acc:A0A8J2M4E6],Cercopithifilaria johnstoni (PRJEB47283),protein_coding,cejohnprjeb47283
CJOHNSTONI_LOCUS4210,rna-CJOHNSTONI_LOCUS4210,196,protein_coding,Golgi to ER traffic protein 4 homolog  [Source:UniProtKB/TrEMBL;Acc:A0A8J2MMC7],Cercopithifilaria johnstoni (PRJEB47283),protein_coding,cejohnprjeb47283
CJOHNSTONI_LOCUS6454,rna-CJOHNSTONI_LOCUS6454,185,protein_coding,,Cercopithifilaria johnstoni (PRJEB47283),protein_coding,cejohnprjeb47283
CJOHNSTONI_LOCUS1749,rna-CJOHNSTONI_LOCUS1749,202,protein_coding,EABR domain-containing protein  [Source:UniProtKB/TrEMBL;Acc:A0A8J2LYH6],Cercopithifilaria johnstoni (PRJEB47283),protein_coding,cejohnprjeb47283
CJOHNSTONI_LOCUS7439,rna-CJOHNSTONI_LOCUS7439,179,protein_coding,AN1-type zinc finger protein 2B  [Source:UniProtKB/TrEMBL;Acc:A0A8J2QAP5],Cercopithifilaria johnstoni (PRJEB47283),protein_coding,cejohnprjeb47283
CJOHNSTONI_LOCUS5313,rna-CJOHNSTONI_LOCUS5313,174,protein_coding,60S ribosomal protein L30  [Source:UniProtKB/TrEMBL;Acc:A0A8J2MNN4],Cercopithifilaria johnstoni (PRJEB47283),protein_coding,cejohnprjeb47283
CJOHNSTONI_LOCUS10327,rna-CJOHNSTONI_LOCUS10327,169,protein_coding,Ovule protein  [Source:UniProtKB/TrEMBL;Acc:A0A8J2M600],Cercopithifilaria johnstoni (PRJEB47283),protein_coding,cejohnprjeb47283
CJOHNSTONI_LOCUS10053,rna-CJOHNSTONI_LOCUS10053,249,protein_coding,DIRP domain-containing protein  [Source:UniProtKB/TrEMBL;Acc:A0A8J2Q794],Cercopithifilaria johnstoni (PRJEB47283),protein_coding,cejohnprjeb47283
CJOHNSTONI_LOCUS1045,rna-CJOHNSTONI_LOCUS1045,157,protein_coding,,Cercopithifilaria johnstoni (PRJEB47283),protein_coding,cejohnprjeb47283
CJOHNSTONI_LOCUS2698,rna-CJOHNSTONI_LOCUS2698,149,protein_coding,,Cercopithifilaria johnstoni (PRJEB47283),protein_coding,cejohnprjeb47283
CJOHNSTONI_LOCUS3779,rna-CJOHNSTONI_LOCUS3779,254,protein_coding,Exportin-2  [Source:UniProtKB/TrEMBL;Acc:A0A8J2M4M9],Cercopithifilaria johnstoni (PRJEB47283),protein_coding,cejohnprjeb47283
CJOHNSTONI_LOCUS3447,rna-CJOHNSTONI_LOCUS3447,136,protein_coding,MICOS complex subunit  [Source:UniProtKB/TrEMBL;Acc:A0A8J2MLF4],Cercopithifilaria johnstoni (PRJEB47283),protein_coding,cejohnprjeb47283
CJOHNSTONI_LOCUS608,rna-CJOHNSTONI_LOCUS608,133,protein_coding,Peptidyl-prolyl cis-trans isomerase  [Source:UniProtKB/TrEMBL;Acc:A0A8J2LLJ9],Cercopithifilaria johnstoni (PRJEB47283),protein_coding,cejohnprjeb47283
CJOHNSTONI_LOCUS4557,rna-CJOHNSTONI_LOCUS4557,314,protein_coding,BZIP domain-containing protein  [Source:UniProtKB/TrEMBL;Acc:A0A8J2M3F0],Cercopithifilaria johnstoni (PRJEB47283),protein_coding,cejohnprjeb47283
CJOHNSTONI_LOCUS1450,rna-CJOHNSTONI_LOCUS1450,120,protein_coding,BPTI/Kunitz inhibitor domain-containing protein  [Source:UniProtKB/TrEMBL;Acc:A0A8J2MJ71],Cercopithifilaria johnstoni (PRJEB47283),protein_coding,cejohnprjeb47283
CJOHNSTONI_LOCUS4688,rna-CJOHNSTONI_LOCUS4688,150,protein_coding,Transthyretin-like family protein  [Source:UniProtKB/TrEMBL;Acc:A0A8J2QA26],Cercopithifilaria johnstoni (PRJEB47283),protein_coding,cejohnprjeb47283
CJOHNSTONI_LOCUS7241,rna-CJOHNSTONI_LOCUS7241,235,protein_coding,RNA helicase  [Source:UniProtKB/TrEMBL;Acc:A0A8J2QAN0],Cercopithifilaria johnstoni (PRJEB47283),protein_coding,cejohnprjeb47283
CJOHNSTONI_LOCUS3275,rna-CJOHNSTONI_LOCUS3275,99,protein_coding,,Cercopithifilaria johnstoni (PRJEB47283),protein_coding,cejohnprjeb47283
CJOHNSTONI_LOCUS6038,rna-CJOHNSTONI_LOCUS6038,349,protein_coding,Seryl-tRNA synthetase  [Source:UniProtKB/TrEMBL;Acc:A0A8J2MPW0],Cercopithifilaria johnstoni (PRJEB47283),protein_coding,cejohnprjeb47283
CJOHNSTONI_LOCUS4716,rna-CJOHNSTONI_LOCUS4716,285,protein_coding,Cyclic nucleotide-binding domain-containing protein  [Source:UniProtKB/TrEMBL;Acc:A0A8J2PT81],Cercopithifilaria johnstoni (PRJEB47283),protein_coding,cejohnprjeb47283
CJOHNSTONI_LOCUS838,rna-CJOHNSTONI_LOCUS838,261,protein_coding,Protein kinase domain-containing protein  [Source:UniProtKB/TrEMBL;Acc:A0A8J2LZE6],Cercopithifilaria johnstoni (PRJEB47283),protein_coding,cejohnprjeb47283
CJOHNSTONI_LOCUS4810,rna-CJOHNSTONI_LOCUS4810,214,protein_coding,BCL7-like protein C28H8.1  [Source:UniProtKB/TrEMBL;Acc:A0A8J2PTA9],Cercopithifilaria johnstoni (PRJEB47283),protein_coding,cejohnprjeb47283
CJOHNSTONI_LOCUS3069,rna-CJOHNSTONI_LOCUS3069,195,protein_coding,Coiled-coil domain-containing protein 130 homolog  [Source:UniProtKB/TrEMBL;Acc:A0A8J2M3C3],Cercopithifilaria johnstoni (PRJEB47283),protein_coding,cejohnprjeb47283
CJOHNSTONI_LOCUS9931,rna-CJOHNSTONI_LOCUS9931,275,protein_coding,Protein-tyrosine-phosphatase  [Source:UniProtKB/TrEMBL;Acc:A0A8J2Q4A4],Cercopithifilaria johnstoni (PRJEB47283),protein_coding,cejohnprjeb47283
CJOHNSTONI_LOCUS3851,rna-CJOHNSTONI_LOCUS3851,282,protein_coding,Phosphatase and actin regulator  [Source:UniProtKB/TrEMBL;Acc:A0A8J2M1S3],Cercopithifilaria johnstoni (PRJEB47283),protein_coding,cejohnprjeb47283
CJOHNSTONI_LOCUS2781,rna-CJOHNSTONI_LOCUS2781,230,protein_coding,Transmembrane protein  [Source:UniProtKB/TrEMBL;Acc:A0A8J2M0C0],Cercopithifilaria johnstoni (PRJEB47283),protein_coding,cejohnprjeb47283
CJOHNSTONI_LOCUS8848,rna-CJOHNSTONI_LOCUS8848,185,protein_coding,MFAP1 domain-containing protein  [Source:UniProtKB/TrEMBL;Acc:A0A8J2PXP3],Cercopithifilaria johnstoni (PRJEB47283),protein_coding,cejohnprjeb47283
CJOHNSTONI_LOCUS10405,rna-CJOHNSTONI_LOCUS10405,183,protein_coding,Serine incorporator 1  [Source:UniProtKB/TrEMBL;Acc:A0A8J2MVT5],Cercopithifilaria johnstoni (PRJEB47283),protein_coding,cejohnprjeb47283
CJOHNSTONI_LOCUS6017,rna-CJOHNSTONI_LOCUS6017,136,protein_coding,Bacteriophage protein  [Source:UniProtKB/TrEMBL;Acc:A0A8J2PUB5],Cercopithifilaria johnstoni (PRJEB47283),protein_coding,cejohnprjeb47283
CJOHNSTONI_LOCUS2517,rna-CJOHNSTONI_LOCUS2517,178,protein_coding,Proteasome subunit alpha type 6  [Source:UniProtKB/TrEMBL;Acc:A0A8J2M2I3],Cercopithifilaria johnstoni (PRJEB47283),protein_coding,cejohnprjeb47283
CJOHNSTONI_LOCUS310,rna-CJOHNSTONI_LOCUS310,275,protein_coding,Zinc finger protein  [Source:UniProtKB/TrEMBL;Acc:A0A8J2LTM8],Cercopithifilaria johnstoni (PRJEB47283),protein_coding,cejohnprjeb47283
CJOHNSTONI_LOCUS10125,rna-CJOHNSTONI_LOCUS10125,266,protein_coding,Protein KRI1 homolog  [Source:UniProtKB/TrEMBL;Acc:A0A8J2Q4G0],Cercopithifilaria johnstoni (PRJEB47283),protein_coding,cejohnprjeb47283
CJOHNSTONI_LOCUS8307,rna-CJOHNSTONI_LOCUS8307,248,protein_coding,DUF1618 domain-containing protein  [Source:UniProtKB/TrEMBL;Acc:A0A8J2MSX6],Cercopithifilaria johnstoni (PRJEB47283),protein_coding,cejohnprjeb47283
CJOHNSTONI_LOCUS1583,rna-CJOHNSTONI_LOCUS1583,79,protein_coding,,Cercopithifilaria johnstoni (PRJEB47283),protein_coding,cejohnprjeb47283
CJOHNSTONI_LOCUS8236,rna-CJOHNSTONI_LOCUS8236,1049,protein_coding,Transcription initiation factor TFIID subunit 8  [Source:UniProtKB/TrEMBL;Acc:A0A8J2MD62],Cercopithifilaria johnstoni (PRJEB47283),protein_coding,cejohnprjeb47283
CJOHNSTONI_LOCUS754,rna-CJOHNSTONI_LOCUS754,252,protein_coding,Coiled-coil domain-containing protein  [Source:UniProtKB/TrEMBL;Acc:A0A8J2LUL2],Cercopithifilaria johnstoni (PRJEB47283),protein_coding,cejohnprjeb47283
CJOHNSTONI_LOCUS5948,rna-CJOHNSTONI_LOCUS5948,334,protein_coding,Wsv094  [Source:UniProtKB/TrEMBL;Acc:A0A8J2PU93],Cercopithifilaria johnstoni (PRJEB47283),protein_coding,cejohnprjeb47283
CJOHNSTONI_LOCUS755,rna-CJOHNSTONI_LOCUS755,200,protein_coding,Aldo_ket_red domain-containing protein  [Source:UniProtKB/TrEMBL;Acc:A0A8J2LWA3],Cercopithifilaria johnstoni (PRJEB47283),protein_coding,cejohnprjeb47283
CJOHNSTONI_LOCUS1049,rna-CJOHNSTONI_LOCUS1049,211,protein_coding,,Cercopithifilaria johnstoni (PRJEB47283),protein_coding,cejohnprjeb47283
CJOHNSTONI_LOCUS1870,rna-CJOHNSTONI_LOCUS1870-2,172,protein_coding,Homeobox domain-containing protein  [Source:UniProtKB/TrEMBL;Acc:A0A8J2M1I0],Cercopithifilaria johnstoni (PRJEB47283),protein_coding,cejohnprjeb47283
CJOHNSTONI_LOCUS1290,rna-CJOHNSTONI_LOCUS1290,408,protein_coding,IMD domain-containing protein  [Source:UniProtKB/TrEMBL;Acc:A0A8J2LVU4],Cercopithifilaria johnstoni (PRJEB47283),protein_coding,cejohnprjeb47283
CJOHNSTONI_LOCUS7872,rna-CJOHNSTONI_LOCUS7872,275,protein_coding,TPR_REGION domain-containing protein  [Source:UniProtKB/TrEMBL;Acc:A0A8J2MAP6],Cercopithifilaria johnstoni (PRJEB47283),protein_coding,cejohnprjeb47283
CJOHNSTONI_LOCUS7812,rna-CJOHNSTONI_LOCUS7812,218,protein_coding,RPAP1_N domain-containing protein  [Source:UniProtKB/TrEMBL;Acc:A0A8J2MRT8],Cercopithifilaria johnstoni (PRJEB47283),protein_coding,cejohnprjeb47283
CJOHNSTONI_LOCUS8737,rna-CJOHNSTONI_LOCUS8737-2,196,protein_coding,Actin-related protein 2/3 complex subunit  [Source:UniProtKB/TrEMBL;Acc:A0A8J2MCM4],Cercopithifilaria johnstoni (PRJEB47283),protein_coding,cejohnprjeb47283
CJOHNSTONI_LOCUS5811,rna-CJOHNSTONI_LOCUS5811,130,protein_coding,,Cercopithifilaria johnstoni (PRJEB47283),protein_coding,cejohnprjeb47283
CJOHNSTONI_LOCUS1915,rna-CJOHNSTONI_LOCUS1915,218,protein_coding,GTP-binding protein  [Source:UniProtKB/TrEMBL;Acc:A0A8J2PQW5],Cercopithifilaria johnstoni (PRJEB47283),protein_coding,cejohnprjeb47283
CJOHNSTONI_LOCUS3614,rna-CJOHNSTONI_LOCUS3614,123,protein_coding,SPARC-related modular calcium-binding protein 1  [Source:UniProtKB/TrEMBL;Acc:A0A8J2MM54],Cercopithifilaria johnstoni (PRJEB47283),protein_coding,cejohnprjeb47283
CJOHNSTONI_LOCUS7534,rna-CJOHNSTONI_LOCUS7534,214,protein_coding,Nuclear receptor subfamily 2 group F member 6  [Source:UniProtKB/TrEMBL;Acc:A0A8J2M9W8],Cercopithifilaria johnstoni (PRJEB47283),protein_coding,cejohnprjeb47283
CJOHNSTONI_LOCUS10353,rna-CJOHNSTONI_LOCUS10353,233,protein_coding,Protein CLP1 homolog  [Source:UniProtKB/TrEMBL;Acc:A0A8J2Q7F6],Cercopithifilaria johnstoni (PRJEB47283),protein_coding,cejohnprjeb47283
CJOHNSTONI_LOCUS1407,rna-CJOHNSTONI_LOCUS1407,208,protein_coding,,Cercopithifilaria johnstoni (PRJEB47283),protein_coding,cejohnprjeb47283
CJOHNSTONI_LOCUS3696,rna-CJOHNSTONI_LOCUS3696,275,protein_coding,RUN and TBC1 domain-containing protein 3  [Source:UniProtKB/TrEMBL;Acc:A0A8J2MLP6],Cercopithifilaria johnstoni (PRJEB47283),protein_coding,cejohnprjeb47283
CJOHNSTONI_LOCUS1286,rna-CJOHNSTONI_LOCUS1286,170,protein_coding,PHD finger-like domain-containing protein 5A  [Source:UniProtKB/TrEMBL;Acc:A0A8J2PWH4],Cercopithifilaria johnstoni (PRJEB47283),protein_coding,cejohnprjeb47283
CJOHNSTONI_LOCUS8826,rna-CJOHNSTONI_LOCUS8826,162,protein_coding,Secreted protein  [Source:UniProtKB/TrEMBL;Acc:A0A8J2MTD1],Cercopithifilaria johnstoni (PRJEB47283),protein_coding,cejohnprjeb47283
CJOHNSTONI_LOCUS6219,rna-CJOHNSTONI_LOCUS6219,234,protein_coding,Kinesin-like protein  [Source:UniProtKB/TrEMBL;Acc:A0A8J2M6L8],Cercopithifilaria johnstoni (PRJEB47283),protein_coding,cejohnprjeb47283
CJOHNSTONI_LOCUS1296,rna-CJOHNSTONI_LOCUS1296,248,protein_coding,NADH dehydrogenase subunit 4L  [Source:UniProtKB/TrEMBL;Acc:A0A8J2LX59],Cercopithifilaria johnstoni (PRJEB47283),protein_coding,cejohnprjeb47283
CJOHNSTONI_LOCUS632,rna-CJOHNSTONI_LOCUS632,155,protein_coding,Major sperm protein  [Source:UniProtKB/TrEMBL;Acc:A0A8J2PPQ7],Cercopithifilaria johnstoni (PRJEB47283),protein_coding,cejohnprjeb47283
CJOHNSTONI_LOCUS3328,rna-CJOHNSTONI_LOCUS3328,206,protein_coding,PDZ domain-containing protein  [Source:UniProtKB/TrEMBL;Acc:A0A8J2PYW1],Cercopithifilaria johnstoni (PRJEB47283),protein_coding,cejohnprjeb47283
CJOHNSTONI_LOCUS428,rna-CJOHNSTONI_LOCUS428,146,protein_coding,UPF0183 protein  [Source:UniProtKB/TrEMBL;Acc:A0A8J2LLA3],Cercopithifilaria johnstoni (PRJEB47283),protein_coding,cejohnprjeb47283
CJOHNSTONI_LOCUS9214,rna-CJOHNSTONI_LOCUS9214,143,protein_coding,PX domain-containing protein  [Source:UniProtKB/TrEMBL;Acc:A0A8J2MTU9],Cercopithifilaria johnstoni (PRJEB47283),protein_coding,cejohnprjeb47283
CJOHNSTONI_LOCUS10256,rna-CJOHNSTONI_LOCUS10256,217,protein_coding,Venom protein  [Source:UniProtKB/TrEMBL;Acc:A0A8J2PYZ2],Cercopithifilaria johnstoni (PRJEB47283),protein_coding,cejohnprjeb47283
CJOHNSTONI_LOCUS10279,rna-CJOHNSTONI_LOCUS10279,174,protein_coding,Transmembrane and coiled-coil domain-containing protein 4  [Source:UniProtKB/TrEMBL;Acc:A0A8J2MH39],Cercopithifilaria johnstoni (PRJEB47283),protein_coding,cejohnprjeb47283
CJOHNSTONI_LOCUS6322,rna-CJOHNSTONI_LOCUS6322,227,protein_coding,Fcf2 domain-containing protein  [Source:UniProtKB/TrEMBL;Acc:A0A8J2M8W0],Cercopithifilaria johnstoni (PRJEB47283),protein_coding,cejohnprjeb47283
CJOHNSTONI_LOCUS7141,rna-CJOHNSTONI_LOCUS7141,245,protein_coding,TrmE-type G domain-containing protein  [Source:UniProtKB/TrEMBL;Acc:A0A8J2M903],Cercopithifilaria johnstoni (PRJEB47283),protein_coding,cejohnprjeb47283
CJOHNSTONI_LOCUS3685,rna-CJOHNSTONI_LOCUS3685,237,protein_coding,RF_PROK_I domain-containing protein  [Source:UniProtKB/TrEMBL;Acc:A0A8J2M0M4],Cercopithifilaria johnstoni (PRJEB47283),protein_coding,cejohnprjeb47283
CJOHNSTONI_LOCUS9131,rna-CJOHNSTONI_LOCUS9131,274,protein_coding,T-box domain-containing protein  [Source:UniProtKB/TrEMBL;Acc:A0A8J2M454],Cercopithifilaria johnstoni (PRJEB47283),protein_coding,cejohnprjeb47283
CJOHNSTONI_LOCUS8984,rna-CJOHNSTONI_LOCUS8984,190,protein_coding,UV excision repair protein RAD23  [Source:UniProtKB/TrEMBL;Acc:A0A8J2MTU6],Cercopithifilaria johnstoni (PRJEB47283),protein_coding,cejohnprjeb47283
CJOHNSTONI_LOCUS9078,rna-CJOHNSTONI_LOCUS9078,158,protein_coding,Cytochrome b-c1 complex subunit 8  [Source:UniProtKB/TrEMBL;Acc:A0A8J2MF02],Cercopithifilaria johnstoni (PRJEB47283),protein_coding,cejohnprjeb47283
CJOHNSTONI_LOCUS7748,rna-CJOHNSTONI_LOCUS7748,533,protein_coding,,Cercopithifilaria johnstoni (PRJEB47283),protein_coding,cejohnprjeb47283
CJOHNSTONI_LOCUS3772,rna-CJOHNSTONI_LOCUS3772,240,protein_coding,Gamma-secretase subunit aph-1  [Source:UniProtKB/TrEMBL;Acc:A0A8J2PZA2],Cercopithifilaria johnstoni (PRJEB47283),protein_coding,cejohnprjeb47283
CJOHNSTONI_LOCUS4338,rna-CJOHNSTONI_LOCUS4338,154,protein_coding,MHD domain-containing protein  [Source:UniProtKB/TrEMBL;Acc:A0A8J2Q375],Cercopithifilaria johnstoni (PRJEB47283),protein_coding,cejohnprjeb47283
CJOHNSTONI_LOCUS9087,rna-CJOHNSTONI_LOCUS9087,125,protein_coding,,Cercopithifilaria johnstoni (PRJEB47283),protein_coding,cejohnprjeb47283
CJOHNSTONI_LOCUS10559,rna-CJOHNSTONI_LOCUS10559,241,protein_coding,Dedicator of cytokinesis protein 1  [Source:UniProtKB/TrEMBL;Acc:A0A8J2MGP1],Cercopithifilaria johnstoni (PRJEB47283),protein_coding,cejohnprjeb47283
CJOHNSTONI_LOCUS1153,rna-CJOHNSTONI_LOCUS1153,253,protein_coding,PseudoU_synth_1 domain-containing protein  [Source:UniProtKB/TrEMBL;Acc:A0A8J2MJE5],Cercopithifilaria johnstoni (PRJEB47283),protein_coding,cejohnprjeb47283
CJOHNSTONI_LOCUS10075,rna-CJOHNSTONI_LOCUS10075,129,protein_coding,EXS domain-containing protein  [Source:UniProtKB/TrEMBL;Acc:A0A8J2MGR4],Cercopithifilaria johnstoni (PRJEB47283),protein_coding,cejohnprjeb47283
CJOHNSTONI_LOCUS1263,rna-CJOHNSTONI_LOCUS1263,324,protein_coding,"Zinc finger, CCHC-type  [Source:UniProtKB/TrEMBL;Acc:A0A8J2LPU8]",Cercopithifilaria johnstoni (PRJEB47283),protein_coding,cejohnprjeb47283
CJOHNSTONI_LOCUS9031,rna-CJOHNSTONI_LOCUS9031,196,protein_coding,START domain-containing protein  [Source:UniProtKB/TrEMBL;Acc:A0A8J2Q3K9],Cercopithifilaria johnstoni (PRJEB47283),protein_coding,cejohnprjeb47283
CJOHNSTONI_LOCUS9795,rna-CJOHNSTONI_LOCUS9795,215,protein_coding,General transcription and DNA repair factor IIH subunit TFB5  [Source:UniProtKB/TrEMBL;Acc:A0A8J2Q461],Cercopithifilaria johnstoni (PRJEB47283),protein_coding,cejohnprjeb47283
CJOHNSTONI_LOCUS5639,rna-CJOHNSTONI_LOCUS5639,208,protein_coding,TSP1_CCN domain-containing protein  [Source:UniProtKB/TrEMBL;Acc:A0A8J2M647],Cercopithifilaria johnstoni (PRJEB47283),protein_coding,cejohnprjeb47283
CJOHNSTONI_LOCUS1189,rna-CJOHNSTONI_LOCUS1189,204,protein_coding,GLOBIN domain-containing protein  [Source:UniProtKB/TrEMBL;Acc:A0A8J2MJG3],Cercopithifilaria johnstoni (PRJEB47283),protein_coding,cejohnprjeb47283
CJOHNSTONI_LOCUS7844,rna-CJOHNSTONI_LOCUS7844,698,protein_coding,Zinc finger protein  [Source:UniProtKB/TrEMBL;Acc:A0A8J2MAR6],Cercopithifilaria johnstoni (PRJEB47283),protein_coding,cejohnprjeb47283
CJOHNSTONI_LOCUS5826,rna-CJOHNSTONI_LOCUS5826,300,protein_coding,Alpha-carbonic anhydrase domain-containing protein  [Source:UniProtKB/TrEMBL;Acc:A0A8J2Q7N5],Cercopithifilaria johnstoni (PRJEB47283),protein_coding,cejohnprjeb47283
CJOHNSTONI_LOCUS6191,rna-CJOHNSTONI_LOCUS6191,185,protein_coding,RRM domain-containing protein  [Source:UniProtKB/TrEMBL;Acc:A0A8J2M6B4],Cercopithifilaria johnstoni (PRJEB47283),protein_coding,cejohnprjeb47283
CJOHNSTONI_LOCUS9688,rna-CJOHNSTONI_LOCUS9688,116,protein_coding,EB domain-containing protein  [Source:UniProtKB/TrEMBL;Acc:A0A8J2MUE6],Cercopithifilaria johnstoni (PRJEB47283),protein_coding,cejohnprjeb47283
CJOHNSTONI_LOCUS7389,rna-CJOHNSTONI_LOCUS7389,212,protein_coding,NAM-associated domain-containing protein  [Source:UniProtKB/TrEMBL;Acc:A0A8J2M7V4],Cercopithifilaria johnstoni (PRJEB47283),protein_coding,cejohnprjeb47283
CJOHNSTONI_LOCUS4340,rna-CJOHNSTONI_LOCUS4340,180,protein_coding,TPR_REGION domain-containing protein  [Source:UniProtKB/TrEMBL;Acc:A0A8J2Q9X1],Cercopithifilaria johnstoni (PRJEB47283),protein_coding,cejohnprjeb47283
CJOHNSTONI_LOCUS9985,rna-CJOHNSTONI_LOCUS9985,445,protein_coding,Protein polybromo-1  [Source:UniProtKB/TrEMBL;Acc:A0A8J2PYQ0],Cercopithifilaria johnstoni (PRJEB47283),protein_coding,cejohnprjeb47283
CJOHNSTONI_LOCUS6598,rna-CJOHNSTONI_LOCUS6598,623,protein_coding,,Cercopithifilaria johnstoni (PRJEB47283),protein_coding,cejohnprjeb47283
CJOHNSTONI_LOCUS5899,rna-CJOHNSTONI_LOCUS5899,326,protein_coding,DRY_EERY domain-containing protein  [Source:UniProtKB/TrEMBL;Acc:A0A8J2LZ19],Cercopithifilaria johnstoni (PRJEB47283),protein_coding,cejohnprjeb47283
CJOHNSTONI_LOCUS3153,rna-CJOHNSTONI_LOCUS3153,290,protein_coding,,Cercopithifilaria johnstoni (PRJEB47283),protein_coding,cejohnprjeb47283
CJOHNSTONI_LOCUS5596,rna-CJOHNSTONI_LOCUS5596,251,protein_coding,Choline/ethanolamine kinase  [Source:UniProtKB/TrEMBL;Acc:A0A8J2QAA9],Cercopithifilaria johnstoni (PRJEB47283),protein_coding,cejohnprjeb47283
CJOHNSTONI_LOCUS5289,rna-CJOHNSTONI_LOCUS5289,323,protein_coding,Innexin  [Source:UniProtKB/TrEMBL;Acc:A0A8J2M3M6],Cercopithifilaria johnstoni (PRJEB47283),protein_coding,cejohnprjeb47283
CJOHNSTONI_LOCUS7315,rna-CJOHNSTONI_LOCUS7315,333,protein_coding,Ovule protein  [Source:UniProtKB/TrEMBL;Acc:A0A8J2M9D5],Cercopithifilaria johnstoni (PRJEB47283),protein_coding,cejohnprjeb47283
CJOHNSTONI_LOCUS1637,rna-CJOHNSTONI_LOCUS1637,232,protein_coding,Protein kinase domain-containing protein  [Source:UniProtKB/TrEMBL;Acc:A0A8J2PWS2],Cercopithifilaria johnstoni (PRJEB47283),protein_coding,cejohnprjeb47283
CJOHNSTONI_LOCUS7270,rna-CJOHNSTONI_LOCUS7270,206,protein_coding,,Cercopithifilaria johnstoni (PRJEB47283),protein_coding,cejohnprjeb47283
CJOHNSTONI_LOCUS8543,rna-CJOHNSTONI_LOCUS8543,195,protein_coding,SSD domain-containing protein  [Source:UniProtKB/TrEMBL;Acc:A0A8J2QAX6],Cercopithifilaria johnstoni (PRJEB47283),protein_coding,cejohnprjeb47283
CJOHNSTONI_LOCUS2259,rna-CJOHNSTONI_LOCUS2259,188,protein_coding,Mitoguardin  [Source:UniProtKB/TrEMBL;Acc:A0A8J2LX83],Cercopithifilaria johnstoni (PRJEB47283),protein_coding,cejohnprjeb47283
CJOHNSTONI_LOCUS8477,rna-CJOHNSTONI_LOCUS8477,293,protein_coding,,Cercopithifilaria johnstoni (PRJEB47283),protein_coding,cejohnprjeb47283
CJOHNSTONI_LOCUS8925,rna-CJOHNSTONI_LOCUS8925,217,protein_coding,Copper transporter  [Source:UniProtKB/TrEMBL;Acc:A0A8J2MTH7],Cercopithifilaria johnstoni (PRJEB47283),protein_coding,cejohnprjeb47283
CJOHNSTONI_LOCUS9952,rna-CJOHNSTONI_LOCUS9952,208,protein_coding,Unconventional myosin-Ie  [Source:UniProtKB/TrEMBL;Acc:A0A8J2MEU7],Cercopithifilaria johnstoni (PRJEB47283),protein_coding,cejohnprjeb47283
CJOHNSTONI_LOCUS2060,rna-CJOHNSTONI_LOCUS2060,302,protein_coding,tryptophan--tRNA ligase  [Source:UniProtKB/TrEMBL;Acc:A0A8J2LWU6],Cercopithifilaria johnstoni (PRJEB47283),protein_coding,cejohnprjeb47283
CJOHNSTONI_LOCUS1935,rna-CJOHNSTONI_LOCUS1935,338,protein_coding,GH18 domain-containing protein  [Source:UniProtKB/TrEMBL;Acc:A0A8J2MJR9],Cercopithifilaria johnstoni (PRJEB47283),protein_coding,cejohnprjeb47283
CJOHNSTONI_LOCUS7032,rna-CJOHNSTONI_LOCUS7032,353,protein_coding,arginine--tRNA ligase  [Source:UniProtKB/TrEMBL;Acc:A0A8J2M869],Cercopithifilaria johnstoni (PRJEB47283),protein_coding,cejohnprjeb47283
CJOHNSTONI_LOCUS9740,rna-CJOHNSTONI_LOCUS9740,201,protein_coding,ShTK domain protein  [Source:UniProtKB/TrEMBL;Acc:A0A8J2Q446],Cercopithifilaria johnstoni (PRJEB47283),protein_coding,cejohnprjeb47283
CJOHNSTONI_LOCUS592,rna-CJOHNSTONI_LOCUS592,181,protein_coding,U6 snRNA-associated Sm-like protein LSm5  [Source:UniProtKB/TrEMBL;Acc:A0A8J2PVN8],Cercopithifilaria johnstoni (PRJEB47283),protein_coding,cejohnprjeb47283
CJOHNSTONI_LOCUS2073,rna-CJOHNSTONI_LOCUS2073,178,protein_coding,Phosphatidylinositol 4-kinase type 2  [Source:UniProtKB/TrEMBL;Acc:A0A8J2M1U2],Cercopithifilaria johnstoni (PRJEB47283),protein_coding,cejohnprjeb47283
CJOHNSTONI_LOCUS3657,rna-CJOHNSTONI_LOCUS3657,539,protein_coding,"Probable glutamate--tRNA ligase, mitochondrial  [Source:UniProtKB/TrEMBL;Acc:A0A8J2M0K7]",Cercopithifilaria johnstoni (PRJEB47283),protein_coding,cejohnprjeb47283
CJOHNSTONI_LOCUS1469,rna-CJOHNSTONI_LOCUS1469,287,protein_coding,M_domain domain-containing protein  [Source:UniProtKB/TrEMBL;Acc:A0A8J2LXH3],Cercopithifilaria johnstoni (PRJEB47283),protein_coding,cejohnprjeb47283
CJOHNSTONI_LOCUS8680,rna-CJOHNSTONI_LOCUS8680,1367,protein_coding,UDP-glucuronate decarboxylase  [Source:UniProtKB/TrEMBL;Acc:A0A8J2MAI3],Cercopithifilaria johnstoni (PRJEB47283),protein_coding,cejohnprjeb47283
CJOHNSTONI_LOCUS6348,rna-CJOHNSTONI_LOCUS6348,255,protein_coding,Calx-beta domain-containing protein  [Source:UniProtKB/TrEMBL;Acc:A0A8J2MQB2],Cercopithifilaria johnstoni (PRJEB47283),protein_coding,cejohnprjeb47283
CJOHNSTONI_LOCUS1879,rna-CJOHNSTONI_LOCUS1879,239,protein_coding,Zinc finger protein  [Source:UniProtKB/TrEMBL;Acc:A0A8J2LQT0],Cercopithifilaria johnstoni (PRJEB47283),protein_coding,cejohnprjeb47283
CJOHNSTONI_LOCUS8352,rna-CJOHNSTONI_LOCUS8352,171,protein_coding,Hexosyltransferase  [Source:UniProtKB/TrEMBL;Acc:A0A8J2MA78],Cercopithifilaria johnstoni (PRJEB47283),protein_coding,cejohnprjeb47283
CJOHNSTONI_LOCUS4760,rna-CJOHNSTONI_LOCUS4760,186,protein_coding,Coiled-coil domain-containing protein 93  [Source:UniProtKB/TrEMBL;Acc:A0A8J2LTR2],Cercopithifilaria johnstoni (PRJEB47283),protein_coding,cejohnprjeb47283
CJOHNSTONI_LOCUS3435,rna-CJOHNSTONI_LOCUS3435,154,protein_coding,Inositol-1-monophosphatase  [Source:UniProtKB/TrEMBL;Acc:A0A8J2M082],Cercopithifilaria johnstoni (PRJEB47283),protein_coding,cejohnprjeb47283
CJOHNSTONI_LOCUS8677,rna-CJOHNSTONI_LOCUS8677,154,protein_coding,Ribonuclease P protein subunit p29  [Source:UniProtKB/TrEMBL;Acc:A0A8J2Q3D8],Cercopithifilaria johnstoni (PRJEB47283),protein_coding,cejohnprjeb47283
CJOHNSTONI_LOCUS10317,rna-CJOHNSTONI_LOCUS10317,540,protein_coding,Phosphodiesterase  [Source:UniProtKB/TrEMBL;Acc:A0A8J2MDJ8],Cercopithifilaria johnstoni (PRJEB47283),protein_coding,cejohnprjeb47283
CJOHNSTONI_LOCUS3380,rna-CJOHNSTONI_LOCUS3380,142,protein_coding,"Collagen, type XXII, alpha 1  [Source:UniProtKB/TrEMBL;Acc:A0A8J2M1D8]",Cercopithifilaria johnstoni (PRJEB47283),protein_coding,cejohnprjeb47283
CJOHNSTONI_LOCUS8158,rna-CJOHNSTONI_LOCUS8158,303,protein_coding,Serine/arginine-rich splicing factor 5-like  [Source:UniProtKB/TrEMBL;Acc:A0A8J2Q8Q8],Cercopithifilaria johnstoni (PRJEB47283),protein_coding,cejohnprjeb47283
CJOHNSTONI_LOCUS3264,rna-CJOHNSTONI_LOCUS3264,131,protein_coding,Ribosomal protein  [Source:UniProtKB/TrEMBL;Acc:A0A8J2MLS8],Cercopithifilaria johnstoni (PRJEB47283),protein_coding,cejohnprjeb47283
CJOHNSTONI_LOCUS10209,rna-CJOHNSTONI_LOCUS10209,125,protein_coding,Profilin  [Source:UniProtKB/TrEMBL;Acc:A0A8J2M5S7],Cercopithifilaria johnstoni (PRJEB47283),protein_coding,cejohnprjeb47283
CJOHNSTONI_LOCUS10492,rna-CJOHNSTONI_LOCUS10492,119,protein_coding,Histone-lysine N-methyltransferase SETMAR  [Source:UniProtKB/TrEMBL;Acc:A0A8J2MGI8],Cercopithifilaria johnstoni (PRJEB47283),protein_coding,cejohnprjeb47283
CJOHNSTONI_LOCUS10350,rna-CJOHNSTONI_LOCUS10350,232,protein_coding,G_PROTEIN_RECEP_F1_2 domain-containing protein  [Source:UniProtKB/TrEMBL;Acc:A0A8J2MDF9],Cercopithifilaria johnstoni (PRJEB47283),protein_coding,cejohnprjeb47283
CJOHNSTONI_LOCUS580,rna-CJOHNSTONI_LOCUS580,185,protein_coding,Peptidase_M23 domain-containing protein  [Source:UniProtKB/TrEMBL;Acc:A0A8J2Q864],Cercopithifilaria johnstoni (PRJEB47283),protein_coding,cejohnprjeb47283
CJOHNSTONI_LOCUS1692,rna-CJOHNSTONI_LOCUS1692,212,protein_coding,Thioredox_DsbH domain-containing protein  [Source:UniProtKB/TrEMBL;Acc:A0A8J2Q0Z1],Cercopithifilaria johnstoni (PRJEB47283),protein_coding,cejohnprjeb47283
CJOHNSTONI_LOCUS2375,rna-CJOHNSTONI_LOCUS2375,263,protein_coding,Disintegrin and metalloproteinase domain-containing protein 10  [Source:UniProtKB/TrEMBL;Acc:A0A8J2LZ96],Cercopithifilaria johnstoni (PRJEB47283),protein_coding,cejohnprjeb47283
CJOHNSTONI_LOCUS5098,rna-CJOHNSTONI_LOCUS5098,248,protein_coding,E3 ubiquitin-protein ligase makorin-2  [Source:UniProtKB/TrEMBL;Acc:A0A8J2Q0D3],Cercopithifilaria johnstoni (PRJEB47283),protein_coding,cejohnprjeb47283
CJOHNSTONI_LOCUS6494,rna-CJOHNSTONI_LOCUS6494,221,protein_coding,V-type proton ATPase proteolipid subunit  [Source:UniProtKB/TrEMBL;Acc:A0A8J2QAH5],Cercopithifilaria johnstoni (PRJEB47283),protein_coding,cejohnprjeb47283
CJOHNSTONI_LOCUS8308,rna-CJOHNSTONI_LOCUS8308,174,protein_coding,STING ER exit protein  [Source:UniProtKB/TrEMBL;Acc:A0A8J2MDB8],Cercopithifilaria johnstoni (PRJEB47283),protein_coding,cejohnprjeb47283
CJOHNSTONI_LOCUS4307,rna-CJOHNSTONI_LOCUS4307,464,protein_coding,"Zinc finger, C2H2 type  [Source:UniProtKB/TrEMBL;Acc:A0A8J2MMG4]",Cercopithifilaria johnstoni (PRJEB47283),protein_coding,cejohnprjeb47283
CJOHNSTONI_LOCUS2603,rna-CJOHNSTONI_LOCUS2603,317,protein_coding,Zinc finger protein Gfi-1  [Source:UniProtKB/TrEMBL;Acc:A0A8J2PRG0],Cercopithifilaria johnstoni (PRJEB47283),protein_coding,cejohnprjeb47283
CJOHNSTONI_LOCUS2017,rna-CJOHNSTONI_LOCUS2017,222,protein_coding,EamA domain-containing protein  [Source:UniProtKB/TrEMBL;Acc:A0A8J2LWT3],Cercopithifilaria johnstoni (PRJEB47283),protein_coding,cejohnprjeb47283
CJOHNSTONI_LOCUS8052,rna-CJOHNSTONI_LOCUS8052,213,protein_coding,40S ribosomal protein S19S  [Source:UniProtKB/TrEMBL;Acc:A0A8J2QAU0],Cercopithifilaria johnstoni (PRJEB47283),protein_coding,cejohnprjeb47283
CJOHNSTONI_LOCUS5904,rna-CJOHNSTONI_LOCUS5904,175,protein_coding,Protein with SprT-like domain at the N terminus  [Source:UniProtKB/TrEMBL;Acc:A0A8J2M6L4],Cercopithifilaria johnstoni (PRJEB47283),protein_coding,cejohnprjeb47283
CJOHNSTONI_LOCUS10303,rna-CJOHNSTONI_LOCUS10303,173,protein_coding,Zinc finger protein  [Source:UniProtKB/TrEMBL;Acc:A0A8J2MDJ0],Cercopithifilaria johnstoni (PRJEB47283),protein_coding,cejohnprjeb47283
CJOHNSTONI_LOCUS6144,rna-CJOHNSTONI_LOCUS6144,227,protein_coding,non-specific serine/threonine protein kinase  [Source:UniProtKB/TrEMBL;Acc:A0A8J2QAE9],Cercopithifilaria johnstoni (PRJEB47283),protein_coding,cejohnprjeb47283
CJOHNSTONI_LOCUS3253,rna-CJOHNSTONI_LOCUS3253,189,protein_coding,RING finger and SPRY domain-containing protein 1  [Source:UniProtKB/TrEMBL;Acc:A0A8J2M0S5],Cercopithifilaria johnstoni (PRJEB47283),protein_coding,cejohnprjeb47283
CJOHNSTONI_LOCUS3484,rna-CJOHNSTONI_LOCUS3484,142,protein_coding,Secreted protein  [Source:UniProtKB/TrEMBL;Acc:A0A8J2LR63],Cercopithifilaria johnstoni (PRJEB47283),protein_coding,cejohnprjeb47283
CJOHNSTONI_LOCUS4108,rna-CJOHNSTONI_LOCUS4108,182,protein_coding,GN3L_Grn1 domain-containing protein  [Source:UniProtKB/TrEMBL;Acc:A0A8J2LSJ6],Cercopithifilaria johnstoni (PRJEB47283),protein_coding,cejohnprjeb47283
CJOHNSTONI_LOCUS351,rna-CJOHNSTONI_LOCUS351,174,protein_coding,BRCA2-interacting transcriptional repressor EMSY  [Source:UniProtKB/TrEMBL;Acc:A0A8J2LN32],Cercopithifilaria johnstoni (PRJEB47283),protein_coding,cejohnprjeb47283
CJOHNSTONI_LOCUS3509,rna-CJOHNSTONI_LOCUS3509,263,protein_coding,DNA-directed RNA polymerase  [Source:UniProtKB/TrEMBL;Acc:A0A8J2PZ14],Cercopithifilaria johnstoni (PRJEB47283),protein_coding,cejohnprjeb47283
CJOHNSTONI_LOCUS8251,rna-CJOHNSTONI_LOCUS8251,237,protein_coding,NUC153 domain-containing protein  [Source:UniProtKB/TrEMBL;Acc:A0A8J2MB25],Cercopithifilaria johnstoni (PRJEB47283),protein_coding,cejohnprjeb47283
CJOHNSTONI_LOCUS9054,rna-CJOHNSTONI_LOCUS9054,264,protein_coding,eIF-4F 25 kDa subunit  [Source:UniProtKB/TrEMBL;Acc:A0A8J2MCV2],Cercopithifilaria johnstoni (PRJEB47283),protein_coding,cejohnprjeb47283
CJOHNSTONI_LOCUS1456,rna-CJOHNSTONI_LOCUS1456,324,protein_coding,Nucleotid_trans domain-containing protein  [Source:UniProtKB/TrEMBL;Acc:A0A8J2LY31],Cercopithifilaria johnstoni (PRJEB47283),protein_coding,cejohnprjeb47283
CJOHNSTONI_LOCUS893,rna-CJOHNSTONI_LOCUS893,209,protein_coding,Glycogen [starch] synthase  [Source:UniProtKB/TrEMBL;Acc:A0A8J2PPX6],Cercopithifilaria johnstoni (PRJEB47283),protein_coding,cejohnprjeb47283
CJOHNSTONI_LOCUS3923,rna-CJOHNSTONI_LOCUS3923,183,protein_coding,,Cercopithifilaria johnstoni (PRJEB47283),protein_coding,cejohnprjeb47283
CJOHNSTONI_LOCUS677,rna-CJOHNSTONI_LOCUS677,178,protein_coding,,Cercopithifilaria johnstoni (PRJEB47283),protein_coding,cejohnprjeb47283
CJOHNSTONI_LOCUS7177,rna-CJOHNSTONI_LOCUS7177,187,protein_coding,Protein O-GlcNAcase-like  [Source:UniProtKB/TrEMBL;Acc:A0A8J2MR56],Cercopithifilaria johnstoni (PRJEB47283),protein_coding,cejohnprjeb47283
CJOHNSTONI_LOCUS9094,rna-CJOHNSTONI_LOCUS9094,131,protein_coding,Galectin  [Source:UniProtKB/TrEMBL;Acc:A0A8J2MD99],Cercopithifilaria johnstoni (PRJEB47283),protein_coding,cejohnprjeb47283
CJOHNSTONI_LOCUS623,rna-CJOHNSTONI_LOCUS623,242,protein_coding,ZP domain-containing protein  [Source:UniProtKB/TrEMBL;Acc:A0A8J2LU64],Cercopithifilaria johnstoni (PRJEB47283),protein_coding,cejohnprjeb47283
CJOHNSTONI_LOCUS2155,rna-CJOHNSTONI_LOCUS2155,180,protein_coding,60S ribosomal protein L12  [Source:UniProtKB/TrEMBL;Acc:A0A8J2Q909],Cercopithifilaria johnstoni (PRJEB47283),protein_coding,cejohnprjeb47283
CJOHNSTONI_LOCUS8559,rna-CJOHNSTONI_LOCUS8559,210,protein_coding,Tyrosinase_Cu-bd domain-containing protein  [Source:UniProtKB/TrEMBL;Acc:A0A8J2M3V7],Cercopithifilaria johnstoni (PRJEB47283),protein_coding,cejohnprjeb47283
CJOHNSTONI_LOCUS10419,rna-CJOHNSTONI_LOCUS10419,205,protein_coding,Glyco_hydro_18 domain-containing protein  [Source:UniProtKB/TrEMBL;Acc:A0A8J2MVU1],Cercopithifilaria johnstoni (PRJEB47283),protein_coding,cejohnprjeb47283
CJOHNSTONI_LOCUS9724,rna-CJOHNSTONI_LOCUS9724,278,protein_coding,"Potassium voltage-gated channel, KQT-like subfamily, member 5b  [Source:UniProtKB/TrEMBL;Acc:A0A8J2Q716]",Cercopithifilaria johnstoni (PRJEB47283),protein_coding,cejohnprjeb47283
CJOHNSTONI_LOCUS6600,rna-CJOHNSTONI_LOCUS6600,162,protein_coding,Reelin domain-containing protein  [Source:UniProtKB/TrEMBL;Acc:A0A8J2M9F9],Cercopithifilaria johnstoni (PRJEB47283),protein_coding,cejohnprjeb47283
CJOHNSTONI_LOCUS1765,rna-CJOHNSTONI_LOCUS1765,247,protein_coding,DEAD/DEAH box helicase  [Source:UniProtKB/TrEMBL;Acc:A0A8J2Q109],Cercopithifilaria johnstoni (PRJEB47283),protein_coding,cejohnprjeb47283
CJOHNSTONI_LOCUS5696,rna-CJOHNSTONI_LOCUS5696,242,protein_coding,Col_cuticle_N domain-containing protein  [Source:UniProtKB/TrEMBL;Acc:A0A8J2M7R8],Cercopithifilaria johnstoni (PRJEB47283),protein_coding,cejohnprjeb47283
CJOHNSTONI_LOCUS6301,rna-CJOHNSTONI_LOCUS6301,571,protein_coding,Proline rich coiled-coil 1  [Source:UniProtKB/TrEMBL;Acc:A0A8J2Q7X8],Cercopithifilaria johnstoni (PRJEB47283),protein_coding,cejohnprjeb47283
CJOHNSTONI_LOCUS5255,rna-CJOHNSTONI_LOCUS5255,317,protein_coding,Mothers against decapentaplegic homolog  [Source:UniProtKB/TrEMBL;Acc:A0A8J2M4W6],Cercopithifilaria johnstoni (PRJEB47283),protein_coding,cejohnprjeb47283
CJOHNSTONI_LOCUS542,rna-CJOHNSTONI_LOCUS542,219,protein_coding,C4H2-type domain-containing protein  [Source:UniProtKB/TrEMBL;Acc:A0A8J2LYV6],Cercopithifilaria johnstoni (PRJEB47283),protein_coding,cejohnprjeb47283
CJOHNSTONI_LOCUS5123,rna-CJOHNSTONI_LOCUS5123,175,protein_coding,Protein transport protein Sec61 subunit beta  [Source:UniProtKB/TrEMBL;Acc:A0A8J2M4M8],Cercopithifilaria johnstoni (PRJEB47283),protein_coding,cejohnprjeb47283
CJOHNSTONI_LOCUS340,rna-CJOHNSTONI_LOCUS340,212,protein_coding,,Cercopithifilaria johnstoni (PRJEB47283),protein_coding,cejohnprjeb47283
CJOHNSTONI_LOCUS4889,rna-CJOHNSTONI_LOCUS4889,220,protein_coding,C2H2-type domain-containing protein  [Source:UniProtKB/TrEMBL;Acc:A0A8J2M420],Cercopithifilaria johnstoni (PRJEB47283),protein_coding,cejohnprjeb47283
CJOHNSTONI_LOCUS8587,rna-CJOHNSTONI_LOCUS8587,278,protein_coding,RUN domain-containing protein  [Source:UniProtKB/TrEMBL;Acc:A0A8J2M367],Cercopithifilaria johnstoni (PRJEB47283),protein_coding,cejohnprjeb47283
CJOHNSTONI_LOCUS5447,rna-CJOHNSTONI_LOCUS5447,286,protein_coding,SSD domain-containing protein  [Source:UniProtKB/TrEMBL;Acc:A0A8J2M4X4],Cercopithifilaria johnstoni (PRJEB47283),protein_coding,cejohnprjeb47283
CJOHNSTONI_LOCUS9676,rna-CJOHNSTONI_LOCUS9676,242,protein_coding,Protein kinase domain-containing protein  [Source:UniProtKB/TrEMBL;Acc:A0A8J2MUE3],Cercopithifilaria johnstoni (PRJEB47283),protein_coding,cejohnprjeb47283
CJOHNSTONI_LOCUS10063,rna-CJOHNSTONI_LOCUS10063,289,protein_coding,HIT-type domain-containing protein  [Source:UniProtKB/TrEMBL;Acc:A0A8J2MEQ5],Cercopithifilaria johnstoni (PRJEB47283),protein_coding,cejohnprjeb47283
CJOHNSTONI_LOCUS3270,rna-CJOHNSTONI_LOCUS3270,199,protein_coding,Protein kinase domain-containing protein  [Source:UniProtKB/TrEMBL;Acc:A0A8J2Q5F4],Cercopithifilaria johnstoni (PRJEB47283),protein_coding,cejohnprjeb47283
CJOHNSTONI_LOCUS5558,rna-CJOHNSTONI_LOCUS5558,283,protein_coding,RNA-directed RNA polymerase  [Source:UniProtKB/TrEMBL;Acc:A0A8J2M473],Cercopithifilaria johnstoni (PRJEB47283),protein_coding,cejohnprjeb47283
CJOHNSTONI_LOCUS6566,rna-CJOHNSTONI_LOCUS6566,250,protein_coding,PHB domain-containing protein  [Source:UniProtKB/TrEMBL;Acc:A0A8J2QAI0],Cercopithifilaria johnstoni (PRJEB47283),protein_coding,cejohnprjeb47283
CJOHNSTONI_LOCUS3646,rna-CJOHNSTONI_LOCUS3646,248,protein_coding,F-box domain-containing protein  [Source:UniProtKB/TrEMBL;Acc:A0A8J2Q5V3],Cercopithifilaria johnstoni (PRJEB47283),protein_coding,cejohnprjeb47283
CJOHNSTONI_LOCUS7307,rna-CJOHNSTONI_LOCUS7307,331,protein_coding,PWWP domain-containing protein  [Source:UniProtKB/TrEMBL;Acc:A0A8J2M134],Cercopithifilaria johnstoni (PRJEB47283),protein_coding,cejohnprjeb47283
CJOHNSTONI_LOCUS7399,rna-CJOHNSTONI_LOCUS7399,518,protein_coding,WW domain-containing protein  [Source:UniProtKB/TrEMBL;Acc:A0A8J2Q2C2],Cercopithifilaria johnstoni (PRJEB47283),protein_coding,cejohnprjeb47283
CJOHNSTONI_LOCUS998,rna-CJOHNSTONI_LOCUS998,183,protein_coding,Leptin receptor gene-related protein  [Source:UniProtKB/TrEMBL;Acc:A0A8J2LM66],Cercopithifilaria johnstoni (PRJEB47283),protein_coding,cejohnprjeb47283
CJOHNSTONI_LOCUS9842,rna-CJOHNSTONI_LOCUS9842,176,protein_coding,GRANULINS domain-containing protein  [Source:UniProtKB/TrEMBL;Acc:A0A8J2MGC2],Cercopithifilaria johnstoni (PRJEB47283),protein_coding,cejohnprjeb47283
CJOHNSTONI_LOCUS7686,rna-CJOHNSTONI_LOCUS7686,239,protein_coding,GDP-fucose protein O-fucosyltransferase 2  [Source:UniProtKB/TrEMBL;Acc:A0A8J2M9Q7],Cercopithifilaria johnstoni (PRJEB47283),protein_coding,cejohnprjeb47283
CJOHNSTONI_LOCUS10342,rna-CJOHNSTONI_LOCUS10342,159,protein_coding,,Cercopithifilaria johnstoni (PRJEB47283),protein_coding,cejohnprjeb47283
CJOHNSTONI_LOCUS1600,rna-CJOHNSTONI_LOCUS1600,692,protein_coding,Extensin-like  [Source:UniProtKB/TrEMBL;Acc:A0A8J2MJD3],Cercopithifilaria johnstoni (PRJEB47283),protein_coding,cejohnprjeb47283
CJOHNSTONI_LOCUS8511,rna-CJOHNSTONI_LOCUS8511,308,protein_coding,JmjC domain-containing protein  [Source:UniProtKB/TrEMBL;Acc:A0A8J2MSZ1],Cercopithifilaria johnstoni (PRJEB47283),protein_coding,cejohnprjeb47283
CJOHNSTONI_LOCUS5839,rna-CJOHNSTONI_LOCUS5839,236,protein_coding,Innexin  [Source:UniProtKB/TrEMBL;Acc:A0A8J2M620],Cercopithifilaria johnstoni (PRJEB47283),protein_coding,cejohnprjeb47283
CJOHNSTONI_LOCUS1218,rna-CJOHNSTONI_LOCUS1218,153,protein_coding,Sodium/hydrogen exchanger  [Source:UniProtKB/TrEMBL;Acc:A0A8J2Q0K0],Cercopithifilaria johnstoni (PRJEB47283),protein_coding,cejohnprjeb47283
CJOHNSTONI_LOCUS8089,rna-CJOHNSTONI_LOCUS8089,147,protein_coding,,Cercopithifilaria johnstoni (PRJEB47283),protein_coding,cejohnprjeb47283
CJOHNSTONI_LOCUS2941,rna-CJOHNSTONI_LOCUS2941,331,protein_coding,Ion_trans domain-containing protein  [Source:UniProtKB/TrEMBL;Acc:A0A8J2LQ94],Cercopithifilaria johnstoni (PRJEB47283),protein_coding,cejohnprjeb47283
CJOHNSTONI_LOCUS3503,rna-CJOHNSTONI_LOCUS3503,161,protein_coding,Secreted protein  [Source:UniProtKB/TrEMBL;Acc:A0A8J2M441],Cercopithifilaria johnstoni (PRJEB47283),protein_coding,cejohnprjeb47283
CJOHNSTONI_LOCUS86,rna-CJOHNSTONI_LOCUS86,245,protein_coding,Collagen-like protein  [Source:UniProtKB/TrEMBL;Acc:A0A8J2LY28],Cercopithifilaria johnstoni (PRJEB47283),protein_coding,cejohnprjeb47283
CJOHNSTONI_LOCUS1323,rna-CJOHNSTONI_LOCUS1323,219,protein_coding,RNA helicase  [Source:UniProtKB/TrEMBL;Acc:A0A8J2LVS5],Cercopithifilaria johnstoni (PRJEB47283),protein_coding,cejohnprjeb47283
CJOHNSTONI_LOCUS8289,rna-CJOHNSTONI_LOCUS8289,345,protein_coding,PlsC domain-containing protein  [Source:UniProtKB/TrEMBL;Acc:A0A8J2M2Q0],Cercopithifilaria johnstoni (PRJEB47283),protein_coding,cejohnprjeb47283
CJOHNSTONI_LOCUS6678,rna-CJOHNSTONI_LOCUS6678,214,protein_coding,BTB domain-containing protein  [Source:UniProtKB/TrEMBL;Acc:A0A8J2M9M4],Cercopithifilaria johnstoni (PRJEB47283),protein_coding,cejohnprjeb47283
CJOHNSTONI_LOCUS7522,rna-CJOHNSTONI_LOCUS7522,212,protein_coding,Ras-associating domain-containing protein  [Source:UniProtKB/TrEMBL;Acc:A0A8J2MRS8],Cercopithifilaria johnstoni (PRJEB47283),protein_coding,cejohnprjeb47283
CJOHNSTONI_LOCUS6858,rna-CJOHNSTONI_LOCUS6858,203,protein_coding,DC_STAMP domain-containing protein  [Source:UniProtKB/TrEMBL;Acc:A0A8J2M7U0],Cercopithifilaria johnstoni (PRJEB47283),protein_coding,cejohnprjeb47283
CJOHNSTONI_LOCUS1945,rna-CJOHNSTONI_LOCUS1945,204,protein_coding,Retrovirus-related Pol polyprotein from transposon TNT 1-94  [Source:UniProtKB/TrEMBL;Acc:A0A8J2Q8X9],Cercopithifilaria johnstoni (PRJEB47283),protein_coding,cejohnprjeb47283
CJOHNSTONI_LOCUS599,rna-CJOHNSTONI_LOCUS599,225,protein_coding,Peptidase S1 domain-containing protein  [Source:UniProtKB/TrEMBL;Acc:A0A8J2LYY9],Cercopithifilaria johnstoni (PRJEB47283),protein_coding,cejohnprjeb47283
CJOHNSTONI_LOCUS9562,rna-CJOHNSTONI_LOCUS9562,182,protein_coding,NADH dehydrogenase subunit 6  [Source:UniProtKB/TrEMBL;Acc:A0A8J2MCD3],Cercopithifilaria johnstoni (PRJEB47283),protein_coding,cejohnprjeb47283
CJOHNSTONI_LOCUS5505,rna-CJOHNSTONI_LOCUS5505,149,protein_coding,,Cercopithifilaria johnstoni (PRJEB47283),protein_coding,cejohnprjeb47283
CJOHNSTONI_LOCUS10336,rna-CJOHNSTONI_LOCUS10336,328,protein_coding,Prolactin receptor  [Source:UniProtKB/TrEMBL;Acc:A0A8J2MDF1],Cercopithifilaria johnstoni (PRJEB47283),protein_coding,cejohnprjeb47283
CJOHNSTONI_LOCUS5351,rna-CJOHNSTONI_LOCUS5351-3,145,protein_coding,Wheel domain-containing protein  [Source:UniProtKB/TrEMBL;Acc:A0A8J2LXX9],Cercopithifilaria johnstoni (PRJEB47283),protein_coding,cejohnprjeb47283
CJOHNSTONI_LOCUS1987,rna-CJOHNSTONI_LOCUS1987,256,protein_coding,Homeobox domain-containing protein  [Source:UniProtKB/TrEMBL;Acc:A0A8J2M1P8],Cercopithifilaria johnstoni (PRJEB47283),protein_coding,cejohnprjeb47283
CJOHNSTONI_LOCUS7923,rna-CJOHNSTONI_LOCUS7923,275,protein_coding,JmjC domain-containing protein  [Source:UniProtKB/TrEMBL;Acc:A0A8J2MC36],Cercopithifilaria johnstoni (PRJEB47283),protein_coding,cejohnprjeb47283
CJOHNSTONI_LOCUS3298,rna-CJOHNSTONI_LOCUS3298,221,protein_coding,Secreted protein  [Source:UniProtKB/TrEMBL;Acc:A0A8J2M188],Cercopithifilaria johnstoni (PRJEB47283),protein_coding,cejohnprjeb47283
CJOHNSTONI_LOCUS4483,rna-CJOHNSTONI_LOCUS4483,234,protein_coding,Valine--tRNA ligase  [Source:UniProtKB/TrEMBL;Acc:A0A8J2M3J7],Cercopithifilaria johnstoni (PRJEB47283),protein_coding,cejohnprjeb47283
CJOHNSTONI_LOCUS7622,rna-CJOHNSTONI_LOCUS7622,220,protein_coding,Protein arginine methyltransferase NDUFAF7  [Source:UniProtKB/TrEMBL;Acc:A0A8J2PW94],Cercopithifilaria johnstoni (PRJEB47283),protein_coding,cejohnprjeb47283
CJOHNSTONI_LOCUS7958,rna-CJOHNSTONI_LOCUS7958,213,protein_coding,WD_REPEATS_REGION domain-containing protein  [Source:UniProtKB/TrEMBL;Acc:A0A8J2Q2T0],Cercopithifilaria johnstoni (PRJEB47283),protein_coding,cejohnprjeb47283
CJOHNSTONI_LOCUS6097,rna-CJOHNSTONI_LOCUS6097,200,protein_coding,Cleavage and polyadenylation specificity factor subunit 5  [Source:UniProtKB/TrEMBL;Acc:A0A8J2M6E0],Cercopithifilaria johnstoni (PRJEB47283),protein_coding,cejohnprjeb47283
CJOHNSTONI_LOCUS4900,rna-CJOHNSTONI_LOCUS4900,206,protein_coding,Clathrin light chain  [Source:UniProtKB/TrEMBL;Acc:A0A8J2M6C6],Cercopithifilaria johnstoni (PRJEB47283),protein_coding,cejohnprjeb47283
CJOHNSTONI_LOCUS5609,rna-CJOHNSTONI_LOCUS5609,180,protein_coding,Transporter  [Source:UniProtKB/TrEMBL;Acc:A0A8J2Q4H0],Cercopithifilaria johnstoni (PRJEB47283),protein_coding,cejohnprjeb47283
CJOHNSTONI_LOCUS4078,rna-CJOHNSTONI_LOCUS4078,332,protein_coding,ADP/ATP translocase  [Source:UniProtKB/TrEMBL;Acc:A0A8J2Q304],Cercopithifilaria johnstoni (PRJEB47283),protein_coding,cejohnprjeb47283
CJOHNSTONI_LOCUS1223,rna-CJOHNSTONI_LOCUS1223,228,protein_coding,AMP-binding domain-containing protein  [Source:UniProtKB/TrEMBL;Acc:A0A8J2MIP6],Cercopithifilaria johnstoni (PRJEB47283),protein_coding,cejohnprjeb47283
CJOHNSTONI_LOCUS9446,rna-CJOHNSTONI_LOCUS9446,167,protein_coding,BHLH domain-containing protein  [Source:UniProtKB/TrEMBL;Acc:A0A8J2Q967],Cercopithifilaria johnstoni (PRJEB47283),protein_coding,cejohnprjeb47283
CJOHNSTONI_LOCUS4945,rna-CJOHNSTONI_LOCUS4945,211,protein_coding,NAD(+) kinase  [Source:UniProtKB/TrEMBL;Acc:A0A8J2Q3X2],Cercopithifilaria johnstoni (PRJEB47283),protein_coding,cejohnprjeb47283
CJOHNSTONI_LOCUS1582,rna-CJOHNSTONI_LOCUS1582,173,protein_coding,,Cercopithifilaria johnstoni (PRJEB47283),protein_coding,cejohnprjeb47283
CJOHNSTONI_LOCUS4186,rna-CJOHNSTONI_LOCUS4186,912,protein_coding,Potassium channel domain-containing protein  [Source:UniProtKB/TrEMBL;Acc:A0A8J2M5B0],Cercopithifilaria johnstoni (PRJEB47283),protein_coding,cejohnprjeb47283
CJOHNSTONI_LOCUS2918,rna-CJOHNSTONI_LOCUS2918,360,protein_coding,VWFA domain-containing protein  [Source:UniProtKB/TrEMBL;Acc:A0A8J2MLG1],Cercopithifilaria johnstoni (PRJEB47283),protein_coding,cejohnprjeb47283
CJOHNSTONI_LOCUS3709,rna-CJOHNSTONI_LOCUS3709,944,protein_coding,Leucine-rich repeat-containing protein let-4  [Source:UniProtKB/TrEMBL;Acc:A0A8J2M051],Cercopithifilaria johnstoni (PRJEB47283),protein_coding,cejohnprjeb47283
CJOHNSTONI_LOCUS1167,rna-CJOHNSTONI_LOCUS1167,251,protein_coding,Nipped-B protein  [Source:UniProtKB/TrEMBL;Acc:A0A8J2LWT9],Cercopithifilaria johnstoni (PRJEB47283),protein_coding,cejohnprjeb47283
CJOHNSTONI_LOCUS7075,rna-CJOHNSTONI_LOCUS7075,218,protein_coding,,Cercopithifilaria johnstoni (PRJEB47283),protein_coding,cejohnprjeb47283
CJOHNSTONI_LOCUS5448,rna-CJOHNSTONI_LOCUS5448,218,protein_coding,Copper transporter  [Source:UniProtKB/TrEMBL;Acc:A0A8J2M598],Cercopithifilaria johnstoni (PRJEB47283),protein_coding,cejohnprjeb47283
CJOHNSTONI_LOCUS4047,rna-CJOHNSTONI_LOCUS4047,223,protein_coding,Adenosine 3'-phospho 5'-phosphosulfate transporter 1  [Source:UniProtKB/TrEMBL;Acc:A0A8J2M2S1],Cercopithifilaria johnstoni (PRJEB47283),protein_coding,cejohnprjeb47283
CJOHNSTONI_LOCUS2758,rna-CJOHNSTONI_LOCUS2758,217,protein_coding,Rac GTPase-activating protein 1  [Source:UniProtKB/TrEMBL;Acc:A0A8J2Q995],Cercopithifilaria johnstoni (PRJEB47283),protein_coding,cejohnprjeb47283
CJOHNSTONI_LOCUS4039,rna-CJOHNSTONI_LOCUS4039,215,protein_coding,,Cercopithifilaria johnstoni (PRJEB47283),protein_coding,cejohnprjeb47283
CJOHNSTONI_LOCUS3569,rna-CJOHNSTONI_LOCUS3569,408,protein_coding,C2H2-type domain-containing protein  [Source:UniProtKB/TrEMBL;Acc:A0A8J2M1W4],Cercopithifilaria johnstoni (PRJEB47283),protein_coding,cejohnprjeb47283
CJOHNSTONI_LOCUS6738,rna-CJOHNSTONI_LOCUS6738,202,protein_coding,Ig-like domain-containing protein  [Source:UniProtKB/TrEMBL;Acc:A0A8J2M0L9],Cercopithifilaria johnstoni (PRJEB47283),protein_coding,cejohnprjeb47283
CJOHNSTONI_LOCUS8820,rna-CJOHNSTONI_LOCUS8820,196,protein_coding,"28S ribosomal protein S33, mitochondrial  [Source:UniProtKB/TrEMBL;Acc:A0A8J2Q6K6]",Cercopithifilaria johnstoni (PRJEB47283),protein_coding,cejohnprjeb47283
CJOHNSTONI_LOCUS8266,rna-CJOHNSTONI_LOCUS8266,188,protein_coding,NADH dehydrogenase [ubiquinone] 1 beta subcomplex subunit 9  [Source:UniProtKB/TrEMBL;Acc:A0A8J2MB36],Cercopithifilaria johnstoni (PRJEB47283),protein_coding,cejohnprjeb47283
CJOHNSTONI_LOCUS6844,rna-CJOHNSTONI_LOCUS6844,178,protein_coding,Secreted protein  [Source:UniProtKB/TrEMBL;Acc:A0A8J2MA04],Cercopithifilaria johnstoni (PRJEB47283),protein_coding,cejohnprjeb47283
CJOHNSTONI_LOCUS829,rna-CJOHNSTONI_LOCUS829,1935,protein_coding,Adenylyl cyclase-associated protein  [Source:UniProtKB/TrEMBL;Acc:A0A8J2LWF8],Cercopithifilaria johnstoni (PRJEB47283),protein_coding,cejohnprjeb47283
CJOHNSTONI_LOCUS6847,rna-CJOHNSTONI_LOCUS6847,188,protein_coding,Rhomboid protease  [Source:UniProtKB/TrEMBL;Acc:A0A8J2M8D8],Cercopithifilaria johnstoni (PRJEB47283),protein_coding,cejohnprjeb47283
CJOHNSTONI_LOCUS4680,rna-CJOHNSTONI_LOCUS4680,149,protein_coding,Clusterin-associated protein 1  [Source:UniProtKB/TrEMBL;Acc:A0A8J2M3W4],Cercopithifilaria johnstoni (PRJEB47283),protein_coding,cejohnprjeb47283
CJOHNSTONI_LOCUS5820,rna-CJOHNSTONI_LOCUS5820,197,protein_coding,Cytochrome b-c1 complex subunit 6  [Source:UniProtKB/TrEMBL;Acc:A0A8J2LYS2],Cercopithifilaria johnstoni (PRJEB47283),protein_coding,cejohnprjeb47283
CJOHNSTONI_LOCUS952,rna-CJOHNSTONI_LOCUS952,135,protein_coding,CaMKII_AD domain-containing protein  [Source:UniProtKB/TrEMBL;Acc:A0A8J2Q8C7],Cercopithifilaria johnstoni (PRJEB47283),protein_coding,cejohnprjeb47283
CJOHNSTONI_LOCUS6229,rna-CJOHNSTONI_LOCUS6229,242,protein_coding,Homeobox domain-containing protein  [Source:UniProtKB/TrEMBL;Acc:A0A8J2M8Q6],Cercopithifilaria johnstoni (PRJEB47283),protein_coding,cejohnprjeb47283
CJOHNSTONI_LOCUS5278,rna-CJOHNSTONI_LOCUS5278,209,protein_coding,Sphingosine-1-phosphate lyase 1  [Source:UniProtKB/TrEMBL;Acc:A0A8J2M713],Cercopithifilaria johnstoni (PRJEB47283),protein_coding,cejohnprjeb47283
CJOHNSTONI_LOCUS3771,rna-CJOHNSTONI_LOCUS3771,193,protein_coding,Phospholipid-transporting ATPase  [Source:UniProtKB/TrEMBL;Acc:A0A8J2Q2R8],Cercopithifilaria johnstoni (PRJEB47283),protein_coding,cejohnprjeb47283
CJOHNSTONI_LOCUS200,rna-CJOHNSTONI_LOCUS200,187,protein_coding,Phorbol-ester/DAG-type domain-containing protein  [Source:UniProtKB/TrEMBL;Acc:A0A8J2LTM9],Cercopithifilaria johnstoni (PRJEB47283),protein_coding,cejohnprjeb47283
CJOHNSTONI_LOCUS7022,rna-CJOHNSTONI_LOCUS7022,827,protein_coding,Death domain-containing protein  [Source:UniProtKB/TrEMBL;Acc:A0A8J2Q8B9],Cercopithifilaria johnstoni (PRJEB47283),protein_coding,cejohnprjeb47283
CJOHNSTONI_LOCUS7836,rna-CJOHNSTONI_LOCUS7836,1010,protein_coding,Zinc finger protein 782  [Source:UniProtKB/TrEMBL;Acc:A0A8J2Q2Q0],Cercopithifilaria johnstoni (PRJEB47283),protein_coding,cejohnprjeb47283
CJOHNSTONI_LOCUS1532,rna-CJOHNSTONI_LOCUS1532,326,protein_coding,Ubiquitinyl hydrolase 1  [Source:UniProtKB/TrEMBL;Acc:A0A8J2LW79],Cercopithifilaria johnstoni (PRJEB47283),protein_coding,cejohnprjeb47283
CJOHNSTONI_LOCUS8509,rna-CJOHNSTONI_LOCUS8509,245,protein_coding,Oxysterol-binding protein  [Source:UniProtKB/TrEMBL;Acc:A0A8J2M3S5],Cercopithifilaria johnstoni (PRJEB47283),protein_coding,cejohnprjeb47283
CJOHNSTONI_LOCUS7903,rna-CJOHNSTONI_LOCUS7903,204,protein_coding,Protein phosphatase methylesterase 1  [Source:UniProtKB/TrEMBL;Acc:A0A8J2QAS9],Cercopithifilaria johnstoni (PRJEB47283),protein_coding,cejohnprjeb47283
CJOHNSTONI_LOCUS198,rna-CJOHNSTONI_LOCUS198,196,protein_coding,Molybdopterin synthase catalytic subunit  [Source:UniProtKB/TrEMBL;Acc:A0A8J2LY91],Cercopithifilaria johnstoni (PRJEB47283),protein_coding,cejohnprjeb47283
CJOHNSTONI_LOCUS2310,rna-CJOHNSTONI_LOCUS2310,144,protein_coding,Protein kinase domain-containing protein  [Source:UniProtKB/TrEMBL;Acc:A0A8J2M274],Cercopithifilaria johnstoni (PRJEB47283),protein_coding,cejohnprjeb47283
CJOHNSTONI_LOCUS4434,rna-CJOHNSTONI_LOCUS4434,254,protein_coding,BPI1 domain-containing protein  [Source:UniProtKB/TrEMBL;Acc:A0A8J2Q3A0],Cercopithifilaria johnstoni (PRJEB47283),protein_coding,cejohnprjeb47283
CJOHNSTONI_LOCUS8367,rna-CJOHNSTONI_LOCUS8367,199,protein_coding,RING-type domain-containing protein  [Source:UniProtKB/TrEMBL;Acc:A0A8J2PX94],Cercopithifilaria johnstoni (PRJEB47283),protein_coding,cejohnprjeb47283
CJOHNSTONI_LOCUS9887,rna-CJOHNSTONI_LOCUS9887,172,protein_coding,Twinfilin-1  [Source:UniProtKB/TrEMBL;Acc:A0A8J2MCQ2],Cercopithifilaria johnstoni (PRJEB47283),protein_coding,cejohnprjeb47283
CJOHNSTONI_LOCUS510,rna-CJOHNSTONI_LOCUS510,166,protein_coding,BPTI/Kunitz inhibitor domain-containing protein  [Source:UniProtKB/TrEMBL;Acc:A0A8J2LND1],Cercopithifilaria johnstoni (PRJEB47283),protein_coding,cejohnprjeb47283
CJOHNSTONI_LOCUS4786,rna-CJOHNSTONI_LOCUS4786,216,protein_coding,Poly [ADP-ribose] polymerase  [Source:UniProtKB/TrEMBL;Acc:A0A8J2LTV6],Cercopithifilaria johnstoni (PRJEB47283),protein_coding,cejohnprjeb47283
CJOHNSTONI_LOCUS7184,rna-CJOHNSTONI_LOCUS7184,133,protein_coding,Ndr family protein  [Source:UniProtKB/TrEMBL;Acc:A0A8J2QAM6],Cercopithifilaria johnstoni (PRJEB47283),protein_coding,cejohnprjeb47283
CJOHNSTONI_LOCUS6001,rna-CJOHNSTONI_LOCUS6001,225,protein_coding,PrgI family protein  [Source:UniProtKB/TrEMBL;Acc:A0A8J2M6S2],Cercopithifilaria johnstoni (PRJEB47283),protein_coding,cejohnprjeb47283
CJOHNSTONI_LOCUS7690,rna-CJOHNSTONI_LOCUS7690,124,protein_coding,PA2c domain-containing protein  [Source:UniProtKB/TrEMBL;Acc:A0A8J2PWB4],Cercopithifilaria johnstoni (PRJEB47283),protein_coding,cejohnprjeb47283
CJOHNSTONI_LOCUS6588,rna-CJOHNSTONI_LOCUS6588,237,protein_coding,,Cercopithifilaria johnstoni (PRJEB47283),protein_coding,cejohnprjeb47283
CJOHNSTONI_LOCUS8970,rna-CJOHNSTONI_LOCUS8970,195,protein_coding,HEAT repeat domain-containing protein  [Source:UniProtKB/TrEMBL;Acc:A0A8J2MES1],Cercopithifilaria johnstoni (PRJEB47283),protein_coding,cejohnprjeb47283
CJOHNSTONI_LOCUS1996,rna-CJOHNSTONI_LOCUS1996,213,protein_coding,Protein phosphatase 1 regulatory subunit 21  [Source:UniProtKB/TrEMBL;Acc:A0A8J2Q8Y7],Cercopithifilaria johnstoni (PRJEB47283),protein_coding,cejohnprjeb47283
CJOHNSTONI_LOCUS5651,rna-CJOHNSTONI_LOCUS5651,203,protein_coding,,Cercopithifilaria johnstoni (PRJEB47283),protein_coding,cejohnprjeb47283
CJOHNSTONI_LOCUS6294,rna-CJOHNSTONI_LOCUS6294,119,protein_coding,Protein FAM32A  [Source:UniProtKB/TrEMBL;Acc:A0A8J2LZU3],Cercopithifilaria johnstoni (PRJEB47283),protein_coding,cejohnprjeb47283
CJOHNSTONI_LOCUS5610,rna-CJOHNSTONI_LOCUS5610,207,protein_coding,Protein kinase domain-containing protein  [Source:UniProtKB/TrEMBL;Acc:A0A8J2QAB0],Cercopithifilaria johnstoni (PRJEB47283),protein_coding,cejohnprjeb47283
CJOHNSTONI_LOCUS4151,rna-CJOHNSTONI_LOCUS4151,388,protein_coding,DUF4211 domain-containing protein  [Source:UniProtKB/TrEMBL;Acc:A0A8J2Q9U3],Cercopithifilaria johnstoni (PRJEB47283),protein_coding,cejohnprjeb47283
CJOHNSTONI_LOCUS3978,rna-CJOHNSTONI_LOCUS3978,179,protein_coding,Geminin  [Source:UniProtKB/TrEMBL;Acc:A0A8J2Q6B1],Cercopithifilaria johnstoni (PRJEB47283),protein_coding,cejohnprjeb47283
CJOHNSTONI_LOCUS1569,rna-CJOHNSTONI_LOCUS1569,238,protein_coding,G_PROTEIN_RECEP_F1_2 domain-containing protein  [Source:UniProtKB/TrEMBL;Acc:A0A8J2LN31],Cercopithifilaria johnstoni (PRJEB47283),protein_coding,cejohnprjeb47283
CJOHNSTONI_LOCUS927,rna-CJOHNSTONI_LOCUS927,278,protein_coding,Interglobin  [Source:UniProtKB/TrEMBL;Acc:A0A8J2LP71],Cercopithifilaria johnstoni (PRJEB47283),protein_coding,cejohnprjeb47283
CJOHNSTONI_LOCUS6086,rna-CJOHNSTONI_LOCUS6086,223,protein_coding,RING finger protein 207  [Source:UniProtKB/TrEMBL;Acc:A0A8J2M635],Cercopithifilaria johnstoni (PRJEB47283),protein_coding,cejohnprjeb47283
CJOHNSTONI_LOCUS6459,rna-CJOHNSTONI_LOCUS6459,233,protein_coding,Anaphase-promoting complex subunit 10  [Source:UniProtKB/TrEMBL;Acc:A0A8J2M957],Cercopithifilaria johnstoni (PRJEB47283),protein_coding,cejohnprjeb47283
CJOHNSTONI_LOCUS1517,rna-CJOHNSTONI_LOCUS1517,244,protein_coding,Hyaluronidase  [Source:UniProtKB/TrEMBL;Acc:A0A8J2LW68],Cercopithifilaria johnstoni (PRJEB47283),protein_coding,cejohnprjeb47283
CJOHNSTONI_LOCUS1043,rna-CJOHNSTONI_LOCUS1043,221,protein_coding,AT-hook motif nuclear-localized protein  [Source:UniProtKB/TrEMBL;Acc:A0A8J2LVD2],Cercopithifilaria johnstoni (PRJEB47283),protein_coding,cejohnprjeb47283
CJOHNSTONI_LOCUS7106,rna-CJOHNSTONI_LOCUS7106,161,protein_coding,Succinate dehydrogenase assembly factor 3  [Source:UniProtKB/TrEMBL;Acc:A0A8J2M1H3],Cercopithifilaria johnstoni (PRJEB47283),protein_coding,cejohnprjeb47283
CJOHNSTONI_LOCUS4834,rna-CJOHNSTONI_LOCUS4834,203,protein_coding,Cytoplasmic polyadenylation element-binding protein 2  [Source:UniProtKB/TrEMBL;Acc:A0A8J2M3L9],Cercopithifilaria johnstoni (PRJEB47283),protein_coding,cejohnprjeb47283
CJOHNSTONI_LOCUS4245,rna-CJOHNSTONI_LOCUS4245,402,protein_coding,PCD23  [Source:UniProtKB/TrEMBL;Acc:A0A8J2Q6S2],Cercopithifilaria johnstoni (PRJEB47283),protein_coding,cejohnprjeb47283
CJOHNSTONI_LOCUS6736,rna-CJOHNSTONI_LOCUS6736-3,224,protein_coding,Transmembrane protein 47  [Source:UniProtKB/TrEMBL;Acc:A0A8J2PUZ8],Cercopithifilaria johnstoni (PRJEB47283),protein_coding,cejohnprjeb47283
CJOHNSTONI_LOCUS1098,rna-CJOHNSTONI_LOCUS1098,220,protein_coding,BHLH domain-containing protein  [Source:UniProtKB/TrEMBL;Acc:A0A8J2LPI5],Cercopithifilaria johnstoni (PRJEB47283),protein_coding,cejohnprjeb47283
CJOHNSTONI_LOCUS2647,rna-CJOHNSTONI_LOCUS2647,770,protein_coding,Moesin/ezrin/radixin homolog 1  [Source:UniProtKB/TrEMBL;Acc:A0A8J2LSD6],Cercopithifilaria johnstoni (PRJEB47283),protein_coding,cejohnprjeb47283
CJOHNSTONI_LOCUS4316,rna-CJOHNSTONI_LOCUS4316,319,protein_coding,E3 ubiquitin-protein ligase  [Source:UniProtKB/TrEMBL;Acc:A0A8J2Q9W7],Cercopithifilaria johnstoni (PRJEB47283),protein_coding,cejohnprjeb47283
CJOHNSTONI_LOCUS5434,rna-CJOHNSTONI_LOCUS5434,166,protein_coding,,Cercopithifilaria johnstoni (PRJEB47283),protein_coding,cejohnprjeb47283
CJOHNSTONI_LOCUS7206,rna-CJOHNSTONI_LOCUS7206,162,protein_coding,DUF1752 domain-containing protein  [Source:UniProtKB/TrEMBL;Acc:A0A8J2M953],Cercopithifilaria johnstoni (PRJEB47283),protein_coding,cejohnprjeb47283
CJOHNSTONI_LOCUS8487,rna-CJOHNSTONI_LOCUS8487,1343,protein_coding,Collagen_trimer domain-containing protein  [Source:UniProtKB/TrEMBL;Acc:A0A8J2MC37],Cercopithifilaria johnstoni (PRJEB47283),protein_coding,cejohnprjeb47283
CJOHNSTONI_LOCUS1413,rna-CJOHNSTONI_LOCUS1413,266,protein_coding,Acyl_transf_3 domain-containing protein  [Source:UniProtKB/TrEMBL;Acc:A0A8J2Q3V0],Cercopithifilaria johnstoni (PRJEB47283),protein_coding,cejohnprjeb47283
CJOHNSTONI_LOCUS2261,rna-CJOHNSTONI_LOCUS2261,232,protein_coding,Chitin-binding type-2 domain-containing protein  [Source:UniProtKB/TrEMBL;Acc:A0A8J2Q4J4],Cercopithifilaria johnstoni (PRJEB47283),protein_coding,cejohnprjeb47283
CJOHNSTONI_LOCUS6906,rna-CJOHNSTONI_LOCUS6906,229,protein_coding,Sodium/potassium-transporting ATPase subunit beta  [Source:UniProtKB/TrEMBL;Acc:A0A8J2QAK5],Cercopithifilaria johnstoni (PRJEB47283),protein_coding,cejohnprjeb47283
CJOHNSTONI_LOCUS4757,rna-CJOHNSTONI_LOCUS4757,218,protein_coding,,Cercopithifilaria johnstoni (PRJEB47283),protein_coding,cejohnprjeb47283
CJOHNSTONI_LOCUS5636,rna-CJOHNSTONI_LOCUS5636,1610,protein_coding,Secreted protein  [Source:UniProtKB/TrEMBL;Acc:A0A8J2MPB2],Cercopithifilaria johnstoni (PRJEB47283),protein_coding,cejohnprjeb47283
CJOHNSTONI_LOCUS9197,rna-CJOHNSTONI_LOCUS9197,216,protein_coding,MRP-S23 domain-containing protein  [Source:UniProtKB/TrEMBL;Acc:A0A8J2M496],Cercopithifilaria johnstoni (PRJEB47283),protein_coding,cejohnprjeb47283
CJOHNSTONI_LOCUS4648,rna-CJOHNSTONI_LOCUS4648,214,protein_coding,Glycosyltransferase family 92 protein  [Source:UniProtKB/TrEMBL;Acc:A0A8J2M3V1],Cercopithifilaria johnstoni (PRJEB47283),protein_coding,cejohnprjeb47283
CJOHNSTONI_LOCUS9771,rna-CJOHNSTONI_LOCUS9771,506,protein_coding,N-acetylglucosaminylphosphatidylinositol deacetylase  [Source:UniProtKB/TrEMBL;Acc:A0A8J2MCL8],Cercopithifilaria johnstoni (PRJEB47283),protein_coding,cejohnprjeb47283
CJOHNSTONI_LOCUS2890,rna-CJOHNSTONI_LOCUS2890,195,protein_coding,,Cercopithifilaria johnstoni (PRJEB47283),protein_coding,cejohnprjeb47283
CJOHNSTONI_LOCUS8132,rna-CJOHNSTONI_LOCUS8132,142,protein_coding,,Cercopithifilaria johnstoni (PRJEB47283),protein_coding,cejohnprjeb47283
CJOHNSTONI_LOCUS2438,rna-CJOHNSTONI_LOCUS2438,181,protein_coding,LAS1-like protein  [Source:UniProtKB/TrEMBL;Acc:A0A8J2PY31],Cercopithifilaria johnstoni (PRJEB47283),protein_coding,cejohnprjeb47283
CJOHNSTONI_LOCUS5455,rna-CJOHNSTONI_LOCUS5455,653,protein_coding,,Cercopithifilaria johnstoni (PRJEB47283),protein_coding,cejohnprjeb47283
CJOHNSTONI_LOCUS9264,rna-CJOHNSTONI_LOCUS9264,483,protein_coding,PWWP domain-containing protein  [Source:UniProtKB/TrEMBL;Acc:A0A8J2Q6S7],Cercopithifilaria johnstoni (PRJEB47283),protein_coding,cejohnprjeb47283
CJOHNSTONI_LOCUS9367,rna-CJOHNSTONI_LOCUS9367,226,protein_coding,Alpha-taxilin  [Source:UniProtKB/TrEMBL;Acc:A0A8J2M5J2],Cercopithifilaria johnstoni (PRJEB47283),protein_coding,cejohnprjeb47283
CJOHNSTONI_LOCUS1762,rna-CJOHNSTONI_LOCUS1762-2,145,protein_coding,Short coiled-coil protein  [Source:UniProtKB/TrEMBL;Acc:A0A8J2LYI4],Cercopithifilaria johnstoni (PRJEB47283),protein_coding,cejohnprjeb47283
CJOHNSTONI_LOCUS1882,rna-CJOHNSTONI_LOCUS1882,283,protein_coding,FYVE-type domain-containing protein  [Source:UniProtKB/TrEMBL;Acc:A0A8J2MK99],Cercopithifilaria johnstoni (PRJEB47283),protein_coding,cejohnprjeb47283
CJOHNSTONI_LOCUS2247,rna-CJOHNSTONI_LOCUS2247,258,protein_coding,Protein kinase domain-containing protein  [Source:UniProtKB/TrEMBL;Acc:A0A8J2LZE5],Cercopithifilaria johnstoni (PRJEB47283),protein_coding,cejohnprjeb47283
CJOHNSTONI_LOCUS9118,rna-CJOHNSTONI_LOCUS9118,130,protein_coding,Protein kish  [Source:UniProtKB/TrEMBL;Acc:A0A8J2M4W7],Cercopithifilaria johnstoni (PRJEB47283),protein_coding,cejohnprjeb47283
CJOHNSTONI_LOCUS4957,rna-CJOHNSTONI_LOCUS4957,259,protein_coding,ZP domain-containing protein  [Source:UniProtKB/TrEMBL;Acc:A0A8J2M4B0],Cercopithifilaria johnstoni (PRJEB47283),protein_coding,cejohnprjeb47283
CJOHNSTONI_LOCUS7377,rna-CJOHNSTONI_LOCUS7377,404,protein_coding,Fork-head domain-containing protein  [Source:UniProtKB/TrEMBL;Acc:A0A8J2M7U3],Cercopithifilaria johnstoni (PRJEB47283),protein_coding,cejohnprjeb47283
CJOHNSTONI_LOCUS3527,rna-CJOHNSTONI_LOCUS3527,257,protein_coding,Hemopexin family protein  [Source:UniProtKB/TrEMBL;Acc:A0A8J2LZU4],Cercopithifilaria johnstoni (PRJEB47283),protein_coding,cejohnprjeb47283
CJOHNSTONI_LOCUS4177,rna-CJOHNSTONI_LOCUS4177,226,protein_coding,Tubulin beta chain  [Source:UniProtKB/TrEMBL;Acc:A0A8J2Q6P4],Cercopithifilaria johnstoni (PRJEB47283),protein_coding,cejohnprjeb47283
CJOHNSTONI_LOCUS7853,rna-CJOHNSTONI_LOCUS7853,204,protein_coding,Phosphoacetylglucosamine mutase  [Source:UniProtKB/TrEMBL;Acc:A0A8J2M2M6],Cercopithifilaria johnstoni (PRJEB47283),protein_coding,cejohnprjeb47283
CJOHNSTONI_LOCUS5727,rna-CJOHNSTONI_LOCUS5727,201,protein_coding,IRS-type PTB domain-containing protein  [Source:UniProtKB/TrEMBL;Acc:A0A8J2M5I9],Cercopithifilaria johnstoni (PRJEB47283),protein_coding,cejohnprjeb47283
CJOHNSTONI_LOCUS2738,rna-CJOHNSTONI_LOCUS2738,189,protein_coding,HMG box domain-containing protein  [Source:UniProtKB/TrEMBL;Acc:A0A8J2LZZ1],Cercopithifilaria johnstoni (PRJEB47283),protein_coding,cejohnprjeb47283
CJOHNSTONI_LOCUS9558,rna-CJOHNSTONI_LOCUS9558,359,protein_coding,,Cercopithifilaria johnstoni (PRJEB47283),protein_coding,cejohnprjeb47283
CJOHNSTONI_LOCUS9325,rna-CJOHNSTONI_LOCUS9325,265,protein_coding,Prothymosin alpha  [Source:UniProtKB/TrEMBL;Acc:A0A8J2M4H7],Cercopithifilaria johnstoni (PRJEB47283),protein_coding,cejohnprjeb47283
CJOHNSTONI_LOCUS4376,rna-CJOHNSTONI_LOCUS4376,350,protein_coding,UDENN FNIP1/2-type domain-containing protein  [Source:UniProtKB/TrEMBL;Acc:A0A8J2Q6V2],Cercopithifilaria johnstoni (PRJEB47283),protein_coding,cejohnprjeb47283
CJOHNSTONI_LOCUS6786,rna-CJOHNSTONI_LOCUS6786,308,protein_coding,Hexosyltransferase  [Source:UniProtKB/TrEMBL;Acc:A0A8J2MQU8],Cercopithifilaria johnstoni (PRJEB47283),protein_coding,cejohnprjeb47283
CJOHNSTONI_LOCUS10357,rna-CJOHNSTONI_LOCUS10357,341,protein_coding,Peptidase_M1 domain-containing protein  [Source:UniProtKB/TrEMBL;Acc:A0A8J2M813],Cercopithifilaria johnstoni (PRJEB47283),protein_coding,cejohnprjeb47283
CJOHNSTONI_LOCUS6381,rna-CJOHNSTONI_LOCUS6381,274,protein_coding,Presenilin  [Source:UniProtKB/TrEMBL;Acc:A0A8J2Q7Z4],Cercopithifilaria johnstoni (PRJEB47283),protein_coding,cejohnprjeb47283
CJOHNSTONI_LOCUS3398,rna-CJOHNSTONI_LOCUS3398,265,protein_coding,Aurora kinase  [Source:UniProtKB/TrEMBL;Acc:A0A8J2Q2G8],Cercopithifilaria johnstoni (PRJEB47283),protein_coding,cejohnprjeb47283
CJOHNSTONI_LOCUS3532,rna-CJOHNSTONI_LOCUS3532,235,protein_coding,Phenylalanine--tRNA ligase beta subunit  [Source:UniProtKB/TrEMBL;Acc:A0A8J2M0D8],Cercopithifilaria johnstoni (PRJEB47283),protein_coding,cejohnprjeb47283
CJOHNSTONI_LOCUS8110,rna-CJOHNSTONI_LOCUS8110,536,protein_coding,Zinc finger protein 239-like  [Source:UniProtKB/TrEMBL;Acc:A0A8J2M353],Cercopithifilaria johnstoni (PRJEB47283),protein_coding,cejohnprjeb47283
CJOHNSTONI_LOCUS7810,rna-CJOHNSTONI_LOCUS7810,422,protein_coding,ShTK domain protein  [Source:UniProtKB/TrEMBL;Acc:A0A8J2M1Y6],Cercopithifilaria johnstoni (PRJEB47283),protein_coding,cejohnprjeb47283
CJOHNSTONI_LOCUS8941,rna-CJOHNSTONI_LOCUS8941,177,protein_coding,Gamma-soluble NSF attachment protein  [Source:UniProtKB/TrEMBL;Acc:A0A8J2MD09],Cercopithifilaria johnstoni (PRJEB47283),protein_coding,cejohnprjeb47283
CJOHNSTONI_LOCUS3602,rna-CJOHNSTONI_LOCUS3602,173,protein_coding,Mitochondrial import inner membrane translocase subunit  [Source:UniProtKB/TrEMBL;Acc:A0A8J2M1C5],Cercopithifilaria johnstoni (PRJEB47283),protein_coding,cejohnprjeb47283
CJOHNSTONI_LOCUS6671,rna-CJOHNSTONI_LOCUS6671,168,protein_coding,THAP4_heme-bd domain-containing protein  [Source:UniProtKB/TrEMBL;Acc:A0A8J2Q1S0],Cercopithifilaria johnstoni (PRJEB47283),protein_coding,cejohnprjeb47283
CJOHNSTONI_LOCUS7449,rna-CJOHNSTONI_LOCUS7449,250,protein_coding,RING-type domain-containing protein  [Source:UniProtKB/TrEMBL;Acc:A0A8J2Q8H8],Cercopithifilaria johnstoni (PRJEB47283),protein_coding,cejohnprjeb47283
CJOHNSTONI_LOCUS7379,rna-CJOHNSTONI_LOCUS7379,161,protein_coding,,Cercopithifilaria johnstoni (PRJEB47283),protein_coding,cejohnprjeb47283
CJOHNSTONI_LOCUS1895,rna-CJOHNSTONI_LOCUS1895,128,protein_coding,DNA-directed RNA polymerase subunit  [Source:UniProtKB/TrEMBL;Acc:A0A8J2MKA6],Cercopithifilaria johnstoni (PRJEB47283),protein_coding,cejohnprjeb47283
CJOHNSTONI_LOCUS2373,rna-CJOHNSTONI_LOCUS2373,106,protein_coding,Biogenesis of lysosome-related organelles complex 1 subunit 7  [Source:UniProtKB/TrEMBL;Acc:A0A8J2M2B3],Cercopithifilaria johnstoni (PRJEB47283),protein_coding,cejohnprjeb47283
CJOHNSTONI_LOCUS10432,rna-CJOHNSTONI_LOCUS10432,208,protein_coding,G_PROTEIN_RECEP_F1_2 domain-containing protein  [Source:UniProtKB/TrEMBL;Acc:A0A8J2MDQ9],Cercopithifilaria johnstoni (PRJEB47283),protein_coding,cejohnprjeb47283
CJOHNSTONI_LOCUS9668,rna-CJOHNSTONI_LOCUS9668,282,protein_coding,Neurotransmitter-gated ion-channel ligand binding domain protein  [Source:UniProtKB/TrEMBL;Acc:A0A8J2Q9A0],Cercopithifilaria johnstoni (PRJEB47283),protein_coding,cejohnprjeb47283
CJOHNSTONI_LOCUS4188,rna-CJOHNSTONI_LOCUS4188,264,protein_coding,Folliculin  [Source:UniProtKB/TrEMBL;Acc:A0A8J2M2D4],Cercopithifilaria johnstoni (PRJEB47283),protein_coding,cejohnprjeb47283
CJOHNSTONI_LOCUS6196,rna-CJOHNSTONI_LOCUS6196,210,protein_coding,MFS domain-containing protein  [Source:UniProtKB/TrEMBL;Acc:A0A8J2QAF3],Cercopithifilaria johnstoni (PRJEB47283),protein_coding,cejohnprjeb47283
CJOHNSTONI_LOCUS2594,rna-CJOHNSTONI_LOCUS2594,403,protein_coding,C-type lectin domain-containing protein  [Source:UniProtKB/TrEMBL;Acc:A0A8J2Q1Q5],Cercopithifilaria johnstoni (PRJEB47283),protein_coding,cejohnprjeb47283
CJOHNSTONI_LOCUS9785,rna-CJOHNSTONI_LOCUS9785,212,protein_coding,GRIP domain-containing protein  [Source:UniProtKB/TrEMBL;Acc:A0A8J2MUG8],Cercopithifilaria johnstoni (PRJEB47283),protein_coding,cejohnprjeb47283
CJOHNSTONI_LOCUS4317,rna-CJOHNSTONI_LOCUS4317,265,protein_coding,Ras-related protein Rab-43  [Source:UniProtKB/TrEMBL;Acc:A0A8J2MMG8],Cercopithifilaria johnstoni (PRJEB47283),protein_coding,cejohnprjeb47283
CJOHNSTONI_LOCUS2702,rna-CJOHNSTONI_LOCUS2702,351,protein_coding,Actin  [Source:UniProtKB/TrEMBL;Acc:A0A8J2Q988],Cercopithifilaria johnstoni (PRJEB47283),protein_coding,cejohnprjeb47283
CJOHNSTONI_LOCUS315,rna-CJOHNSTONI_LOCUS315,1156,protein_coding,Phosphotransferase  [Source:UniProtKB/TrEMBL;Acc:A0A8J2LTV4],Cercopithifilaria johnstoni (PRJEB47283),protein_coding,cejohnprjeb47283
CJOHNSTONI_LOCUS2604,rna-CJOHNSTONI_LOCUS2604,184,protein_coding,Gp_dh_C domain-containing protein  [Source:UniProtKB/TrEMBL;Acc:A0A8J2Q1Q8],Cercopithifilaria johnstoni (PRJEB47283),protein_coding,cejohnprjeb47283
CJOHNSTONI_LOCUS1691,rna-CJOHNSTONI_LOCUS1691,242,protein_coding,TATA box-binding protein-associated factor RNA polymerase I subunit B  [Source:UniProtKB/TrEMBL;Acc:A0A8J2Q426],Cercopithifilaria johnstoni (PRJEB47283),protein_coding,cejohnprjeb47283
CJOHNSTONI_LOCUS7808,rna-CJOHNSTONI_LOCUS7808,378,protein_coding,ADP-ribosyl cyclase/cyclic ADP-ribose hydrolase  [Source:UniProtKB/TrEMBL;Acc:A0A8J2Q2P1],Cercopithifilaria johnstoni (PRJEB47283),protein_coding,cejohnprjeb47283
CJOHNSTONI_LOCUS7606,rna-CJOHNSTONI_LOCUS7606,176,protein_coding,Lysosomal acid phosphatase  [Source:UniProtKB/TrEMBL;Acc:A0A8J2M8S1],Cercopithifilaria johnstoni (PRJEB47283),protein_coding,cejohnprjeb47283
CJOHNSTONI_LOCUS6637,rna-CJOHNSTONI_LOCUS6637,171,protein_coding,Transcription factor Pcc1  [Source:UniProtKB/TrEMBL;Acc:A0A8J2MQM8],Cercopithifilaria johnstoni (PRJEB47283),protein_coding,cejohnprjeb47283
CJOHNSTONI_LOCUS2905,rna-CJOHNSTONI_LOCUS2905,223,protein_coding,RIC3 domain-containing protein  [Source:UniProtKB/TrEMBL;Acc:A0A8J2MLF6],Cercopithifilaria johnstoni (PRJEB47283),protein_coding,cejohnprjeb47283
CJOHNSTONI_LOCUS4377,rna-CJOHNSTONI_LOCUS4377,166,protein_coding,pyruvate kinase  [Source:UniProtKB/TrEMBL;Acc:A0A8J2PSY0],Cercopithifilaria johnstoni (PRJEB47283),protein_coding,cejohnprjeb47283
CJOHNSTONI_LOCUS6782,rna-CJOHNSTONI_LOCUS6782,153,protein_coding,Thioredoxin-like protein  [Source:UniProtKB/TrEMBL;Acc:A0A8J2M0I3],Cercopithifilaria johnstoni (PRJEB47283),protein_coding,cejohnprjeb47283
CJOHNSTONI_LOCUS2287,rna-CJOHNSTONI_LOCUS2287,440,protein_coding,Fork-head domain-containing protein  [Source:UniProtKB/TrEMBL;Acc:A0A8J2LZH5],Cercopithifilaria johnstoni (PRJEB47283),protein_coding,cejohnprjeb47283
CJOHNSTONI_LOCUS3538,rna-CJOHNSTONI_LOCUS3538,387,protein_coding,Mediator of RNA polymerase II transcription subunit 13  [Source:UniProtKB/TrEMBL;Acc:A0A8J2Q9K6],Cercopithifilaria johnstoni (PRJEB47283),protein_coding,cejohnprjeb47283
CJOHNSTONI_LOCUS1694,rna-CJOHNSTONI_LOCUS1694,201,protein_coding,Guanylate cyclase  [Source:UniProtKB/TrEMBL;Acc:A0A8J2Q8S1],Cercopithifilaria johnstoni (PRJEB47283),protein_coding,cejohnprjeb47283
CJOHNSTONI_LOCUS8770,rna-CJOHNSTONI_LOCUS8770,188,protein_coding,Phosphorylase b kinase regulatory subunit  [Source:UniProtKB/TrEMBL;Acc:A0A8J2M3H8],Cercopithifilaria johnstoni (PRJEB47283),protein_coding,cejohnprjeb47283
CJOHNSTONI_LOCUS1774,rna-CJOHNSTONI_LOCUS1774,181,protein_coding,Ca2+ sensor ef-hand superfamily  [Source:UniProtKB/TrEMBL;Acc:A0A8J2LY34],Cercopithifilaria johnstoni (PRJEB47283),protein_coding,cejohnprjeb47283
CJOHNSTONI_LOCUS2357,rna-CJOHNSTONI_LOCUS2357,132,protein_coding,DNA-directed RNA polymerase  [Source:UniProtKB/TrEMBL;Acc:A0A8J2LRP6],Cercopithifilaria johnstoni (PRJEB47283),protein_coding,cejohnprjeb47283
CJOHNSTONI_LOCUS5709,rna-CJOHNSTONI_LOCUS5709,230,protein_coding,CBFD_NFYB_HMF domain-containing protein  [Source:UniProtKB/TrEMBL;Acc:A0A8J2MPE4],Cercopithifilaria johnstoni (PRJEB47283),protein_coding,cejohnprjeb47283
CJOHNSTONI_LOCUS1375,rna-CJOHNSTONI_LOCUS1375,115,protein_coding,Zf-DNA_Pol domain-containing protein  [Source:UniProtKB/TrEMBL;Acc:A0A8J2LQ16],Cercopithifilaria johnstoni (PRJEB47283),protein_coding,cejohnprjeb47283
CJOHNSTONI_LOCUS9935,rna-CJOHNSTONI_LOCUS9935,206,protein_coding,Ovule protein  [Source:UniProtKB/TrEMBL;Acc:A0A8J2MV75],Cercopithifilaria johnstoni (PRJEB47283),protein_coding,cejohnprjeb47283
CJOHNSTONI_LOCUS9492,rna-CJOHNSTONI_LOCUS9492,226,protein_coding,,Cercopithifilaria johnstoni (PRJEB47283),protein_coding,cejohnprjeb47283
CJOHNSTONI_LOCUS6218,rna-CJOHNSTONI_LOCUS6218,637,protein_coding,,Cercopithifilaria johnstoni (PRJEB47283),protein_coding,cejohnprjeb47283
CJOHNSTONI_LOCUS9638,rna-CJOHNSTONI_LOCUS9638,249,protein_coding,CUB domain-containing protein  [Source:UniProtKB/TrEMBL;Acc:A0A8J2MCH2],Cercopithifilaria johnstoni (PRJEB47283),protein_coding,cejohnprjeb47283
CJOHNSTONI_LOCUS4630,rna-CJOHNSTONI_LOCUS4630,239,protein_coding,DNA replication licensing factor MCM4  [Source:UniProtKB/TrEMBL;Acc:A0A8J2MMS0],Cercopithifilaria johnstoni (PRJEB47283),protein_coding,cejohnprjeb47283
CJOHNSTONI_LOCUS4497,rna-CJOHNSTONI_LOCUS4497,240,protein_coding,DNA polymerase delta subunit 3  [Source:UniProtKB/TrEMBL;Acc:A0A8J2M5N7],Cercopithifilaria johnstoni (PRJEB47283),protein_coding,cejohnprjeb47283
CJOHNSTONI_LOCUS514,rna-CJOHNSTONI_LOCUS514,317,protein_coding,JNK1/MAPK8-associated membrane protein  [Source:UniProtKB/TrEMBL;Acc:A0A8J2LYT8],Cercopithifilaria johnstoni (PRJEB47283),protein_coding,cejohnprjeb47283
CJOHNSTONI_LOCUS9216,rna-CJOHNSTONI_LOCUS9216,198,protein_coding,Leucine-rich repeat-containing protein 51  [Source:UniProtKB/TrEMBL;Acc:A0A8J2MF87],Cercopithifilaria johnstoni (PRJEB47283),protein_coding,cejohnprjeb47283
CJOHNSTONI_LOCUS5932,rna-CJOHNSTONI_LOCUS5932,358,protein_coding,Glycosylphosphatidylinositol anchor attachment 1 protein  [Source:UniProtKB/TrEMBL;Acc:A0A8J2M5U7],Cercopithifilaria johnstoni (PRJEB47283),protein_coding,cejohnprjeb47283
CJOHNSTONI_LOCUS4527,rna-CJOHNSTONI_LOCUS4527,229,protein_coding,Acetylcholine receptor subunit alpha-type deg-3  [Source:UniProtKB/TrEMBL;Acc:A0A8J2M5Q1],Cercopithifilaria johnstoni (PRJEB47283),protein_coding,cejohnprjeb47283
CJOHNSTONI_LOCUS604,rna-CJOHNSTONI_LOCUS604,233,protein_coding,Serine/threonine-protein phosphatase 2A 55 kDa regulatory subunit B  [Source:UniProtKB/TrEMBL;Acc:A0A8J2PPQ0],Cercopithifilaria johnstoni (PRJEB47283),protein_coding,cejohnprjeb47283
CJOHNSTONI_LOCUS3296,rna-CJOHNSTONI_LOCUS3296,302,protein_coding,Nonsense-mediated mRNA decay factor SMG8  [Source:UniProtKB/TrEMBL;Acc:A0A8J2LZZ7],Cercopithifilaria johnstoni (PRJEB47283),protein_coding,cejohnprjeb47283
CJOHNSTONI_LOCUS2299,rna-CJOHNSTONI_LOCUS2299,178,protein_coding,Phosphatidylinositol transfer protein  [Source:UniProtKB/TrEMBL;Acc:A0A8J2M267],Cercopithifilaria johnstoni (PRJEB47283),protein_coding,cejohnprjeb47283
CJOHNSTONI_LOCUS2088,rna-CJOHNSTONI_LOCUS2088,266,protein_coding,,Cercopithifilaria johnstoni (PRJEB47283),protein_coding,cejohnprjeb47283
CJOHNSTONI_LOCUS9071,rna-CJOHNSTONI_LOCUS9071,220,protein_coding,Potassium channel subfamily K member 18  [Source:UniProtKB/TrEMBL;Acc:A0A8J2Q6P1],Cercopithifilaria johnstoni (PRJEB47283),protein_coding,cejohnprjeb47283
CJOHNSTONI_LOCUS9963,rna-CJOHNSTONI_LOCUS9963,437,protein_coding,Ribosomal protein L7/L12  [Source:UniProtKB/TrEMBL;Acc:A0A8J2MUK1],Cercopithifilaria johnstoni (PRJEB47283),protein_coding,cejohnprjeb47283
CJOHNSTONI_LOCUS508,rna-CJOHNSTONI_LOCUS508,194,protein_coding,ribulose-phosphate 3-epimerase  [Source:UniProtKB/TrEMBL;Acc:A0A8J2Q850],Cercopithifilaria johnstoni (PRJEB47283),protein_coding,cejohnprjeb47283
CJOHNSTONI_LOCUS2641,rna-CJOHNSTONI_LOCUS2641,226,protein_coding,,Cercopithifilaria johnstoni (PRJEB47283),protein_coding,cejohnprjeb47283
CJOHNSTONI_LOCUS5386,rna-CJOHNSTONI_LOCUS5386,204,protein_coding,Transmembrane protein  [Source:UniProtKB/TrEMBL;Acc:A0A8J2M557],Cercopithifilaria johnstoni (PRJEB47283),protein_coding,cejohnprjeb47283
CJOHNSTONI_LOCUS8844,rna-CJOHNSTONI_LOCUS8844,199,protein_coding,RPB6 homolog  [Source:UniProtKB/TrEMBL;Acc:A0A8J2MCC2],Cercopithifilaria johnstoni (PRJEB47283),protein_coding,cejohnprjeb47283
CJOHNSTONI_LOCUS8379,rna-CJOHNSTONI_LOCUS8379,199,protein_coding,Transmembrane protein  [Source:UniProtKB/TrEMBL;Acc:A0A8J2Q8S8],Cercopithifilaria johnstoni (PRJEB47283),protein_coding,cejohnprjeb47283
CJOHNSTONI_LOCUS5751,rna-CJOHNSTONI_LOCUS5751,260,protein_coding,Magnesium transporter protein 1  [Source:UniProtKB/TrEMBL;Acc:A0A8J2LYR7],Cercopithifilaria johnstoni (PRJEB47283),protein_coding,cejohnprjeb47283
CJOHNSTONI_LOCUS2672,rna-CJOHNSTONI_LOCUS2672,177,protein_coding,PseudoU_synth_2 domain-containing protein  [Source:UniProtKB/TrEMBL;Acc:A0A8J2PYA0],Cercopithifilaria johnstoni (PRJEB47283),protein_coding,cejohnprjeb47283
CJOHNSTONI_LOCUS8494,rna-CJOHNSTONI_LOCUS8494,166,protein_coding,Neuronal calcium sensor 1  [Source:UniProtKB/TrEMBL;Acc:A0A8J2M316],Cercopithifilaria johnstoni (PRJEB47283),protein_coding,cejohnprjeb47283
CJOHNSTONI_LOCUS2648,rna-CJOHNSTONI_LOCUS2648,203,protein_coding,,Cercopithifilaria johnstoni (PRJEB47283),protein_coding,cejohnprjeb47283
CJOHNSTONI_LOCUS3826,rna-CJOHNSTONI_LOCUS3826,229,protein_coding,Protein kinase domain-containing protein  [Source:UniProtKB/TrEMBL;Acc:A0A8J2Q2T1],Cercopithifilaria johnstoni (PRJEB47283),protein_coding,cejohnprjeb47283
CJOHNSTONI_LOCUS9721,rna-CJOHNSTONI_LOCUS9721,202,protein_coding,CNH domain-containing protein  [Source:UniProtKB/TrEMBL;Acc:A0A8J2MCJ5],Cercopithifilaria johnstoni (PRJEB47283),protein_coding,cejohnprjeb47283
CJOHNSTONI_LOCUS1967,rna-CJOHNSTONI_LOCUS1967,143,protein_coding,Secreted protein  [Source:UniProtKB/TrEMBL;Acc:A0A8J2Q164],Cercopithifilaria johnstoni (PRJEB47283),protein_coding,cejohnprjeb47283
CJOHNSTONI_LOCUS6254,rna-CJOHNSTONI_LOCUS6254,178,protein_coding,Transposase  [Source:UniProtKB/TrEMBL;Acc:A0A8J2M5Q7],Cercopithifilaria johnstoni (PRJEB47283),protein_coding,cejohnprjeb47283
CJOHNSTONI_LOCUS1240,rna-CJOHNSTONI_LOCUS1240,205,protein_coding,Apple domain-containing protein  [Source:UniProtKB/TrEMBL;Acc:A0A8J2LVK6],Cercopithifilaria johnstoni (PRJEB47283),protein_coding,cejohnprjeb47283
CJOHNSTONI_LOCUS1845,rna-CJOHNSTONI_LOCUS1845,104,protein_coding,,Cercopithifilaria johnstoni (PRJEB47283),protein_coding,cejohnprjeb47283
CJOHNSTONI_LOCUS2842,rna-CJOHNSTONI_LOCUS2842,210,protein_coding,non-specific serine/threonine protein kinase  [Source:UniProtKB/TrEMBL;Acc:A0A8J2LQ57],Cercopithifilaria johnstoni (PRJEB47283),protein_coding,cejohnprjeb47283
CJOHNSTONI_LOCUS10140,rna-CJOHNSTONI_LOCUS10140,267,protein_coding,,Cercopithifilaria johnstoni (PRJEB47283),protein_coding,cejohnprjeb47283
CJOHNSTONI_LOCUS5673,rna-CJOHNSTONI_LOCUS5673,219,protein_coding,LIN-24 (Twenty-four) Like  [Source:UniProtKB/TrEMBL;Acc:A0A8J2Q7K4],Cercopithifilaria johnstoni (PRJEB47283),protein_coding,cejohnprjeb47283
CJOHNSTONI_LOCUS2399,rna-CJOHNSTONI_LOCUS2399,117,protein_coding,HATPase_c domain-containing protein  [Source:UniProtKB/TrEMBL;Acc:A0A8J2LXX2],Cercopithifilaria johnstoni (PRJEB47283),protein_coding,cejohnprjeb47283
CJOHNSTONI_LOCUS5337,rna-CJOHNSTONI_LOCUS5337,210,protein_coding,Vps8 domain-containing protein  [Source:UniProtKB/TrEMBL;Acc:A0A8J2LW25],Cercopithifilaria johnstoni (PRJEB47283),protein_coding,cejohnprjeb47283
CJOHNSTONI_LOCUS10402,rna-CJOHNSTONI_LOCUS10402,139,protein_coding,ARF7EP_C domain-containing protein  [Source:UniProtKB/TrEMBL;Acc:A0A8J2M841],Cercopithifilaria johnstoni (PRJEB47283),protein_coding,cejohnprjeb47283
CJOHNSTONI_LOCUS7098,rna-CJOHNSTONI_LOCUS7098,199,protein_coding,DinB family protein  [Source:UniProtKB/TrEMBL;Acc:A0A8J2M940],Cercopithifilaria johnstoni (PRJEB47283),protein_coding,cejohnprjeb47283
CJOHNSTONI_LOCUS8633,rna-CJOHNSTONI_LOCUS8633,232,protein_coding,Protein ovo  [Source:UniProtKB/TrEMBL;Acc:A0A8J2Q8V3],Cercopithifilaria johnstoni (PRJEB47283),protein_coding,cejohnprjeb47283
CJOHNSTONI_LOCUS6583,rna-CJOHNSTONI_LOCUS6583,564,protein_coding,Meckelin  [Source:UniProtKB/TrEMBL;Acc:A0A8J2M6E2],Cercopithifilaria johnstoni (PRJEB47283),protein_coding,cejohnprjeb47283
CJOHNSTONI_LOCUS648,rna-CJOHNSTONI_LOCUS648,548,protein_coding,Zinc finger protein  [Source:UniProtKB/TrEMBL;Acc:A0A8J2Q018],Cercopithifilaria johnstoni (PRJEB47283),protein_coding,cejohnprjeb47283
CJOHNSTONI_LOCUS109,rna-CJOHNSTONI_LOCUS109,215,protein_coding,AA_permease domain-containing protein  [Source:UniProtKB/TrEMBL;Acc:A0A8J2Q7W6],Cercopithifilaria johnstoni (PRJEB47283),protein_coding,cejohnprjeb47283
CJOHNSTONI_LOCUS9934,rna-CJOHNSTONI_LOCUS9934,201,protein_coding,G protein-coupled receptor kinase  [Source:UniProtKB/TrEMBL;Acc:A0A8J2MUJ6],Cercopithifilaria johnstoni (PRJEB47283),protein_coding,cejohnprjeb47283
CJOHNSTONI_LOCUS5910,rna-CJOHNSTONI_LOCUS5910,339,protein_coding,RRM domain-containing protein  [Source:UniProtKB/TrEMBL;Acc:A0A8J2Q145],Cercopithifilaria johnstoni (PRJEB47283),protein_coding,cejohnprjeb47283
CJOHNSTONI_LOCUS4065,rna-CJOHNSTONI_LOCUS4065,231,protein_coding,C2H2-type domain-containing protein  [Source:UniProtKB/TrEMBL;Acc:A0A8J2Q2Z7],Cercopithifilaria johnstoni (PRJEB47283),protein_coding,cejohnprjeb47283
CJOHNSTONI_LOCUS10459,rna-CJOHNSTONI_LOCUS10459,176,protein_coding,CUB domain-containing protein  [Source:UniProtKB/TrEMBL;Acc:A0A8J2MHE3],Cercopithifilaria johnstoni (PRJEB47283),protein_coding,cejohnprjeb47283
CJOHNSTONI_LOCUS874,rna-CJOHNSTONI_LOCUS874,245,protein_coding,Sec3-PIP2_bind domain-containing protein  [Source:UniProtKB/TrEMBL;Acc:A0A8J2MI43],Cercopithifilaria johnstoni (PRJEB47283),protein_coding,cejohnprjeb47283
CJOHNSTONI_LOCUS2689,rna-CJOHNSTONI_LOCUS2689,230,protein_coding,BTB domain-containing protein  [Source:UniProtKB/TrEMBL;Acc:A0A8J2LPZ1],Cercopithifilaria johnstoni (PRJEB47283),protein_coding,cejohnprjeb47283
CJOHNSTONI_LOCUS5272,rna-CJOHNSTONI_LOCUS5272,171,protein_coding,,Cercopithifilaria johnstoni (PRJEB47283),protein_coding,cejohnprjeb47283
CJOHNSTONI_LOCUS3079,rna-CJOHNSTONI_LOCUS3079,212,protein_coding,Small subunit ribosomal protein 27  [Source:UniProtKB/TrEMBL;Acc:A0A8J2LQF8],Cercopithifilaria johnstoni (PRJEB47283),protein_coding,cejohnprjeb47283
CJOHNSTONI_LOCUS2599,rna-CJOHNSTONI_LOCUS2599,256,protein_coding,60S ribosomal protein L5  [Source:UniProtKB/TrEMBL;Acc:A0A8J2M058],Cercopithifilaria johnstoni (PRJEB47283),protein_coding,cejohnprjeb47283
CJOHNSTONI_LOCUS7948,rna-CJOHNSTONI_LOCUS7948,362,protein_coding,Microtubule-associated protein futsch  [Source:UniProtKB/TrEMBL;Acc:A0A8J2MS02],Cercopithifilaria johnstoni (PRJEB47283),protein_coding,cejohnprjeb47283
CJOHNSTONI_LOCUS2136,rna-CJOHNSTONI_LOCUS2136,327,protein_coding,Bm7169  [Source:UniProtKB/TrEMBL;Acc:A0A8J2Q4F4],Cercopithifilaria johnstoni (PRJEB47283),protein_coding,cejohnprjeb47283
CJOHNSTONI_LOCUS2196,rna-CJOHNSTONI_LOCUS2196,212,protein_coding,Adhesion G protein-coupled receptor A3  [Source:UniProtKB/TrEMBL;Acc:A0A8J2PXG0],Cercopithifilaria johnstoni (PRJEB47283),protein_coding,cejohnprjeb47283
CJOHNSTONI_LOCUS7708,rna-CJOHNSTONI_LOCUS7708,288,protein_coding,Btz domain-containing protein  [Source:UniProtKB/TrEMBL;Acc:A0A8J2M2F7],Cercopithifilaria johnstoni (PRJEB47283),protein_coding,cejohnprjeb47283
CJOHNSTONI_LOCUS6080,rna-CJOHNSTONI_LOCUS6080,248,protein_coding,Bestrophin homolog  [Source:UniProtKB/TrEMBL;Acc:A0A8J2MPV9],Cercopithifilaria johnstoni (PRJEB47283),protein_coding,cejohnprjeb47283
CJOHNSTONI_LOCUS2950,rna-CJOHNSTONI_LOCUS2950,277,protein_coding,C3H1-type domain-containing protein  [Source:UniProtKB/TrEMBL;Acc:A0A8J2M0I7],Cercopithifilaria johnstoni (PRJEB47283),protein_coding,cejohnprjeb47283
CJOHNSTONI_LOCUS6812,rna-CJOHNSTONI_LOCUS6812,260,protein_coding,HMG box domain-containing protein  [Source:UniProtKB/TrEMBL;Acc:A0A8J2M126],Cercopithifilaria johnstoni (PRJEB47283),protein_coding,cejohnprjeb47283
CJOHNSTONI_LOCUS3401,rna-CJOHNSTONI_LOCUS3401,212,protein_coding,NADAR domain-containing protein  [Source:UniProtKB/TrEMBL;Acc:A0A8J2LQY1],Cercopithifilaria johnstoni (PRJEB47283),protein_coding,cejohnprjeb47283
CJOHNSTONI_LOCUS232,rna-CJOHNSTONI_LOCUS232,282,protein_coding,ATP-binding cassette sub-family A member 1  [Source:UniProtKB/TrEMBL;Acc:A0A8J2PVD3],Cercopithifilaria johnstoni (PRJEB47283),protein_coding,cejohnprjeb47283
CJOHNSTONI_LOCUS4178,rna-CJOHNSTONI_LOCUS4178,200,protein_coding,Holocytochrome c-type synthase  [Source:UniProtKB/TrEMBL;Acc:A0A8J2PSS9],Cercopithifilaria johnstoni (PRJEB47283),protein_coding,cejohnprjeb47283
CJOHNSTONI_LOCUS3669,rna-CJOHNSTONI_LOCUS3669,178,protein_coding,Protein SPT2 homolog  [Source:UniProtKB/TrEMBL;Acc:A0A8J2M219],Cercopithifilaria johnstoni (PRJEB47283),protein_coding,cejohnprjeb47283
CJOHNSTONI_LOCUS5970,rna-CJOHNSTONI_LOCUS5970-2,164,protein_coding,DTTPase/UTPase  [Source:UniProtKB/TrEMBL;Acc:A0A8J2MPS8],Cercopithifilaria johnstoni (PRJEB47283),protein_coding,cejohnprjeb47283
CJOHNSTONI_LOCUS9961,rna-CJOHNSTONI_LOCUS9961,134,protein_coding,C2H2-type domain-containing protein  [Source:UniProtKB/TrEMBL;Acc:A0A8J2M793],Cercopithifilaria johnstoni (PRJEB47283),protein_coding,cejohnprjeb47283
CJOHNSTONI_LOCUS2856,rna-CJOHNSTONI_LOCUS2856,168,protein_coding,MRG domain-containing protein  [Source:UniProtKB/TrEMBL;Acc:A0A8J2Q9A9],Cercopithifilaria johnstoni (PRJEB47283),protein_coding,cejohnprjeb47283
CJOHNSTONI_LOCUS10355,rna-CJOHNSTONI_LOCUS10355,223,protein_coding,Gamma-aminobutyric acid receptor subunit beta  [Source:UniProtKB/TrEMBL;Acc:A0A8J2QBA8],Cercopithifilaria johnstoni (PRJEB47283),protein_coding,cejohnprjeb47283
CJOHNSTONI_LOCUS10373,rna-CJOHNSTONI_LOCUS10373,230,protein_coding,,Cercopithifilaria johnstoni (PRJEB47283),protein_coding,cejohnprjeb47283
CJOHNSTONI_LOCUS944,rna-CJOHNSTONI_LOCUS944,222,protein_coding,Histone deacetylase  [Source:UniProtKB/TrEMBL;Acc:A0A8J2LZL7],Cercopithifilaria johnstoni (PRJEB47283),protein_coding,cejohnprjeb47283
CJOHNSTONI_LOCUS3204,rna-CJOHNSTONI_LOCUS3204,184,protein_coding,MATH domain-containing protein  [Source:UniProtKB/TrEMBL;Acc:A0A8J2PYS3],Cercopithifilaria johnstoni (PRJEB47283),protein_coding,cejohnprjeb47283
CJOHNSTONI_LOCUS4668,rna-CJOHNSTONI_LOCUS4668,180,protein_coding,,Cercopithifilaria johnstoni (PRJEB47283),protein_coding,cejohnprjeb47283
CJOHNSTONI_LOCUS1250,rna-CJOHNSTONI_LOCUS1250,473,protein_coding,Histone H2A  [Source:UniProtKB/TrEMBL;Acc:A0A8J2LVR1],Cercopithifilaria johnstoni (PRJEB47283),protein_coding,cejohnprjeb47283
CJOHNSTONI_LOCUS10276,rna-CJOHNSTONI_LOCUS10276,203,protein_coding,GTP-binding protein Di-Ras2  [Source:UniProtKB/TrEMBL;Acc:A0A8J2MDH3],Cercopithifilaria johnstoni (PRJEB47283),protein_coding,cejohnprjeb47283
CJOHNSTONI_LOCUS8484,rna-CJOHNSTONI_LOCUS8484,333,protein_coding,Glycosyl transferase  [Source:UniProtKB/TrEMBL;Acc:A0A8J2MDM8],Cercopithifilaria johnstoni (PRJEB47283),protein_coding,cejohnprjeb47283
CJOHNSTONI_LOCUS7082,rna-CJOHNSTONI_LOCUS7082,234,protein_coding,Multidrug resistance-associated protein 1  [Source:UniProtKB/TrEMBL;Acc:A0A8J2M0V6],Cercopithifilaria johnstoni (PRJEB47283),protein_coding,cejohnprjeb47283
CJOHNSTONI_LOCUS7555,rna-CJOHNSTONI_LOCUS7555,195,protein_coding,,Cercopithifilaria johnstoni (PRJEB47283),protein_coding,cejohnprjeb47283
CJOHNSTONI_LOCUS6434,rna-CJOHNSTONI_LOCUS6434,188,protein_coding,CTCK domain-containing protein  [Source:UniProtKB/TrEMBL;Acc:A0A8J2M6R0],Cercopithifilaria johnstoni (PRJEB47283),protein_coding,cejohnprjeb47283
CJOHNSTONI_LOCUS7068,rna-CJOHNSTONI_LOCUS7068,223,protein_coding,DNA-directed RNA polymerase subunit  [Source:UniProtKB/TrEMBL;Acc:A0A8J2M0U9],Cercopithifilaria johnstoni (PRJEB47283),protein_coding,cejohnprjeb47283
CJOHNSTONI_LOCUS10289,rna-CJOHNSTONI_LOCUS10289,218,protein_coding,Elongator complex protein 6  [Source:UniProtKB/TrEMBL;Acc:A0A8J2MDI0],Cercopithifilaria johnstoni (PRJEB47283),protein_coding,cejohnprjeb47283
CJOHNSTONI_LOCUS6269,rna-CJOHNSTONI_LOCUS6269,257,protein_coding,Ovule protein  [Source:UniProtKB/TrEMBL;Acc:A0A8J2MQ46],Cercopithifilaria johnstoni (PRJEB47283),protein_coding,cejohnprjeb47283
CJOHNSTONI_LOCUS1527,rna-CJOHNSTONI_LOCUS1527,260,protein_coding,,Cercopithifilaria johnstoni (PRJEB47283),protein_coding,cejohnprjeb47283
CJOHNSTONI_LOCUS9147,rna-CJOHNSTONI_LOCUS9147,181,protein_coding,Homeobox domain-containing protein  [Source:UniProtKB/TrEMBL;Acc:A0A8J2MBH6],Cercopithifilaria johnstoni (PRJEB47283),protein_coding,cejohnprjeb47283
CJOHNSTONI_LOCUS6368,rna-CJOHNSTONI_LOCUS6368,234,protein_coding,EF-hand domain-containing protein  [Source:UniProtKB/TrEMBL;Acc:A0A8J2Q523],Cercopithifilaria johnstoni (PRJEB47283),protein_coding,cejohnprjeb47283
CJOHNSTONI_LOCUS1005,rna-CJOHNSTONI_LOCUS1005,178,protein_coding,Chorion class high-cysteine HCB protein 13  [Source:UniProtKB/TrEMBL;Acc:A0A8J2LWN5],Cercopithifilaria johnstoni (PRJEB47283),protein_coding,cejohnprjeb47283
CJOHNSTONI_LOCUS4358,rna-CJOHNSTONI_LOCUS4358,898,protein_coding,BRO1 domain-containing protein  [Source:UniProtKB/TrEMBL;Acc:A0A8J2M1G9],Cercopithifilaria johnstoni (PRJEB47283),protein_coding,cejohnprjeb47283
CJOHNSTONI_LOCUS6440,rna-CJOHNSTONI_LOCUS6440,573,protein_coding,Col_cuticle_N domain-containing protein  [Source:UniProtKB/TrEMBL;Acc:A0A8J2LZY1],Cercopithifilaria johnstoni (PRJEB47283),protein_coding,cejohnprjeb47283
CJOHNSTONI_LOCUS410,rna-CJOHNSTONI_LOCUS410,170,protein_coding,Sugar transferase  [Source:UniProtKB/TrEMBL;Acc:A0A8J2LU10],Cercopithifilaria johnstoni (PRJEB47283),protein_coding,cejohnprjeb47283
CJOHNSTONI_LOCUS3053,rna-CJOHNSTONI_LOCUS3053,161,protein_coding,Gag-pol polyprotein  [Source:UniProtKB/TrEMBL;Acc:A0A8J2ML19],Cercopithifilaria johnstoni (PRJEB47283),protein_coding,cejohnprjeb47283
CJOHNSTONI_LOCUS2106,rna-CJOHNSTONI_LOCUS2106,156,protein_coding,Phospholysine phosphohistidine inorganic pyrophosphate phosphatase  [Source:UniProtKB/TrEMBL;Acc:A0A8J2Q4E6],Cercopithifilaria johnstoni (PRJEB47283),protein_coding,cejohnprjeb47283
CJOHNSTONI_LOCUS6161,rna-CJOHNSTONI_LOCUS6161,212,protein_coding,UCH_1 domain-containing protein  [Source:UniProtKB/TrEMBL;Acc:A0A8J2MQ18],Cercopithifilaria johnstoni (PRJEB47283),protein_coding,cejohnprjeb47283
CJOHNSTONI_LOCUS10423,rna-CJOHNSTONI_LOCUS10423,224,protein_coding,Collagen alpha-1(I) chain-like  [Source:UniProtKB/TrEMBL;Acc:A0A8J2MGD5],Cercopithifilaria johnstoni (PRJEB47283),protein_coding,cejohnprjeb47283
CJOHNSTONI_LOCUS9192,rna-CJOHNSTONI_LOCUS9192,305,protein_coding,Major facilitator superfamily domain-containing protein 5  [Source:UniProtKB/TrEMBL;Acc:A0A8J2MDR1],Cercopithifilaria johnstoni (PRJEB47283),protein_coding,cejohnprjeb47283
CJOHNSTONI_LOCUS7111,rna-CJOHNSTONI_LOCUS7111,269,protein_coding,Cyclin N-terminal domain-containing protein  [Source:UniProtKB/TrEMBL;Acc:A0A8J2M8D2],Cercopithifilaria johnstoni (PRJEB47283),protein_coding,cejohnprjeb47283
CJOHNSTONI_LOCUS735,rna-CJOHNSTONI_LOCUS735,212,protein_coding,,Cercopithifilaria johnstoni (PRJEB47283),protein_coding,cejohnprjeb47283
CJOHNSTONI_LOCUS5532,rna-CJOHNSTONI_LOCUS5532,149,protein_coding,CULT domain-containing protein  [Source:UniProtKB/TrEMBL;Acc:A0A8J2M457],Cercopithifilaria johnstoni (PRJEB47283),protein_coding,cejohnprjeb47283
CJOHNSTONI_LOCUS5735,rna-CJOHNSTONI_LOCUS5735,131,protein_coding,Prefoldin subunit 1  [Source:UniProtKB/TrEMBL;Acc:A0A8J2LYH8],Cercopithifilaria johnstoni (PRJEB47283),protein_coding,cejohnprjeb47283
CJOHNSTONI_LOCUS9424,rna-CJOHNSTONI_LOCUS9424,176,protein_coding,Serpentine receptor class gamma  [Source:UniProtKB/TrEMBL;Acc:A0A8J2M5Q8],Cercopithifilaria johnstoni (PRJEB47283),protein_coding,cejohnprjeb47283
CJOHNSTONI_LOCUS4380,rna-CJOHNSTONI_LOCUS4380,223,protein_coding,Piwi-like protein 1  [Source:UniProtKB/TrEMBL;Acc:A0A8J2Q9X7],Cercopithifilaria johnstoni (PRJEB47283),protein_coding,cejohnprjeb47283
CJOHNSTONI_LOCUS1009,rna-CJOHNSTONI_LOCUS1009,396,protein_coding,,Cercopithifilaria johnstoni (PRJEB47283),protein_coding,cejohnprjeb47283
CJOHNSTONI_LOCUS8649,rna-CJOHNSTONI_LOCUS8649,221,protein_coding,BRO1 domain-containing protein  [Source:UniProtKB/TrEMBL;Acc:A0A8J2QAY4],Cercopithifilaria johnstoni (PRJEB47283),protein_coding,cejohnprjeb47283
CJOHNSTONI_LOCUS9726,rna-CJOHNSTONI_LOCUS9726,215,protein_coding,Phosphotransferase  [Source:UniProtKB/TrEMBL;Acc:A0A8J2QB62],Cercopithifilaria johnstoni (PRJEB47283),protein_coding,cejohnprjeb47283
CJOHNSTONI_LOCUS4279,rna-CJOHNSTONI_LOCUS4279,209,protein_coding,Histone H3  [Source:UniProtKB/TrEMBL;Acc:A0A8J2LWQ9],Cercopithifilaria johnstoni (PRJEB47283),protein_coding,cejohnprjeb47283
CJOHNSTONI_LOCUS10205,rna-CJOHNSTONI_LOCUS10205,192,protein_coding,Coiled-coil domain-containing protein 132  [Source:UniProtKB/TrEMBL;Acc:A0A8J2PYX1],Cercopithifilaria johnstoni (PRJEB47283),protein_coding,cejohnprjeb47283
CJOHNSTONI_LOCUS6307,rna-CJOHNSTONI_LOCUS6307,428,protein_coding,Glutamate--tRNA ligase  [Source:UniProtKB/TrEMBL;Acc:A0A8J2LZV1],Cercopithifilaria johnstoni (PRJEB47283),protein_coding,cejohnprjeb47283
CJOHNSTONI_LOCUS5623,rna-CJOHNSTONI_LOCUS5623,227,protein_coding,Furin-like_2 domain-containing protein  [Source:UniProtKB/TrEMBL;Acc:A0A8J2QAB1],Cercopithifilaria johnstoni (PRJEB47283),protein_coding,cejohnprjeb47283
CJOHNSTONI_LOCUS9988,rna-CJOHNSTONI_LOCUS9988,227,protein_coding,BTB domain-containing protein  [Source:UniProtKB/TrEMBL;Acc:A0A8J2QB81],Cercopithifilaria johnstoni (PRJEB47283),protein_coding,cejohnprjeb47283
CJOHNSTONI_LOCUS8464,rna-CJOHNSTONI_LOCUS8464,211,protein_coding,Protein kinase C  [Source:UniProtKB/TrEMBL;Acc:A0A8J2M2Z9],Cercopithifilaria johnstoni (PRJEB47283),protein_coding,cejohnprjeb47283
CJOHNSTONI_LOCUS3837,rna-CJOHNSTONI_LOCUS3837,227,protein_coding,Acyl-coenzyme A oxidase  [Source:UniProtKB/TrEMBL;Acc:A0A8J2M1R5],Cercopithifilaria johnstoni (PRJEB47283),protein_coding,cejohnprjeb47283
CJOHNSTONI_LOCUS8409,rna-CJOHNSTONI_LOCUS8409,215,protein_coding,TWiK family of potassium channels protein 7  [Source:UniProtKB/TrEMBL;Acc:A0A8J2QAW6],Cercopithifilaria johnstoni (PRJEB47283),protein_coding,cejohnprjeb47283
CJOHNSTONI_LOCUS2754,rna-CJOHNSTONI_LOCUS2754,403,protein_coding,Conserved oligomeric Golgi complex subunit 2  [Source:UniProtKB/TrEMBL;Acc:A0A8J2Q509],Cercopithifilaria johnstoni (PRJEB47283),protein_coding,cejohnprjeb47283
CJOHNSTONI_LOCUS9106,rna-CJOHNSTONI_LOCUS9106,1478,protein_coding,Zinc finger protein 883-like  [Source:UniProtKB/TrEMBL;Acc:A0A8J2MTQ4],Cercopithifilaria johnstoni (PRJEB47283),protein_coding,cejohnprjeb47283
CJOHNSTONI_LOCUS4123,rna-CJOHNSTONI_LOCUS4123,259,protein_coding,Cir_N domain-containing protein  [Source:UniProtKB/TrEMBL;Acc:A0A8J2LSK5],Cercopithifilaria johnstoni (PRJEB47283),protein_coding,cejohnprjeb47283
CJOHNSTONI_LOCUS8591,rna-CJOHNSTONI_LOCUS8591,224,protein_coding,,Cercopithifilaria johnstoni (PRJEB47283),protein_coding,cejohnprjeb47283
CJOHNSTONI_LOCUS1411,rna-CJOHNSTONI_LOCUS1411,179,protein_coding,Ovule protein  [Source:UniProtKB/TrEMBL;Acc:A0A8J2LXD7],Cercopithifilaria johnstoni (PRJEB47283),protein_coding,cejohnprjeb47283
CJOHNSTONI_LOCUS1033,rna-CJOHNSTONI_LOCUS1033,130,protein_coding,Collagen triple helix repeat protein  [Source:UniProtKB/TrEMBL;Acc:A0A8J2LV46],Cercopithifilaria johnstoni (PRJEB47283),protein_coding,cejohnprjeb47283
CJOHNSTONI_LOCUS6106,rna-CJOHNSTONI_LOCUS6106,256,protein_coding,U3 small nucleolar RNA-associated protein 6-like protein  [Source:UniProtKB/TrEMBL;Acc:A0A8J2LZG7],Cercopithifilaria johnstoni (PRJEB47283),protein_coding,cejohnprjeb47283
CJOHNSTONI_LOCUS6693,rna-CJOHNSTONI_LOCUS6693,303,protein_coding,"Sushi, von Willebrand factor type A, EGF and pentraxin domain-containing protein 1  [Source:UniProtKB/TrEMBL;Acc:A0A8J2M756]",Cercopithifilaria johnstoni (PRJEB47283),protein_coding,cejohnprjeb47283
CJOHNSTONI_LOCUS7110,rna-CJOHNSTONI_LOCUS7110,202,protein_coding,GSKIP_dom domain-containing protein  [Source:UniProtKB/TrEMBL;Acc:A0A8J2M949],Cercopithifilaria johnstoni (PRJEB47283),protein_coding,cejohnprjeb47283
CJOHNSTONI_LOCUS4354,rna-CJOHNSTONI_LOCUS4354,200,protein_coding,Calmodulin  [Source:UniProtKB/TrEMBL;Acc:A0A8J2PZU1],Cercopithifilaria johnstoni (PRJEB47283),protein_coding,cejohnprjeb47283
CJOHNSTONI_LOCUS9893,rna-CJOHNSTONI_LOCUS9893,132,protein_coding,ADF-H domain-containing protein  [Source:UniProtKB/TrEMBL;Acc:A0A8J2M5D4],Cercopithifilaria johnstoni (PRJEB47283),protein_coding,cejohnprjeb47283
CJOHNSTONI_LOCUS9048,rna-CJOHNSTONI_LOCUS9048,197,protein_coding,Alpha-galactosidase  [Source:UniProtKB/TrEMBL;Acc:A0A8J2M4S0],Cercopithifilaria johnstoni (PRJEB47283),protein_coding,cejohnprjeb47283
CJOHNSTONI_LOCUS2661,rna-CJOHNSTONI_LOCUS2661,198,protein_coding,Post-GPI attachment to proteins factor 2  [Source:UniProtKB/TrEMBL;Acc:A0A8J2LSE5],Cercopithifilaria johnstoni (PRJEB47283),protein_coding,cejohnprjeb47283
CJOHNSTONI_LOCUS711,rna-CJOHNSTONI_LOCUS711,248,protein_coding,BAR_3_WASP_bdg domain-containing protein  [Source:UniProtKB/TrEMBL;Acc:A0A8J2LUI9],Cercopithifilaria johnstoni (PRJEB47283),protein_coding,cejohnprjeb47283
CJOHNSTONI_LOCUS2145,rna-CJOHNSTONI_LOCUS2145,553,protein_coding,DUF19 domain-containing protein  [Source:UniProtKB/TrEMBL;Acc:A0A8J2MKK1],Cercopithifilaria johnstoni (PRJEB47283),protein_coding,cejohnprjeb47283
CJOHNSTONI_LOCUS435,rna-CJOHNSTONI_LOCUS435,201,protein_coding,,Cercopithifilaria johnstoni (PRJEB47283),protein_coding,cejohnprjeb47283
CJOHNSTONI_LOCUS5321,rna-CJOHNSTONI_LOCUS5321,187,protein_coding,YTH domain-containing protein  [Source:UniProtKB/TrEMBL;Acc:A0A8J2PTR0],Cercopithifilaria johnstoni (PRJEB47283),protein_coding,cejohnprjeb47283
CJOHNSTONI_LOCUS7103,rna-CJOHNSTONI_LOCUS7103,672,protein_coding,PPIase cyclophilin-type domain-containing protein  [Source:UniProtKB/TrEMBL;Acc:A0A8J2PVC1],Cercopithifilaria johnstoni (PRJEB47283),protein_coding,cejohnprjeb47283
CJOHNSTONI_LOCUS8459,rna-CJOHNSTONI_LOCUS8459,286,protein_coding,Serine/arginine-rich splicing factor 2  [Source:UniProtKB/TrEMBL;Acc:A0A8J2Q8T5],Cercopithifilaria johnstoni (PRJEB47283),protein_coding,cejohnprjeb47283
CJOHNSTONI_LOCUS3778,rna-CJOHNSTONI_LOCUS3778,191,protein_coding,"Phosphatidylinositol-3,5-bisphosphate 3-phosphatase  [Source:UniProtKB/TrEMBL;Acc:A0A8J2MMC8]",Cercopithifilaria johnstoni (PRJEB47283),protein_coding,cejohnprjeb47283
CJOHNSTONI_LOCUS6792,rna-CJOHNSTONI_LOCUS6792,289,protein_coding,SSD domain-containing protein  [Source:UniProtKB/TrEMBL;Acc:A0A8J2PV19],Cercopithifilaria johnstoni (PRJEB47283),protein_coding,cejohnprjeb47283
CJOHNSTONI_LOCUS9642,rna-CJOHNSTONI_LOCUS9642,278,protein_coding,Secreted protein  [Source:UniProtKB/TrEMBL;Acc:A0A8J2Q418],Cercopithifilaria johnstoni (PRJEB47283),protein_coding,cejohnprjeb47283
CJOHNSTONI_LOCUS8000,rna-CJOHNSTONI_LOCUS8000,287,protein_coding,Clustered mitochondria protein homolog  [Source:UniProtKB/TrEMBL;Acc:A0A8J2M2A3],Cercopithifilaria johnstoni (PRJEB47283),protein_coding,cejohnprjeb47283
CJOHNSTONI_LOCUS3902,rna-CJOHNSTONI_LOCUS3902,554,protein_coding,RRM domain-containing protein  [Source:UniProtKB/TrEMBL;Acc:A0A8J2M4V2],Cercopithifilaria johnstoni (PRJEB47283),protein_coding,cejohnprjeb47283
CJOHNSTONI_LOCUS9802,rna-CJOHNSTONI_LOCUS9802,251,protein_coding,Transmembrane matrix receptor MUP-4  [Source:UniProtKB/TrEMBL;Acc:A0A8J2MG94],Cercopithifilaria johnstoni (PRJEB47283),protein_coding,cejohnprjeb47283
CJOHNSTONI_LOCUS803,rna-CJOHNSTONI_LOCUS803,236,protein_coding,,Cercopithifilaria johnstoni (PRJEB47283),protein_coding,cejohnprjeb47283
CJOHNSTONI_LOCUS9964,rna-CJOHNSTONI_LOCUS9964,231,protein_coding,Bromodomain containing protein  [Source:UniProtKB/TrEMBL;Acc:A0A8J2MGJ7],Cercopithifilaria johnstoni (PRJEB47283),protein_coding,cejohnprjeb47283
CJOHNSTONI_LOCUS1131,rna-CJOHNSTONI_LOCUS1131,225,protein_coding,histone acetyltransferase  [Source:UniProtKB/TrEMBL;Acc:A0A8J2PQ55],Cercopithifilaria johnstoni (PRJEB47283),protein_coding,cejohnprjeb47283
CJOHNSTONI_LOCUS1429,rna-CJOHNSTONI_LOCUS1429,208,protein_coding,NADH dehydrogenase [ubiquinone] 1 alpha subcomplex subunit 7  [Source:UniProtKB/TrEMBL;Acc:A0A8J2Q0R2],Cercopithifilaria johnstoni (PRJEB47283),protein_coding,cejohnprjeb47283
CJOHNSTONI_LOCUS9636,rna-CJOHNSTONI_LOCUS9636,183,protein_coding,Defective in cullin neddylation protein  [Source:UniProtKB/TrEMBL;Acc:A0A8J2MDZ0],Cercopithifilaria johnstoni (PRJEB47283),protein_coding,cejohnprjeb47283
CJOHNSTONI_LOCUS5534,rna-CJOHNSTONI_LOCUS5534,180,protein_coding,Ig-like domain-containing protein  [Source:UniProtKB/TrEMBL;Acc:A0A8J2MP74],Cercopithifilaria johnstoni (PRJEB47283),protein_coding,cejohnprjeb47283
CJOHNSTONI_LOCUS4106,rna-CJOHNSTONI_LOCUS4106,148,protein_coding,Phospholipid scramblase  [Source:UniProtKB/TrEMBL;Acc:A0A8J2Q311],Cercopithifilaria johnstoni (PRJEB47283),protein_coding,cejohnprjeb47283
CJOHNSTONI_LOCUS4005,rna-CJOHNSTONI_LOCUS4005,145,protein_coding,RRM domain-containing protein  [Source:UniProtKB/TrEMBL;Acc:A0A8J2Q6C2],Cercopithifilaria johnstoni (PRJEB47283),protein_coding,cejohnprjeb47283
CJOHNSTONI_LOCUS3021,rna-CJOHNSTONI_LOCUS3021,239,protein_coding,,Cercopithifilaria johnstoni (PRJEB47283),protein_coding,cejohnprjeb47283
CJOHNSTONI_LOCUS6710,rna-CJOHNSTONI_LOCUS6710,153,protein_coding,Nudix hydrolase domain-containing protein  [Source:UniProtKB/TrEMBL;Acc:A0A8J2Q5C3],Cercopithifilaria johnstoni (PRJEB47283),protein_coding,cejohnprjeb47283
CJOHNSTONI_LOCUS8006,rna-CJOHNSTONI_LOCUS8006,145,protein_coding,Myeloid leukemia factor  [Source:UniProtKB/TrEMBL;Acc:A0A8J2MB08],Cercopithifilaria johnstoni (PRJEB47283),protein_coding,cejohnprjeb47283
CJOHNSTONI_LOCUS1632,rna-CJOHNSTONI_LOCUS1632,167,protein_coding,Ubiquitin-like domain-containing protein  [Source:UniProtKB/TrEMBL;Acc:A0A8J2LYA3],Cercopithifilaria johnstoni (PRJEB47283),protein_coding,cejohnprjeb47283
CJOHNSTONI_LOCUS4783,rna-CJOHNSTONI_LOCUS4783,290,protein_coding,UTP--glucose-1-phosphate uridylyltransferase  [Source:UniProtKB/TrEMBL;Acc:A0A8J2Q3M1],Cercopithifilaria johnstoni (PRJEB47283),protein_coding,cejohnprjeb47283
CJOHNSTONI_LOCUS10443,rna-CJOHNSTONI_LOCUS10443,188,protein_coding,4-hydroxyphenylpyruvate dioxygenase  [Source:UniProtKB/TrEMBL;Acc:A0A8J2MV34],Cercopithifilaria johnstoni (PRJEB47283),protein_coding,cejohnprjeb47283
CJOHNSTONI_LOCUS3565,rna-CJOHNSTONI_LOCUS3565,214,protein_coding,Aminotran_1_2 domain-containing protein  [Source:UniProtKB/TrEMBL;Acc:A0A8J2LU88],Cercopithifilaria johnstoni (PRJEB47283),protein_coding,cejohnprjeb47283
CJOHNSTONI_LOCUS10110,rna-CJOHNSTONI_LOCUS10110,513,protein_coding,,Cercopithifilaria johnstoni (PRJEB47283),protein_coding,cejohnprjeb47283
CJOHNSTONI_LOCUS1301,rna-CJOHNSTONI_LOCUS1301,202,protein_coding,,Cercopithifilaria johnstoni (PRJEB47283),protein_coding,cejohnprjeb47283
CJOHNSTONI_LOCUS1018,rna-CJOHNSTONI_LOCUS1018,216,protein_coding,Major sperm protein  [Source:UniProtKB/TrEMBL;Acc:A0A8J2LV35],Cercopithifilaria johnstoni (PRJEB47283),protein_coding,cejohnprjeb47283
CJOHNSTONI_LOCUS5581,rna-CJOHNSTONI_LOCUS5581,185,protein_coding,ribose-phosphate diphosphokinase  [Source:UniProtKB/TrEMBL;Acc:A0A8J2QAA8],Cercopithifilaria johnstoni (PRJEB47283),protein_coding,cejohnprjeb47283
CJOHNSTONI_LOCUS742,rna-CJOHNSTONI_LOCUS742,313,protein_coding,TOG domain-containing protein  [Source:UniProtKB/TrEMBL;Acc:A0A8J2PPT3],Cercopithifilaria johnstoni (PRJEB47283),protein_coding,cejohnprjeb47283
CJOHNSTONI_LOCUS10066,rna-CJOHNSTONI_LOCUS10066,315,protein_coding,TATA-box-binding protein  [Source:UniProtKB/TrEMBL;Acc:A0A8J2Q9F9],Cercopithifilaria johnstoni (PRJEB47283),protein_coding,cejohnprjeb47283
CJOHNSTONI_LOCUS4853,rna-CJOHNSTONI_LOCUS4853,265,protein_coding,ZP domain-containing protein  [Source:UniProtKB/TrEMBL;Acc:A0A8J2LU33],Cercopithifilaria johnstoni (PRJEB47283),protein_coding,cejohnprjeb47283
CJOHNSTONI_LOCUS5332,rna-CJOHNSTONI_LOCUS5332,288,protein_coding,Protein phosphatase  [Source:UniProtKB/TrEMBL;Acc:A0A8J2M523],Cercopithifilaria johnstoni (PRJEB47283),protein_coding,cejohnprjeb47283
CJOHNSTONI_LOCUS7428,rna-CJOHNSTONI_LOCUS7428,233,protein_coding,UBA domain-containing protein  [Source:UniProtKB/TrEMBL;Acc:A0A8J2MRG0],Cercopithifilaria johnstoni (PRJEB47283),protein_coding,cejohnprjeb47283
CJOHNSTONI_LOCUS2112,rna-CJOHNSTONI_LOCUS2112,212,protein_coding,,Cercopithifilaria johnstoni (PRJEB47283),protein_coding,cejohnprjeb47283
CJOHNSTONI_LOCUS8904,rna-CJOHNSTONI_LOCUS8904,220,protein_coding,Protein kinase domain-containing protein  [Source:UniProtKB/TrEMBL;Acc:A0A8J2MD45],Cercopithifilaria johnstoni (PRJEB47283),protein_coding,cejohnprjeb47283
CJOHNSTONI_LOCUS6949,rna-CJOHNSTONI_LOCUS6949,208,protein_coding,Protein SPEC3  [Source:UniProtKB/TrEMBL;Acc:A0A8J2M728],Cercopithifilaria johnstoni (PRJEB47283),protein_coding,cejohnprjeb47283
CJOHNSTONI_LOCUS498,rna-CJOHNSTONI_LOCUS498,206,protein_coding,non-specific protein-tyrosine kinase  [Source:UniProtKB/TrEMBL;Acc:A0A8J2MHJ8],Cercopithifilaria johnstoni (PRJEB47283),protein_coding,cejohnprjeb47283
CJOHNSTONI_LOCUS2857,rna-CJOHNSTONI_LOCUS2857,269,protein_coding,SH3 domain-containing GRB2-like protein  [Source:UniProtKB/TrEMBL;Acc:A0A8J2LQ62],Cercopithifilaria johnstoni (PRJEB47283),protein_coding,cejohnprjeb47283
CJOHNSTONI_LOCUS10015,rna-CJOHNSTONI_LOCUS10015,297,protein_coding,Zinc finger CCCH domain-containing protein 14  [Source:UniProtKB/TrEMBL;Acc:A0A8J2QB83],Cercopithifilaria johnstoni (PRJEB47283),protein_coding,cejohnprjeb47283
CJOHNSTONI_LOCUS7160,rna-CJOHNSTONI_LOCUS7160,203,protein_coding,ZnMc domain-containing protein  [Source:UniProtKB/TrEMBL;Acc:A0A8J2M0Y2],Cercopithifilaria johnstoni (PRJEB47283),protein_coding,cejohnprjeb47283
CJOHNSTONI_LOCUS5266,rna-CJOHNSTONI_LOCUS5266,180,protein_coding,,Cercopithifilaria johnstoni (PRJEB47283),protein_coding,cejohnprjeb47283
CJOHNSTONI_LOCUS10479,rna-CJOHNSTONI_LOCUS10479,166,protein_coding,Lactoylglutathione lyase  [Source:UniProtKB/TrEMBL;Acc:A0A8J2Q9L9],Cercopithifilaria johnstoni (PRJEB47283),protein_coding,cejohnprjeb47283
CJOHNSTONI_LOCUS1578,rna-CJOHNSTONI_LOCUS1578,161,protein_coding,SHSP domain-containing protein  [Source:UniProtKB/TrEMBL;Acc:A0A8J2Q3Z3],Cercopithifilaria johnstoni (PRJEB47283),protein_coding,cejohnprjeb47283
CJOHNSTONI_LOCUS5239,rna-CJOHNSTONI_LOCUS5239,137,protein_coding,Clathrin light chain  [Source:UniProtKB/TrEMBL;Acc:A0A8J2M6Z1],Cercopithifilaria johnstoni (PRJEB47283),protein_coding,cejohnprjeb47283
CJOHNSTONI_LOCUS4819,rna-CJOHNSTONI_LOCUS4819,194,protein_coding,Transmembrane protein 164  [Source:UniProtKB/TrEMBL;Acc:A0A8J2M449],Cercopithifilaria johnstoni (PRJEB47283),protein_coding,cejohnprjeb47283
CJOHNSTONI_LOCUS2397,rna-CJOHNSTONI_LOCUS2397,206,protein_coding,,Cercopithifilaria johnstoni (PRJEB47283),protein_coding,cejohnprjeb47283
CJOHNSTONI_LOCUS923,rna-CJOHNSTONI_LOCUS923,150,protein_coding,tRNA-synt_1g domain-containing protein  [Source:UniProtKB/TrEMBL;Acc:A0A8J2Q0A6],Cercopithifilaria johnstoni (PRJEB47283),protein_coding,cejohnprjeb47283
CJOHNSTONI_LOCUS8390,rna-CJOHNSTONI_LOCUS8390,139,protein_coding,40S ribosomal protein S20  [Source:UniProtKB/TrEMBL;Acc:A0A8J2MBC6],Cercopithifilaria johnstoni (PRJEB47283),protein_coding,cejohnprjeb47283
CJOHNSTONI_LOCUS7054,rna-CJOHNSTONI_LOCUS7054,252,protein_coding,Acetylcholine receptor subunit alpha-type unc-63  [Source:UniProtKB/TrEMBL;Acc:A0A8J2QAL6],Cercopithifilaria johnstoni (PRJEB47283),protein_coding,cejohnprjeb47283
CJOHNSTONI_LOCUS8111,rna-CJOHNSTONI_LOCUS8111,244,protein_coding,C2H2-type domain-containing protein  [Source:UniProtKB/TrEMBL;Acc:A0A8J2M9C1],Cercopithifilaria johnstoni (PRJEB47283),protein_coding,cejohnprjeb47283
CJOHNSTONI_LOCUS6550,rna-CJOHNSTONI_LOCUS6550,508,protein_coding,PEHE domain-containing protein  [Source:UniProtKB/TrEMBL;Acc:A0A8J2Q573],Cercopithifilaria johnstoni (PRJEB47283),protein_coding,cejohnprjeb47283
CJOHNSTONI_LOCUS7381,rna-CJOHNSTONI_LOCUS7381,252,protein_coding,peptidylprolyl isomerase  [Source:UniProtKB/TrEMBL;Acc:A0A8J2M912],Cercopithifilaria johnstoni (PRJEB47283),protein_coding,cejohnprjeb47283
CJOHNSTONI_LOCUS8138,rna-CJOHNSTONI_LOCUS8138,155,protein_coding,Ovule protein  [Source:UniProtKB/TrEMBL;Acc:A0A8J2M9E9],Cercopithifilaria johnstoni (PRJEB47283),protein_coding,cejohnprjeb47283
CJOHNSTONI_LOCUS2723,rna-CJOHNSTONI_LOCUS2723,251,protein_coding,receptor protein-tyrosine kinase  [Source:UniProtKB/TrEMBL;Acc:A0A8J2M0D7],Cercopithifilaria johnstoni (PRJEB47283),protein_coding,cejohnprjeb47283
CJOHNSTONI_LOCUS2355,rna-CJOHNSTONI_LOCUS2355,287,protein_coding,,Cercopithifilaria johnstoni (PRJEB47283),protein_coding,cejohnprjeb47283
CJOHNSTONI_LOCUS3426,rna-CJOHNSTONI_LOCUS3426,243,protein_coding,N-acetylmuramoyl-L-alanine amidase  [Source:UniProtKB/TrEMBL;Acc:A0A8J2PYZ0],Cercopithifilaria johnstoni (PRJEB47283),protein_coding,cejohnprjeb47283
CJOHNSTONI_LOCUS2279,rna-CJOHNSTONI_LOCUS2279,261,protein_coding,AA_permease domain-containing protein  [Source:UniProtKB/TrEMBL;Acc:A0A8J2LRJ1],Cercopithifilaria johnstoni (PRJEB47283),protein_coding,cejohnprjeb47283
CJOHNSTONI_LOCUS10538,rna-CJOHNSTONI_LOCUS10538,255,protein_coding,Ufm1-specific protease 2  [Source:UniProtKB/TrEMBL;Acc:A0A8J2Q4T7],Cercopithifilaria johnstoni (PRJEB47283),protein_coding,cejohnprjeb47283
CJOHNSTONI_LOCUS10220,rna-CJOHNSTONI_LOCUS10220,236,protein_coding,Coatomer subunit alpha  [Source:UniProtKB/TrEMBL;Acc:A0A8J2QB98],Cercopithifilaria johnstoni (PRJEB47283),protein_coding,cejohnprjeb47283
CJOHNSTONI_LOCUS1381,rna-CJOHNSTONI_LOCUS1381,235,protein_coding,Arp2/3 complex 34 kDa subunit  [Source:UniProtKB/TrEMBL;Acc:A0A8J2LVW0],Cercopithifilaria johnstoni (PRJEB47283),protein_coding,cejohnprjeb47283
CJOHNSTONI_LOCUS6917,rna-CJOHNSTONI_LOCUS6917,212,protein_coding,Dehydrogenase/reductase SDR family member 1  [Source:UniProtKB/TrEMBL;Acc:A0A8J2PV57],Cercopithifilaria johnstoni (PRJEB47283),protein_coding,cejohnprjeb47283
CJOHNSTONI_LOCUS5946,rna-CJOHNSTONI_LOCUS5946,206,protein_coding,Transmembrane protein 147  [Source:UniProtKB/TrEMBL;Acc:A0A8J2M6D4],Cercopithifilaria johnstoni (PRJEB47283),protein_coding,cejohnprjeb47283
CJOHNSTONI_LOCUS7741,rna-CJOHNSTONI_LOCUS7741,202,protein_coding,Ribosomal protein S10  [Source:UniProtKB/TrEMBL;Acc:A0A8J2MBR1],Cercopithifilaria johnstoni (PRJEB47283),protein_coding,cejohnprjeb47283
CJOHNSTONI_LOCUS3572,rna-CJOHNSTONI_LOCUS3572,200,protein_coding,Lysosomal-associated transmembrane protein 4A  [Source:UniProtKB/TrEMBL;Acc:A0A8J2M1S4],Cercopithifilaria johnstoni (PRJEB47283),protein_coding,cejohnprjeb47283
CJOHNSTONI_LOCUS4366,rna-CJOHNSTONI_LOCUS4366,166,protein_coding,non-specific serine/threonine protein kinase  [Source:UniProtKB/TrEMBL;Acc:A0A8J2Q9X5],Cercopithifilaria johnstoni (PRJEB47283),protein_coding,cejohnprjeb47283
CJOHNSTONI_LOCUS10152,rna-CJOHNSTONI_LOCUS10152,292,protein_coding,DNA polymerase epsilon subunit  [Source:UniProtKB/TrEMBL;Acc:A0A8J2PYV3],Cercopithifilaria johnstoni (PRJEB47283),protein_coding,cejohnprjeb47283
CJOHNSTONI_LOCUS9101,rna-CJOHNSTONI_LOCUS9101,292,protein_coding,Zinc finger protein LEE1  [Source:UniProtKB/TrEMBL;Acc:A0A8J2Q3M9],Cercopithifilaria johnstoni (PRJEB47283),protein_coding,cejohnprjeb47283
CJOHNSTONI_LOCUS9126,rna-CJOHNSTONI_LOCUS9126,163,protein_coding,,Cercopithifilaria johnstoni (PRJEB47283),protein_coding,cejohnprjeb47283
CJOHNSTONI_LOCUS5777,rna-CJOHNSTONI_LOCUS5777,170,protein_coding,F-box domain-containing protein  [Source:UniProtKB/TrEMBL;Acc:A0A8J2Q4L3],Cercopithifilaria johnstoni (PRJEB47283),protein_coding,cejohnprjeb47283
CJOHNSTONI_LOCUS9276,rna-CJOHNSTONI_LOCUS9276,211,protein_coding,Reduced folate carrier family protein  [Source:UniProtKB/TrEMBL;Acc:A0A8J2MBW9],Cercopithifilaria johnstoni (PRJEB47283),protein_coding,cejohnprjeb47283
CJOHNSTONI_LOCUS7483,rna-CJOHNSTONI_LOCUS7483,198,protein_coding,Gamma-glutamyltranspeptidase 1  [Source:UniProtKB/TrEMBL;Acc:A0A8J2MB92],Cercopithifilaria johnstoni (PRJEB47283),protein_coding,cejohnprjeb47283
CJOHNSTONI_LOCUS8268,rna-CJOHNSTONI_LOCUS8268,117,protein_coding,,Cercopithifilaria johnstoni (PRJEB47283),protein_coding,cejohnprjeb47283
CJOHNSTONI_LOCUS9775,rna-CJOHNSTONI_LOCUS9775,213,protein_coding,G_PROTEIN_RECEP_F1_2 domain-containing protein  [Source:UniProtKB/TrEMBL;Acc:A0A8J2ME72],Cercopithifilaria johnstoni (PRJEB47283),protein_coding,cejohnprjeb47283
CJOHNSTONI_LOCUS9855,rna-CJOHNSTONI_LOCUS9855,185,protein_coding,PDZ domain-containing protein  [Source:UniProtKB/TrEMBL;Acc:A0A8J2MUI0],Cercopithifilaria johnstoni (PRJEB47283),protein_coding,cejohnprjeb47283
CJOHNSTONI_LOCUS958,rna-CJOHNSTONI_LOCUS958,256,protein_coding,,Cercopithifilaria johnstoni (PRJEB47283),protein_coding,cejohnprjeb47283
CJOHNSTONI_LOCUS5079,rna-CJOHNSTONI_LOCUS5079,245,protein_coding,NADAR domain-containing protein  [Source:UniProtKB/TrEMBL;Acc:A0A8J2M4L3],Cercopithifilaria johnstoni (PRJEB47283),protein_coding,cejohnprjeb47283
CJOHNSTONI_LOCUS4484,rna-CJOHNSTONI_LOCUS4484,278,protein_coding,Chromo domain-containing protein  [Source:UniProtKB/TrEMBL;Acc:A0A8J2M3A8],Cercopithifilaria johnstoni (PRJEB47283),protein_coding,cejohnprjeb47283
CJOHNSTONI_LOCUS2749,rna-CJOHNSTONI_LOCUS2749,218,protein_coding,"Cytochrome b-c1 complex subunit 2, mitochondrial  [Source:UniProtKB/TrEMBL;Acc:A0A8J2MLA1]",Cercopithifilaria johnstoni (PRJEB47283),protein_coding,cejohnprjeb47283
CJOHNSTONI_LOCUS4159,rna-CJOHNSTONI_LOCUS4159,206,protein_coding,Vesicle transport protein  [Source:UniProtKB/TrEMBL;Acc:A0A8J2M5A0],Cercopithifilaria johnstoni (PRJEB47283),protein_coding,cejohnprjeb47283
CJOHNSTONI_LOCUS5512,rna-CJOHNSTONI_LOCUS5512,246,protein_coding,Intraflagellar transport protein 22 homolog  [Source:UniProtKB/TrEMBL;Acc:A0A8J2M509],Cercopithifilaria johnstoni (PRJEB47283),protein_coding,cejohnprjeb47283
CJOHNSTONI_LOCUS6643,rna-CJOHNSTONI_LOCUS6643,269,protein_coding,"Isocitrate dehydrogenase [NAD] subunit, mitochondrial  [Source:UniProtKB/TrEMBL;Acc:A0A8J2Q5A2]",Cercopithifilaria johnstoni (PRJEB47283),protein_coding,cejohnprjeb47283
CJOHNSTONI_LOCUS899,rna-CJOHNSTONI_LOCUS899,170,protein_coding,Ribosomal protein  [Source:UniProtKB/TrEMBL;Acc:A0A8J2LV43],Cercopithifilaria johnstoni (PRJEB47283),protein_coding,cejohnprjeb47283
CJOHNSTONI_LOCUS7115,rna-CJOHNSTONI_LOCUS7115,161,protein_coding,RING-type domain-containing protein  [Source:UniProtKB/TrEMBL;Acc:A0A8J2PVC7],Cercopithifilaria johnstoni (PRJEB47283),protein_coding,cejohnprjeb47283
CJOHNSTONI_LOCUS6675,rna-CJOHNSTONI_LOCUS6675,198,protein_coding,Sec2p domain-containing protein  [Source:UniProtKB/TrEMBL;Acc:A0A8J2M6K9],Cercopithifilaria johnstoni (PRJEB47283),protein_coding,cejohnprjeb47283
CJOHNSTONI_LOCUS9932,rna-CJOHNSTONI_LOCUS9932,376,protein_coding,Plexin_cytopl domain-containing protein  [Source:UniProtKB/TrEMBL;Acc:A0A8J2M714],Cercopithifilaria johnstoni (PRJEB47283),protein_coding,cejohnprjeb47283
CJOHNSTONI_LOCUS10253,rna-CJOHNSTONI_LOCUS10253,227,protein_coding,Ion_trans domain-containing protein  [Source:UniProtKB/TrEMBL;Acc:A0A8J2MG12],Cercopithifilaria johnstoni (PRJEB47283),protein_coding,cejohnprjeb47283
CJOHNSTONI_LOCUS2006,rna-CJOHNSTONI_LOCUS2006,225,protein_coding,Fibrous sheath-interacting protein 1  [Source:UniProtKB/TrEMBL;Acc:A0A8J2LYY3],Cercopithifilaria johnstoni (PRJEB47283),protein_coding,cejohnprjeb47283
CJOHNSTONI_LOCUS3841,rna-CJOHNSTONI_LOCUS3841,176,protein_coding,Hexosyltransferase  [Source:UniProtKB/TrEMBL;Acc:A0A8J2Q2T5],Cercopithifilaria johnstoni (PRJEB47283),protein_coding,cejohnprjeb47283
CJOHNSTONI_LOCUS436,rna-CJOHNSTONI_LOCUS436,154,protein_coding,Sarcosine oxidase subunit alpha  [Source:UniProtKB/TrEMBL;Acc:A0A8J2LW57],Cercopithifilaria johnstoni (PRJEB47283),protein_coding,cejohnprjeb47283
CJOHNSTONI_LOCUS2612,rna-CJOHNSTONI_LOCUS2612,284,protein_coding,Nidogen  [Source:UniProtKB/TrEMBL;Acc:A0A8J2LY41],Cercopithifilaria johnstoni (PRJEB47283),protein_coding,cejohnprjeb47283
CJOHNSTONI_LOCUS1553,rna-CJOHNSTONI_LOCUS1553,239,protein_coding,"Collagen, type XXII, alpha 1  [Source:UniProtKB/TrEMBL;Acc:A0A8J2PWP8]",Cercopithifilaria johnstoni (PRJEB47283),protein_coding,cejohnprjeb47283
CJOHNSTONI_LOCUS8294,rna-CJOHNSTONI_LOCUS8294,240,protein_coding,ATPase_AAA_core domain-containing protein  [Source:UniProtKB/TrEMBL;Acc:A0A8J2MDA4],Cercopithifilaria johnstoni (PRJEB47283),protein_coding,cejohnprjeb47283
CJOHNSTONI_LOCUS892,rna-CJOHNSTONI_LOCUS892,476,protein_coding,,Cercopithifilaria johnstoni (PRJEB47283),protein_coding,cejohnprjeb47283
CJOHNSTONI_LOCUS1912,rna-CJOHNSTONI_LOCUS1912,220,protein_coding,AB hydrolase-1 domain-containing protein  [Source:UniProtKB/TrEMBL;Acc:A0A8J2LYC5],Cercopithifilaria johnstoni (PRJEB47283),protein_coding,cejohnprjeb47283
CJOHNSTONI_LOCUS9781,rna-CJOHNSTONI_LOCUS9781,446,protein_coding,Cytochrome c oxidase subunit  [Source:UniProtKB/TrEMBL;Acc:A0A8J2Q458],Cercopithifilaria johnstoni (PRJEB47283),protein_coding,cejohnprjeb47283
CJOHNSTONI_LOCUS845,rna-CJOHNSTONI_LOCUS845,180,protein_coding,Collagen  [Source:UniProtKB/TrEMBL;Acc:A0A8J2LLX6],Cercopithifilaria johnstoni (PRJEB47283),protein_coding,cejohnprjeb47283
CJOHNSTONI_LOCUS8046,rna-CJOHNSTONI_LOCUS8046,225,protein_coding,,Cercopithifilaria johnstoni (PRJEB47283),protein_coding,cejohnprjeb47283
CJOHNSTONI_LOCUS2286,rna-CJOHNSTONI_LOCUS2286,156,protein_coding,Transposase  [Source:UniProtKB/TrEMBL;Acc:A0A8J2LZ25],Cercopithifilaria johnstoni (PRJEB47283),protein_coding,cejohnprjeb47283
CJOHNSTONI_LOCUS3082,rna-CJOHNSTONI_LOCUS3082,261,protein_coding,Cytochrome c oxidase subunit 4  [Source:UniProtKB/TrEMBL;Acc:A0A8J2ML27],Cercopithifilaria johnstoni (PRJEB47283),protein_coding,cejohnprjeb47283
CJOHNSTONI_LOCUS9832,rna-CJOHNSTONI_LOCUS9832,286,protein_coding,Voltage-dependent L-type calcium channel subunit alpha  [Source:UniProtKB/TrEMBL;Acc:A0A8J2MEA5],Cercopithifilaria johnstoni (PRJEB47283),protein_coding,cejohnprjeb47283
CJOHNSTONI_LOCUS7723,rna-CJOHNSTONI_LOCUS7723,233,protein_coding,Copine-8  [Source:UniProtKB/TrEMBL;Acc:A0A8J2M2G7],Cercopithifilaria johnstoni (PRJEB47283),protein_coding,cejohnprjeb47283
CJOHNSTONI_LOCUS3008,rna-CJOHNSTONI_LOCUS3008,231,protein_coding,,Cercopithifilaria johnstoni (PRJEB47283),protein_coding,cejohnprjeb47283
CJOHNSTONI_LOCUS213,rna-CJOHNSTONI_LOCUS213,326,protein_coding,GATA zinc finger domain-containing protein 14-like  [Source:UniProtKB/TrEMBL;Acc:A0A8J2LVF1],Cercopithifilaria johnstoni (PRJEB47283),protein_coding,cejohnprjeb47283
CJOHNSTONI_LOCUS3557,rna-CJOHNSTONI_LOCUS3557,249,protein_coding,DUF1559 domain-containing protein  [Source:UniProtKB/TrEMBL;Acc:A0A8J2M1A0],Cercopithifilaria johnstoni (PRJEB47283),protein_coding,cejohnprjeb47283
CJOHNSTONI_LOCUS5807,rna-CJOHNSTONI_LOCUS5807,173,protein_coding,Mini-chromosome maintenance complex-binding protein  [Source:UniProtKB/TrEMBL;Acc:A0A8J2QAC4],Cercopithifilaria johnstoni (PRJEB47283),protein_coding,cejohnprjeb47283
CJOHNSTONI_LOCUS4310,rna-CJOHNSTONI_LOCUS4310,215,protein_coding,,Cercopithifilaria johnstoni (PRJEB47283),protein_coding,cejohnprjeb47283
CJOHNSTONI_LOCUS8985,rna-CJOHNSTONI_LOCUS8985,156,protein_coding,Sel1 repeat family protein  [Source:UniProtKB/TrEMBL;Acc:A0A8J2MET1],Cercopithifilaria johnstoni (PRJEB47283),protein_coding,cejohnprjeb47283
CJOHNSTONI_LOCUS3982,rna-CJOHNSTONI_LOCUS3982,323,protein_coding,MFS_1_like domain-containing protein  [Source:UniProtKB/TrEMBL;Acc:A0A8J2LSC0],Cercopithifilaria johnstoni (PRJEB47283),protein_coding,cejohnprjeb47283
CJOHNSTONI_LOCUS10521,rna-CJOHNSTONI_LOCUS10521,368,protein_coding,,Cercopithifilaria johnstoni (PRJEB47283),protein_coding,cejohnprjeb47283
CJOHNSTONI_LOCUS3664,rna-CJOHNSTONI_LOCUS3664,395,protein_coding,RRM domain-containing protein  [Source:UniProtKB/TrEMBL;Acc:A0A8J2Q9M4],Cercopithifilaria johnstoni (PRJEB47283),protein_coding,cejohnprjeb47283
CJOHNSTONI_LOCUS2609,rna-CJOHNSTONI_LOCUS2609,249,protein_coding,Phosphoglucomutase-2  [Source:UniProtKB/TrEMBL;Acc:A0A8J2MKK0],Cercopithifilaria johnstoni (PRJEB47283),protein_coding,cejohnprjeb47283
CJOHNSTONI_LOCUS516,rna-CJOHNSTONI_LOCUS516,235,protein_coding,Fanconi anemia group D2 protein  [Source:UniProtKB/TrEMBL;Acc:A0A8J2LU77],Cercopithifilaria johnstoni (PRJEB47283),protein_coding,cejohnprjeb47283
CJOHNSTONI_LOCUS4286,rna-CJOHNSTONI_LOCUS4286,216,protein_coding,Protein kinase domain-containing protein  [Source:UniProtKB/TrEMBL;Acc:A0A8J2Q359],Cercopithifilaria johnstoni (PRJEB47283),protein_coding,cejohnprjeb47283
CJOHNSTONI_LOCUS7277,rna-CJOHNSTONI_LOCUS7277,147,protein_coding,Transmembrane protein  [Source:UniProtKB/TrEMBL;Acc:A0A8J2PVQ9],Cercopithifilaria johnstoni (PRJEB47283),protein_coding,cejohnprjeb47283
CJOHNSTONI_LOCUS1693,rna-CJOHNSTONI_LOCUS1693,216,protein_coding,Thrombospondin type 1 domain protein  [Source:UniProtKB/TrEMBL;Acc:A0A8J2PWT8],Cercopithifilaria johnstoni (PRJEB47283),protein_coding,cejohnprjeb47283
CJOHNSTONI_LOCUS7473,rna-CJOHNSTONI_LOCUS7473,330,protein_coding,ATP-dependent 6-phosphofructokinase  [Source:UniProtKB/TrEMBL;Acc:A0A8J2M8I6],Cercopithifilaria johnstoni (PRJEB47283),protein_coding,cejohnprjeb47283
CJOHNSTONI_LOCUS8724,rna-CJOHNSTONI_LOCUS8724,356,protein_coding,Phlebovirus_G2 domain-containing protein  [Source:UniProtKB/TrEMBL;Acc:A0A8J2MCL7],Cercopithifilaria johnstoni (PRJEB47283),protein_coding,cejohnprjeb47283
CJOHNSTONI_LOCUS3777,rna-CJOHNSTONI_LOCUS3777,244,protein_coding,Bax inhibitor 1  [Source:UniProtKB/TrEMBL;Acc:A0A8J2MLU1],Cercopithifilaria johnstoni (PRJEB47283),protein_coding,cejohnprjeb47283
CJOHNSTONI_LOCUS1038,rna-CJOHNSTONI_LOCUS1038,725,protein_coding,BED-type domain-containing protein  [Source:UniProtKB/TrEMBL;Acc:A0A8J2Q0D9],Cercopithifilaria johnstoni (PRJEB47283),protein_coding,cejohnprjeb47283
CJOHNSTONI_LOCUS3095,rna-CJOHNSTONI_LOCUS3095,237,protein_coding,Huntingtin-interacting protein 1  [Source:UniProtKB/TrEMBL;Acc:A0A8J2LZ29],Cercopithifilaria johnstoni (PRJEB47283),protein_coding,cejohnprjeb47283
CJOHNSTONI_LOCUS5710,rna-CJOHNSTONI_LOCUS5710,319,protein_coding,,Cercopithifilaria johnstoni (PRJEB47283),protein_coding,cejohnprjeb47283
CJOHNSTONI_LOCUS3141,rna-CJOHNSTONI_LOCUS3141,464,protein_coding,,Cercopithifilaria johnstoni (PRJEB47283),protein_coding,cejohnprjeb47283
CJOHNSTONI_LOCUS6060,rna-CJOHNSTONI_LOCUS6060,230,protein_coding,Secreted protein  [Source:UniProtKB/TrEMBL;Acc:A0A8J2PUC8],Cercopithifilaria johnstoni (PRJEB47283),protein_coding,cejohnprjeb47283
CJOHNSTONI_LOCUS1251,rna-CJOHNSTONI_LOCUS1251,210,protein_coding,COIA1  [Source:UniProtKB/TrEMBL;Acc:A0A8J2MIR4],Cercopithifilaria johnstoni (PRJEB47283),protein_coding,cejohnprjeb47283
CJOHNSTONI_LOCUS3750,rna-CJOHNSTONI_LOCUS3750,197,protein_coding,Protein phosphatase 1 regulatory subunit 22  [Source:UniProtKB/TrEMBL;Acc:A0A8J2M0R4],Cercopithifilaria johnstoni (PRJEB47283),protein_coding,cejohnprjeb47283
CJOHNSTONI_LOCUS10057,rna-CJOHNSTONI_LOCUS10057,332,protein_coding,ZP domain-containing protein  [Source:UniProtKB/TrEMBL;Acc:A0A8J2M7H0],Cercopithifilaria johnstoni (PRJEB47283),protein_coding,cejohnprjeb47283
CJOHNSTONI_LOCUS3164,rna-CJOHNSTONI_LOCUS3164,434,protein_coding,MFS domain-containing protein  [Source:UniProtKB/TrEMBL;Acc:A0A8J2Q9F2],Cercopithifilaria johnstoni (PRJEB47283),protein_coding,cejohnprjeb47283
CJOHNSTONI_LOCUS2041,rna-CJOHNSTONI_LOCUS2041,357,protein_coding,Transmembrane protein 253  [Source:UniProtKB/TrEMBL;Acc:A0A8J2LNX4],Cercopithifilaria johnstoni (PRJEB47283),protein_coding,cejohnprjeb47283
CJOHNSTONI_LOCUS6645,rna-CJOHNSTONI_LOCUS6645,314,protein_coding,Magnesium transporter  [Source:UniProtKB/TrEMBL;Acc:A0A8J2QAI6],Cercopithifilaria johnstoni (PRJEB47283),protein_coding,cejohnprjeb47283
CJOHNSTONI_LOCUS2281,rna-CJOHNSTONI_LOCUS2281,215,protein_coding,ANIS5_cation-bd domain-containing protein  [Source:UniProtKB/TrEMBL;Acc:A0A8J2MK67],Cercopithifilaria johnstoni (PRJEB47283),protein_coding,cejohnprjeb47283
CJOHNSTONI_LOCUS5109,rna-CJOHNSTONI_LOCUS5109,201,protein_coding,Protein kinase domain-containing protein  [Source:UniProtKB/TrEMBL;Acc:A0A8J2Q798],Cercopithifilaria johnstoni (PRJEB47283),protein_coding,cejohnprjeb47283
CJOHNSTONI_LOCUS370,rna-CJOHNSTONI_LOCUS370,220,protein_coding,Carnosine N-methyltransferase  [Source:UniProtKB/TrEMBL;Acc:A0A8J2LVI1],Cercopithifilaria johnstoni (PRJEB47283),protein_coding,cejohnprjeb47283
CJOHNSTONI_LOCUS8336,rna-CJOHNSTONI_LOCUS8336,226,protein_coding,Endo/exonuclease/phosphatase domain-containing protein  [Source:UniProtKB/TrEMBL;Acc:A0A8J2MDE1],Cercopithifilaria johnstoni (PRJEB47283),protein_coding,cejohnprjeb47283
CJOHNSTONI_LOCUS7801,rna-CJOHNSTONI_LOCUS7801,213,protein_coding,GPI ethanolamine phosphate transferase 2  [Source:UniProtKB/TrEMBL;Acc:A0A8J2MS77],Cercopithifilaria johnstoni (PRJEB47283),protein_coding,cejohnprjeb47283
CJOHNSTONI_LOCUS3740,rna-CJOHNSTONI_LOCUS3740,193,protein_coding,AAA domain-containing protein  [Source:UniProtKB/TrEMBL;Acc:A0A8J2PZ92],Cercopithifilaria johnstoni (PRJEB47283),protein_coding,cejohnprjeb47283
CJOHNSTONI_LOCUS555,rna-CJOHNSTONI_LOCUS555,137,protein_coding,Lipase  [Source:UniProtKB/TrEMBL;Acc:A0A8J2MHM7],Cercopithifilaria johnstoni (PRJEB47283),protein_coding,cejohnprjeb47283
CJOHNSTONI_LOCUS7820,rna-CJOHNSTONI_LOCUS7820,190,protein_coding,PPIP5K2_N domain-containing protein  [Source:UniProtKB/TrEMBL;Acc:A0A8J2Q645],Cercopithifilaria johnstoni (PRJEB47283),protein_coding,cejohnprjeb47283
CJOHNSTONI_LOCUS748,rna-CJOHNSTONI_LOCUS748,135,protein_coding,Serine protease  [Source:UniProtKB/TrEMBL;Acc:A0A8J2LUT3],Cercopithifilaria johnstoni (PRJEB47283),protein_coding,cejohnprjeb47283
CJOHNSTONI_LOCUS6109,rna-CJOHNSTONI_LOCUS6109,290,protein_coding,Transporter  [Source:UniProtKB/TrEMBL;Acc:A0A8J2MPZ0],Cercopithifilaria johnstoni (PRJEB47283),protein_coding,cejohnprjeb47283
CJOHNSTONI_LOCUS6125,rna-CJOHNSTONI_LOCUS6125,220,protein_coding,,Cercopithifilaria johnstoni (PRJEB47283),protein_coding,cejohnprjeb47283
CJOHNSTONI_LOCUS6590,rna-CJOHNSTONI_LOCUS6590,269,protein_coding,,Cercopithifilaria johnstoni (PRJEB47283),protein_coding,cejohnprjeb47283
CJOHNSTONI_LOCUS9813,rna-CJOHNSTONI_LOCUS9813,698,protein_coding,Zinc finger protein  [Source:UniProtKB/TrEMBL;Acc:A0A8J2MCN5],Cercopithifilaria johnstoni (PRJEB47283),protein_coding,cejohnprjeb47283
CJOHNSTONI_LOCUS10132,rna-CJOHNSTONI_LOCUS10132,300,protein_coding,Calcium-transporting ATPase  [Source:UniProtKB/TrEMBL;Acc:A0A8J2MF67],Cercopithifilaria johnstoni (PRJEB47283),protein_coding,cejohnprjeb47283
CJOHNSTONI_LOCUS8326,rna-CJOHNSTONI_LOCUS8326,220,protein_coding,GTP_EFTU_D2 domain-containing protein  [Source:UniProtKB/TrEMBL;Acc:A0A8J2MA60],Cercopithifilaria johnstoni (PRJEB47283),protein_coding,cejohnprjeb47283
CJOHNSTONI_LOCUS4499,rna-CJOHNSTONI_LOCUS4499,250,protein_coding,SERPIN domain-containing protein  [Source:UniProtKB/TrEMBL;Acc:A0A8J2M3B6],Cercopithifilaria johnstoni (PRJEB47283),protein_coding,cejohnprjeb47283
CJOHNSTONI_LOCUS9248,rna-CJOHNSTONI_LOCUS9248,220,protein_coding,FA_desaturase domain-containing protein  [Source:UniProtKB/TrEMBL;Acc:A0A8J2MBV1],Cercopithifilaria johnstoni (PRJEB47283),protein_coding,cejohnprjeb47283
CJOHNSTONI_LOCUS8225,rna-CJOHNSTONI_LOCUS8225,261,protein_coding,SRR1 domain-containing protein  [Source:UniProtKB/TrEMBL;Acc:A0A8J2MA03],Cercopithifilaria johnstoni (PRJEB47283),protein_coding,cejohnprjeb47283
CJOHNSTONI_LOCUS1805,rna-CJOHNSTONI_LOCUS1805,443,protein_coding,,Cercopithifilaria johnstoni (PRJEB47283),protein_coding,cejohnprjeb47283
CJOHNSTONI_LOCUS153,rna-CJOHNSTONI_LOCUS153,344,protein_coding,F-box domain-containing protein  [Source:UniProtKB/TrEMBL;Acc:A0A8J2LTE6],Cercopithifilaria johnstoni (PRJEB47283),protein_coding,cejohnprjeb47283
CJOHNSTONI_LOCUS2912,rna-CJOHNSTONI_LOCUS2912,263,protein_coding,UDP-galactose translocator  [Source:UniProtKB/TrEMBL;Acc:A0A8J2PYI1],Cercopithifilaria johnstoni (PRJEB47283),protein_coding,cejohnprjeb47283
CJOHNSTONI_LOCUS7563,rna-CJOHNSTONI_LOCUS7563,228,protein_coding,Peptidylprolyl isomerase  [Source:UniProtKB/TrEMBL;Acc:A0A8J2M9G3],Cercopithifilaria johnstoni (PRJEB47283),protein_coding,cejohnprjeb47283
CJOHNSTONI_LOCUS4790,rna-CJOHNSTONI_LOCUS4790,258,protein_coding,26S proteasome non-ATPase regulatory subunit 5  [Source:UniProtKB/TrEMBL;Acc:A0A8J2MNE0],Cercopithifilaria johnstoni (PRJEB47283),protein_coding,cejohnprjeb47283
CJOHNSTONI_LOCUS9866,rna-CJOHNSTONI_LOCUS9866,207,protein_coding,"Translation factor GUF1 homolog, mitochondrial  [Source:UniProtKB/TrEMBL;Acc:A0A8J2QB72]",Cercopithifilaria johnstoni (PRJEB47283),protein_coding,cejohnprjeb47283
CJOHNSTONI_LOCUS8388,rna-CJOHNSTONI_LOCUS8388,523,protein_coding,Col_cuticle_N domain-containing protein  [Source:UniProtKB/TrEMBL;Acc:A0A8J2MDH2],Cercopithifilaria johnstoni (PRJEB47283),protein_coding,cejohnprjeb47283
CJOHNSTONI_LOCUS2858,rna-CJOHNSTONI_LOCUS2858,747,protein_coding,Col_cuticle_N domain-containing protein  [Source:UniProtKB/TrEMBL;Acc:A0A8J2LSQ3],Cercopithifilaria johnstoni (PRJEB47283),protein_coding,cejohnprjeb47283
CJOHNSTONI_LOCUS2642,rna-CJOHNSTONI_LOCUS2642,269,protein_coding,,Cercopithifilaria johnstoni (PRJEB47283),protein_coding,cejohnprjeb47283
CJOHNSTONI_LOCUS6893,rna-CJOHNSTONI_LOCUS6893,308,protein_coding,DNA-(apurinic or apyrimidinic site) endonuclease  [Source:UniProtKB/TrEMBL;Acc:A0A8J2M167],Cercopithifilaria johnstoni (PRJEB47283),protein_coding,cejohnprjeb47283
CJOHNSTONI_LOCUS2892,rna-CJOHNSTONI_LOCUS2892,206,protein_coding,Translocating chain-associated membrane protein  [Source:UniProtKB/TrEMBL;Acc:A0A8J2M0L6],Cercopithifilaria johnstoni (PRJEB47283),protein_coding,cejohnprjeb47283
CJOHNSTONI_LOCUS6730,rna-CJOHNSTONI_LOCUS6730,204,protein_coding,Copper transport protein  [Source:UniProtKB/TrEMBL;Acc:A0A8J2MQR8],Cercopithifilaria johnstoni (PRJEB47283),protein_coding,cejohnprjeb47283
CJOHNSTONI_LOCUS8431,rna-CJOHNSTONI_LOCUS8431,4916,protein_coding,Moesin/ezrin/radixin homolog 1  [Source:UniProtKB/TrEMBL;Acc:A0A8J2MAC9],Cercopithifilaria johnstoni (PRJEB47283),protein_coding,cejohnprjeb47283
CJOHNSTONI_LOCUS4263,rna-CJOHNSTONI_LOCUS4263,330,protein_coding,FERM domain-containing protein  [Source:UniProtKB/TrEMBL;Acc:A0A8J2LVN3],Cercopithifilaria johnstoni (PRJEB47283),protein_coding,cejohnprjeb47283
CJOHNSTONI_LOCUS9711,rna-CJOHNSTONI_LOCUS9711,275,protein_coding,Reverse transcriptase domain-containing protein  [Source:UniProtKB/TrEMBL;Acc:A0A8J2QB61],Cercopithifilaria johnstoni (PRJEB47283),protein_coding,cejohnprjeb47283
CJOHNSTONI_LOCUS2899,rna-CJOHNSTONI_LOCUS2899,264,protein_coding,2Fe-2S ferredoxin-type domain-containing protein  [Source:UniProtKB/TrEMBL;Acc:A0A8J2PYH6],Cercopithifilaria johnstoni (PRJEB47283),protein_coding,cejohnprjeb47283
CJOHNSTONI_LOCUS4748,rna-CJOHNSTONI_LOCUS4748,248,protein_coding,ABC transporter family protein  [Source:UniProtKB/TrEMBL;Acc:A0A8J2MMV2],Cercopithifilaria johnstoni (PRJEB47283),protein_coding,cejohnprjeb47283
CJOHNSTONI_LOCUS10310,rna-CJOHNSTONI_LOCUS10310,206,protein_coding,"Alpha-1,3/1,6-mannosyltransferase ALG2  [Source:UniProtKB/TrEMBL;Acc:A0A8J2Q9J5]",Cercopithifilaria johnstoni (PRJEB47283),protein_coding,cejohnprjeb47283
CJOHNSTONI_LOCUS10416,rna-CJOHNSTONI_LOCUS10416,272,protein_coding,Tr-type G domain-containing protein  [Source:UniProtKB/TrEMBL;Acc:A0A8J2M850],Cercopithifilaria johnstoni (PRJEB47283),protein_coding,cejohnprjeb47283
CJOHNSTONI_LOCUS5411,rna-CJOHNSTONI_LOCUS5411,257,protein_coding,Lipid_desat domain-containing protein  [Source:UniProtKB/TrEMBL;Acc:A0A8J2M4U1],Cercopithifilaria johnstoni (PRJEB47283),protein_coding,cejohnprjeb47283
CJOHNSTONI_LOCUS6400,rna-CJOHNSTONI_LOCUS6400,599,protein_coding,CID domain-containing protein  [Source:UniProtKB/TrEMBL;Acc:A0A8J2LZV3],Cercopithifilaria johnstoni (PRJEB47283),protein_coding,cejohnprjeb47283
CJOHNSTONI_LOCUS10482,rna-CJOHNSTONI_LOCUS10482,203,protein_coding,Ovule protein  [Source:UniProtKB/TrEMBL;Acc:A0A8J2Q4S1],Cercopithifilaria johnstoni (PRJEB47283),protein_coding,cejohnprjeb47283
CJOHNSTONI_LOCUS4075,rna-CJOHNSTONI_LOCUS4075,200,protein_coding,PID domain-containing protein  [Source:UniProtKB/TrEMBL;Acc:A0A8J2M2V0],Cercopithifilaria johnstoni (PRJEB47283),protein_coding,cejohnprjeb47283
CJOHNSTONI_LOCUS1610,rna-CJOHNSTONI_LOCUS1610,198,protein_coding,Chondroitin proteoglycan 4 domain-containing protein  [Source:UniProtKB/TrEMBL;Acc:A0A8J2Q0W9],Cercopithifilaria johnstoni (PRJEB47283),protein_coding,cejohnprjeb47283
CJOHNSTONI_LOCUS2770,rna-CJOHNSTONI_LOCUS2770,305,protein_coding,Pre-mRNA-processing factor 39  [Source:UniProtKB/TrEMBL;Acc:A0A8J2PYD5],Cercopithifilaria johnstoni (PRJEB47283),protein_coding,cejohnprjeb47283
CJOHNSTONI_LOCUS4871,rna-CJOHNSTONI_LOCUS4871,183,protein_coding,Egl nine-like protein 1  [Source:UniProtKB/TrEMBL;Acc:A0A8J2MNH2],Cercopithifilaria johnstoni (PRJEB47283),protein_coding,cejohnprjeb47283
CJOHNSTONI_LOCUS8241,rna-CJOHNSTONI_LOCUS8241,170,protein_coding,Leucine-rich repeat flightless-interacting protein 2  [Source:UniProtKB/TrEMBL;Acc:A0A8J2PX58],Cercopithifilaria johnstoni (PRJEB47283),protein_coding,cejohnprjeb47283
CJOHNSTONI_LOCUS2777,rna-CJOHNSTONI_LOCUS2777,716,protein_coding,Dachshund-like protein 1  [Source:UniProtKB/TrEMBL;Acc:A0A8J2M2X8],Cercopithifilaria johnstoni (PRJEB47283),protein_coding,cejohnprjeb47283
CJOHNSTONI_LOCUS8161,rna-CJOHNSTONI_LOCUS8161,197,protein_coding,WD_REPEATS_REGION domain-containing protein  [Source:UniProtKB/TrEMBL;Acc:A0A8J2Q2Z1],Cercopithifilaria johnstoni (PRJEB47283),protein_coding,cejohnprjeb47283
CJOHNSTONI_LOCUS2113,rna-CJOHNSTONI_LOCUS2113,167,protein_coding,LDLR chaperone MESD  [Source:UniProtKB/TrEMBL;Acc:A0A8J2LXE3],Cercopithifilaria johnstoni (PRJEB47283),protein_coding,cejohnprjeb47283
CJOHNSTONI_LOCUS1897,rna-CJOHNSTONI_LOCUS1897,164,protein_coding,TPR_REGION domain-containing protein  [Source:UniProtKB/TrEMBL;Acc:A0A8J2LYS3],Cercopithifilaria johnstoni (PRJEB47283),protein_coding,cejohnprjeb47283
CJOHNSTONI_LOCUS2094,rna-CJOHNSTONI_LOCUS2094,164,protein_coding,,Cercopithifilaria johnstoni (PRJEB47283),protein_coding,cejohnprjeb47283
CJOHNSTONI_LOCUS3734,rna-CJOHNSTONI_LOCUS3734,191,protein_coding,,Cercopithifilaria johnstoni (PRJEB47283),protein_coding,cejohnprjeb47283
CJOHNSTONI_LOCUS1309,rna-CJOHNSTONI_LOCUS1309,260,protein_coding,isoleucine--tRNA ligase  [Source:UniProtKB/TrEMBL;Acc:A0A8J2LXR2],Cercopithifilaria johnstoni (PRJEB47283),protein_coding,cejohnprjeb47283
CJOHNSTONI_LOCUS7807,rna-CJOHNSTONI_LOCUS7807,151,protein_coding,PHLB2 protein  [Source:UniProtKB/TrEMBL;Acc:A0A8J2Q641],Cercopithifilaria johnstoni (PRJEB47283),protein_coding,cejohnprjeb47283
CJOHNSTONI_LOCUS3939,rna-CJOHNSTONI_LOCUS3939,2678,protein_coding,Muscle M-line assembly protein unc-89  [Source:UniProtKB/TrEMBL;Acc:A0A8J2Q2W2],Cercopithifilaria johnstoni (PRJEB47283),protein_coding,cejohnprjeb47283
CJOHNSTONI_LOCUS3617,rna-CJOHNSTONI_LOCUS3617,162,protein_coding,PIH1 domain-containing protein  [Source:UniProtKB/TrEMBL;Acc:A0A8J2M1V0],Cercopithifilaria johnstoni (PRJEB47283),protein_coding,cejohnprjeb47283
CJOHNSTONI_LOCUS7192,rna-CJOHNSTONI_LOCUS7192,3039,protein_coding,BRCT domain-containing protein  [Source:UniProtKB/TrEMBL;Acc:A0A8J2M7Z5],Cercopithifilaria johnstoni (PRJEB47283),protein_coding,cejohnprjeb47283
CJOHNSTONI_LOCUS1539,rna-CJOHNSTONI_LOCUS1539,179,protein_coding,Superoxide dismutase  [Source:UniProtKB/TrEMBL;Acc:A0A8J2LN13],Cercopithifilaria johnstoni (PRJEB47283),protein_coding,cejohnprjeb47283
CJOHNSTONI_LOCUS5836,rna-CJOHNSTONI_LOCUS5836,167,protein_coding,,Cercopithifilaria johnstoni (PRJEB47283),protein_coding,cejohnprjeb47283
CJOHNSTONI_LOCUS2249,rna-CJOHNSTONI_LOCUS2249,158,protein_coding,,Cercopithifilaria johnstoni (PRJEB47283),protein_coding,cejohnprjeb47283
CJOHNSTONI_LOCUS7065,rna-CJOHNSTONI_LOCUS7065,176,protein_coding,,Cercopithifilaria johnstoni (PRJEB47283),protein_coding,cejohnprjeb47283
CJOHNSTONI_LOCUS2614,rna-CJOHNSTONI_LOCUS2614,159,protein_coding,,Cercopithifilaria johnstoni (PRJEB47283),protein_coding,cejohnprjeb47283
CJOHNSTONI_LOCUS4184,rna-CJOHNSTONI_LOCUS4184,5397,protein_coding,VWFA domain-containing protein  [Source:UniProtKB/TrEMBL;Acc:A0A8J2MMB5],Cercopithifilaria johnstoni (PRJEB47283),protein_coding,cejohnprjeb47283
CJOHNSTONI_LOCUS5128,rna-CJOHNSTONI_LOCUS5128,281,protein_coding,SSD domain-containing protein  [Source:UniProtKB/TrEMBL;Acc:A0A8J2QA73],Cercopithifilaria johnstoni (PRJEB47283),protein_coding,cejohnprjeb47283
CJOHNSTONI_LOCUS5837,rna-CJOHNSTONI_LOCUS5837,233,protein_coding,BMA-ETS-4  [Source:UniProtKB/TrEMBL;Acc:A0A8J2M6H6],Cercopithifilaria johnstoni (PRJEB47283),protein_coding,cejohnprjeb47283
CJOHNSTONI_LOCUS8624,rna-CJOHNSTONI_LOCUS8624-2,154,protein_coding,CaMKII_AD domain-containing protein  [Source:UniProtKB/TrEMBL;Acc:A0A8J2QAY2],Cercopithifilaria johnstoni (PRJEB47283),protein_coding,cejohnprjeb47283
CJOHNSTONI_LOCUS5712,rna-CJOHNSTONI_LOCUS5712,144,protein_coding,FAD_binding_2 domain-containing protein  [Source:UniProtKB/TrEMBL;Acc:A0A8J2M698],Cercopithifilaria johnstoni (PRJEB47283),protein_coding,cejohnprjeb47283
CJOHNSTONI_LOCUS6560,rna-CJOHNSTONI_LOCUS6560,138,protein_coding,"39S ribosomal protein L35, mitochondrial  [Source:UniProtKB/TrEMBL;Acc:A0A8J2M7P1]",Cercopithifilaria johnstoni (PRJEB47283),protein_coding,cejohnprjeb47283
CJOHNSTONI_LOCUS5258,rna-CJOHNSTONI_LOCUS5258,165,protein_coding,Uracil-DNA glycosylase  [Source:UniProtKB/TrEMBL;Acc:A0A8J2Q463],Cercopithifilaria johnstoni (PRJEB47283),protein_coding,cejohnprjeb47283
CJOHNSTONI_LOCUS9861,rna-CJOHNSTONI_LOCUS9861,214,protein_coding,GOLD domain-containing protein  [Source:UniProtKB/TrEMBL;Acc:A0A8J2MCP2],Cercopithifilaria johnstoni (PRJEB47283),protein_coding,cejohnprjeb47283
CJOHNSTONI_LOCUS156,rna-CJOHNSTONI_LOCUS156,548,protein_coding,Transmembrane protein  [Source:UniProtKB/TrEMBL;Acc:A0A8J2LY66],Cercopithifilaria johnstoni (PRJEB47283),protein_coding,cejohnprjeb47283
CJOHNSTONI_LOCUS2931,rna-CJOHNSTONI_LOCUS2931,260,protein_coding,Sulfhydryl oxidase  [Source:UniProtKB/TrEMBL;Acc:A0A8J2MLG4],Cercopithifilaria johnstoni (PRJEB47283),protein_coding,cejohnprjeb47283
CJOHNSTONI_LOCUS2485,rna-CJOHNSTONI_LOCUS2485,215,protein_coding,Acetyl-coenzyme A transporter 1  [Source:UniProtKB/TrEMBL;Acc:A0A8J2LPN2],Cercopithifilaria johnstoni (PRJEB47283),protein_coding,cejohnprjeb47283
CJOHNSTONI_LOCUS2341,rna-CJOHNSTONI_LOCUS2341,265,protein_coding,Transthyretin-like family protein  [Source:UniProtKB/TrEMBL;Acc:A0A8J2PXZ9],Cercopithifilaria johnstoni (PRJEB47283),protein_coding,cejohnprjeb47283
CJOHNSTONI_LOCUS4215,rna-CJOHNSTONI_LOCUS4215,242,protein_coding,Lipase  [Source:UniProtKB/TrEMBL;Acc:A0A8J2Q6R5],Cercopithifilaria johnstoni (PRJEB47283),protein_coding,cejohnprjeb47283
CJOHNSTONI_LOCUS2129,rna-CJOHNSTONI_LOCUS2129,198,protein_coding,Olfactomedin-like domain-containing protein  [Source:UniProtKB/TrEMBL;Acc:A0A8J2MK00],Cercopithifilaria johnstoni (PRJEB47283),protein_coding,cejohnprjeb47283
CJOHNSTONI_LOCUS8949,rna-CJOHNSTONI_LOCUS8949,179,protein_coding,Cyclin N-terminal domain-containing protein  [Source:UniProtKB/TrEMBL;Acc:A0A8J2Q3I5],Cercopithifilaria johnstoni (PRJEB47283),protein_coding,cejohnprjeb47283
CJOHNSTONI_LOCUS6230,rna-CJOHNSTONI_LOCUS6230,129,protein_coding,,Cercopithifilaria johnstoni (PRJEB47283),protein_coding,cejohnprjeb47283
CJOHNSTONI_LOCUS7311,rna-CJOHNSTONI_LOCUS7311,237,protein_coding,"28S ribosomal protein S31, mitochondrial  [Source:UniProtKB/TrEMBL;Acc:A0A8J2MRG5]",Cercopithifilaria johnstoni (PRJEB47283),protein_coding,cejohnprjeb47283
CJOHNSTONI_LOCUS5444,rna-CJOHNSTONI_LOCUS5444,418,protein_coding,ZP domain-containing protein  [Source:UniProtKB/TrEMBL;Acc:A0A8J2MP49],Cercopithifilaria johnstoni (PRJEB47283),protein_coding,cejohnprjeb47283
CJOHNSTONI_LOCUS475,rna-CJOHNSTONI_LOCUS475,316,protein_coding,Chitin-binding type-2 domain-containing protein  [Source:UniProtKB/TrEMBL;Acc:A0A8J2LVX5],Cercopithifilaria johnstoni (PRJEB47283),protein_coding,cejohnprjeb47283
CJOHNSTONI_LOCUS7822,rna-CJOHNSTONI_LOCUS7822,274,protein_coding,"Zinc finger, C2H2 type  [Source:UniProtKB/TrEMBL;Acc:A0A8J2QAS3]",Cercopithifilaria johnstoni (PRJEB47283),protein_coding,cejohnprjeb47283
CJOHNSTONI_LOCUS2840,rna-CJOHNSTONI_LOCUS2840,171,protein_coding,TPT domain-containing protein  [Source:UniProtKB/TrEMBL;Acc:A0A8J2PYF8],Cercopithifilaria johnstoni (PRJEB47283),protein_coding,cejohnprjeb47283
CJOHNSTONI_LOCUS2331,rna-CJOHNSTONI_LOCUS2331,111,protein_coding,Ras-related protein Rab-2A  [Source:UniProtKB/TrEMBL;Acc:A0A8J2LPF0],Cercopithifilaria johnstoni (PRJEB47283),protein_coding,cejohnprjeb47283
CJOHNSTONI_LOCUS2275,rna-CJOHNSTONI_LOCUS2275,209,protein_coding,,Cercopithifilaria johnstoni (PRJEB47283),protein_coding,cejohnprjeb47283
CJOHNSTONI_LOCUS91,rna-CJOHNSTONI_LOCUS91,220,protein_coding,MFS domain-containing protein  [Source:UniProtKB/TrEMBL;Acc:A0A8J2Q2X0],Cercopithifilaria johnstoni (PRJEB47283),protein_coding,cejohnprjeb47283
CJOHNSTONI_LOCUS7518,rna-CJOHNSTONI_LOCUS7518,209,protein_coding,"28S ribosomal protein S15, mitochondrial  [Source:UniProtKB/TrEMBL;Acc:A0A8J2QAQ1]",Cercopithifilaria johnstoni (PRJEB47283),protein_coding,cejohnprjeb47283
CJOHNSTONI_LOCUS6839,rna-CJOHNSTONI_LOCUS6839,162,protein_coding,Sodium-coupled monocarboxylate transporter 2  [Source:UniProtKB/TrEMBL;Acc:A0A8J2QAK0],Cercopithifilaria johnstoni (PRJEB47283),protein_coding,cejohnprjeb47283
CJOHNSTONI_LOCUS3615,rna-CJOHNSTONI_LOCUS3615,253,protein_coding,G_PROTEIN_RECEP_F1_2 domain-containing protein  [Source:UniProtKB/TrEMBL;Acc:A0A8J2M1Y9],Cercopithifilaria johnstoni (PRJEB47283),protein_coding,cejohnprjeb47283
CJOHNSTONI_LOCUS9484,rna-CJOHNSTONI_LOCUS9484,188,protein_coding,CFA20_dom domain-containing protein  [Source:UniProtKB/TrEMBL;Acc:A0A8J2MDZ4],Cercopithifilaria johnstoni (PRJEB47283),protein_coding,cejohnprjeb47283
CJOHNSTONI_LOCUS4572,rna-CJOHNSTONI_LOCUS4572,587,protein_coding,,Cercopithifilaria johnstoni (PRJEB47283),protein_coding,cejohnprjeb47283
CJOHNSTONI_LOCUS9439,rna-CJOHNSTONI_LOCUS9439,131,protein_coding,BAG domain-containing protein  [Source:UniProtKB/TrEMBL;Acc:A0A8J2MU43],Cercopithifilaria johnstoni (PRJEB47283),protein_coding,cejohnprjeb47283
CJOHNSTONI_LOCUS8044,rna-CJOHNSTONI_LOCUS8044,358,protein_coding,Conserved plasma membrane protein  [Source:UniProtKB/TrEMBL;Acc:A0A8J2MB81],Cercopithifilaria johnstoni (PRJEB47283),protein_coding,cejohnprjeb47283
CJOHNSTONI_LOCUS3906,rna-CJOHNSTONI_LOCUS3906,254,protein_coding,COP9 signalosome complex subunit 3  [Source:UniProtKB/TrEMBL;Acc:A0A8J2M2E8],Cercopithifilaria johnstoni (PRJEB47283),protein_coding,cejohnprjeb47283
CJOHNSTONI_LOCUS7309,rna-CJOHNSTONI_LOCUS7309,221,protein_coding,AAA domain-containing protein  [Source:UniProtKB/TrEMBL;Acc:A0A8J2M7Q0],Cercopithifilaria johnstoni (PRJEB47283),protein_coding,cejohnprjeb47283
CJOHNSTONI_LOCUS2697,rna-CJOHNSTONI_LOCUS2697,162,protein_coding,,Cercopithifilaria johnstoni (PRJEB47283),protein_coding,cejohnprjeb47283
CJOHNSTONI_LOCUS7026,rna-CJOHNSTONI_LOCUS7026,368,protein_coding,Protein-tyrosine phosphatase  [Source:UniProtKB/TrEMBL;Acc:A0A8J2M1D3],Cercopithifilaria johnstoni (PRJEB47283),protein_coding,cejohnprjeb47283
CJOHNSTONI_LOCUS9574,rna-CJOHNSTONI_LOCUS9574,533,protein_coding,Zinc finger protein  [Source:UniProtKB/TrEMBL;Acc:A0A8J2QB51],Cercopithifilaria johnstoni (PRJEB47283),protein_coding,cejohnprjeb47283
CJOHNSTONI_LOCUS162,rna-CJOHNSTONI_LOCUS162,308,protein_coding,Carn_acyltransf domain-containing protein  [Source:UniProtKB/TrEMBL;Acc:A0A8J2PZH4],Cercopithifilaria johnstoni (PRJEB47283),protein_coding,cejohnprjeb47283
CJOHNSTONI_LOCUS2338,rna-CJOHNSTONI_LOCUS2338,300,protein_coding,UBC core domain-containing protein  [Source:UniProtKB/TrEMBL;Acc:A0A8J2Q4M0],Cercopithifilaria johnstoni (PRJEB47283),protein_coding,cejohnprjeb47283
CJOHNSTONI_LOCUS9370,rna-CJOHNSTONI_LOCUS9370,245,protein_coding,Transposase  [Source:UniProtKB/TrEMBL;Acc:A0A8J2MUE7],Cercopithifilaria johnstoni (PRJEB47283),protein_coding,cejohnprjeb47283
CJOHNSTONI_LOCUS5483,rna-CJOHNSTONI_LOCUS5483,149,protein_coding,Mannosyltransferase  [Source:UniProtKB/TrEMBL;Acc:A0A8J2MP59],Cercopithifilaria johnstoni (PRJEB47283),protein_coding,cejohnprjeb47283
CJOHNSTONI_LOCUS9268,rna-CJOHNSTONI_LOCUS9268,276,protein_coding,ubiquitinyl hydrolase 1  [Source:UniProtKB/TrEMBL;Acc:A0A8J2M570],Cercopithifilaria johnstoni (PRJEB47283),protein_coding,cejohnprjeb47283
CJOHNSTONI_LOCUS9649,rna-CJOHNSTONI_LOCUS9649,230,protein_coding,,Cercopithifilaria johnstoni (PRJEB47283),protein_coding,cejohnprjeb47283
CJOHNSTONI_LOCUS7572,rna-CJOHNSTONI_LOCUS7572,239,protein_coding,Heat shock protein 60 family chaperone GroEL  [Source:UniProtKB/TrEMBL;Acc:A0A8J2M896],Cercopithifilaria johnstoni (PRJEB47283),protein_coding,cejohnprjeb47283
CJOHNSTONI_LOCUS2432,rna-CJOHNSTONI_LOCUS2432,746,protein_coding,,Cercopithifilaria johnstoni (PRJEB47283),protein_coding,cejohnprjeb47283
CJOHNSTONI_LOCUS2293,rna-CJOHNSTONI_LOCUS2293,284,protein_coding,"28S ribosomal protein S26, mitochondrial  [Source:UniProtKB/TrEMBL;Acc:A0A8J2LPC9]",Cercopithifilaria johnstoni (PRJEB47283),protein_coding,cejohnprjeb47283
CJOHNSTONI_LOCUS5197,rna-CJOHNSTONI_LOCUS5197,240,protein_coding,Zinc finger protein  [Source:UniProtKB/TrEMBL;Acc:A0A8J2M4T9],Cercopithifilaria johnstoni (PRJEB47283),protein_coding,cejohnprjeb47283
CJOHNSTONI_LOCUS8586,rna-CJOHNSTONI_LOCUS8586,246,protein_coding,Arf-GAP domain-containing protein  [Source:UniProtKB/TrEMBL;Acc:A0A8J2QAX9],Cercopithifilaria johnstoni (PRJEB47283),protein_coding,cejohnprjeb47283
CJOHNSTONI_LOCUS9257,rna-CJOHNSTONI_LOCUS9257,251,protein_coding,Ubiquitin carboxyl-terminal hydrolase 7  [Source:UniProtKB/TrEMBL;Acc:A0A8J2MFD1],Cercopithifilaria johnstoni (PRJEB47283),protein_coding,cejohnprjeb47283
CJOHNSTONI_LOCUS6474,rna-CJOHNSTONI_LOCUS6474,219,protein_coding,MFS domain-containing protein  [Source:UniProtKB/TrEMBL;Acc:A0A8J2M968],Cercopithifilaria johnstoni (PRJEB47283),protein_coding,cejohnprjeb47283
CJOHNSTONI_LOCUS415,rna-CJOHNSTONI_LOCUS415,202,protein_coding,Partitioning defective 6 homolog gamma-like  [Source:UniProtKB/TrEMBL;Acc:A0A8J2PZP8],Cercopithifilaria johnstoni (PRJEB47283),protein_coding,cejohnprjeb47283
CJOHNSTONI_LOCUS1197,rna-CJOHNSTONI_LOCUS1197,187,protein_coding,Potassium channel subfamily K member 1  [Source:UniProtKB/TrEMBL;Acc:A0A8J2PWE6],Cercopithifilaria johnstoni (PRJEB47283),protein_coding,cejohnprjeb47283
CJOHNSTONI_LOCUS8417,rna-CJOHNSTONI_LOCUS8417,131,protein_coding,AA_permease domain-containing protein  [Source:UniProtKB/TrEMBL;Acc:A0A8J2Q8T2],Cercopithifilaria johnstoni (PRJEB47283),protein_coding,cejohnprjeb47283
CJOHNSTONI_LOCUS4773,rna-CJOHNSTONI_LOCUS4773,199,protein_coding,Eukaryotic translation initiation factor 2A  [Source:UniProtKB/TrEMBL;Acc:A0A8J2QA47],Cercopithifilaria johnstoni (PRJEB47283),protein_coding,cejohnprjeb47283
CJOHNSTONI_LOCUS3630,rna-CJOHNSTONI_LOCUS3630,2289,protein_coding,Oxidored_FMN domain-containing protein  [Source:UniProtKB/TrEMBL;Acc:A0A8J2M1E3],Cercopithifilaria johnstoni (PRJEB47283),protein_coding,cejohnprjeb47283
CJOHNSTONI_LOCUS5626,rna-CJOHNSTONI_LOCUS5626,779,protein_coding,C2H2-type domain-containing protein  [Source:UniProtKB/TrEMBL;Acc:A0A8J2M4A9],Cercopithifilaria johnstoni (PRJEB47283),protein_coding,cejohnprjeb47283
CJOHNSTONI_LOCUS6854,rna-CJOHNSTONI_LOCUS6854,257,protein_coding,Protein kinase domain-containing protein  [Source:UniProtKB/TrEMBL;Acc:A0A8J2M6X3],Cercopithifilaria johnstoni (PRJEB47283),protein_coding,cejohnprjeb47283
CJOHNSTONI_LOCUS2114,rna-CJOHNSTONI_LOCUS2114,209,protein_coding,Stromal cell-derived factor 4  [Source:UniProtKB/TrEMBL;Acc:A0A8J2MJZ5],Cercopithifilaria johnstoni (PRJEB47283),protein_coding,cejohnprjeb47283
CJOHNSTONI_LOCUS774,rna-CJOHNSTONI_LOCUS774,179,protein_coding,Homeobox domain-containing protein  [Source:UniProtKB/TrEMBL;Acc:A0A8J2Q059],Cercopithifilaria johnstoni (PRJEB47283),protein_coding,cejohnprjeb47283
CJOHNSTONI_LOCUS1440,rna-CJOHNSTONI_LOCUS1440,258,protein_coding,Tr-type G domain-containing protein  [Source:UniProtKB/TrEMBL;Acc:A0A8J2LXF5],Cercopithifilaria johnstoni (PRJEB47283),protein_coding,cejohnprjeb47283
CJOHNSTONI_LOCUS7799,rna-CJOHNSTONI_LOCUS7799,140,protein_coding,Peptidyl-prolyl cis-trans isomerase  [Source:UniProtKB/TrEMBL;Acc:A0A8J2M8P0],Cercopithifilaria johnstoni (PRJEB47283),protein_coding,cejohnprjeb47283
CJOHNSTONI_LOCUS5766,rna-CJOHNSTONI_LOCUS5766,223,protein_coding,Bifunctional lysine-specific demethylase and histidyl-hydroxylase  [Source:UniProtKB/TrEMBL;Acc:A0A8J2LYS6],Cercopithifilaria johnstoni (PRJEB47283),protein_coding,cejohnprjeb47283
CJOHNSTONI_LOCUS666,rna-CJOHNSTONI_LOCUS666,211,protein_coding,Protein kinase domain-containing protein  [Source:UniProtKB/TrEMBL;Acc:A0A8J2LU94],Cercopithifilaria johnstoni (PRJEB47283),protein_coding,cejohnprjeb47283
CJOHNSTONI_LOCUS9639,rna-CJOHNSTONI_LOCUS9639,498,protein_coding,Angiomotin  [Source:UniProtKB/TrEMBL;Acc:A0A8J2Q996],Cercopithifilaria johnstoni (PRJEB47283),protein_coding,cejohnprjeb47283
CJOHNSTONI_LOCUS854,rna-CJOHNSTONI_LOCUS854,215,protein_coding,Protein tyrosine phosphatase  [Source:UniProtKB/TrEMBL;Acc:A0A8J2LX11],Cercopithifilaria johnstoni (PRJEB47283),protein_coding,cejohnprjeb47283
CJOHNSTONI_LOCUS2984,rna-CJOHNSTONI_LOCUS2984,204,protein_coding,Phosphorylated adapter RNA export protein  [Source:UniProtKB/TrEMBL;Acc:A0A8J2LSW7],Cercopithifilaria johnstoni (PRJEB47283),protein_coding,cejohnprjeb47283
CJOHNSTONI_LOCUS8426,rna-CJOHNSTONI_LOCUS8426,200,protein_coding,,Cercopithifilaria johnstoni (PRJEB47283),protein_coding,cejohnprjeb47283
CJOHNSTONI_LOCUS3904,rna-CJOHNSTONI_LOCUS3904,291,protein_coding,DUF5664 domain-containing protein  [Source:UniProtKB/TrEMBL;Acc:A0A8J2M1F3],Cercopithifilaria johnstoni (PRJEB47283),protein_coding,cejohnprjeb47283
CJOHNSTONI_LOCUS5719,rna-CJOHNSTONI_LOCUS5719,214,protein_coding,Polypeptide N-acetylgalactosaminyltransferase  [Source:UniProtKB/TrEMBL;Acc:A0A8J2Q0Z0],Cercopithifilaria johnstoni (PRJEB47283),protein_coding,cejohnprjeb47283
CJOHNSTONI_LOCUS3070,rna-CJOHNSTONI_LOCUS3070,245,protein_coding,Dynein light intermediate chain  [Source:UniProtKB/TrEMBL;Acc:A0A8J2M117],Cercopithifilaria johnstoni (PRJEB47283),protein_coding,cejohnprjeb47283
CJOHNSTONI_LOCUS3860,rna-CJOHNSTONI_LOCUS3860,195,protein_coding,Repressor of RNA polymerase III transcription MAF1  [Source:UniProtKB/TrEMBL;Acc:A0A8J2MMG3],Cercopithifilaria johnstoni (PRJEB47283),protein_coding,cejohnprjeb47283
CJOHNSTONI_LOCUS8126,rna-CJOHNSTONI_LOCUS8126,166,protein_coding,"28S ribosomal protein S16, mitochondrial  [Source:UniProtKB/TrEMBL;Acc:A0A8J2M9D1]",Cercopithifilaria johnstoni (PRJEB47283),protein_coding,cejohnprjeb47283
CJOHNSTONI_LOCUS5516,rna-CJOHNSTONI_LOCUS5516,160,protein_coding,Ras-related C3 botulinum toxin substrate 1  [Source:UniProtKB/TrEMBL;Acc:A0A8J2Q4E5],Cercopithifilaria johnstoni (PRJEB47283),protein_coding,cejohnprjeb47283
CJOHNSTONI_LOCUS5307,rna-CJOHNSTONI_LOCUS5307,248,protein_coding,GMP reductase  [Source:UniProtKB/TrEMBL;Acc:A0A8J2Q7E6],Cercopithifilaria johnstoni (PRJEB47283),protein_coding,cejohnprjeb47283
CJOHNSTONI_LOCUS7463,rna-CJOHNSTONI_LOCUS7463,354,protein_coding,Bm3567  [Source:UniProtKB/TrEMBL;Acc:A0A8J2QAP7],Cercopithifilaria johnstoni (PRJEB47283),protein_coding,cejohnprjeb47283
CJOHNSTONI_LOCUS8419,rna-CJOHNSTONI_LOCUS8419,185,protein_coding,Sodium-and chloride-dependent glycine transporter 1  [Source:UniProtKB/TrEMBL;Acc:A0A8J2Q6E5],Cercopithifilaria johnstoni (PRJEB47283),protein_coding,cejohnprjeb47283
CJOHNSTONI_LOCUS2619,rna-CJOHNSTONI_LOCUS2619,288,protein_coding,histone acetyltransferase  [Source:UniProtKB/TrEMBL;Acc:A0A8J2LPV2],Cercopithifilaria johnstoni (PRJEB47283),protein_coding,cejohnprjeb47283
CJOHNSTONI_LOCUS8386,rna-CJOHNSTONI_LOCUS8386,307,protein_coding,Glutathione S-transferase  [Source:UniProtKB/TrEMBL;Acc:A0A8J2M9W6],Cercopithifilaria johnstoni (PRJEB47283),protein_coding,cejohnprjeb47283
CJOHNSTONI_LOCUS8853,rna-CJOHNSTONI_LOCUS8853,257,protein_coding,CPG4 domain-containing protein  [Source:UniProtKB/TrEMBL;Acc:A0A8J2M4E5],Cercopithifilaria johnstoni (PRJEB47283),protein_coding,cejohnprjeb47283
CJOHNSTONI_LOCUS709,rna-CJOHNSTONI_LOCUS709,231,protein_coding,Beclin-1-like protein  [Source:UniProtKB/TrEMBL;Acc:A0A8J2LZ68],Cercopithifilaria johnstoni (PRJEB47283),protein_coding,cejohnprjeb47283
CJOHNSTONI_LOCUS2440,rna-CJOHNSTONI_LOCUS2440,212,protein_coding,Collagen type IV alpha-3-binding protein  [Source:UniProtKB/TrEMBL;Acc:A0A8J2LPL1],Cercopithifilaria johnstoni (PRJEB47283),protein_coding,cejohnprjeb47283
CJOHNSTONI_LOCUS4608,rna-CJOHNSTONI_LOCUS4608,264,protein_coding,AMP deaminase  [Source:UniProtKB/TrEMBL;Acc:A0A8J2M3S4],Cercopithifilaria johnstoni (PRJEB47283),protein_coding,cejohnprjeb47283
CJOHNSTONI_LOCUS8290,rna-CJOHNSTONI_LOCUS8290,282,protein_coding,Protein kinase domain-containing protein  [Source:UniProtKB/TrEMBL;Acc:A0A8J2M3F2],Cercopithifilaria johnstoni (PRJEB47283),protein_coding,cejohnprjeb47283
CJOHNSTONI_LOCUS206,rna-CJOHNSTONI_LOCUS206,250,protein_coding,Protein kinase domain-containing protein  [Source:UniProtKB/TrEMBL;Acc:A0A8J2Q7Y6],Cercopithifilaria johnstoni (PRJEB47283),protein_coding,cejohnprjeb47283
CJOHNSTONI_LOCUS2149,rna-CJOHNSTONI_LOCUS2149,222,protein_coding,Protein kinase domain-containing protein  [Source:UniProtKB/TrEMBL;Acc:A0A8J2LYS4],Cercopithifilaria johnstoni (PRJEB47283),protein_coding,cejohnprjeb47283
CJOHNSTONI_LOCUS4021,rna-CJOHNSTONI_LOCUS4021,195,protein_coding,TPX2 domain-containing protein  [Source:UniProtKB/TrEMBL;Acc:A0A8J2Q2Y5],Cercopithifilaria johnstoni (PRJEB47283),protein_coding,cejohnprjeb47283
CJOHNSTONI_LOCUS1631,rna-CJOHNSTONI_LOCUS1631,157,protein_coding,SCP domain-containing protein  [Source:UniProtKB/TrEMBL;Acc:A0A8J2M151],Cercopithifilaria johnstoni (PRJEB47283),protein_coding,cejohnprjeb47283
CJOHNSTONI_LOCUS8966,rna-CJOHNSTONI_LOCUS8966,204,protein_coding,Coatomer subunit delta  [Source:UniProtKB/TrEMBL;Acc:A0A8J2M4L9],Cercopithifilaria johnstoni (PRJEB47283),protein_coding,cejohnprjeb47283
CJOHNSTONI_LOCUS3425,rna-CJOHNSTONI_LOCUS3425,203,protein_coding,DUF2231 domain-containing protein  [Source:UniProtKB/TrEMBL;Acc:A0A8J2PS65],Cercopithifilaria johnstoni (PRJEB47283),protein_coding,cejohnprjeb47283
CJOHNSTONI_LOCUS9508,rna-CJOHNSTONI_LOCUS9508,410,protein_coding,Deacetylase sirtuin-type domain-containing protein  [Source:UniProtKB/TrEMBL;Acc:A0A8J2MU78],Cercopithifilaria johnstoni (PRJEB47283),protein_coding,cejohnprjeb47283
CJOHNSTONI_LOCUS7221,rna-CJOHNSTONI_LOCUS7221,176,protein_coding,HotDog ACOT-type domain-containing protein  [Source:UniProtKB/TrEMBL;Acc:A0A8J2M962],Cercopithifilaria johnstoni (PRJEB47283),protein_coding,cejohnprjeb47283
CJOHNSTONI_LOCUS5785,rna-CJOHNSTONI_LOCUS5785,230,protein_coding,,Cercopithifilaria johnstoni (PRJEB47283),protein_coding,cejohnprjeb47283
CJOHNSTONI_LOCUS8621,rna-CJOHNSTONI_LOCUS8621,165,protein_coding,V-SNARE coiled-coil homology domain-containing protein  [Source:UniProtKB/TrEMBL;Acc:A0A8J2MCG6],Cercopithifilaria johnstoni (PRJEB47283),protein_coding,cejohnprjeb47283
CJOHNSTONI_LOCUS154,rna-CJOHNSTONI_LOCUS154,196,protein_coding,PRA1 family protein  [Source:UniProtKB/TrEMBL;Acc:A0A8J2MH12],Cercopithifilaria johnstoni (PRJEB47283),protein_coding,cejohnprjeb47283
CJOHNSTONI_LOCUS9762,rna-CJOHNSTONI_LOCUS9762,1616,protein_coding,LRRCT domain-containing protein  [Source:UniProtKB/TrEMBL;Acc:A0A8J2MEZ5],Cercopithifilaria johnstoni (PRJEB47283),protein_coding,cejohnprjeb47283
CJOHNSTONI_LOCUS9937,rna-CJOHNSTONI_LOCUS9937,219,protein_coding,CADG domain-containing protein  [Source:UniProtKB/TrEMBL;Acc:A0A8J2MET8],Cercopithifilaria johnstoni (PRJEB47283),protein_coding,cejohnprjeb47283
CJOHNSTONI_LOCUS7835,rna-CJOHNSTONI_LOCUS7835,836,protein_coding,Gastrula zinc finger protein XlCGF7.1-like  [Source:UniProtKB/TrEMBL;Acc:A0A8J2Q648],Cercopithifilaria johnstoni (PRJEB47283),protein_coding,cejohnprjeb47283
CJOHNSTONI_LOCUS925,rna-CJOHNSTONI_LOCUS925,195,protein_coding,Rab GDP dissociation inhibitor  [Source:UniProtKB/TrEMBL;Acc:A0A8J2Q8C2],Cercopithifilaria johnstoni (PRJEB47283),protein_coding,cejohnprjeb47283
CJOHNSTONI_LOCUS7570,rna-CJOHNSTONI_LOCUS7570,179,protein_coding,Transmembrane protein  [Source:UniProtKB/TrEMBL;Acc:A0A8J2M1J4],Cercopithifilaria johnstoni (PRJEB47283),protein_coding,cejohnprjeb47283
CJOHNSTONI_LOCUS2023,rna-CJOHNSTONI_LOCUS2023,161,protein_coding,Pept_C1 domain-containing protein  [Source:UniProtKB/TrEMBL;Acc:A0A8J2PX39],Cercopithifilaria johnstoni (PRJEB47283),protein_coding,cejohnprjeb47283
CJOHNSTONI_LOCUS6727,rna-CJOHNSTONI_LOCUS6727,162,protein_coding,Trafficking protein particle complex subunit 13  [Source:UniProtKB/TrEMBL;Acc:A0A8J2M0L0],Cercopithifilaria johnstoni (PRJEB47283),protein_coding,cejohnprjeb47283
CJOHNSTONI_LOCUS8363,rna-CJOHNSTONI_LOCUS8363,284,protein_coding,C2H2-type domain-containing protein  [Source:UniProtKB/TrEMBL;Acc:A0A8J2MDF8],Cercopithifilaria johnstoni (PRJEB47283),protein_coding,cejohnprjeb47283
CJOHNSTONI_LOCUS9316,rna-CJOHNSTONI_LOCUS9316,266,protein_coding,Protein-lysine N-methyltransferase CJOHNSTONI_LOCUS9316  [Source:UniProtKB/TrEMBL;Acc:A0A8J2MFG6],Cercopithifilaria johnstoni (PRJEB47283),protein_coding,cejohnprjeb47283
CJOHNSTONI_LOCUS7973,rna-CJOHNSTONI_LOCUS7973,276,protein_coding,G_PROTEIN_RECEP_F1_2 domain-containing protein  [Source:UniProtKB/TrEMBL;Acc:A0A8J2M288],Cercopithifilaria johnstoni (PRJEB47283),protein_coding,cejohnprjeb47283
CJOHNSTONI_LOCUS7657,rna-CJOHNSTONI_LOCUS7657,248,protein_coding,Agenet-like domain-containing protein  [Source:UniProtKB/TrEMBL;Acc:A0A8J2MRN5],Cercopithifilaria johnstoni (PRJEB47283),protein_coding,cejohnprjeb47283
CJOHNSTONI_LOCUS8813,rna-CJOHNSTONI_LOCUS8813,395,protein_coding,MADF domain-containing protein  [Source:UniProtKB/TrEMBL;Acc:A0A8J2M4B9],Cercopithifilaria johnstoni (PRJEB47283),protein_coding,cejohnprjeb47283
CJOHNSTONI_LOCUS3770,rna-CJOHNSTONI_LOCUS3770,311,protein_coding,BAF250_C domain-containing protein  [Source:UniProtKB/TrEMBL;Acc:A0A8J2PSG6],Cercopithifilaria johnstoni (PRJEB47283),protein_coding,cejohnprjeb47283
CJOHNSTONI_LOCUS4867,rna-CJOHNSTONI_LOCUS4867,282,protein_coding,G8 domain-containing protein  [Source:UniProtKB/TrEMBL;Acc:A0A8J2LU51],Cercopithifilaria johnstoni (PRJEB47283),protein_coding,cejohnprjeb47283
CJOHNSTONI_LOCUS3030,rna-CJOHNSTONI_LOCUS3030,200,protein_coding,V-type proton ATPase subunit a  [Source:UniProtKB/TrEMBL;Acc:A0A8J2MLJ8],Cercopithifilaria johnstoni (PRJEB47283),protein_coding,cejohnprjeb47283
CJOHNSTONI_LOCUS1433,rna-CJOHNSTONI_LOCUS1433,272,protein_coding,MFS domain-containing protein  [Source:UniProtKB/TrEMBL;Acc:A0A8J2LQ42],Cercopithifilaria johnstoni (PRJEB47283),protein_coding,cejohnprjeb47283
CJOHNSTONI_LOCUS2014,rna-CJOHNSTONI_LOCUS2014,210,protein_coding,,Cercopithifilaria johnstoni (PRJEB47283),protein_coding,cejohnprjeb47283
CJOHNSTONI_LOCUS2453,rna-CJOHNSTONI_LOCUS2453,239,protein_coding,Protein-tyrosine sulfotransferase  [Source:UniProtKB/TrEMBL;Acc:A0A8J2Q1K1],Cercopithifilaria johnstoni (PRJEB47283),protein_coding,cejohnprjeb47283
CJOHNSTONI_LOCUS2199,rna-CJOHNSTONI_LOCUS2199,235,protein_coding,ETS domain-containing protein  [Source:UniProtKB/TrEMBL;Acc:A0A8J2MK31],Cercopithifilaria johnstoni (PRJEB47283),protein_coding,cejohnprjeb47283
CJOHNSTONI_LOCUS5848,rna-CJOHNSTONI_LOCUS5848,249,protein_coding,GATA-type domain-containing protein  [Source:UniProtKB/TrEMBL;Acc:A0A8J2MPM4],Cercopithifilaria johnstoni (PRJEB47283),protein_coding,cejohnprjeb47283
CJOHNSTONI_LOCUS8003,rna-CJOHNSTONI_LOCUS8003,203,protein_coding,Chitin-binding type-2 domain-containing protein  [Source:UniProtKB/TrEMBL;Acc:A0A8J2MC91],Cercopithifilaria johnstoni (PRJEB47283),protein_coding,cejohnprjeb47283
CJOHNSTONI_LOCUS852,rna-CJOHNSTONI_LOCUS852,1187,protein_coding,Gastrula zinc finger protein XlCGF57.1-like  [Source:UniProtKB/TrEMBL;Acc:A0A8J2LUS2],Cercopithifilaria johnstoni (PRJEB47283),protein_coding,cejohnprjeb47283
CJOHNSTONI_LOCUS7051,rna-CJOHNSTONI_LOCUS7051,198,protein_coding,Parkin coregulated gene protein  [Source:UniProtKB/TrEMBL;Acc:A0A8J2PVA4],Cercopithifilaria johnstoni (PRJEB47283),protein_coding,cejohnprjeb47283
CJOHNSTONI_LOCUS274,rna-CJOHNSTONI_LOCUS274,239,protein_coding,NAD(P)-bd_dom domain-containing protein  [Source:UniProtKB/TrEMBL;Acc:A0A8J2PPF7],Cercopithifilaria johnstoni (PRJEB47283),protein_coding,cejohnprjeb47283
CJOHNSTONI_LOCUS9641,rna-CJOHNSTONI_LOCUS9641,200,protein_coding,Calcium-binding protein 39-like  [Source:UniProtKB/TrEMBL;Acc:A0A8J2Q704],Cercopithifilaria johnstoni (PRJEB47283),protein_coding,cejohnprjeb47283
CJOHNSTONI_LOCUS1722,rna-CJOHNSTONI_LOCUS1722,143,protein_coding,Transmembrane protein  [Source:UniProtKB/TrEMBL;Acc:A0A8J2Q0Z8],Cercopithifilaria johnstoni (PRJEB47283),protein_coding,cejohnprjeb47283
CJOHNSTONI_LOCUS5559,rna-CJOHNSTONI_LOCUS5559,257,protein_coding,Protein kinase domain-containing protein  [Source:UniProtKB/TrEMBL;Acc:A0A8J2MP73],Cercopithifilaria johnstoni (PRJEB47283),protein_coding,cejohnprjeb47283
CJOHNSTONI_LOCUS7002,rna-CJOHNSTONI_LOCUS7002,249,protein_coding,Neuroblastoma-amplified sequence  [Source:UniProtKB/TrEMBL;Acc:A0A8J2M761],Cercopithifilaria johnstoni (PRJEB47283),protein_coding,cejohnprjeb47283
CJOHNSTONI_LOCUS303,rna-CJOHNSTONI_LOCUS303,185,protein_coding,Kinase domain protein  [Source:UniProtKB/TrEMBL;Acc:A0A8J2Q329],Cercopithifilaria johnstoni (PRJEB47283),protein_coding,cejohnprjeb47283
CJOHNSTONI_LOCUS6413,rna-CJOHNSTONI_LOCUS6413,326,protein_coding,Integrator complex subunit 2  [Source:UniProtKB/TrEMBL;Acc:A0A8J2M618],Cercopithifilaria johnstoni (PRJEB47283),protein_coding,cejohnprjeb47283
CJOHNSTONI_LOCUS9218,rna-CJOHNSTONI_LOCUS9218,293,protein_coding,C2H2-type domain-containing protein  [Source:UniProtKB/TrEMBL;Acc:A0A8J2MDT5],Cercopithifilaria johnstoni (PRJEB47283),protein_coding,cejohnprjeb47283
CJOHNSTONI_LOCUS4611,rna-CJOHNSTONI_LOCUS4611,161,protein_coding,C6 domain-containing protein  [Source:UniProtKB/TrEMBL;Acc:A0A8J2Q700],Cercopithifilaria johnstoni (PRJEB47283),protein_coding,cejohnprjeb47283
CJOHNSTONI_LOCUS2301,rna-CJOHNSTONI_LOCUS2301,335,protein_coding,,Cercopithifilaria johnstoni (PRJEB47283),protein_coding,cejohnprjeb47283
CJOHNSTONI_LOCUS2888,rna-CJOHNSTONI_LOCUS2888,547,protein_coding,SH3 domain-containing protein  [Source:UniProtKB/TrEMBL;Acc:A0A8J2LQ75],Cercopithifilaria johnstoni (PRJEB47283),protein_coding,cejohnprjeb47283
CJOHNSTONI_LOCUS8930,rna-CJOHNSTONI_LOCUS8930,223,protein_coding,C2H2-type domain-containing protein  [Source:UniProtKB/TrEMBL;Acc:A0A8J2MB93],Cercopithifilaria johnstoni (PRJEB47283),protein_coding,cejohnprjeb47283
CJOHNSTONI_LOCUS2455,rna-CJOHNSTONI_LOCUS2455,164,protein_coding,Zinc finger protein 830  [Source:UniProtKB/TrEMBL;Acc:A0A8J2Q953],Cercopithifilaria johnstoni (PRJEB47283),protein_coding,cejohnprjeb47283
CJOHNSTONI_LOCUS3491,rna-CJOHNSTONI_LOCUS3491,321,protein_coding,Caenorhabditis elegans ly-6-related family-containing protein  [Source:UniProtKB/TrEMBL;Acc:A0A8J2M152],Cercopithifilaria johnstoni (PRJEB47283),protein_coding,cejohnprjeb47283
CJOHNSTONI_LOCUS7502,rna-CJOHNSTONI_LOCUS7502,253,protein_coding,Tudor domain-containing protein  [Source:UniProtKB/TrEMBL;Acc:A0A8J2PW50],Cercopithifilaria johnstoni (PRJEB47283),protein_coding,cejohnprjeb47283
CJOHNSTONI_LOCUS5536,rna-CJOHNSTONI_LOCUS5536,182,protein_coding,GRIP domain-containing protein  [Source:UniProtKB/TrEMBL;Acc:A0A8J2M5U1],Cercopithifilaria johnstoni (PRJEB47283),protein_coding,cejohnprjeb47283
CJOHNSTONI_LOCUS7664,rna-CJOHNSTONI_LOCUS7664,348,protein_coding,TPR_REGION domain-containing protein  [Source:UniProtKB/TrEMBL;Acc:A0A8J2Q615],Cercopithifilaria johnstoni (PRJEB47283),protein_coding,cejohnprjeb47283
CJOHNSTONI_LOCUS7588,rna-CJOHNSTONI_LOCUS7588,302,protein_coding,Exostosin-3  [Source:UniProtKB/TrEMBL;Acc:A0A8J2MRL6],Cercopithifilaria johnstoni (PRJEB47283),protein_coding,cejohnprjeb47283
CJOHNSTONI_LOCUS4856,rna-CJOHNSTONI_LOCUS4856,222,protein_coding,,Cercopithifilaria johnstoni (PRJEB47283),protein_coding,cejohnprjeb47283
CJOHNSTONI_LOCUS4185,rna-CJOHNSTONI_LOCUS4185,333,protein_coding,Splicing factor 3A subunit 1  [Source:UniProtKB/TrEMBL;Acc:A0A8J2MMT0],Cercopithifilaria johnstoni (PRJEB47283),protein_coding,cejohnprjeb47283
CJOHNSTONI_LOCUS10071,rna-CJOHNSTONI_LOCUS10071,205,protein_coding,Translocon-associated protein subunit gamma  [Source:UniProtKB/TrEMBL;Acc:A0A8J2M5K8],Cercopithifilaria johnstoni (PRJEB47283),protein_coding,cejohnprjeb47283
CJOHNSTONI_LOCUS2836,rna-CJOHNSTONI_LOCUS2836,375,protein_coding,"Glutamyl-tRNA(Gln) amidotransferase subunit A, mitochondrial  [Source:UniProtKB/TrEMBL;Acc:A0A8J2M045]",Cercopithifilaria johnstoni (PRJEB47283),protein_coding,cejohnprjeb47283
CJOHNSTONI_LOCUS6274,rna-CJOHNSTONI_LOCUS6274,231,protein_coding,Non-structural maintenance of chromosomes element 4  [Source:UniProtKB/TrEMBL;Acc:A0A8J2M6G5],Cercopithifilaria johnstoni (PRJEB47283),protein_coding,cejohnprjeb47283
CJOHNSTONI_LOCUS10228,rna-CJOHNSTONI_LOCUS10228,373,protein_coding,MSP domain-containing protein  [Source:UniProtKB/TrEMBL;Acc:A0A8J2MFZ9],Cercopithifilaria johnstoni (PRJEB47283),protein_coding,cejohnprjeb47283
CJOHNSTONI_LOCUS2541,rna-CJOHNSTONI_LOCUS2541,218,protein_coding,G_PROTEIN_RECEP_F1_2 domain-containing protein  [Source:UniProtKB/TrEMBL;Acc:A0A8J2LY57],Cercopithifilaria johnstoni (PRJEB47283),protein_coding,cejohnprjeb47283
CJOHNSTONI_LOCUS6828,rna-CJOHNSTONI_LOCUS6828,299,protein_coding,,Cercopithifilaria johnstoni (PRJEB47283),protein_coding,cejohnprjeb47283
CJOHNSTONI_LOCUS3286,rna-CJOHNSTONI_LOCUS3286,311,protein_coding,Cytohesin-1  [Source:UniProtKB/TrEMBL;Acc:A0A8J2Q5F8],Cercopithifilaria johnstoni (PRJEB47283),protein_coding,cejohnprjeb47283
CJOHNSTONI_LOCUS8799,rna-CJOHNSTONI_LOCUS8799,272,protein_coding,Transmembrane protein  [Source:UniProtKB/TrEMBL;Acc:A0A8J2M4B2],Cercopithifilaria johnstoni (PRJEB47283),protein_coding,cejohnprjeb47283
CJOHNSTONI_LOCUS4082,rna-CJOHNSTONI_LOCUS4082,199,protein_coding,Homeobox domain-containing protein  [Source:UniProtKB/TrEMBL;Acc:A0A8J2M0W6],Cercopithifilaria johnstoni (PRJEB47283),protein_coding,cejohnprjeb47283
CJOHNSTONI_LOCUS6706,rna-CJOHNSTONI_LOCUS6706,236,protein_coding,Rhomboid domain-containing protein  [Source:UniProtKB/TrEMBL;Acc:A0A8J2M815],Cercopithifilaria johnstoni (PRJEB47283),protein_coding,cejohnprjeb47283
CJOHNSTONI_LOCUS1416,rna-CJOHNSTONI_LOCUS1416,220,protein_coding,Alcohol dehydrogenase transcription factor myb/sant-like protein  [Source:UniProtKB/TrEMBL;Acc:A0A8J2PWL0],Cercopithifilaria johnstoni (PRJEB47283),protein_coding,cejohnprjeb47283
CJOHNSTONI_LOCUS8860,rna-CJOHNSTONI_LOCUS8860,234,protein_coding,Tubulin polyglutamylase TTLL11  [Source:UniProtKB/TrEMBL;Acc:A0A8J2MB51],Cercopithifilaria johnstoni (PRJEB47283),protein_coding,cejohnprjeb47283
CJOHNSTONI_LOCUS964,rna-CJOHNSTONI_LOCUS964,190,protein_coding,Dynactin subunit 6  [Source:UniProtKB/TrEMBL;Acc:A0A8J2PPZ8],Cercopithifilaria johnstoni (PRJEB47283),protein_coding,cejohnprjeb47283
CJOHNSTONI_LOCUS6419,rna-CJOHNSTONI_LOCUS6419,311,protein_coding,Nucleolar complex protein 2 homolog  [Source:UniProtKB/TrEMBL;Acc:A0A8J2M7E0],Cercopithifilaria johnstoni (PRJEB47283),protein_coding,cejohnprjeb47283
CJOHNSTONI_LOCUS9274,rna-CJOHNSTONI_LOCUS9274,226,protein_coding,Protein kinase domain-containing protein  [Source:UniProtKB/TrEMBL;Acc:A0A8J2MDB0],Cercopithifilaria johnstoni (PRJEB47283),protein_coding,cejohnprjeb47283
CJOHNSTONI_LOCUS3818,rna-CJOHNSTONI_LOCUS3818,219,protein_coding,oxoglutarate dehydrogenase (succinyl-transferring)  [Source:UniProtKB/TrEMBL;Acc:A0A8J2M0A5],Cercopithifilaria johnstoni (PRJEB47283),protein_coding,cejohnprjeb47283
CJOHNSTONI_LOCUS8637,rna-CJOHNSTONI_LOCUS8637,151,protein_coding,COX6C domain-containing protein  [Source:UniProtKB/TrEMBL;Acc:A0A8J2QAY3],Cercopithifilaria johnstoni (PRJEB47283),protein_coding,cejohnprjeb47283
CJOHNSTONI_LOCUS5679,rna-CJOHNSTONI_LOCUS5679,330,protein_coding,Fibronectin type III domain-containing protein 3B-like  [Source:UniProtKB/TrEMBL;Acc:A0A8J2M4E3],Cercopithifilaria johnstoni (PRJEB47283),protein_coding,cejohnprjeb47283
CJOHNSTONI_LOCUS7943,rna-CJOHNSTONI_LOCUS7943,358,protein_coding,GATA zinc finger domain-containing protein 14-like  [Source:UniProtKB/TrEMBL;Acc:A0A8J2Q668],Cercopithifilaria johnstoni (PRJEB47283),protein_coding,cejohnprjeb47283
CJOHNSTONI_LOCUS9306,rna-CJOHNSTONI_LOCUS9306,215,protein_coding,Beta-sarcoglycan  [Source:UniProtKB/TrEMBL;Acc:A0A8J2MBY7],Cercopithifilaria johnstoni (PRJEB47283),protein_coding,cejohnprjeb47283
CJOHNSTONI_LOCUS1811,rna-CJOHNSTONI_LOCUS1811,290,protein_coding,UBA domain-containing protein  [Source:UniProtKB/TrEMBL;Acc:A0A8J2LWW2],Cercopithifilaria johnstoni (PRJEB47283),protein_coding,cejohnprjeb47283
CJOHNSTONI_LOCUS10008,rna-CJOHNSTONI_LOCUS10008,215,protein_coding,Receptor expression-enhancing protein  [Source:UniProtKB/TrEMBL;Acc:A0A8J2MEL6],Cercopithifilaria johnstoni (PRJEB47283),protein_coding,cejohnprjeb47283
CJOHNSTONI_LOCUS3804,rna-CJOHNSTONI_LOCUS3804,110,protein_coding,,Cercopithifilaria johnstoni (PRJEB47283),protein_coding,cejohnprjeb47283
CJOHNSTONI_LOCUS1291,rna-CJOHNSTONI_LOCUS1291,299,protein_coding,Ras-associating domain-containing protein  [Source:UniProtKB/TrEMBL;Acc:A0A8J2MIV1],Cercopithifilaria johnstoni (PRJEB47283),protein_coding,cejohnprjeb47283
CJOHNSTONI_LOCUS1587,rna-CJOHNSTONI_LOCUS1587,228,protein_coding,Protein-tyrosine phosphatase  [Source:UniProtKB/TrEMBL;Acc:A0A8J2M131],Cercopithifilaria johnstoni (PRJEB47283),protein_coding,cejohnprjeb47283
CJOHNSTONI_LOCUS6988,rna-CJOHNSTONI_LOCUS6988,200,protein_coding,RING-type domain-containing protein  [Source:UniProtKB/TrEMBL;Acc:A0A8J2QAL1],Cercopithifilaria johnstoni (PRJEB47283),protein_coding,cejohnprjeb47283
CJOHNSTONI_LOCUS5562,rna-CJOHNSTONI_LOCUS5562,276,protein_coding,CTP_transf_like domain-containing protein  [Source:UniProtKB/TrEMBL;Acc:A0A8J2M538],Cercopithifilaria johnstoni (PRJEB47283),protein_coding,cejohnprjeb47283
CJOHNSTONI_LOCUS6066,rna-CJOHNSTONI_LOCUS6066,386,protein_coding,SAYSvFN domain-containing protein  [Source:UniProtKB/TrEMBL;Acc:A0A8J2MPV5],Cercopithifilaria johnstoni (PRJEB47283),protein_coding,cejohnprjeb47283
CJOHNSTONI_LOCUS873,rna-CJOHNSTONI_LOCUS873,242,protein_coding,Mannosyl-oligosaccharide glucosidase  [Source:UniProtKB/TrEMBL;Acc:A0A8J2LP34],Cercopithifilaria johnstoni (PRJEB47283),protein_coding,cejohnprjeb47283
CJOHNSTONI_LOCUS10485,rna-CJOHNSTONI_LOCUS10485,290,protein_coding,P66_CC domain-containing protein  [Source:UniProtKB/TrEMBL;Acc:A0A8J2M894],Cercopithifilaria johnstoni (PRJEB47283),protein_coding,cejohnprjeb47283
CJOHNSTONI_LOCUS8315,rna-CJOHNSTONI_LOCUS8315,212,protein_coding,Ovule protein  [Source:UniProtKB/TrEMBL;Acc:A0A8J2Q6D1],Cercopithifilaria johnstoni (PRJEB47283),protein_coding,cejohnprjeb47283
CJOHNSTONI_LOCUS2203,rna-CJOHNSTONI_LOCUS2203,193,protein_coding,,Cercopithifilaria johnstoni (PRJEB47283),protein_coding,cejohnprjeb47283
CJOHNSTONI_LOCUS1514,rna-CJOHNSTONI_LOCUS1514,242,protein_coding,Collagen alpha-1(IX) chain  [Source:UniProtKB/TrEMBL;Acc:A0A8J2Q8M3],Cercopithifilaria johnstoni (PRJEB47283),protein_coding,cejohnprjeb47283
CJOHNSTONI_LOCUS1899,rna-CJOHNSTONI_LOCUS1899,208,protein_coding,Collagen triple helix repeat protein  [Source:UniProtKB/TrEMBL;Acc:A0A8J2LYB6],Cercopithifilaria johnstoni (PRJEB47283),protein_coding,cejohnprjeb47283
CJOHNSTONI_LOCUS8002,rna-CJOHNSTONI_LOCUS8002,183,protein_coding,Zinc transporter 2  [Source:UniProtKB/TrEMBL;Acc:A0A8J2MSH6],Cercopithifilaria johnstoni (PRJEB47283),protein_coding,cejohnprjeb47283
CJOHNSTONI_LOCUS6392,rna-CJOHNSTONI_LOCUS6392,236,protein_coding,Kinesin-like protein  [Source:UniProtKB/TrEMBL;Acc:A0A8J2M7F9],Cercopithifilaria johnstoni (PRJEB47283),protein_coding,cejohnprjeb47283
CJOHNSTONI_LOCUS10463,rna-CJOHNSTONI_LOCUS10463,124,protein_coding,,Cercopithifilaria johnstoni (PRJEB47283),protein_coding,cejohnprjeb47283
CJOHNSTONI_LOCUS2263,rna-CJOHNSTONI_LOCUS2263,171,protein_coding,Alpha-type protein kinase domain-containing protein  [Source:UniProtKB/TrEMBL;Acc:A0A8J2PXR2],Cercopithifilaria johnstoni (PRJEB47283),protein_coding,cejohnprjeb47283
CJOHNSTONI_LOCUS4249,rna-CJOHNSTONI_LOCUS4249,209,protein_coding,Tudor domain-containing protein  [Source:UniProtKB/TrEMBL;Acc:A0A8J2Q9V7],Cercopithifilaria johnstoni (PRJEB47283),protein_coding,cejohnprjeb47283
CJOHNSTONI_LOCUS9913,rna-CJOHNSTONI_LOCUS9913,198,protein_coding,Gamma-glutamyltranspeptidase 1  [Source:UniProtKB/TrEMBL;Acc:A0A8J2MEF9],Cercopithifilaria johnstoni (PRJEB47283),protein_coding,cejohnprjeb47283
CJOHNSTONI_LOCUS6589,rna-CJOHNSTONI_LOCUS6589,287,protein_coding,G_PROTEIN_RECEP_F3_4 domain-containing protein  [Source:UniProtKB/TrEMBL;Acc:A0A8J2M6Z2],Cercopithifilaria johnstoni (PRJEB47283),protein_coding,cejohnprjeb47283
CJOHNSTONI_LOCUS1674,rna-CJOHNSTONI_LOCUS1674,272,protein_coding,DUF4277 domain-containing protein  [Source:UniProtKB/TrEMBL;Acc:A0A8J2LWH4],Cercopithifilaria johnstoni (PRJEB47283),protein_coding,cejohnprjeb47283
CJOHNSTONI_LOCUS2463,rna-CJOHNSTONI_LOCUS2463,239,protein_coding,Peroxisomal multifunctional enzyme type 2  [Source:UniProtKB/TrEMBL;Acc:A0A8J2LXM7],Cercopithifilaria johnstoni (PRJEB47283),protein_coding,cejohnprjeb47283
CJOHNSTONI_LOCUS9659,rna-CJOHNSTONI_LOCUS9659,298,protein_coding,Secreted protein  [Source:UniProtKB/TrEMBL;Acc:A0A8J2MCH8],Cercopithifilaria johnstoni (PRJEB47283),protein_coding,cejohnprjeb47283
CJOHNSTONI_LOCUS7224,rna-CJOHNSTONI_LOCUS7224,3093,protein_coding,ANK_REP_REGION domain-containing protein  [Source:UniProtKB/TrEMBL;Acc:A0A8J2PVN6],Cercopithifilaria johnstoni (PRJEB47283),protein_coding,cejohnprjeb47283
CJOHNSTONI_LOCUS172,rna-CJOHNSTONI_LOCUS172,404,protein_coding,Zinc finger protein  [Source:UniProtKB/TrEMBL;Acc:A0A8J2LV53],Cercopithifilaria johnstoni (PRJEB47283),protein_coding,cejohnprjeb47283
CJOHNSTONI_LOCUS3259,rna-CJOHNSTONI_LOCUS3259,233,protein_coding,Phosphorylase b kinase regulatory subunit  [Source:UniProtKB/TrEMBL;Acc:A0A8J2Q9G6],Cercopithifilaria johnstoni (PRJEB47283),protein_coding,cejohnprjeb47283
CJOHNSTONI_LOCUS1869,rna-CJOHNSTONI_LOCUS1869,174,protein_coding,EGF-like domain-containing protein  [Source:UniProtKB/TrEMBL;Acc:A0A8J2MK94],Cercopithifilaria johnstoni (PRJEB47283),protein_coding,cejohnprjeb47283
CJOHNSTONI_LOCUS9983,rna-CJOHNSTONI_LOCUS9983,308,protein_coding,C3H1-type domain-containing protein  [Source:UniProtKB/TrEMBL;Acc:A0A8J2Q9E6],Cercopithifilaria johnstoni (PRJEB47283),protein_coding,cejohnprjeb47283
CJOHNSTONI_LOCUS4662,rna-CJOHNSTONI_LOCUS4662,232,protein_coding,RING-type domain-containing protein  [Source:UniProtKB/TrEMBL;Acc:A0A8J2MMS8],Cercopithifilaria johnstoni (PRJEB47283),protein_coding,cejohnprjeb47283
CJOHNSTONI_LOCUS2658,rna-CJOHNSTONI_LOCUS2658,168,protein_coding,Methyltransferase-like protein 23  [Source:UniProtKB/TrEMBL;Acc:A0A8J2PY94],Cercopithifilaria johnstoni (PRJEB47283),protein_coding,cejohnprjeb47283
CJOHNSTONI_LOCUS1917,rna-CJOHNSTONI_LOCUS1917,163,protein_coding,Ras-related protein Rab-6A  [Source:UniProtKB/TrEMBL;Acc:A0A8J2PX06],Cercopithifilaria johnstoni (PRJEB47283),protein_coding,cejohnprjeb47283
CJOHNSTONI_LOCUS1620,rna-CJOHNSTONI_LOCUS1620,241,protein_coding,Ribonucleoside-diphosphate reductase  [Source:UniProtKB/TrEMBL;Acc:A0A8J2LXS4],Cercopithifilaria johnstoni (PRJEB47283),protein_coding,cejohnprjeb47283
CJOHNSTONI_LOCUS6965,rna-CJOHNSTONI_LOCUS6965,173,protein_coding,Sodium-and chloride-dependent GABA transporter 2  [Source:UniProtKB/TrEMBL;Acc:A0A8J2MQX0],Cercopithifilaria johnstoni (PRJEB47283),protein_coding,cejohnprjeb47283
CJOHNSTONI_LOCUS7740,rna-CJOHNSTONI_LOCUS7740,157,protein_coding,Spatacsin_C domain-containing protein  [Source:UniProtKB/TrEMBL;Acc:A0A8J2MS53],Cercopithifilaria johnstoni (PRJEB47283),protein_coding,cejohnprjeb47283
CJOHNSTONI_LOCUS7231,rna-CJOHNSTONI_LOCUS7231,269,protein_coding,Metallophosphoesterase  [Source:UniProtKB/TrEMBL;Acc:A0A8J2MRD4],Cercopithifilaria johnstoni (PRJEB47283),protein_coding,cejohnprjeb47283
CJOHNSTONI_LOCUS10325,rna-CJOHNSTONI_LOCUS10325,359,protein_coding,RRM domain-containing protein  [Source:UniProtKB/TrEMBL;Acc:A0A8J2Q4M4],Cercopithifilaria johnstoni (PRJEB47283),protein_coding,cejohnprjeb47283
CJOHNSTONI_LOCUS6837,rna-CJOHNSTONI_LOCUS6837,452,protein_coding,PAN domain protein  [Source:UniProtKB/TrEMBL;Acc:A0A8J2Q5G4],Cercopithifilaria johnstoni (PRJEB47283),protein_coding,cejohnprjeb47283
CJOHNSTONI_LOCUS1654,rna-CJOHNSTONI_LOCUS1654,302,protein_coding,Nsp1_C domain-containing protein  [Source:UniProtKB/TrEMBL;Acc:A0A8J2LQF6],Cercopithifilaria johnstoni (PRJEB47283),protein_coding,cejohnprjeb47283
CJOHNSTONI_LOCUS6112,rna-CJOHNSTONI_LOCUS6112,296,protein_coding,RNA helicase  [Source:UniProtKB/TrEMBL;Acc:A0A8J2M6E9],Cercopithifilaria johnstoni (PRJEB47283),protein_coding,cejohnprjeb47283
CJOHNSTONI_LOCUS4990,rna-CJOHNSTONI_LOCUS4990,255,protein_coding,IPPc domain-containing protein  [Source:UniProtKB/TrEMBL;Acc:A0A8J2MNA3],Cercopithifilaria johnstoni (PRJEB47283),protein_coding,cejohnprjeb47283
CJOHNSTONI_LOCUS6258,rna-CJOHNSTONI_LOCUS6258,209,protein_coding,Transcription elongation factor  [Source:UniProtKB/TrEMBL;Acc:A0A8J2M774],Cercopithifilaria johnstoni (PRJEB47283),protein_coding,cejohnprjeb47283
CJOHNSTONI_LOCUS3143,rna-CJOHNSTONI_LOCUS3143,275,protein_coding,DNA polymerase theta  [Source:UniProtKB/TrEMBL;Acc:A0A8J2M0K9],Cercopithifilaria johnstoni (PRJEB47283),protein_coding,cejohnprjeb47283
CJOHNSTONI_LOCUS8177,rna-CJOHNSTONI_LOCUS8177,221,protein_coding,Dopey_N domain-containing protein  [Source:UniProtKB/TrEMBL;Acc:A0A8J2QAU9],Cercopithifilaria johnstoni (PRJEB47283),protein_coding,cejohnprjeb47283
CJOHNSTONI_LOCUS4257,rna-CJOHNSTONI_LOCUS4257,245,protein_coding,C2 domain-containing protein  [Source:UniProtKB/TrEMBL;Acc:A0A8J2M354],Cercopithifilaria johnstoni (PRJEB47283),protein_coding,cejohnprjeb47283
CJOHNSTONI_LOCUS2501,rna-CJOHNSTONI_LOCUS2501,189,protein_coding,Rab-GAP TBC domain-containing protein  [Source:UniProtKB/TrEMBL;Acc:A0A8J2MKF8],Cercopithifilaria johnstoni (PRJEB47283),protein_coding,cejohnprjeb47283
CJOHNSTONI_LOCUS2277,rna-CJOHNSTONI_LOCUS2277,186,protein_coding,Ig-like domain-containing protein  [Source:UniProtKB/TrEMBL;Acc:A0A8J2Q927],Cercopithifilaria johnstoni (PRJEB47283),protein_coding,cejohnprjeb47283
CJOHNSTONI_LOCUS8575,rna-CJOHNSTONI_LOCUS8575,186,protein_coding,MPN domain-containing protein  [Source:UniProtKB/TrEMBL;Acc:A0A8J2M3W5],Cercopithifilaria johnstoni (PRJEB47283),protein_coding,cejohnprjeb47283
CJOHNSTONI_LOCUS10407,rna-CJOHNSTONI_LOCUS10407,184,protein_coding,BPTI/Kunitz inhibitor domain-containing protein  [Source:UniProtKB/TrEMBL;Acc:A0A8J2MFQ4],Cercopithifilaria johnstoni (PRJEB47283),protein_coding,cejohnprjeb47283
CJOHNSTONI_LOCUS2173,rna-CJOHNSTONI_LOCUS2173,259,protein_coding,C3H1-type domain-containing protein  [Source:UniProtKB/TrEMBL;Acc:A0A8J2MK18],Cercopithifilaria johnstoni (PRJEB47283),protein_coding,cejohnprjeb47283
CJOHNSTONI_LOCUS4182,rna-CJOHNSTONI_LOCUS4182,2084,protein_coding,Protein kinase domain-containing protein  [Source:UniProtKB/TrEMBL;Acc:A0A8J2LVG0],Cercopithifilaria johnstoni (PRJEB47283),protein_coding,cejohnprjeb47283
CJOHNSTONI_LOCUS7095,rna-CJOHNSTONI_LOCUS7095,278,protein_coding,TIMELESS-interacting protein  [Source:UniProtKB/TrEMBL;Acc:A0A8J2M1G7],Cercopithifilaria johnstoni (PRJEB47283),protein_coding,cejohnprjeb47283
CJOHNSTONI_LOCUS736,rna-CJOHNSTONI_LOCUS736,232,protein_coding,,Cercopithifilaria johnstoni (PRJEB47283),protein_coding,cejohnprjeb47283
CJOHNSTONI_LOCUS8541,rna-CJOHNSTONI_LOCUS8541,176,protein_coding,,Cercopithifilaria johnstoni (PRJEB47283),protein_coding,cejohnprjeb47283
CJOHNSTONI_LOCUS8438,rna-CJOHNSTONI_LOCUS8438,376,protein_coding,Tyrosine-protein phosphatase non-receptor type 2  [Source:UniProtKB/TrEMBL;Acc:A0A8J2M3N5],Cercopithifilaria johnstoni (PRJEB47283),protein_coding,cejohnprjeb47283
CJOHNSTONI_LOCUS5682,rna-CJOHNSTONI_LOCUS5682,172,protein_coding,Receptor-binding cancer antigen expressed on SiSo cells  [Source:UniProtKB/TrEMBL;Acc:A0A8J2M7R3],Cercopithifilaria johnstoni (PRJEB47283),protein_coding,cejohnprjeb47283
CJOHNSTONI_LOCUS3492,rna-CJOHNSTONI_LOCUS3492,272,protein_coding,Lactamase_B domain-containing protein  [Source:UniProtKB/TrEMBL;Acc:A0A8J2M1M6],Cercopithifilaria johnstoni (PRJEB47283),protein_coding,cejohnprjeb47283
CJOHNSTONI_LOCUS5573,rna-CJOHNSTONI_LOCUS5573,158,protein_coding,pyridoxal 5'-phosphate synthase  [Source:UniProtKB/TrEMBL;Acc:A0A8J2M5Z7],Cercopithifilaria johnstoni (PRJEB47283),protein_coding,cejohnprjeb47283
CJOHNSTONI_LOCUS4969,rna-CJOHNSTONI_LOCUS4969,383,protein_coding,PH domain-containing protein  [Source:UniProtKB/TrEMBL;Acc:A0A8J2M4E1],Cercopithifilaria johnstoni (PRJEB47283),protein_coding,cejohnprjeb47283
CJOHNSTONI_LOCUS3174,rna-CJOHNSTONI_LOCUS3174,350,protein_coding,SH3 domain-containing protein  [Source:UniProtKB/TrEMBL;Acc:A0A8J2M0Y3],Cercopithifilaria johnstoni (PRJEB47283),protein_coding,cejohnprjeb47283
CJOHNSTONI_LOCUS9457,rna-CJOHNSTONI_LOCUS9457,297,protein_coding,FLYWCH-type domain-containing protein  [Source:UniProtKB/TrEMBL;Acc:A0A8J2MDX2],Cercopithifilaria johnstoni (PRJEB47283),protein_coding,cejohnprjeb47283
CJOHNSTONI_LOCUS1355,rna-CJOHNSTONI_LOCUS1355,596,protein_coding,Leucine-rich repeat extensin-like protein 3  [Source:UniProtKB/TrEMBL;Acc:A0A8J2LXY4],Cercopithifilaria johnstoni (PRJEB47283),protein_coding,cejohnprjeb47283
CJOHNSTONI_LOCUS3940,rna-CJOHNSTONI_LOCUS3940,242,protein_coding,Protein kinase domain-containing protein  [Source:UniProtKB/TrEMBL;Acc:A0A8J2Q9R4],Cercopithifilaria johnstoni (PRJEB47283),protein_coding,cejohnprjeb47283
CJOHNSTONI_LOCUS9003,rna-CJOHNSTONI_LOCUS9003,214,protein_coding,EF hand  [Source:UniProtKB/TrEMBL;Acc:A0A8J2Q6N2],Cercopithifilaria johnstoni (PRJEB47283),protein_coding,cejohnprjeb47283
CJOHNSTONI_LOCUS6350,rna-CJOHNSTONI_LOCUS6350,161,protein_coding,Polysacc_synt_4 domain-containing protein  [Source:UniProtKB/TrEMBL;Acc:A0A8J2M7C9],Cercopithifilaria johnstoni (PRJEB47283),protein_coding,cejohnprjeb47283
CJOHNSTONI_LOCUS6293,rna-CJOHNSTONI_LOCUS6293,134,protein_coding,GTD-binding domain-containing protein  [Source:UniProtKB/TrEMBL;Acc:A0A8J2LZN9],Cercopithifilaria johnstoni (PRJEB47283),protein_coding,cejohnprjeb47283
CJOHNSTONI_LOCUS5247,rna-CJOHNSTONI_LOCUS5247,180,protein_coding,Glycerol-3-phosphate dehydrogenase [NAD(+)]  [Source:UniProtKB/TrEMBL;Acc:A0A8J2QA82],Cercopithifilaria johnstoni (PRJEB47283),protein_coding,cejohnprjeb47283
CJOHNSTONI_LOCUS5399,rna-CJOHNSTONI_LOCUS5399,140,protein_coding,ANAPC4_WD40 domain-containing protein  [Source:UniProtKB/TrEMBL;Acc:A0A8J2PTT0],Cercopithifilaria johnstoni (PRJEB47283),protein_coding,cejohnprjeb47283
CJOHNSTONI_LOCUS3584,rna-CJOHNSTONI_LOCUS3584,184,protein_coding,Heterochromatin protein 1 homolog (inferred by orthology to a C. elegans protein)  [Source:UniProtKB/TrEMBL;Acc:A0A8J2M498],Cercopithifilaria johnstoni (PRJEB47283),protein_coding,cejohnprjeb47283
CJOHNSTONI_LOCUS2802,rna-CJOHNSTONI_LOCUS2802,219,protein_coding,Rab-GAP TBC domain-containing protein  [Source:UniProtKB/TrEMBL;Acc:A0A8J2MLC2],Cercopithifilaria johnstoni (PRJEB47283),protein_coding,cejohnprjeb47283
CJOHNSTONI_LOCUS8957,rna-CJOHNSTONI_LOCUS8957,201,protein_coding,RRP7 domain-containing protein  [Source:UniProtKB/TrEMBL;Acc:A0A8J2MD18],Cercopithifilaria johnstoni (PRJEB47283),protein_coding,cejohnprjeb47283
CJOHNSTONI_LOCUS8614,rna-CJOHNSTONI_LOCUS8614,284,protein_coding,Major sperm protein  [Source:UniProtKB/TrEMBL;Acc:A0A8J2M383],Cercopithifilaria johnstoni (PRJEB47283),protein_coding,cejohnprjeb47283
CJOHNSTONI_LOCUS2765,rna-CJOHNSTONI_LOCUS2765,127,protein_coding,"28S ribosomal protein S24, mitochondrial  [Source:UniProtKB/TrEMBL;Acc:A0A8J2LZ35]",Cercopithifilaria johnstoni (PRJEB47283),protein_coding,cejohnprjeb47283
CJOHNSTONI_LOCUS6037,rna-CJOHNSTONI_LOCUS6037,348,protein_coding,FERM domain-containing protein  [Source:UniProtKB/TrEMBL;Acc:A0A8J2MPU4],Cercopithifilaria johnstoni (PRJEB47283),protein_coding,cejohnprjeb47283
CJOHNSTONI_LOCUS7512,rna-CJOHNSTONI_LOCUS7512,205,protein_coding,C2 domain-containing protein  [Source:UniProtKB/TrEMBL;Acc:A0A8J2MA00],Cercopithifilaria johnstoni (PRJEB47283),protein_coding,cejohnprjeb47283
CJOHNSTONI_LOCUS7685,rna-CJOHNSTONI_LOCUS7685,173,protein_coding,40S ribosomal protein S2  [Source:UniProtKB/TrEMBL;Acc:A0A8J2MAE3],Cercopithifilaria johnstoni (PRJEB47283),protein_coding,cejohnprjeb47283
CJOHNSTONI_LOCUS10352,rna-CJOHNSTONI_LOCUS10352,270,protein_coding,TPR_REGION domain-containing protein  [Source:UniProtKB/TrEMBL;Acc:A0A8J2PZ24],Cercopithifilaria johnstoni (PRJEB47283),protein_coding,cejohnprjeb47283
CJOHNSTONI_LOCUS4619,rna-CJOHNSTONI_LOCUS4619,174,protein_coding,Eukaryotic translation initiation factor 6  [Source:UniProtKB/TrEMBL;Acc:A0A8J2MN76],Cercopithifilaria johnstoni (PRJEB47283),protein_coding,cejohnprjeb47283
CJOHNSTONI_LOCUS9945,rna-CJOHNSTONI_LOCUS9945,599,protein_coding,,Cercopithifilaria johnstoni (PRJEB47283),protein_coding,cejohnprjeb47283
CJOHNSTONI_LOCUS4862,rna-CJOHNSTONI_LOCUS4862,253,protein_coding,SAM_MT_RSMB_NOP domain-containing protein  [Source:UniProtKB/TrEMBL;Acc:A0A8J2Q746],Cercopithifilaria johnstoni (PRJEB47283),protein_coding,cejohnprjeb47283
CJOHNSTONI_LOCUS8847,rna-CJOHNSTONI_LOCUS8847,245,protein_coding,Transcription elongation factor SPT5  [Source:UniProtKB/TrEMBL;Acc:A0A8J2Q8Y0],Cercopithifilaria johnstoni (PRJEB47283),protein_coding,cejohnprjeb47283
CJOHNSTONI_LOCUS9625,rna-CJOHNSTONI_LOCUS9625,124,protein_coding,Activin_recp domain-containing protein  [Source:UniProtKB/TrEMBL;Acc:A0A8J2MCG5],Cercopithifilaria johnstoni (PRJEB47283),protein_coding,cejohnprjeb47283
CJOHNSTONI_LOCUS8219,rna-CJOHNSTONI_LOCUS8219,203,protein_coding,Guided entry of tail-anchored proteins factor 1  [Source:UniProtKB/TrEMBL;Acc:A0A8J2M3B3],Cercopithifilaria johnstoni (PRJEB47283),protein_coding,cejohnprjeb47283
CJOHNSTONI_LOCUS1412,rna-CJOHNSTONI_LOCUS1412,223,protein_coding,Aquaporin  [Source:UniProtKB/TrEMBL;Acc:A0A8J2LY10],Cercopithifilaria johnstoni (PRJEB47283),protein_coding,cejohnprjeb47283
CJOHNSTONI_LOCUS8115,rna-CJOHNSTONI_LOCUS8115,923,protein_coding,Zinc finger protein 239-like  [Source:UniProtKB/TrEMBL;Acc:A0A8J2MBD1],Cercopithifilaria johnstoni (PRJEB47283),protein_coding,cejohnprjeb47283
CJOHNSTONI_LOCUS5042,rna-CJOHNSTONI_LOCUS5042,275,protein_coding,SMP-LTD domain-containing protein  [Source:UniProtKB/TrEMBL;Acc:A0A8J2QA67],Cercopithifilaria johnstoni (PRJEB47283),protein_coding,cejohnprjeb47283
CJOHNSTONI_LOCUS9179,rna-CJOHNSTONI_LOCUS9179,517,protein_coding,Regulatory protein zeste  [Source:UniProtKB/TrEMBL;Acc:A0A8J2MBQ6],Cercopithifilaria johnstoni (PRJEB47283),protein_coding,cejohnprjeb47283
CJOHNSTONI_LOCUS8191,rna-CJOHNSTONI_LOCUS8191,431,protein_coding,Col_cuticle_N domain-containing protein  [Source:UniProtKB/TrEMBL;Acc:A0A8J2Q2Z9],Cercopithifilaria johnstoni (PRJEB47283),protein_coding,cejohnprjeb47283
CJOHNSTONI_LOCUS455,rna-CJOHNSTONI_LOCUS455,206,protein_coding,Pre-mRNA-splicing factor RBM22  [Source:UniProtKB/TrEMBL;Acc:A0A8J2LLB5],Cercopithifilaria johnstoni (PRJEB47283),protein_coding,cejohnprjeb47283
CJOHNSTONI_LOCUS3157,rna-CJOHNSTONI_LOCUS3157,228,protein_coding,"alpha-1,2-Mannosidase  [Source:UniProtKB/TrEMBL;Acc:A0A8J2LZR4]",Cercopithifilaria johnstoni (PRJEB47283),protein_coding,cejohnprjeb47283
CJOHNSTONI_LOCUS2327,rna-CJOHNSTONI_LOCUS2327,205,protein_coding,RNP4F protein  [Source:UniProtKB/TrEMBL;Acc:A0A8J2PR87],Cercopithifilaria johnstoni (PRJEB47283),protein_coding,cejohnprjeb47283
CJOHNSTONI_LOCUS1842,rna-CJOHNSTONI_LOCUS1842,247,protein_coding,TOG domain-containing protein  [Source:UniProtKB/TrEMBL;Acc:A0A8J2LYN5],Cercopithifilaria johnstoni (PRJEB47283),protein_coding,cejohnprjeb47283
CJOHNSTONI_LOCUS3097,rna-CJOHNSTONI_LOCUS3097,215,protein_coding,Probable tRNA N6-adenosine threonylcarbamoyltransferase  [Source:UniProtKB/TrEMBL;Acc:A0A8J2M3E0],Cercopithifilaria johnstoni (PRJEB47283),protein_coding,cejohnprjeb47283
CJOHNSTONI_LOCUS3152,rna-CJOHNSTONI_LOCUS3152,211,protein_coding,Mitochondrial-processing peptidase subunit alpha  [Source:UniProtKB/TrEMBL;Acc:A0A8J2LZ64],Cercopithifilaria johnstoni (PRJEB47283),protein_coding,cejohnprjeb47283
CJOHNSTONI_LOCUS5163,rna-CJOHNSTONI_LOCUS5163,854,protein_coding,Protein-S-isoprenylcysteine O-methyltransferase  [Source:UniProtKB/TrEMBL;Acc:A0A8J2Q433],Cercopithifilaria johnstoni (PRJEB47283),protein_coding,cejohnprjeb47283
CJOHNSTONI_LOCUS2877,rna-CJOHNSTONI_LOCUS2877,227,protein_coding,SAM_MT_RSMB_NOP domain-containing protein  [Source:UniProtKB/TrEMBL;Acc:A0A8J2M329],Cercopithifilaria johnstoni (PRJEB47283),protein_coding,cejohnprjeb47283
CJOHNSTONI_LOCUS7635,rna-CJOHNSTONI_LOCUS7635,209,protein_coding,Hydrolase_4 domain-containing protein  [Source:UniProtKB/TrEMBL;Acc:A0A8J2Q8J8],Cercopithifilaria johnstoni (PRJEB47283),protein_coding,cejohnprjeb47283
CJOHNSTONI_LOCUS7565,rna-CJOHNSTONI_LOCUS7565,201,protein_coding,DAO domain-containing protein  [Source:UniProtKB/TrEMBL;Acc:A0A8J2M8P4],Cercopithifilaria johnstoni (PRJEB47283),protein_coding,cejohnprjeb47283
CJOHNSTONI_LOCUS1504,rna-CJOHNSTONI_LOCUS1504,449,protein_coding,BEN domain-containing protein  [Source:UniProtKB/TrEMBL;Acc:A0A8J2MJ94],Cercopithifilaria johnstoni (PRJEB47283),protein_coding,cejohnprjeb47283
CJOHNSTONI_LOCUS5179,rna-CJOHNSTONI_LOCUS5179,517,protein_coding,CCR4-NOT transcription complex subunit 4  [Source:UniProtKB/TrEMBL;Acc:A0A8J2LXL6],Cercopithifilaria johnstoni (PRJEB47283),protein_coding,cejohnprjeb47283
CJOHNSTONI_LOCUS8893,rna-CJOHNSTONI_LOCUS8893,454,protein_coding,EGF-like domain-containing protein  [Source:UniProtKB/TrEMBL;Acc:A0A8J2QB02],Cercopithifilaria johnstoni (PRJEB47283),protein_coding,cejohnprjeb47283
CJOHNSTONI_LOCUS6427,rna-CJOHNSTONI_LOCUS6427,281,protein_coding,non-specific serine/threonine protein kinase  [Source:UniProtKB/TrEMBL;Acc:A0A8J2M630],Cercopithifilaria johnstoni (PRJEB47283),protein_coding,cejohnprjeb47283
CJOHNSTONI_LOCUS7348,rna-CJOHNSTONI_LOCUS7348,240,protein_coding,Glycine-rich protein  [Source:UniProtKB/TrEMBL;Acc:A0A8J2Q5S3],Cercopithifilaria johnstoni (PRJEB47283),protein_coding,cejohnprjeb47283
CJOHNSTONI_LOCUS4050,rna-CJOHNSTONI_LOCUS4050,217,protein_coding,UBA_e1_C domain-containing protein  [Source:UniProtKB/TrEMBL;Acc:A0A8J2Q2Z3],Cercopithifilaria johnstoni (PRJEB47283),protein_coding,cejohnprjeb47283
CJOHNSTONI_LOCUS8688,rna-CJOHNSTONI_LOCUS8688,184,protein_coding,Autophagy_act_C domain-containing protein  [Source:UniProtKB/TrEMBL;Acc:A0A8J2PXJ0],Cercopithifilaria johnstoni (PRJEB47283),protein_coding,cejohnprjeb47283
CJOHNSTONI_LOCUS6163,rna-CJOHNSTONI_LOCUS6163,391,protein_coding,Kazal-like domain-containing protein  [Source:UniProtKB/TrEMBL;Acc:A0A8J2M6V2],Cercopithifilaria johnstoni (PRJEB47283),protein_coding,cejohnprjeb47283
CJOHNSTONI_LOCUS10163,rna-CJOHNSTONI_LOCUS10163,275,protein_coding,,Cercopithifilaria johnstoni (PRJEB47283),protein_coding,cejohnprjeb47283
CJOHNSTONI_LOCUS789,rna-CJOHNSTONI_LOCUS789,222,protein_coding,Glutamate--cysteine ligase  [Source:UniProtKB/TrEMBL;Acc:A0A8J2PVV1],Cercopithifilaria johnstoni (PRJEB47283),protein_coding,cejohnprjeb47283
CJOHNSTONI_LOCUS8078,rna-CJOHNSTONI_LOCUS8078,281,protein_coding,BC040823 protein  [Source:UniProtKB/TrEMBL;Acc:A0A8J2PX05],Cercopithifilaria johnstoni (PRJEB47283),protein_coding,cejohnprjeb47283
CJOHNSTONI_LOCUS6152,rna-CJOHNSTONI_LOCUS6152,213,protein_coding,"Alpha-1,4 glucan phosphorylase  [Source:UniProtKB/TrEMBL;Acc:A0A8J2Q7U5]",Cercopithifilaria johnstoni (PRJEB47283),protein_coding,cejohnprjeb47283
CJOHNSTONI_LOCUS2928,rna-CJOHNSTONI_LOCUS2928,254,protein_coding,ULP_PROTEASE domain-containing protein  [Source:UniProtKB/TrEMBL;Acc:A0A8J2LST6],Cercopithifilaria johnstoni (PRJEB47283),protein_coding,cejohnprjeb47283
CJOHNSTONI_LOCUS8149,rna-CJOHNSTONI_LOCUS8149,179,protein_coding,ANK_REP_REGION domain-containing protein  [Source:UniProtKB/TrEMBL;Acc:A0A8J2QAU7],Cercopithifilaria johnstoni (PRJEB47283),protein_coding,cejohnprjeb47283
CJOHNSTONI_LOCUS6446,rna-CJOHNSTONI_LOCUS6446,192,protein_coding,Kelch domain-containing protein 10  [Source:UniProtKB/TrEMBL;Acc:A0A8J2M7J5],Cercopithifilaria johnstoni (PRJEB47283),protein_coding,cejohnprjeb47283
CJOHNSTONI_LOCUS1274,rna-CJOHNSTONI_LOCUS1274-2,249,protein_coding,LicD family protein  [Source:UniProtKB/TrEMBL;Acc:A0A8J2Q0L4],Cercopithifilaria johnstoni (PRJEB47283),protein_coding,cejohnprjeb47283
CJOHNSTONI_LOCUS8035,rna-CJOHNSTONI_LOCUS8035,236,protein_coding,Chromatin assembly factor 1 subunit A  [Source:UniProtKB/TrEMBL;Acc:A0A8J2PWZ4],Cercopithifilaria johnstoni (PRJEB47283),protein_coding,cejohnprjeb47283
CJOHNSTONI_LOCUS7927,rna-CJOHNSTONI_LOCUS7927,197,protein_coding,"NFU1 iron-sulfur cluster scaffold homolog, mitochondrial  [Source:UniProtKB/TrEMBL;Acc:A0A8J2PWV6]",Cercopithifilaria johnstoni (PRJEB47283),protein_coding,cejohnprjeb47283
CJOHNSTONI_LOCUS3386,rna-CJOHNSTONI_LOCUS3386,218,protein_coding,G_PROTEIN_RECEP_F1_2 domain-containing protein  [Source:UniProtKB/TrEMBL;Acc:A0A8J2LQX5],Cercopithifilaria johnstoni (PRJEB47283),protein_coding,cejohnprjeb47283
CJOHNSTONI_LOCUS4183,rna-CJOHNSTONI_LOCUS4183,333,protein_coding,,Cercopithifilaria johnstoni (PRJEB47283),protein_coding,cejohnprjeb47283
CJOHNSTONI_LOCUS9876,rna-CJOHNSTONI_LOCUS9876,217,protein_coding,PAP-associated domain-containing protein  [Source:UniProtKB/TrEMBL;Acc:A0A8J2PYL1],Cercopithifilaria johnstoni (PRJEB47283),protein_coding,cejohnprjeb47283
CJOHNSTONI_LOCUS796,rna-CJOHNSTONI_LOCUS796,197,protein_coding,Sterol carrier protein 2  [Source:UniProtKB/TrEMBL;Acc:A0A8J2LZC0],Cercopithifilaria johnstoni (PRJEB47283),protein_coding,cejohnprjeb47283
CJOHNSTONI_LOCUS9667,rna-CJOHNSTONI_LOCUS9667,212,protein_coding,AAA domain-containing protein  [Source:UniProtKB/TrEMBL;Acc:A0A8J2MCI1],Cercopithifilaria johnstoni (PRJEB47283),protein_coding,cejohnprjeb47283
CJOHNSTONI_LOCUS1087,rna-CJOHNSTONI_LOCUS1087,203,protein_coding,NADH dehydrogenase subunit 6  [Source:UniProtKB/TrEMBL;Acc:A0A8J2LV87],Cercopithifilaria johnstoni (PRJEB47283),protein_coding,cejohnprjeb47283
CJOHNSTONI_LOCUS4966,rna-CJOHNSTONI_LOCUS4966,189,protein_coding,Autophagy-related protein 13  [Source:UniProtKB/TrEMBL;Acc:A0A8J2MN90],Cercopithifilaria johnstoni (PRJEB47283),protein_coding,cejohnprjeb47283
CJOHNSTONI_LOCUS6025,rna-CJOHNSTONI_LOCUS6025,203,protein_coding,,Cercopithifilaria johnstoni (PRJEB47283),protein_coding,cejohnprjeb47283
CJOHNSTONI_LOCUS3231,rna-CJOHNSTONI_LOCUS3231,176,protein_coding,Structural protein  [Source:UniProtKB/TrEMBL;Acc:A0A8J2Q2C3],Cercopithifilaria johnstoni (PRJEB47283),protein_coding,cejohnprjeb47283
CJOHNSTONI_LOCUS2431,rna-CJOHNSTONI_LOCUS2431,239,protein_coding,Sodium/calcium exchanger 1  [Source:UniProtKB/TrEMBL;Acc:A0A8J2LZU1],Cercopithifilaria johnstoni (PRJEB47283),protein_coding,cejohnprjeb47283
CJOHNSTONI_LOCUS1743,rna-CJOHNSTONI_LOCUS1743,169,protein_coding,GTP-binding protein  [Source:UniProtKB/TrEMBL;Acc:A0A8J2MJJ0],Cercopithifilaria johnstoni (PRJEB47283),protein_coding,cejohnprjeb47283
CJOHNSTONI_LOCUS10583,rna-CJOHNSTONI_LOCUS10583,164,protein_coding,Translocon-associated protein subunit delta  [Source:UniProtKB/TrEMBL;Acc:A0A8J2MHZ3],Cercopithifilaria johnstoni (PRJEB47283),protein_coding,cejohnprjeb47283
CJOHNSTONI_LOCUS1077,rna-CJOHNSTONI_LOCUS1077,209,protein_coding,R3H domain-containing protein  [Source:UniProtKB/TrEMBL;Acc:A0A8J2PQ35],Cercopithifilaria johnstoni (PRJEB47283),protein_coding,cejohnprjeb47283
CJOHNSTONI_LOCUS3162,rna-CJOHNSTONI_LOCUS3162,156,protein_coding,Mitochondrial fission process protein 1  [Source:UniProtKB/TrEMBL;Acc:A0A8J2Q2A5],Cercopithifilaria johnstoni (PRJEB47283),protein_coding,cejohnprjeb47283
CJOHNSTONI_LOCUS10318,rna-CJOHNSTONI_LOCUS10318,149,protein_coding,Noggin  [Source:UniProtKB/TrEMBL;Acc:A0A8J2MUY2],Cercopithifilaria johnstoni (PRJEB47283),protein_coding,cejohnprjeb47283
CJOHNSTONI_LOCUS3041,rna-CJOHNSTONI_LOCUS3041,146,protein_coding,U2 small nuclear ribonucleoprotein A'  [Source:UniProtKB/TrEMBL;Acc:A0A8J2LQD7],Cercopithifilaria johnstoni (PRJEB47283),protein_coding,cejohnprjeb47283
CJOHNSTONI_LOCUS3806,rna-CJOHNSTONI_LOCUS3806,116,protein_coding,Sm domain-containing protein  [Source:UniProtKB/TrEMBL;Acc:A0A8J2M4P6],Cercopithifilaria johnstoni (PRJEB47283),protein_coding,cejohnprjeb47283
CJOHNSTONI_LOCUS9225,rna-CJOHNSTONI_LOCUS9225,182,protein_coding,Ribonuc_red_lgN domain-containing protein  [Source:UniProtKB/TrEMBL;Acc:A0A8J2M539],Cercopithifilaria johnstoni (PRJEB47283),protein_coding,cejohnprjeb47283
CJOHNSTONI_LOCUS3418,rna-CJOHNSTONI_LOCUS3418,298,protein_coding,HMG box domain-containing protein  [Source:UniProtKB/TrEMBL;Acc:A0A8J2MLX0],Cercopithifilaria johnstoni (PRJEB47283),protein_coding,cejohnprjeb47283
CJOHNSTONI_LOCUS1651,rna-CJOHNSTONI_LOCUS1651,233,protein_coding,V-type proton ATPase subunit H  [Source:UniProtKB/TrEMBL;Acc:A0A8J2Q8Q6],Cercopithifilaria johnstoni (PRJEB47283),protein_coding,cejohnprjeb47283
CJOHNSTONI_LOCUS2530,rna-CJOHNSTONI_LOCUS2530,247,protein_coding,Ribosomal silencing factor RsfS  [Source:UniProtKB/TrEMBL;Acc:A0A8J2M006],Cercopithifilaria johnstoni (PRJEB47283),protein_coding,cejohnprjeb47283
CJOHNSTONI_LOCUS6140,rna-CJOHNSTONI_LOCUS6140,258,protein_coding,Adenylate cyclase type 9  [Source:UniProtKB/TrEMBL;Acc:A0A8J2Q7U2],Cercopithifilaria johnstoni (PRJEB47283),protein_coding,cejohnprjeb47283
CJOHNSTONI_LOCUS9929,rna-CJOHNSTONI_LOCUS9929,202,protein_coding,CCHC-type zinc finger protein CG3800  [Source:UniProtKB/TrEMBL;Acc:A0A8J2PYN2],Cercopithifilaria johnstoni (PRJEB47283),protein_coding,cejohnprjeb47283
CJOHNSTONI_LOCUS9791,rna-CJOHNSTONI_LOCUS9791,221,protein_coding,CMP/dCMP-type deaminase domain-containing protein  [Source:UniProtKB/TrEMBL;Acc:A0A8J2MCL6],Cercopithifilaria johnstoni (PRJEB47283),protein_coding,cejohnprjeb47283
CJOHNSTONI_LOCUS349,rna-CJOHNSTONI_LOCUS349,220,protein_coding,PIG-P domain-containing protein  [Source:UniProtKB/TrEMBL;Acc:A0A8J2Q815],Cercopithifilaria johnstoni (PRJEB47283),protein_coding,cejohnprjeb47283
CJOHNSTONI_LOCUS2120,rna-CJOHNSTONI_LOCUS2120,393,protein_coding,Non-specific serine/threonine protein kinase  [Source:UniProtKB/TrEMBL;Acc:A0A8J2LZ60],Cercopithifilaria johnstoni (PRJEB47283),protein_coding,cejohnprjeb47283
CJOHNSTONI_LOCUS7702,rna-CJOHNSTONI_LOCUS7702,242,protein_coding,Parafibromin  [Source:UniProtKB/TrEMBL;Acc:A0A8J2Q8K6],Cercopithifilaria johnstoni (PRJEB47283),protein_coding,cejohnprjeb47283
CJOHNSTONI_LOCUS974,rna-CJOHNSTONI_LOCUS974,222,protein_coding,AAA domain-containing protein  [Source:UniProtKB/TrEMBL;Acc:A0A8J2LX15],Cercopithifilaria johnstoni (PRJEB47283),protein_coding,cejohnprjeb47283
CJOHNSTONI_LOCUS1626,rna-CJOHNSTONI_LOCUS1626,177,protein_coding,Palmitoyltransferase  [Source:UniProtKB/TrEMBL;Acc:A0A8J2Q8P5],Cercopithifilaria johnstoni (PRJEB47283),protein_coding,cejohnprjeb47283
CJOHNSTONI_LOCUS161,rna-CJOHNSTONI_LOCUS161,165,protein_coding,Nucleolar and spindle-associated protein 1  [Source:UniProtKB/TrEMBL;Acc:A0A8J2Q2Z0],Cercopithifilaria johnstoni (PRJEB47283),protein_coding,cejohnprjeb47283
CJOHNSTONI_LOCUS350,rna-CJOHNSTONI_LOCUS350,332,protein_coding,WH2 domain-containing protein  [Source:UniProtKB/TrEMBL;Acc:A0A8J2LL56],Cercopithifilaria johnstoni (PRJEB47283),protein_coding,cejohnprjeb47283
CJOHNSTONI_LOCUS5394,rna-CJOHNSTONI_LOCUS5394,267,protein_coding,BTB domain-containing protein  [Source:UniProtKB/TrEMBL;Acc:A0A8J2MNR8],Cercopithifilaria johnstoni (PRJEB47283),protein_coding,cejohnprjeb47283
CJOHNSTONI_LOCUS3486,rna-CJOHNSTONI_LOCUS3486,236,protein_coding,Ovule protein  [Source:UniProtKB/TrEMBL;Acc:A0A8J2LZS2],Cercopithifilaria johnstoni (PRJEB47283),protein_coding,cejohnprjeb47283
CJOHNSTONI_LOCUS10468,rna-CJOHNSTONI_LOCUS10468,434,protein_coding,SHD domain-containing protein  [Source:UniProtKB/TrEMBL;Acc:A0A8J2QBB6],Cercopithifilaria johnstoni (PRJEB47283),protein_coding,cejohnprjeb47283
CJOHNSTONI_LOCUS5314,rna-CJOHNSTONI_LOCUS5314,366,protein_coding,,Cercopithifilaria johnstoni (PRJEB47283),protein_coding,cejohnprjeb47283
CJOHNSTONI_LOCUS8310,rna-CJOHNSTONI_LOCUS8310,341,protein_coding,Peptidase A1 domain-containing protein  [Source:UniProtKB/TrEMBL;Acc:A0A8J2MB67],Cercopithifilaria johnstoni (PRJEB47283),protein_coding,cejohnprjeb47283
CJOHNSTONI_LOCUS4964,rna-CJOHNSTONI_LOCUS4964,299,protein_coding,Major sperm protein  [Source:UniProtKB/TrEMBL;Acc:A0A8J2LX79],Cercopithifilaria johnstoni (PRJEB47283),protein_coding,cejohnprjeb47283
CJOHNSTONI_LOCUS611,rna-CJOHNSTONI_LOCUS611,257,protein_coding,SWIM-type domain-containing protein  [Source:UniProtKB/TrEMBL;Acc:A0A8J2MHQ1],Cercopithifilaria johnstoni (PRJEB47283),protein_coding,cejohnprjeb47283
CJOHNSTONI_LOCUS8651,rna-CJOHNSTONI_LOCUS8651,221,protein_coding,N-terminal amino-acid N(alpha)-acetyltransferase NatA  [Source:UniProtKB/TrEMBL;Acc:A0A8J2M418],Cercopithifilaria johnstoni (PRJEB47283),protein_coding,cejohnprjeb47283
CJOHNSTONI_LOCUS2799,rna-CJOHNSTONI_LOCUS2799,173,protein_coding,Ovule protein  [Source:UniProtKB/TrEMBL;Acc:A0A8J2Q9A1],Cercopithifilaria johnstoni (PRJEB47283),protein_coding,cejohnprjeb47283
CJOHNSTONI_LOCUS5252,rna-CJOHNSTONI_LOCUS5252,252,protein_coding,Protein HIRA  [Source:UniProtKB/TrEMBL;Acc:A0A8J2M6Z7],Cercopithifilaria johnstoni (PRJEB47283),protein_coding,cejohnprjeb47283
CJOHNSTONI_LOCUS7072,rna-CJOHNSTONI_LOCUS7072,273,protein_coding,,Cercopithifilaria johnstoni (PRJEB47283),protein_coding,cejohnprjeb47283
CJOHNSTONI_LOCUS3289,rna-CJOHNSTONI_LOCUS3289,150,protein_coding,Phosphomannomutase  [Source:UniProtKB/TrEMBL;Acc:A0A8J2PYU9],Cercopithifilaria johnstoni (PRJEB47283),protein_coding,cejohnprjeb47283
CJOHNSTONI_LOCUS8795,rna-CJOHNSTONI_LOCUS8795,208,protein_coding,Metalloendopeptidase  [Source:UniProtKB/TrEMBL;Acc:A0A8J2Q6K1],Cercopithifilaria johnstoni (PRJEB47283),protein_coding,cejohnprjeb47283
CJOHNSTONI_LOCUS10136,rna-CJOHNSTONI_LOCUS10136,223,protein_coding,Anion exchange protein  [Source:UniProtKB/TrEMBL;Acc:A0A8J2Q9G9],Cercopithifilaria johnstoni (PRJEB47283),protein_coding,cejohnprjeb47283
CJOHNSTONI_LOCUS1462,rna-CJOHNSTONI_LOCUS1462,271,protein_coding,Protein sleepless  [Source:UniProtKB/TrEMBL;Acc:A0A8J2LQ56],Cercopithifilaria johnstoni (PRJEB47283),protein_coding,cejohnprjeb47283
CJOHNSTONI_LOCUS833,rna-CJOHNSTONI_LOCUS833,231,protein_coding,Phosphoglycerate kinase  [Source:UniProtKB/TrEMBL;Acc:A0A8J2Q076],Cercopithifilaria johnstoni (PRJEB47283),protein_coding,cejohnprjeb47283
CJOHNSTONI_LOCUS6306,rna-CJOHNSTONI_LOCUS6306,186,protein_coding,WW domain-containing protein  [Source:UniProtKB/TrEMBL;Acc:A0A8J2LZP8],Cercopithifilaria johnstoni (PRJEB47283),protein_coding,cejohnprjeb47283
CJOHNSTONI_LOCUS9112,rna-CJOHNSTONI_LOCUS9112,1284,protein_coding,Zinc finger protein 883-like  [Source:UniProtKB/TrEMBL;Acc:A0A8J2MBK4],Cercopithifilaria johnstoni (PRJEB47283),protein_coding,cejohnprjeb47283
CJOHNSTONI_LOCUS9699,rna-CJOHNSTONI_LOCUS9699,165,protein_coding,Transthyretin-like family protein  [Source:UniProtKB/TrEMBL;Acc:A0A8J2M548],Cercopithifilaria johnstoni (PRJEB47283),protein_coding,cejohnprjeb47283
CJOHNSTONI_LOCUS3980,rna-CJOHNSTONI_LOCUS3980,186,protein_coding,Mitochondrial chaperone BCS1  [Source:UniProtKB/TrEMBL;Acc:A0A8J2Q2X5],Cercopithifilaria johnstoni (PRJEB47283),protein_coding,cejohnprjeb47283
CJOHNSTONI_LOCUS5038,rna-CJOHNSTONI_LOCUS5038,172,protein_coding,Mitochondrial carrier protein  [Source:UniProtKB/TrEMBL;Acc:A0A8J2M4H2],Cercopithifilaria johnstoni (PRJEB47283),protein_coding,cejohnprjeb47283
CJOHNSTONI_LOCUS10287,rna-CJOHNSTONI_LOCUS10287,328,protein_coding,Transmembrane protein  [Source:UniProtKB/TrEMBL;Acc:A0A8J2M5X4],Cercopithifilaria johnstoni (PRJEB47283),protein_coding,cejohnprjeb47283
CJOHNSTONI_LOCUS6083,rna-CJOHNSTONI_LOCUS6083,207,protein_coding,Polypeptide N-acetylgalactosaminyltransferase  [Source:UniProtKB/TrEMBL;Acc:A0A8J2M6W5],Cercopithifilaria johnstoni (PRJEB47283),protein_coding,cejohnprjeb47283
CJOHNSTONI_LOCUS3318,rna-CJOHNSTONI_LOCUS3318,241,protein_coding,G_PROTEIN_RECEP_F1_2 domain-containing protein  [Source:UniProtKB/TrEMBL;Acc:A0A8J2LTP4],Cercopithifilaria johnstoni (PRJEB47283),protein_coding,cejohnprjeb47283
CJOHNSTONI_LOCUS3910,rna-CJOHNSTONI_LOCUS3910,401,protein_coding,,Cercopithifilaria johnstoni (PRJEB47283),protein_coding,cejohnprjeb47283
CJOHNSTONI_LOCUS9380,rna-CJOHNSTONI_LOCUS9380,293,protein_coding,Intraflagellar transport protein 172 homolog  [Source:UniProtKB/TrEMBL;Acc:A0A8J2M4K7],Cercopithifilaria johnstoni (PRJEB47283),protein_coding,cejohnprjeb47283
CJOHNSTONI_LOCUS4288,rna-CJOHNSTONI_LOCUS4288,188,protein_coding,,Cercopithifilaria johnstoni (PRJEB47283),protein_coding,cejohnprjeb47283
CJOHNSTONI_LOCUS8306,rna-CJOHNSTONI_LOCUS8306,173,protein_coding,Ribonucleoside-diphosphate reductase small chain  [Source:UniProtKB/TrEMBL;Acc:A0A8J2MSR3],Cercopithifilaria johnstoni (PRJEB47283),protein_coding,cejohnprjeb47283
CJOHNSTONI_LOCUS10349,rna-CJOHNSTONI_LOCUS10349,232,protein_coding,G_PROTEIN_RECEP_F1_2 domain-containing protein  [Source:UniProtKB/TrEMBL;Acc:A0A8J2MG88],Cercopithifilaria johnstoni (PRJEB47283),protein_coding,cejohnprjeb47283
CJOHNSTONI_LOCUS3558,rna-CJOHNSTONI_LOCUS3558,179,protein_coding,tRNA-5-taurinomethyluridine 2-sulfurtransferase  [Source:UniProtKB/TrEMBL;Acc:A0A8J2M1R6],Cercopithifilaria johnstoni (PRJEB47283),protein_coding,cejohnprjeb47283
CJOHNSTONI_LOCUS9644,rna-CJOHNSTONI_LOCUS9644,231,protein_coding,U2 snRNP-associated SURP motif-containing protein  [Source:UniProtKB/TrEMBL;Acc:A0A8J2M517],Cercopithifilaria johnstoni (PRJEB47283),protein_coding,cejohnprjeb47283
CJOHNSTONI_LOCUS4865,rna-CJOHNSTONI_LOCUS4865,207,protein_coding,"39S ribosomal protein L28, mitochondrial  [Source:UniProtKB/TrEMBL;Acc:A0A8J2Q057]",Cercopithifilaria johnstoni (PRJEB47283),protein_coding,cejohnprjeb47283
CJOHNSTONI_LOCUS6129,rna-CJOHNSTONI_LOCUS6129,373,protein_coding,PID domain-containing protein  [Source:UniProtKB/TrEMBL;Acc:A0A8J2QAE8],Cercopithifilaria johnstoni (PRJEB47283),protein_coding,cejohnprjeb47283
CJOHNSTONI_LOCUS4274,rna-CJOHNSTONI_LOCUS4274,220,protein_coding,WD repeat domain phosphoinositide-interacting protein 3  [Source:UniProtKB/TrEMBL;Acc:A0A8J2Q9W1],Cercopithifilaria johnstoni (PRJEB47283),protein_coding,cejohnprjeb47283
CJOHNSTONI_LOCUS2631,rna-CJOHNSTONI_LOCUS2631,164,protein_coding,60S ribosomal protein L22  [Source:UniProtKB/TrEMBL;Acc:A0A8J2PY84],Cercopithifilaria johnstoni (PRJEB47283),protein_coding,cejohnprjeb47283
CJOHNSTONI_LOCUS7711,rna-CJOHNSTONI_LOCUS7711,675,protein_coding,Immediate early response 2  [Source:UniProtKB/TrEMBL;Acc:A0A8J2MS41],Cercopithifilaria johnstoni (PRJEB47283),protein_coding,cejohnprjeb47283
CJOHNSTONI_LOCUS5783,rna-CJOHNSTONI_LOCUS5783,197,protein_coding,PH_15 domain-containing protein  [Source:UniProtKB/TrEMBL;Acc:A0A8J2MPH6],Cercopithifilaria johnstoni (PRJEB47283),protein_coding,cejohnprjeb47283
CJOHNSTONI_LOCUS1898,rna-CJOHNSTONI_LOCUS1898,254,protein_coding,Collagen-like protein  [Source:UniProtKB/TrEMBL;Acc:A0A8J2LWQ0],Cercopithifilaria johnstoni (PRJEB47283),protein_coding,cejohnprjeb47283
CJOHNSTONI_LOCUS8233,rna-CJOHNSTONI_LOCUS8233,317,protein_coding,Vacuolar proton pump subunit B  [Source:UniProtKB/TrEMBL;Acc:A0A8J2M3B9],Cercopithifilaria johnstoni (PRJEB47283),protein_coding,cejohnprjeb47283
CJOHNSTONI_LOCUS7864,rna-CJOHNSTONI_LOCUS7864,239,protein_coding,Amiloride-sensitive sodium channel  [Source:UniProtKB/TrEMBL;Acc:A0A8J2M221],Cercopithifilaria johnstoni (PRJEB47283),protein_coding,cejohnprjeb47283
CJOHNSTONI_LOCUS7559,rna-CJOHNSTONI_LOCUS7559,224,protein_coding,UBX domain-containing protein  [Source:UniProtKB/TrEMBL;Acc:A0A8J2MRK9],Cercopithifilaria johnstoni (PRJEB47283),protein_coding,cejohnprjeb47283
CJOHNSTONI_LOCUS10025,rna-CJOHNSTONI_LOCUS10025,136,protein_coding,,Cercopithifilaria johnstoni (PRJEB47283),protein_coding,cejohnprjeb47283
CJOHNSTONI_LOCUS1317,rna-CJOHNSTONI_LOCUS1317,184,protein_coding,Transcriptional repressor scratch 1  [Source:UniProtKB/TrEMBL;Acc:A0A8J2LPY6],Cercopithifilaria johnstoni (PRJEB47283),protein_coding,cejohnprjeb47283
CJOHNSTONI_LOCUS8626,rna-CJOHNSTONI_LOCUS8626,389,protein_coding,LisH domain-containing protein  [Source:UniProtKB/TrEMBL;Acc:A0A8J2M400],Cercopithifilaria johnstoni (PRJEB47283),protein_coding,cejohnprjeb47283
CJOHNSTONI_LOCUS2159,rna-CJOHNSTONI_LOCUS2159,350,protein_coding,F-BAR domain-containing protein  [Source:UniProtKB/TrEMBL;Acc:A0A8J2MK13],Cercopithifilaria johnstoni (PRJEB47283),protein_coding,cejohnprjeb47283
CJOHNSTONI_LOCUS1234,rna-CJOHNSTONI_LOCUS1234,525,protein_coding,Col_cuticle_N domain-containing protein  [Source:UniProtKB/TrEMBL;Acc:A0A8J2LMM1],Cercopithifilaria johnstoni (PRJEB47283),protein_coding,cejohnprjeb47283
CJOHNSTONI_LOCUS1907,rna-CJOHNSTONI_LOCUS1907,222,protein_coding,StAR-related lipid transfer protein 3  [Source:UniProtKB/TrEMBL;Acc:A0A8J2MJQ9],Cercopithifilaria johnstoni (PRJEB47283),protein_coding,cejohnprjeb47283
CJOHNSTONI_LOCUS2063,rna-CJOHNSTONI_LOCUS2063,181,protein_coding,Ran GTPase-activating protein 1  [Source:UniProtKB/TrEMBL;Acc:A0A8J2Q4D3],Cercopithifilaria johnstoni (PRJEB47283),protein_coding,cejohnprjeb47283
CJOHNSTONI_LOCUS9092,rna-CJOHNSTONI_LOCUS9092,148,protein_coding,Peptidase S1 domain-containing protein  [Source:UniProtKB/TrEMBL;Acc:A0A8J2MU09],Cercopithifilaria johnstoni (PRJEB47283),protein_coding,cejohnprjeb47283
CJOHNSTONI_LOCUS3409,rna-CJOHNSTONI_LOCUS3409,225,protein_coding,Coatomer subunit zeta  [Source:UniProtKB/TrEMBL;Acc:A0A8J2M111],Cercopithifilaria johnstoni (PRJEB47283),protein_coding,cejohnprjeb47283
CJOHNSTONI_LOCUS4594,rna-CJOHNSTONI_LOCUS4594,184,protein_coding,,Cercopithifilaria johnstoni (PRJEB47283),protein_coding,cejohnprjeb47283
CJOHNSTONI_LOCUS1304,rna-CJOHNSTONI_LOCUS1304,317,protein_coding,Transmembrane protein  [Source:UniProtKB/TrEMBL;Acc:A0A8J2LVV1],Cercopithifilaria johnstoni (PRJEB47283),protein_coding,cejohnprjeb47283
CJOHNSTONI_LOCUS8943,rna-CJOHNSTONI_LOCUS8943,190,protein_coding,Xanthine/uracil permease  [Source:UniProtKB/TrEMBL;Acc:A0A8J2MD72],Cercopithifilaria johnstoni (PRJEB47283),protein_coding,cejohnprjeb47283
CJOHNSTONI_LOCUS9911,rna-CJOHNSTONI_LOCUS9911,161,protein_coding,Ribosomal protein S10  [Source:UniProtKB/TrEMBL;Acc:A0A8J2MGG2],Cercopithifilaria johnstoni (PRJEB47283),protein_coding,cejohnprjeb47283
CJOHNSTONI_LOCUS9408,rna-CJOHNSTONI_LOCUS9408,271,protein_coding,BTB domain-containing protein  [Source:UniProtKB/TrEMBL;Acc:A0A8J2M4M2],Cercopithifilaria johnstoni (PRJEB47283),protein_coding,cejohnprjeb47283
CJOHNSTONI_LOCUS6972,rna-CJOHNSTONI_LOCUS6972,279,protein_coding,UBC core domain-containing protein  [Source:UniProtKB/TrEMBL;Acc:A0A8J2PV75],Cercopithifilaria johnstoni (PRJEB47283),protein_coding,cejohnprjeb47283
CJOHNSTONI_LOCUS7646,rna-CJOHNSTONI_LOCUS7646,139,protein_coding,CYCLIN domain-containing protein  [Source:UniProtKB/TrEMBL;Acc:A0A8J2M9M7],Cercopithifilaria johnstoni (PRJEB47283),protein_coding,cejohnprjeb47283
CJOHNSTONI_LOCUS5343,rna-CJOHNSTONI_LOCUS5343,244,protein_coding,CYCLIN domain-containing protein  [Source:UniProtKB/TrEMBL;Acc:A0A8J2M536],Cercopithifilaria johnstoni (PRJEB47283),protein_coding,cejohnprjeb47283
CJOHNSTONI_LOCUS5646,rna-CJOHNSTONI_LOCUS5646,203,protein_coding,Protein-L-isoaspartate O-methyltransferase  [Source:UniProtKB/TrEMBL;Acc:A0A8J2Q0W8],Cercopithifilaria johnstoni (PRJEB47283),protein_coding,cejohnprjeb47283
CJOHNSTONI_LOCUS2640,rna-CJOHNSTONI_LOCUS2640,297,protein_coding,Leucine-rich repeat extensin-like protein 3  [Source:UniProtKB/TrEMBL;Acc:A0A8J2M047],Cercopithifilaria johnstoni (PRJEB47283),protein_coding,cejohnprjeb47283
CJOHNSTONI_LOCUS4561,rna-CJOHNSTONI_LOCUS4561,179,protein_coding,DC_STAMP domain-containing protein  [Source:UniProtKB/TrEMBL;Acc:A0A8J2PZY1],Cercopithifilaria johnstoni (PRJEB47283),protein_coding,cejohnprjeb47283
CJOHNSTONI_LOCUS1834,rna-CJOHNSTONI_LOCUS1834,164,protein_coding,Protein kinase domain-containing protein  [Source:UniProtKB/TrEMBL;Acc:A0A8J2Q127],Cercopithifilaria johnstoni (PRJEB47283),protein_coding,cejohnprjeb47283
CJOHNSTONI_LOCUS6764,rna-CJOHNSTONI_LOCUS6764,182,protein_coding,RRM domain-containing protein  [Source:UniProtKB/TrEMBL;Acc:A0A8J2Q5E0],Cercopithifilaria johnstoni (PRJEB47283),protein_coding,cejohnprjeb47283
CJOHNSTONI_LOCUS5648,rna-CJOHNSTONI_LOCUS5648,257,protein_coding,SERTA domain-containing protein  [Source:UniProtKB/TrEMBL;Acc:A0A8J2LY19],Cercopithifilaria johnstoni (PRJEB47283),protein_coding,cejohnprjeb47283
CJOHNSTONI_LOCUS9991,rna-CJOHNSTONI_LOCUS9991,162,protein_coding,Eukaryotic translation initiation factor 3 30 kDa subunit  [Source:UniProtKB/TrEMBL;Acc:A0A8J2MCZ8],Cercopithifilaria johnstoni (PRJEB47283),protein_coding,cejohnprjeb47283
CJOHNSTONI_LOCUS5966,rna-CJOHNSTONI_LOCUS5966,347,protein_coding,DH domain-containing protein  [Source:UniProtKB/TrEMBL;Acc:A0A8J2QAD6],Cercopithifilaria johnstoni (PRJEB47283),protein_coding,cejohnprjeb47283
CJOHNSTONI_LOCUS6775,rna-CJOHNSTONI_LOCUS6775,280,protein_coding,"Dihydrolipoyllysine-residue acetyltransferase component of pyruvate dehydrogenase complex, mitochondrial  [Source:UniProtKB/TrEMBL;Acc:A0A8J2M878]",Cercopithifilaria johnstoni (PRJEB47283),protein_coding,cejohnprjeb47283
CJOHNSTONI_LOCUS7731,rna-CJOHNSTONI_LOCUS7731,209,protein_coding,,Cercopithifilaria johnstoni (PRJEB47283),protein_coding,cejohnprjeb47283
CJOHNSTONI_LOCUS10114,rna-CJOHNSTONI_LOCUS10114,198,protein_coding,Proteasome subunit beta  [Source:UniProtKB/TrEMBL;Acc:A0A8J2MD75],Cercopithifilaria johnstoni (PRJEB47283),protein_coding,cejohnprjeb47283
CJOHNSTONI_LOCUS4683,rna-CJOHNSTONI_LOCUS4683,194,protein_coding,"10 kDa heat shock protein, mitochondrial  [Source:UniProtKB/TrEMBL;Acc:A0A8J2M3S9]",Cercopithifilaria johnstoni (PRJEB47283),protein_coding,cejohnprjeb47283
CJOHNSTONI_LOCUS1813,rna-CJOHNSTONI_LOCUS1813,182,protein_coding,Dystrophin  [Source:UniProtKB/TrEMBL;Acc:A0A8J2MK69],Cercopithifilaria johnstoni (PRJEB47283),protein_coding,cejohnprjeb47283
CJOHNSTONI_LOCUS837,rna-CJOHNSTONI_LOCUS837,167,protein_coding,,Cercopithifilaria johnstoni (PRJEB47283),protein_coding,cejohnprjeb47283
CJOHNSTONI_LOCUS8627,rna-CJOHNSTONI_LOCUS8627,361,protein_coding,GPI ethanolamine phosphate transferase 3  [Source:UniProtKB/TrEMBL;Acc:A0A8J2MAE2],Cercopithifilaria johnstoni (PRJEB47283),protein_coding,cejohnprjeb47283
CJOHNSTONI_LOCUS8038,rna-CJOHNSTONI_LOCUS8038,311,protein_coding,NDT80 domain-containing protein  [Source:UniProtKB/TrEMBL;Acc:A0A8J2QAT9],Cercopithifilaria johnstoni (PRJEB47283),protein_coding,cejohnprjeb47283
CJOHNSTONI_LOCUS7172,rna-CJOHNSTONI_LOCUS7172,242,protein_coding,P-type domain-containing protein  [Source:UniProtKB/TrEMBL;Acc:A0A8J2Q5P9],Cercopithifilaria johnstoni (PRJEB47283),protein_coding,cejohnprjeb47283
CJOHNSTONI_LOCUS3647,rna-CJOHNSTONI_LOCUS3647,210,protein_coding,Palmitoyltransferase  [Source:UniProtKB/TrEMBL;Acc:A0A8J2PSD3],Cercopithifilaria johnstoni (PRJEB47283),protein_coding,cejohnprjeb47283
CJOHNSTONI_LOCUS9528,rna-CJOHNSTONI_LOCUS9528,320,protein_coding,Vitellogenin domain-containing protein  [Source:UniProtKB/TrEMBL;Acc:A0A8J2Q6Y5],Cercopithifilaria johnstoni (PRJEB47283),protein_coding,cejohnprjeb47283
CJOHNSTONI_LOCUS6688,rna-CJOHNSTONI_LOCUS6688,632,protein_coding,,Cercopithifilaria johnstoni (PRJEB47283),protein_coding,cejohnprjeb47283
CJOHNSTONI_LOCUS8495,rna-CJOHNSTONI_LOCUS8495,138,protein_coding,Nuclear cap-binding protein subunit 2  [Source:UniProtKB/TrEMBL;Acc:A0A8J2M3R8],Cercopithifilaria johnstoni (PRJEB47283),protein_coding,cejohnprjeb47283
CJOHNSTONI_LOCUS9088,rna-CJOHNSTONI_LOCUS9088,322,protein_coding,Polyubiquitin  [Source:UniProtKB/TrEMBL;Acc:A0A8J2M426],Cercopithifilaria johnstoni (PRJEB47283),protein_coding,cejohnprjeb47283
CJOHNSTONI_LOCUS1011,rna-CJOHNSTONI_LOCUS1011,82,protein_coding,,Cercopithifilaria johnstoni (PRJEB47283),protein_coding,cejohnprjeb47283
CJOHNSTONI_LOCUS7126,rna-CJOHNSTONI_LOCUS7126,217,protein_coding,BMP-binding endothelial regulator protein  [Source:UniProtKB/TrEMBL;Acc:A0A8J2M8E5],Cercopithifilaria johnstoni (PRJEB47283),protein_coding,cejohnprjeb47283
CJOHNSTONI_LOCUS5940,rna-CJOHNSTONI_LOCUS5940,260,protein_coding,Lysosomal acid phosphatase  [Source:UniProtKB/TrEMBL;Acc:A0A8J2M4V0],Cercopithifilaria johnstoni (PRJEB47283),protein_coding,cejohnprjeb47283
CJOHNSTONI_LOCUS7201,rna-CJOHNSTONI_LOCUS7201,215,protein_coding,GDP-fucose protein O-fucosyltransferase 1  [Source:UniProtKB/TrEMBL;Acc:A0A8J2MR67],Cercopithifilaria johnstoni (PRJEB47283),protein_coding,cejohnprjeb47283
CJOHNSTONI_LOCUS7366,rna-CJOHNSTONI_LOCUS7366,222,protein_coding,Prefoldin subunit 5  [Source:UniProtKB/TrEMBL;Acc:A0A8J2MRI4],Cercopithifilaria johnstoni (PRJEB47283),protein_coding,cejohnprjeb47283
CJOHNSTONI_LOCUS2971,rna-CJOHNSTONI_LOCUS2971,165,protein_coding,WD_REPEATS_REGION domain-containing protein  [Source:UniProtKB/TrEMBL;Acc:A0A8J2LYU9],Cercopithifilaria johnstoni (PRJEB47283),protein_coding,cejohnprjeb47283
CJOHNSTONI_LOCUS7632,rna-CJOHNSTONI_LOCUS7632,337,protein_coding,RING finger protein unkempt  [Source:UniProtKB/TrEMBL;Acc:A0A8J2M9L7],Cercopithifilaria johnstoni (PRJEB47283),protein_coding,cejohnprjeb47283
CJOHNSTONI_LOCUS9312,rna-CJOHNSTONI_LOCUS9312-2,453,protein_coding,RRM domain-containing protein  [Source:UniProtKB/TrEMBL;Acc:A0A8J2M4G8],Cercopithifilaria johnstoni (PRJEB47283),protein_coding,cejohnprjeb47283
CJOHNSTONI_LOCUS3167,rna-CJOHNSTONI_LOCUS3167,170,protein_coding,Conserved oligomeric Golgi complex subunit 6  [Source:UniProtKB/TrEMBL;Acc:A0A8J2LZ73],Cercopithifilaria johnstoni (PRJEB47283),protein_coding,cejohnprjeb47283
CJOHNSTONI_LOCUS2335,rna-CJOHNSTONI_LOCUS2335,250,protein_coding,Fibrous sheath-interacting protein 1  [Source:UniProtKB/TrEMBL;Acc:A0A8J2LXE4],Cercopithifilaria johnstoni (PRJEB47283),protein_coding,cejohnprjeb47283
CJOHNSTONI_LOCUS3724,rna-CJOHNSTONI_LOCUS3724,218,protein_coding,PlsC domain-containing protein  [Source:UniProtKB/TrEMBL;Acc:A0A8J2M0P9],Cercopithifilaria johnstoni (PRJEB47283),protein_coding,cejohnprjeb47283
CJOHNSTONI_LOCUS6561,rna-CJOHNSTONI_LOCUS6561,625,protein_coding,Tyrosine-protein kinase  [Source:UniProtKB/TrEMBL;Acc:A0A8J2M6X4],Cercopithifilaria johnstoni (PRJEB47283),protein_coding,cejohnprjeb47283
CJOHNSTONI_LOCUS5262,rna-CJOHNSTONI_LOCUS5262,263,protein_coding,Protein kinase domain-containing protein  [Source:UniProtKB/TrEMBL;Acc:A0A8J2LXR7],Cercopithifilaria johnstoni (PRJEB47283),protein_coding,cejohnprjeb47283
CJOHNSTONI_LOCUS3168,rna-CJOHNSTONI_LOCUS3168,379,protein_coding,Bestrophin homolog  [Source:UniProtKB/TrEMBL;Acc:A0A8J2ML56],Cercopithifilaria johnstoni (PRJEB47283),protein_coding,cejohnprjeb47283
CJOHNSTONI_LOCUS6259,rna-CJOHNSTONI_LOCUS6259,256,protein_coding,S-formylglutathione hydrolase  [Source:UniProtKB/TrEMBL;Acc:A0A8J2M712],Cercopithifilaria johnstoni (PRJEB47283),protein_coding,cejohnprjeb47283
CJOHNSTONI_LOCUS5234,rna-CJOHNSTONI_LOCUS5234,185,protein_coding,SHSP domain-containing protein  [Source:UniProtKB/TrEMBL;Acc:A0A8J2LVA7],Cercopithifilaria johnstoni (PRJEB47283),protein_coding,cejohnprjeb47283
CJOHNSTONI_LOCUS3219,rna-CJOHNSTONI_LOCUS3219,168,protein_coding,proteasome endopeptidase complex  [Source:UniProtKB/TrEMBL;Acc:A0A8J2PYS8],Cercopithifilaria johnstoni (PRJEB47283),protein_coding,cejohnprjeb47283
CJOHNSTONI_LOCUS8204,rna-CJOHNSTONI_LOCUS8204,289,protein_coding,Protein SHQ1 homolog  [Source:UniProtKB/TrEMBL;Acc:A0A8J2QAV1],Cercopithifilaria johnstoni (PRJEB47283),protein_coding,cejohnprjeb47283
CJOHNSTONI_LOCUS10283,rna-CJOHNSTONI_LOCUS10283,219,protein_coding,Neprilysin  [Source:UniProtKB/TrEMBL;Acc:A0A8J2MDC3],Cercopithifilaria johnstoni (PRJEB47283),protein_coding,cejohnprjeb47283
CJOHNSTONI_LOCUS7485,rna-CJOHNSTONI_LOCUS7485,234,protein_coding,MICOS complex subunit MIC60  [Source:UniProtKB/TrEMBL;Acc:A0A8J2M9A3],Cercopithifilaria johnstoni (PRJEB47283),protein_coding,cejohnprjeb47283
CJOHNSTONI_LOCUS3215,rna-CJOHNSTONI_LOCUS3215,154,protein_coding,Neur_chan_LBD domain-containing protein  [Source:UniProtKB/TrEMBL;Acc:A0A8J2M139],Cercopithifilaria johnstoni (PRJEB47283),protein_coding,cejohnprjeb47283
CJOHNSTONI_LOCUS3726,rna-CJOHNSTONI_LOCUS3726,154,protein_coding,Transcription factor HNF-4 homolog  [Source:UniProtKB/TrEMBL;Acc:A0A8J2PSF6],Cercopithifilaria johnstoni (PRJEB47283),protein_coding,cejohnprjeb47283
CJOHNSTONI_LOCUS5227,rna-CJOHNSTONI_LOCUS5227,410,protein_coding,WW domain-containing protein  [Source:UniProtKB/TrEMBL;Acc:A0A8J2M4G0],Cercopithifilaria johnstoni (PRJEB47283),protein_coding,cejohnprjeb47283
CJOHNSTONI_LOCUS2280,rna-CJOHNSTONI_LOCUS2280,206,protein_coding,ANIS5_cation-bd domain-containing protein  [Source:UniProtKB/TrEMBL;Acc:A0A8J2LXP4],Cercopithifilaria johnstoni (PRJEB47283),protein_coding,cejohnprjeb47283
CJOHNSTONI_LOCUS1889,rna-CJOHNSTONI_LOCUS1889,278,protein_coding,,Cercopithifilaria johnstoni (PRJEB47283),protein_coding,cejohnprjeb47283
CJOHNSTONI_LOCUS71,rna-CJOHNSTONI_LOCUS71,171,protein_coding,Calpain catalytic domain-containing protein  [Source:UniProtKB/TrEMBL;Acc:A0A8J2MHK6],Cercopithifilaria johnstoni (PRJEB47283),protein_coding,cejohnprjeb47283
CJOHNSTONI_LOCUS5571,rna-CJOHNSTONI_LOCUS5571,272,protein_coding,Secreted protein  [Source:UniProtKB/TrEMBL;Acc:A0A8J2MP93],Cercopithifilaria johnstoni (PRJEB47283),protein_coding,cejohnprjeb47283
CJOHNSTONI_LOCUS3900,rna-CJOHNSTONI_LOCUS3900,172,protein_coding,deoxyribose-phosphate aldolase  [Source:UniProtKB/TrEMBL;Acc:A0A8J2MMI2],Cercopithifilaria johnstoni (PRJEB47283),protein_coding,cejohnprjeb47283
CJOHNSTONI_LOCUS2807,rna-CJOHNSTONI_LOCUS2807,152,protein_coding,"Collagen, type VI, alpha 2  [Source:UniProtKB/TrEMBL;Acc:A0A8J2M0D3]",Cercopithifilaria johnstoni (PRJEB47283),protein_coding,cejohnprjeb47283
CJOHNSTONI_LOCUS4207,rna-CJOHNSTONI_LOCUS4207,683,protein_coding,Importin-5  [Source:UniProtKB/TrEMBL;Acc:A0A8J2LSQ2],Cercopithifilaria johnstoni (PRJEB47283),protein_coding,cejohnprjeb47283
CJOHNSTONI_LOCUS2567,rna-CJOHNSTONI_LOCUS2567,457,protein_coding,Protein-cysteine N-palmitoyltransferase Rasp  [Source:UniProtKB/TrEMBL;Acc:A0A8J2Q968],Cercopithifilaria johnstoni (PRJEB47283),protein_coding,cejohnprjeb47283
CJOHNSTONI_LOCUS791,rna-CJOHNSTONI_LOCUS791,376,protein_coding,T-box domain-containing protein  [Source:UniProtKB/TrEMBL;Acc:A0A8J2LLU9],Cercopithifilaria johnstoni (PRJEB47283),protein_coding,cejohnprjeb47283
CJOHNSTONI_LOCUS9286,rna-CJOHNSTONI_LOCUS9286,322,protein_coding,Guanylate cyclase domain-containing protein  [Source:UniProtKB/TrEMBL;Acc:A0A8J2MTX7],Cercopithifilaria johnstoni (PRJEB47283),protein_coding,cejohnprjeb47283
CJOHNSTONI_LOCUS10295,rna-CJOHNSTONI_LOCUS10295,248,protein_coding,tRNA pseudouridine synthase  [Source:UniProtKB/TrEMBL;Acc:A0A8J2MG41],Cercopithifilaria johnstoni (PRJEB47283),protein_coding,cejohnprjeb47283
CJOHNSTONI_LOCUS2974,rna-CJOHNSTONI_LOCUS2974,270,protein_coding,Extended synaptotagmin-2  [Source:UniProtKB/TrEMBL;Acc:A0A8J2M374],Cercopithifilaria johnstoni (PRJEB47283),protein_coding,cejohnprjeb47283
CJOHNSTONI_LOCUS96,rna-CJOHNSTONI_LOCUS96,236,protein_coding,MSP domain-containing protein  [Source:UniProtKB/TrEMBL;Acc:A0A8J2LML6],Cercopithifilaria johnstoni (PRJEB47283),protein_coding,cejohnprjeb47283
CJOHNSTONI_LOCUS7645,rna-CJOHNSTONI_LOCUS7645,211,protein_coding,Flavin-containing monooxygenase  [Source:UniProtKB/TrEMBL;Acc:A0A8J2MAA8],Cercopithifilaria johnstoni (PRJEB47283),protein_coding,cejohnprjeb47283
CJOHNSTONI_LOCUS9085,rna-CJOHNSTONI_LOCUS9085,200,protein_coding,C2 domain-containing protein  [Source:UniProtKB/TrEMBL;Acc:A0A8J2Q6P3],Cercopithifilaria johnstoni (PRJEB47283),protein_coding,cejohnprjeb47283
CJOHNSTONI_LOCUS2374,rna-CJOHNSTONI_LOCUS2374,326,protein_coding,"28S ribosomal protein S27, mitochondrial  [Source:UniProtKB/TrEMBL;Acc:A0A8J2LZP9]",Cercopithifilaria johnstoni (PRJEB47283),protein_coding,cejohnprjeb47283
CJOHNSTONI_LOCUS5663,rna-CJOHNSTONI_LOCUS5663,260,protein_coding,Neur_chan_LBD domain-containing protein  [Source:UniProtKB/TrEMBL;Acc:A0A8J2QAB4],Cercopithifilaria johnstoni (PRJEB47283),protein_coding,cejohnprjeb47283
CJOHNSTONI_LOCUS2973,rna-CJOHNSTONI_LOCUS2973,257,protein_coding,Pre-mRNA-splicing factor SPF27  [Source:UniProtKB/TrEMBL;Acc:A0A8J2MLH9],Cercopithifilaria johnstoni (PRJEB47283),protein_coding,cejohnprjeb47283
CJOHNSTONI_LOCUS7112,rna-CJOHNSTONI_LOCUS7112,194,protein_coding,,Cercopithifilaria johnstoni (PRJEB47283),protein_coding,cejohnprjeb47283
CJOHNSTONI_LOCUS4746,rna-CJOHNSTONI_LOCUS4746,152,protein_coding,Thioredoxin domain-containing protein  [Source:UniProtKB/TrEMBL;Acc:A0A8J2LWI8],Cercopithifilaria johnstoni (PRJEB47283),protein_coding,cejohnprjeb47283
CJOHNSTONI_LOCUS7016,rna-CJOHNSTONI_LOCUS7016,148,protein_coding,Myelin transcription factor 1-like protein  [Source:UniProtKB/TrEMBL;Acc:A0A8J2MQZ1],Cercopithifilaria johnstoni (PRJEB47283),protein_coding,cejohnprjeb47283
CJOHNSTONI_LOCUS1092,rna-CJOHNSTONI_LOCUS1092,248,protein_coding,STI1 domain-containing protein  [Source:UniProtKB/TrEMBL;Acc:A0A8J2PQ40],Cercopithifilaria johnstoni (PRJEB47283),protein_coding,cejohnprjeb47283
CJOHNSTONI_LOCUS5154,rna-CJOHNSTONI_LOCUS5154,227,protein_coding,Ras-GEF domain-containing protein  [Source:UniProtKB/TrEMBL;Acc:A0A8J2MNG9],Cercopithifilaria johnstoni (PRJEB47283),protein_coding,cejohnprjeb47283
CJOHNSTONI_LOCUS7071,rna-CJOHNSTONI_LOCUS7071,136,protein_coding,"39S ribosomal protein L54, mitochondrial  [Source:UniProtKB/TrEMBL;Acc:A0A8J2MR10]",Cercopithifilaria johnstoni (PRJEB47283),protein_coding,cejohnprjeb47283
CJOHNSTONI_LOCUS8383,rna-CJOHNSTONI_LOCUS8383,129,protein_coding,,Cercopithifilaria johnstoni (PRJEB47283),protein_coding,cejohnprjeb47283
CJOHNSTONI_LOCUS6694,rna-CJOHNSTONI_LOCUS6694,132,protein_coding,PHB domain-containing protein  [Source:UniProtKB/TrEMBL;Acc:A0A8J2Q868],Cercopithifilaria johnstoni (PRJEB47283),protein_coding,cejohnprjeb47283
CJOHNSTONI_LOCUS3618,rna-CJOHNSTONI_LOCUS3618,176,protein_coding,Protein YIPF  [Source:UniProtKB/TrEMBL;Acc:A0A8J2Q5T0],Cercopithifilaria johnstoni (PRJEB47283),protein_coding,cejohnprjeb47283
CJOHNSTONI_LOCUS5945,rna-CJOHNSTONI_LOCUS5945,347,protein_coding,Centaurin-gamma-1A  [Source:UniProtKB/TrEMBL;Acc:A0A8J2M625],Cercopithifilaria johnstoni (PRJEB47283),protein_coding,cejohnprjeb47283
CJOHNSTONI_LOCUS9151,rna-CJOHNSTONI_LOCUS9151,164,protein_coding,RSN1_7TM domain-containing protein  [Source:UniProtKB/TrEMBL;Acc:A0A8J2MDD4],Cercopithifilaria johnstoni (PRJEB47283),protein_coding,cejohnprjeb47283
CJOHNSTONI_LOCUS3439,rna-CJOHNSTONI_LOCUS3439,342,protein_coding,GPI mannosyltransferase 2  [Source:UniProtKB/TrEMBL;Acc:A0A8J2M1J0],Cercopithifilaria johnstoni (PRJEB47283),protein_coding,cejohnprjeb47283
CJOHNSTONI_LOCUS471,rna-CJOHNSTONI_LOCUS471,233,protein_coding,MFS domain-containing protein  [Source:UniProtKB/TrEMBL;Acc:A0A8J2LTX3],Cercopithifilaria johnstoni (PRJEB47283),protein_coding,cejohnprjeb47283
CJOHNSTONI_LOCUS1348,rna-CJOHNSTONI_LOCUS1348,183,protein_coding,GuKc domain-containing protein  [Source:UniProtKB/TrEMBL;Acc:A0A8J2LVX2],Cercopithifilaria johnstoni (PRJEB47283),protein_coding,cejohnprjeb47283
CJOHNSTONI_LOCUS661,rna-CJOHNSTONI_LOCUS661,122,protein_coding,Em GEA1 (EM1)  [Source:UniProtKB/TrEMBL;Acc:A0A8J2Q022],Cercopithifilaria johnstoni (PRJEB47283),protein_coding,cejohnprjeb47283
CJOHNSTONI_LOCUS2819,rna-CJOHNSTONI_LOCUS2819,251,protein_coding,Prohibitin  [Source:UniProtKB/TrEMBL;Acc:A0A8J2M0I1],Cercopithifilaria johnstoni (PRJEB47283),protein_coding,cejohnprjeb47283
CJOHNSTONI_LOCUS8095,rna-CJOHNSTONI_LOCUS8095,221,protein_coding,Transcription initiation factor TFIID subunit 12  [Source:UniProtKB/TrEMBL;Acc:A0A8J2M346],Cercopithifilaria johnstoni (PRJEB47283),protein_coding,cejohnprjeb47283
CJOHNSTONI_LOCUS4787,rna-CJOHNSTONI_LOCUS4787,305,protein_coding,,Cercopithifilaria johnstoni (PRJEB47283),protein_coding,cejohnprjeb47283
CJOHNSTONI_LOCUS8928,rna-CJOHNSTONI_LOCUS8928,259,protein_coding,Telomere_reg-2 domain-containing protein  [Source:UniProtKB/TrEMBL;Acc:A0A8J2MD00],Cercopithifilaria johnstoni (PRJEB47283),protein_coding,cejohnprjeb47283
CJOHNSTONI_LOCUS5092,rna-CJOHNSTONI_LOCUS5092,214,protein_coding,C-mannosyltransferase  [Source:UniProtKB/TrEMBL;Acc:A0A8J2M4M4],Cercopithifilaria johnstoni (PRJEB47283),protein_coding,cejohnprjeb47283
CJOHNSTONI_LOCUS6596,rna-CJOHNSTONI_LOCUS6596,127,protein_coding,,Cercopithifilaria johnstoni (PRJEB47283),protein_coding,cejohnprjeb47283
CJOHNSTONI_LOCUS3797,rna-CJOHNSTONI_LOCUS3797,280,protein_coding,Retinoblastoma-like protein 1  [Source:UniProtKB/TrEMBL;Acc:A0A8J2Q621],Cercopithifilaria johnstoni (PRJEB47283),protein_coding,cejohnprjeb47283
CJOHNSTONI_LOCUS10194,rna-CJOHNSTONI_LOCUS10194,127,protein_coding,HMG box domain-containing protein  [Source:UniProtKB/TrEMBL;Acc:A0A8J2M5R6],Cercopithifilaria johnstoni (PRJEB47283),protein_coding,cejohnprjeb47283
CJOHNSTONI_LOCUS9322,rna-CJOHNSTONI_LOCUS9322,235,protein_coding,OTU domain-containing protein  [Source:UniProtKB/TrEMBL;Acc:A0A8J2Q6T9],Cercopithifilaria johnstoni (PRJEB47283),protein_coding,cejohnprjeb47283
CJOHNSTONI_LOCUS10584,rna-CJOHNSTONI_LOCUS10584,242,protein_coding,DUF1279 domain-containing protein  [Source:UniProtKB/TrEMBL;Acc:A0A8J2MG96],Cercopithifilaria johnstoni (PRJEB47283),protein_coding,cejohnprjeb47283
CJOHNSTONI_LOCUS9321,rna-CJOHNSTONI_LOCUS9321-2,248,protein_coding,ZP domain-containing protein  [Source:UniProtKB/TrEMBL;Acc:A0A8J2PY32],Cercopithifilaria johnstoni (PRJEB47283),protein_coding,cejohnprjeb47283
CJOHNSTONI_LOCUS10387,rna-CJOHNSTONI_LOCUS10387,906,protein_coding,SH2 domain-containing protein  [Source:UniProtKB/TrEMBL;Acc:A0A8J2M831],Cercopithifilaria johnstoni (PRJEB47283),protein_coding,cejohnprjeb47283
CJOHNSTONI_LOCUS2356,rna-CJOHNSTONI_LOCUS2356,310,protein_coding,Sulfotransfer_1 domain-containing protein  [Source:UniProtKB/TrEMBL;Acc:A0A8J2LPG5],Cercopithifilaria johnstoni (PRJEB47283),protein_coding,cejohnprjeb47283
CJOHNSTONI_LOCUS10483,rna-CJOHNSTONI_LOCUS10483,236,protein_coding,Unconventional myosin-IXa  [Source:UniProtKB/TrEMBL;Acc:A0A8J2QBB7],Cercopithifilaria johnstoni (PRJEB47283),protein_coding,cejohnprjeb47283
CJOHNSTONI_LOCUS1178,rna-CJOHNSTONI_LOCUS1178,188,protein_coding,Protein kinase domain-containing protein  [Source:UniProtKB/TrEMBL;Acc:A0A8J2MJF6],Cercopithifilaria johnstoni (PRJEB47283),protein_coding,cejohnprjeb47283
CJOHNSTONI_LOCUS5681,rna-CJOHNSTONI_LOCUS5681,182,protein_coding,PNPLA domain-containing protein  [Source:UniProtKB/TrEMBL;Acc:A0A8J2MPE6],Cercopithifilaria johnstoni (PRJEB47283),protein_coding,cejohnprjeb47283
CJOHNSTONI_LOCUS2235,rna-CJOHNSTONI_LOCUS2235,201,protein_coding,ATP-citrate synthase  [Source:UniProtKB/TrEMBL;Acc:A0A8J2PR64],Cercopithifilaria johnstoni (PRJEB47283),protein_coding,cejohnprjeb47283
CJOHNSTONI_LOCUS8939,rna-CJOHNSTONI_LOCUS8939,197,protein_coding,40S ribosomal protein S25  [Source:UniProtKB/TrEMBL;Acc:A0A8J2MTS6],Cercopithifilaria johnstoni (PRJEB47283),protein_coding,cejohnprjeb47283
CJOHNSTONI_LOCUS7774,rna-CJOHNSTONI_LOCUS7774,250,protein_coding,MFS domain-containing protein  [Source:UniProtKB/TrEMBL;Acc:A0A8J2MAG9],Cercopithifilaria johnstoni (PRJEB47283),protein_coding,cejohnprjeb47283
CJOHNSTONI_LOCUS9520,rna-CJOHNSTONI_LOCUS9520,214,protein_coding,non-specific serine/threonine protein kinase  [Source:UniProtKB/TrEMBL;Acc:A0A8J2MCA8],Cercopithifilaria johnstoni (PRJEB47283),protein_coding,cejohnprjeb47283
CJOHNSTONI_LOCUS286,rna-CJOHNSTONI_LOCUS286,701,protein_coding,Peptidyl-prolyl cis-trans isomerase  [Source:UniProtKB/TrEMBL;Acc:A0A8J2LVC9],Cercopithifilaria johnstoni (PRJEB47283),protein_coding,cejohnprjeb47283
CJOHNSTONI_LOCUS1448,rna-CJOHNSTONI_LOCUS1448,197,protein_coding,RNA-binding protein  [Source:UniProtKB/TrEMBL;Acc:A0A8J2LQ49],Cercopithifilaria johnstoni (PRJEB47283),protein_coding,cejohnprjeb47283
CJOHNSTONI_LOCUS8525,rna-CJOHNSTONI_LOCUS8525,171,protein_coding,Replication stress response regulator SDE2  [Source:UniProtKB/TrEMBL;Acc:A0A8J2Q8U1],Cercopithifilaria johnstoni (PRJEB47283),protein_coding,cejohnprjeb47283
CJOHNSTONI_LOCUS2230,rna-CJOHNSTONI_LOCUS2230,209,protein_coding,Proliferating cell nuclear antigen  [Source:UniProtKB/TrEMBL;Acc:A0A8J2LZE7],Cercopithifilaria johnstoni (PRJEB47283),protein_coding,cejohnprjeb47283
CJOHNSTONI_LOCUS3322,rna-CJOHNSTONI_LOCUS3322,205,protein_coding,Translationally-controlled tumor protein homolog  [Source:UniProtKB/TrEMBL;Acc:A0A8J2M1G5],Cercopithifilaria johnstoni (PRJEB47283),protein_coding,cejohnprjeb47283
CJOHNSTONI_LOCUS2396,rna-CJOHNSTONI_LOCUS2396,126,protein_coding,"NADH dehydrogenase [ubiquinone] 1 beta subcomplex subunit 2, mitochondrial  [Source:UniProtKB/TrEMBL;Acc:A0A8J2Q945]",Cercopithifilaria johnstoni (PRJEB47283),protein_coding,cejohnprjeb47283
CJOHNSTONI_LOCUS2133,rna-CJOHNSTONI_LOCUS2133,211,protein_coding,tRNA (guanine(37)-N1)-methyltransferase  [Source:UniProtKB/TrEMBL;Acc:A0A8J2LWZ6],Cercopithifilaria johnstoni (PRJEB47283),protein_coding,cejohnprjeb47283
CJOHNSTONI_LOCUS1391,rna-CJOHNSTONI_LOCUS1391,497,protein_coding,,Cercopithifilaria johnstoni (PRJEB47283),protein_coding,cejohnprjeb47283
CJOHNSTONI_LOCUS9857,rna-CJOHNSTONI_LOCUS9857,275,protein_coding,Zinc transporter ZIP3  [Source:UniProtKB/TrEMBL;Acc:A0A8J2MGC8],Cercopithifilaria johnstoni (PRJEB47283),protein_coding,cejohnprjeb47283
CJOHNSTONI_LOCUS9084,rna-CJOHNSTONI_LOCUS9084,229,protein_coding,,Cercopithifilaria johnstoni (PRJEB47283),protein_coding,cejohnprjeb47283
CJOHNSTONI_LOCUS8569,rna-CJOHNSTONI_LOCUS8569,221,protein_coding,,Cercopithifilaria johnstoni (PRJEB47283),protein_coding,cejohnprjeb47283
CJOHNSTONI_LOCUS2043,rna-CJOHNSTONI_LOCUS2043,142,protein_coding,ATP-synt_ab domain-containing protein  [Source:UniProtKB/TrEMBL;Acc:A0A8J2LXA3],Cercopithifilaria johnstoni (PRJEB47283),protein_coding,cejohnprjeb47283
CJOHNSTONI_LOCUS5802,rna-CJOHNSTONI_LOCUS5802,156,protein_coding,Macro domain-containing protein  [Source:UniProtKB/TrEMBL;Acc:A0A8J2M5Z2],Cercopithifilaria johnstoni (PRJEB47283),protein_coding,cejohnprjeb47283
CJOHNSTONI_LOCUS3347,rna-CJOHNSTONI_LOCUS3347,259,protein_coding,DUF3453 domain-containing protein  [Source:UniProtKB/TrEMBL;Acc:A0A8J2MLV1],Cercopithifilaria johnstoni (PRJEB47283),protein_coding,cejohnprjeb47283
CJOHNSTONI_LOCUS1329,rna-CJOHNSTONI_LOCUS1329,185,protein_coding,Group i salivary lipocalin  [Source:UniProtKB/TrEMBL;Acc:A0A8J2PWI8],Cercopithifilaria johnstoni (PRJEB47283),protein_coding,cejohnprjeb47283
CJOHNSTONI_LOCUS5253,rna-CJOHNSTONI_LOCUS5253,137,protein_coding,Molybdopterin synthase sulfur carrier subunit  [Source:UniProtKB/TrEMBL;Acc:A0A8J2M4X3],Cercopithifilaria johnstoni (PRJEB47283),protein_coding,cejohnprjeb47283
CJOHNSTONI_LOCUS3227,rna-CJOHNSTONI_LOCUS3227,177,protein_coding,Epimerase domain-containing protein  [Source:UniProtKB/TrEMBL;Acc:A0A8J2M0R3],Cercopithifilaria johnstoni (PRJEB47283),protein_coding,cejohnprjeb47283
CJOHNSTONI_LOCUS10330,rna-CJOHNSTONI_LOCUS10330,266,protein_coding,Ovule protein  [Source:UniProtKB/TrEMBL;Acc:A0A8J2MUY6],Cercopithifilaria johnstoni (PRJEB47283),protein_coding,cejohnprjeb47283
CJOHNSTONI_LOCUS3597,rna-CJOHNSTONI_LOCUS3597,1610,protein_coding,Histone-lysine N-methyltransferase  [Source:UniProtKB/TrEMBL;Acc:A0A8J2MM50],Cercopithifilaria johnstoni (PRJEB47283),protein_coding,cejohnprjeb47283
CJOHNSTONI_LOCUS296,rna-CJOHNSTONI_LOCUS296,299,protein_coding,ANK_REP_REGION domain-containing protein  [Source:UniProtKB/TrEMBL;Acc:A0A8J2MH83],Cercopithifilaria johnstoni (PRJEB47283),protein_coding,cejohnprjeb47283
CJOHNSTONI_LOCUS7779,rna-CJOHNSTONI_LOCUS7779,225,protein_coding,SSD domain-containing protein  [Source:UniProtKB/TrEMBL;Acc:A0A8J2Q2N3],Cercopithifilaria johnstoni (PRJEB47283),protein_coding,cejohnprjeb47283
CJOHNSTONI_LOCUS7267,rna-CJOHNSTONI_LOCUS7267,216,protein_coding,Glycylpeptide N-tetradecanoyltransferase  [Source:UniProtKB/TrEMBL;Acc:A0A8J2M116],Cercopithifilaria johnstoni (PRJEB47283),protein_coding,cejohnprjeb47283
CJOHNSTONI_LOCUS6298,rna-CJOHNSTONI_LOCUS6298,184,protein_coding,ADP-ribosylation factor-like protein 2  [Source:UniProtKB/TrEMBL;Acc:A0A8J2M796],Cercopithifilaria johnstoni (PRJEB47283),protein_coding,cejohnprjeb47283
CJOHNSTONI_LOCUS6993,rna-CJOHNSTONI_LOCUS6993,178,protein_coding,,Cercopithifilaria johnstoni (PRJEB47283),protein_coding,cejohnprjeb47283
CJOHNSTONI_LOCUS5298,rna-CJOHNSTONI_LOCUS5298,254,protein_coding,WASH-7_N domain-containing protein  [Source:UniProtKB/TrEMBL;Acc:A0A8J2QA86],Cercopithifilaria johnstoni (PRJEB47283),protein_coding,cejohnprjeb47283
CJOHNSTONI_LOCUS6636,rna-CJOHNSTONI_LOCUS6636,253,protein_coding,GRIP domain-containing protein  [Source:UniProtKB/TrEMBL;Acc:A0A8J2MQJ5],Cercopithifilaria johnstoni (PRJEB47283),protein_coding,cejohnprjeb47283
CJOHNSTONI_LOCUS7149,rna-CJOHNSTONI_LOCUS7149,246,protein_coding,,Cercopithifilaria johnstoni (PRJEB47283),protein_coding,cejohnprjeb47283
CJOHNSTONI_LOCUS5256,rna-CJOHNSTONI_LOCUS5256,235,protein_coding,Vacuolar protein sorting-associated protein 53 homolog  [Source:UniProtKB/TrEMBL;Acc:A0A8J2Q7D3],Cercopithifilaria johnstoni (PRJEB47283),protein_coding,cejohnprjeb47283
CJOHNSTONI_LOCUS1790,rna-CJOHNSTONI_LOCUS1790,352,protein_coding,ELYS  [Source:UniProtKB/TrEMBL;Acc:A0A8J2PQS4],Cercopithifilaria johnstoni (PRJEB47283),protein_coding,cejohnprjeb47283
CJOHNSTONI_LOCUS10113,rna-CJOHNSTONI_LOCUS10113,284,protein_coding,ULP_PROTEASE domain-containing protein  [Source:UniProtKB/TrEMBL;Acc:A0A8J2M7K4],Cercopithifilaria johnstoni (PRJEB47283),protein_coding,cejohnprjeb47283
CJOHNSTONI_LOCUS7365,rna-CJOHNSTONI_LOCUS7365,144,protein_coding,Palmitoyltransferase  [Source:UniProtKB/TrEMBL;Acc:A0A8J2M1V3],Cercopithifilaria johnstoni (PRJEB47283),protein_coding,cejohnprjeb47283
CJOHNSTONI_LOCUS6549,rna-CJOHNSTONI_LOCUS6549,600,protein_coding,TPX2_importin domain-containing protein  [Source:UniProtKB/TrEMBL;Acc:A0A8J2Q832],Cercopithifilaria johnstoni (PRJEB47283),protein_coding,cejohnprjeb47283
CJOHNSTONI_LOCUS5495,rna-CJOHNSTONI_LOCUS5495,277,protein_coding,ATP-grasp domain-containing protein  [Source:UniProtKB/TrEMBL;Acc:A0A8J2MNW9],Cercopithifilaria johnstoni (PRJEB47283),protein_coding,cejohnprjeb47283
CJOHNSTONI_LOCUS8885,rna-CJOHNSTONI_LOCUS8885,273,protein_coding,SH3 domain-containing protein  [Source:UniProtKB/TrEMBL;Acc:A0A8J2MCX4],Cercopithifilaria johnstoni (PRJEB47283),protein_coding,cejohnprjeb47283
CJOHNSTONI_LOCUS1145,rna-CJOHNSTONI_LOCUS1145,264,protein_coding,non-specific serine/threonine protein kinase  [Source:UniProtKB/TrEMBL;Acc:A0A8J2PQ59],Cercopithifilaria johnstoni (PRJEB47283),protein_coding,cejohnprjeb47283
CJOHNSTONI_LOCUS7591,rna-CJOHNSTONI_LOCUS7591,216,protein_coding,Cubilin  [Source:UniProtKB/TrEMBL;Acc:A0A8J2MA12],Cercopithifilaria johnstoni (PRJEB47283),protein_coding,cejohnprjeb47283
CJOHNSTONI_LOCUS2920,rna-CJOHNSTONI_LOCUS2920,213,protein_coding,Endo/exonuclease/phosphatase domain-containing protein  [Source:UniProtKB/TrEMBL;Acc:A0A8J2M0N3],Cercopithifilaria johnstoni (PRJEB47283),protein_coding,cejohnprjeb47283
CJOHNSTONI_LOCUS6787,rna-CJOHNSTONI_LOCUS6787,212,protein_coding,BTB domain-containing protein  [Source:UniProtKB/TrEMBL;Acc:A0A8J2M9W3],Cercopithifilaria johnstoni (PRJEB47283),protein_coding,cejohnprjeb47283
CJOHNSTONI_LOCUS10124,rna-CJOHNSTONI_LOCUS10124,202,protein_coding,Transmembrane protein  [Source:UniProtKB/TrEMBL;Acc:A0A8J2Q7A9],Cercopithifilaria johnstoni (PRJEB47283),protein_coding,cejohnprjeb47283
CJOHNSTONI_LOCUS2624,rna-CJOHNSTONI_LOCUS2624,213,protein_coding,Nicotinamide phosphoribosyltransferase  [Source:UniProtKB/TrEMBL;Acc:A0A8J2M2N9],Cercopithifilaria johnstoni (PRJEB47283),protein_coding,cejohnprjeb47283
CJOHNSTONI_LOCUS5356,rna-CJOHNSTONI_LOCUS5356,283,protein_coding,FIP-RBD domain-containing protein  [Source:UniProtKB/TrEMBL;Acc:A0A8J2M543],Cercopithifilaria johnstoni (PRJEB47283),protein_coding,cejohnprjeb47283
CJOHNSTONI_LOCUS2834,rna-CJOHNSTONI_LOCUS2834,203,protein_coding,Eggshell protein  [Source:UniProtKB/TrEMBL;Acc:A0A8J2M0I9],Cercopithifilaria johnstoni (PRJEB47283),protein_coding,cejohnprjeb47283
CJOHNSTONI_LOCUS1841,rna-CJOHNSTONI_LOCUS1841,201,protein_coding,Plakophilin-4  [Source:UniProtKB/TrEMBL;Acc:A0A8J2M1G4],Cercopithifilaria johnstoni (PRJEB47283),protein_coding,cejohnprjeb47283
CJOHNSTONI_LOCUS465,rna-CJOHNSTONI_LOCUS465,188,protein_coding,Ras-like GTP-binding protein Rho1  [Source:UniProtKB/TrEMBL;Acc:A0A8J2PPL6],Cercopithifilaria johnstoni (PRJEB47283),protein_coding,cejohnprjeb47283
CJOHNSTONI_LOCUS5012,rna-CJOHNSTONI_LOCUS5012,406,protein_coding,LisH domain-containing protein  [Source:UniProtKB/TrEMBL;Acc:A0A8J2Q777],Cercopithifilaria johnstoni (PRJEB47283),protein_coding,cejohnprjeb47283
CJOHNSTONI_LOCUS335,rna-CJOHNSTONI_LOCUS335,330,protein_coding,Bromo domain-containing protein  [Source:UniProtKB/TrEMBL;Acc:A0A8J2LL49],Cercopithifilaria johnstoni (PRJEB47283),protein_coding,cejohnprjeb47283
CJOHNSTONI_LOCUS7339,rna-CJOHNSTONI_LOCUS7339,363,protein_coding,ShKT domain-containing protein  [Source:UniProtKB/TrEMBL;Acc:A0A8J2MRB6],Cercopithifilaria johnstoni (PRJEB47283),protein_coding,cejohnprjeb47283
CJOHNSTONI_LOCUS4547,rna-CJOHNSTONI_LOCUS4547,204,protein_coding,Protein kinase domain-containing protein  [Source:UniProtKB/TrEMBL;Acc:A0A8J2Q3C8],Cercopithifilaria johnstoni (PRJEB47283),protein_coding,cejohnprjeb47283
CJOHNSTONI_LOCUS9761,rna-CJOHNSTONI_LOCUS9761,320,protein_coding,Vacuolar protein sorting-associated protein 11 homolog  [Source:UniProtKB/TrEMBL;Acc:A0A8J2MEH0],Cercopithifilaria johnstoni (PRJEB47283),protein_coding,cejohnprjeb47283
CJOHNSTONI_LOCUS3716,rna-CJOHNSTONI_LOCUS3716,267,protein_coding,Myosin regulatory light chain  [Source:UniProtKB/TrEMBL;Acc:A0A8J2PZ82],Cercopithifilaria johnstoni (PRJEB47283),protein_coding,cejohnprjeb47283
CJOHNSTONI_LOCUS1096,rna-CJOHNSTONI_LOCUS1096,187,protein_coding,Beta_helix domain-containing protein  [Source:UniProtKB/TrEMBL;Acc:A0A8J2Q8E8],Cercopithifilaria johnstoni (PRJEB47283),protein_coding,cejohnprjeb47283
CJOHNSTONI_LOCUS8852,rna-CJOHNSTONI_LOCUS8852,179,protein_coding,Nucleolar GTP-binding protein 2  [Source:UniProtKB/TrEMBL;Acc:A0A8J2M3M7],Cercopithifilaria johnstoni (PRJEB47283),protein_coding,cejohnprjeb47283
CJOHNSTONI_LOCUS9640,rna-CJOHNSTONI_LOCUS9640,159,protein_coding,SelT-like protein  [Source:UniProtKB/TrEMBL;Acc:A0A8J2PYC7],Cercopithifilaria johnstoni (PRJEB47283),protein_coding,cejohnprjeb47283
CJOHNSTONI_LOCUS3176,rna-CJOHNSTONI_LOCUS3176,311,protein_coding,Myb_DNA-bind_5 domain-containing protein  [Source:UniProtKB/TrEMBL;Acc:A0A8J2Q2A9],Cercopithifilaria johnstoni (PRJEB47283),protein_coding,cejohnprjeb47283
CJOHNSTONI_LOCUS2953,rna-CJOHNSTONI_LOCUS2953,177,protein_coding,Ku domain-containing protein  [Source:UniProtKB/TrEMBL;Acc:A0A8J2Q252],Cercopithifilaria johnstoni (PRJEB47283),protein_coding,cejohnprjeb47283
CJOHNSTONI_LOCUS5714,rna-CJOHNSTONI_LOCUS5714,203,protein_coding,FAD_binding_2 domain-containing protein  [Source:UniProtKB/TrEMBL;Acc:A0A8J2M5S9],Cercopithifilaria johnstoni (PRJEB47283),protein_coding,cejohnprjeb47283
CJOHNSTONI_LOCUS6363,rna-CJOHNSTONI_LOCUS6363,214,protein_coding,Activin_recp domain-containing protein  [Source:UniProtKB/TrEMBL;Acc:A0A8J2M7D8],Cercopithifilaria johnstoni (PRJEB47283),protein_coding,cejohnprjeb47283
CJOHNSTONI_LOCUS7226,rna-CJOHNSTONI_LOCUS7226,151,protein_coding,WD_REPEATS_REGION domain-containing protein  [Source:UniProtKB/TrEMBL;Acc:A0A8J2Q274],Cercopithifilaria johnstoni (PRJEB47283),protein_coding,cejohnprjeb47283
CJOHNSTONI_LOCUS6443,rna-CJOHNSTONI_LOCUS6443,144,protein_coding,DPH-type MB domain-containing protein  [Source:UniProtKB/TrEMBL;Acc:A0A8J2MQB4],Cercopithifilaria johnstoni (PRJEB47283),protein_coding,cejohnprjeb47283
CJOHNSTONI_LOCUS994,rna-CJOHNSTONI_LOCUS994,426,protein_coding,RRM domain-containing protein  [Source:UniProtKB/TrEMBL;Acc:A0A8J2PQ06],Cercopithifilaria johnstoni (PRJEB47283),protein_coding,cejohnprjeb47283
CJOHNSTONI_LOCUS2117,rna-CJOHNSTONI_LOCUS2117,311,protein_coding,Integrin_alpha2 domain-containing protein  [Source:UniProtKB/TrEMBL;Acc:A0A8J2LZ75],Cercopithifilaria johnstoni (PRJEB47283),protein_coding,cejohnprjeb47283
CJOHNSTONI_LOCUS9396,rna-CJOHNSTONI_LOCUS9396,257,protein_coding,MFS domain-containing protein  [Source:UniProtKB/TrEMBL;Acc:A0A8J2MC04],Cercopithifilaria johnstoni (PRJEB47283),protein_coding,cejohnprjeb47283
CJOHNSTONI_LOCUS8017,rna-CJOHNSTONI_LOCUS8017,242,protein_coding,Cytoplasmic FMR1-interacting protein  [Source:UniProtKB/TrEMBL;Acc:A0A8J2MB59],Cercopithifilaria johnstoni (PRJEB47283),protein_coding,cejohnprjeb47283
CJOHNSTONI_LOCUS4472,rna-CJOHNSTONI_LOCUS4472,227,protein_coding,ATP-dependent Clp protease ATP-binding subunit ClpX  [Source:UniProtKB/TrEMBL;Acc:A0A8J2M2W3],Cercopithifilaria johnstoni (PRJEB47283),protein_coding,cejohnprjeb47283
CJOHNSTONI_LOCUS1114,rna-CJOHNSTONI_LOCUS1114,782,protein_coding,Protein BIG GRAIN 1-like B  [Source:UniProtKB/TrEMBL;Acc:A0A8J2LZX1],Cercopithifilaria johnstoni (PRJEB47283),protein_coding,cejohnprjeb47283
CJOHNSTONI_LOCUS621,rna-CJOHNSTONI_LOCUS621,264,protein_coding,Protein unc-79 homolog  [Source:UniProtKB/TrEMBL;Acc:A0A8J2LLK4],Cercopithifilaria johnstoni (PRJEB47283),protein_coding,cejohnprjeb47283
CJOHNSTONI_LOCUS8505,rna-CJOHNSTONI_LOCUS8505,231,protein_coding,,Cercopithifilaria johnstoni (PRJEB47283),protein_coding,cejohnprjeb47283
CJOHNSTONI_LOCUS8785,rna-CJOHNSTONI_LOCUS8785,380,protein_coding,Histone H2A  [Source:UniProtKB/TrEMBL;Acc:A0A8J2M3I5],Cercopithifilaria johnstoni (PRJEB47283),protein_coding,cejohnprjeb47283
CJOHNSTONI_LOCUS8332,rna-CJOHNSTONI_LOCUS8332,324,protein_coding,DM domain-containing protein  [Source:UniProtKB/TrEMBL;Acc:A0A8J2M2S5],Cercopithifilaria johnstoni (PRJEB47283),protein_coding,cejohnprjeb47283
CJOHNSTONI_LOCUS5892,rna-CJOHNSTONI_LOCUS5892,218,protein_coding,Phosphotransferase  [Source:UniProtKB/TrEMBL;Acc:A0A8J2M5S3],Cercopithifilaria johnstoni (PRJEB47283),protein_coding,cejohnprjeb47283
CJOHNSTONI_LOCUS5874,rna-CJOHNSTONI_LOCUS5874,195,protein_coding,RNA polymerase I-specific transcription initiation factor RRN3  [Source:UniProtKB/TrEMBL;Acc:A0A8J2MPN6],Cercopithifilaria johnstoni (PRJEB47283),protein_coding,cejohnprjeb47283
CJOHNSTONI_LOCUS5060,rna-CJOHNSTONI_LOCUS5060,176,protein_coding,acidPPc domain-containing protein  [Source:UniProtKB/TrEMBL;Acc:A0A8J2M372],Cercopithifilaria johnstoni (PRJEB47283),protein_coding,cejohnprjeb47283
CJOHNSTONI_LOCUS10244,rna-CJOHNSTONI_LOCUS10244,204,protein_coding,Zinc finger protein-like 1 homolog  [Source:UniProtKB/TrEMBL;Acc:A0A8J2Q7D4],Cercopithifilaria johnstoni (PRJEB47283),protein_coding,cejohnprjeb47283
CJOHNSTONI_LOCUS4056,rna-CJOHNSTONI_LOCUS4056,1274,protein_coding,Protein kinase domain-containing protein  [Source:UniProtKB/TrEMBL;Acc:A0A8J2MM53],Cercopithifilaria johnstoni (PRJEB47283),protein_coding,cejohnprjeb47283
CJOHNSTONI_LOCUS7798,rna-CJOHNSTONI_LOCUS7798,168,protein_coding,Galectin  [Source:UniProtKB/TrEMBL;Acc:A0A8J2M2K2],Cercopithifilaria johnstoni (PRJEB47283),protein_coding,cejohnprjeb47283
CJOHNSTONI_LOCUS5208,rna-CJOHNSTONI_LOCUS5208,425,protein_coding,P6.9  [Source:UniProtKB/TrEMBL;Acc:A0A8J2M3G5],Cercopithifilaria johnstoni (PRJEB47283),protein_coding,cejohnprjeb47283
CJOHNSTONI_LOCUS2897,rna-CJOHNSTONI_LOCUS2897,212,protein_coding,Beta-lactamase domain-containing protein  [Source:UniProtKB/TrEMBL;Acc:A0A8J2PRP6],Cercopithifilaria johnstoni (PRJEB47283),protein_coding,cejohnprjeb47283
CJOHNSTONI_LOCUS9715,rna-CJOHNSTONI_LOCUS9715,144,protein_coding,DUF632 domain-containing protein  [Source:UniProtKB/TrEMBL;Acc:A0A8J2MUF4],Cercopithifilaria johnstoni (PRJEB47283),protein_coding,cejohnprjeb47283
CJOHNSTONI_LOCUS2144,rna-CJOHNSTONI_LOCUS2144,129,protein_coding,,Cercopithifilaria johnstoni (PRJEB47283),protein_coding,cejohnprjeb47283
CJOHNSTONI_LOCUS916,rna-CJOHNSTONI_LOCUS916,321,protein_coding,Collagen triple helix repeat protein  [Source:UniProtKB/TrEMBL;Acc:A0A8J2LZJ8],Cercopithifilaria johnstoni (PRJEB47283),protein_coding,cejohnprjeb47283
CJOHNSTONI_LOCUS10527,rna-CJOHNSTONI_LOCUS10527,186,protein_coding,Fam20C domain-containing protein  [Source:UniProtKB/TrEMBL;Acc:A0A8J2M6C7],Cercopithifilaria johnstoni (PRJEB47283),protein_coding,cejohnprjeb47283
CJOHNSTONI_LOCUS5249,rna-CJOHNSTONI_LOCUS5249,378,protein_coding,Na_H_Exchanger domain-containing protein  [Source:UniProtKB/TrEMBL;Acc:A0A8J2LXQ8],Cercopithifilaria johnstoni (PRJEB47283),protein_coding,cejohnprjeb47283
CJOHNSTONI_LOCUS8783,rna-CJOHNSTONI_LOCUS8783,332,protein_coding,Cystatin domain-containing protein  [Source:UniProtKB/TrEMBL;Acc:A0A8J2Q3F8],Cercopithifilaria johnstoni (PRJEB47283),protein_coding,cejohnprjeb47283
CJOHNSTONI_LOCUS5524,rna-CJOHNSTONI_LOCUS5524,140,protein_coding,Ty3-gypsy retrotransposon protein  [Source:UniProtKB/TrEMBL;Acc:A0A8J2M518],Cercopithifilaria johnstoni (PRJEB47283),protein_coding,cejohnprjeb47283
CJOHNSTONI_LOCUS5730,rna-CJOHNSTONI_LOCUS5730,572,protein_coding,G_PROTEIN_RECEP_F3_4 domain-containing protein  [Source:UniProtKB/TrEMBL;Acc:A0A8J2Q7L5],Cercopithifilaria johnstoni (PRJEB47283),protein_coding,cejohnprjeb47283
CJOHNSTONI_LOCUS2591,rna-CJOHNSTONI_LOCUS2591,197,protein_coding,Ubiquitin carboxyl-terminal hydrolase  [Source:UniProtKB/TrEMBL;Acc:A0A8J2M018],Cercopithifilaria johnstoni (PRJEB47283),protein_coding,cejohnprjeb47283
CJOHNSTONI_LOCUS7323,rna-CJOHNSTONI_LOCUS7323,206,protein_coding,,Cercopithifilaria johnstoni (PRJEB47283),protein_coding,cejohnprjeb47283
CJOHNSTONI_LOCUS1202,rna-CJOHNSTONI_LOCUS1202,212,protein_coding,Wsv008  [Source:UniProtKB/TrEMBL;Acc:A0A8J2LXI0],Cercopithifilaria johnstoni (PRJEB47283),protein_coding,cejohnprjeb47283
CJOHNSTONI_LOCUS7019,rna-CJOHNSTONI_LOCUS7019,152,protein_coding,Battenin  [Source:UniProtKB/TrEMBL;Acc:A0A8J2M8X4],Cercopithifilaria johnstoni (PRJEB47283),protein_coding,cejohnprjeb47283
CJOHNSTONI_LOCUS6890,rna-CJOHNSTONI_LOCUS6890,225,protein_coding,L-type lectin-like domain-containing protein  [Source:UniProtKB/TrEMBL;Acc:A0A8J2Q5H9],Cercopithifilaria johnstoni (PRJEB47283),protein_coding,cejohnprjeb47283
CJOHNSTONI_LOCUS10020,rna-CJOHNSTONI_LOCUS10020,279,protein_coding,Col_cuticle_N domain-containing protein  [Source:UniProtKB/TrEMBL;Acc:A0A8J2MGM8],Cercopithifilaria johnstoni (PRJEB47283),protein_coding,cejohnprjeb47283
CJOHNSTONI_LOCUS10157,rna-CJOHNSTONI_LOCUS10157,233,protein_coding,Ovule protein  [Source:UniProtKB/TrEMBL;Acc:A0A8J2MGW5],Cercopithifilaria johnstoni (PRJEB47283),protein_coding,cejohnprjeb47283
CJOHNSTONI_LOCUS7326,rna-CJOHNSTONI_LOCUS7326,248,protein_coding,Bromo domain-containing protein  [Source:UniProtKB/TrEMBL;Acc:A0A8J2MRG9],Cercopithifilaria johnstoni (PRJEB47283),protein_coding,cejohnprjeb47283
CJOHNSTONI_LOCUS4348,rna-CJOHNSTONI_LOCUS4348,167,protein_coding,SWIM-type domain-containing protein  [Source:UniProtKB/TrEMBL;Acc:A0A8J2M2X3],Cercopithifilaria johnstoni (PRJEB47283),protein_coding,cejohnprjeb47283
CJOHNSTONI_LOCUS8613,rna-CJOHNSTONI_LOCUS8613,284,protein_coding,Major sperm protein  [Source:UniProtKB/TrEMBL;Acc:A0A8J2M383],Cercopithifilaria johnstoni (PRJEB47283),protein_coding,cejohnprjeb47283
CJOHNSTONI_LOCUS6147,rna-CJOHNSTONI_LOCUS6147,415,protein_coding,Rap-GAP domain-containing protein  [Source:UniProtKB/TrEMBL;Acc:A0A8J2M568],Cercopithifilaria johnstoni (PRJEB47283),protein_coding,cejohnprjeb47283
CJOHNSTONI_LOCUS9580,rna-CJOHNSTONI_LOCUS9580,593,protein_coding,HSF_DOMAIN domain-containing protein  [Source:UniProtKB/TrEMBL;Acc:A0A8J2MFY7],Cercopithifilaria johnstoni (PRJEB47283),protein_coding,cejohnprjeb47283
CJOHNSTONI_LOCUS7228,rna-CJOHNSTONI_LOCUS7228,782,protein_coding,Protein kinase domain-containing protein  [Source:UniProtKB/TrEMBL;Acc:A0A8J2M107],Cercopithifilaria johnstoni (PRJEB47283),protein_coding,cejohnprjeb47283
CJOHNSTONI_LOCUS4632,rna-CJOHNSTONI_LOCUS4632,282,protein_coding,E3 ubiquitin-protein ligase  [Source:UniProtKB/TrEMBL;Acc:A0A8J2M5V6],Cercopithifilaria johnstoni (PRJEB47283),protein_coding,cejohnprjeb47283
CJOHNSTONI_LOCUS6247,rna-CJOHNSTONI_LOCUS6247,247,protein_coding,LNS2 domain-containing protein  [Source:UniProtKB/TrEMBL;Acc:A0A8J2M6E8],Cercopithifilaria johnstoni (PRJEB47283),protein_coding,cejohnprjeb47283
CJOHNSTONI_LOCUS9767,rna-CJOHNSTONI_LOCUS9767,224,protein_coding,ABC1 domain-containing protein  [Source:UniProtKB/TrEMBL;Acc:A0A8J2Q454],Cercopithifilaria johnstoni (PRJEB47283),protein_coding,cejohnprjeb47283
CJOHNSTONI_LOCUS9792,rna-CJOHNSTONI_LOCUS9792,216,protein_coding,ORC4_C domain-containing protein  [Source:UniProtKB/TrEMBL;Acc:A0A8J2Q9B8],Cercopithifilaria johnstoni (PRJEB47283),protein_coding,cejohnprjeb47283
CJOHNSTONI_LOCUS2845,rna-CJOHNSTONI_LOCUS2845,209,protein_coding,nicotinamide-nucleotide adenylyltransferase  [Source:UniProtKB/TrEMBL;Acc:A0A8J2MKU7],Cercopithifilaria johnstoni (PRJEB47283),protein_coding,cejohnprjeb47283
CJOHNSTONI_LOCUS9875,rna-CJOHNSTONI_LOCUS9875,203,protein_coding,Aminopeptidase  [Source:UniProtKB/TrEMBL;Acc:A0A8J2Q9D1],Cercopithifilaria johnstoni (PRJEB47283),protein_coding,cejohnprjeb47283
CJOHNSTONI_LOCUS2172,rna-CJOHNSTONI_LOCUS2172,202,protein_coding,FYVE-type domain-containing protein  [Source:UniProtKB/TrEMBL;Acc:A0A8J2LXH8],Cercopithifilaria johnstoni (PRJEB47283),protein_coding,cejohnprjeb47283
CJOHNSTONI_LOCUS146,rna-CJOHNSTONI_LOCUS146,199,protein_coding,Bestrophin homolog  [Source:UniProtKB/TrEMBL;Acc:A0A8J2Q2Y6],Cercopithifilaria johnstoni (PRJEB47283),protein_coding,cejohnprjeb47283
CJOHNSTONI_LOCUS266,rna-CJOHNSTONI_LOCUS266,167,protein_coding,C2H2-type domain-containing protein  [Source:UniProtKB/TrEMBL;Acc:A0A8J2LTK3],Cercopithifilaria johnstoni (PRJEB47283),protein_coding,cejohnprjeb47283
CJOHNSTONI_LOCUS7680,rna-CJOHNSTONI_LOCUS7680,158,protein_coding,,Cercopithifilaria johnstoni (PRJEB47283),protein_coding,cejohnprjeb47283
CJOHNSTONI_LOCUS9395,rna-CJOHNSTONI_LOCUS9395,320,protein_coding,Hexosyltransferase  [Source:UniProtKB/TrEMBL;Acc:A0A8J2M5P2],Cercopithifilaria johnstoni (PRJEB47283),protein_coding,cejohnprjeb47283
CJOHNSTONI_LOCUS157,rna-CJOHNSTONI_LOCUS157,204,protein_coding,DNA repair and recombination protein RAD54-like  [Source:UniProtKB/TrEMBL;Acc:A0A8J2LVC0],Cercopithifilaria johnstoni (PRJEB47283),protein_coding,cejohnprjeb47283
CJOHNSTONI_LOCUS8619,rna-CJOHNSTONI_LOCUS8619,334,protein_coding,MIF4G domain-containing protein  [Source:UniProtKB/TrEMBL;Acc:A0A8J2MBU8],Cercopithifilaria johnstoni (PRJEB47283),protein_coding,cejohnprjeb47283
CJOHNSTONI_LOCUS4540,rna-CJOHNSTONI_LOCUS4540,267,protein_coding,SUI1 domain-containing protein  [Source:UniProtKB/TrEMBL;Acc:A0A8J2MN45],Cercopithifilaria johnstoni (PRJEB47283),protein_coding,cejohnprjeb47283
CJOHNSTONI_LOCUS4365,rna-CJOHNSTONI_LOCUS4365,230,protein_coding,Kinase  [Source:UniProtKB/TrEMBL;Acc:A0A8J2PZU3],Cercopithifilaria johnstoni (PRJEB47283),protein_coding,cejohnprjeb47283
CJOHNSTONI_LOCUS2935,rna-CJOHNSTONI_LOCUS2935,320,protein_coding,WD_REPEATS_REGION domain-containing protein  [Source:UniProtKB/TrEMBL;Acc:A0A8J2M0A1],Cercopithifilaria johnstoni (PRJEB47283),protein_coding,cejohnprjeb47283
CJOHNSTONI_LOCUS4797,rna-CJOHNSTONI_LOCUS4797,191,protein_coding,Peptidase_M3 domain-containing protein  [Source:UniProtKB/TrEMBL;Acc:A0A8J2PTA4],Cercopithifilaria johnstoni (PRJEB47283),protein_coding,cejohnprjeb47283
CJOHNSTONI_LOCUS5273,rna-CJOHNSTONI_LOCUS5273,140,protein_coding,Ovule protein  [Source:UniProtKB/TrEMBL;Acc:A0A8J2LVG9],Cercopithifilaria johnstoni (PRJEB47283),protein_coding,cejohnprjeb47283
CJOHNSTONI_LOCUS2860,rna-CJOHNSTONI_LOCUS2860,186,protein_coding,Arrestin_C domain-containing protein  [Source:UniProtKB/TrEMBL;Acc:A0A8J2MKV4],Cercopithifilaria johnstoni (PRJEB47283),protein_coding,cejohnprjeb47283
CJOHNSTONI_LOCUS7762,rna-CJOHNSTONI_LOCUS7762,158,protein_coding,,Cercopithifilaria johnstoni (PRJEB47283),protein_coding,cejohnprjeb47283
CJOHNSTONI_LOCUS1117,rna-CJOHNSTONI_LOCUS1117,116,protein_coding,Secreted protein  [Source:UniProtKB/TrEMBL;Acc:A0A8J2LWS0],Cercopithifilaria johnstoni (PRJEB47283),protein_coding,cejohnprjeb47283
CJOHNSTONI_LOCUS806,rna-CJOHNSTONI_LOCUS806,233,protein_coding,Leguminosin group486 secreted peptide  [Source:UniProtKB/TrEMBL;Acc:A0A8J2LLV6],Cercopithifilaria johnstoni (PRJEB47283),protein_coding,cejohnprjeb47283
CJOHNSTONI_LOCUS10023,rna-CJOHNSTONI_LOCUS10023,272,protein_coding,SSD domain-containing protein  [Source:UniProtKB/TrEMBL;Acc:A0A8J2MFL3],Cercopithifilaria johnstoni (PRJEB47283),protein_coding,cejohnprjeb47283
CJOHNSTONI_LOCUS2462,rna-CJOHNSTONI_LOCUS2462,111,protein_coding,CSN8_PSD8_EIF3K domain-containing protein  [Source:UniProtKB/TrEMBL;Acc:A0A8J2LZV8],Cercopithifilaria johnstoni (PRJEB47283),protein_coding,cejohnprjeb47283
CJOHNSTONI_LOCUS10290,rna-CJOHNSTONI_LOCUS10290,166,protein_coding,,Cercopithifilaria johnstoni (PRJEB47283),protein_coding,cejohnprjeb47283
CJOHNSTONI_LOCUS6689,rna-CJOHNSTONI_LOCUS6689,170,protein_coding,Lysozyme  [Source:UniProtKB/TrEMBL;Acc:A0A8J2MQM0],Cercopithifilaria johnstoni (PRJEB47283),protein_coding,cejohnprjeb47283
CJOHNSTONI_LOCUS819,rna-CJOHNSTONI_LOCUS819,146,protein_coding,,Cercopithifilaria johnstoni (PRJEB47283),protein_coding,cejohnprjeb47283
CJOHNSTONI_LOCUS8385,rna-CJOHNSTONI_LOCUS8385,318,protein_coding,ANK_REP_REGION domain-containing protein  [Source:UniProtKB/TrEMBL;Acc:A0A8J2M3K9],Cercopithifilaria johnstoni (PRJEB47283),protein_coding,cejohnprjeb47283
CJOHNSTONI_LOCUS8992,rna-CJOHNSTONI_LOCUS8992,271,protein_coding,Lactamase_B domain-containing protein  [Source:UniProtKB/TrEMBL;Acc:A0A8J2QB09],Cercopithifilaria johnstoni (PRJEB47283),protein_coding,cejohnprjeb47283
CJOHNSTONI_LOCUS1082,rna-CJOHNSTONI_LOCUS1082,725,protein_coding,Collagen IV NC1 domain-containing protein  [Source:UniProtKB/TrEMBL;Acc:A0A8J2LPH6],Cercopithifilaria johnstoni (PRJEB47283),protein_coding,cejohnprjeb47283
CJOHNSTONI_LOCUS9441,rna-CJOHNSTONI_LOCUS9441,271,protein_coding,"Indoleamine 2,3-dioxygenase  [Source:UniProtKB/TrEMBL;Acc:A0A8J2MFQ1]",Cercopithifilaria johnstoni (PRJEB47283),protein_coding,cejohnprjeb47283
CJOHNSTONI_LOCUS5268,rna-CJOHNSTONI_LOCUS5268,205,protein_coding,DNA polymerase alpha subunit B  [Source:UniProtKB/TrEMBL;Acc:A0A8J2M4X5],Cercopithifilaria johnstoni (PRJEB47283),protein_coding,cejohnprjeb47283
CJOHNSTONI_LOCUS4531,rna-CJOHNSTONI_LOCUS4531,215,protein_coding,PUM-HD domain-containing protein  [Source:UniProtKB/TrEMBL;Acc:A0A8J2M3J2],Cercopithifilaria johnstoni (PRJEB47283),protein_coding,cejohnprjeb47283
CJOHNSTONI_LOCUS5093,rna-CJOHNSTONI_LOCUS5093,124,protein_coding,,Cercopithifilaria johnstoni (PRJEB47283),protein_coding,cejohnprjeb47283
CJOHNSTONI_LOCUS10436,rna-CJOHNSTONI_LOCUS10436,228,protein_coding,Protein-tyrosine phosphatase  [Source:UniProtKB/TrEMBL;Acc:A0A8J2MGE4],Cercopithifilaria johnstoni (PRJEB47283),protein_coding,cejohnprjeb47283
CJOHNSTONI_LOCUS8168,rna-CJOHNSTONI_LOCUS8168,203,protein_coding,BSD domain-containing protein  [Source:UniProtKB/TrEMBL;Acc:A0A8J2MD05],Cercopithifilaria johnstoni (PRJEB47283),protein_coding,cejohnprjeb47283
CJOHNSTONI_LOCUS4149,rna-CJOHNSTONI_LOCUS4149,310,protein_coding,phosphoinositide 5-phosphatase  [Source:UniProtKB/TrEMBL;Acc:A0A8J2Q323],Cercopithifilaria johnstoni (PRJEB47283),protein_coding,cejohnprjeb47283
CJOHNSTONI_LOCUS7004,rna-CJOHNSTONI_LOCUS7004,243,protein_coding,,Cercopithifilaria johnstoni (PRJEB47283),protein_coding,cejohnprjeb47283
CJOHNSTONI_LOCUS3138,rna-CJOHNSTONI_LOCUS3138,241,protein_coding,60S ribosomal protein L21  [Source:UniProtKB/TrEMBL;Acc:A0A8J2ML47],Cercopithifilaria johnstoni (PRJEB47283),protein_coding,cejohnprjeb47283
CJOHNSTONI_LOCUS5698,rna-CJOHNSTONI_LOCUS5698,233,protein_coding,MTS domain-containing protein  [Source:UniProtKB/TrEMBL;Acc:A0A8J2M5H4],Cercopithifilaria johnstoni (PRJEB47283),protein_coding,cejohnprjeb47283
CJOHNSTONI_LOCUS7255,rna-CJOHNSTONI_LOCUS7255,203,protein_coding,TYR_PHOSPHATASE_2 domain-containing protein  [Source:UniProtKB/TrEMBL;Acc:A0A8J2M7L4],Cercopithifilaria johnstoni (PRJEB47283),protein_coding,cejohnprjeb47283
CJOHNSTONI_LOCUS6625,rna-CJOHNSTONI_LOCUS6625,253,protein_coding,Secreted protein  [Source:UniProtKB/TrEMBL;Acc:A0A8J2MQJ1],Cercopithifilaria johnstoni (PRJEB47283),protein_coding,cejohnprjeb47283
CJOHNSTONI_LOCUS8318,rna-CJOHNSTONI_LOCUS8318,176,protein_coding,ATG16 domain-containing protein  [Source:UniProtKB/TrEMBL;Acc:A0A8J2M3G7],Cercopithifilaria johnstoni (PRJEB47283),protein_coding,cejohnprjeb47283
CJOHNSTONI_LOCUS8784,rna-CJOHNSTONI_LOCUS8784,220,protein_coding,Histone H2B  [Source:UniProtKB/TrEMBL;Acc:A0A8J2QAZ4],Cercopithifilaria johnstoni (PRJEB47283),protein_coding,cejohnprjeb47283
CJOHNSTONI_LOCUS5200,rna-CJOHNSTONI_LOCUS5200,160,protein_coding,,Cercopithifilaria johnstoni (PRJEB47283),protein_coding,cejohnprjeb47283
CJOHNSTONI_LOCUS10154,rna-CJOHNSTONI_LOCUS10154,533,protein_coding,FLYWCH-type domain-containing protein  [Source:UniProtKB/TrEMBL;Acc:A0A8J2Q4G7],Cercopithifilaria johnstoni (PRJEB47283),protein_coding,cejohnprjeb47283
CJOHNSTONI_LOCUS5107,rna-CJOHNSTONI_LOCUS5107,220,protein_coding,Arf-GAP domain-containing protein  [Source:UniProtKB/TrEMBL;Acc:A0A8J2M464],Cercopithifilaria johnstoni (PRJEB47283),protein_coding,cejohnprjeb47283
CJOHNSTONI_LOCUS3023,rna-CJOHNSTONI_LOCUS3023,659,protein_coding,Serine/arginine repetitive matrix protein 2  [Source:UniProtKB/TrEMBL;Acc:A0A8J2Q271],Cercopithifilaria johnstoni (PRJEB47283),protein_coding,cejohnprjeb47283
CJOHNSTONI_LOCUS8468,rna-CJOHNSTONI_LOCUS8468,169,protein_coding,Innexin  [Source:UniProtKB/TrEMBL;Acc:A0A8J2MT47],Cercopithifilaria johnstoni (PRJEB47283),protein_coding,cejohnprjeb47283
CJOHNSTONI_LOCUS3315,rna-CJOHNSTONI_LOCUS3315,121,protein_coding,,Cercopithifilaria johnstoni (PRJEB47283),protein_coding,cejohnprjeb47283
CJOHNSTONI_LOCUS7003,rna-CJOHNSTONI_LOCUS7003,184,protein_coding,Bestrophin homolog  [Source:UniProtKB/TrEMBL;Acc:A0A8J2MQY7],Cercopithifilaria johnstoni (PRJEB47283),protein_coding,cejohnprjeb47283
CJOHNSTONI_LOCUS8428,rna-CJOHNSTONI_LOCUS8428,785,protein_coding,Gastrula zinc finger protein XlCGF7.1-like  [Source:UniProtKB/TrEMBL;Acc:A0A8J2MC32],Cercopithifilaria johnstoni (PRJEB47283),protein_coding,cejohnprjeb47283
CJOHNSTONI_LOCUS5901,rna-CJOHNSTONI_LOCUS5901,167,protein_coding,7TM_GPCR_Srx domain-containing protein  [Source:UniProtKB/TrEMBL;Acc:A0A8J2MPN1],Cercopithifilaria johnstoni (PRJEB47283),protein_coding,cejohnprjeb47283
CJOHNSTONI_LOCUS9422,rna-CJOHNSTONI_LOCUS9422,199,protein_coding,Serpentine receptor class gamma  [Source:UniProtKB/TrEMBL;Acc:A0A8J2QB40],Cercopithifilaria johnstoni (PRJEB47283),protein_coding,cejohnprjeb47283
CJOHNSTONI_LOCUS9779,rna-CJOHNSTONI_LOCUS9779,473,protein_coding,C-CAP/cofactor C-like domain-containing protein  [Source:UniProtKB/TrEMBL;Acc:A0A8J2PYH7],Cercopithifilaria johnstoni (PRJEB47283),protein_coding,cejohnprjeb47283
CJOHNSTONI_LOCUS6441,rna-CJOHNSTONI_LOCUS6441,250,protein_coding,EGF-like domain-containing protein  [Source:UniProtKB/TrEMBL;Acc:A0A8J2M044],Cercopithifilaria johnstoni (PRJEB47283),protein_coding,cejohnprjeb47283
CJOHNSTONI_LOCUS2523,rna-CJOHNSTONI_LOCUS2523,176,protein_coding,Immunoglobulin I-set domain protein  [Source:UniProtKB/TrEMBL;Acc:A0A8J2Q962],Cercopithifilaria johnstoni (PRJEB47283),protein_coding,cejohnprjeb47283
CJOHNSTONI_LOCUS1974,rna-CJOHNSTONI_LOCUS1974,200,protein_coding,Protein-tyrosine phosphatase  [Source:UniProtKB/TrEMBL;Acc:A0A8J2MKD7],Cercopithifilaria johnstoni (PRJEB47283),protein_coding,cejohnprjeb47283
CJOHNSTONI_LOCUS4876,rna-CJOHNSTONI_LOCUS4876,218,protein_coding,Complex I-49kD  [Source:UniProtKB/TrEMBL;Acc:A0A8J2M448],Cercopithifilaria johnstoni (PRJEB47283),protein_coding,cejohnprjeb47283
CJOHNSTONI_LOCUS7849,rna-CJOHNSTONI_LOCUS7849,821,protein_coding,Zinc finger protein  [Source:UniProtKB/TrEMBL;Acc:A0A8J2PWR9],Cercopithifilaria johnstoni (PRJEB47283),protein_coding,cejohnprjeb47283
CJOHNSTONI_LOCUS4094,rna-CJOHNSTONI_LOCUS4094,178,protein_coding,Vesicle transport protein GOT1B  [Source:UniProtKB/TrEMBL;Acc:A0A8J2Q9T6],Cercopithifilaria johnstoni (PRJEB47283),protein_coding,cejohnprjeb47283
CJOHNSTONI_LOCUS7742,rna-CJOHNSTONI_LOCUS7742,247,protein_coding,DNA ligase (ATP)  [Source:UniProtKB/TrEMBL;Acc:A0A8J2MAI7],Cercopithifilaria johnstoni (PRJEB47283),protein_coding,cejohnprjeb47283
CJOHNSTONI_LOCUS6453,rna-CJOHNSTONI_LOCUS6453,221,protein_coding,Neuronal membrane glycoprotein M6-b  [Source:UniProtKB/TrEMBL;Acc:A0A8J2Q1L9],Cercopithifilaria johnstoni (PRJEB47283),protein_coding,cejohnprjeb47283
CJOHNSTONI_LOCUS3498,rna-CJOHNSTONI_LOCUS3498,662,protein_coding,RRM domain-containing protein  [Source:UniProtKB/TrEMBL;Acc:A0A8J2LR94],Cercopithifilaria johnstoni (PRJEB47283),protein_coding,cejohnprjeb47283
CJOHNSTONI_LOCUS4291,rna-CJOHNSTONI_LOCUS4291,294,protein_coding,G_PROTEIN_RECEP_F1_2 domain-containing protein  [Source:UniProtKB/TrEMBL;Acc:A0A8J2M1C9],Cercopithifilaria johnstoni (PRJEB47283),protein_coding,cejohnprjeb47283
CJOHNSTONI_LOCUS3405,rna-CJOHNSTONI_LOCUS3405,236,protein_coding,Protein AAR2 homolog  [Source:UniProtKB/TrEMBL;Acc:A0A8J2MLW4],Cercopithifilaria johnstoni (PRJEB47283),protein_coding,cejohnprjeb47283
CJOHNSTONI_LOCUS3659,rna-CJOHNSTONI_LOCUS3659,227,protein_coding,RRM domain-containing protein  [Source:UniProtKB/TrEMBL;Acc:A0A8J2M1X6],Cercopithifilaria johnstoni (PRJEB47283),protein_coding,cejohnprjeb47283
CJOHNSTONI_LOCUS10038,rna-CJOHNSTONI_LOCUS10038,227,protein_coding,Annexin  [Source:UniProtKB/TrEMBL;Acc:A0A8J2Q9F5],Cercopithifilaria johnstoni (PRJEB47283),protein_coding,cejohnprjeb47283
CJOHNSTONI_LOCUS831,rna-CJOHNSTONI_LOCUS831,226,protein_coding,Zinc finger C2HC domain-containing protein 1A  [Source:UniProtKB/TrEMBL;Acc:A0A8J2Q3G3],Cercopithifilaria johnstoni (PRJEB47283),protein_coding,cejohnprjeb47283
CJOHNSTONI_LOCUS4711,rna-CJOHNSTONI_LOCUS4711,450,protein_coding,non-specific serine/threonine protein kinase  [Source:UniProtKB/TrEMBL;Acc:A0A8J2M3Y1],Cercopithifilaria johnstoni (PRJEB47283),protein_coding,cejohnprjeb47283
CJOHNSTONI_LOCUS7077,rna-CJOHNSTONI_LOCUS7077,222,protein_coding,Ras-related protein Rac1  [Source:UniProtKB/TrEMBL;Acc:A0A8J2M7R6],Cercopithifilaria johnstoni (PRJEB47283),protein_coding,cejohnprjeb47283
CJOHNSTONI_LOCUS2960,rna-CJOHNSTONI_LOCUS2960,1105,protein_coding,,Cercopithifilaria johnstoni (PRJEB47283),protein_coding,cejohnprjeb47283
CJOHNSTONI_LOCUS5711,rna-CJOHNSTONI_LOCUS5711,218,protein_coding,,Cercopithifilaria johnstoni (PRJEB47283),protein_coding,cejohnprjeb47283
CJOHNSTONI_LOCUS9060,rna-CJOHNSTONI_LOCUS9060,284,protein_coding,,Cercopithifilaria johnstoni (PRJEB47283),protein_coding,cejohnprjeb47283
CJOHNSTONI_LOCUS10460,rna-CJOHNSTONI_LOCUS10460,252,protein_coding,Kinesin motor domain-containing protein  [Source:UniProtKB/TrEMBL;Acc:A0A8J2MFV6],Cercopithifilaria johnstoni (PRJEB47283),protein_coding,cejohnprjeb47283
CJOHNSTONI_LOCUS1012,rna-CJOHNSTONI_LOCUS1012,205,protein_coding,,Cercopithifilaria johnstoni (PRJEB47283),protein_coding,cejohnprjeb47283
CJOHNSTONI_LOCUS1436,rna-CJOHNSTONI_LOCUS1436,191,protein_coding,Aldedh domain-containing protein  [Source:UniProtKB/TrEMBL;Acc:A0A8J2MJS2],Cercopithifilaria johnstoni (PRJEB47283),protein_coding,cejohnprjeb47283
CJOHNSTONI_LOCUS1909,rna-CJOHNSTONI_LOCUS1909,210,protein_coding,FGGY_N domain-containing protein  [Source:UniProtKB/TrEMBL;Acc:A0A8J2M1K2],Cercopithifilaria johnstoni (PRJEB47283),protein_coding,cejohnprjeb47283
CJOHNSTONI_LOCUS518,rna-CJOHNSTONI_LOCUS518,164,protein_coding,,Cercopithifilaria johnstoni (PRJEB47283),protein_coding,cejohnprjeb47283
CJOHNSTONI_LOCUS9275,rna-CJOHNSTONI_LOCUS9275,185,protein_coding,Brix domain-containing protein  [Source:UniProtKB/TrEMBL;Acc:A0A8J2MDZ2],Cercopithifilaria johnstoni (PRJEB47283),protein_coding,cejohnprjeb47283
CJOHNSTONI_LOCUS2951,rna-CJOHNSTONI_LOCUS2951,160,protein_coding,Golgi SNAP receptor complex member 1  [Source:UniProtKB/TrEMBL;Acc:A0A8J2Q562],Cercopithifilaria johnstoni (PRJEB47283),protein_coding,cejohnprjeb47283
CJOHNSTONI_LOCUS8172,rna-CJOHNSTONI_LOCUS8172,132,protein_coding,TLC domain-containing protein  [Source:UniProtKB/TrEMBL;Acc:A0A8J2M9W9],Cercopithifilaria johnstoni (PRJEB47283),protein_coding,cejohnprjeb47283
CJOHNSTONI_LOCUS9199,rna-CJOHNSTONI_LOCUS9199,196,protein_coding,,Cercopithifilaria johnstoni (PRJEB47283),protein_coding,cejohnprjeb47283
CJOHNSTONI_LOCUS3469,rna-CJOHNSTONI_LOCUS3469,155,protein_coding,,Cercopithifilaria johnstoni (PRJEB47283),protein_coding,cejohnprjeb47283
CJOHNSTONI_LOCUS4133,rna-CJOHNSTONI_LOCUS4133,188,protein_coding,"NADH dehydrogenase [ubiquinone] iron-sulfur protein 3, mitochondrial  [Source:UniProtKB/TrEMBL;Acc:A0A8J2Q6L2]",Cercopithifilaria johnstoni (PRJEB47283),protein_coding,cejohnprjeb47283
CJOHNSTONI_LOCUS8392,rna-CJOHNSTONI_LOCUS8392,145,protein_coding,,Cercopithifilaria johnstoni (PRJEB47283),protein_coding,cejohnprjeb47283
CJOHNSTONI_LOCUS2736,rna-CJOHNSTONI_LOCUS2736,217,protein_coding,Ubiquitin-like domain-containing protein  [Source:UniProtKB/TrEMBL;Acc:A0A8J2M0E5],Cercopithifilaria johnstoni (PRJEB47283),protein_coding,cejohnprjeb47283
CJOHNSTONI_LOCUS6528,rna-CJOHNSTONI_LOCUS6528,208,protein_coding,PCI domain-containing protein  [Source:UniProtKB/TrEMBL;Acc:A0A8J2MQE9],Cercopithifilaria johnstoni (PRJEB47283),protein_coding,cejohnprjeb47283
CJOHNSTONI_LOCUS9233,rna-CJOHNSTONI_LOCUS9233,173,protein_coding,PDZ domain-containing protein  [Source:UniProtKB/TrEMBL;Acc:A0A8J2MBU2],Cercopithifilaria johnstoni (PRJEB47283),protein_coding,cejohnprjeb47283
CJOHNSTONI_LOCUS713,rna-CJOHNSTONI_LOCUS713,245,protein_coding,,Cercopithifilaria johnstoni (PRJEB47283),protein_coding,cejohnprjeb47283
CJOHNSTONI_LOCUS1294,rna-CJOHNSTONI_LOCUS1294,314,protein_coding,,Cercopithifilaria johnstoni (PRJEB47283),protein_coding,cejohnprjeb47283
CJOHNSTONI_LOCUS8718,rna-CJOHNSTONI_LOCUS8718,206,protein_coding,PAP2_C domain-containing protein  [Source:UniProtKB/TrEMBL;Acc:A0A8J2M3E3],Cercopithifilaria johnstoni (PRJEB47283),protein_coding,cejohnprjeb47283
CJOHNSTONI_LOCUS9265,rna-CJOHNSTONI_LOCUS9265,392,protein_coding,Transmembrane protein  [Source:UniProtKB/TrEMBL;Acc:A0A8J2Q3R7],Cercopithifilaria johnstoni (PRJEB47283),protein_coding,cejohnprjeb47283
CJOHNSTONI_LOCUS6905,rna-CJOHNSTONI_LOCUS6905,239,protein_coding,N-acetylated-alpha-linked acidic dipeptidase 2  [Source:UniProtKB/TrEMBL;Acc:A0A8J2Q1W8],Cercopithifilaria johnstoni (PRJEB47283),protein_coding,cejohnprjeb47283
CJOHNSTONI_LOCUS2529,rna-CJOHNSTONI_LOCUS2529,161,protein_coding,Peptidyl-prolyl cis-trans isomerase  [Source:UniProtKB/TrEMBL;Acc:A0A8J2M2J2],Cercopithifilaria johnstoni (PRJEB47283),protein_coding,cejohnprjeb47283
CJOHNSTONI_LOCUS219,rna-CJOHNSTONI_LOCUS219,255,protein_coding,Uridine kinase  [Source:UniProtKB/TrEMBL;Acc:A0A8J2PVC9],Cercopithifilaria johnstoni (PRJEB47283),protein_coding,cejohnprjeb47283
CJOHNSTONI_LOCUS10571,rna-CJOHNSTONI_LOCUS10571,235,protein_coding,RUN domain-containing protein  [Source:UniProtKB/TrEMBL;Acc:A0A8J2MGQ0],Cercopithifilaria johnstoni (PRJEB47283),protein_coding,cejohnprjeb47283
CJOHNSTONI_LOCUS598,rna-CJOHNSTONI_LOCUS598,225,protein_coding,TIR domain-containing protein  [Source:UniProtKB/TrEMBL;Acc:A0A8J2MID0],Cercopithifilaria johnstoni (PRJEB47283),protein_coding,cejohnprjeb47283
CJOHNSTONI_LOCUS1046,rna-CJOHNSTONI_LOCUS1046,491,protein_coding,Protein transport protein Sec24B  [Source:UniProtKB/TrEMBL;Acc:A0A8J2LV55],Cercopithifilaria johnstoni (PRJEB47283),protein_coding,cejohnprjeb47283
CJOHNSTONI_LOCUS8334,rna-CJOHNSTONI_LOCUS8334,219,protein_coding,DNA_MISMATCH_REPAIR_2 domain-containing protein  [Source:UniProtKB/TrEMBL;Acc:A0A8J2MSS3],Cercopithifilaria johnstoni (PRJEB47283),protein_coding,cejohnprjeb47283
CJOHNSTONI_LOCUS3343,rna-CJOHNSTONI_LOCUS3343,113,protein_coding,SSNA1 protein  [Source:UniProtKB/TrEMBL;Acc:A0A8J2LQV1],Cercopithifilaria johnstoni (PRJEB47283),protein_coding,cejohnprjeb47283
CJOHNSTONI_LOCUS3636,rna-CJOHNSTONI_LOCUS3636,204,protein_coding,START domain-containing protein  [Source:UniProtKB/TrEMBL;Acc:A0A8J2Q9M0],Cercopithifilaria johnstoni (PRJEB47283),protein_coding,cejohnprjeb47283
CJOHNSTONI_LOCUS7692,rna-CJOHNSTONI_LOCUS7692,197,protein_coding,Eukaryotic translation initiation factor 5  [Source:UniProtKB/TrEMBL;Acc:A0A8J2Q2L2],Cercopithifilaria johnstoni (PRJEB47283),protein_coding,cejohnprjeb47283
CJOHNSTONI_LOCUS1890,rna-CJOHNSTONI_LOCUS1890,239,protein_coding,Elongator complex protein 3  [Source:UniProtKB/TrEMBL;Acc:A0A8J2PWZ9],Cercopithifilaria johnstoni (PRJEB47283),protein_coding,cejohnprjeb47283
CJOHNSTONI_LOCUS6303,rna-CJOHNSTONI_LOCUS6303,491,protein_coding,PDZ domain-containing protein  [Source:UniProtKB/TrEMBL;Acc:A0A8J2Q503],Cercopithifilaria johnstoni (PRJEB47283),protein_coding,cejohnprjeb47283
CJOHNSTONI_LOCUS2976,rna-CJOHNSTONI_LOCUS2976,430,protein_coding,Major sperm protein  [Source:UniProtKB/TrEMBL;Acc:A0A8J2LZF5],Cercopithifilaria johnstoni (PRJEB47283),protein_coding,cejohnprjeb47283
CJOHNSTONI_LOCUS3004,rna-CJOHNSTONI_LOCUS3004,424,protein_coding,protein-histidine N-methyltransferase  [Source:UniProtKB/TrEMBL;Acc:A0A8J2M0D5],Cercopithifilaria johnstoni (PRJEB47283),protein_coding,cejohnprjeb47283
CJOHNSTONI_LOCUS620,rna-CJOHNSTONI_LOCUS620,275,protein_coding,Non-specific serine/threonine protein kinase  [Source:UniProtKB/TrEMBL;Acc:A0A8J2Q873],Cercopithifilaria johnstoni (PRJEB47283),protein_coding,cejohnprjeb47283
CJOHNSTONI_LOCUS347,rna-CJOHNSTONI_LOCUS347,236,protein_coding,Sorting nexin-13  [Source:UniProtKB/TrEMBL;Acc:A0A8J2PZM8],Cercopithifilaria johnstoni (PRJEB47283),protein_coding,cejohnprjeb47283
CJOHNSTONI_LOCUS1938,rna-CJOHNSTONI_LOCUS1938,170,protein_coding,Vacuolar protein sorting-associated protein 29  [Source:UniProtKB/TrEMBL;Acc:A0A8J2LYU8],Cercopithifilaria johnstoni (PRJEB47283),protein_coding,cejohnprjeb47283
CJOHNSTONI_LOCUS1645,rna-CJOHNSTONI_LOCUS1645,168,protein_coding,Transposase  [Source:UniProtKB/TrEMBL;Acc:A0A8J2LXU3],Cercopithifilaria johnstoni (PRJEB47283),protein_coding,cejohnprjeb47283
CJOHNSTONI_LOCUS8754,rna-CJOHNSTONI_LOCUS8754,398,protein_coding,Tyrosine-protein kinase  [Source:UniProtKB/TrEMBL;Acc:A0A8J2Q3F2],Cercopithifilaria johnstoni (PRJEB47283),protein_coding,cejohnprjeb47283
CJOHNSTONI_LOCUS95,rna-CJOHNSTONI_LOCUS95,315,protein_coding,Aa_trans domain-containing protein  [Source:UniProtKB/TrEMBL;Acc:A0A8J2LKS6],Cercopithifilaria johnstoni (PRJEB47283),protein_coding,cejohnprjeb47283
CJOHNSTONI_LOCUS3199,rna-CJOHNSTONI_LOCUS3199,200,protein_coding,DNA repair protein complementing XP-G cells  [Source:UniProtKB/TrEMBL;Acc:A0A8J2M196],Cercopithifilaria johnstoni (PRJEB47283),protein_coding,cejohnprjeb47283
CJOHNSTONI_LOCUS359,rna-CJOHNSTONI_LOCUS359,287,protein_coding,Major sperm protein  [Source:UniProtKB/TrEMBL;Acc:A0A8J2LW11],Cercopithifilaria johnstoni (PRJEB47283),protein_coding,cejohnprjeb47283
CJOHNSTONI_LOCUS5729,rna-CJOHNSTONI_LOCUS5729,272,protein_coding,Ig-like domain-containing protein  [Source:UniProtKB/TrEMBL;Acc:A0A8J2M5K4],Cercopithifilaria johnstoni (PRJEB47283),protein_coding,cejohnprjeb47283
CJOHNSTONI_LOCUS4046,rna-CJOHNSTONI_LOCUS4046,292,protein_coding,TPR_REGION domain-containing protein  [Source:UniProtKB/TrEMBL;Acc:A0A8J2M250],Cercopithifilaria johnstoni (PRJEB47283),protein_coding,cejohnprjeb47283
CJOHNSTONI_LOCUS9613,rna-CJOHNSTONI_LOCUS9613,194,protein_coding,Intraflagellar transport protein 81 homolog  [Source:UniProtKB/TrEMBL;Acc:A0A8J2PYB8],Cercopithifilaria johnstoni (PRJEB47283),protein_coding,cejohnprjeb47283
CJOHNSTONI_LOCUS10143,rna-CJOHNSTONI_LOCUS10143,169,protein_coding,BRICK1  [Source:UniProtKB/TrEMBL;Acc:A0A8J2MD89],Cercopithifilaria johnstoni (PRJEB47283),protein_coding,cejohnprjeb47283
CJOHNSTONI_LOCUS9742,rna-CJOHNSTONI_LOCUS9742,216,protein_coding,PDZ domain-containing protein  [Source:UniProtKB/TrEMBL;Acc:A0A8J2M569],Cercopithifilaria johnstoni (PRJEB47283),protein_coding,cejohnprjeb47283
CJOHNSTONI_LOCUS2339,rna-CJOHNSTONI_LOCUS2339,226,protein_coding,G_PROTEIN_RECEP_F1_2 domain-containing protein  [Source:UniProtKB/TrEMBL;Acc:A0A8J2PR91],Cercopithifilaria johnstoni (PRJEB47283),protein_coding,cejohnprjeb47283
CJOHNSTONI_LOCUS4745,rna-CJOHNSTONI_LOCUS4745,231,protein_coding,BHLH domain-containing protein  [Source:UniProtKB/TrEMBL;Acc:A0A8J2LTP8],Cercopithifilaria johnstoni (PRJEB47283),protein_coding,cejohnprjeb47283
CJOHNSTONI_LOCUS9647,rna-CJOHNSTONI_LOCUS9647,229,protein_coding,NodB homology domain-containing protein  [Source:UniProtKB/TrEMBL;Acc:A0A8J2MUV1],Cercopithifilaria johnstoni (PRJEB47283),protein_coding,cejohnprjeb47283
CJOHNSTONI_LOCUS9611,rna-CJOHNSTONI_LOCUS9611,290,protein_coding,BED-type domain-containing protein  [Source:UniProtKB/TrEMBL;Acc:A0A8J2MCG1],Cercopithifilaria johnstoni (PRJEB47283),protein_coding,cejohnprjeb47283
CJOHNSTONI_LOCUS8160,rna-CJOHNSTONI_LOCUS8160,215,protein_coding,Fasciculation and elongation protein zeta-2-like  [Source:UniProtKB/TrEMBL;Acc:A0A8J2Q6A5],Cercopithifilaria johnstoni (PRJEB47283),protein_coding,cejohnprjeb47283
CJOHNSTONI_LOCUS9014,rna-CJOHNSTONI_LOCUS9014,282,protein_coding,Ovule protein  [Source:UniProtKB/TrEMBL;Acc:A0A8J2Q904],Cercopithifilaria johnstoni (PRJEB47283),protein_coding,cejohnprjeb47283
CJOHNSTONI_LOCUS6742,rna-CJOHNSTONI_LOCUS6742,386,protein_coding,DDE_Tnp_1_7 domain-containing protein  [Source:UniProtKB/TrEMBL;Acc:A0A8J2M9S5],Cercopithifilaria johnstoni (PRJEB47283),protein_coding,cejohnprjeb47283
CJOHNSTONI_LOCUS4678,rna-CJOHNSTONI_LOCUS4678,236,protein_coding,Transcription factor gt-2  [Source:UniProtKB/TrEMBL;Acc:A0A8J2MN97],Cercopithifilaria johnstoni (PRJEB47283),protein_coding,cejohnprjeb47283
CJOHNSTONI_LOCUS8874,rna-CJOHNSTONI_LOCUS8874,119,protein_coding,SVMP  [Source:UniProtKB/TrEMBL;Acc:A0A8J2Q8Y4],Cercopithifilaria johnstoni (PRJEB47283),protein_coding,cejohnprjeb47283
CJOHNSTONI_LOCUS4335,rna-CJOHNSTONI_LOCUS4335,218,protein_coding,Serine/threonine-protein kinase ULK3  [Source:UniProtKB/TrEMBL;Acc:A0A8J2M391],Cercopithifilaria johnstoni (PRJEB47283),protein_coding,cejohnprjeb47283
CJOHNSTONI_LOCUS8757,rna-CJOHNSTONI_LOCUS8757,182,protein_coding,Alpha-carbonic anhydrase domain-containing protein  [Source:UniProtKB/TrEMBL;Acc:A0A8J2M486],Cercopithifilaria johnstoni (PRJEB47283),protein_coding,cejohnprjeb47283
CJOHNSTONI_LOCUS8766,rna-CJOHNSTONI_LOCUS8766,115,protein_coding,Transposase  [Source:UniProtKB/TrEMBL;Acc:A0A8J2Q8W8],Cercopithifilaria johnstoni (PRJEB47283),protein_coding,cejohnprjeb47283
CJOHNSTONI_LOCUS220,rna-CJOHNSTONI_LOCUS220,272,protein_coding,Myosin_tail_1 domain-containing protein  [Source:UniProtKB/TrEMBL;Acc:A0A8J2Q7Y9],Cercopithifilaria johnstoni (PRJEB47283),protein_coding,cejohnprjeb47283
CJOHNSTONI_LOCUS884,rna-CJOHNSTONI_LOCUS884,199,protein_coding,Homeobox protein engrailed-like  [Source:UniProtKB/TrEMBL;Acc:A0A8J2LLZ9],Cercopithifilaria johnstoni (PRJEB47283),protein_coding,cejohnprjeb47283
CJOHNSTONI_LOCUS2904,rna-CJOHNSTONI_LOCUS2904,176,protein_coding,Phosphatidate cytidylyltransferase  [Source:UniProtKB/TrEMBL;Acc:A0A8J2MKW9],Cercopithifilaria johnstoni (PRJEB47283),protein_coding,cejohnprjeb47283
CJOHNSTONI_LOCUS836,rna-CJOHNSTONI_LOCUS836,224,protein_coding,non-specific protein-tyrosine kinase  [Source:UniProtKB/TrEMBL;Acc:A0A8J2LNY2],Cercopithifilaria johnstoni (PRJEB47283),protein_coding,cejohnprjeb47283
CJOHNSTONI_LOCUS9136,rna-CJOHNSTONI_LOCUS9136,365,protein_coding,,Cercopithifilaria johnstoni (PRJEB47283),protein_coding,cejohnprjeb47283
CJOHNSTONI_LOCUS9361,rna-CJOHNSTONI_LOCUS9361,161,protein_coding,Integral membrane protein AefA  [Source:UniProtKB/TrEMBL;Acc:A0A8J2Q954],Cercopithifilaria johnstoni (PRJEB47283),protein_coding,cejohnprjeb47283
CJOHNSTONI_LOCUS8507,rna-CJOHNSTONI_LOCUS8507,378,protein_coding,Fork-head domain-containing protein  [Source:UniProtKB/TrEMBL;Acc:A0A8J2QAX3],Cercopithifilaria johnstoni (PRJEB47283),protein_coding,cejohnprjeb47283
CJOHNSTONI_LOCUS3824,rna-CJOHNSTONI_LOCUS3824,269,protein_coding,Expressed conserved protein  [Source:UniProtKB/TrEMBL;Acc:A0A8J2M275],Cercopithifilaria johnstoni (PRJEB47283),protein_coding,cejohnprjeb47283
CJOHNSTONI_LOCUS812,rna-CJOHNSTONI_LOCUS812,144,protein_coding,GTP-binding protein  [Source:UniProtKB/TrEMBL;Acc:A0A8J2LWJ3],Cercopithifilaria johnstoni (PRJEB47283),protein_coding,cejohnprjeb47283
CJOHNSTONI_LOCUS5669,rna-CJOHNSTONI_LOCUS5669,191,protein_coding,G_PROTEIN_RECEP_F1_2 domain-containing protein  [Source:UniProtKB/TrEMBL;Acc:A0A8J2M7Q6],Cercopithifilaria johnstoni (PRJEB47283),protein_coding,cejohnprjeb47283
CJOHNSTONI_LOCUS3454,rna-CJOHNSTONI_LOCUS3454,210,protein_coding,Amastin surface glycoprotein  [Source:UniProtKB/TrEMBL;Acc:A0A8J2Q5L0],Cercopithifilaria johnstoni (PRJEB47283),protein_coding,cejohnprjeb47283
CJOHNSTONI_LOCUS3352,rna-CJOHNSTONI_LOCUS3352,196,protein_coding,,Cercopithifilaria johnstoni (PRJEB47283),protein_coding,cejohnprjeb47283
CJOHNSTONI_LOCUS1023,rna-CJOHNSTONI_LOCUS1023,206,protein_coding,Epsin-1  [Source:UniProtKB/TrEMBL;Acc:A0A8J2Q0D5],Cercopithifilaria johnstoni (PRJEB47283),protein_coding,cejohnprjeb47283
CJOHNSTONI_LOCUS717,rna-CJOHNSTONI_LOCUS717,356,protein_coding,G_PROTEIN_RECEP_F1_2 domain-containing protein  [Source:UniProtKB/TrEMBL;Acc:A0A8J2Q890],Cercopithifilaria johnstoni (PRJEB47283),protein_coding,cejohnprjeb47283
CJOHNSTONI_LOCUS5860,rna-CJOHNSTONI_LOCUS5860,246,protein_coding,SH2B adapter protein 2  [Source:UniProtKB/TrEMBL;Acc:A0A8J2LYZ2],Cercopithifilaria johnstoni (PRJEB47283),protein_coding,cejohnprjeb47283
CJOHNSTONI_LOCUS8720,rna-CJOHNSTONI_LOCUS8720,2228,protein_coding,Protein piccolo  [Source:UniProtKB/TrEMBL;Acc:A0A8J2MAL4],Cercopithifilaria johnstoni (PRJEB47283),protein_coding,cejohnprjeb47283
CJOHNSTONI_LOCUS5221,rna-CJOHNSTONI_LOCUS5221,221,protein_coding,Protein kinase domain-containing protein  [Source:UniProtKB/TrEMBL;Acc:A0A8J2M3H7],Cercopithifilaria johnstoni (PRJEB47283),protein_coding,cejohnprjeb47283
CJOHNSTONI_LOCUS6562,rna-CJOHNSTONI_LOCUS6562,201,protein_coding,ANK_REP_REGION domain-containing protein  [Source:UniProtKB/TrEMBL;Acc:A0A8J2Q835],Cercopithifilaria johnstoni (PRJEB47283),protein_coding,cejohnprjeb47283
CJOHNSTONI_LOCUS6635,rna-CJOHNSTONI_LOCUS6635,180,protein_coding,Methyltransferase  [Source:UniProtKB/TrEMBL;Acc:A0A8J2M6I3],Cercopithifilaria johnstoni (PRJEB47283),protein_coding,cejohnprjeb47283
CJOHNSTONI_LOCUS9553,rna-CJOHNSTONI_LOCUS9553,185,protein_coding,CCDC92 domain-containing protein  [Source:UniProtKB/TrEMBL;Acc:A0A8J2MEM2],Cercopithifilaria johnstoni (PRJEB47283),protein_coding,cejohnprjeb47283
CJOHNSTONI_LOCUS3541,rna-CJOHNSTONI_LOCUS3541,482,protein_coding,Inositol-pentakisphosphate 2-kinase  [Source:UniProtKB/TrEMBL;Acc:A0A8J2M468],Cercopithifilaria johnstoni (PRJEB47283),protein_coding,cejohnprjeb47283
CJOHNSTONI_LOCUS2909,rna-CJOHNSTONI_LOCUS2909,233,protein_coding,RBR-type E3 ubiquitin transferase  [Source:UniProtKB/TrEMBL;Acc:A0A8J2Q550],Cercopithifilaria johnstoni (PRJEB47283),protein_coding,cejohnprjeb47283
CJOHNSTONI_LOCUS5156,rna-CJOHNSTONI_LOCUS5156,235,protein_coding,Pept_C1 domain-containing protein  [Source:UniProtKB/TrEMBL;Acc:A0A8J2M6U1],Cercopithifilaria johnstoni (PRJEB47283),protein_coding,cejohnprjeb47283
CJOHNSTONI_LOCUS7870,rna-CJOHNSTONI_LOCUS7870,170,protein_coding,Transposase  [Source:UniProtKB/TrEMBL;Acc:A0A8J2MAU0],Cercopithifilaria johnstoni (PRJEB47283),protein_coding,cejohnprjeb47283
CJOHNSTONI_LOCUS926,rna-CJOHNSTONI_LOCUS926,497,protein_coding,G_PROTEIN_RECEP_F1_2 domain-containing protein  [Source:UniProtKB/TrEMBL;Acc:A0A8J2LM20],Cercopithifilaria johnstoni (PRJEB47283),protein_coding,cejohnprjeb47283
CJOHNSTONI_LOCUS2484,rna-CJOHNSTONI_LOCUS2484,237,protein_coding,Glycogen [starch] synthase  [Source:UniProtKB/TrEMBL;Acc:A0A8J2Q957],Cercopithifilaria johnstoni (PRJEB47283),protein_coding,cejohnprjeb47283
CJOHNSTONI_LOCUS1859,rna-CJOHNSTONI_LOCUS1859,179,protein_coding,EB1 C-terminal domain-containing protein  [Source:UniProtKB/TrEMBL;Acc:A0A8J2LYN8],Cercopithifilaria johnstoni (PRJEB47283),protein_coding,cejohnprjeb47283
CJOHNSTONI_LOCUS7029,rna-CJOHNSTONI_LOCUS7029,239,protein_coding,Beta-lactamase domain-containing protein  [Source:UniProtKB/TrEMBL;Acc:A0A8J2MR50],Cercopithifilaria johnstoni (PRJEB47283),protein_coding,cejohnprjeb47283
CJOHNSTONI_LOCUS7933,rna-CJOHNSTONI_LOCUS7933,195,protein_coding,"28S ribosomal protein S22, mitochondrial  [Source:UniProtKB/TrEMBL;Acc:A0A8J2MRZ4]",Cercopithifilaria johnstoni (PRJEB47283),protein_coding,cejohnprjeb47283
CJOHNSTONI_LOCUS8655,rna-CJOHNSTONI_LOCUS8655,152,protein_coding,,Cercopithifilaria johnstoni (PRJEB47283),protein_coding,cejohnprjeb47283
CJOHNSTONI_LOCUS10173,rna-CJOHNSTONI_LOCUS10173,186,protein_coding,Protein kinase domain-containing protein  [Source:UniProtKB/TrEMBL;Acc:A0A8J2MD61],Cercopithifilaria johnstoni (PRJEB47283),protein_coding,cejohnprjeb47283
CJOHNSTONI_LOCUS1540,rna-CJOHNSTONI_LOCUS1540,200,protein_coding,,Cercopithifilaria johnstoni (PRJEB47283),protein_coding,cejohnprjeb47283
CJOHNSTONI_LOCUS4278,rna-CJOHNSTONI_LOCUS4278,257,protein_coding,RING-type E3 ubiquitin transferase  [Source:UniProtKB/TrEMBL;Acc:A0A8J2MMV6],Cercopithifilaria johnstoni (PRJEB47283),protein_coding,cejohnprjeb47283
CJOHNSTONI_LOCUS988,rna-CJOHNSTONI_LOCUS988,193,protein_coding,Laminin subunit alpha-3  [Source:UniProtKB/TrEMBL;Acc:A0A8J2LZP4],Cercopithifilaria johnstoni (PRJEB47283),protein_coding,cejohnprjeb47283
CJOHNSTONI_LOCUS9262,rna-CJOHNSTONI_LOCUS9262,339,protein_coding,Protein kinase domain-containing protein  [Source:UniProtKB/TrEMBL;Acc:A0A8J2Q940],Cercopithifilaria johnstoni (PRJEB47283),protein_coding,cejohnprjeb47283
CJOHNSTONI_LOCUS2630,rna-CJOHNSTONI_LOCUS2630,375,protein_coding,Transmembrane protein  [Source:UniProtKB/TrEMBL;Acc:A0A8J2Q1U3],Cercopithifilaria johnstoni (PRJEB47283),protein_coding,cejohnprjeb47283
CJOHNSTONI_LOCUS3756,rna-CJOHNSTONI_LOCUS3756,178,protein_coding,F-actin-capping protein subunit beta  [Source:UniProtKB/TrEMBL;Acc:A0A8J2PZ97],Cercopithifilaria johnstoni (PRJEB47283),protein_coding,cejohnprjeb47283
CJOHNSTONI_LOCUS4712,rna-CJOHNSTONI_LOCUS4712,275,protein_coding,Tyrosine-protein phosphatase corkscrew  [Source:UniProtKB/TrEMBL;Acc:A0A8J2M3Q2],Cercopithifilaria johnstoni (PRJEB47283),protein_coding,cejohnprjeb47283
CJOHNSTONI_LOCUS3582,rna-CJOHNSTONI_LOCUS3582,383,protein_coding,AB hydrolase-1 domain-containing protein  [Source:UniProtKB/TrEMBL;Acc:A0A8J2MLK7],Cercopithifilaria johnstoni (PRJEB47283),protein_coding,cejohnprjeb47283
CJOHNSTONI_LOCUS6095,rna-CJOHNSTONI_LOCUS6095,214,protein_coding,Heparan sulfate 2-O-sulfotransferase  [Source:UniProtKB/TrEMBL;Acc:A0A8J2MPY6],Cercopithifilaria johnstoni (PRJEB47283),protein_coding,cejohnprjeb47283
CJOHNSTONI_LOCUS5306,rna-CJOHNSTONI_LOCUS5306,227,protein_coding,"Sushi, von Willebrand factor type A, EGF and pentraxin domain-containing protein 1  [Source:UniProtKB/TrEMBL;Acc:A0A8J2M504]",Cercopithifilaria johnstoni (PRJEB47283),protein_coding,cejohnprjeb47283
CJOHNSTONI_LOCUS105,rna-CJOHNSTONI_LOCUS105,194,protein_coding,Vacuolar protein sorting-associated protein 18 homolog  [Source:UniProtKB/TrEMBL;Acc:A0A8J2Q2X4],Cercopithifilaria johnstoni (PRJEB47283),protein_coding,cejohnprjeb47283
CJOHNSTONI_LOCUS5683,rna-CJOHNSTONI_LOCUS5683,310,protein_coding,Overexpressed in colon carcinoma 1 protein  [Source:UniProtKB/TrEMBL;Acc:A0A8J2M677],Cercopithifilaria johnstoni (PRJEB47283),protein_coding,cejohnprjeb47283
CJOHNSTONI_LOCUS10361,rna-CJOHNSTONI_LOCUS10361,250,protein_coding,Serrate RNA effector molecule homolog  [Source:UniProtKB/TrEMBL;Acc:A0A8J2MH84],Cercopithifilaria johnstoni (PRJEB47283),protein_coding,cejohnprjeb47283
CJOHNSTONI_LOCUS1368,rna-CJOHNSTONI_LOCUS1368,201,protein_coding,Protein-tyrosine phosphatase  [Source:UniProtKB/TrEMBL;Acc:A0A8J2LXY7],Cercopithifilaria johnstoni (PRJEB47283),protein_coding,cejohnprjeb47283
CJOHNSTONI_LOCUS2508,rna-CJOHNSTONI_LOCUS2508,247,protein_coding,AA_permease_C domain-containing protein  [Source:UniProtKB/TrEMBL;Acc:A0A8J2Q4S4],Cercopithifilaria johnstoni (PRJEB47283),protein_coding,cejohnprjeb47283
CJOHNSTONI_LOCUS5365,rna-CJOHNSTONI_LOCUS5365,210,protein_coding,palmitoyl-protein hydrolase  [Source:UniProtKB/TrEMBL;Acc:A0A8J2LWB4],Cercopithifilaria johnstoni (PRJEB47283),protein_coding,cejohnprjeb47283
CJOHNSTONI_LOCUS9905,rna-CJOHNSTONI_LOCUS9905,312,protein_coding,Ecdysteroid receptor  [Source:UniProtKB/TrEMBL;Acc:A0A8J2QB75],Cercopithifilaria johnstoni (PRJEB47283),protein_coding,cejohnprjeb47283
CJOHNSTONI_LOCUS4140,rna-CJOHNSTONI_LOCUS4140,219,protein_coding,WD40 repeat protein  [Source:UniProtKB/TrEMBL;Acc:A0A8J2M135],Cercopithifilaria johnstoni (PRJEB47283),protein_coding,cejohnprjeb47283
CJOHNSTONI_LOCUS1463,rna-CJOHNSTONI_LOCUS1463,207,protein_coding,Reticulon-like protein  [Source:UniProtKB/TrEMBL;Acc:A0A8J2LW40],Cercopithifilaria johnstoni (PRJEB47283),protein_coding,cejohnprjeb47283
CJOHNSTONI_LOCUS3996,rna-CJOHNSTONI_LOCUS3996,193,protein_coding,,Cercopithifilaria johnstoni (PRJEB47283),protein_coding,cejohnprjeb47283
CJOHNSTONI_LOCUS5326,rna-CJOHNSTONI_LOCUS5326,312,protein_coding,CAP-Gly domain-containing protein  [Source:UniProtKB/TrEMBL;Acc:A0A8J2MNN9],Cercopithifilaria johnstoni (PRJEB47283),protein_coding,cejohnprjeb47283
CJOHNSTONI_LOCUS1344,rna-CJOHNSTONI_LOCUS1344,305,protein_coding,Ge1_WD40 domain-containing protein  [Source:UniProtKB/TrEMBL;Acc:A0A8J2Q0P0],Cercopithifilaria johnstoni (PRJEB47283),protein_coding,cejohnprjeb47283
CJOHNSTONI_LOCUS6235,rna-CJOHNSTONI_LOCUS6235,440,protein_coding,Histone-lysine N-methyltransferase trithorax  [Source:UniProtKB/TrEMBL;Acc:A0A8J2Q4Y4],Cercopithifilaria johnstoni (PRJEB47283),protein_coding,cejohnprjeb47283
CJOHNSTONI_LOCUS5002,rna-CJOHNSTONI_LOCUS5002,255,protein_coding,,Cercopithifilaria johnstoni (PRJEB47283),protein_coding,cejohnprjeb47283
CJOHNSTONI_LOCUS1224,rna-CJOHNSTONI_LOCUS1224,292,protein_coding,TF-B3 domain-containing protein  [Source:UniProtKB/TrEMBL;Acc:A0A8J2MJI1],Cercopithifilaria johnstoni (PRJEB47283),protein_coding,cejohnprjeb47283
CJOHNSTONI_LOCUS10090,rna-CJOHNSTONI_LOCUS10090,238,protein_coding,3'-5' exonuclease domain-containing protein  [Source:UniProtKB/TrEMBL;Acc:A0A8J2MES5],Cercopithifilaria johnstoni (PRJEB47283),protein_coding,cejohnprjeb47283
CJOHNSTONI_LOCUS2650,rna-CJOHNSTONI_LOCUS2650,214,protein_coding,rhomboid protease  [Source:UniProtKB/TrEMBL;Acc:A0A8J2ML63],Cercopithifilaria johnstoni (PRJEB47283),protein_coding,cejohnprjeb47283
CJOHNSTONI_LOCUS7114,rna-CJOHNSTONI_LOCUS7114,195,protein_coding,Phosphopantothenoylcysteine decarboxylase subunit VHS3-like  [Source:UniProtKB/TrEMBL;Acc:A0A8J2Q8D2],Cercopithifilaria johnstoni (PRJEB47283),protein_coding,cejohnprjeb47283
CJOHNSTONI_LOCUS1366,rna-CJOHNSTONI_LOCUS1366,237,protein_coding,Pre-mRNA-splicing factor ATP-dependent RNA helicase DHX16  [Source:UniProtKB/TrEMBL;Acc:A0A8J2M0W3],Cercopithifilaria johnstoni (PRJEB47283),protein_coding,cejohnprjeb47283
CJOHNSTONI_LOCUS5465,rna-CJOHNSTONI_LOCUS5465,236,protein_coding,TORC_M domain-containing protein  [Source:UniProtKB/TrEMBL;Acc:A0A8J2Q0Q6],Cercopithifilaria johnstoni (PRJEB47283),protein_coding,cejohnprjeb47283
CJOHNSTONI_LOCUS6670,rna-CJOHNSTONI_LOCUS6670,215,protein_coding,Protein kinase domain-containing protein  [Source:UniProtKB/TrEMBL;Acc:A0A8J2Q5B1],Cercopithifilaria johnstoni (PRJEB47283),protein_coding,cejohnprjeb47283
CJOHNSTONI_LOCUS9304,rna-CJOHNSTONI_LOCUS9304,202,protein_coding,CULLIN_2 domain-containing protein  [Source:UniProtKB/TrEMBL;Acc:A0A8J2MDC7],Cercopithifilaria johnstoni (PRJEB47283),protein_coding,cejohnprjeb47283
CJOHNSTONI_LOCUS1020,rna-CJOHNSTONI_LOCUS1020,191,protein_coding,MARVEL domain-containing protein  [Source:UniProtKB/TrEMBL;Acc:A0A8J2LXB9],Cercopithifilaria johnstoni (PRJEB47283),protein_coding,cejohnprjeb47283
CJOHNSTONI_LOCUS7232,rna-CJOHNSTONI_LOCUS7232,196,protein_coding,Paired box' domain protein  [Source:UniProtKB/TrEMBL;Acc:A0A8J2MAS1],Cercopithifilaria johnstoni (PRJEB47283),protein_coding,cejohnprjeb47283
CJOHNSTONI_LOCUS7694,rna-CJOHNSTONI_LOCUS7694,158,protein_coding,Tetraspanin  [Source:UniProtKB/TrEMBL;Acc:A0A8J2M1R7],Cercopithifilaria johnstoni (PRJEB47283),protein_coding,cejohnprjeb47283
CJOHNSTONI_LOCUS5274,rna-CJOHNSTONI_LOCUS5274,786,protein_coding,HTH psq-type domain-containing protein  [Source:UniProtKB/TrEMBL;Acc:A0A8J2LXS6],Cercopithifilaria johnstoni (PRJEB47283),protein_coding,cejohnprjeb47283
CJOHNSTONI_LOCUS7117,rna-CJOHNSTONI_LOCUS7117,253,protein_coding,Chromatin modification-related protein MEAF6  [Source:UniProtKB/TrEMBL;Acc:A0A8J2Q240],Cercopithifilaria johnstoni (PRJEB47283),protein_coding,cejohnprjeb47283
CJOHNSTONI_LOCUS6731,rna-CJOHNSTONI_LOCUS6731,247,protein_coding,MHD domain-containing protein  [Source:UniProtKB/TrEMBL;Acc:A0A8J2M9R5],Cercopithifilaria johnstoni (PRJEB47283),protein_coding,cejohnprjeb47283
CJOHNSTONI_LOCUS3718,rna-CJOHNSTONI_LOCUS3718,220,protein_coding,Coiled-coil domain-containing protein 22 homolog  [Source:UniProtKB/TrEMBL;Acc:A0A8J2LUH7],Cercopithifilaria johnstoni (PRJEB47283),protein_coding,cejohnprjeb47283
CJOHNSTONI_LOCUS4150,rna-CJOHNSTONI_LOCUS4150,263,protein_coding,Phospholipid-transporting ATPase  [Source:UniProtKB/TrEMBL;Acc:A0A8J2PZN3],Cercopithifilaria johnstoni (PRJEB47283),protein_coding,cejohnprjeb47283
CJOHNSTONI_LOCUS9400,rna-CJOHNSTONI_LOCUS9400,206,protein_coding,Dihydrolipoyl dehydrogenase  [Source:UniProtKB/TrEMBL;Acc:A0A8J2MDI9],Cercopithifilaria johnstoni (PRJEB47283),protein_coding,cejohnprjeb47283
CJOHNSTONI_LOCUS5672,rna-CJOHNSTONI_LOCUS5672,231,protein_coding,Protein Wnt  [Source:UniProtKB/TrEMBL;Acc:A0A8J2M5I3],Cercopithifilaria johnstoni (PRJEB47283),protein_coding,cejohnprjeb47283
CJOHNSTONI_LOCUS3381,rna-CJOHNSTONI_LOCUS3381,70,protein_coding,Ail/Lom family outer membrane beta-barrel protein  [Source:UniProtKB/TrEMBL;Acc:A0A8J2Q5I9],Cercopithifilaria johnstoni (PRJEB47283),protein_coding,cejohnprjeb47283
CJOHNSTONI_LOCUS5978,rna-CJOHNSTONI_LOCUS5978,170,protein_coding,,Cercopithifilaria johnstoni (PRJEB47283),protein_coding,cejohnprjeb47283
CJOHNSTONI_LOCUS9394,rna-CJOHNSTONI_LOCUS9394,621,protein_coding,EH domain-containing protein  [Source:UniProtKB/TrEMBL;Acc:A0A8J2M4L6],Cercopithifilaria johnstoni (PRJEB47283),protein_coding,cejohnprjeb47283
CJOHNSTONI_LOCUS1625,rna-CJOHNSTONI_LOCUS1625,209,protein_coding,Intermediate filament protein A  [Source:UniProtKB/TrEMBL;Acc:A0A8J2PWR6],Cercopithifilaria johnstoni (PRJEB47283),protein_coding,cejohnprjeb47283
CJOHNSTONI_LOCUS6862,rna-CJOHNSTONI_LOCUS6862,246,protein_coding,LIM zinc-binding domain-containing protein  [Source:UniProtKB/TrEMBL;Acc:A0A8J2PV40],Cercopithifilaria johnstoni (PRJEB47283),protein_coding,cejohnprjeb47283
CJOHNSTONI_LOCUS3000,rna-CJOHNSTONI_LOCUS3000,238,protein_coding,ABC transmembrane type-1 domain-containing protein  [Source:UniProtKB/TrEMBL;Acc:A0A8J2M388],Cercopithifilaria johnstoni (PRJEB47283),protein_coding,cejohnprjeb47283
CJOHNSTONI_LOCUS6029,rna-CJOHNSTONI_LOCUS6029,98,protein_coding,CRIB domain-containing protein  [Source:UniProtKB/TrEMBL;Acc:A0A8J2M603],Cercopithifilaria johnstoni (PRJEB47283),protein_coding,cejohnprjeb47283
CJOHNSTONI_LOCUS5624,rna-CJOHNSTONI_LOCUS5624,227,protein_coding,P/Homo B domain-containing protein  [Source:UniProtKB/TrEMBL;Acc:A0A8J2LXW4],Cercopithifilaria johnstoni (PRJEB47283),protein_coding,cejohnprjeb47283
CJOHNSTONI_LOCUS9097,rna-CJOHNSTONI_LOCUS9097,145,protein_coding,Abundant larval transcript-2 (ALT2) protein  [Source:UniProtKB/TrEMBL;Acc:A0A8J2MBK1],Cercopithifilaria johnstoni (PRJEB47283),protein_coding,cejohnprjeb47283
CJOHNSTONI_LOCUS6555,rna-CJOHNSTONI_LOCUS6555,369,protein_coding,G-patch domain-containing protein  [Source:UniProtKB/TrEMBL;Acc:A0A8J2MQG0],Cercopithifilaria johnstoni (PRJEB47283),protein_coding,cejohnprjeb47283
CJOHNSTONI_LOCUS2752,rna-CJOHNSTONI_LOCUS2752,228,protein_coding,Ephrin RBD domain-containing protein  [Source:UniProtKB/TrEMBL;Acc:A0A8J2M001],Cercopithifilaria johnstoni (PRJEB47283),protein_coding,cejohnprjeb47283
CJOHNSTONI_LOCUS5226,rna-CJOHNSTONI_LOCUS5226,203,protein_coding,Conserved oligomeric Golgi complex subunit 8  [Source:UniProtKB/TrEMBL;Acc:A0A8J2M4Q1],Cercopithifilaria johnstoni (PRJEB47283),protein_coding,cejohnprjeb47283
CJOHNSTONI_LOCUS5086,rna-CJOHNSTONI_LOCUS5086,201,protein_coding,,Cercopithifilaria johnstoni (PRJEB47283),protein_coding,cejohnprjeb47283
CJOHNSTONI_LOCUS8994,rna-CJOHNSTONI_LOCUS8994,185,protein_coding,Malonyl-CoA:ACP transacylase (MAT) domain-containing protein  [Source:UniProtKB/TrEMBL;Acc:A0A8J2M4N6],Cercopithifilaria johnstoni (PRJEB47283),protein_coding,cejohnprjeb47283
CJOHNSTONI_LOCUS1537,rna-CJOHNSTONI_LOCUS1537,179,protein_coding,RRM domain-containing protein  [Source:UniProtKB/TrEMBL;Acc:A0A8J2PWP5],Cercopithifilaria johnstoni (PRJEB47283),protein_coding,cejohnprjeb47283
CJOHNSTONI_LOCUS2970,rna-CJOHNSTONI_LOCUS2970,225,protein_coding,NTR domain-containing protein  [Source:UniProtKB/TrEMBL;Acc:A0A8J2LSV8],Cercopithifilaria johnstoni (PRJEB47283),protein_coding,cejohnprjeb47283
CJOHNSTONI_LOCUS7157,rna-CJOHNSTONI_LOCUS7157,249,protein_coding,HD domain-containing protein  [Source:UniProtKB/TrEMBL;Acc:A0A8J2Q5P7],Cercopithifilaria johnstoni (PRJEB47283),protein_coding,cejohnprjeb47283
CJOHNSTONI_LOCUS5456,rna-CJOHNSTONI_LOCUS5456,695,protein_coding,TPM domain-containing protein  [Source:UniProtKB/TrEMBL;Acc:A0A8J2M410],Cercopithifilaria johnstoni (PRJEB47283),protein_coding,cejohnprjeb47283
CJOHNSTONI_LOCUS6892,rna-CJOHNSTONI_LOCUS6892,374,protein_coding,Wiskott-Aldrich syndrome protein family member  [Source:UniProtKB/TrEMBL;Acc:A0A8J2M0P2],Cercopithifilaria johnstoni (PRJEB47283),protein_coding,cejohnprjeb47283
CJOHNSTONI_LOCUS4390,rna-CJOHNSTONI_LOCUS4390,318,protein_coding,Zinc finger protein  [Source:UniProtKB/TrEMBL;Acc:A0A8J2M3B5],Cercopithifilaria johnstoni (PRJEB47283),protein_coding,cejohnprjeb47283
CJOHNSTONI_LOCUS3121,rna-CJOHNSTONI_LOCUS3121,248,protein_coding,ABC transporter  [Source:UniProtKB/TrEMBL;Acc:A0A8J2LT44],Cercopithifilaria johnstoni (PRJEB47283),protein_coding,cejohnprjeb47283
CJOHNSTONI_LOCUS8636,rna-CJOHNSTONI_LOCUS8636,259,protein_coding,GOLD domain-containing protein  [Source:UniProtKB/TrEMBL;Acc:A0A8J2Q3C7],Cercopithifilaria johnstoni (PRJEB47283),protein_coding,cejohnprjeb47283
CJOHNSTONI_LOCUS4912,rna-CJOHNSTONI_LOCUS4912,241,protein_coding,Protein kinase domain-containing protein  [Source:UniProtKB/TrEMBL;Acc:A0A8J2MN54],Cercopithifilaria johnstoni (PRJEB47283),protein_coding,cejohnprjeb47283
CJOHNSTONI_LOCUS6386,rna-CJOHNSTONI_LOCUS6386,214,protein_coding,Aquaporin-9  [Source:UniProtKB/TrEMBL;Acc:A0A8J2LZU5],Cercopithifilaria johnstoni (PRJEB47283),protein_coding,cejohnprjeb47283
CJOHNSTONI_LOCUS9011,rna-CJOHNSTONI_LOCUS9011,206,protein_coding,C2H2-type domain-containing protein  [Source:UniProtKB/TrEMBL;Acc:A0A8J2MCS4],Cercopithifilaria johnstoni (PRJEB47283),protein_coding,cejohnprjeb47283
CJOHNSTONI_LOCUS5641,rna-CJOHNSTONI_LOCUS5641,219,protein_coding,ANK_REP_REGION domain-containing protein  [Source:UniProtKB/TrEMBL;Acc:A0A8J2M5C4],Cercopithifilaria johnstoni (PRJEB47283),protein_coding,cejohnprjeb47283
CJOHNSTONI_LOCUS8361,rna-CJOHNSTONI_LOCUS8361,194,protein_coding,Acyl carrier protein  [Source:UniProtKB/TrEMBL;Acc:A0A8J2MST5],Cercopithifilaria johnstoni (PRJEB47283),protein_coding,cejohnprjeb47283
CJOHNSTONI_LOCUS3523,rna-CJOHNSTONI_LOCUS3523,272,protein_coding,B30.2/SPRY domain-containing protein  [Source:UniProtKB/TrEMBL;Acc:A0A8J2Q2K0],Cercopithifilaria johnstoni (PRJEB47283),protein_coding,cejohnprjeb47283
CJOHNSTONI_LOCUS8262,rna-CJOHNSTONI_LOCUS8262,252,protein_coding,Fatty acid 2-hydroxylase  [Source:UniProtKB/TrEMBL;Acc:A0A8J2MSP6],Cercopithifilaria johnstoni (PRJEB47283),protein_coding,cejohnprjeb47283
CJOHNSTONI_LOCUS10130,rna-CJOHNSTONI_LOCUS10130,254,protein_coding,Nuclear pore complex protein  [Source:UniProtKB/TrEMBL;Acc:A0A8J2MVG0],Cercopithifilaria johnstoni (PRJEB47283),protein_coding,cejohnprjeb47283
CJOHNSTONI_LOCUS9859,rna-CJOHNSTONI_LOCUS9859,290,protein_coding,Nop domain-containing protein  [Source:UniProtKB/TrEMBL;Acc:A0A8J2MEC4],Cercopithifilaria johnstoni (PRJEB47283),protein_coding,cejohnprjeb47283
CJOHNSTONI_LOCUS3370,rna-CJOHNSTONI_LOCUS3370,235,protein_coding,Juxtamembrane domain-associated catenin  [Source:UniProtKB/TrEMBL;Acc:A0A8J2Q9I2],Cercopithifilaria johnstoni (PRJEB47283),protein_coding,cejohnprjeb47283
CJOHNSTONI_LOCUS5537,rna-CJOHNSTONI_LOCUS5537,149,protein_coding,ER membrane protein complex subunit 6  [Source:UniProtKB/TrEMBL;Acc:A0A8J2M5A3],Cercopithifilaria johnstoni (PRJEB47283),protein_coding,cejohnprjeb47283
CJOHNSTONI_LOCUS9606,rna-CJOHNSTONI_LOCUS9606,167,protein_coding,ShKT domain-containing protein  [Source:UniProtKB/TrEMBL;Acc:A0A8J2MUB4],Cercopithifilaria johnstoni (PRJEB47283),protein_coding,cejohnprjeb47283
CJOHNSTONI_LOCUS8286,rna-CJOHNSTONI_LOCUS8286,266,protein_coding,,Cercopithifilaria johnstoni (PRJEB47283),protein_coding,cejohnprjeb47283
CJOHNSTONI_LOCUS4384,rna-CJOHNSTONI_LOCUS4384,271,protein_coding,,Cercopithifilaria johnstoni (PRJEB47283),protein_coding,cejohnprjeb47283
CJOHNSTONI_LOCUS6975,rna-CJOHNSTONI_LOCUS6975,253,protein_coding,Protein Gawky  [Source:UniProtKB/TrEMBL;Acc:A0A8J2QAL0],Cercopithifilaria johnstoni (PRJEB47283),protein_coding,cejohnprjeb47283
CJOHNSTONI_LOCUS7038,rna-CJOHNSTONI_LOCUS7038,173,protein_coding,ANIS5_cation-bd domain-containing protein  [Source:UniProtKB/TrEMBL;Acc:A0A8J2Q218],Cercopithifilaria johnstoni (PRJEB47283),protein_coding,cejohnprjeb47283
CJOHNSTONI_LOCUS6209,rna-CJOHNSTONI_LOCUS6209,264,protein_coding,Kelch domain-containing protein 10  [Source:UniProtKB/TrEMBL;Acc:A0A8J2Q4X8],Cercopithifilaria johnstoni (PRJEB47283),protein_coding,cejohnprjeb47283
CJOHNSTONI_LOCUS5102,rna-CJOHNSTONI_LOCUS5102,200,protein_coding,GDNF domain-containing protein  [Source:UniProtKB/TrEMBL;Acc:A0A8J2M393],Cercopithifilaria johnstoni (PRJEB47283),protein_coding,cejohnprjeb47283
CJOHNSTONI_LOCUS4922,rna-CJOHNSTONI_LOCUS4922,191,protein_coding,Transmembrane protein  [Source:UniProtKB/TrEMBL;Acc:A0A8J2LUF0],Cercopithifilaria johnstoni (PRJEB47283),protein_coding,cejohnprjeb47283
CJOHNSTONI_LOCUS7411,rna-CJOHNSTONI_LOCUS7411,166,protein_coding,,Cercopithifilaria johnstoni (PRJEB47283),protein_coding,cejohnprjeb47283
CJOHNSTONI_LOCUS5420,rna-CJOHNSTONI_LOCUS5420,153,protein_coding,Homeobox domain-containing protein  [Source:UniProtKB/TrEMBL;Acc:A0A8J2M595],Cercopithifilaria johnstoni (PRJEB47283),protein_coding,cejohnprjeb47283
CJOHNSTONI_LOCUS860,rna-CJOHNSTONI_LOCUS860,348,protein_coding,Bromo domain-containing protein  [Source:UniProtKB/TrEMBL;Acc:A0A8J2LP26],Cercopithifilaria johnstoni (PRJEB47283),protein_coding,cejohnprjeb47283
CJOHNSTONI_LOCUS4015,rna-CJOHNSTONI_LOCUS4015,240,protein_coding,CLP1_P domain-containing protein  [Source:UniProtKB/TrEMBL;Acc:A0A8J2M2K3],Cercopithifilaria johnstoni (PRJEB47283),protein_coding,cejohnprjeb47283
CJOHNSTONI_LOCUS8246,rna-CJOHNSTONI_LOCUS8246,242,protein_coding,ZT_dimer domain-containing protein  [Source:UniProtKB/TrEMBL;Acc:A0A8J2M9M1],Cercopithifilaria johnstoni (PRJEB47283),protein_coding,cejohnprjeb47283
CJOHNSTONI_LOCUS8222,rna-CJOHNSTONI_LOCUS8222,186,protein_coding,Str_synth domain-containing protein  [Source:UniProtKB/TrEMBL;Acc:A0A8J2MSU1],Cercopithifilaria johnstoni (PRJEB47283),protein_coding,cejohnprjeb47283
CJOHNSTONI_LOCUS5775,rna-CJOHNSTONI_LOCUS5775,285,protein_coding,Serine/threonine-protein phosphatase  [Source:UniProtKB/TrEMBL;Acc:A0A8J2PU40],Cercopithifilaria johnstoni (PRJEB47283),protein_coding,cejohnprjeb47283
CJOHNSTONI_LOCUS9624,rna-CJOHNSTONI_LOCUS9624,262,protein_coding,Ig-like domain-containing protein  [Source:UniProtKB/TrEMBL;Acc:A0A8J2MER1],Cercopithifilaria johnstoni (PRJEB47283),protein_coding,cejohnprjeb47283
CJOHNSTONI_LOCUS9401,rna-CJOHNSTONI_LOCUS9401,169,protein_coding,Ion_trans_2 domain-containing protein  [Source:UniProtKB/TrEMBL;Acc:A0A8J2MEB6],Cercopithifilaria johnstoni (PRJEB47283),protein_coding,cejohnprjeb47283
CJOHNSTONI_LOCUS8615,rna-CJOHNSTONI_LOCUS8615,309,protein_coding,Glutamate dehydrogenase  [Source:UniProtKB/TrEMBL;Acc:A0A8J2MT37],Cercopithifilaria johnstoni (PRJEB47283),protein_coding,cejohnprjeb47283
CJOHNSTONI_LOCUS6236,rna-CJOHNSTONI_LOCUS6236,181,protein_coding,Transmembrane protein  [Source:UniProtKB/TrEMBL;Acc:A0A8J2Q1F4],Cercopithifilaria johnstoni (PRJEB47283),protein_coding,cejohnprjeb47283
CJOHNSTONI_LOCUS9749,rna-CJOHNSTONI_LOCUS9749,166,protein_coding,Neuroendocrine protein 7B2  [Source:UniProtKB/TrEMBL;Acc:A0A8J2ME59],Cercopithifilaria johnstoni (PRJEB47283),protein_coding,cejohnprjeb47283
CJOHNSTONI_LOCUS1566,rna-CJOHNSTONI_LOCUS1566,187,protein_coding,AAA_8 domain-containing protein  [Source:UniProtKB/TrEMBL;Acc:A0A8J2Q0V8],Cercopithifilaria johnstoni (PRJEB47283),protein_coding,cejohnprjeb47283
CJOHNSTONI_LOCUS6630,rna-CJOHNSTONI_LOCUS6630,242,protein_coding,Calnexin  [Source:UniProtKB/TrEMBL;Acc:A0A8J2Q597],Cercopithifilaria johnstoni (PRJEB47283),protein_coding,cejohnprjeb47283
CJOHNSTONI_LOCUS3864,rna-CJOHNSTONI_LOCUS3864,137,protein_coding,,Cercopithifilaria johnstoni (PRJEB47283),protein_coding,cejohnprjeb47283
CJOHNSTONI_LOCUS243,rna-CJOHNSTONI_LOCUS243,131,protein_coding,DDA1 domain-containing protein  [Source:UniProtKB/TrEMBL;Acc:A0A8J2LVA0],Cercopithifilaria johnstoni (PRJEB47283),protein_coding,cejohnprjeb47283
CJOHNSTONI_LOCUS7910,rna-CJOHNSTONI_LOCUS7910,119,protein_coding,Ribosomal protein S11  [Source:UniProtKB/TrEMBL;Acc:A0A8J2MA89],Cercopithifilaria johnstoni (PRJEB47283),protein_coding,cejohnprjeb47283
CJOHNSTONI_LOCUS10553,rna-CJOHNSTONI_LOCUS10553,226,protein_coding,Ligand-gated ion channel 50  [Source:UniProtKB/TrEMBL;Acc:A0A8J2M8E1],Cercopithifilaria johnstoni (PRJEB47283),protein_coding,cejohnprjeb47283
CJOHNSTONI_LOCUS2537,rna-CJOHNSTONI_LOCUS2537,329,protein_coding,DNA damage-regulated autophagy modulator protein 2  [Source:UniProtKB/TrEMBL;Acc:A0A8J2PY56],Cercopithifilaria johnstoni (PRJEB47283),protein_coding,cejohnprjeb47283
CJOHNSTONI_LOCUS1107,rna-CJOHNSTONI_LOCUS1107,614,protein_coding,WRKY domain-containing protein  [Source:UniProtKB/TrEMBL;Acc:A0A8J2Q3M7],Cercopithifilaria johnstoni (PRJEB47283),protein_coding,cejohnprjeb47283
CJOHNSTONI_LOCUS1717,rna-CJOHNSTONI_LOCUS1717,278,protein_coding,Phosphotransferase  [Source:UniProtKB/TrEMBL;Acc:A0A8J2LWJ6],Cercopithifilaria johnstoni (PRJEB47283),protein_coding,cejohnprjeb47283
CJOHNSTONI_LOCUS9628,rna-CJOHNSTONI_LOCUS9628,281,protein_coding,Utp21 domain-containing protein  [Source:UniProtKB/TrEMBL;Acc:A0A8J2Q702],Cercopithifilaria johnstoni (PRJEB47283),protein_coding,cejohnprjeb47283
CJOHNSTONI_LOCUS8455,rna-CJOHNSTONI_LOCUS8455,236,protein_coding,Helicase ATP-binding domain-containing protein  [Source:UniProtKB/TrEMBL;Acc:A0A8J2MC53],Cercopithifilaria johnstoni (PRJEB47283),protein_coding,cejohnprjeb47283
CJOHNSTONI_LOCUS8548,rna-CJOHNSTONI_LOCUS8548,605,protein_coding,,Cercopithifilaria johnstoni (PRJEB47283),protein_coding,cejohnprjeb47283
CJOHNSTONI_LOCUS6401,rna-CJOHNSTONI_LOCUS6401,218,protein_coding,General transcription factor IIH subunit 3  [Source:UniProtKB/TrEMBL;Acc:A0A8J2M019],Cercopithifilaria johnstoni (PRJEB47283),protein_coding,cejohnprjeb47283
CJOHNSTONI_LOCUS7009,rna-CJOHNSTONI_LOCUS7009,197,protein_coding,RING-type domain-containing protein  [Source:UniProtKB/TrEMBL;Acc:A0A8J2PV90],Cercopithifilaria johnstoni (PRJEB47283),protein_coding,cejohnprjeb47283
CJOHNSTONI_LOCUS947,rna-CJOHNSTONI_LOCUS947,187,protein_coding,Peroxisome assembly protein 12  [Source:UniProtKB/TrEMBL;Acc:A0A8J2LWL9],Cercopithifilaria johnstoni (PRJEB47283),protein_coding,cejohnprjeb47283
CJOHNSTONI_LOCUS1766,rna-CJOHNSTONI_LOCUS1766,207,protein_coding,ATP-binding cassette sub-family E member 1  [Source:UniProtKB/TrEMBL;Acc:A0A8J2PWV9],Cercopithifilaria johnstoni (PRJEB47283),protein_coding,cejohnprjeb47283
CJOHNSTONI_LOCUS6831,rna-CJOHNSTONI_LOCUS6831,185,protein_coding,RUN domain-containing protein  [Source:UniProtKB/TrEMBL;Acc:A0A8J2M8F4],Cercopithifilaria johnstoni (PRJEB47283),protein_coding,cejohnprjeb47283
CJOHNSTONI_LOCUS1118,rna-CJOHNSTONI_LOCUS1118,473,protein_coding,Col_cuticle_N domain-containing protein  [Source:UniProtKB/TrEMBL;Acc:A0A8J2LXH7],Cercopithifilaria johnstoni (PRJEB47283),protein_coding,cejohnprjeb47283
CJOHNSTONI_LOCUS3148,rna-CJOHNSTONI_LOCUS3148,341,protein_coding,KH domain-containing protein  [Source:UniProtKB/TrEMBL;Acc:A0A8J2PYQ5],Cercopithifilaria johnstoni (PRJEB47283),protein_coding,cejohnprjeb47283
CJOHNSTONI_LOCUS3096,rna-CJOHNSTONI_LOCUS3096,284,protein_coding,"Phosphatidylinositol-4,5-bisphosphate 4-phosphatase  [Source:UniProtKB/TrEMBL;Acc:A0A8J2MLM2]",Cercopithifilaria johnstoni (PRJEB47283),protein_coding,cejohnprjeb47283
CJOHNSTONI_LOCUS5283,rna-CJOHNSTONI_LOCUS5283,262,protein_coding,BPI2 domain-containing protein  [Source:UniProtKB/TrEMBL;Acc:A0A8J2PTQ0],Cercopithifilaria johnstoni (PRJEB47283),protein_coding,cejohnprjeb47283
CJOHNSTONI_LOCUS10077,rna-CJOHNSTONI_LOCUS10077,192,protein_coding,Nanos-type domain-containing protein  [Source:UniProtKB/TrEMBL;Acc:A0A8J2MER8],Cercopithifilaria johnstoni (PRJEB47283),protein_coding,cejohnprjeb47283
CJOHNSTONI_LOCUS9766,rna-CJOHNSTONI_LOCUS9766,172,protein_coding,Peptidase_M14 domain-containing protein  [Source:UniProtKB/TrEMBL;Acc:A0A8J2Q724],Cercopithifilaria johnstoni (PRJEB47283),protein_coding,cejohnprjeb47283
CJOHNSTONI_LOCUS2583,rna-CJOHNSTONI_LOCUS2583,170,protein_coding,FAD_binding_3 domain-containing protein  [Source:UniProtKB/TrEMBL;Acc:A0A8J2Q970],Cercopithifilaria johnstoni (PRJEB47283),protein_coding,cejohnprjeb47283
CJOHNSTONI_LOCUS5943,rna-CJOHNSTONI_LOCUS5943,242,protein_coding,Protein FAM91A1  [Source:UniProtKB/TrEMBL;Acc:A0A8J2M892],Cercopithifilaria johnstoni (PRJEB47283),protein_coding,cejohnprjeb47283
CJOHNSTONI_LOCUS2343,rna-CJOHNSTONI_LOCUS2343,156,protein_coding,,Cercopithifilaria johnstoni (PRJEB47283),protein_coding,cejohnprjeb47283
CJOHNSTONI_LOCUS9933,rna-CJOHNSTONI_LOCUS9933,146,protein_coding,Uracil permease  [Source:UniProtKB/TrEMBL;Acc:A0A8J2MCW0],Cercopithifilaria johnstoni (PRJEB47283),protein_coding,cejohnprjeb47283
CJOHNSTONI_LOCUS8055,rna-CJOHNSTONI_LOCUS8055,220,protein_coding,Ribosomal protein S24/S35 mitochondrial conserved domain-containing protein  [Source:UniProtKB/TrEMBL;Acc:A0A8J2M979],Cercopithifilaria johnstoni (PRJEB47283),protein_coding,cejohnprjeb47283
CJOHNSTONI_LOCUS4122,rna-CJOHNSTONI_LOCUS4122,269,protein_coding,Tetraspanin  [Source:UniProtKB/TrEMBL;Acc:A0A8J2Q9T9],Cercopithifilaria johnstoni (PRJEB47283),protein_coding,cejohnprjeb47283
CJOHNSTONI_LOCUS8076,rna-CJOHNSTONI_LOCUS8076,234,protein_coding,WD and tetratricopeptide repeats protein 1  [Source:UniProtKB/TrEMBL;Acc:A0A8J2M9P3],Cercopithifilaria johnstoni (PRJEB47283),protein_coding,cejohnprjeb47283
CJOHNSTONI_LOCUS304,rna-CJOHNSTONI_LOCUS304,278,protein_coding,Apple domain-containing protein  [Source:UniProtKB/TrEMBL;Acc:A0A8J2PPG6],Cercopithifilaria johnstoni (PRJEB47283),protein_coding,cejohnprjeb47283
CJOHNSTONI_LOCUS366,rna-CJOHNSTONI_LOCUS366,410,protein_coding,,Cercopithifilaria johnstoni (PRJEB47283),protein_coding,cejohnprjeb47283
CJOHNSTONI_LOCUS8331,rna-CJOHNSTONI_LOCUS8331,192,protein_coding,ShKT domain-containing protein  [Source:UniProtKB/TrEMBL;Acc:A0A8J2QAW0],Cercopithifilaria johnstoni (PRJEB47283),protein_coding,cejohnprjeb47283
CJOHNSTONI_LOCUS1343,rna-CJOHNSTONI_LOCUS1343,161,protein_coding,Ctf8  [Source:UniProtKB/TrEMBL;Acc:A0A8J2PQD7],Cercopithifilaria johnstoni (PRJEB47283),protein_coding,cejohnprjeb47283
CJOHNSTONI_LOCUS1169,rna-CJOHNSTONI_LOCUS1169,235,protein_coding,Zinc finger protein  [Source:UniProtKB/TrEMBL;Acc:A0A8J2Q3P4],Cercopithifilaria johnstoni (PRJEB47283),protein_coding,cejohnprjeb47283
CJOHNSTONI_LOCUS3412,rna-CJOHNSTONI_LOCUS3412,180,protein_coding,J domain-containing protein  [Source:UniProtKB/TrEMBL;Acc:A0A8J2Q2H0],Cercopithifilaria johnstoni (PRJEB47283),protein_coding,cejohnprjeb47283
CJOHNSTONI_LOCUS1399,rna-CJOHNSTONI_LOCUS1399,199,protein_coding,Neur_chan_LBD domain-containing protein  [Source:UniProtKB/TrEMBL;Acc:A0A8J2Q3U9],Cercopithifilaria johnstoni (PRJEB47283),protein_coding,cejohnprjeb47283
CJOHNSTONI_LOCUS8283,rna-CJOHNSTONI_LOCUS8283,138,protein_coding,,Cercopithifilaria johnstoni (PRJEB47283),protein_coding,cejohnprjeb47283
CJOHNSTONI_LOCUS3190,rna-CJOHNSTONI_LOCUS3190,263,protein_coding,Kazal-like domain-containing protein  [Source:UniProtKB/TrEMBL;Acc:A0A8J2PRZ0],Cercopithifilaria johnstoni (PRJEB47283),protein_coding,cejohnprjeb47283
CJOHNSTONI_LOCUS4960,rna-CJOHNSTONI_LOCUS4960,281,protein_coding,Col_cuticle_N domain-containing protein  [Source:UniProtKB/TrEMBL;Acc:A0A8J2Q3X5],Cercopithifilaria johnstoni (PRJEB47283),protein_coding,cejohnprjeb47283
CJOHNSTONI_LOCUS2323,rna-CJOHNSTONI_LOCUS2323,479,protein_coding,Synaptotagmin-12  [Source:UniProtKB/TrEMBL;Acc:A0A8J2MKS7],Cercopithifilaria johnstoni (PRJEB47283),protein_coding,cejohnprjeb47283
CJOHNSTONI_LOCUS3239,rna-CJOHNSTONI_LOCUS3239,584,protein_coding,Mesoderm induction early response protein 1  [Source:UniProtKB/TrEMBL;Acc:A0A8J2M156],Cercopithifilaria johnstoni (PRJEB47283),protein_coding,cejohnprjeb47283
CJOHNSTONI_LOCUS7733,rna-CJOHNSTONI_LOCUS7733,273,protein_coding,RFX-type winged-helix domain-containing protein  [Source:UniProtKB/TrEMBL;Acc:A0A8J2PWD1],Cercopithifilaria johnstoni (PRJEB47283),protein_coding,cejohnprjeb47283
CJOHNSTONI_LOCUS6214,rna-CJOHNSTONI_LOCUS6214,252,protein_coding,Methionine aminopeptidase 2  [Source:UniProtKB/TrEMBL;Acc:A0A8J2M5L3],Cercopithifilaria johnstoni (PRJEB47283),protein_coding,cejohnprjeb47283
CJOHNSTONI_LOCUS5108,rna-CJOHNSTONI_LOCUS5108,229,protein_coding,WASH-7_N domain-containing protein  [Source:UniProtKB/TrEMBL;Acc:A0A8J2M4M0],Cercopithifilaria johnstoni (PRJEB47283),protein_coding,cejohnprjeb47283
CJOHNSTONI_LOCUS9154,rna-CJOHNSTONI_LOCUS9154,217,protein_coding,Mre11_DNA_bind domain-containing protein  [Source:UniProtKB/TrEMBL;Acc:A0A8J2Q924],Cercopithifilaria johnstoni (PRJEB47283),protein_coding,cejohnprjeb47283
CJOHNSTONI_LOCUS8857,rna-CJOHNSTONI_LOCUS8857,254,protein_coding,Ion_trans domain-containing protein  [Source:UniProtKB/TrEMBL;Acc:A0A8J2MEG2],Cercopithifilaria johnstoni (PRJEB47283),protein_coding,cejohnprjeb47283
CJOHNSTONI_LOCUS2141,rna-CJOHNSTONI_LOCUS2141,162,protein_coding,Conserved secreted protein  [Source:UniProtKB/TrEMBL;Acc:A0A8J2LP32],Cercopithifilaria johnstoni (PRJEB47283),protein_coding,cejohnprjeb47283
CJOHNSTONI_LOCUS3494,rna-CJOHNSTONI_LOCUS3494,1694,protein_coding,Synembryn-A  [Source:UniProtKB/TrEMBL;Acc:A0A8J2PS89],Cercopithifilaria johnstoni (PRJEB47283),protein_coding,cejohnprjeb47283
CJOHNSTONI_LOCUS8838,rna-CJOHNSTONI_LOCUS8838,158,protein_coding,THAP-type domain-containing protein  [Source:UniProtKB/TrEMBL;Acc:A0A8J2QAZ8],Cercopithifilaria johnstoni (PRJEB47283),protein_coding,cejohnprjeb47283
CJOHNSTONI_LOCUS1195,rna-CJOHNSTONI_LOCUS1195,213,protein_coding,Glyco_hydro_38N domain-containing protein  [Source:UniProtKB/TrEMBL;Acc:A0A8J2PQ77],Cercopithifilaria johnstoni (PRJEB47283),protein_coding,cejohnprjeb47283
CJOHNSTONI_LOCUS4713,rna-CJOHNSTONI_LOCUS4713,338,protein_coding,Moesin/ezrin/radixin homolog 1  [Source:UniProtKB/TrEMBL;Acc:A0A8J2M3C1],Cercopithifilaria johnstoni (PRJEB47283),protein_coding,cejohnprjeb47283
CJOHNSTONI_LOCUS4725,rna-CJOHNSTONI_LOCUS4725,338,protein_coding,Ovule protein  [Source:UniProtKB/TrEMBL;Acc:A0A8J2M3R1],Cercopithifilaria johnstoni (PRJEB47283),protein_coding,cejohnprjeb47283
CJOHNSTONI_LOCUS8272,rna-CJOHNSTONI_LOCUS8272,261,protein_coding,Ras-GAP domain-containing protein  [Source:UniProtKB/TrEMBL;Acc:A0A8J2Q6C3],Cercopithifilaria johnstoni (PRJEB47283),protein_coding,cejohnprjeb47283
CJOHNSTONI_LOCUS58,rna-CJOHNSTONI_LOCUS58,227,protein_coding,Ribosomal RNA-processing protein 43  [Source:UniProtKB/TrEMBL;Acc:A0A8J2LY11],Cercopithifilaria johnstoni (PRJEB47283),protein_coding,cejohnprjeb47283
CJOHNSTONI_LOCUS2358,rna-CJOHNSTONI_LOCUS2358,224,protein_coding,"Collagen, type XXII, alpha 1  [Source:UniProtKB/TrEMBL;Acc:A0A8J2LXU6]",Cercopithifilaria johnstoni (PRJEB47283),protein_coding,cejohnprjeb47283
CJOHNSTONI_LOCUS3332,rna-CJOHNSTONI_LOCUS3332,198,protein_coding,ZnMc domain-containing protein  [Source:UniProtKB/TrEMBL;Acc:A0A8J2MLB4],Cercopithifilaria johnstoni (PRJEB47283),protein_coding,cejohnprjeb47283
CJOHNSTONI_LOCUS10076,rna-CJOHNSTONI_LOCUS10076,180,protein_coding,,Cercopithifilaria johnstoni (PRJEB47283),protein_coding,cejohnprjeb47283
CJOHNSTONI_LOCUS5748,rna-CJOHNSTONI_LOCUS5748,291,protein_coding,,Cercopithifilaria johnstoni (PRJEB47283),protein_coding,cejohnprjeb47283
CJOHNSTONI_LOCUS2385,rna-CJOHNSTONI_LOCUS2385,195,protein_coding,Protein kinase domain-containing protein  [Source:UniProtKB/TrEMBL;Acc:A0A8J2MKB7],Cercopithifilaria johnstoni (PRJEB47283),protein_coding,cejohnprjeb47283
CJOHNSTONI_LOCUS7418,rna-CJOHNSTONI_LOCUS7418,239,protein_coding,Diacylglycerol kinase  [Source:UniProtKB/TrEMBL;Acc:A0A8J2MB44],Cercopithifilaria johnstoni (PRJEB47283),protein_coding,cejohnprjeb47283
CJOHNSTONI_LOCUS8721,rna-CJOHNSTONI_LOCUS8721,1145,protein_coding,Shootin-1  [Source:UniProtKB/TrEMBL;Acc:A0A8J2MT83],Cercopithifilaria johnstoni (PRJEB47283),protein_coding,cejohnprjeb47283
CJOHNSTONI_LOCUS7987,rna-CJOHNSTONI_LOCUS7987,212,protein_coding,GrpE protein homolog  [Source:UniProtKB/TrEMBL;Acc:A0A8J2M294],Cercopithifilaria johnstoni (PRJEB47283),protein_coding,cejohnprjeb47283
CJOHNSTONI_LOCUS5409,rna-CJOHNSTONI_LOCUS5409,2750,protein_coding,PAX-interacting protein 1  [Source:UniProtKB/TrEMBL;Acc:A0A8J2M586],Cercopithifilaria johnstoni (PRJEB47283),protein_coding,cejohnprjeb47283
CJOHNSTONI_LOCUS8787,rna-CJOHNSTONI_LOCUS8787,269,protein_coding,Neural proliferation differentiation and control protein 1  [Source:UniProtKB/TrEMBL;Acc:A0A8J2MTB3],Cercopithifilaria johnstoni (PRJEB47283),protein_coding,cejohnprjeb47283
CJOHNSTONI_LOCUS5980,rna-CJOHNSTONI_LOCUS5980,369,protein_coding,Calponin-homology (CH) domain-containing protein  [Source:UniProtKB/TrEMBL;Acc:A0A8J2QAD7],Cercopithifilaria johnstoni (PRJEB47283),protein_coding,cejohnprjeb47283
CJOHNSTONI_LOCUS3431,rna-CJOHNSTONI_LOCUS3431,254,protein_coding,Multiple epidermal growth factor-like domains protein 10  [Source:UniProtKB/TrEMBL;Acc:A0A8J2MLE8],Cercopithifilaria johnstoni (PRJEB47283),protein_coding,cejohnprjeb47283
CJOHNSTONI_LOCUS1941,rna-CJOHNSTONI_LOCUS1941,188,protein_coding,Rab proteins geranylgeranyltransferase component A  [Source:UniProtKB/TrEMBL;Acc:A0A8J2LYT7],Cercopithifilaria johnstoni (PRJEB47283),protein_coding,cejohnprjeb47283
CJOHNSTONI_LOCUS8775,rna-CJOHNSTONI_LOCUS8775,114,protein_coding,Secreted protein  [Source:UniProtKB/TrEMBL;Acc:A0A8J2ME80],Cercopithifilaria johnstoni (PRJEB47283),protein_coding,cejohnprjeb47283
CJOHNSTONI_LOCUS8825,rna-CJOHNSTONI_LOCUS8825,140,protein_coding,HYPK_UBA domain-containing protein  [Source:UniProtKB/TrEMBL;Acc:A0A8J2MAU8],Cercopithifilaria johnstoni (PRJEB47283),protein_coding,cejohnprjeb47283
CJOHNSTONI_LOCUS8356,rna-CJOHNSTONI_LOCUS8356,2165,protein_coding,Xenotropic and polytropic retrovirus receptor 1  [Source:UniProtKB/TrEMBL;Acc:A0A8J2Q346],Cercopithifilaria johnstoni (PRJEB47283),protein_coding,cejohnprjeb47283
CJOHNSTONI_LOCUS3140,rna-CJOHNSTONI_LOCUS3140,1006,protein_coding,POLAc domain-containing protein  [Source:UniProtKB/TrEMBL;Acc:A0A8J2M3G3],Cercopithifilaria johnstoni (PRJEB47283),protein_coding,cejohnprjeb47283
CJOHNSTONI_LOCUS177,rna-CJOHNSTONI_LOCUS177,446,protein_coding,Zinc finger protein  [Source:UniProtKB/TrEMBL;Acc:A0A8J2PVB8],Cercopithifilaria johnstoni (PRJEB47283),protein_coding,cejohnprjeb47283
CJOHNSTONI_LOCUS751,rna-CJOHNSTONI_LOCUS751,221,protein_coding,"Chaperone protein dnaJ 1, mitochondrial  [Source:UniProtKB/TrEMBL;Acc:A0A8J2LZ95]",Cercopithifilaria johnstoni (PRJEB47283),protein_coding,cejohnprjeb47283
CJOHNSTONI_LOCUS7642,rna-CJOHNSTONI_LOCUS7642,201,protein_coding,,Cercopithifilaria johnstoni (PRJEB47283),protein_coding,cejohnprjeb47283
CJOHNSTONI_LOCUS2867,rna-CJOHNSTONI_LOCUS2867,191,protein_coding,DUF1847 domain-containing protein  [Source:UniProtKB/TrEMBL;Acc:A0A8J2Q540],Cercopithifilaria johnstoni (PRJEB47283),protein_coding,cejohnprjeb47283
CJOHNSTONI_LOCUS5913,rna-CJOHNSTONI_LOCUS5913,350,protein_coding,Neur_chan_LBD domain-containing protein  [Source:UniProtKB/TrEMBL;Acc:A0A8J2M4T3],Cercopithifilaria johnstoni (PRJEB47283),protein_coding,cejohnprjeb47283
CJOHNSTONI_LOCUS1209,rna-CJOHNSTONI_LOCUS1209,186,protein_coding,ATP-dependent DNA helicase  [Source:UniProtKB/TrEMBL;Acc:A0A8J2PWF1],Cercopithifilaria johnstoni (PRJEB47283),protein_coding,cejohnprjeb47283
CJOHNSTONI_LOCUS4220,rna-CJOHNSTONI_LOCUS4220,368,protein_coding,Peptidase A1 domain-containing protein  [Source:UniProtKB/TrEMBL;Acc:A0A8J2LSR1],Cercopithifilaria johnstoni (PRJEB47283),protein_coding,cejohnprjeb47283
CJOHNSTONI_LOCUS8371,rna-CJOHNSTONI_LOCUS8371-2,211,protein_coding,"Inositol 1,4,5-trisphosphate receptor  [Source:UniProtKB/TrEMBL;Acc:A0A8J2M9V3]",Cercopithifilaria johnstoni (PRJEB47283),protein_coding,cejohnprjeb47283
CJOHNSTONI_LOCUS10016,rna-CJOHNSTONI_LOCUS10016,168,protein_coding,Innexin  [Source:UniProtKB/TrEMBL;Acc:A0A8J2M5I0],Cercopithifilaria johnstoni (PRJEB47283),protein_coding,cejohnprjeb47283
CJOHNSTONI_LOCUS9489,rna-CJOHNSTONI_LOCUS9489,293,protein_coding,ACB domain-containing protein  [Source:UniProtKB/TrEMBL;Acc:A0A8J2Q3X1],Cercopithifilaria johnstoni (PRJEB47283),protein_coding,cejohnprjeb47283
CJOHNSTONI_LOCUS8340,rna-CJOHNSTONI_LOCUS8340,255,protein_coding,Condensin complex subunit 2  [Source:UniProtKB/TrEMBL;Acc:A0A8J2MA70],Cercopithifilaria johnstoni (PRJEB47283),protein_coding,cejohnprjeb47283
CJOHNSTONI_LOCUS537,rna-CJOHNSTONI_LOCUS537,425,protein_coding,Golgin subfamily A member 6-like protein 22  [Source:UniProtKB/TrEMBL;Acc:A0A8J2LLG1],Cercopithifilaria johnstoni (PRJEB47283),protein_coding,cejohnprjeb47283
CJOHNSTONI_LOCUS10401,rna-CJOHNSTONI_LOCUS10401,376,protein_coding,,Cercopithifilaria johnstoni (PRJEB47283),protein_coding,cejohnprjeb47283
CJOHNSTONI_LOCUS1561,rna-CJOHNSTONI_LOCUS1561,246,protein_coding,CULLIN_2 domain-containing protein  [Source:UniProtKB/TrEMBL;Acc:A0A8J2LY62],Cercopithifilaria johnstoni (PRJEB47283),protein_coding,cejohnprjeb47283
CJOHNSTONI_LOCUS4903,rna-CJOHNSTONI_LOCUS4903,284,protein_coding,UPF0692 protein C19orf54 homolog  [Source:UniProtKB/TrEMBL;Acc:A0A8J2M3S3],Cercopithifilaria johnstoni (PRJEB47283),protein_coding,cejohnprjeb47283
CJOHNSTONI_LOCUS10191,rna-CJOHNSTONI_LOCUS10191,224,protein_coding,G_PROTEIN_RECEP_F2_4 domain-containing protein  [Source:UniProtKB/TrEMBL;Acc:A0A8J2Q7C2],Cercopithifilaria johnstoni (PRJEB47283),protein_coding,cejohnprjeb47283
CJOHNSTONI_LOCUS1417,rna-CJOHNSTONI_LOCUS1417,191,protein_coding,Ribosomal protein L20  [Source:UniProtKB/TrEMBL;Acc:A0A8J2Q8K9],Cercopithifilaria johnstoni (PRJEB47283),protein_coding,cejohnprjeb47283
CJOHNSTONI_LOCUS4003,rna-CJOHNSTONI_LOCUS4003,171,protein_coding,Transposase  [Source:UniProtKB/TrEMBL;Acc:A0A8J2M223],Cercopithifilaria johnstoni (PRJEB47283),protein_coding,cejohnprjeb47283
CJOHNSTONI_LOCUS4328,rna-CJOHNSTONI_LOCUS4328,170,protein_coding,Cell cycle checkpoint protein RAD1  [Source:UniProtKB/TrEMBL;Acc:A0A8J2Q9W9],Cercopithifilaria johnstoni (PRJEB47283),protein_coding,cejohnprjeb47283
CJOHNSTONI_LOCUS8833,rna-CJOHNSTONI_LOCUS8833,152,protein_coding,Ras-related protein Rab-7a  [Source:UniProtKB/TrEMBL;Acc:A0A8J2Q8X8],Cercopithifilaria johnstoni (PRJEB47283),protein_coding,cejohnprjeb47283
CJOHNSTONI_LOCUS8542,rna-CJOHNSTONI_LOCUS8542,245,protein_coding,ABC transporter permease  [Source:UniProtKB/TrEMBL;Acc:A0A8J2Q3A1],Cercopithifilaria johnstoni (PRJEB47283),protein_coding,cejohnprjeb47283
CJOHNSTONI_LOCUS2544,rna-CJOHNSTONI_LOCUS2544,218,protein_coding,Transmembrane protein  [Source:UniProtKB/TrEMBL;Acc:A0A8J2M2K0],Cercopithifilaria johnstoni (PRJEB47283),protein_coding,cejohnprjeb47283
CJOHNSTONI_LOCUS5331,rna-CJOHNSTONI_LOCUS5331,191,protein_coding,WD_REPEATS_REGION domain-containing protein  [Source:UniProtKB/TrEMBL;Acc:A0A8J2M4N5],Cercopithifilaria johnstoni (PRJEB47283),protein_coding,cejohnprjeb47283
CJOHNSTONI_LOCUS7218,rna-CJOHNSTONI_LOCUS7218,143,protein_coding,60S ribosomal protein L38  [Source:UniProtKB/TrEMBL;Acc:A0A8J2MAR1],Cercopithifilaria johnstoni (PRJEB47283),protein_coding,cejohnprjeb47283
CJOHNSTONI_LOCUS2835,rna-CJOHNSTONI_LOCUS2835,187,protein_coding,Transmembrane 9 superfamily member  [Source:UniProtKB/TrEMBL;Acc:A0A8J2LZ80],Cercopithifilaria johnstoni (PRJEB47283),protein_coding,cejohnprjeb47283
CJOHNSTONI_LOCUS7930,rna-CJOHNSTONI_LOCUS7930,317,protein_coding,VWFD domain-containing protein  [Source:UniProtKB/TrEMBL;Acc:A0A8J2QAT1],Cercopithifilaria johnstoni (PRJEB47283),protein_coding,cejohnprjeb47283
CJOHNSTONI_LOCUS890,rna-CJOHNSTONI_LOCUS890,250,protein_coding,ANK_REP_REGION domain-containing protein  [Source:UniProtKB/TrEMBL;Acc:A0A8J2LWK1],Cercopithifilaria johnstoni (PRJEB47283),protein_coding,cejohnprjeb47283
CJOHNSTONI_LOCUS6891,rna-CJOHNSTONI_LOCUS6891,215,protein_coding,Farnesyl pyrophosphate synthase  [Source:UniProtKB/TrEMBL;Acc:A0A8J2Q1W3],Cercopithifilaria johnstoni (PRJEB47283),protein_coding,cejohnprjeb47283
CJOHNSTONI_LOCUS9695,rna-CJOHNSTONI_LOCUS9695,126,protein_coding,Ovule protein  [Source:UniProtKB/TrEMBL;Acc:A0A8J2PYE7],Cercopithifilaria johnstoni (PRJEB47283),protein_coding,cejohnprjeb47283
CJOHNSTONI_LOCUS79,rna-CJOHNSTONI_LOCUS79,221,protein_coding,SGS domain-containing protein  [Source:UniProtKB/TrEMBL;Acc:A0A8J2PV89],Cercopithifilaria johnstoni (PRJEB47283),protein_coding,cejohnprjeb47283
CJOHNSTONI_LOCUS3844,rna-CJOHNSTONI_LOCUS3844,281,protein_coding,SAP30-binding protein  [Source:UniProtKB/TrEMBL;Acc:A0A8J2LS58],Cercopithifilaria johnstoni (PRJEB47283),protein_coding,cejohnprjeb47283
CJOHNSTONI_LOCUS8224,rna-CJOHNSTONI_LOCUS8224,244,protein_coding,Protein odr-4 homolog  [Source:UniProtKB/TrEMBL;Acc:A0A8J2MB06],Cercopithifilaria johnstoni (PRJEB47283),protein_coding,cejohnprjeb47283
CJOHNSTONI_LOCUS2015,rna-CJOHNSTONI_LOCUS2015,159,protein_coding,Ovule protein  [Source:UniProtKB/TrEMBL;Acc:A0A8J2MKF0],Cercopithifilaria johnstoni (PRJEB47283),protein_coding,cejohnprjeb47283
CJOHNSTONI_LOCUS3433,rna-CJOHNSTONI_LOCUS3433,271,protein_coding,Nuclear envelope membrane protein  [Source:UniProtKB/TrEMBL;Acc:A0A8J2M3Z8],Cercopithifilaria johnstoni (PRJEB47283),protein_coding,cejohnprjeb47283
CJOHNSTONI_LOCUS1849,rna-CJOHNSTONI_LOCUS1849,199,protein_coding,Ribonuclease P protein subunit p30  [Source:UniProtKB/TrEMBL;Acc:A0A8J2PWY7],Cercopithifilaria johnstoni (PRJEB47283),protein_coding,cejohnprjeb47283
CJOHNSTONI_LOCUS6716,rna-CJOHNSTONI_LOCUS6716,698,protein_coding,Col_cuticle_N domain-containing protein  [Source:UniProtKB/TrEMBL;Acc:A0A8J2MQN0],Cercopithifilaria johnstoni (PRJEB47283),protein_coding,cejohnprjeb47283
CJOHNSTONI_LOCUS8387,rna-CJOHNSTONI_LOCUS8387,440,protein_coding,GON-4-like protein  [Source:UniProtKB/TrEMBL;Acc:A0A8J2MT10],Cercopithifilaria johnstoni (PRJEB47283),protein_coding,cejohnprjeb47283
CJOHNSTONI_LOCUS5143,rna-CJOHNSTONI_LOCUS5143,314,protein_coding,EF-hand domain-containing protein  [Source:UniProtKB/TrEMBL;Acc:A0A8J2MNG5],Cercopithifilaria johnstoni (PRJEB47283),protein_coding,cejohnprjeb47283
CJOHNSTONI_LOCUS6204,rna-CJOHNSTONI_LOCUS6204,183,protein_coding,Succinate dehydrogenase [ubiquinone] cytochrome b small subunit  [Source:UniProtKB/TrEMBL;Acc:A0A8J2M6L0],Cercopithifilaria johnstoni (PRJEB47283),protein_coding,cejohnprjeb47283
CJOHNSTONI_LOCUS9816,rna-CJOHNSTONI_LOCUS9816,800,protein_coding,Tyrosine aminotransferase  [Source:UniProtKB/TrEMBL;Acc:A0A8J2MEK0],Cercopithifilaria johnstoni (PRJEB47283),protein_coding,cejohnprjeb47283
CJOHNSTONI_LOCUS236,rna-CJOHNSTONI_LOCUS236,872,protein_coding,Transmembrane protein  [Source:UniProtKB/TrEMBL;Acc:A0A8J2LTI8],Cercopithifilaria johnstoni (PRJEB47283),protein_coding,cejohnprjeb47283
CJOHNSTONI_LOCUS2810,rna-CJOHNSTONI_LOCUS2810,353,protein_coding,Late expression factor 11  [Source:UniProtKB/TrEMBL;Acc:A0A8J2Q215],Cercopithifilaria johnstoni (PRJEB47283),protein_coding,cejohnprjeb47283
CJOHNSTONI_LOCUS1275,rna-CJOHNSTONI_LOCUS1275,258,protein_coding,Transcription factor protein  [Source:UniProtKB/TrEMBL;Acc:A0A8J2LVS9],Cercopithifilaria johnstoni (PRJEB47283),protein_coding,cejohnprjeb47283
CJOHNSTONI_LOCUS422,rna-CJOHNSTONI_LOCUS422,374,protein_coding,Katanin_con80 domain-containing protein  [Source:UniProtKB/TrEMBL;Acc:A0A8J2LU17],Cercopithifilaria johnstoni (PRJEB47283),protein_coding,cejohnprjeb47283
CJOHNSTONI_LOCUS5293,rna-CJOHNSTONI_LOCUS5293,255,protein_coding,Down syndrome cell adhesion molecule-like protein Dscam2  [Source:UniProtKB/TrEMBL;Acc:A0A8J2M4K8],Cercopithifilaria johnstoni (PRJEB47283),protein_coding,cejohnprjeb47283
CJOHNSTONI_LOCUS8024,rna-CJOHNSTONI_LOCUS8024,196,protein_coding,,Cercopithifilaria johnstoni (PRJEB47283),protein_coding,cejohnprjeb47283
CJOHNSTONI_LOCUS9540,rna-CJOHNSTONI_LOCUS9540,148,protein_coding,Ras association domain-containing protein 1  [Source:UniProtKB/TrEMBL;Acc:A0A8J2MCD6],Cercopithifilaria johnstoni (PRJEB47283),protein_coding,cejohnprjeb47283
CJOHNSTONI_LOCUS9554,rna-CJOHNSTONI_LOCUS9554,280,protein_coding,Chorion peroxidase  [Source:UniProtKB/TrEMBL;Acc:A0A8J2MCE1],Cercopithifilaria johnstoni (PRJEB47283),protein_coding,cejohnprjeb47283
CJOHNSTONI_LOCUS707,rna-CJOHNSTONI_LOCUS707,210,protein_coding,Protein SEC13 homolog  [Source:UniProtKB/TrEMBL;Acc:A0A8J2LUG7],Cercopithifilaria johnstoni (PRJEB47283),protein_coding,cejohnprjeb47283
CJOHNSTONI_LOCUS4639,rna-CJOHNSTONI_LOCUS4639,272,protein_coding,,Cercopithifilaria johnstoni (PRJEB47283),protein_coding,cejohnprjeb47283
CJOHNSTONI_LOCUS4139,rna-CJOHNSTONI_LOCUS4139,203,protein_coding,Clat_adaptor_s domain-containing protein  [Source:UniProtKB/TrEMBL;Acc:A0A8J2LVA5],Cercopithifilaria johnstoni (PRJEB47283),protein_coding,cejohnprjeb47283
CJOHNSTONI_LOCUS5045,rna-CJOHNSTONI_LOCUS5045,258,protein_coding,Extracellular matrix protein FRAS1  [Source:UniProtKB/TrEMBL;Acc:A0A8J2M365],Cercopithifilaria johnstoni (PRJEB47283),protein_coding,cejohnprjeb47283
CJOHNSTONI_LOCUS10437,rna-CJOHNSTONI_LOCUS10437,196,protein_coding,Reelin domain-containing protein  [Source:UniProtKB/TrEMBL;Acc:A0A8J2Q9L3],Cercopithifilaria johnstoni (PRJEB47283),protein_coding,cejohnprjeb47283
CJOHNSTONI_LOCUS7830,rna-CJOHNSTONI_LOCUS7830,508,protein_coding,PUM-HD domain-containing protein  [Source:UniProtKB/TrEMBL;Acc:A0A8J2MA18],Cercopithifilaria johnstoni (PRJEB47283),protein_coding,cejohnprjeb47283
CJOHNSTONI_LOCUS9317,rna-CJOHNSTONI_LOCUS9317,285,protein_coding,AD domain-containing protein  [Source:UniProtKB/TrEMBL;Acc:A0A8J2MDN5],Cercopithifilaria johnstoni (PRJEB47283),protein_coding,cejohnprjeb47283
CJOHNSTONI_LOCUS3731,rna-CJOHNSTONI_LOCUS3731,201,protein_coding,betaPIX_CC domain-containing protein  [Source:UniProtKB/TrEMBL;Acc:A0A8J2MLS2],Cercopithifilaria johnstoni (PRJEB47283),protein_coding,cejohnprjeb47283
CJOHNSTONI_LOCUS650,rna-CJOHNSTONI_LOCUS650,1118,protein_coding,Gastrula zinc finger protein XlCGF57.1-like  [Source:UniProtKB/TrEMBL;Acc:A0A8J2Q879],Cercopithifilaria johnstoni (PRJEB47283),protein_coding,cejohnprjeb47283
CJOHNSTONI_LOCUS140,rna-CJOHNSTONI_LOCUS140,345,protein_coding,RING-type E3 ubiquitin transferase  [Source:UniProtKB/TrEMBL;Acc:A0A8J2MH05],Cercopithifilaria johnstoni (PRJEB47283),protein_coding,cejohnprjeb47283
CJOHNSTONI_LOCUS5324,rna-CJOHNSTONI_LOCUS5324,362,protein_coding,Afadin  [Source:UniProtKB/TrEMBL;Acc:A0A8J2LVY6],Cercopithifilaria johnstoni (PRJEB47283),protein_coding,cejohnprjeb47283
CJOHNSTONI_LOCUS3130,rna-CJOHNSTONI_LOCUS3130,711,protein_coding,Aldedh domain-containing protein  [Source:UniProtKB/TrEMBL;Acc:A0A8J2Q5B3],Cercopithifilaria johnstoni (PRJEB47283),protein_coding,cejohnprjeb47283
CJOHNSTONI_LOCUS4638,rna-CJOHNSTONI_LOCUS4638,518,protein_coding,TLE_N domain-containing protein  [Source:UniProtKB/TrEMBL;Acc:A0A8J2PT59],Cercopithifilaria johnstoni (PRJEB47283),protein_coding,cejohnprjeb47283
CJOHNSTONI_LOCUS7025,rna-CJOHNSTONI_LOCUS7025,302,protein_coding,Protein-tyrosine-phosphatase  [Source:UniProtKB/TrEMBL;Acc:A0A8J2QAL4],Cercopithifilaria johnstoni (PRJEB47283),protein_coding,cejohnprjeb47283
CJOHNSTONI_LOCUS2243,rna-CJOHNSTONI_LOCUS2243,288,protein_coding,GRIP domain-containing protein  [Source:UniProtKB/TrEMBL;Acc:A0A8J2M234],Cercopithifilaria johnstoni (PRJEB47283),protein_coding,cejohnprjeb47283
CJOHNSTONI_LOCUS1376,rna-CJOHNSTONI_LOCUS1376,275,protein_coding,Coatomer subunit gamma  [Source:UniProtKB/TrEMBL;Acc:A0A8J2LVZ0],Cercopithifilaria johnstoni (PRJEB47283),protein_coding,cejohnprjeb47283
CJOHNSTONI_LOCUS362,rna-CJOHNSTONI_LOCUS362,404,protein_coding,,Cercopithifilaria johnstoni (PRJEB47283),protein_coding,cejohnprjeb47283
CJOHNSTONI_LOCUS7249,rna-CJOHNSTONI_LOCUS7249,238,protein_coding,Zinc finger protein  [Source:UniProtKB/TrEMBL;Acc:A0A8J2M830],Cercopithifilaria johnstoni (PRJEB47283),protein_coding,cejohnprjeb47283
CJOHNSTONI_LOCUS9212,rna-CJOHNSTONI_LOCUS9212,382,protein_coding,F-box domain-containing protein  [Source:UniProtKB/TrEMBL;Acc:A0A8J2M529],Cercopithifilaria johnstoni (PRJEB47283),protein_coding,cejohnprjeb47283
CJOHNSTONI_LOCUS3430,rna-CJOHNSTONI_LOCUS3430,160,protein_coding,EMI domain-containing protein  [Source:UniProtKB/TrEMBL;Acc:A0A8J2LZN7],Cercopithifilaria johnstoni (PRJEB47283),protein_coding,cejohnprjeb47283
CJOHNSTONI_LOCUS3825,rna-CJOHNSTONI_LOCUS3825,628,protein_coding,Rho-GAP domain-containing protein  [Source:UniProtKB/TrEMBL;Acc:A0A8J2PSI0],Cercopithifilaria johnstoni (PRJEB47283),protein_coding,cejohnprjeb47283
CJOHNSTONI_LOCUS7880,rna-CJOHNSTONI_LOCUS7880,228,protein_coding,Tudor domain-containing protein  [Source:UniProtKB/TrEMBL;Acc:A0A8J2MSB3],Cercopithifilaria johnstoni (PRJEB47283),protein_coding,cejohnprjeb47283
CJOHNSTONI_LOCUS9801,rna-CJOHNSTONI_LOCUS9801,153,protein_coding,Secreted protein  [Source:UniProtKB/TrEMBL;Acc:A0A8J2MV14],Cercopithifilaria johnstoni (PRJEB47283),protein_coding,cejohnprjeb47283
CJOHNSTONI_LOCUS7089,rna-CJOHNSTONI_LOCUS7089-2,256,protein_coding,Cytosolic carboxypeptidase 1  [Source:UniProtKB/TrEMBL;Acc:A0A8J2M8W7],Cercopithifilaria johnstoni (PRJEB47283),protein_coding,cejohnprjeb47283
CJOHNSTONI_LOCUS949,rna-CJOHNSTONI_LOCUS949,239,protein_coding,C2 domain-containing protein  [Source:UniProtKB/TrEMBL;Acc:A0A8J2Q3I6],Cercopithifilaria johnstoni (PRJEB47283),protein_coding,cejohnprjeb47283
CJOHNSTONI_LOCUS2250,rna-CJOHNSTONI_LOCUS2250,256,protein_coding,PH domain-containing protein  [Source:UniProtKB/TrEMBL;Acc:A0A8J2Q1E4],Cercopithifilaria johnstoni (PRJEB47283),protein_coding,cejohnprjeb47283
CJOHNSTONI_LOCUS10144,rna-CJOHNSTONI_LOCUS10144,212,protein_coding,J domain-containing protein  [Source:UniProtKB/TrEMBL;Acc:A0A8J2MUP9],Cercopithifilaria johnstoni (PRJEB47283),protein_coding,cejohnprjeb47283
CJOHNSTONI_LOCUS7760,rna-CJOHNSTONI_LOCUS7760,184,protein_coding,,Cercopithifilaria johnstoni (PRJEB47283),protein_coding,cejohnprjeb47283
CJOHNSTONI_LOCUS9292,rna-CJOHNSTONI_LOCUS9292,278,protein_coding,Arf-GAP domain-containing protein  [Source:UniProtKB/TrEMBL;Acc:A0A8J2MBX7],Cercopithifilaria johnstoni (PRJEB47283),protein_coding,cejohnprjeb47283
CJOHNSTONI_LOCUS6374,rna-CJOHNSTONI_LOCUS6374,1338,protein_coding,Zinc finger protein 271-like  [Source:UniProtKB/TrEMBL;Acc:A0A8J2MQ86],Cercopithifilaria johnstoni (PRJEB47283),protein_coding,cejohnprjeb47283
CJOHNSTONI_LOCUS7803,rna-CJOHNSTONI_LOCUS7803,479,protein_coding,,Cercopithifilaria johnstoni (PRJEB47283),protein_coding,cejohnprjeb47283
CJOHNSTONI_LOCUS6119,rna-CJOHNSTONI_LOCUS6119,1651,protein_coding,cwf21 domain-containing protein  [Source:UniProtKB/TrEMBL;Acc:A0A8J2LZH6],Cercopithifilaria johnstoni (PRJEB47283),protein_coding,cejohnprjeb47283
CJOHNSTONI_LOCUS9117,rna-CJOHNSTONI_LOCUS9117,249,protein_coding,Apple domain-containing protein  [Source:UniProtKB/TrEMBL;Acc:A0A8J2M445],Cercopithifilaria johnstoni (PRJEB47283),protein_coding,cejohnprjeb47283
CJOHNSTONI_LOCUS2131,rna-CJOHNSTONI_LOCUS2131,203,protein_coding,Carboxylic ester hydrolase  [Source:UniProtKB/TrEMBL;Acc:A0A8J2M1X4],Cercopithifilaria johnstoni (PRJEB47283),protein_coding,cejohnprjeb47283
CJOHNSTONI_LOCUS1635,rna-CJOHNSTONI_LOCUS1635,140,protein_coding,V-SNARE coiled-coil homology domain-containing protein  [Source:UniProtKB/TrEMBL;Acc:A0A8J2LYC6],Cercopithifilaria johnstoni (PRJEB47283),protein_coding,cejohnprjeb47283
CJOHNSTONI_LOCUS2480,rna-CJOHNSTONI_LOCUS2480,224,protein_coding,Triacylglycerol lipase  [Source:UniProtKB/TrEMBL;Acc:A0A8J2LZU7],Cercopithifilaria johnstoni (PRJEB47283),protein_coding,cejohnprjeb47283
CJOHNSTONI_LOCUS5397,rna-CJOHNSTONI_LOCUS5397,229,protein_coding,Leucine Rich repeat-containing domain protein  [Source:UniProtKB/TrEMBL;Acc:A0A8J2M4T1],Cercopithifilaria johnstoni (PRJEB47283),protein_coding,cejohnprjeb47283
CJOHNSTONI_LOCUS9591,rna-CJOHNSTONI_LOCUS9591,413,protein_coding,Sphingomyelin phosphodiesterase 4  [Source:UniProtKB/TrEMBL;Acc:A0A8J2M622],Cercopithifilaria johnstoni (PRJEB47283),protein_coding,cejohnprjeb47283
CJOHNSTONI_LOCUS9906,rna-CJOHNSTONI_LOCUS9906,186,protein_coding,C-mannosyltransferase dpy-19  [Source:UniProtKB/TrEMBL;Acc:A0A8J2M5E0],Cercopithifilaria johnstoni (PRJEB47283),protein_coding,cejohnprjeb47283
CJOHNSTONI_LOCUS4917,rna-CJOHNSTONI_LOCUS4917,175,protein_coding,Homeobox domain-containing protein  [Source:UniProtKB/TrEMBL;Acc:A0A8J2Q756],Cercopithifilaria johnstoni (PRJEB47283),protein_coding,cejohnprjeb47283
CJOHNSTONI_LOCUS7960,rna-CJOHNSTONI_LOCUS7960,159,protein_coding,,Cercopithifilaria johnstoni (PRJEB47283),protein_coding,cejohnprjeb47283
CJOHNSTONI_LOCUS6394,rna-CJOHNSTONI_LOCUS6394,167,protein_coding,,Cercopithifilaria johnstoni (PRJEB47283),protein_coding,cejohnprjeb47283
CJOHNSTONI_LOCUS6217,rna-CJOHNSTONI_LOCUS6217,249,protein_coding,Elongation of very long chain fatty acids protein  [Source:UniProtKB/TrEMBL;Acc:A0A8J2M8Q3],Cercopithifilaria johnstoni (PRJEB47283),protein_coding,cejohnprjeb47283
CJOHNSTONI_LOCUS8582,rna-CJOHNSTONI_LOCUS8582,159,protein_coding,Transmembrane protein  [Source:UniProtKB/TrEMBL;Acc:A0A8J2MAM5],Cercopithifilaria johnstoni (PRJEB47283),protein_coding,cejohnprjeb47283
CJOHNSTONI_LOCUS7671,rna-CJOHNSTONI_LOCUS7671,140,protein_coding,RING-type domain-containing protein  [Source:UniProtKB/TrEMBL;Acc:A0A8J2MS23],Cercopithifilaria johnstoni (PRJEB47283),protein_coding,cejohnprjeb47283
CJOHNSTONI_LOCUS9654,rna-CJOHNSTONI_LOCUS9654,110,protein_coding,CRAL-TRIO domain-containing protein  [Source:UniProtKB/TrEMBL;Acc:A0A8J2PYD2],Cercopithifilaria johnstoni (PRJEB47283),protein_coding,cejohnprjeb47283
CJOHNSTONI_LOCUS6508,rna-CJOHNSTONI_LOCUS6508,181,protein_coding,GRIP domain-containing protein  [Source:UniProtKB/TrEMBL;Acc:A0A8J2Q1N6],Cercopithifilaria johnstoni (PRJEB47283),protein_coding,cejohnprjeb47283
CJOHNSTONI_LOCUS5385,rna-CJOHNSTONI_LOCUS5385,163,protein_coding,,Cercopithifilaria johnstoni (PRJEB47283),protein_coding,cejohnprjeb47283
CJOHNSTONI_LOCUS9029,rna-CJOHNSTONI_LOCUS9029,269,protein_coding,Protein sprouty  [Source:UniProtKB/TrEMBL;Acc:A0A8J2Q906],Cercopithifilaria johnstoni (PRJEB47283),protein_coding,cejohnprjeb47283
CJOHNSTONI_LOCUS2742,rna-CJOHNSTONI_LOCUS2742,261,protein_coding,Heme O synthase  [Source:UniProtKB/TrEMBL;Acc:A0A8J2Q1Z5],Cercopithifilaria johnstoni (PRJEB47283),protein_coding,cejohnprjeb47283
CJOHNSTONI_LOCUS1278,rna-CJOHNSTONI_LOCUS1278,520,protein_coding,Col_cuticle_N domain-containing protein  [Source:UniProtKB/TrEMBL;Acc:A0A8J2M0Q9],Cercopithifilaria johnstoni (PRJEB47283),protein_coding,cejohnprjeb47283
CJOHNSTONI_LOCUS6526,rna-CJOHNSTONI_LOCUS6526,224,protein_coding,"Succinate dehydrogenase assembly factor 4, mitochondrial  [Source:UniProtKB/TrEMBL;Acc:A0A8J2M094]",Cercopithifilaria johnstoni (PRJEB47283),protein_coding,cejohnprjeb47283
CJOHNSTONI_LOCUS387,rna-CJOHNSTONI_LOCUS387,185,protein_coding,Protein kinase domain-containing protein  [Source:UniProtKB/TrEMBL;Acc:A0A8J2Q824],Cercopithifilaria johnstoni (PRJEB47283),protein_coding,cejohnprjeb47283
CJOHNSTONI_LOCUS3999,rna-CJOHNSTONI_LOCUS3999,230,protein_coding,COesterase domain-containing protein  [Source:UniProtKB/TrEMBL;Acc:A0A8J2MMM3],Cercopithifilaria johnstoni (PRJEB47283),protein_coding,cejohnprjeb47283
CJOHNSTONI_LOCUS9334,rna-CJOHNSTONI_LOCUS9334,176,protein_coding,MFS domain-containing protein  [Source:UniProtKB/TrEMBL;Acc:A0A8J2MC03],Cercopithifilaria johnstoni (PRJEB47283),protein_coding,cejohnprjeb47283
CJOHNSTONI_LOCUS10134,rna-CJOHNSTONI_LOCUS10134,322,protein_coding,G_PROTEIN_RECEP_F1_2 domain-containing protein  [Source:UniProtKB/TrEMBL;Acc:A0A8J2MFW2],Cercopithifilaria johnstoni (PRJEB47283),protein_coding,cejohnprjeb47283
CJOHNSTONI_LOCUS2988,rna-CJOHNSTONI_LOCUS2988,244,protein_coding,,Cercopithifilaria johnstoni (PRJEB47283),protein_coding,cejohnprjeb47283
CJOHNSTONI_LOCUS7787,rna-CJOHNSTONI_LOCUS7787,237,protein_coding,Synaptogyrin  [Source:UniProtKB/TrEMBL;Acc:A0A8J2MBT5],Cercopithifilaria johnstoni (PRJEB47283),protein_coding,cejohnprjeb47283
CJOHNSTONI_LOCUS5007,rna-CJOHNSTONI_LOCUS5007,326,protein_coding,,Cercopithifilaria johnstoni (PRJEB47283),protein_coding,cejohnprjeb47283
CJOHNSTONI_LOCUS7918,rna-CJOHNSTONI_LOCUS7918,222,protein_coding,Sushi domain-containing protein  [Source:UniProtKB/TrEMBL;Acc:A0A8J2M254],Cercopithifilaria johnstoni (PRJEB47283),protein_coding,cejohnprjeb47283
CJOHNSTONI_LOCUS5612,rna-CJOHNSTONI_LOCUS5612,191,protein_coding,DNTTIP1_dimer domain-containing protein  [Source:UniProtKB/TrEMBL;Acc:A0A8J2LYH9],Cercopithifilaria johnstoni (PRJEB47283),protein_coding,cejohnprjeb47283
CJOHNSTONI_LOCUS7083,rna-CJOHNSTONI_LOCUS7083,299,protein_coding,,Cercopithifilaria johnstoni (PRJEB47283),protein_coding,cejohnprjeb47283
CJOHNSTONI_LOCUS3887,rna-CJOHNSTONI_LOCUS3887,253,protein_coding,S4 RNA-binding domain-containing protein  [Source:UniProtKB/TrEMBL;Acc:A0A8J2MLX8],Cercopithifilaria johnstoni (PRJEB47283),protein_coding,cejohnprjeb47283
CJOHNSTONI_LOCUS4417,rna-CJOHNSTONI_LOCUS4417,291,protein_coding,Tyrosine-protein kinase PR2  [Source:UniProtKB/TrEMBL;Acc:A0A8J2M2T1],Cercopithifilaria johnstoni (PRJEB47283),protein_coding,cejohnprjeb47283
CJOHNSTONI_LOCUS7819,rna-CJOHNSTONI_LOCUS7819,290,protein_coding,Myosin motor domain-containing protein  [Source:UniProtKB/TrEMBL;Acc:A0A8J2Q8M2],Cercopithifilaria johnstoni (PRJEB47283),protein_coding,cejohnprjeb47283
CJOHNSTONI_LOCUS8004,rna-CJOHNSTONI_LOCUS8004,215,protein_coding,Maturase K  [Source:UniProtKB/TrEMBL;Acc:A0A8J2MB49],Cercopithifilaria johnstoni (PRJEB47283),protein_coding,cejohnprjeb47283
CJOHNSTONI_LOCUS7712,rna-CJOHNSTONI_LOCUS7712,329,protein_coding,,Cercopithifilaria johnstoni (PRJEB47283),protein_coding,cejohnprjeb47283
CJOHNSTONI_LOCUS4442,rna-CJOHNSTONI_LOCUS4442,212,protein_coding,RRM domain-containing protein  [Source:UniProtKB/TrEMBL;Acc:A0A8J2M339],Cercopithifilaria johnstoni (PRJEB47283),protein_coding,cejohnprjeb47283
CJOHNSTONI_LOCUS9903,rna-CJOHNSTONI_LOCUS9903,203,protein_coding,Ovule protein  [Source:UniProtKB/TrEMBL;Acc:A0A8J2Q765],Cercopithifilaria johnstoni (PRJEB47283),protein_coding,cejohnprjeb47283
CJOHNSTONI_LOCUS6226,rna-CJOHNSTONI_LOCUS6226-2,220,protein_coding,ATP synthase mitochondrial F1 complex assembly factor 2  [Source:UniProtKB/TrEMBL;Acc:A0A8J2M5M1],Cercopithifilaria johnstoni (PRJEB47283),protein_coding,cejohnprjeb47283
CJOHNSTONI_LOCUS10195,rna-CJOHNSTONI_LOCUS10195,193,protein_coding,GBD/FH3 domain-containing protein  [Source:UniProtKB/TrEMBL;Acc:A0A8J2M7Q5],Cercopithifilaria johnstoni (PRJEB47283),protein_coding,cejohnprjeb47283
CJOHNSTONI_LOCUS10329,rna-CJOHNSTONI_LOCUS10329,179,protein_coding,Small ubiquitin-related modifier  [Source:UniProtKB/TrEMBL;Acc:A0A8J2MDK6],Cercopithifilaria johnstoni (PRJEB47283),protein_coding,cejohnprjeb47283
CJOHNSTONI_LOCUS1968,rna-CJOHNSTONI_LOCUS1968,319,protein_coding,,Cercopithifilaria johnstoni (PRJEB47283),protein_coding,cejohnprjeb47283
CJOHNSTONI_LOCUS1815,rna-CJOHNSTONI_LOCUS1815,118,protein_coding,Carbonic anhydrase  [Source:UniProtKB/TrEMBL;Acc:A0A8J2LYL2],Cercopithifilaria johnstoni (PRJEB47283),protein_coding,cejohnprjeb47283
CJOHNSTONI_LOCUS3776,rna-CJOHNSTONI_LOCUS3776,226,protein_coding,Sm domain-containing protein  [Source:UniProtKB/TrEMBL;Acc:A0A8J2M086],Cercopithifilaria johnstoni (PRJEB47283),protein_coding,cejohnprjeb47283
CJOHNSTONI_LOCUS6533,rna-CJOHNSTONI_LOCUS6533,195,protein_coding,DNA methyltransferase 1-associated protein 1  [Source:UniProtKB/TrEMBL;Acc:A0A8J2M7L7],Cercopithifilaria johnstoni (PRJEB47283),protein_coding,cejohnprjeb47283
CJOHNSTONI_LOCUS9093,rna-CJOHNSTONI_LOCUS9093,213,protein_coding,,Cercopithifilaria johnstoni (PRJEB47283),protein_coding,cejohnprjeb47283
CJOHNSTONI_LOCUS8196,rna-CJOHNSTONI_LOCUS8196,322,protein_coding,Tudor domain-containing protein  [Source:UniProtKB/TrEMBL;Acc:A0A8J2MD20],Cercopithifilaria johnstoni (PRJEB47283),protein_coding,cejohnprjeb47283
CJOHNSTONI_LOCUS3119,rna-CJOHNSTONI_LOCUS3119,188,protein_coding,PITH domain-containing protein  [Source:UniProtKB/TrEMBL;Acc:A0A8J2PYP7],Cercopithifilaria johnstoni (PRJEB47283),protein_coding,cejohnprjeb47283
CJOHNSTONI_LOCUS468,rna-CJOHNSTONI_LOCUS468,199,protein_coding,,Cercopithifilaria johnstoni (PRJEB47283),protein_coding,cejohnprjeb47283
CJOHNSTONI_LOCUS10127,rna-CJOHNSTONI_LOCUS10127,220,protein_coding,Piwi domain-containing protein  [Source:UniProtKB/TrEMBL;Acc:A0A8J2M5N5],Cercopithifilaria johnstoni (PRJEB47283),protein_coding,cejohnprjeb47283
CJOHNSTONI_LOCUS1764,rna-CJOHNSTONI_LOCUS1764,181,protein_coding,S-adenosyl-L-methionine-dependent methyltransferase  [Source:UniProtKB/TrEMBL;Acc:A0A8J2PQR6],Cercopithifilaria johnstoni (PRJEB47283),protein_coding,cejohnprjeb47283
CJOHNSTONI_LOCUS2389,rna-CJOHNSTONI_LOCUS2389,166,protein_coding,Coatomer_WDAD domain-containing protein  [Source:UniProtKB/TrEMBL;Acc:A0A8J2LXH9],Cercopithifilaria johnstoni (PRJEB47283),protein_coding,cejohnprjeb47283
CJOHNSTONI_LOCUS8280,rna-CJOHNSTONI_LOCUS8280,207,protein_coding,DUF3591 domain-containing protein  [Source:UniProtKB/TrEMBL;Acc:A0A8J2MBR0],Cercopithifilaria johnstoni (PRJEB47283),protein_coding,cejohnprjeb47283
CJOHNSTONI_LOCUS6755,rna-CJOHNSTONI_LOCUS6755,186,protein_coding,,Cercopithifilaria johnstoni (PRJEB47283),protein_coding,cejohnprjeb47283
CJOHNSTONI_LOCUS3827,rna-CJOHNSTONI_LOCUS3827,199,protein_coding,Col_cuticle_N domain-containing protein  [Source:UniProtKB/TrEMBL;Acc:A0A8J2PZC3],Cercopithifilaria johnstoni (PRJEB47283),protein_coding,cejohnprjeb47283
CJOHNSTONI_LOCUS4650,rna-CJOHNSTONI_LOCUS4650,5810,protein_coding,Calponin-homology (CH) domain-containing protein  [Source:UniProtKB/TrEMBL;Acc:A0A8J2M3L2],Cercopithifilaria johnstoni (PRJEB47283),protein_coding,cejohnprjeb47283
CJOHNSTONI_LOCUS3306,rna-CJOHNSTONI_LOCUS3306,106,protein_coding,,Cercopithifilaria johnstoni (PRJEB47283),protein_coding,cejohnprjeb47283
CJOHNSTONI_LOCUS5882,rna-CJOHNSTONI_LOCUS5882,281,protein_coding,Cytosolic Fe-S cluster assembly factor NUBP1 homolog  [Source:UniProtKB/TrEMBL;Acc:A0A8J2Q137],Cercopithifilaria johnstoni (PRJEB47283),protein_coding,cejohnprjeb47283
CJOHNSTONI_LOCUS8531,rna-CJOHNSTONI_LOCUS8531,207,protein_coding,CYCLIN domain-containing protein  [Source:UniProtKB/TrEMBL;Acc:A0A8J2MA75],Cercopithifilaria johnstoni (PRJEB47283),protein_coding,cejohnprjeb47283
CJOHNSTONI_LOCUS619,rna-CJOHNSTONI_LOCUS619,269,protein_coding,Protein unc-79  [Source:UniProtKB/TrEMBL;Acc:A0A8J2PVP7],Cercopithifilaria johnstoni (PRJEB47283),protein_coding,cejohnprjeb47283
CJOHNSTONI_LOCUS3539,rna-CJOHNSTONI_LOCUS3539,476,protein_coding,Alpha-xylosidase  [Source:UniProtKB/TrEMBL;Acc:A0A8J2LU70],Cercopithifilaria johnstoni (PRJEB47283),protein_coding,cejohnprjeb47283
CJOHNSTONI_LOCUS10148,rna-CJOHNSTONI_LOCUS10148,299,protein_coding,E3 ubiquitin-protein ligase listerin  [Source:UniProtKB/TrEMBL;Acc:A0A8J2MEW3],Cercopithifilaria johnstoni (PRJEB47283),protein_coding,cejohnprjeb47283
CJOHNSTONI_LOCUS9167,rna-CJOHNSTONI_LOCUS9167,268,protein_coding,5'-AMP-activated protein kinase subunit gamma-2  [Source:UniProtKB/TrEMBL;Acc:A0A8J2MBP2],Cercopithifilaria johnstoni (PRJEB47283),protein_coding,cejohnprjeb47283
CJOHNSTONI_LOCUS3714,rna-CJOHNSTONI_LOCUS3714,264,protein_coding,T6PP_N domain-containing protein  [Source:UniProtKB/TrEMBL;Acc:A0A8J2M207],Cercopithifilaria johnstoni (PRJEB47283),protein_coding,cejohnprjeb47283
CJOHNSTONI_LOCUS3448,rna-CJOHNSTONI_LOCUS3448,219,protein_coding,ZP domain-containing protein  [Source:UniProtKB/TrEMBL;Acc:A0A8J2MLY3],Cercopithifilaria johnstoni (PRJEB47283),protein_coding,cejohnprjeb47283
CJOHNSTONI_LOCUS2675,rna-CJOHNSTONI_LOCUS2675,197,protein_coding,Calcipressin-2  [Source:UniProtKB/TrEMBL;Acc:A0A8J2LSF9],Cercopithifilaria johnstoni (PRJEB47283),protein_coding,cejohnprjeb47283
CJOHNSTONI_LOCUS526,rna-CJOHNSTONI_LOCUS526,191,protein_coding,,Cercopithifilaria johnstoni (PRJEB47283),protein_coding,cejohnprjeb47283
CJOHNSTONI_LOCUS416,rna-CJOHNSTONI_LOCUS416,189,protein_coding,,Cercopithifilaria johnstoni (PRJEB47283),protein_coding,cejohnprjeb47283
CJOHNSTONI_LOCUS6870,rna-CJOHNSTONI_LOCUS6870,188,protein_coding,Cell division cycle 5-like protein  [Source:UniProtKB/TrEMBL;Acc:A0A8J2M8I7],Cercopithifilaria johnstoni (PRJEB47283),protein_coding,cejohnprjeb47283
CJOHNSTONI_LOCUS8797,rna-CJOHNSTONI_LOCUS8797,283,protein_coding,Complex I-B14.7  [Source:UniProtKB/TrEMBL;Acc:A0A8J2QAZ5],Cercopithifilaria johnstoni (PRJEB47283),protein_coding,cejohnprjeb47283
CJOHNSTONI_LOCUS10319,rna-CJOHNSTONI_LOCUS10319,245,protein_coding,PINc domain-containing protein  [Source:UniProtKB/TrEMBL;Acc:A0A8J2MVP5],Cercopithifilaria johnstoni (PRJEB47283),protein_coding,cejohnprjeb47283
CJOHNSTONI_LOCUS9623,rna-CJOHNSTONI_LOCUS9623,170,protein_coding,PH domain-containing protein  [Source:UniProtKB/TrEMBL;Acc:A0A8J2MDY4],Cercopithifilaria johnstoni (PRJEB47283),protein_coding,cejohnprjeb47283
CJOHNSTONI_LOCUS1828,rna-CJOHNSTONI_LOCUS1828,378,protein_coding,Actin  [Source:UniProtKB/TrEMBL;Acc:A0A8J2LYM5],Cercopithifilaria johnstoni (PRJEB47283),protein_coding,cejohnprjeb47283
CJOHNSTONI_LOCUS10467,rna-CJOHNSTONI_LOCUS10467,440,protein_coding,WD_REPEATS_REGION domain-containing protein  [Source:UniProtKB/TrEMBL;Acc:A0A8J2Q4R7],Cercopithifilaria johnstoni (PRJEB47283),protein_coding,cejohnprjeb47283
CJOHNSTONI_LOCUS5218,rna-CJOHNSTONI_LOCUS5218,777,protein_coding,Apple domain-containing protein  [Source:UniProtKB/TrEMBL;Acc:A0A8J2QA80],Cercopithifilaria johnstoni (PRJEB47283),protein_coding,cejohnprjeb47283
CJOHNSTONI_LOCUS1633,rna-CJOHNSTONI_LOCUS1633,260,protein_coding,Alkylated DNA repair protein alkB homolog 8  [Source:UniProtKB/TrEMBL;Acc:A0A8J2LWF1],Cercopithifilaria johnstoni (PRJEB47283),protein_coding,cejohnprjeb47283
CJOHNSTONI_LOCUS4823,rna-CJOHNSTONI_LOCUS4823,255,protein_coding,Non-specific serine/threonine protein kinase  [Source:UniProtKB/TrEMBL;Acc:A0A8J2Q738],Cercopithifilaria johnstoni (PRJEB47283),protein_coding,cejohnprjeb47283
CJOHNSTONI_LOCUS2437,rna-CJOHNSTONI_LOCUS2437,230,protein_coding,BTB domain-containing protein  [Source:UniProtKB/TrEMBL;Acc:A0A8J2Q1J7],Cercopithifilaria johnstoni (PRJEB47283),protein_coding,cejohnprjeb47283
CJOHNSTONI_LOCUS9327,rna-CJOHNSTONI_LOCUS9327,228,protein_coding,,Cercopithifilaria johnstoni (PRJEB47283),protein_coding,cejohnprjeb47283
CJOHNSTONI_LOCUS1650,rna-CJOHNSTONI_LOCUS1650,242,protein_coding,60S ribosomal protein L11  [Source:UniProtKB/TrEMBL;Acc:A0A8J2PWS7],Cercopithifilaria johnstoni (PRJEB47283),protein_coding,cejohnprjeb47283
CJOHNSTONI_LOCUS6471,rna-CJOHNSTONI_LOCUS6471,204,protein_coding,,Cercopithifilaria johnstoni (PRJEB47283),protein_coding,cejohnprjeb47283
CJOHNSTONI_LOCUS9901,rna-CJOHNSTONI_LOCUS9901,204,protein_coding,Mitogen-activated protein kinase  [Source:UniProtKB/TrEMBL;Acc:A0A8J2MCQ6],Cercopithifilaria johnstoni (PRJEB47283),protein_coding,cejohnprjeb47283
CJOHNSTONI_LOCUS9589,rna-CJOHNSTONI_LOCUS9589,188,protein_coding,NTF2-related export protein  [Source:UniProtKB/TrEMBL;Acc:A0A8J2QB52],Cercopithifilaria johnstoni (PRJEB47283),protein_coding,cejohnprjeb47283
CJOHNSTONI_LOCUS2177,rna-CJOHNSTONI_LOCUS2177,161,protein_coding,PIH1_CS domain-containing protein  [Source:UniProtKB/TrEMBL;Acc:A0A8J2LX28],Cercopithifilaria johnstoni (PRJEB47283),protein_coding,cejohnprjeb47283
CJOHNSTONI_LOCUS8292,rna-CJOHNSTONI_LOCUS8292,133,protein_coding,Tctex1 domain-containing protein 2  [Source:UniProtKB/TrEMBL;Acc:A0A8J2MSQ7],Cercopithifilaria johnstoni (PRJEB47283),protein_coding,cejohnprjeb47283
CJOHNSTONI_LOCUS2345,rna-CJOHNSTONI_LOCUS2345,167,protein_coding,Proteasome activator complex subunit 3  [Source:UniProtKB/TrEMBL;Acc:A0A8J2M2A2],Cercopithifilaria johnstoni (PRJEB47283),protein_coding,cejohnprjeb47283
CJOHNSTONI_LOCUS3689,rna-CJOHNSTONI_LOCUS3689,239,protein_coding,,Cercopithifilaria johnstoni (PRJEB47283),protein_coding,cejohnprjeb47283
CJOHNSTONI_LOCUS418,rna-CJOHNSTONI_LOCUS418,278,protein_coding,,Cercopithifilaria johnstoni (PRJEB47283),protein_coding,cejohnprjeb47283
CJOHNSTONI_LOCUS9515,rna-CJOHNSTONI_LOCUS9515,259,protein_coding,glutaminyl-peptide cyclotransferase  [Source:UniProtKB/TrEMBL;Acc:A0A8J2Q6Y2],Cercopithifilaria johnstoni (PRJEB47283),protein_coding,cejohnprjeb47283
CJOHNSTONI_LOCUS8867,rna-CJOHNSTONI_LOCUS8867,206,protein_coding,"Succinate dehydrogenase [ubiquinone] flavoprotein subunit, mitochondrial  [Source:UniProtKB/TrEMBL;Acc:A0A8J2MTF1]",Cercopithifilaria johnstoni (PRJEB47283),protein_coding,cejohnprjeb47283
CJOHNSTONI_LOCUS3269,rna-CJOHNSTONI_LOCUS3269,342,protein_coding,Spindle pole body component  [Source:UniProtKB/TrEMBL;Acc:A0A8J2M174],Cercopithifilaria johnstoni (PRJEB47283),protein_coding,cejohnprjeb47283
CJOHNSTONI_LOCUS6914,rna-CJOHNSTONI_LOCUS6914,264,protein_coding,MADF domain-containing protein  [Source:UniProtKB/TrEMBL;Acc:A0A8J2M8J0],Cercopithifilaria johnstoni (PRJEB47283),protein_coding,cejohnprjeb47283
CJOHNSTONI_LOCUS8073,rna-CJOHNSTONI_LOCUS8073,179,protein_coding,Cytochrome-b5 reductase  [Source:UniProtKB/TrEMBL;Acc:A0A8J2MBA1],Cercopithifilaria johnstoni (PRJEB47283),protein_coding,cejohnprjeb47283
CJOHNSTONI_LOCUS5013,rna-CJOHNSTONI_LOCUS5013,271,protein_coding,FSA_C domain-containing protein  [Source:UniProtKB/TrEMBL;Acc:A0A8J2PTI1],Cercopithifilaria johnstoni (PRJEB47283),protein_coding,cejohnprjeb47283
CJOHNSTONI_LOCUS6361,rna-CJOHNSTONI_LOCUS6361,260,protein_coding,DRBM domain-containing protein  [Source:UniProtKB/TrEMBL;Acc:A0A8J2MQB8],Cercopithifilaria johnstoni (PRJEB47283),protein_coding,cejohnprjeb47283
CJOHNSTONI_LOCUS1473,rna-CJOHNSTONI_LOCUS1473,192,protein_coding,NAD(P)-binding protein  [Source:UniProtKB/TrEMBL;Acc:A0A8J2Q0S6],Cercopithifilaria johnstoni (PRJEB47283),protein_coding,cejohnprjeb47283
CJOHNSTONI_LOCUS7851,rna-CJOHNSTONI_LOCUS7851,230,protein_coding,Transcription initiation factor TFIID subunit 13  [Source:UniProtKB/TrEMBL;Acc:A0A8J2QAS5],Cercopithifilaria johnstoni (PRJEB47283),protein_coding,cejohnprjeb47283
CJOHNSTONI_LOCUS7928,rna-CJOHNSTONI_LOCUS7928,176,protein_coding,,Cercopithifilaria johnstoni (PRJEB47283),protein_coding,cejohnprjeb47283
CJOHNSTONI_LOCUS2745,rna-CJOHNSTONI_LOCUS2745,212,protein_coding,M20_dimer domain-containing protein  [Source:UniProtKB/TrEMBL;Acc:A0A8J2LQ17],Cercopithifilaria johnstoni (PRJEB47283),protein_coding,cejohnprjeb47283
CJOHNSTONI_LOCUS2056,rna-CJOHNSTONI_LOCUS2056,210,protein_coding,PH domain-containing protein  [Source:UniProtKB/TrEMBL;Acc:A0A8J2LXA8],Cercopithifilaria johnstoni (PRJEB47283),protein_coding,cejohnprjeb47283
CJOHNSTONI_LOCUS3006,rna-CJOHNSTONI_LOCUS3006,208,protein_coding,Myosin light chain 3  [Source:UniProtKB/TrEMBL;Acc:A0A8J2Q579],Cercopithifilaria johnstoni (PRJEB47283),protein_coding,cejohnprjeb47283
CJOHNSTONI_LOCUS5078,rna-CJOHNSTONI_LOCUS5078,132,protein_coding,,Cercopithifilaria johnstoni (PRJEB47283),protein_coding,cejohnprjeb47283
CJOHNSTONI_LOCUS1595,rna-CJOHNSTONI_LOCUS1595,107,protein_coding,GLUCAGON domain-containing protein  [Source:UniProtKB/TrEMBL;Acc:A0A8J2PWQ9],Cercopithifilaria johnstoni (PRJEB47283),protein_coding,cejohnprjeb47283
CJOHNSTONI_LOCUS8206,rna-CJOHNSTONI_LOCUS8206,196,protein_coding,Protein Wnt  [Source:UniProtKB/TrEMBL;Acc:A0A8J2MSM3],Cercopithifilaria johnstoni (PRJEB47283),protein_coding,cejohnprjeb47283
CJOHNSTONI_LOCUS4513,rna-CJOHNSTONI_LOCUS4513,182,protein_coding,Lysosome-associated membrane glycoprotein 1  [Source:UniProtKB/TrEMBL;Acc:A0A8J2M3L1],Cercopithifilaria johnstoni (PRJEB47283),protein_coding,cejohnprjeb47283
CJOHNSTONI_LOCUS5808,rna-CJOHNSTONI_LOCUS5808,206,protein_coding,,Cercopithifilaria johnstoni (PRJEB47283),protein_coding,cejohnprjeb47283
CJOHNSTONI_LOCUS5908,rna-CJOHNSTONI_LOCUS5908,376,protein_coding,Activin_recp domain-containing protein  [Source:UniProtKB/TrEMBL;Acc:A0A8J2PU81],Cercopithifilaria johnstoni (PRJEB47283),protein_coding,cejohnprjeb47283
CJOHNSTONI_LOCUS7170,rna-CJOHNSTONI_LOCUS7170,259,protein_coding,UNC93-like protein MFSD11  [Source:UniProtKB/TrEMBL;Acc:A0A8J2Q8D9],Cercopithifilaria johnstoni (PRJEB47283),protein_coding,cejohnprjeb47283
CJOHNSTONI_LOCUS10456,rna-CJOHNSTONI_LOCUS10456,241,protein_coding,MFS domain-containing protein  [Source:UniProtKB/TrEMBL;Acc:A0A8J2MDS6],Cercopithifilaria johnstoni (PRJEB47283),protein_coding,cejohnprjeb47283
CJOHNSTONI_LOCUS5375,rna-CJOHNSTONI_LOCUS5375,263,protein_coding,Sulfotransfer_1 domain-containing protein  [Source:UniProtKB/TrEMBL;Acc:A0A8J2Q499],Cercopithifilaria johnstoni (PRJEB47283),protein_coding,cejohnprjeb47283
CJOHNSTONI_LOCUS1162,rna-CJOHNSTONI_LOCUS1162,240,protein_coding,Copine domain-containing protein  [Source:UniProtKB/TrEMBL;Acc:A0A8J2Q8F8],Cercopithifilaria johnstoni (PRJEB47283),protein_coding,cejohnprjeb47283
CJOHNSTONI_LOCUS8516,rna-CJOHNSTONI_LOCUS8516-2,341,protein_coding,polynucleotide adenylyltransferase  [Source:UniProtKB/TrEMBL;Acc:A0A8J2Q392],Cercopithifilaria johnstoni (PRJEB47283),protein_coding,cejohnprjeb47283
CJOHNSTONI_LOCUS10267,rna-CJOHNSTONI_LOCUS10267,431,protein_coding,,Cercopithifilaria johnstoni (PRJEB47283),protein_coding,cejohnprjeb47283
CJOHNSTONI_LOCUS9592,rna-CJOHNSTONI_LOCUS9592,236,protein_coding,XRN2-binding (XTBD) domain-containing protein  [Source:UniProtKB/TrEMBL;Acc:A0A8J2MCE5],Cercopithifilaria johnstoni (PRJEB47283),protein_coding,cejohnprjeb47283
CJOHNSTONI_LOCUS8792,rna-CJOHNSTONI_LOCUS8792,261,protein_coding,Ubiquitinyl hydrolase 1  [Source:UniProtKB/TrEMBL;Acc:A0A8J2MB11],Cercopithifilaria johnstoni (PRJEB47283),protein_coding,cejohnprjeb47283
CJOHNSTONI_LOCUS1302,rna-CJOHNSTONI_LOCUS1302,363,protein_coding,HDAC_interact domain-containing protein  [Source:UniProtKB/TrEMBL;Acc:A0A8J2Q8I7],Cercopithifilaria johnstoni (PRJEB47283),protein_coding,cejohnprjeb47283
CJOHNSTONI_LOCUS10474,rna-CJOHNSTONI_LOCUS10474,224,protein_coding,Laminin  [Source:UniProtKB/TrEMBL;Acc:A0A8J2MHF0],Cercopithifilaria johnstoni (PRJEB47283),protein_coding,cejohnprjeb47283
CJOHNSTONI_LOCUS790,rna-CJOHNSTONI_LOCUS790,258,protein_coding,Zyg eleven-related protein 1  [Source:UniProtKB/TrEMBL;Acc:A0A8J2Q8A0],Cercopithifilaria johnstoni (PRJEB47283),protein_coding,cejohnprjeb47283
CJOHNSTONI_LOCUS9835,rna-CJOHNSTONI_LOCUS9835,2405,protein_coding,SH2 domain-containing protein  [Source:UniProtKB/TrEMBL;Acc:A0A8J2Q9C5],Cercopithifilaria johnstoni (PRJEB47283),protein_coding,cejohnprjeb47283
CJOHNSTONI_LOCUS2724,rna-CJOHNSTONI_LOCUS2724,223,protein_coding,Phosphoprotein  [Source:UniProtKB/TrEMBL;Acc:A0A8J2LYY7],Cercopithifilaria johnstoni (PRJEB47283),protein_coding,cejohnprjeb47283
CJOHNSTONI_LOCUS3335,rna-CJOHNSTONI_LOCUS3335,221,protein_coding,Alsin  [Source:UniProtKB/TrEMBL;Acc:A0A8J2M1H1],Cercopithifilaria johnstoni (PRJEB47283),protein_coding,cejohnprjeb47283
CJOHNSTONI_LOCUS10251,rna-CJOHNSTONI_LOCUS10251,366,protein_coding,Protein kinase domain-containing protein  [Source:UniProtKB/TrEMBL;Acc:A0A8J2MH21],Cercopithifilaria johnstoni (PRJEB47283),protein_coding,cejohnprjeb47283
CJOHNSTONI_LOCUS5760,rna-CJOHNSTONI_LOCUS5760,383,protein_coding,RRM domain-containing protein  [Source:UniProtKB/TrEMBL;Acc:A0A8J2Q7M1],Cercopithifilaria johnstoni (PRJEB47283),protein_coding,cejohnprjeb47283
CJOHNSTONI_LOCUS4934,rna-CJOHNSTONI_LOCUS4934,311,protein_coding,Tyrosine-protein phosphatase non-receptor type 14  [Source:UniProtKB/TrEMBL;Acc:A0A8J2QA59],Cercopithifilaria johnstoni (PRJEB47283),protein_coding,cejohnprjeb47283
CJOHNSTONI_LOCUS6108,rna-CJOHNSTONI_LOCUS6108,215,protein_coding,Pkinase-domain-containing protein  [Source:UniProtKB/TrEMBL;Acc:A0A8J2MPX1],Cercopithifilaria johnstoni (PRJEB47283),protein_coding,cejohnprjeb47283
CJOHNSTONI_LOCUS2582,rna-CJOHNSTONI_LOCUS2582,202,protein_coding,FAD_binding_3 domain-containing protein  [Source:UniProtKB/TrEMBL;Acc:A0A8J2PY68],Cercopithifilaria johnstoni (PRJEB47283),protein_coding,cejohnprjeb47283
CJOHNSTONI_LOCUS3663,rna-CJOHNSTONI_LOCUS3663,202,protein_coding,F-box domain-containing protein  [Source:UniProtKB/TrEMBL;Acc:A0A8J2PZ63],Cercopithifilaria johnstoni (PRJEB47283),protein_coding,cejohnprjeb47283
CJOHNSTONI_LOCUS81,rna-CJOHNSTONI_LOCUS81,164,protein_coding,Rad60-SLD_2 domain-containing protein  [Source:UniProtKB/TrEMBL;Acc:A0A8J2LKR6],Cercopithifilaria johnstoni (PRJEB47283),protein_coding,cejohnprjeb47283
CJOHNSTONI_LOCUS1584,rna-CJOHNSTONI_LOCUS1584,378,protein_coding,BZIP domain-containing protein  [Source:UniProtKB/TrEMBL;Acc:A0A8J2LQC1],Cercopithifilaria johnstoni (PRJEB47283),protein_coding,cejohnprjeb47283
CJOHNSTONI_LOCUS2184,rna-CJOHNSTONI_LOCUS2184,348,protein_coding,Multiple epidermal growth factor-like domains protein 6  [Source:UniProtKB/TrEMBL;Acc:A0A8J2LP56],Cercopithifilaria johnstoni (PRJEB47283),protein_coding,cejohnprjeb47283
CJOHNSTONI_LOCUS10359,rna-CJOHNSTONI_LOCUS10359,218,protein_coding,Phorbol-ester/DAG-type domain-containing protein  [Source:UniProtKB/TrEMBL;Acc:A0A8J2MUZ8],Cercopithifilaria johnstoni (PRJEB47283),protein_coding,cejohnprjeb47283
CJOHNSTONI_LOCUS1392,rna-CJOHNSTONI_LOCUS1392,215,protein_coding,Secreted protein  [Source:UniProtKB/TrEMBL;Acc:A0A8J2MIY6],Cercopithifilaria johnstoni (PRJEB47283),protein_coding,cejohnprjeb47283
CJOHNSTONI_LOCUS581,rna-CJOHNSTONI_LOCUS581,388,protein_coding,C2H2-type domain-containing protein  [Source:UniProtKB/TrEMBL;Acc:A0A8J2LLI3],Cercopithifilaria johnstoni (PRJEB47283),protein_coding,cejohnprjeb47283
CJOHNSTONI_LOCUS10415,rna-CJOHNSTONI_LOCUS10415,187,protein_coding,,Cercopithifilaria johnstoni (PRJEB47283),protein_coding,cejohnprjeb47283
CJOHNSTONI_LOCUS4568,rna-CJOHNSTONI_LOCUS4568,156,protein_coding,Ion_trans_2 domain-containing protein  [Source:UniProtKB/TrEMBL;Acc:A0A8J2M5R9],Cercopithifilaria johnstoni (PRJEB47283),protein_coding,cejohnprjeb47283
CJOHNSTONI_LOCUS3019,rna-CJOHNSTONI_LOCUS3019,203,protein_coding,Vacuolar-sorting protein SNF8  [Source:UniProtKB/TrEMBL;Acc:A0A8J2M0E3],Cercopithifilaria johnstoni (PRJEB47283),protein_coding,cejohnprjeb47283
CJOHNSTONI_LOCUS8029,rna-CJOHNSTONI_LOCUS8029,143,protein_coding,Protein espinas  [Source:UniProtKB/TrEMBL;Acc:A0A8J2MCB9],Cercopithifilaria johnstoni (PRJEB47283),protein_coding,cejohnprjeb47283
CJOHNSTONI_LOCUS3456,rna-CJOHNSTONI_LOCUS3456,178,protein_coding,Endonuclease  [Source:UniProtKB/TrEMBL;Acc:A0A8J2Q2I2],Cercopithifilaria johnstoni (PRJEB47283),protein_coding,cejohnprjeb47283
CJOHNSTONI_LOCUS7351,rna-CJOHNSTONI_LOCUS7351,310,protein_coding,Peptide transporter 3  [Source:UniProtKB/TrEMBL;Acc:A0A8J2M7S6],Cercopithifilaria johnstoni (PRJEB47283),protein_coding,cejohnprjeb47283
CJOHNSTONI_LOCUS660,rna-CJOHNSTONI_LOCUS660,218,protein_coding,Ribosome biogenesis protein BRX1 homolog  [Source:UniProtKB/TrEMBL;Acc:A0A8J2PPR3],Cercopithifilaria johnstoni (PRJEB47283),protein_coding,cejohnprjeb47283
CJOHNSTONI_LOCUS4254,rna-CJOHNSTONI_LOCUS4254,197,protein_coding,CAAX prenyl protease  [Source:UniProtKB/TrEMBL;Acc:A0A8J2M2X5],Cercopithifilaria johnstoni (PRJEB47283),protein_coding,cejohnprjeb47283
CJOHNSTONI_LOCUS6338,rna-CJOHNSTONI_LOCUS6338,200,protein_coding,DNL-type domain-containing protein  [Source:UniProtKB/TrEMBL;Acc:A0A8J2M783],Cercopithifilaria johnstoni (PRJEB47283),protein_coding,cejohnprjeb47283
CJOHNSTONI_LOCUS4603,rna-CJOHNSTONI_LOCUS4603,203,protein_coding,Secreted protein  [Source:UniProtKB/TrEMBL;Acc:A0A8J2LWA1],Cercopithifilaria johnstoni (PRJEB47283),protein_coding,cejohnprjeb47283
CJOHNSTONI_LOCUS1588,rna-CJOHNSTONI_LOCUS1588,803,protein_coding,FERM domain-containing protein  [Source:UniProtKB/TrEMBL;Acc:A0A8J2LY80],Cercopithifilaria johnstoni (PRJEB47283),protein_coding,cejohnprjeb47283
CJOHNSTONI_LOCUS4761,rna-CJOHNSTONI_LOCUS4761,192,protein_coding,Ribonuclease  [Source:UniProtKB/TrEMBL;Acc:A0A8J2LWK5],Cercopithifilaria johnstoni (PRJEB47283),protein_coding,cejohnprjeb47283
CJOHNSTONI_LOCUS9138,rna-CJOHNSTONI_LOCUS9138,177,protein_coding,V-SNARE coiled-coil homology domain-containing protein  [Source:UniProtKB/TrEMBL;Acc:A0A8J2MD10],Cercopithifilaria johnstoni (PRJEB47283),protein_coding,cejohnprjeb47283
CJOHNSTONI_LOCUS2190,rna-CJOHNSTONI_LOCUS2190,274,protein_coding,DM13 domain-containing protein  [Source:UniProtKB/TrEMBL;Acc:A0A8J2LZC2],Cercopithifilaria johnstoni (PRJEB47283),protein_coding,cejohnprjeb47283
CJOHNSTONI_LOCUS7130,rna-CJOHNSTONI_LOCUS7130,312,protein_coding,Elongation factor 1-alpha  [Source:UniProtKB/TrEMBL;Acc:A0A8J2PVD1],Cercopithifilaria johnstoni (PRJEB47283),protein_coding,cejohnprjeb47283
CJOHNSTONI_LOCUS10496,rna-CJOHNSTONI_LOCUS10496,301,protein_coding,Orfan  [Source:UniProtKB/TrEMBL;Acc:A0A8J2Q4S6],Cercopithifilaria johnstoni (PRJEB47283),protein_coding,cejohnprjeb47283
CJOHNSTONI_LOCUS477,rna-CJOHNSTONI_LOCUS477,266,protein_coding,,Cercopithifilaria johnstoni (PRJEB47283),protein_coding,cejohnprjeb47283
CJOHNSTONI_LOCUS7560,rna-CJOHNSTONI_LOCUS7560,338,protein_coding,Ovule protein  [Source:UniProtKB/TrEMBL;Acc:A0A8J2MRX1],Cercopithifilaria johnstoni (PRJEB47283),protein_coding,cejohnprjeb47283
CJOHNSTONI_LOCUS9968,rna-CJOHNSTONI_LOCUS9968,219,protein_coding,DUF4097 domain-containing protein  [Source:UniProtKB/TrEMBL;Acc:A0A8J2MFE0],Cercopithifilaria johnstoni (PRJEB47283),protein_coding,cejohnprjeb47283
CJOHNSTONI_LOCUS5139,rna-CJOHNSTONI_LOCUS5139,176,protein_coding,,Cercopithifilaria johnstoni (PRJEB47283),protein_coding,cejohnprjeb47283
CJOHNSTONI_LOCUS7738,rna-CJOHNSTONI_LOCUS7738,173,protein_coding,Tetratricopeptide repeat protein 38  [Source:UniProtKB/TrEMBL;Acc:A0A8J2M8L0],Cercopithifilaria johnstoni (PRJEB47283),protein_coding,cejohnprjeb47283
CJOHNSTONI_LOCUS6535,rna-CJOHNSTONI_LOCUS6535,172,protein_coding,Myotubularin phosphatase domain-containing protein  [Source:UniProtKB/TrEMBL;Acc:A0A8J2Q829],Cercopithifilaria johnstoni (PRJEB47283),protein_coding,cejohnprjeb47283
CJOHNSTONI_LOCUS8205,rna-CJOHNSTONI_LOCUS8205,253,protein_coding,BLVR domain-containing protein  [Source:UniProtKB/TrEMBL;Acc:A0A8J2M9J5],Cercopithifilaria johnstoni (PRJEB47283),protein_coding,cejohnprjeb47283
CJOHNSTONI_LOCUS4356,rna-CJOHNSTONI_LOCUS4356,152,protein_coding,Transthyretin-like family protein  [Source:UniProtKB/TrEMBL;Acc:A0A8J2LSZ1],Cercopithifilaria johnstoni (PRJEB47283),protein_coding,cejohnprjeb47283
CJOHNSTONI_LOCUS6476,rna-CJOHNSTONI_LOCUS6476,175,protein_coding,Sepiapterin reductase  [Source:UniProtKB/TrEMBL;Acc:A0A8J2Q817],Cercopithifilaria johnstoni (PRJEB47283),protein_coding,cejohnprjeb47283
CJOHNSTONI_LOCUS3496,rna-CJOHNSTONI_LOCUS3496,205,protein_coding,CIA30 domain-containing protein  [Source:UniProtKB/TrEMBL;Acc:A0A8J2PZ09],Cercopithifilaria johnstoni (PRJEB47283),protein_coding,cejohnprjeb47283
CJOHNSTONI_LOCUS7921,rna-CJOHNSTONI_LOCUS7921,182,protein_coding,S-adenosylmethionine synthase  [Source:UniProtKB/TrEMBL;Acc:A0A8J2MRY6],Cercopithifilaria johnstoni (PRJEB47283),protein_coding,cejohnprjeb47283
CJOHNSTONI_LOCUS8631,rna-CJOHNSTONI_LOCUS8631,169,protein_coding,G_PROTEIN_RECEP_F3_4 domain-containing protein  [Source:UniProtKB/TrEMBL;Acc:A0A8J2MBV8],Cercopithifilaria johnstoni (PRJEB47283),protein_coding,cejohnprjeb47283
CJOHNSTONI_LOCUS10371,rna-CJOHNSTONI_LOCUS10371,146,protein_coding,,Cercopithifilaria johnstoni (PRJEB47283),protein_coding,cejohnprjeb47283
CJOHNSTONI_LOCUS2955,rna-CJOHNSTONI_LOCUS2955,212,protein_coding,Aa_trans domain-containing protein  [Source:UniProtKB/TrEMBL;Acc:A0A8J2Q9C2],Cercopithifilaria johnstoni (PRJEB47283),protein_coding,cejohnprjeb47283
CJOHNSTONI_LOCUS6049,rna-CJOHNSTONI_LOCUS6049,212,protein_coding,,Cercopithifilaria johnstoni (PRJEB47283),protein_coding,cejohnprjeb47283
CJOHNSTONI_LOCUS6952,rna-CJOHNSTONI_LOCUS6952,745,protein_coding,Thioredoxin domain-containing protein  [Source:UniProtKB/TrEMBL;Acc:A0A8J2MA79],Cercopithifilaria johnstoni (PRJEB47283),protein_coding,cejohnprjeb47283
CJOHNSTONI_LOCUS784,rna-CJOHNSTONI_LOCUS784,163,protein_coding,Reverse transcriptase  [Source:UniProtKB/TrEMBL;Acc:A0A8J2LWC5],Cercopithifilaria johnstoni (PRJEB47283),protein_coding,cejohnprjeb47283
CJOHNSTONI_LOCUS2488,rna-CJOHNSTONI_LOCUS2488,134,protein_coding,KxDL domain-containing protein  [Source:UniProtKB/TrEMBL;Acc:A0A8J2MKF1],Cercopithifilaria johnstoni (PRJEB47283),protein_coding,cejohnprjeb47283
CJOHNSTONI_LOCUS8257,rna-CJOHNSTONI_LOCUS8257,100,protein_coding,RPOL4c domain-containing protein  [Source:UniProtKB/TrEMBL;Acc:A0A8J2Q318],Cercopithifilaria johnstoni (PRJEB47283),protein_coding,cejohnprjeb47283
CJOHNSTONI_LOCUS3518,rna-CJOHNSTONI_LOCUS3518,230,protein_coding,Charged multivesicular body protein 2a  [Source:UniProtKB/TrEMBL;Acc:A0A8J2M0D1],Cercopithifilaria johnstoni (PRJEB47283),protein_coding,cejohnprjeb47283
CJOHNSTONI_LOCUS1211,rna-CJOHNSTONI_LOCUS1211,210,protein_coding,Calcium channel flower  [Source:UniProtKB/TrEMBL;Acc:A0A8J2LPS0],Cercopithifilaria johnstoni (PRJEB47283),protein_coding,cejohnprjeb47283
CJOHNSTONI_LOCUS10215,rna-CJOHNSTONI_LOCUS10215,204,protein_coding,WD_REPEATS_REGION domain-containing protein  [Source:UniProtKB/TrEMBL;Acc:A0A8J2MF11],Cercopithifilaria johnstoni (PRJEB47283),protein_coding,cejohnprjeb47283
CJOHNSTONI_LOCUS3450,rna-CJOHNSTONI_LOCUS3450,248,protein_coding,Kynureninase  [Source:UniProtKB/TrEMBL;Acc:A0A8J2M1N8],Cercopithifilaria johnstoni (PRJEB47283),protein_coding,cejohnprjeb47283
CJOHNSTONI_LOCUS883,rna-CJOHNSTONI_LOCUS883,127,protein_coding,"28S ribosomal protein S18a, mitochondrial  [Source:UniProtKB/TrEMBL;Acc:A0A8J2Q8B5]",Cercopithifilaria johnstoni (PRJEB47283),protein_coding,cejohnprjeb47283
CJOHNSTONI_LOCUS8103,rna-CJOHNSTONI_LOCUS8103,677,protein_coding,Zinc finger protein  [Source:UniProtKB/TrEMBL;Acc:A0A8J2M9R2],Cercopithifilaria johnstoni (PRJEB47283),protein_coding,cejohnprjeb47283
CJOHNSTONI_LOCUS2307,rna-CJOHNSTONI_LOCUS2307,254,protein_coding,,Cercopithifilaria johnstoni (PRJEB47283),protein_coding,cejohnprjeb47283
CJOHNSTONI_LOCUS3510,rna-CJOHNSTONI_LOCUS3510,194,protein_coding,Protein quiver  [Source:UniProtKB/TrEMBL;Acc:A0A8J2Q9K2],Cercopithifilaria johnstoni (PRJEB47283),protein_coding,cejohnprjeb47283
CJOHNSTONI_LOCUS470,rna-CJOHNSTONI_LOCUS470,164,protein_coding,HALZ domain-containing protein  [Source:UniProtKB/TrEMBL;Acc:A0A8J2LNA5],Cercopithifilaria johnstoni (PRJEB47283),protein_coding,cejohnprjeb47283
CJOHNSTONI_LOCUS6971,rna-CJOHNSTONI_LOCUS6971,141,protein_coding,Mesencephalic astrocyte-derived neurotrophic factor homolog  [Source:UniProtKB/TrEMBL;Acc:A0A8J2Q8B2],Cercopithifilaria johnstoni (PRJEB47283),protein_coding,cejohnprjeb47283
CJOHNSTONI_LOCUS3767,rna-CJOHNSTONI_LOCUS3767,239,protein_coding,Secreted protein  [Source:UniProtKB/TrEMBL;Acc:A0A8J2M238],Cercopithifilaria johnstoni (PRJEB47283),protein_coding,cejohnprjeb47283
CJOHNSTONI_LOCUS2377,rna-CJOHNSTONI_LOCUS2377,647,protein_coding,Non-specific serine/threonine protein kinase  [Source:UniProtKB/TrEMBL;Acc:A0A8J2Q4N5],Cercopithifilaria johnstoni (PRJEB47283),protein_coding,cejohnprjeb47283
CJOHNSTONI_LOCUS7448,rna-CJOHNSTONI_LOCUS7448,218,protein_coding,Importin N-terminal domain-containing protein  [Source:UniProtKB/TrEMBL;Acc:A0A8J2M8G0],Cercopithifilaria johnstoni (PRJEB47283),protein_coding,cejohnprjeb47283
CJOHNSTONI_LOCUS4824,rna-CJOHNSTONI_LOCUS4824,179,protein_coding,SGTA_dimer domain-containing protein  [Source:UniProtKB/TrEMBL;Acc:A0A8J2Q3Q9],Cercopithifilaria johnstoni (PRJEB47283),protein_coding,cejohnprjeb47283
CJOHNSTONI_LOCUS9357,rna-CJOHNSTONI_LOCUS9357,124,protein_coding,Transposase  [Source:UniProtKB/TrEMBL;Acc:A0A8J2MDR2],Cercopithifilaria johnstoni (PRJEB47283),protein_coding,cejohnprjeb47283
CJOHNSTONI_LOCUS594,rna-CJOHNSTONI_LOCUS594,233,protein_coding,Ald_Xan_dh_C2 domain-containing protein  [Source:UniProtKB/TrEMBL;Acc:A0A8J2LLJ2],Cercopithifilaria johnstoni (PRJEB47283),protein_coding,cejohnprjeb47283
CJOHNSTONI_LOCUS7993,rna-CJOHNSTONI_LOCUS7993,266,protein_coding,Calponin-homology (CH) domain-containing protein  [Source:UniProtKB/TrEMBL;Acc:A0A8J2MB37],Cercopithifilaria johnstoni (PRJEB47283),protein_coding,cejohnprjeb47283
CJOHNSTONI_LOCUS5805,rna-CJOHNSTONI_LOCUS5805,249,protein_coding,,Cercopithifilaria johnstoni (PRJEB47283),protein_coding,cejohnprjeb47283
CJOHNSTONI_LOCUS3997,rna-CJOHNSTONI_LOCUS3997,409,protein_coding,Arginine and serine rich coiled-coil 1  [Source:UniProtKB/TrEMBL;Acc:A0A8J2M0N4],Cercopithifilaria johnstoni (PRJEB47283),protein_coding,cejohnprjeb47283
CJOHNSTONI_LOCUS9185,rna-CJOHNSTONI_LOCUS9185,236,protein_coding,Ovule protein  [Source:UniProtKB/TrEMBL;Acc:A0A8J2M510],Cercopithifilaria johnstoni (PRJEB47283),protein_coding,cejohnprjeb47283
CJOHNSTONI_LOCUS4962,rna-CJOHNSTONI_LOCUS4962,526,protein_coding,Col_cuticle_N domain-containing protein  [Source:UniProtKB/TrEMBL;Acc:A0A8J2QA61],Cercopithifilaria johnstoni (PRJEB47283),protein_coding,cejohnprjeb47283
CJOHNSTONI_LOCUS5177,rna-CJOHNSTONI_LOCUS5177,221,protein_coding,Sm domain-containing protein  [Source:UniProtKB/TrEMBL;Acc:A0A8J2Q0F7],Cercopithifilaria johnstoni (PRJEB47283),protein_coding,cejohnprjeb47283
CJOHNSTONI_LOCUS6417,rna-CJOHNSTONI_LOCUS6417,374,protein_coding,Insc_C domain-containing protein  [Source:UniProtKB/TrEMBL;Acc:A0A8J2M7H7],Cercopithifilaria johnstoni (PRJEB47283),protein_coding,cejohnprjeb47283
CJOHNSTONI_LOCUS6728,rna-CJOHNSTONI_LOCUS6728,133,protein_coding,Transcription factor BTF3  [Source:UniProtKB/TrEMBL;Acc:A0A8J2M6P2],Cercopithifilaria johnstoni (PRJEB47283),protein_coding,cejohnprjeb47283
CJOHNSTONI_LOCUS7717,rna-CJOHNSTONI_LOCUS7717,256,protein_coding,C2H2-type domain-containing protein  [Source:UniProtKB/TrEMBL;Acc:A0A8J2PWC5],Cercopithifilaria johnstoni (PRJEB47283),protein_coding,cejohnprjeb47283
CJOHNSTONI_LOCUS8300,rna-CJOHNSTONI_LOCUS8300,938,protein_coding,ZM domain-containing protein  [Source:UniProtKB/TrEMBL;Acc:A0A8J2PX75],Cercopithifilaria johnstoni (PRJEB47283),protein_coding,cejohnprjeb47283
CJOHNSTONI_LOCUS7420,rna-CJOHNSTONI_LOCUS7420,244,protein_coding,GPI inositol-deacylase  [Source:UniProtKB/TrEMBL;Acc:A0A8J2M9L8],Cercopithifilaria johnstoni (PRJEB47283),protein_coding,cejohnprjeb47283
CJOHNSTONI_LOCUS6628,rna-CJOHNSTONI_LOCUS6628,278,protein_coding,PH domain-containing protein  [Source:UniProtKB/TrEMBL;Acc:A0A8J2M7B3],Cercopithifilaria johnstoni (PRJEB47283),protein_coding,cejohnprjeb47283
CJOHNSTONI_LOCUS671,rna-CJOHNSTONI_LOCUS671,227,protein_coding,Secreted protein  [Source:UniProtKB/TrEMBL;Acc:A0A8J2LUG3],Cercopithifilaria johnstoni (PRJEB47283),protein_coding,cejohnprjeb47283
CJOHNSTONI_LOCUS10464,rna-CJOHNSTONI_LOCUS10464,273,protein_coding,Protein-cysteine N-palmitoyltransferase HHAT  [Source:UniProtKB/TrEMBL;Acc:A0A8J2Q9L7],Cercopithifilaria johnstoni (PRJEB47283),protein_coding,cejohnprjeb47283
CJOHNSTONI_LOCUS8873,rna-CJOHNSTONI_LOCUS8873,200,protein_coding,Ras-like GTP-binding protein Rho1  [Source:UniProtKB/TrEMBL;Acc:A0A8J2MB61],Cercopithifilaria johnstoni (PRJEB47283),protein_coding,cejohnprjeb47283
CJOHNSTONI_LOCUS9751,rna-CJOHNSTONI_LOCUS9751,205,protein_coding,Phosphatidylinositol 4-kinase type 2  [Source:UniProtKB/TrEMBL;Acc:A0A8J2MCK2],Cercopithifilaria johnstoni (PRJEB47283),protein_coding,cejohnprjeb47283
CJOHNSTONI_LOCUS212,rna-CJOHNSTONI_LOCUS212,494,protein_coding,Degenerin-like protein unc-105  [Source:UniProtKB/TrEMBL;Acc:A0A8J2LYA0],Cercopithifilaria johnstoni (PRJEB47283),protein_coding,cejohnprjeb47283
CJOHNSTONI_LOCUS4214,rna-CJOHNSTONI_LOCUS4214-2,325,protein_coding,Pecanex-like protein  [Source:UniProtKB/TrEMBL;Acc:A0A8J2M2E7],Cercopithifilaria johnstoni (PRJEB47283),protein_coding,cejohnprjeb47283
CJOHNSTONI_LOCUS8079,rna-CJOHNSTONI_LOCUS8079,203,protein_coding,Innexin  [Source:UniProtKB/TrEMBL;Acc:A0A8J2Q690],Cercopithifilaria johnstoni (PRJEB47283),protein_coding,cejohnprjeb47283
CJOHNSTONI_LOCUS4929,rna-CJOHNSTONI_LOCUS4929,404,protein_coding,PHD-type domain-containing protein  [Source:UniProtKB/TrEMBL;Acc:A0A8J2M3T9],Cercopithifilaria johnstoni (PRJEB47283),protein_coding,cejohnprjeb47283
CJOHNSTONI_LOCUS4351,rna-CJOHNSTONI_LOCUS4351,240,protein_coding,Helicase C-terminal domain-containing protein  [Source:UniProtKB/TrEMBL;Acc:A0A8J2Q6U7],Cercopithifilaria johnstoni (PRJEB47283),protein_coding,cejohnprjeb47283
CJOHNSTONI_LOCUS861,rna-CJOHNSTONI_LOCUS861,197,protein_coding,,Cercopithifilaria johnstoni (PRJEB47283),protein_coding,cejohnprjeb47283
CJOHNSTONI_LOCUS5979,rna-CJOHNSTONI_LOCUS5979,194,protein_coding,BZIP domain-containing protein  [Source:UniProtKB/TrEMBL;Acc:A0A8J2Q168],Cercopithifilaria johnstoni (PRJEB47283),protein_coding,cejohnprjeb47283
CJOHNSTONI_LOCUS1634,rna-CJOHNSTONI_LOCUS1634,222,protein_coding,,Cercopithifilaria johnstoni (PRJEB47283),protein_coding,cejohnprjeb47283
CJOHNSTONI_LOCUS4999,rna-CJOHNSTONI_LOCUS4999,341,protein_coding,Peptidase A1 domain-containing protein  [Source:UniProtKB/TrEMBL;Acc:A0A8J2Q3Y6],Cercopithifilaria johnstoni (PRJEB47283),protein_coding,cejohnprjeb47283
CJOHNSTONI_LOCUS5305,rna-CJOHNSTONI_LOCUS5305,246,protein_coding,N-acetyltransferase domain-containing protein  [Source:UniProtKB/TrEMBL;Acc:A0A8J2M4U7],Cercopithifilaria johnstoni (PRJEB47283),protein_coding,cejohnprjeb47283
CJOHNSTONI_LOCUS317,rna-CJOHNSTONI_LOCUS317,329,protein_coding,Pleckstrin homology domain-containing family G member 7  [Source:UniProtKB/TrEMBL;Acc:A0A8J2Q334],Cercopithifilaria johnstoni (PRJEB47283),protein_coding,cejohnprjeb47283
CJOHNSTONI_LOCUS10208,rna-CJOHNSTONI_LOCUS10208,191,protein_coding,Reverse transcriptase domain-containing protein  [Source:UniProtKB/TrEMBL;Acc:A0A8J2QB97],Cercopithifilaria johnstoni (PRJEB47283),protein_coding,cejohnprjeb47283
CJOHNSTONI_LOCUS2386,rna-CJOHNSTONI_LOCUS2386,190,protein_coding,G_PROTEIN_RECEP_F1_2 domain-containing protein  [Source:UniProtKB/TrEMBL;Acc:A0A8J2MKW2],Cercopithifilaria johnstoni (PRJEB47283),protein_coding,cejohnprjeb47283
CJOHNSTONI_LOCUS9100,rna-CJOHNSTONI_LOCUS9100,186,protein_coding,UBC core domain-containing protein  [Source:UniProtKB/TrEMBL;Acc:A0A8J2Q6P6],Cercopithifilaria johnstoni (PRJEB47283),protein_coding,cejohnprjeb47283
CJOHNSTONI_LOCUS1958,rna-CJOHNSTONI_LOCUS1958,179,protein_coding,RYDR_ITPR domain-containing protein  [Source:UniProtKB/TrEMBL;Acc:A0A8J2LQY4],Cercopithifilaria johnstoni (PRJEB47283),protein_coding,cejohnprjeb47283
CJOHNSTONI_LOCUS2166,rna-CJOHNSTONI_LOCUS2166,202,protein_coding,Rap-GAP domain-containing protein  [Source:UniProtKB/TrEMBL;Acc:A0A8J2PR45],Cercopithifilaria johnstoni (PRJEB47283),protein_coding,cejohnprjeb47283
CJOHNSTONI_LOCUS2428,rna-CJOHNSTONI_LOCUS2428,182,protein_coding,ADF-H domain-containing protein  [Source:UniProtKB/TrEMBL;Acc:A0A8J2MKD4],Cercopithifilaria johnstoni (PRJEB47283),protein_coding,cejohnprjeb47283
CJOHNSTONI_LOCUS9778,rna-CJOHNSTONI_LOCUS9778,169,protein_coding,,Cercopithifilaria johnstoni (PRJEB47283),protein_coding,cejohnprjeb47283
CJOHNSTONI_LOCUS1550,rna-CJOHNSTONI_LOCUS1550,154,protein_coding,DIX domain-containing protein  [Source:UniProtKB/TrEMBL;Acc:A0A8J2Q3Y5],Cercopithifilaria johnstoni (PRJEB47283),protein_coding,cejohnprjeb47283
CJOHNSTONI_LOCUS4636,rna-CJOHNSTONI_LOCUS4636,144,protein_coding,Secreted protein  [Source:UniProtKB/TrEMBL;Acc:A0A8J2M3Q5],Cercopithifilaria johnstoni (PRJEB47283),protein_coding,cejohnprjeb47283
CJOHNSTONI_LOCUS7669,rna-CJOHNSTONI_LOCUS7669,136,protein_coding,Reactive oxygen species modulator 1  [Source:UniProtKB/TrEMBL;Acc:A0A8J2M8G1],Cercopithifilaria johnstoni (PRJEB47283),protein_coding,cejohnprjeb47283
CJOHNSTONI_LOCUS3880,rna-CJOHNSTONI_LOCUS3880,137,protein_coding,Peptidase A1 domain-containing protein  [Source:UniProtKB/TrEMBL;Acc:A0A8J2PSJ5],Cercopithifilaria johnstoni (PRJEB47283),protein_coding,cejohnprjeb47283
CJOHNSTONI_LOCUS3713,rna-CJOHNSTONI_LOCUS3713,195,protein_coding,RRM domain-containing protein  [Source:UniProtKB/TrEMBL;Acc:A0A8J2M1I8],Cercopithifilaria johnstoni (PRJEB47283),protein_coding,cejohnprjeb47283
CJOHNSTONI_LOCUS1729,rna-CJOHNSTONI_LOCUS1729,257,protein_coding,MYND-type domain-containing protein  [Source:UniProtKB/TrEMBL;Acc:A0A8J2MK35],Cercopithifilaria johnstoni (PRJEB47283),protein_coding,cejohnprjeb47283
CJOHNSTONI_LOCUS5116,rna-CJOHNSTONI_LOCUS5116,243,protein_coding,Solute carrier family 12 member 6  [Source:UniProtKB/TrEMBL;Acc:A0A8J2M3A2],Cercopithifilaria johnstoni (PRJEB47283),protein_coding,cejohnprjeb47283
CJOHNSTONI_LOCUS587,rna-CJOHNSTONI_LOCUS587,237,protein_coding,SH2 domain-containing protein  [Source:UniProtKB/TrEMBL;Acc:A0A8J2LVY4],Cercopithifilaria johnstoni (PRJEB47283),protein_coding,cejohnprjeb47283
CJOHNSTONI_LOCUS8667,rna-CJOHNSTONI_LOCUS8667,183,protein_coding,Orfan  [Source:UniProtKB/TrEMBL;Acc:A0A8J2MT62],Cercopithifilaria johnstoni (PRJEB47283),protein_coding,cejohnprjeb47283
CJOHNSTONI_LOCUS1904,rna-CJOHNSTONI_LOCUS1904,184,protein_coding,BZIP domain-containing protein  [Source:UniProtKB/TrEMBL;Acc:A0A8J2PX03],Cercopithifilaria johnstoni (PRJEB47283),protein_coding,cejohnprjeb47283
CJOHNSTONI_LOCUS5565,rna-CJOHNSTONI_LOCUS5565,218,protein_coding,Phosphotransferase  [Source:UniProtKB/TrEMBL;Acc:A0A8J2Q4F9],Cercopithifilaria johnstoni (PRJEB47283),protein_coding,cejohnprjeb47283
CJOHNSTONI_LOCUS7210,rna-CJOHNSTONI_LOCUS7210,265,protein_coding,,Cercopithifilaria johnstoni (PRJEB47283),protein_coding,cejohnprjeb47283
CJOHNSTONI_LOCUS6380,rna-CJOHNSTONI_LOCUS6380,524,protein_coding,Zinc finger protein  [Source:UniProtKB/TrEMBL;Acc:A0A8J2M7B4],Cercopithifilaria johnstoni (PRJEB47283),protein_coding,cejohnprjeb47283
CJOHNSTONI_LOCUS5831,rna-CJOHNSTONI_LOCUS5831,581,protein_coding,,Cercopithifilaria johnstoni (PRJEB47283),protein_coding,cejohnprjeb47283
CJOHNSTONI_LOCUS8309,rna-CJOHNSTONI_LOCUS8309,568,protein_coding,TPR_REGION domain-containing protein  [Source:UniProtKB/TrEMBL;Acc:A0A8J2MBT4],Cercopithifilaria johnstoni (PRJEB47283),protein_coding,cejohnprjeb47283
CJOHNSTONI_LOCUS4947,rna-CJOHNSTONI_LOCUS4947,354,protein_coding,MAM domain-containing protein  [Source:UniProtKB/TrEMBL;Acc:A0A8J2QA60],Cercopithifilaria johnstoni (PRJEB47283),protein_coding,cejohnprjeb47283
CJOHNSTONI_LOCUS6658,rna-CJOHNSTONI_LOCUS6658,269,protein_coding,Secreted protein  [Source:UniProtKB/TrEMBL;Acc:A0A8J2Q1R8],Cercopithifilaria johnstoni (PRJEB47283),protein_coding,cejohnprjeb47283
CJOHNSTONI_LOCUS1748,rna-CJOHNSTONI_LOCUS1748,254,protein_coding,protein O-GlcNAc transferase  [Source:UniProtKB/TrEMBL;Acc:A0A8J2LY18],Cercopithifilaria johnstoni (PRJEB47283),protein_coding,cejohnprjeb47283
CJOHNSTONI_LOCUS6797,rna-CJOHNSTONI_LOCUS6797,254,protein_coding,BTB domain-containing protein  [Source:UniProtKB/TrEMBL;Acc:A0A8J2M101],Cercopithifilaria johnstoni (PRJEB47283),protein_coding,cejohnprjeb47283
CJOHNSTONI_LOCUS6328,rna-CJOHNSTONI_LOCUS6328,251,protein_coding,Tropomyosin  [Source:UniProtKB/TrEMBL;Acc:A0A8J2PUM2],Cercopithifilaria johnstoni (PRJEB47283),protein_coding,cejohnprjeb47283
CJOHNSTONI_LOCUS3944,rna-CJOHNSTONI_LOCUS3944,227,protein_coding,Thioredoxin domain-containing protein  [Source:UniProtKB/TrEMBL;Acc:A0A8J2MM05],Cercopithifilaria johnstoni (PRJEB47283),protein_coding,cejohnprjeb47283
CJOHNSTONI_LOCUS2633,rna-CJOHNSTONI_LOCUS2633,226,protein_coding,Inositol monophosphatase 3  [Source:UniProtKB/TrEMBL;Acc:A0A8J2LPV7],Cercopithifilaria johnstoni (PRJEB47283),protein_coding,cejohnprjeb47283
CJOHNSTONI_LOCUS3650,rna-CJOHNSTONI_LOCUS3650,217,protein_coding,Zinc finger protein  [Source:UniProtKB/TrEMBL;Acc:A0A8J2LRI5],Cercopithifilaria johnstoni (PRJEB47283),protein_coding,cejohnprjeb47283
CJOHNSTONI_LOCUS10533,rna-CJOHNSTONI_LOCUS10533,170,protein_coding,Protein SET  [Source:UniProtKB/TrEMBL;Acc:A0A8J2MG46],Cercopithifilaria johnstoni (PRJEB47283),protein_coding,cejohnprjeb47283
CJOHNSTONI_LOCUS5869,rna-CJOHNSTONI_LOCUS5869,221,protein_coding,BTB domain-containing protein  [Source:UniProtKB/TrEMBL;Acc:A0A8J2Q133],Cercopithifilaria johnstoni (PRJEB47283),protein_coding,cejohnprjeb47283
CJOHNSTONI_LOCUS7914,rna-CJOHNSTONI_LOCUS7914,176,protein_coding,RNAse_Pc domain-containing protein  [Source:UniProtKB/TrEMBL;Acc:A0A8J2PWU8],Cercopithifilaria johnstoni (PRJEB47283),protein_coding,cejohnprjeb47283
CJOHNSTONI_LOCUS7944,rna-CJOHNSTONI_LOCUS7944,161,protein_coding,Ig-like domain-containing protein  [Source:UniProtKB/TrEMBL;Acc:A0A8J2QAT2],Cercopithifilaria johnstoni (PRJEB47283),protein_coding,cejohnprjeb47283
CJOHNSTONI_LOCUS7258,rna-CJOHNSTONI_LOCUS7258,122,protein_coding,TNFR-Cys domain-containing protein  [Source:UniProtKB/TrEMBL;Acc:A0A8J2MAT8],Cercopithifilaria johnstoni (PRJEB47283),protein_coding,cejohnprjeb47283
CJOHNSTONI_LOCUS6279,rna-CJOHNSTONI_LOCUS6279,266,protein_coding,protein-serine/threonine phosphatase  [Source:UniProtKB/TrEMBL;Acc:A0A8J2QAF9],Cercopithifilaria johnstoni (PRJEB47283),protein_coding,cejohnprjeb47283
CJOHNSTONI_LOCUS88,rna-CJOHNSTONI_LOCUS88,213,protein_coding,Collagen alpha-1(IX) chain-like  [Source:UniProtKB/TrEMBL;Acc:A0A8J2LTF7],Cercopithifilaria johnstoni (PRJEB47283),protein_coding,cejohnprjeb47283
CJOHNSTONI_LOCUS7287,rna-CJOHNSTONI_LOCUS7287,209,protein_coding,C-type lectin domain-containing protein  [Source:UniProtKB/TrEMBL;Acc:A0A8J2M8S4],Cercopithifilaria johnstoni (PRJEB47283),protein_coding,cejohnprjeb47283
CJOHNSTONI_LOCUS7133,rna-CJOHNSTONI_LOCUS7133,980,protein_coding,Ion_trans domain-containing protein  [Source:UniProtKB/TrEMBL;Acc:A0A8J2M0X3],Cercopithifilaria johnstoni (PRJEB47283),protein_coding,cejohnprjeb47283
CJOHNSTONI_LOCUS2716,rna-CJOHNSTONI_LOCUS2716,523,protein_coding,Trehalase  [Source:UniProtKB/TrEMBL;Acc:A0A8J2Q990],Cercopithifilaria johnstoni (PRJEB47283),protein_coding,cejohnprjeb47283
CJOHNSTONI_LOCUS3840,rna-CJOHNSTONI_LOCUS3840,256,protein_coding,Zinc metalloproteinase  [Source:UniProtKB/TrEMBL;Acc:A0A8J2PSI3],Cercopithifilaria johnstoni (PRJEB47283),protein_coding,cejohnprjeb47283
CJOHNSTONI_LOCUS3935,rna-CJOHNSTONI_LOCUS3935,234,protein_coding,AA_permease domain-containing protein  [Source:UniProtKB/TrEMBL;Acc:A0A8J2M1X8],Cercopithifilaria johnstoni (PRJEB47283),protein_coding,cejohnprjeb47283
CJOHNSTONI_LOCUS9012,rna-CJOHNSTONI_LOCUS9012,208,protein_coding,General transcription and DNA repair factor IIH helicase subunit XPB  [Source:UniProtKB/TrEMBL;Acc:A0A8J2MDC1],Cercopithifilaria johnstoni (PRJEB47283),protein_coding,cejohnprjeb47283
CJOHNSTONI_LOCUS6748,rna-CJOHNSTONI_LOCUS6748,239,protein_coding,LAMB1 protein  [Source:UniProtKB/TrEMBL;Acc:A0A8J2PV02],Cercopithifilaria johnstoni (PRJEB47283),protein_coding,cejohnprjeb47283
CJOHNSTONI_LOCUS5545,rna-CJOHNSTONI_LOCUS5545,212,protein_coding,,Cercopithifilaria johnstoni (PRJEB47283),protein_coding,cejohnprjeb47283
CJOHNSTONI_LOCUS3336,rna-CJOHNSTONI_LOCUS3336,209,protein_coding,THAP-type domain-containing protein  [Source:UniProtKB/TrEMBL;Acc:A0A8J2M023],Cercopithifilaria johnstoni (PRJEB47283),protein_coding,cejohnprjeb47283
CJOHNSTONI_LOCUS7486,rna-CJOHNSTONI_LOCUS7486,210,protein_coding,Protein KTI12 homolog  [Source:UniProtKB/TrEMBL;Acc:A0A8J2M9S4],Cercopithifilaria johnstoni (PRJEB47283),protein_coding,cejohnprjeb47283
CJOHNSTONI_LOCUS7897,rna-CJOHNSTONI_LOCUS7897,182,protein_coding,Macrophage migration inhibitory factor  [Source:UniProtKB/TrEMBL;Acc:A0A8J2MAS0],Cercopithifilaria johnstoni (PRJEB47283),protein_coding,cejohnprjeb47283
CJOHNSTONI_LOCUS114,rna-CJOHNSTONI_LOCUS114,389,protein_coding,Transmembrane protein  [Source:UniProtKB/TrEMBL;Acc:A0A8J2MHM9],Cercopithifilaria johnstoni (PRJEB47283),protein_coding,cejohnprjeb47283
CJOHNSTONI_LOCUS8121,rna-CJOHNSTONI_LOCUS8121,160,protein_coding,SAM domain-containing protein  [Source:UniProtKB/TrEMBL;Acc:A0A8J2Q697],Cercopithifilaria johnstoni (PRJEB47283),protein_coding,cejohnprjeb47283
CJOHNSTONI_LOCUS9822,rna-CJOHNSTONI_LOCUS9822,266,protein_coding,dolichyl-phosphate beta-glucosyltransferase  [Source:UniProtKB/TrEMBL;Acc:A0A8J2Q739],Cercopithifilaria johnstoni (PRJEB47283),protein_coding,cejohnprjeb47283
CJOHNSTONI_LOCUS10027,rna-CJOHNSTONI_LOCUS10027,328,protein_coding,SRCR domain-containing protein  [Source:UniProtKB/TrEMBL;Acc:A0A8J2Q4D1],Cercopithifilaria johnstoni (PRJEB47283),protein_coding,cejohnprjeb47283
CJOHNSTONI_LOCUS10043,rna-CJOHNSTONI_LOCUS10043,183,protein_coding,Gamma interferon inducible lysosomal thiol reductase  [Source:UniProtKB/TrEMBL;Acc:A0A8J2M5J5],Cercopithifilaria johnstoni (PRJEB47283),protein_coding,cejohnprjeb47283
CJOHNSTONI_LOCUS7907,rna-CJOHNSTONI_LOCUS7907,237,protein_coding,KH_dom_type_1 domain-containing protein  [Source:UniProtKB/TrEMBL;Acc:A0A8J2MRY0],Cercopithifilaria johnstoni (PRJEB47283),protein_coding,cejohnprjeb47283
CJOHNSTONI_LOCUS6707,rna-CJOHNSTONI_LOCUS6707,171,protein_coding,,Cercopithifilaria johnstoni (PRJEB47283),protein_coding,cejohnprjeb47283
CJOHNSTONI_LOCUS7854,rna-CJOHNSTONI_LOCUS7854,243,protein_coding,PUM-HD domain-containing protein  [Source:UniProtKB/TrEMBL;Acc:A0A8J2M8T4],Cercopithifilaria johnstoni (PRJEB47283),protein_coding,cejohnprjeb47283
CJOHNSTONI_LOCUS1163,rna-CJOHNSTONI_LOCUS1163,232,protein_coding,Tubulin--tyrosine ligase-like protein 12  [Source:UniProtKB/TrEMBL;Acc:A0A8J2LMH5],Cercopithifilaria johnstoni (PRJEB47283),protein_coding,cejohnprjeb47283
CJOHNSTONI_LOCUS4479,rna-CJOHNSTONI_LOCUS4479,359,protein_coding,HTH CENPB-type domain-containing protein  [Source:UniProtKB/TrEMBL;Acc:A0A8J2M1N7],Cercopithifilaria johnstoni (PRJEB47283),protein_coding,cejohnprjeb47283
CJOHNSTONI_LOCUS9796,rna-CJOHNSTONI_LOCUS9796,208,protein_coding,RNase H type-1 domain-containing protein  [Source:UniProtKB/TrEMBL;Acc:A0A8J2QB67],Cercopithifilaria johnstoni (PRJEB47283),protein_coding,cejohnprjeb47283
CJOHNSTONI_LOCUS5118,rna-CJOHNSTONI_LOCUS5118,356,protein_coding,Protein YIPF  [Source:UniProtKB/TrEMBL;Acc:A0A8J2MNR5],Cercopithifilaria johnstoni (PRJEB47283),protein_coding,cejohnprjeb47283
CJOHNSTONI_LOCUS3691,rna-CJOHNSTONI_LOCUS3691,197,protein_coding,Enoyl reductase (ER) domain-containing protein  [Source:UniProtKB/TrEMBL;Acc:A0A8J2PZ72],Cercopithifilaria johnstoni (PRJEB47283),protein_coding,cejohnprjeb47283
CJOHNSTONI_LOCUS3722,rna-CJOHNSTONI_LOCUS3722,184,protein_coding,MFS domain-containing protein  [Source:UniProtKB/TrEMBL;Acc:A0A8J2M4J6],Cercopithifilaria johnstoni (PRJEB47283),protein_coding,cejohnprjeb47283
CJOHNSTONI_LOCUS2589,rna-CJOHNSTONI_LOCUS2589,174,protein_coding,ADP-ribosylglycohydrolase family protein  [Source:UniProtKB/TrEMBL;Acc:A0A8J2M048],Cercopithifilaria johnstoni (PRJEB47283),protein_coding,cejohnprjeb47283
CJOHNSTONI_LOCUS4464,rna-CJOHNSTONI_LOCUS4464,274,protein_coding,B3_4 domain-containing protein  [Source:UniProtKB/TrEMBL;Acc:A0A8J2Q9Y8],Cercopithifilaria johnstoni (PRJEB47283),protein_coding,cejohnprjeb47283
CJOHNSTONI_LOCUS3411,rna-CJOHNSTONI_LOCUS3411,169,protein_coding,Papain family cysteine protease  [Source:UniProtKB/TrEMBL;Acc:A0A8J2PS61],Cercopithifilaria johnstoni (PRJEB47283),protein_coding,cejohnprjeb47283
CJOHNSTONI_LOCUS5704,rna-CJOHNSTONI_LOCUS5704,148,protein_coding,Peptidyl-prolyl cis-trans isomerase  [Source:UniProtKB/TrEMBL;Acc:A0A8J2Q0Y5],Cercopithifilaria johnstoni (PRJEB47283),protein_coding,cejohnprjeb47283
CJOHNSTONI_LOCUS9902,rna-CJOHNSTONI_LOCUS9902,267,protein_coding,C2H2-type domain-containing protein  [Source:UniProtKB/TrEMBL;Acc:A0A8J2PYM0],Cercopithifilaria johnstoni (PRJEB47283),protein_coding,cejohnprjeb47283
CJOHNSTONI_LOCUS8643,rna-CJOHNSTONI_LOCUS8643,260,protein_coding,J domain-containing protein  [Source:UniProtKB/TrEMBL;Acc:A0A8J2MCI0],Cercopithifilaria johnstoni (PRJEB47283),protein_coding,cejohnprjeb47283
CJOHNSTONI_LOCUS8716,rna-CJOHNSTONI_LOCUS8716,142,protein_coding,Ovule protein  [Source:UniProtKB/TrEMBL;Acc:A0A8J2Q3E6],Cercopithifilaria johnstoni (PRJEB47283),protein_coding,cejohnprjeb47283
CJOHNSTONI_LOCUS9442,rna-CJOHNSTONI_LOCUS9442,215,protein_coding,Terpenoid synthase  [Source:UniProtKB/TrEMBL;Acc:A0A8J2MDW5],Cercopithifilaria johnstoni (PRJEB47283),protein_coding,cejohnprjeb47283
CJOHNSTONI_LOCUS8410,rna-CJOHNSTONI_LOCUS8410,257,protein_coding,C2H2-type domain-containing protein  [Source:UniProtKB/TrEMBL;Acc:A0A8J2M2W9],Cercopithifilaria johnstoni (PRJEB47283),protein_coding,cejohnprjeb47283
CJOHNSTONI_LOCUS4873,rna-CJOHNSTONI_LOCUS4873,194,protein_coding,MFS domain-containing protein  [Source:UniProtKB/TrEMBL;Acc:A0A8J2M485],Cercopithifilaria johnstoni (PRJEB47283),protein_coding,cejohnprjeb47283
CJOHNSTONI_LOCUS5029,rna-CJOHNSTONI_LOCUS5029,184,protein_coding,Peroxin-13  [Source:UniProtKB/TrEMBL;Acc:A0A8J2Q0A9],Cercopithifilaria johnstoni (PRJEB47283),protein_coding,cejohnprjeb47283
CJOHNSTONI_LOCUS5415,rna-CJOHNSTONI_LOCUS5415,161,protein_coding,BHLH domain-containing protein  [Source:UniProtKB/TrEMBL;Acc:A0A8J2LY27],Cercopithifilaria johnstoni (PRJEB47283),protein_coding,cejohnprjeb47283
CJOHNSTONI_LOCUS6545,rna-CJOHNSTONI_LOCUS6545,215,protein_coding,Ras-related protein Rab-8A  [Source:UniProtKB/TrEMBL;Acc:A0A8J2M7Q9],Cercopithifilaria johnstoni (PRJEB47283),protein_coding,cejohnprjeb47283
CJOHNSTONI_LOCUS1130,rna-CJOHNSTONI_LOCUS1130,197,protein_coding,F-box domain-containing protein  [Source:UniProtKB/TrEMBL;Acc:A0A8J2Q3N4],Cercopithifilaria johnstoni (PRJEB47283),protein_coding,cejohnprjeb47283
CJOHNSTONI_LOCUS9009,rna-CJOHNSTONI_LOCUS9009,300,protein_coding,Myb-like domain-containing protein  [Source:UniProtKB/TrEMBL;Acc:A0A8J2MTL4],Cercopithifilaria johnstoni (PRJEB47283),protein_coding,cejohnprjeb47283
CJOHNSTONI_LOCUS8945,rna-CJOHNSTONI_LOCUS8945,235,protein_coding,Actin-related protein  [Source:UniProtKB/TrEMBL;Acc:A0A8J2MBA2],Cercopithifilaria johnstoni (PRJEB47283),protein_coding,cejohnprjeb47283
CJOHNSTONI_LOCUS1305,rna-CJOHNSTONI_LOCUS1305,269,protein_coding,Nuclear hormone receptor E75  [Source:UniProtKB/TrEMBL;Acc:A0A8J2MIV8],Cercopithifilaria johnstoni (PRJEB47283),protein_coding,cejohnprjeb47283
CJOHNSTONI_LOCUS10273,rna-CJOHNSTONI_LOCUS10273,186,protein_coding,T-complex protein 1 subunit alpha  [Source:UniProtKB/TrEMBL;Acc:A0A8J2QBA2],Cercopithifilaria johnstoni (PRJEB47283),protein_coding,cejohnprjeb47283
CJOHNSTONI_LOCUS3344,rna-CJOHNSTONI_LOCUS3344,255,protein_coding,asparaginase  [Source:UniProtKB/TrEMBL;Acc:A0A8J2LTR1],Cercopithifilaria johnstoni (PRJEB47283),protein_coding,cejohnprjeb47283
CJOHNSTONI_LOCUS4592,rna-CJOHNSTONI_LOCUS4592,278,protein_coding,Ground-like domain-containing protein  [Source:UniProtKB/TrEMBL;Acc:A0A8J2MMR0],Cercopithifilaria johnstoni (PRJEB47283),protein_coding,cejohnprjeb47283
CJOHNSTONI_LOCUS10101,rna-CJOHNSTONI_LOCUS10101,197,protein_coding,Cell division control protein 42 homolog  [Source:UniProtKB/TrEMBL;Acc:A0A8J2MUM8],Cercopithifilaria johnstoni (PRJEB47283),protein_coding,cejohnprjeb47283
CJOHNSTONI_LOCUS2461,rna-CJOHNSTONI_LOCUS2461,208,protein_coding,Protein kinase domain-containing protein  [Source:UniProtKB/TrEMBL;Acc:A0A8J2M2F1],Cercopithifilaria johnstoni (PRJEB47283),protein_coding,cejohnprjeb47283
CJOHNSTONI_LOCUS4496,rna-CJOHNSTONI_LOCUS4496,305,protein_coding,PI3K/PI4K catalytic domain-containing protein  [Source:UniProtKB/TrEMBL;Acc:A0A8J2MN27],Cercopithifilaria johnstoni (PRJEB47283),protein_coding,cejohnprjeb47283
CJOHNSTONI_LOCUS1172,rna-CJOHNSTONI_LOCUS1172,213,protein_coding,Sulfatase domain-containing protein  [Source:UniProtKB/TrEMBL;Acc:A0A8J2PWD5],Cercopithifilaria johnstoni (PRJEB47283),protein_coding,cejohnprjeb47283
CJOHNSTONI_LOCUS10179,rna-CJOHNSTONI_LOCUS10179,176,protein_coding,,Cercopithifilaria johnstoni (PRJEB47283),protein_coding,cejohnprjeb47283
CJOHNSTONI_LOCUS6438,rna-CJOHNSTONI_LOCUS6438,216,protein_coding,BAR domain-containing protein  [Source:UniProtKB/TrEMBL;Acc:A0A8J2Q1L5],Cercopithifilaria johnstoni (PRJEB47283),protein_coding,cejohnprjeb47283
CJOHNSTONI_LOCUS1102,rna-CJOHNSTONI_LOCUS1102,578,protein_coding,CMP/dCMP-type deaminase domain-containing protein  [Source:UniProtKB/TrEMBL;Acc:A0A8J2LZW3],Cercopithifilaria johnstoni (PRJEB47283),protein_coding,cejohnprjeb47283
CJOHNSTONI_LOCUS7113,rna-CJOHNSTONI_LOCUS7113,223,protein_coding,Malic enzyme  [Source:UniProtKB/TrEMBL;Acc:A0A8J2M7T8],Cercopithifilaria johnstoni (PRJEB47283),protein_coding,cejohnprjeb47283
CJOHNSTONI_LOCUS3857,rna-CJOHNSTONI_LOCUS3857,213,protein_coding,ZP domain-containing protein  [Source:UniProtKB/TrEMBL;Acc:A0A8J2Q9Q2],Cercopithifilaria johnstoni (PRJEB47283),protein_coding,cejohnprjeb47283
CJOHNSTONI_LOCUS1132,rna-CJOHNSTONI_LOCUS1132,186,protein_coding,F-box/LRR-repeat protein 20  [Source:UniProtKB/TrEMBL;Acc:A0A8J2Q0H0],Cercopithifilaria johnstoni (PRJEB47283),protein_coding,cejohnprjeb47283
CJOHNSTONI_LOCUS9240,rna-CJOHNSTONI_LOCUS9240,163,protein_coding,Ovule protein  [Source:UniProtKB/TrEMBL;Acc:A0A8J2M546],Cercopithifilaria johnstoni (PRJEB47283),protein_coding,cejohnprjeb47283
CJOHNSTONI_LOCUS4071,rna-CJOHNSTONI_LOCUS4071,162,protein_coding,zf-Tim10_DDP domain-containing protein  [Source:UniProtKB/TrEMBL;Acc:A0A8J2MM64],Cercopithifilaria johnstoni (PRJEB47283),protein_coding,cejohnprjeb47283
CJOHNSTONI_LOCUS3377,rna-CJOHNSTONI_LOCUS3377,149,protein_coding,J domain-containing protein  [Source:UniProtKB/TrEMBL;Acc:A0A8J2M1J6],Cercopithifilaria johnstoni (PRJEB47283),protein_coding,cejohnprjeb47283
CJOHNSTONI_LOCUS9975,rna-CJOHNSTONI_LOCUS9975,123,protein_coding,,Cercopithifilaria johnstoni (PRJEB47283),protein_coding,cejohnprjeb47283
CJOHNSTONI_LOCUS563,rna-CJOHNSTONI_LOCUS563,231,protein_coding,Choline-specific glycerophosphodiester phosphodiesterase  [Source:UniProtKB/TrEMBL;Acc:A0A8J2PZV0],Cercopithifilaria johnstoni (PRJEB47283),protein_coding,cejohnprjeb47283
CJOHNSTONI_LOCUS9692,rna-CJOHNSTONI_LOCUS9692,231,protein_coding,IgGFc_binding domain-containing protein  [Source:UniProtKB/TrEMBL;Acc:A0A8J2MEV0],Cercopithifilaria johnstoni (PRJEB47283),protein_coding,cejohnprjeb47283
CJOHNSTONI_LOCUS2450,rna-CJOHNSTONI_LOCUS2450,216,protein_coding,STAS domain-containing protein  [Source:UniProtKB/TrEMBL;Acc:A0A8J2LZT3],Cercopithifilaria johnstoni (PRJEB47283),protein_coding,cejohnprjeb47283
CJOHNSTONI_LOCUS3680,rna-CJOHNSTONI_LOCUS3680,120,protein_coding,BTB domain-containing protein  [Source:UniProtKB/TrEMBL;Acc:A0A8J2M036],Cercopithifilaria johnstoni (PRJEB47283),protein_coding,cejohnprjeb47283
CJOHNSTONI_LOCUS8859,rna-CJOHNSTONI_LOCUS8859,257,protein_coding,proline--tRNA ligase  [Source:UniProtKB/TrEMBL;Acc:A0A8J2MCC9],Cercopithifilaria johnstoni (PRJEB47283),protein_coding,cejohnprjeb47283
CJOHNSTONI_LOCUS5388,rna-CJOHNSTONI_LOCUS5388,185,protein_coding,,Cercopithifilaria johnstoni (PRJEB47283),protein_coding,cejohnprjeb47283
CJOHNSTONI_LOCUS6464,rna-CJOHNSTONI_LOCUS6464,179,protein_coding,MHD domain-containing protein  [Source:UniProtKB/TrEMBL;Acc:A0A8J2Q814],Cercopithifilaria johnstoni (PRJEB47283),protein_coding,cejohnprjeb47283
CJOHNSTONI_LOCUS8007,rna-CJOHNSTONI_LOCUS8007,312,protein_coding,Transmembrane protein  [Source:UniProtKB/TrEMBL;Acc:A0A8J2M9J6],Cercopithifilaria johnstoni (PRJEB47283),protein_coding,cejohnprjeb47283
CJOHNSTONI_LOCUS2242,rna-CJOHNSTONI_LOCUS2242,300,protein_coding,Discoidin domain-containing receptor 2  [Source:UniProtKB/TrEMBL;Acc:A0A8J2MKN9],Cercopithifilaria johnstoni (PRJEB47283),protein_coding,cejohnprjeb47283
CJOHNSTONI_LOCUS1655,rna-CJOHNSTONI_LOCUS1655,365,protein_coding,P40  [Source:UniProtKB/TrEMBL;Acc:A0A8J2MJF4],Cercopithifilaria johnstoni (PRJEB47283),protein_coding,cejohnprjeb47283
CJOHNSTONI_LOCUS3961,rna-CJOHNSTONI_LOCUS3961,263,protein_coding,Transcription initiation factor IIA subunit 1  [Source:UniProtKB/TrEMBL;Acc:A0A8J2M1Z8],Cercopithifilaria johnstoni (PRJEB47283),protein_coding,cejohnprjeb47283
CJOHNSTONI_LOCUS9634,rna-CJOHNSTONI_LOCUS9634,383,protein_coding,,Cercopithifilaria johnstoni (PRJEB47283),protein_coding,cejohnprjeb47283
CJOHNSTONI_LOCUS5759,rna-CJOHNSTONI_LOCUS5759,307,protein_coding,Mago-bind domain-containing protein  [Source:UniProtKB/TrEMBL;Acc:A0A8J2M5L5],Cercopithifilaria johnstoni (PRJEB47283),protein_coding,cejohnprjeb47283
CJOHNSTONI_LOCUS6237,rna-CJOHNSTONI_LOCUS6237,263,protein_coding,ANK_REP_REGION domain-containing protein  [Source:UniProtKB/TrEMBL;Acc:A0A8J2QAF6],Cercopithifilaria johnstoni (PRJEB47283),protein_coding,cejohnprjeb47283
CJOHNSTONI_LOCUS8684,rna-CJOHNSTONI_LOCUS8684,252,protein_coding,HAP1 N-terminal domain-containing protein  [Source:UniProtKB/TrEMBL;Acc:A0A8J2MBZ9],Cercopithifilaria johnstoni (PRJEB47283),protein_coding,cejohnprjeb47283
CJOHNSTONI_LOCUS8982,rna-CJOHNSTONI_LOCUS8982,837,protein_coding,Serine/arginine repetitive matrix protein 2  [Source:UniProtKB/TrEMBL;Acc:A0A8J2MB55],Cercopithifilaria johnstoni (PRJEB47283),protein_coding,cejohnprjeb47283
CJOHNSTONI_LOCUS1541,rna-CJOHNSTONI_LOCUS1541,436,protein_coding,Negative elongation factor D  [Source:UniProtKB/TrEMBL;Acc:A0A8J2LW83],Cercopithifilaria johnstoni (PRJEB47283),protein_coding,cejohnprjeb47283
CJOHNSTONI_LOCUS4977,rna-CJOHNSTONI_LOCUS4977,308,protein_coding,ANK_REP_REGION domain-containing protein  [Source:UniProtKB/TrEMBL;Acc:A0A8J2M323],Cercopithifilaria johnstoni (PRJEB47283),protein_coding,cejohnprjeb47283
CJOHNSTONI_LOCUS532,rna-CJOHNSTONI_LOCUS532,270,protein_coding,TFIIS N-terminal domain-containing protein  [Source:UniProtKB/TrEMBL;Acc:A0A8J2LWB0],Cercopithifilaria johnstoni (PRJEB47283),protein_coding,cejohnprjeb47283
CJOHNSTONI_LOCUS1649,rna-CJOHNSTONI_LOCUS1649,496,protein_coding,HMG box domain-containing protein  [Source:UniProtKB/TrEMBL;Acc:A0A8J2Q0Y0],Cercopithifilaria johnstoni (PRJEB47283),protein_coding,cejohnprjeb47283
CJOHNSTONI_LOCUS3054,rna-CJOHNSTONI_LOCUS3054,268,protein_coding,BPI2 domain-containing protein  [Source:UniProtKB/TrEMBL;Acc:A0A8J2MLK8],Cercopithifilaria johnstoni (PRJEB47283),protein_coding,cejohnprjeb47283
CJOHNSTONI_LOCUS1611,rna-CJOHNSTONI_LOCUS1611,1262,protein_coding,Cysteine rich repeat-containing domain protein  [Source:UniProtKB/TrEMBL;Acc:A0A8J2PWR2],Cercopithifilaria johnstoni (PRJEB47283),protein_coding,cejohnprjeb47283
CJOHNSTONI_LOCUS6186,rna-CJOHNSTONI_LOCUS6186,321,protein_coding,SET domain-containing protein  [Source:UniProtKB/TrEMBL;Acc:A0A8J2MQ30],Cercopithifilaria johnstoni (PRJEB47283),protein_coding,cejohnprjeb47283
CJOHNSTONI_LOCUS6479,rna-CJOHNSTONI_LOCUS6479,266,protein_coding,Collagen triple helix repeat protein  [Source:UniProtKB/TrEMBL;Acc:A0A8J2Q1M7],Cercopithifilaria johnstoni (PRJEB47283),protein_coding,cejohnprjeb47283
CJOHNSTONI_LOCUS9760,rna-CJOHNSTONI_LOCUS9760,259,protein_coding,Calcium-transporting ATPase  [Source:UniProtKB/TrEMBL;Acc:A0A8J2MG71],Cercopithifilaria johnstoni (PRJEB47283),protein_coding,cejohnprjeb47283
CJOHNSTONI_LOCUS451,rna-CJOHNSTONI_LOCUS451,254,protein_coding,,Cercopithifilaria johnstoni (PRJEB47283),protein_coding,cejohnprjeb47283
CJOHNSTONI_LOCUS240,rna-CJOHNSTONI_LOCUS240,245,protein_coding,T-complex protein 1 subunit theta  [Source:UniProtKB/TrEMBL;Acc:A0A8J2LVG8],Cercopithifilaria johnstoni (PRJEB47283),protein_coding,cejohnprjeb47283
CJOHNSTONI_LOCUS6814,rna-CJOHNSTONI_LOCUS6814,238,protein_coding,,Cercopithifilaria johnstoni (PRJEB47283),protein_coding,cejohnprjeb47283
CJOHNSTONI_LOCUS1016,rna-CJOHNSTONI_LOCUS1016,236,protein_coding,Secreted protein  [Source:UniProtKB/TrEMBL;Acc:A0A8J2LZQ9],Cercopithifilaria johnstoni (PRJEB47283),protein_coding,cejohnprjeb47283
CJOHNSTONI_LOCUS9359,rna-CJOHNSTONI_LOCUS9359,213,protein_coding,DNA polymerase  [Source:UniProtKB/TrEMBL;Acc:A0A8J2ME74],Cercopithifilaria johnstoni (PRJEB47283),protein_coding,cejohnprjeb47283
CJOHNSTONI_LOCUS8926,rna-CJOHNSTONI_LOCUS8926,209,protein_coding,AAA domain-containing protein  [Source:UniProtKB/TrEMBL;Acc:A0A8J2MTR9],Cercopithifilaria johnstoni (PRJEB47283),protein_coding,cejohnprjeb47283
CJOHNSTONI_LOCUS4353,rna-CJOHNSTONI_LOCUS4353,205,protein_coding,F-box/LRR-repeat protein  [Source:UniProtKB/TrEMBL;Acc:A0A8J2Q379],Cercopithifilaria johnstoni (PRJEB47283),protein_coding,cejohnprjeb47283
CJOHNSTONI_LOCUS6673,rna-CJOHNSTONI_LOCUS6673,196,protein_coding,LMBR1 domain-containing protein 2  [Source:UniProtKB/TrEMBL;Acc:A0A8J2M0B8],Cercopithifilaria johnstoni (PRJEB47283),protein_coding,cejohnprjeb47283
CJOHNSTONI_LOCUS5842,rna-CJOHNSTONI_LOCUS5842,260,protein_coding,CRC domain-containing protein  [Source:UniProtKB/TrEMBL;Acc:A0A8J2PU61],Cercopithifilaria johnstoni (PRJEB47283),protein_coding,cejohnprjeb47283
CJOHNSTONI_LOCUS4645,rna-CJOHNSTONI_LOCUS4645,286,protein_coding,Derlin  [Source:UniProtKB/TrEMBL;Acc:A0A8J2MMS5],Cercopithifilaria johnstoni (PRJEB47283),protein_coding,cejohnprjeb47283
CJOHNSTONI_LOCUS6937,rna-CJOHNSTONI_LOCUS6937,246,protein_coding,BTB domain-containing protein  [Source:UniProtKB/TrEMBL;Acc:A0A8J2MQW2],Cercopithifilaria johnstoni (PRJEB47283),protein_coding,cejohnprjeb47283
CJOHNSTONI_LOCUS3787,rna-CJOHNSTONI_LOCUS3787,225,protein_coding,N(4)-(Beta-N-acetylglucosaminyl)-L-asparaginase  [Source:UniProtKB/TrEMBL;Acc:A0A8J2Q9P2],Cercopithifilaria johnstoni (PRJEB47283),protein_coding,cejohnprjeb47283
CJOHNSTONI_LOCUS7087,rna-CJOHNSTONI_LOCUS7087,195,protein_coding,Glycine cleavage system H protein  [Source:UniProtKB/TrEMBL;Acc:A0A8J2M930],Cercopithifilaria johnstoni (PRJEB47283),protein_coding,cejohnprjeb47283
CJOHNSTONI_LOCUS1981,rna-CJOHNSTONI_LOCUS1981,206,protein_coding,Electron transfer flavoprotein subunit beta  [Source:UniProtKB/TrEMBL;Acc:A0A8J2Q169],Cercopithifilaria johnstoni (PRJEB47283),protein_coding,cejohnprjeb47283
CJOHNSTONI_LOCUS3351,rna-CJOHNSTONI_LOCUS3351,192,protein_coding,C2 domain-containing protein  [Source:UniProtKB/TrEMBL;Acc:A0A8J2M1C1],Cercopithifilaria johnstoni (PRJEB47283),protein_coding,cejohnprjeb47283
CJOHNSTONI_LOCUS9057,rna-CJOHNSTONI_LOCUS9057,182,protein_coding,PH domain-containing protein  [Source:UniProtKB/TrEMBL;Acc:A0A8J2Q910],Cercopithifilaria johnstoni (PRJEB47283),protein_coding,cejohnprjeb47283
CJOHNSTONI_LOCUS9661,rna-CJOHNSTONI_LOCUS9661,178,protein_coding,Activator of basal transcription 1  [Source:UniProtKB/TrEMBL;Acc:A0A8J2MUD6],Cercopithifilaria johnstoni (PRJEB47283),protein_coding,cejohnprjeb47283
CJOHNSTONI_LOCUS10380,rna-CJOHNSTONI_LOCUS10380,172,protein_coding,RNA-dependent RNA polymerase  [Source:UniProtKB/TrEMBL;Acc:A0A8J2MDH5],Cercopithifilaria johnstoni (PRJEB47283),protein_coding,cejohnprjeb47283
CJOHNSTONI_LOCUS7280,rna-CJOHNSTONI_LOCUS7280,220,protein_coding,Protein kinase domain-containing protein  [Source:UniProtKB/TrEMBL;Acc:A0A8J2QAN3],Cercopithifilaria johnstoni (PRJEB47283),protein_coding,cejohnprjeb47283
CJOHNSTONI_LOCUS8339,rna-CJOHNSTONI_LOCUS8339,218,protein_coding,Endoplasmic reticulum lectin 1  [Source:UniProtKB/TrEMBL;Acc:A0A8J2MBS6],Cercopithifilaria johnstoni (PRJEB47283),protein_coding,cejohnprjeb47283
CJOHNSTONI_LOCUS941,rna-CJOHNSTONI_LOCUS941,166,protein_coding,Helicase C-terminal domain-containing protein  [Source:UniProtKB/TrEMBL;Acc:A0A8J2LV71],Cercopithifilaria johnstoni (PRJEB47283),protein_coding,cejohnprjeb47283
CJOHNSTONI_LOCUS3060,rna-CJOHNSTONI_LOCUS3060,258,protein_coding,Utp13 domain-containing protein  [Source:UniProtKB/TrEMBL;Acc:A0A8J2Q595],Cercopithifilaria johnstoni (PRJEB47283),protein_coding,cejohnprjeb47283
CJOHNSTONI_LOCUS4971,rna-CJOHNSTONI_LOCUS4971,335,protein_coding,ANK_REP_REGION domain-containing protein  [Source:UniProtKB/TrEMBL;Acc:A0A8J2Q766],Cercopithifilaria johnstoni (PRJEB47283),protein_coding,cejohnprjeb47283
CJOHNSTONI_LOCUS1932,rna-CJOHNSTONI_LOCUS1932-3,251,protein_coding,HEAT repeat-containing protein 1  [Source:UniProtKB/TrEMBL;Acc:A0A8J2Q8X7],Cercopithifilaria johnstoni (PRJEB47283),protein_coding,cejohnprjeb47283
CJOHNSTONI_LOCUS2844,rna-CJOHNSTONI_LOCUS2844,202,protein_coding,ANK_REP_REGION domain-containing protein  [Source:UniProtKB/TrEMBL;Acc:A0A8J2LYN0],Cercopithifilaria johnstoni (PRJEB47283),protein_coding,cejohnprjeb47283
CJOHNSTONI_LOCUS10546,rna-CJOHNSTONI_LOCUS10546,195,protein_coding,,Cercopithifilaria johnstoni (PRJEB47283),protein_coding,cejohnprjeb47283
CJOHNSTONI_LOCUS750,rna-CJOHNSTONI_LOCUS750,157,protein_coding,Glutathione S-transferase omega  [Source:UniProtKB/TrEMBL;Acc:A0A8J2MIK6],Cercopithifilaria johnstoni (PRJEB47283),protein_coding,cejohnprjeb47283
CJOHNSTONI_LOCUS9113,rna-CJOHNSTONI_LOCUS9113,1135,protein_coding,Unconventional myosin-Va  [Source:UniProtKB/TrEMBL;Acc:A0A8J2PXX2],Cercopithifilaria johnstoni (PRJEB47283),protein_coding,cejohnprjeb47283
CJOHNSTONI_LOCUS6304,rna-CJOHNSTONI_LOCUS6304,269,protein_coding,Multiple PDZ domain protein  [Source:UniProtKB/TrEMBL;Acc:A0A8J2Q1H5],Cercopithifilaria johnstoni (PRJEB47283),protein_coding,cejohnprjeb47283
CJOHNSTONI_LOCUS4625,rna-CJOHNSTONI_LOCUS4625,225,protein_coding,Exocyst complex component 2  [Source:UniProtKB/TrEMBL;Acc:A0A8J2Q3H7],Cercopithifilaria johnstoni (PRJEB47283),protein_coding,cejohnprjeb47283
CJOHNSTONI_LOCUS5231,rna-CJOHNSTONI_LOCUS5231,209,protein_coding,PPIase cyclophilin-type domain-containing protein  [Source:UniProtKB/TrEMBL;Acc:A0A8J2Q455],Cercopithifilaria johnstoni (PRJEB47283),protein_coding,cejohnprjeb47283
CJOHNSTONI_LOCUS9502,rna-CJOHNSTONI_LOCUS9502,209,protein_coding,Serine/threonine-protein phosphatase  [Source:UniProtKB/TrEMBL;Acc:A0A8J2Q6X7],Cercopithifilaria johnstoni (PRJEB47283),protein_coding,cejohnprjeb47283
CJOHNSTONI_LOCUS2198,rna-CJOHNSTONI_LOCUS2198,361,protein_coding,Nuclear hormone receptor E75  [Source:UniProtKB/TrEMBL;Acc:A0A8J2LXJ7],Cercopithifilaria johnstoni (PRJEB47283),protein_coding,cejohnprjeb47283
CJOHNSTONI_LOCUS4192,rna-CJOHNSTONI_LOCUS4192-2,240,protein_coding,BTB domain-containing protein  [Source:UniProtKB/TrEMBL;Acc:A0A8J2Q9U9],Cercopithifilaria johnstoni (PRJEB47283),protein_coding,cejohnprjeb47283
CJOHNSTONI_LOCUS7296,rna-CJOHNSTONI_LOCUS7296,188,protein_coding,LITAF domain-containing protein  [Source:UniProtKB/TrEMBL;Acc:A0A8J2M7P2],Cercopithifilaria johnstoni (PRJEB47283),protein_coding,cejohnprjeb47283
CJOHNSTONI_LOCUS5449,rna-CJOHNSTONI_LOCUS5449,504,protein_coding,,Cercopithifilaria johnstoni (PRJEB47283),protein_coding,cejohnprjeb47283
CJOHNSTONI_LOCUS7772,rna-CJOHNSTONI_LOCUS7772,396,protein_coding,Dystrophin  [Source:UniProtKB/TrEMBL;Acc:A0A8J2MAK5],Cercopithifilaria johnstoni (PRJEB47283),protein_coding,cejohnprjeb47283
CJOHNSTONI_LOCUS5731,rna-CJOHNSTONI_LOCUS5731,184,protein_coding,40S ribosomal protein S26  [Source:UniProtKB/TrEMBL;Acc:A0A8J2PU28],Cercopithifilaria johnstoni (PRJEB47283),protein_coding,cejohnprjeb47283
CJOHNSTONI_LOCUS877,rna-CJOHNSTONI_LOCUS877,402,protein_coding,Protein grainyhead  [Source:UniProtKB/TrEMBL;Acc:A0A8J2LWV0],Cercopithifilaria johnstoni (PRJEB47283),protein_coding,cejohnprjeb47283
CJOHNSTONI_LOCUS7250,rna-CJOHNSTONI_LOCUS7250,327,protein_coding,SSD domain-containing protein  [Source:UniProtKB/TrEMBL;Acc:A0A8J2Q8F1],Cercopithifilaria johnstoni (PRJEB47283),protein_coding,cejohnprjeb47283
CJOHNSTONI_LOCUS9300,rna-CJOHNSTONI_LOCUS9300,282,protein_coding,Phospholipid-transporting ATPase  [Source:UniProtKB/TrEMBL;Acc:A0A8J2MTY3],Cercopithifilaria johnstoni (PRJEB47283),protein_coding,cejohnprjeb47283
CJOHNSTONI_LOCUS10412,rna-CJOHNSTONI_LOCUS10412,261,protein_coding,Retinol dehydrogenase 14  [Source:UniProtKB/TrEMBL;Acc:A0A8J2PZ43],Cercopithifilaria johnstoni (PRJEB47283),protein_coding,cejohnprjeb47283
CJOHNSTONI_LOCUS4413,rna-CJOHNSTONI_LOCUS4413,234,protein_coding,Sorting nexin-11  [Source:UniProtKB/TrEMBL;Acc:A0A8J2MMK4],Cercopithifilaria johnstoni (PRJEB47283),protein_coding,cejohnprjeb47283
CJOHNSTONI_LOCUS10241,rna-CJOHNSTONI_LOCUS10241,294,protein_coding,Protein RFT1 homolog  [Source:UniProtKB/TrEMBL;Acc:A0A8J2MDA0],Cercopithifilaria johnstoni (PRJEB47283),protein_coding,cejohnprjeb47283
CJOHNSTONI_LOCUS7525,rna-CJOHNSTONI_LOCUS7525,277,protein_coding,Atx10homo_assoc domain-containing protein  [Source:UniProtKB/TrEMBL;Acc:A0A8J2M9V4],Cercopithifilaria johnstoni (PRJEB47283),protein_coding,cejohnprjeb47283
CJOHNSTONI_LOCUS4785,rna-CJOHNSTONI_LOCUS4785,221,protein_coding,choline-phosphate cytidylyltransferase  [Source:UniProtKB/TrEMBL;Acc:A0A8J2QA48],Cercopithifilaria johnstoni (PRJEB47283),protein_coding,cejohnprjeb47283
CJOHNSTONI_LOCUS3639,rna-CJOHNSTONI_LOCUS3639,659,protein_coding,non-specific serine/threonine protein kinase  [Source:UniProtKB/TrEMBL;Acc:A0A8J2MLM7],Cercopithifilaria johnstoni (PRJEB47283),protein_coding,cejohnprjeb47283
CJOHNSTONI_LOCUS3396,rna-CJOHNSTONI_LOCUS3396,183,protein_coding,Transaldolase  [Source:UniProtKB/TrEMBL;Acc:A0A8J2Q5J3],Cercopithifilaria johnstoni (PRJEB47283),protein_coding,cejohnprjeb47283
CJOHNSTONI_LOCUS6201,rna-CJOHNSTONI_LOCUS6201,198,protein_coding,Stress-70 protein chaperone microsome-associated 60 kDa protein  [Source:UniProtKB/TrEMBL;Acc:A0A8J2MQ37],Cercopithifilaria johnstoni (PRJEB47283),protein_coding,cejohnprjeb47283
CJOHNSTONI_LOCUS7481,rna-CJOHNSTONI_LOCUS7481,1666,protein_coding,Kunitz/Bovine pancreatic trypsin inhibitor domain protein  [Source:UniProtKB/TrEMBL;Acc:A0A8J2MRH5],Cercopithifilaria johnstoni (PRJEB47283),protein_coding,cejohnprjeb47283
CJOHNSTONI_LOCUS8836,rna-CJOHNSTONI_LOCUS8836,168,protein_coding,,Cercopithifilaria johnstoni (PRJEB47283),protein_coding,cejohnprjeb47283
CJOHNSTONI_LOCUS9301,rna-CJOHNSTONI_LOCUS9301,162,protein_coding,Ephrin RBD domain-containing protein  [Source:UniProtKB/TrEMBL;Acc:A0A8J2MUB3],Cercopithifilaria johnstoni (PRJEB47283),protein_coding,cejohnprjeb47283
CJOHNSTONI_LOCUS3749,rna-CJOHNSTONI_LOCUS3749,209,protein_coding,Conserved protein  [Source:UniProtKB/TrEMBL;Acc:A0A8J2M269],Cercopithifilaria johnstoni (PRJEB47283),protein_coding,cejohnprjeb47283
CJOHNSTONI_LOCUS250,rna-CJOHNSTONI_LOCUS250,196,protein_coding,"Cysteine desulfurase, mitochondrial  [Source:UniProtKB/TrEMBL;Acc:A0A8J2LL00]",Cercopithifilaria johnstoni (PRJEB47283),protein_coding,cejohnprjeb47283
CJOHNSTONI_LOCUS1712,rna-CJOHNSTONI_LOCUS1712,239,protein_coding,,Cercopithifilaria johnstoni (PRJEB47283),protein_coding,cejohnprjeb47283
CJOHNSTONI_LOCUS9377,rna-CJOHNSTONI_LOCUS9377,193,protein_coding,Nas2_N domain-containing protein  [Source:UniProtKB/TrEMBL;Acc:A0A8J2Q6V1],Cercopithifilaria johnstoni (PRJEB47283),protein_coding,cejohnprjeb47283
CJOHNSTONI_LOCUS6576,rna-CJOHNSTONI_LOCUS6576,161,protein_coding,Fibronectin type III domain protein  [Source:UniProtKB/TrEMBL;Acc:A0A8J2Q838],Cercopithifilaria johnstoni (PRJEB47283),protein_coding,cejohnprjeb47283
CJOHNSTONI_LOCUS9049,rna-CJOHNSTONI_LOCUS9049,154,protein_coding,Ovule protein  [Source:UniProtKB/TrEMBL;Acc:A0A8J2MBA5],Cercopithifilaria johnstoni (PRJEB47283),protein_coding,cejohnprjeb47283
CJOHNSTONI_LOCUS1547,rna-CJOHNSTONI_LOCUS1547,148,protein_coding,KTSC domain-containing protein  [Source:UniProtKB/TrEMBL;Acc:A0A8J2LW98],Cercopithifilaria johnstoni (PRJEB47283),protein_coding,cejohnprjeb47283
CJOHNSTONI_LOCUS5597,rna-CJOHNSTONI_LOCUS5597,239,protein_coding,G_PROTEIN_RECEP_F2_4 domain-containing protein  [Source:UniProtKB/TrEMBL;Acc:A0A8J2LXP1],Cercopithifilaria johnstoni (PRJEB47283),protein_coding,cejohnprjeb47283
CJOHNSTONI_LOCUS2175,rna-CJOHNSTONI_LOCUS2175,239,protein_coding,BAR domain-containing protein  [Source:UniProtKB/TrEMBL;Acc:A0A8J2M1Z3],Cercopithifilaria johnstoni (PRJEB47283),protein_coding,cejohnprjeb47283
CJOHNSTONI_LOCUS2667,rna-CJOHNSTONI_LOCUS2667,200,protein_coding,G protein-coupled receptor kinase  [Source:UniProtKB/TrEMBL;Acc:A0A8J2LYN3],Cercopithifilaria johnstoni (PRJEB47283),protein_coding,cejohnprjeb47283
CJOHNSTONI_LOCUS8529,rna-CJOHNSTONI_LOCUS8529-2,207,protein_coding,DCAF15_WD40 domain-containing protein  [Source:UniProtKB/TrEMBL;Acc:A0A8J2QAX5],Cercopithifilaria johnstoni (PRJEB47283),protein_coding,cejohnprjeb47283
CJOHNSTONI_LOCUS2886,rna-CJOHNSTONI_LOCUS2886,155,protein_coding,LRAT domain-containing protein  [Source:UniProtKB/TrEMBL;Acc:A0A8J2PYH2],Cercopithifilaria johnstoni (PRJEB47283),protein_coding,cejohnprjeb47283
CJOHNSTONI_LOCUS4225,rna-CJOHNSTONI_LOCUS4225,152,protein_coding,Transposase  [Source:UniProtKB/TrEMBL;Acc:A0A8J2M5C5],Cercopithifilaria johnstoni (PRJEB47283),protein_coding,cejohnprjeb47283
CJOHNSTONI_LOCUS10582,rna-CJOHNSTONI_LOCUS10582,166,protein_coding,Ovule protein  [Source:UniProtKB/TrEMBL;Acc:A0A8J2MW23],Cercopithifilaria johnstoni (PRJEB47283),protein_coding,cejohnprjeb47283
CJOHNSTONI_LOCUS9979,rna-CJOHNSTONI_LOCUS9979,578,protein_coding,SHSP domain-containing protein  [Source:UniProtKB/TrEMBL;Acc:A0A8J2MEW5],Cercopithifilaria johnstoni (PRJEB47283),protein_coding,cejohnprjeb47283
CJOHNSTONI_LOCUS3302,rna-CJOHNSTONI_LOCUS3302,158,protein_coding,Ras-related GTP-binding protein A  [Source:UniProtKB/TrEMBL;Acc:A0A8J2Q9H2],Cercopithifilaria johnstoni (PRJEB47283),protein_coding,cejohnprjeb47283
CJOHNSTONI_LOCUS7166,rna-CJOHNSTONI_LOCUS7166,211,protein_coding,Solute carrier family 12 member 1  [Source:UniProtKB/TrEMBL;Acc:A0A8J2M986],Cercopithifilaria johnstoni (PRJEB47283),protein_coding,cejohnprjeb47283
CJOHNSTONI_LOCUS3455,rna-CJOHNSTONI_LOCUS3455,169,protein_coding,CNNM transmembrane domain-containing protein  [Source:UniProtKB/TrEMBL;Acc:A0A8J2PS74],Cercopithifilaria johnstoni (PRJEB47283),protein_coding,cejohnprjeb47283
CJOHNSTONI_LOCUS5442,rna-CJOHNSTONI_LOCUS5442,163,protein_coding,FAM192A_Fyv6_N domain-containing protein  [Source:UniProtKB/TrEMBL;Acc:A0A8J2M402],Cercopithifilaria johnstoni (PRJEB47283),protein_coding,cejohnprjeb47283
CJOHNSTONI_LOCUS5778,rna-CJOHNSTONI_LOCUS5778,210,protein_coding,Apple domain-containing protein  [Source:UniProtKB/TrEMBL;Acc:A0A8J2Q106],Cercopithifilaria johnstoni (PRJEB47283),protein_coding,cejohnprjeb47283
CJOHNSTONI_LOCUS1042,rna-CJOHNSTONI_LOCUS1042,480,protein_coding,C2H2-type domain-containing protein  [Source:UniProtKB/TrEMBL;Acc:A0A8J2LPE9],Cercopithifilaria johnstoni (PRJEB47283),protein_coding,cejohnprjeb47283
CJOHNSTONI_LOCUS7093,rna-CJOHNSTONI_LOCUS7093,204,protein_coding,3-hydroxy-3-methylglutaryl coenzyme A reductase  [Source:UniProtKB/TrEMBL;Acc:A0A8J2QAL9],Cercopithifilaria johnstoni (PRJEB47283),protein_coding,cejohnprjeb47283
CJOHNSTONI_LOCUS7952,rna-CJOHNSTONI_LOCUS7952,272,protein_coding,RBR-type E3 ubiquitin transferase  [Source:UniProtKB/TrEMBL;Acc:A0A8J2MAC3],Cercopithifilaria johnstoni (PRJEB47283),protein_coding,cejohnprjeb47283
CJOHNSTONI_LOCUS5631,rna-CJOHNSTONI_LOCUS5631,255,protein_coding,USP domain-containing protein  [Source:UniProtKB/TrEMBL;Acc:A0A8J2M589],Cercopithifilaria johnstoni (PRJEB47283),protein_coding,cejohnprjeb47283
CJOHNSTONI_LOCUS9467,rna-CJOHNSTONI_LOCUS9467,249,protein_coding,Rab-GAP TBC domain-containing protein  [Source:UniProtKB/TrEMBL;Acc:A0A8J2MC60],Cercopithifilaria johnstoni (PRJEB47283),protein_coding,cejohnprjeb47283
CJOHNSTONI_LOCUS87,rna-CJOHNSTONI_LOCUS87,230,protein_coding,Collagen triple helix repeat protein  [Source:UniProtKB/TrEMBL;Acc:A0A8J2LV75],Cercopithifilaria johnstoni (PRJEB47283),protein_coding,cejohnprjeb47283
CJOHNSTONI_LOCUS4327,rna-CJOHNSTONI_LOCUS4327,219,protein_coding,Metalloendopeptidase  [Source:UniProtKB/TrEMBL;Acc:A0A8J2PZT3],Cercopithifilaria johnstoni (PRJEB47283),protein_coding,cejohnprjeb47283
CJOHNSTONI_LOCUS6456,rna-CJOHNSTONI_LOCUS6456,184,protein_coding,Trafficking protein particle complex subunit 5  [Source:UniProtKB/TrEMBL;Acc:A0A8J2M053],Cercopithifilaria johnstoni (PRJEB47283),protein_coding,cejohnprjeb47283
CJOHNSTONI_LOCUS1227,rna-CJOHNSTONI_LOCUS1227,376,protein_coding,Integumentary mucin C.1-like  [Source:UniProtKB/TrEMBL;Acc:A0A8J2LVJ6],Cercopithifilaria johnstoni (PRJEB47283),protein_coding,cejohnprjeb47283
CJOHNSTONI_LOCUS9971,rna-CJOHNSTONI_LOCUS9971,274,protein_coding,Global transcription activator SNF2L1  [Source:UniProtKB/TrEMBL;Acc:A0A8J2PYP5],Cercopithifilaria johnstoni (PRJEB47283),protein_coding,cejohnprjeb47283
CJOHNSTONI_LOCUS5106,rna-CJOHNSTONI_LOCUS5106,273,protein_coding,Anaphase-promoting complex subunit 1  [Source:UniProtKB/TrEMBL;Acc:A0A8J2M4H4],Cercopithifilaria johnstoni (PRJEB47283),protein_coding,cejohnprjeb47283
CJOHNSTONI_LOCUS10123,rna-CJOHNSTONI_LOCUS10123,264,protein_coding,G_PROTEIN_RECEP_F1_2 domain-containing protein  [Source:UniProtKB/TrEMBL;Acc:A0A8J2PYU3],Cercopithifilaria johnstoni (PRJEB47283),protein_coding,cejohnprjeb47283
CJOHNSTONI_LOCUS6142,rna-CJOHNSTONI_LOCUS6142,206,protein_coding,DNA helicase  [Source:UniProtKB/TrEMBL;Acc:A0A8J2Q4V9],Cercopithifilaria johnstoni (PRJEB47283),protein_coding,cejohnprjeb47283
CJOHNSTONI_LOCUS1332,rna-CJOHNSTONI_LOCUS1332,204,protein_coding,"39S ribosomal protein L22, mitochondrial  [Source:UniProtKB/TrEMBL;Acc:A0A8J2LPZ2]",Cercopithifilaria johnstoni (PRJEB47283),protein_coding,cejohnprjeb47283
CJOHNSTONI_LOCUS7347,rna-CJOHNSTONI_LOCUS7347,188,protein_coding,protein-serine/threonine phosphatase  [Source:UniProtKB/TrEMBL;Acc:A0A8J2PVX8],Cercopithifilaria johnstoni (PRJEB47283),protein_coding,cejohnprjeb47283
CJOHNSTONI_LOCUS5065,rna-CJOHNSTONI_LOCUS5065,432,protein_coding,tRNA N(3)-methylcytidine methyltransferase  [Source:UniProtKB/TrEMBL;Acc:A0A8J2M4E8],Cercopithifilaria johnstoni (PRJEB47283),protein_coding,cejohnprjeb47283
CJOHNSTONI_LOCUS570,rna-CJOHNSTONI_LOCUS570,167,protein_coding,Dynactin 5  [Source:UniProtKB/TrEMBL;Acc:A0A8J2MIB3],Cercopithifilaria johnstoni (PRJEB47283),protein_coding,cejohnprjeb47283
CJOHNSTONI_LOCUS10340,rna-CJOHNSTONI_LOCUS10340,286,protein_coding,Nuclear pore membrane glycoprotein  [Source:UniProtKB/TrEMBL;Acc:A0A8J2QBA7],Cercopithifilaria johnstoni (PRJEB47283),protein_coding,cejohnprjeb47283
CJOHNSTONI_LOCUS3372,rna-CJOHNSTONI_LOCUS3372,239,protein_coding,BZIP domain-containing protein  [Source:UniProtKB/TrEMBL;Acc:A0A8J2LTT0],Cercopithifilaria johnstoni (PRJEB47283),protein_coding,cejohnprjeb47283
CJOHNSTONI_LOCUS987,rna-CJOHNSTONI_LOCUS987,185,protein_coding,Restriction endonuclease  [Source:UniProtKB/TrEMBL;Acc:A0A8J2MJ74],Cercopithifilaria johnstoni (PRJEB47283),protein_coding,cejohnprjeb47283
CJOHNSTONI_LOCUS6181,rna-CJOHNSTONI_LOCUS6181,205,protein_coding,dTMP kinase  [Source:UniProtKB/TrEMBL;Acc:A0A8J2QAF2],Cercopithifilaria johnstoni (PRJEB47283),protein_coding,cejohnprjeb47283
CJOHNSTONI_LOCUS3607,rna-CJOHNSTONI_LOCUS3607,278,protein_coding,Kinesin motor domain-containing protein  [Source:UniProtKB/TrEMBL;Acc:A0A8J2Q2M3],Cercopithifilaria johnstoni (PRJEB47283),protein_coding,cejohnprjeb47283
CJOHNSTONI_LOCUS7874,rna-CJOHNSTONI_LOCUS7874,326,protein_coding,SSD domain-containing protein  [Source:UniProtKB/TrEMBL;Acc:A0A8J2PWS8],Cercopithifilaria johnstoni (PRJEB47283),protein_coding,cejohnprjeb47283
CJOHNSTONI_LOCUS5769,rna-CJOHNSTONI_LOCUS5769,206,protein_coding,COMM domain-containing protein  [Source:UniProtKB/TrEMBL;Acc:A0A8J2MPI6],Cercopithifilaria johnstoni (PRJEB47283),protein_coding,cejohnprjeb47283
CJOHNSTONI_LOCUS10321,rna-CJOHNSTONI_LOCUS10321,167,protein_coding,MARVEL domain-containing protein  [Source:UniProtKB/TrEMBL;Acc:A0A8J2MG64],Cercopithifilaria johnstoni (PRJEB47283),protein_coding,cejohnprjeb47283
CJOHNSTONI_LOCUS9566,rna-CJOHNSTONI_LOCUS9566,715,protein_coding,,Cercopithifilaria johnstoni (PRJEB47283),protein_coding,cejohnprjeb47283
CJOHNSTONI_LOCUS9487,rna-CJOHNSTONI_LOCUS9487,162,protein_coding,Rad21_Rec8_N domain-containing protein  [Source:UniProtKB/TrEMBL;Acc:A0A8J2PY74],Cercopithifilaria johnstoni (PRJEB47283),protein_coding,cejohnprjeb47283
CJOHNSTONI_LOCUS1103,rna-CJOHNSTONI_LOCUS1103,290,protein_coding,HAD family hydrolase  [Source:UniProtKB/TrEMBL;Acc:A0A8J2LXA0],Cercopithifilaria johnstoni (PRJEB47283),protein_coding,cejohnprjeb47283
CJOHNSTONI_LOCUS502,rna-CJOHNSTONI_LOCUS502,161,protein_coding,"39S ribosomal protein L1, mitochondrial  [Source:UniProtKB/TrEMBL;Acc:A0A8J2LU69]",Cercopithifilaria johnstoni (PRJEB47283),protein_coding,cejohnprjeb47283
CJOHNSTONI_LOCUS8291,rna-CJOHNSTONI_LOCUS8291,216,protein_coding,60S ribosomal protein L28  [Source:UniProtKB/TrEMBL;Acc:A0A8J2M9Q2],Cercopithifilaria johnstoni (PRJEB47283),protein_coding,cejohnprjeb47283
CJOHNSTONI_LOCUS9750,rna-CJOHNSTONI_LOCUS9750,152,protein_coding,,Cercopithifilaria johnstoni (PRJEB47283),protein_coding,cejohnprjeb47283
CJOHNSTONI_LOCUS2072,rna-CJOHNSTONI_LOCUS2072,142,protein_coding,J domain-containing protein  [Source:UniProtKB/TrEMBL;Acc:A0A8J2MKH2],Cercopithifilaria johnstoni (PRJEB47283),protein_coding,cejohnprjeb47283
CJOHNSTONI_LOCUS1886,rna-CJOHNSTONI_LOCUS1886,209,protein_coding,tRNA selenocysteine 1-associated protein 1  [Source:UniProtKB/TrEMBL;Acc:A0A8J2LYQ3],Cercopithifilaria johnstoni (PRJEB47283),protein_coding,cejohnprjeb47283
CJOHNSTONI_LOCUS5857,rna-CJOHNSTONI_LOCUS5857,137,protein_coding,Erf4 domain-containing protein  [Source:UniProtKB/TrEMBL;Acc:A0A8J2Q128],Cercopithifilaria johnstoni (PRJEB47283),protein_coding,cejohnprjeb47283
CJOHNSTONI_LOCUS1313,rna-CJOHNSTONI_LOCUS1313,133,protein_coding,Secreted protein  [Source:UniProtKB/TrEMBL;Acc:A0A8J2Q0N2],Cercopithifilaria johnstoni (PRJEB47283),protein_coding,cejohnprjeb47283
CJOHNSTONI_LOCUS3311,rna-CJOHNSTONI_LOCUS3311,503,protein_coding,BTB domain-containing protein  [Source:UniProtKB/TrEMBL;Acc:A0A8J2M0X6],Cercopithifilaria johnstoni (PRJEB47283),protein_coding,cejohnprjeb47283
CJOHNSTONI_LOCUS4587,rna-CJOHNSTONI_LOCUS4587,260,protein_coding,FERM domain-containing protein  [Source:UniProtKB/TrEMBL;Acc:A0A8J2Q6Z5],Cercopithifilaria johnstoni (PRJEB47283),protein_coding,cejohnprjeb47283
CJOHNSTONI_LOCUS2818,rna-CJOHNSTONI_LOCUS2818,258,protein_coding,Serine protease inhibitor  [Source:UniProtKB/TrEMBL;Acc:A0A8J2M302],Cercopithifilaria johnstoni (PRJEB47283),protein_coding,cejohnprjeb47283
CJOHNSTONI_LOCUS6998,rna-CJOHNSTONI_LOCUS6998,223,protein_coding,HID1 domain containing  [Source:UniProtKB/TrEMBL;Acc:A0A8J2Q203],Cercopithifilaria johnstoni (PRJEB47283),protein_coding,cejohnprjeb47283
CJOHNSTONI_LOCUS4357,rna-CJOHNSTONI_LOCUS4357,214,protein_coding,Enhancer of rudimentary homolog  [Source:UniProtKB/TrEMBL;Acc:A0A8J2LVU5],Cercopithifilaria johnstoni (PRJEB47283),protein_coding,cejohnprjeb47283
CJOHNSTONI_LOCUS4640,rna-CJOHNSTONI_LOCUS4640,193,protein_coding,Signal peptidase complex catalytic subunit SEC11  [Source:UniProtKB/TrEMBL;Acc:A0A8J2PZZ6],Cercopithifilaria johnstoni (PRJEB47283),protein_coding,cejohnprjeb47283
CJOHNSTONI_LOCUS1075,rna-CJOHNSTONI_LOCUS1075,134,protein_coding,26S proteasome complex subunit dss-1  [Source:UniProtKB/TrEMBL;Acc:A0A8J2LXF4],Cercopithifilaria johnstoni (PRJEB47283),protein_coding,cejohnprjeb47283
CJOHNSTONI_LOCUS8184,rna-CJOHNSTONI_LOCUS8184,112,protein_coding,Ubiquitin-like protein 5  [Source:UniProtKB/TrEMBL;Acc:A0A8J2MBI8],Cercopithifilaria johnstoni (PRJEB47283),protein_coding,cejohnprjeb47283
CJOHNSTONI_LOCUS6211,rna-CJOHNSTONI_LOCUS6211,741,protein_coding,Vinculin  [Source:UniProtKB/TrEMBL;Acc:A0A8J2QAF4],Cercopithifilaria johnstoni (PRJEB47283),protein_coding,cejohnprjeb47283
CJOHNSTONI_LOCUS5598,rna-CJOHNSTONI_LOCUS5598,251,protein_coding,Phosphoglycerate mutase-like protein  [Source:UniProtKB/TrEMBL;Acc:A0A8J2LYH2],Cercopithifilaria johnstoni (PRJEB47283),protein_coding,cejohnprjeb47283
CJOHNSTONI_LOCUS8273,rna-CJOHNSTONI_LOCUS8273,144,protein_coding,Titin  [Source:UniProtKB/TrEMBL;Acc:A0A8J2Q322],Cercopithifilaria johnstoni (PRJEB47283),protein_coding,cejohnprjeb47283
CJOHNSTONI_LOCUS1185,rna-CJOHNSTONI_LOCUS1185,143,protein_coding,Thioredoxin domain-containing protein  [Source:UniProtKB/TrEMBL;Acc:A0A8J2Q0I6],Cercopithifilaria johnstoni (PRJEB47283),protein_coding,cejohnprjeb47283
CJOHNSTONI_LOCUS1081,rna-CJOHNSTONI_LOCUS1081,170,protein_coding,SHSP domain-containing protein  [Source:UniProtKB/TrEMBL;Acc:A0A8J2LMB9],Cercopithifilaria johnstoni (PRJEB47283),protein_coding,cejohnprjeb47283
CJOHNSTONI_LOCUS9256,rna-CJOHNSTONI_LOCUS9256,233,protein_coding,,Cercopithifilaria johnstoni (PRJEB47283),protein_coding,cejohnprjeb47283
CJOHNSTONI_LOCUS5823,rna-CJOHNSTONI_LOCUS5823,195,protein_coding,Transporter  [Source:UniProtKB/TrEMBL;Acc:A0A8J2M6G9],Cercopithifilaria johnstoni (PRJEB47283),protein_coding,cejohnprjeb47283
CJOHNSTONI_LOCUS2360,rna-CJOHNSTONI_LOCUS2360,264,protein_coding,Aryl hydrocarbon receptor nuclear translocator  [Source:UniProtKB/TrEMBL;Acc:A0A8J2LZP2],Cercopithifilaria johnstoni (PRJEB47283),protein_coding,cejohnprjeb47283
CJOHNSTONI_LOCUS5832,rna-CJOHNSTONI_LOCUS5832,261,protein_coding,FoP_duplication domain-containing protein  [Source:UniProtKB/TrEMBL;Acc:A0A8J2LYX7],Cercopithifilaria johnstoni (PRJEB47283),protein_coding,cejohnprjeb47283
CJOHNSTONI_LOCUS8333,rna-CJOHNSTONI_LOCUS8333,246,protein_coding,Importin subunit alpha  [Source:UniProtKB/TrEMBL;Acc:A0A8J2M3H3],Cercopithifilaria johnstoni (PRJEB47283),protein_coding,cejohnprjeb47283
CJOHNSTONI_LOCUS7701,rna-CJOHNSTONI_LOCUS7701,381,protein_coding,Transmembrane protein 231  [Source:UniProtKB/TrEMBL;Acc:A0A8J2MAB2],Cercopithifilaria johnstoni (PRJEB47283),protein_coding,cejohnprjeb47283
CJOHNSTONI_LOCUS8858,rna-CJOHNSTONI_LOCUS8858,227,protein_coding,Small-subunit processome  [Source:UniProtKB/TrEMBL;Acc:A0A8J2MCV6],Cercopithifilaria johnstoni (PRJEB47283),protein_coding,cejohnprjeb47283
CJOHNSTONI_LOCUS2774,rna-CJOHNSTONI_LOCUS2774,259,protein_coding,Cation transporter  [Source:UniProtKB/TrEMBL;Acc:A0A8J2LYJ6],Cercopithifilaria johnstoni (PRJEB47283),protein_coding,cejohnprjeb47283
CJOHNSTONI_LOCUS4995,rna-CJOHNSTONI_LOCUS4995,311,protein_coding,Peptidase A1 domain-containing protein  [Source:UniProtKB/TrEMBL;Acc:A0A8J2M3Y5],Cercopithifilaria johnstoni (PRJEB47283),protein_coding,cejohnprjeb47283
CJOHNSTONI_LOCUS1695,rna-CJOHNSTONI_LOCUS1695,210,protein_coding,Vacuolar protein sorting-associated protein 35  [Source:UniProtKB/TrEMBL;Acc:A0A8J2LNB3],Cercopithifilaria johnstoni (PRJEB47283),protein_coding,cejohnprjeb47283
CJOHNSTONI_LOCUS3107,rna-CJOHNSTONI_LOCUS3107,206,protein_coding,RNA helicase  [Source:UniProtKB/TrEMBL;Acc:A0A8J2LT36],Cercopithifilaria johnstoni (PRJEB47283),protein_coding,cejohnprjeb47283
CJOHNSTONI_LOCUS6538,rna-CJOHNSTONI_LOCUS6538-2,201,protein_coding,Inner membrane protein  [Source:UniProtKB/TrEMBL;Acc:A0A8J2Q1P2],Cercopithifilaria johnstoni (PRJEB47283),protein_coding,cejohnprjeb47283
CJOHNSTONI_LOCUS8556,rna-CJOHNSTONI_LOCUS8556,280,protein_coding,PDZ domain-containing protein  [Source:UniProtKB/TrEMBL;Acc:A0A8J2Q3A5],Cercopithifilaria johnstoni (PRJEB47283),protein_coding,cejohnprjeb47283
CJOHNSTONI_LOCUS3057,rna-CJOHNSTONI_LOCUS3057,188,protein_coding,Zinc/iron permease  [Source:UniProtKB/TrEMBL;Acc:A0A8J2LZK7],Cercopithifilaria johnstoni (PRJEB47283),protein_coding,cejohnprjeb47283
CJOHNSTONI_LOCUS5937,rna-CJOHNSTONI_LOCUS5937,158,protein_coding,Eukaryotic translation initiation factor 3 subunit H  [Source:UniProtKB/TrEMBL;Acc:A0A8J2QAD4],Cercopithifilaria johnstoni (PRJEB47283),protein_coding,cejohnprjeb47283
CJOHNSTONI_LOCUS6484,rna-CJOHNSTONI_LOCUS6484,143,protein_coding,Skp1-related protein  [Source:UniProtKB/TrEMBL;Acc:A0A8J2MQD2],Cercopithifilaria johnstoni (PRJEB47283),protein_coding,cejohnprjeb47283
CJOHNSTONI_LOCUS2336,rna-CJOHNSTONI_LOCUS2336,360,protein_coding,BHLH domain-containing protein  [Source:UniProtKB/TrEMBL;Acc:A0A8J2LZ67],Cercopithifilaria johnstoni (PRJEB47283),protein_coding,cejohnprjeb47283
CJOHNSTONI_LOCUS10543,rna-CJOHNSTONI_LOCUS10543,306,protein_coding,CUB domain-containing protein  [Source:UniProtKB/TrEMBL;Acc:A0A8J2MW03],Cercopithifilaria johnstoni (PRJEB47283),protein_coding,cejohnprjeb47283
CJOHNSTONI_LOCUS7924,rna-CJOHNSTONI_LOCUS7924,269,protein_coding,CDP-diacylglycerol--inositol 3-phosphatidyltransferase  [Source:UniProtKB/TrEMBL;Acc:A0A8J2MA99],Cercopithifilaria johnstoni (PRJEB47283),protein_coding,cejohnprjeb47283
CJOHNSTONI_LOCUS9175,rna-CJOHNSTONI_LOCUS9175,142,protein_coding,Major sperm protein  [Source:UniProtKB/TrEMBL;Acc:A0A8J2MU49],Cercopithifilaria johnstoni (PRJEB47283),protein_coding,cejohnprjeb47283
CJOHNSTONI_LOCUS4095,rna-CJOHNSTONI_LOCUS4095,133,protein_coding,,Cercopithifilaria johnstoni (PRJEB47283),protein_coding,cejohnprjeb47283
CJOHNSTONI_LOCUS5335,rna-CJOHNSTONI_LOCUS5335,192,protein_coding,Integrin beta  [Source:UniProtKB/TrEMBL;Acc:A0A8J2Q488],Cercopithifilaria johnstoni (PRJEB47283),protein_coding,cejohnprjeb47283
CJOHNSTONI_LOCUS4502,rna-CJOHNSTONI_LOCUS4502,286,protein_coding,DNA-directed primase/polymerase protein  [Source:UniProtKB/TrEMBL;Acc:A0A8J2Q6X9],Cercopithifilaria johnstoni (PRJEB47283),protein_coding,cejohnprjeb47283
CJOHNSTONI_LOCUS3282,rna-CJOHNSTONI_LOCUS3282,170,protein_coding,Transcriptional activator protein Pur-alpha  [Source:UniProtKB/TrEMBL;Acc:A0A8J2M1E2],Cercopithifilaria johnstoni (PRJEB47283),protein_coding,cejohnprjeb47283
CJOHNSTONI_LOCUS8478,rna-CJOHNSTONI_LOCUS8478,641,protein_coding,Shugoshin_C domain-containing protein  [Source:UniProtKB/TrEMBL;Acc:A0A8J2QAX1],Cercopithifilaria johnstoni (PRJEB47283),protein_coding,cejohnprjeb47283
CJOHNSTONI_LOCUS9040,rna-CJOHNSTONI_LOCUS9040,233,protein_coding,Macro domain-containing protein  [Source:UniProtKB/TrEMBL;Acc:A0A8J2MCU5],Cercopithifilaria johnstoni (PRJEB47283),protein_coding,cejohnprjeb47283
CJOHNSTONI_LOCUS474,rna-CJOHNSTONI_LOCUS474,204,protein_coding,START domain-containing protein  [Source:UniProtKB/TrEMBL;Acc:A0A8J2LYR2],Cercopithifilaria johnstoni (PRJEB47283),protein_coding,cejohnprjeb47283
CJOHNSTONI_LOCUS1962,rna-CJOHNSTONI_LOCUS1962,169,protein_coding,RING-CH-type domain-containing protein  [Source:UniProtKB/TrEMBL;Acc:A0A8J2M1N3],Cercopithifilaria johnstoni (PRJEB47283),protein_coding,cejohnprjeb47283
CJOHNSTONI_LOCUS3589,rna-CJOHNSTONI_LOCUS3589,290,protein_coding,Decapping nuclease  [Source:UniProtKB/TrEMBL;Acc:A0A8J2PSB8],Cercopithifilaria johnstoni (PRJEB47283),protein_coding,cejohnprjeb47283
CJOHNSTONI_LOCUS1744,rna-CJOHNSTONI_LOCUS1744,162,protein_coding,ACB domain-containing protein  [Source:UniProtKB/TrEMBL;Acc:A0A8J2M1B7],Cercopithifilaria johnstoni (PRJEB47283),protein_coding,cejohnprjeb47283
CJOHNSTONI_LOCUS2559,rna-CJOHNSTONI_LOCUS2559,338,protein_coding,Kinesin motor domain-containing protein  [Source:UniProtKB/TrEMBL;Acc:A0A8J2M026],Cercopithifilaria johnstoni (PRJEB47283),protein_coding,cejohnprjeb47283
CJOHNSTONI_LOCUS582,rna-CJOHNSTONI_LOCUS582,299,protein_coding,Nudix hydrolase domain-containing protein  [Source:UniProtKB/TrEMBL;Acc:A0A8J2LNH2],Cercopithifilaria johnstoni (PRJEB47283),protein_coding,cejohnprjeb47283
CJOHNSTONI_LOCUS3520,rna-CJOHNSTONI_LOCUS3520,261,protein_coding,PAP2_C domain-containing protein  [Source:UniProtKB/TrEMBL;Acc:A0A8J2M1P3],Cercopithifilaria johnstoni (PRJEB47283),protein_coding,cejohnprjeb47283
CJOHNSTONI_LOCUS9797,rna-CJOHNSTONI_LOCUS9797,199,protein_coding,AN1-type domain-containing protein  [Source:UniProtKB/TrEMBL;Acc:A0A8J2M593],Cercopithifilaria johnstoni (PRJEB47283),protein_coding,cejohnprjeb47283
CJOHNSTONI_LOCUS8235,rna-CJOHNSTONI_LOCUS8235,243,protein_coding,Smr domain-containing protein  [Source:UniProtKB/TrEMBL;Acc:A0A8J2MSU6],Cercopithifilaria johnstoni (PRJEB47283),protein_coding,cejohnprjeb47283
CJOHNSTONI_LOCUS7057,rna-CJOHNSTONI_LOCUS7057,238,protein_coding,Glycosyltransferase-like protein LARGE1  [Source:UniProtKB/TrEMBL;Acc:A0A8J2MR05],Cercopithifilaria johnstoni (PRJEB47283),protein_coding,cejohnprjeb47283
CJOHNSTONI_LOCUS4495,rna-CJOHNSTONI_LOCUS4495,338,protein_coding,Cytochrome b5 heme-binding domain-containing protein  [Source:UniProtKB/TrEMBL;Acc:A0A8J2MMN2],Cercopithifilaria johnstoni (PRJEB47283),protein_coding,cejohnprjeb47283
CJOHNSTONI_LOCUS10448,rna-CJOHNSTONI_LOCUS10448,188,protein_coding,dolichyl-diphosphooligosaccharide--protein glycotransferase  [Source:UniProtKB/TrEMBL;Acc:A0A8J2MGF6],Cercopithifilaria johnstoni (PRJEB47283),protein_coding,cejohnprjeb47283
CJOHNSTONI_LOCUS6565,rna-CJOHNSTONI_LOCUS6565,152,protein_coding,Calcium and integrin-binding family member 2  [Source:UniProtKB/TrEMBL;Acc:A0A8J2Q1P8],Cercopithifilaria johnstoni (PRJEB47283),protein_coding,cejohnprjeb47283
CJOHNSTONI_LOCUS8753,rna-CJOHNSTONI_LOCUS8753,162,protein_coding,Transthyretin-like family protein  [Source:UniProtKB/TrEMBL;Acc:A0A8J2Q6J6],Cercopithifilaria johnstoni (PRJEB47283),protein_coding,cejohnprjeb47283
CJOHNSTONI_LOCUS4831,rna-CJOHNSTONI_LOCUS4831,178,protein_coding,DUF19 domain-containing protein  [Source:UniProtKB/TrEMBL;Acc:A0A8J2MNF7],Cercopithifilaria johnstoni (PRJEB47283),protein_coding,cejohnprjeb47283
CJOHNSTONI_LOCUS2297,rna-CJOHNSTONI_LOCUS2297,111,protein_coding,26S proteasome non-ATPase regulatory subunit 8  [Source:UniProtKB/TrEMBL;Acc:A0A8J2MK75],Cercopithifilaria johnstoni (PRJEB47283),protein_coding,cejohnprjeb47283
CJOHNSTONI_LOCUS1065,rna-CJOHNSTONI_LOCUS1065,144,protein_coding,"Alpha-1,3-mannosyl-glycoprotein 2-beta-N-acetylglucosaminyltransferase  [Source:UniProtKB/TrEMBL;Acc:A0A8J2Q8E4]",Cercopithifilaria johnstoni (PRJEB47283),protein_coding,cejohnprjeb47283
CJOHNSTONI_LOCUS4431,rna-CJOHNSTONI_LOCUS4431,173,protein_coding,AP complex subunit sigma  [Source:UniProtKB/TrEMBL;Acc:A0A8J2M3D8],Cercopithifilaria johnstoni (PRJEB47283),protein_coding,cejohnprjeb47283
CJOHNSTONI_LOCUS3608,rna-CJOHNSTONI_LOCUS3608,187,protein_coding,Plus3 domain-containing protein  [Source:UniProtKB/TrEMBL;Acc:A0A8J2PZ44],Cercopithifilaria johnstoni (PRJEB47283),protein_coding,cejohnprjeb47283
CJOHNSTONI_LOCUS906,rna-CJOHNSTONI_LOCUS906,229,protein_coding,Protein vav  [Source:UniProtKB/TrEMBL;Acc:A0A8J2Q3H8],Cercopithifilaria johnstoni (PRJEB47283),protein_coding,cejohnprjeb47283
CJOHNSTONI_LOCUS4322,rna-CJOHNSTONI_LOCUS4322,165,protein_coding,Guanine nucleotide exchange factor MSS4 homolog  [Source:UniProtKB/TrEMBL;Acc:A0A8J2M2L4],Cercopithifilaria johnstoni (PRJEB47283),protein_coding,cejohnprjeb47283
CJOHNSTONI_LOCUS1327,rna-CJOHNSTONI_LOCUS1327,67,protein_coding,,Cercopithifilaria johnstoni (PRJEB47283),protein_coding,cejohnprjeb47283
CJOHNSTONI_LOCUS7900,rna-CJOHNSTONI_LOCUS7900,364,protein_coding,,Cercopithifilaria johnstoni (PRJEB47283),protein_coding,cejohnprjeb47283
CJOHNSTONI_LOCUS1133,rna-CJOHNSTONI_LOCUS1133,219,protein_coding,UDP-glucuronosyltransferase  [Source:UniProtKB/TrEMBL;Acc:A0A8J2PWC1],Cercopithifilaria johnstoni (PRJEB47283),protein_coding,cejohnprjeb47283
CJOHNSTONI_LOCUS381,rna-CJOHNSTONI_LOCUS381,386,protein_coding,Robl_LC7 domain-containing protein  [Source:UniProtKB/TrEMBL;Acc:A0A8J2LVR0],Cercopithifilaria johnstoni (PRJEB47283),protein_coding,cejohnprjeb47283
CJOHNSTONI_LOCUS5164,rna-CJOHNSTONI_LOCUS5164,270,protein_coding,Vigilin  [Source:UniProtKB/TrEMBL;Acc:A0A8J2Q0F2],Cercopithifilaria johnstoni (PRJEB47283),protein_coding,cejohnprjeb47283
CJOHNSTONI_LOCUS9607,rna-CJOHNSTONI_LOCUS9607,271,protein_coding,,Cercopithifilaria johnstoni (PRJEB47283),protein_coding,cejohnprjeb47283
CJOHNSTONI_LOCUS7751,rna-CJOHNSTONI_LOCUS7751,257,protein_coding,LisH domain-containing protein  [Source:UniProtKB/TrEMBL;Acc:A0A8J2M1V2],Cercopithifilaria johnstoni (PRJEB47283),protein_coding,cejohnprjeb47283
CJOHNSTONI_LOCUS7896,rna-CJOHNSTONI_LOCUS7896,224,protein_coding,,Cercopithifilaria johnstoni (PRJEB47283),protein_coding,cejohnprjeb47283
CJOHNSTONI_LOCUS5441,rna-CJOHNSTONI_LOCUS5441,170,protein_coding,CABIT domain-containing protein  [Source:UniProtKB/TrEMBL;Acc:A0A8J2LWZ8],Cercopithifilaria johnstoni (PRJEB47283),protein_coding,cejohnprjeb47283
CJOHNSTONI_LOCUS1999,rna-CJOHNSTONI_LOCUS1999,154,protein_coding,Ubiquitin thioesterase  [Source:UniProtKB/TrEMBL;Acc:A0A8J2LX75],Cercopithifilaria johnstoni (PRJEB47283),protein_coding,cejohnprjeb47283
CJOHNSTONI_LOCUS9996,rna-CJOHNSTONI_LOCUS9996,270,protein_coding,Caskin-1  [Source:UniProtKB/TrEMBL;Acc:A0A8J2MCV9],Cercopithifilaria johnstoni (PRJEB47283),protein_coding,cejohnprjeb47283
CJOHNSTONI_LOCUS2889,rna-CJOHNSTONI_LOCUS2889-3,1355,protein_coding,WH2 domain-containing protein  [Source:UniProtKB/TrEMBL;Acc:A0A8J2MKW4],Cercopithifilaria johnstoni (PRJEB47283),protein_coding,cejohnprjeb47283
CJOHNSTONI_LOCUS4626,rna-CJOHNSTONI_LOCUS4626,356,protein_coding,OTU domain-containing protein  [Source:UniProtKB/TrEMBL;Acc:A0A8J2QA12],Cercopithifilaria johnstoni (PRJEB47283),protein_coding,cejohnprjeb47283
CJOHNSTONI_LOCUS481,rna-CJOHNSTONI_LOCUS481,224,protein_coding,Iso_dh domain-containing protein  [Source:UniProtKB/TrEMBL;Acc:A0A8J2PVK2],Cercopithifilaria johnstoni (PRJEB47283),protein_coding,cejohnprjeb47283
CJOHNSTONI_LOCUS7145,rna-CJOHNSTONI_LOCUS7145,218,protein_coding,BED-type domain-containing protein  [Source:UniProtKB/TrEMBL;Acc:A0A8J2Q250],Cercopithifilaria johnstoni (PRJEB47283),protein_coding,cejohnprjeb47283
CJOHNSTONI_LOCUS1349,rna-CJOHNSTONI_LOCUS1349,193,protein_coding,Amino_oxidase domain-containing protein  [Source:UniProtKB/TrEMBL;Acc:A0A8J2MIX1],Cercopithifilaria johnstoni (PRJEB47283),protein_coding,cejohnprjeb47283
CJOHNSTONI_LOCUS180,rna-CJOHNSTONI_LOCUS180,184,protein_coding,"Beta-1,4-N-acetylgalactosaminyltransferase  [Source:UniProtKB/TrEMBL;Acc:A0A8J2LMQ1]",Cercopithifilaria johnstoni (PRJEB47283),protein_coding,cejohnprjeb47283
CJOHNSTONI_LOCUS1658,rna-CJOHNSTONI_LOCUS1658,137,protein_coding,ANK_REP_REGION domain-containing protein  [Source:UniProtKB/TrEMBL;Acc:A0A8J2LYC1],Cercopithifilaria johnstoni (PRJEB47283),protein_coding,cejohnprjeb47283
CJOHNSTONI_LOCUS9335,rna-CJOHNSTONI_LOCUS9335,82,protein_coding,,Cercopithifilaria johnstoni (PRJEB47283),protein_coding,cejohnprjeb47283
CJOHNSTONI_LOCUS8532,rna-CJOHNSTONI_LOCUS8532,206,protein_coding,[histone H3]-lysine(27) N-trimethyltransferase  [Source:UniProtKB/TrEMBL;Acc:A0A8J2MT02],Cercopithifilaria johnstoni (PRJEB47283),protein_coding,cejohnprjeb47283
CJOHNSTONI_LOCUS2743,rna-CJOHNSTONI_LOCUS2743,277,protein_coding,"Alpha-1,3-mannosyl-glycoprotein 4-beta-N-acetylglucosaminyltransferase C  [Source:UniProtKB/TrEMBL;Acc:A0A8J2PYC5]",Cercopithifilaria johnstoni (PRJEB47283),protein_coding,cejohnprjeb47283
CJOHNSTONI_LOCUS7269,rna-CJOHNSTONI_LOCUS7269,246,protein_coding,Glycosyltransferase family 92 protein  [Source:UniProtKB/TrEMBL;Acc:A0A8J2M7M5],Cercopithifilaria johnstoni (PRJEB47283),protein_coding,cejohnprjeb47283
CJOHNSTONI_LOCUS3764,rna-CJOHNSTONI_LOCUS3764,217,protein_coding,,Cercopithifilaria johnstoni (PRJEB47283),protein_coding,cejohnprjeb47283
CJOHNSTONI_LOCUS2908,rna-CJOHNSTONI_LOCUS2908,240,protein_coding,RRM domain-containing protein  [Source:UniProtKB/TrEMBL;Acc:A0A8J2M0H2],Cercopithifilaria johnstoni (PRJEB47283),protein_coding,cejohnprjeb47283
CJOHNSTONI_LOCUS6245,rna-CJOHNSTONI_LOCUS6245,249,protein_coding,Flavin-containing monooxygenase  [Source:UniProtKB/TrEMBL;Acc:A0A8J2M6N4],Cercopithifilaria johnstoni (PRJEB47283),protein_coding,cejohnprjeb47283
CJOHNSTONI_LOCUS2750,rna-CJOHNSTONI_LOCUS2750,209,protein_coding,Conserved plasma membrane protein  [Source:UniProtKB/TrEMBL;Acc:A0A8J2M2W1],Cercopithifilaria johnstoni (PRJEB47283),protein_coding,cejohnprjeb47283
CJOHNSTONI_LOCUS567,rna-CJOHNSTONI_LOCUS567,196,protein_coding,,Cercopithifilaria johnstoni (PRJEB47283),protein_coding,cejohnprjeb47283
CJOHNSTONI_LOCUS7552,rna-CJOHNSTONI_LOCUS7552,334,protein_coding,Rho GTPase-activating protein 15  [Source:UniProtKB/TrEMBL;Acc:A0A8J2PW73],Cercopithifilaria johnstoni (PRJEB47283),protein_coding,cejohnprjeb47283
CJOHNSTONI_LOCUS9730,rna-CJOHNSTONI_LOCUS9730,227,protein_coding,2-hydroxyacyl-CoA lyase 2  [Source:UniProtKB/TrEMBL;Acc:A0A8J2MUF7],Cercopithifilaria johnstoni (PRJEB47283),protein_coding,cejohnprjeb47283
CJOHNSTONI_LOCUS4246,rna-CJOHNSTONI_LOCUS4246,209,protein_coding,Protein OSCP1  [Source:UniProtKB/TrEMBL;Acc:A0A8J2PSU8],Cercopithifilaria johnstoni (PRJEB47283),protein_coding,cejohnprjeb47283
CJOHNSTONI_LOCUS4463,rna-CJOHNSTONI_LOCUS4463,208,protein_coding,CCR4-NOT transcription complex subunit 9  [Source:UniProtKB/TrEMBL;Acc:A0A8J2PZW4],Cercopithifilaria johnstoni (PRJEB47283),protein_coding,cejohnprjeb47283
CJOHNSTONI_LOCUS4097,rna-CJOHNSTONI_LOCUS4097,207,protein_coding,,Cercopithifilaria johnstoni (PRJEB47283),protein_coding,cejohnprjeb47283
CJOHNSTONI_LOCUS9629,rna-CJOHNSTONI_LOCUS9629,197,protein_coding,ABC transporter domain-containing protein  [Source:UniProtKB/TrEMBL;Acc:A0A8J2QB55],Cercopithifilaria johnstoni (PRJEB47283),protein_coding,cejohnprjeb47283
CJOHNSTONI_LOCUS155,rna-CJOHNSTONI_LOCUS155,240,protein_coding,4-nitrophenylphosphatase  [Source:UniProtKB/TrEMBL;Acc:A0A8J2MHP7],Cercopithifilaria johnstoni (PRJEB47283),protein_coding,cejohnprjeb47283
CJOHNSTONI_LOCUS7895,rna-CJOHNSTONI_LOCUS7895,203,protein_coding,RGS domain-containing protein  [Source:UniProtKB/TrEMBL;Acc:A0A8J2MAW4],Cercopithifilaria johnstoni (PRJEB47283),protein_coding,cejohnprjeb47283
CJOHNSTONI_LOCUS5464,rna-CJOHNSTONI_LOCUS5464,207,protein_coding,Homeobox domain-containing protein  [Source:UniProtKB/TrEMBL;Acc:A0A8J2PTV4],Cercopithifilaria johnstoni (PRJEB47283),protein_coding,cejohnprjeb47283
CJOHNSTONI_LOCUS1602,rna-CJOHNSTONI_LOCUS1602,194,protein_coding,Trafficking protein particle complex subunit 2  [Source:UniProtKB/TrEMBL;Acc:A0A8J2M137],Cercopithifilaria johnstoni (PRJEB47283),protein_coding,cejohnprjeb47283
CJOHNSTONI_LOCUS930,rna-CJOHNSTONI_LOCUS930,191,protein_coding,Tubulin_C domain-containing protein  [Source:UniProtKB/TrEMBL;Acc:A0A8J2MIZ7],Cercopithifilaria johnstoni (PRJEB47283),protein_coding,cejohnprjeb47283
CJOHNSTONI_LOCUS2092,rna-CJOHNSTONI_LOCUS2092,190,protein_coding,Senescence-associated protein  [Source:UniProtKB/TrEMBL;Acc:A0A8J2PR23],Cercopithifilaria johnstoni (PRJEB47283),protein_coding,cejohnprjeb47283
CJOHNSTONI_LOCUS9599,rna-CJOHNSTONI_LOCUS9599,195,protein_coding,Metallophos domain-containing protein  [Source:UniProtKB/TrEMBL;Acc:A0A8J2MCF8],Cercopithifilaria johnstoni (PRJEB47283),protein_coding,cejohnprjeb47283
CJOHNSTONI_LOCUS10281,rna-CJOHNSTONI_LOCUS10281,173,protein_coding,L-lactate dehydrogenase  [Source:UniProtKB/TrEMBL;Acc:A0A8J2MF59],Cercopithifilaria johnstoni (PRJEB47283),protein_coding,cejohnprjeb47283
CJOHNSTONI_LOCUS214,rna-CJOHNSTONI_LOCUS214,260,protein_coding,Alpha-2-MRAP_C domain-containing protein  [Source:UniProtKB/TrEMBL;Acc:A0A8J2LTN9],Cercopithifilaria johnstoni (PRJEB47283),protein_coding,cejohnprjeb47283
CJOHNSTONI_LOCUS7238,rna-CJOHNSTONI_LOCUS7238,157,protein_coding,Zinc metalloproteinase  [Source:UniProtKB/TrEMBL;Acc:A0A8J2PVP1],Cercopithifilaria johnstoni (PRJEB47283),protein_coding,cejohnprjeb47283
CJOHNSTONI_LOCUS3362,rna-CJOHNSTONI_LOCUS3362,140,protein_coding,Ras-like protein 3  [Source:UniProtKB/TrEMBL;Acc:A0A8J2M1I9],Cercopithifilaria johnstoni (PRJEB47283),protein_coding,cejohnprjeb47283
CJOHNSTONI_LOCUS4532,rna-CJOHNSTONI_LOCUS4532,317,protein_coding,Nucleotid_trans domain-containing protein  [Source:UniProtKB/TrEMBL;Acc:A0A8J2Q6Y4],Cercopithifilaria johnstoni (PRJEB47283),protein_coding,cejohnprjeb47283
CJOHNSTONI_LOCUS3288,rna-CJOHNSTONI_LOCUS3288,359,protein_coding,CXXC-type zinc finger protein 1  [Source:UniProtKB/TrEMBL;Acc:A0A8J2Q2D8],Cercopithifilaria johnstoni (PRJEB47283),protein_coding,cejohnprjeb47283
CJOHNSTONI_LOCUS10541,rna-CJOHNSTONI_LOCUS10541,216,protein_coding,Cell cycle control protein  [Source:UniProtKB/TrEMBL;Acc:A0A8J2MDX5],Cercopithifilaria johnstoni (PRJEB47283),protein_coding,cejohnprjeb47283
CJOHNSTONI_LOCUS5914,rna-CJOHNSTONI_LOCUS5914,249,protein_coding,Non-specific serine/threonine protein kinase  [Source:UniProtKB/TrEMBL;Acc:A0A8J2M874],Cercopithifilaria johnstoni (PRJEB47283),protein_coding,cejohnprjeb47283
CJOHNSTONI_LOCUS10581,rna-CJOHNSTONI_LOCUS10581,179,protein_coding,Bis(5'-adenosyl)-triphosphatase  [Source:UniProtKB/TrEMBL;Acc:A0A8J2MV99],Cercopithifilaria johnstoni (PRJEB47283),protein_coding,cejohnprjeb47283
CJOHNSTONI_LOCUS3626,rna-CJOHNSTONI_LOCUS3626,216,protein_coding,CBM21 domain-containing protein  [Source:UniProtKB/TrEMBL;Acc:A0A8J2MM59],Cercopithifilaria johnstoni (PRJEB47283),protein_coding,cejohnprjeb47283
CJOHNSTONI_LOCUS3884,rna-CJOHNSTONI_LOCUS3884,251,protein_coding,Fibrinogen C-terminal domain-containing protein  [Source:UniProtKB/TrEMBL;Acc:A0A8J2LS72],Cercopithifilaria johnstoni (PRJEB47283),protein_coding,cejohnprjeb47283
CJOHNSTONI_LOCUS9845,rna-CJOHNSTONI_LOCUS9845,111,protein_coding,60S acidic ribosomal protein P2  [Source:UniProtKB/TrEMBL;Acc:A0A8J2MF49],Cercopithifilaria johnstoni (PRJEB47283),protein_coding,cejohnprjeb47283
CJOHNSTONI_LOCUS2524,rna-CJOHNSTONI_LOCUS2524,1538,protein_coding,Homeobox domain-containing protein  [Source:UniProtKB/TrEMBL;Acc:A0A8J2LPQ3],Cercopithifilaria johnstoni (PRJEB47283),protein_coding,cejohnprjeb47283
CJOHNSTONI_LOCUS8553,rna-CJOHNSTONI_LOCUS8553,155,protein_coding,DB domain-containing protein  [Source:UniProtKB/TrEMBL;Acc:A0A8J2Q8U5],Cercopithifilaria johnstoni (PRJEB47283),protein_coding,cejohnprjeb47283
CJOHNSTONI_LOCUS6621,rna-CJOHNSTONI_LOCUS6621,342,protein_coding,"39S ribosomal protein L51, mitochondrial  [Source:UniProtKB/TrEMBL;Acc:A0A8J2QAI4]",Cercopithifilaria johnstoni (PRJEB47283),protein_coding,cejohnprjeb47283
CJOHNSTONI_LOCUS6507,rna-CJOHNSTONI_LOCUS6507,221,protein_coding,,Cercopithifilaria johnstoni (PRJEB47283),protein_coding,cejohnprjeb47283
CJOHNSTONI_LOCUS9555,rna-CJOHNSTONI_LOCUS9555,113,protein_coding,,Cercopithifilaria johnstoni (PRJEB47283),protein_coding,cejohnprjeb47283
CJOHNSTONI_LOCUS4967,rna-CJOHNSTONI_LOCUS4967,233,protein_coding,Charged multivesicular body protein 4b  [Source:UniProtKB/TrEMBL;Acc:A0A8J2MNK3],Cercopithifilaria johnstoni (PRJEB47283),protein_coding,cejohnprjeb47283
CJOHNSTONI_LOCUS2255,rna-CJOHNSTONI_LOCUS2255,236,protein_coding,Hemicentin-1  [Source:UniProtKB/TrEMBL;Acc:A0A8J2LXM5],Cercopithifilaria johnstoni (PRJEB47283),protein_coding,cejohnprjeb47283
CJOHNSTONI_LOCUS262,rna-CJOHNSTONI_LOCUS262,187,protein_coding,UDP-N-acetylglucosamine transporter  [Source:UniProtKB/TrEMBL;Acc:A0A8J2PVE0],Cercopithifilaria johnstoni (PRJEB47283),protein_coding,cejohnprjeb47283
CJOHNSTONI_LOCUS5460,rna-CJOHNSTONI_LOCUS5460,598,protein_coding,Replication factor C subunit 1  [Source:UniProtKB/TrEMBL;Acc:A0A8J2M565],Cercopithifilaria johnstoni (PRJEB47283),protein_coding,cejohnprjeb47283
CJOHNSTONI_LOCUS10099,rna-CJOHNSTONI_LOCUS10099,186,protein_coding,SMC_N domain-containing protein  [Source:UniProtKB/TrEMBL;Acc:A0A8J2M7J7],Cercopithifilaria johnstoni (PRJEB47283),protein_coding,cejohnprjeb47283
CJOHNSTONI_LOCUS2540,rna-CJOHNSTONI_LOCUS2540,1748,protein_coding,,Cercopithifilaria johnstoni (PRJEB47283),protein_coding,cejohnprjeb47283
CJOHNSTONI_LOCUS5054,rna-CJOHNSTONI_LOCUS5054,162,protein_coding,acylaminoacyl-peptidase  [Source:UniProtKB/TrEMBL;Acc:A0A8J2PTJ6],Cercopithifilaria johnstoni (PRJEB47283),protein_coding,cejohnprjeb47283
CJOHNSTONI_LOCUS10520,rna-CJOHNSTONI_LOCUS10520,256,protein_coding,C2H2-type domain-containing protein  [Source:UniProtKB/TrEMBL;Acc:A0A8J2MFL1],Cercopithifilaria johnstoni (PRJEB47283),protein_coding,cejohnprjeb47283
CJOHNSTONI_LOCUS7769,rna-CJOHNSTONI_LOCUS7769,210,protein_coding,,Cercopithifilaria johnstoni (PRJEB47283),protein_coding,cejohnprjeb47283
CJOHNSTONI_LOCUS7382,rna-CJOHNSTONI_LOCUS7382,353,protein_coding,TIR domain-containing protein  [Source:UniProtKB/TrEMBL;Acc:A0A8J2M9I7],Cercopithifilaria johnstoni (PRJEB47283),protein_coding,cejohnprjeb47283
CJOHNSTONI_LOCUS8100,rna-CJOHNSTONI_LOCUS8100,554,protein_coding,Zinc finger protein  [Source:UniProtKB/TrEMBL;Acc:A0A8J2MBC2],Cercopithifilaria johnstoni (PRJEB47283),protein_coding,cejohnprjeb47283
CJOHNSTONI_LOCUS7477,rna-CJOHNSTONI_LOCUS7477,332,protein_coding,t-SNARE coiled-coil homology domain-containing protein  [Source:UniProtKB/TrEMBL;Acc:A0A8J2Q2E7],Cercopithifilaria johnstoni (PRJEB47283),protein_coding,cejohnprjeb47283
CJOHNSTONI_LOCUS6249,rna-CJOHNSTONI_LOCUS6249,317,protein_coding,Pollen-specific leucine-rich repeat extensin-like protein 2  [Source:UniProtKB/TrEMBL;Acc:A0A8J2PUJ3],Cercopithifilaria johnstoni (PRJEB47283),protein_coding,cejohnprjeb47283
CJOHNSTONI_LOCUS9828,rna-CJOHNSTONI_LOCUS9828,469,protein_coding,INCENP_ARK-bind domain-containing protein  [Source:UniProtKB/TrEMBL;Acc:A0A8J2MUH5],Cercopithifilaria johnstoni (PRJEB47283),protein_coding,cejohnprjeb47283
CJOHNSTONI_LOCUS5667,rna-CJOHNSTONI_LOCUS5667,267,protein_coding,RBR-type E3 ubiquitin transferase  [Source:UniProtKB/TrEMBL;Acc:A0A8J2MPC5],Cercopithifilaria johnstoni (PRJEB47283),protein_coding,cejohnprjeb47283
CJOHNSTONI_LOCUS9432,rna-CJOHNSTONI_LOCUS9432,229,protein_coding,Intraflagellar transport protein 52-like protein  [Source:UniProtKB/TrEMBL;Acc:A0A8J2Q965],Cercopithifilaria johnstoni (PRJEB47283),protein_coding,cejohnprjeb47283
CJOHNSTONI_LOCUS3947,rna-CJOHNSTONI_LOCUS3947,295,protein_coding,Helicase ARIP4  [Source:UniProtKB/TrEMBL;Acc:A0A8J2M1R3],Cercopithifilaria johnstoni (PRJEB47283),protein_coding,cejohnprjeb47283
CJOHNSTONI_LOCUS3271,rna-CJOHNSTONI_LOCUS3271,271,protein_coding,Maturase K  [Source:UniProtKB/TrEMBL;Acc:A0A8J2PS17],Cercopithifilaria johnstoni (PRJEB47283),protein_coding,cejohnprjeb47283
CJOHNSTONI_LOCUS3340,rna-CJOHNSTONI_LOCUS3340,189,protein_coding,Tyrosine-protein phosphatase domain-containing protein  [Source:UniProtKB/TrEMBL;Acc:A0A8J2PS40],Cercopithifilaria johnstoni (PRJEB47283),protein_coding,cejohnprjeb47283
CJOHNSTONI_LOCUS7361,rna-CJOHNSTONI_LOCUS7361,299,protein_coding,ATPase protein 9  [Source:UniProtKB/TrEMBL;Acc:A0A8J2Q5S6],Cercopithifilaria johnstoni (PRJEB47283),protein_coding,cejohnprjeb47283
CJOHNSTONI_LOCUS6913,rna-CJOHNSTONI_LOCUS6913,170,protein_coding,"NADH dehydrogenase [ubiquinone] 1 alpha subcomplex subunit 10, mitochondrial  [Source:UniProtKB/TrEMBL;Acc:A0A8J2M8P7]",Cercopithifilaria johnstoni (PRJEB47283),protein_coding,cejohnprjeb47283
CJOHNSTONI_LOCUS7059,rna-CJOHNSTONI_LOCUS7059,263,protein_coding,Phorbol-ester/DAG-type domain-containing protein  [Source:UniProtKB/TrEMBL;Acc:A0A8J2MAF1],Cercopithifilaria johnstoni (PRJEB47283),protein_coding,cejohnprjeb47283
CJOHNSTONI_LOCUS5541,rna-CJOHNSTONI_LOCUS5541,205,protein_coding,Protein sickie  [Source:UniProtKB/TrEMBL;Acc:A0A8J2PTX8],Cercopithifilaria johnstoni (PRJEB47283),protein_coding,cejohnprjeb47283
CJOHNSTONI_LOCUS6849,rna-CJOHNSTONI_LOCUS6849,1649,protein_coding,ABC transporter domain-containing protein  [Source:UniProtKB/TrEMBL;Acc:A0A8J2PV35],Cercopithifilaria johnstoni (PRJEB47283),protein_coding,cejohnprjeb47283
CJOHNSTONI_LOCUS3010,rna-CJOHNSTONI_LOCUS3010,295,protein_coding,Leucine-rich repeats and immunoglobulin-like domains protein 3  [Source:UniProtKB/TrEMBL;Acc:A0A8J2Q9D0],Cercopithifilaria johnstoni (PRJEB47283),protein_coding,cejohnprjeb47283
CJOHNSTONI_LOCUS2200,rna-CJOHNSTONI_LOCUS2200,249,protein_coding,Hormone-sensitive lipase  [Source:UniProtKB/TrEMBL;Acc:A0A8J2MKM4],Cercopithifilaria johnstoni (PRJEB47283),protein_coding,cejohnprjeb47283
CJOHNSTONI_LOCUS4768,rna-CJOHNSTONI_LOCUS4768,219,protein_coding,Antifreeze glycoprotein  [Source:UniProtKB/TrEMBL;Acc:A0A8J2M3Y0],Cercopithifilaria johnstoni (PRJEB47283),protein_coding,cejohnprjeb47283
CJOHNSTONI_LOCUS8938,rna-CJOHNSTONI_LOCUS8938,216,protein_coding,S-(hydroxymethyl)glutathione dehydrogenase  [Source:UniProtKB/TrEMBL;Acc:A0A8J2MTI3],Cercopithifilaria johnstoni (PRJEB47283),protein_coding,cejohnprjeb47283
CJOHNSTONI_LOCUS8733,rna-CJOHNSTONI_LOCUS8733,180,protein_coding,Protein kinase domain-containing protein  [Source:UniProtKB/TrEMBL;Acc:A0A8J2M467],Cercopithifilaria johnstoni (PRJEB47283),protein_coding,cejohnprjeb47283
CJOHNSTONI_LOCUS10491,rna-CJOHNSTONI_LOCUS10491,163,protein_coding,Capsid protein  [Source:UniProtKB/TrEMBL;Acc:A0A8J2MFJ5],Cercopithifilaria johnstoni (PRJEB47283),protein_coding,cejohnprjeb47283
CJOHNSTONI_LOCUS6818,rna-CJOHNSTONI_LOCUS6818,243,protein_coding,Ig-like domain-containing protein  [Source:UniProtKB/TrEMBL;Acc:A0A8J2M7R0],Cercopithifilaria johnstoni (PRJEB47283),protein_coding,cejohnprjeb47283
TTRE10437,TTRE10437_t1,473,protein_coding,,Trichuris trichiura (PRJEB535),protein_coding,trtricprjeb535
TTRE3011,TTRE3011_t1,494,protein_coding,,Trichuris trichiura (PRJEB535),protein_coding,trtricprjeb535
TTRE4347,TTRE4347_t1,716,protein_coding,Major sperm protein  [Source:UniProtKB/TrEMBL;Acc:A0A077Z9A8],Trichuris trichiura (PRJEB535),protein_coding,trtricprjeb535
TTRE10977,TTRE10977_t1,664,protein_coding,Heparan-sulfate 6-O-sulfotransferase  [Source:UniProtKB/TrEMBL;Acc:A0A077YYL5],Trichuris trichiura (PRJEB535),protein_coding,trtricprjeb535
TTRE11214,TTRE11214_t1,362,protein_coding,,Trichuris trichiura (PRJEB535),protein_coding,trtricprjeb535
TTRE8035,TTRE8035_t1,170,protein_coding,,Trichuris trichiura (PRJEB535),protein_coding,trtricprjeb535
TTRE4967,TTRE4967_t1,311,protein_coding,Tau tubulin kinase 1  [Source:UniProtKB/TrEMBL;Acc:A0A077Z4W1],Trichuris trichiura (PRJEB535),protein_coding,trtricprjeb535
TTRE8044,TTRE8044_t1,472,protein_coding,,Trichuris trichiura (PRJEB535),protein_coding,trtricprjeb535
TTRE7039,TTRE7039_t1,1229,protein_coding,,Trichuris trichiura (PRJEB535),protein_coding,trtricprjeb535
TTRE219,TTRE219_t1,695,protein_coding,,Trichuris trichiura (PRJEB535),protein_coding,trtricprjeb535
TTRE5887,TTRE5887_t1,4238,protein_coding,,Trichuris trichiura (PRJEB535),protein_coding,trtricprjeb535
TTRE154,TTRE154_t1,221,protein_coding,Coiled coil helix coiled coil helix  [Source:UniProtKB/TrEMBL;Acc:A0A077ZEK5],Trichuris trichiura (PRJEB535),protein_coding,trtricprjeb535
TTRE1886,TTRE1886_t1,194,protein_coding,,Trichuris trichiura (PRJEB535),protein_coding,trtricprjeb535
TTRE2414,TTRE2414_t1,1040,protein_coding,,Trichuris trichiura (PRJEB535),protein_coding,trtricprjeb535
TTRE494,TTRE494_t1,106,protein_coding,,Trichuris trichiura (PRJEB535),protein_coding,trtricprjeb535
TTRE6151,TTRE6151_t1,1130,protein_coding,,Trichuris trichiura (PRJEB535),protein_coding,trtricprjeb535
TTRE5976,TTRE5976_t1,464,protein_coding,,Trichuris trichiura (PRJEB535),protein_coding,trtricprjeb535
TTRE8712,TTRE8712_t1,2024,protein_coding,,Trichuris trichiura (PRJEB535),protein_coding,trtricprjeb535
TTRE2118,TTRE2118_t1,245,protein_coding,,Trichuris trichiura (PRJEB535),protein_coding,trtricprjeb535
TTRE8251,TTRE8251_t1,453,protein_coding,LETM1 domain containing protein  [Source:UniProtKB/TrEMBL;Acc:A0A077YWR8],Trichuris trichiura (PRJEB535),protein_coding,trtricprjeb535
TTRE4727,TTRE4727_t1,224,protein_coding,WD repeat-containing protein 48 homolog  [Source:UniProtKB/TrEMBL;Acc:A0A077Z0F7],Trichuris trichiura (PRJEB535),protein_coding,trtricprjeb535
TTRE9083,TTRE9083_t1,214,protein_coding,,Trichuris trichiura (PRJEB535),protein_coding,trtricprjeb535
TTRE9712,TTRE9712_t1,846,protein_coding,,Trichuris trichiura (PRJEB535),protein_coding,trtricprjeb535
TTRE9682,TTRE9682_t1,530,protein_coding,JTB domain containing protein  [Source:UniProtKB/TrEMBL;Acc:A0A077Z9F6],Trichuris trichiura (PRJEB535),protein_coding,trtricprjeb535
TTRE4773,TTRE4773_t1,370,protein_coding,Ribosomal RNA methyltransferase NOP2  [Source:UniProtKB/TrEMBL;Acc:A0A077YY99],Trichuris trichiura (PRJEB535),protein_coding,trtricprjeb535
TTRE2214,TTRE2214_t1,1053,protein_coding,Ribonuclease H1  [Source:UniProtKB/TrEMBL;Acc:A0A077YW38],Trichuris trichiura (PRJEB535),protein_coding,trtricprjeb535
TTRE3086,TTRE3086_t1,739,protein_coding,,Trichuris trichiura (PRJEB535),protein_coding,trtricprjeb535
TTRE10214,TTRE10214_t1,1592,protein_coding,,Trichuris trichiura (PRJEB535),protein_coding,trtricprjeb535
TTRE275,TTRE275_t1,355,protein_coding,THAP domain containing protein  [Source:UniProtKB/TrEMBL;Acc:A0A077ZJB4],Trichuris trichiura (PRJEB535),protein_coding,trtricprjeb535
TTRE7241,TTRE7241_t1,265,protein_coding,,Trichuris trichiura (PRJEB535),protein_coding,trtricprjeb535
TTRE9757,TTRE9757_t1,1307,protein_coding,,Trichuris trichiura (PRJEB535),protein_coding,trtricprjeb535
TTRE8293,TTRE8293_t1,247,protein_coding,,Trichuris trichiura (PRJEB535),protein_coding,trtricprjeb535
TTRE11154,TTRE11154_t1,1174,protein_coding,,Trichuris trichiura (PRJEB535),protein_coding,trtricprjeb535
TTRE2897,TTRE2897_t1,959,protein_coding,Transmembrane protein  [Source:UniProtKB/TrEMBL;Acc:A0A077YXN0],Trichuris trichiura (PRJEB535),protein_coding,trtricprjeb535
TTRE6840,TTRE6840_t1,257,protein_coding,,Trichuris trichiura (PRJEB535),protein_coding,trtricprjeb535
TTRE11267,TTRE11267_t1,233,protein_coding,,Trichuris trichiura (PRJEB535),protein_coding,trtricprjeb535
TTRE5405,TTRE5405_t1,216,protein_coding,RNA binding protein squid  [Source:UniProtKB/TrEMBL;Acc:A0A077Z9E3],Trichuris trichiura (PRJEB535),protein_coding,trtricprjeb535
TTRE2263,TTRE2263_t1,145,protein_coding,PH domain containing protein  [Source:UniProtKB/TrEMBL;Acc:A0A077ZDC6],Trichuris trichiura (PRJEB535),protein_coding,trtricprjeb535
TTRE1302,TTRE1302_t1,217,protein_coding,Tau tubulin kinase 1  [Source:UniProtKB/TrEMBL;Acc:A0A077Z8Q0],Trichuris trichiura (PRJEB535),protein_coding,trtricprjeb535
TTRE9611,TTRE9611_t1,1162,protein_coding,,Trichuris trichiura (PRJEB535),protein_coding,trtricprjeb535
TTRE247,TTRE247_t2,287,protein_coding,Bromodomain domain containing protein  [Source:UniProtKB/TrEMBL;Acc:A0A077ZGC5],Trichuris trichiura (PRJEB535),protein_coding,trtricprjeb535
TTRE4779,TTRE4779_t1,239,protein_coding,,Trichuris trichiura (PRJEB535),protein_coding,trtricprjeb535
TTRE1401,TTRE1401_t1,224,protein_coding,choline-phosphate cytidylyltransferase  [Source:UniProtKB/TrEMBL;Acc:A0A077Z267],Trichuris trichiura (PRJEB535),protein_coding,trtricprjeb535
TTRE6678,TTRE6678_t1,305,protein_coding,,Trichuris trichiura (PRJEB535),protein_coding,trtricprjeb535
TTRE5426,TTRE5426_t1,288,protein_coding,,Trichuris trichiura (PRJEB535),protein_coding,trtricprjeb535
TTRE10704,TTRE10704_t1,740,protein_coding,,Trichuris trichiura (PRJEB535),protein_coding,trtricprjeb535
TTRE10744,TTRE10744_t1,407,protein_coding,,Trichuris trichiura (PRJEB535),protein_coding,trtricprjeb535
TTRE5300,TTRE5300_t1,134,protein_coding,,Trichuris trichiura (PRJEB535),protein_coding,trtricprjeb535
TTRE12229,TTRE12229_t1,281,protein_coding,,Trichuris trichiura (PRJEB535),protein_coding,trtricprjeb535
TTRE3573,TTRE3573_t1,484,protein_coding,,Trichuris trichiura (PRJEB535),protein_coding,trtricprjeb535
TTRE4909,TTRE4909_t1,553,protein_coding,,Trichuris trichiura (PRJEB535),protein_coding,trtricprjeb535
TTRE11169,TTRE11169_t1,645,protein_coding,,Trichuris trichiura (PRJEB535),protein_coding,trtricprjeb535
TTRE5989,TTRE5989_t1,1720,protein_coding,,Trichuris trichiura (PRJEB535),protein_coding,trtricprjeb535
TTRE7351,TTRE7351_t1,620,protein_coding,,Trichuris trichiura (PRJEB535),protein_coding,trtricprjeb535
TTRE1106,TTRE1106_t1,291,protein_coding,Homeobox protein goosecoid A  [Source:UniProtKB/TrEMBL;Acc:A0A077ZDZ5],Trichuris trichiura (PRJEB535),protein_coding,trtricprjeb535
TTRE6971,TTRE6971_t1,488,protein_coding,,Trichuris trichiura (PRJEB535),protein_coding,trtricprjeb535
TTRE1018,TTRE1018_t1,695,protein_coding,,Trichuris trichiura (PRJEB535),protein_coding,trtricprjeb535
TTRE4253,TTRE4253_t1,230,protein_coding,Smarcd1 protein  [Source:UniProtKB/TrEMBL;Acc:A0A077ZDE2],Trichuris trichiura (PRJEB535),protein_coding,trtricprjeb535
TTRE10998,TTRE10998_t1,744,protein_coding,,Trichuris trichiura (PRJEB535),protein_coding,trtricprjeb535
TTRE10568,TTRE10568_t1,461,protein_coding,,Trichuris trichiura (PRJEB535),protein_coding,trtricprjeb535
TTRE7923,TTRE7923_t1,3135,protein_coding,Mediator of RNA polymerase II  [Source:UniProtKB/TrEMBL;Acc:A0A077ZGE8],Trichuris trichiura (PRJEB535),protein_coding,trtricprjeb535
TTRE6858,TTRE6858_t1,1031,protein_coding,,Trichuris trichiura (PRJEB535),protein_coding,trtricprjeb535
TTRE4203,TTRE4203_t1,981,protein_coding,,Trichuris trichiura (PRJEB535),protein_coding,trtricprjeb535
TTRE5077,TTRE5077_t1,575,protein_coding,FLYWCH domain containing protein  [Source:UniProtKB/TrEMBL;Acc:A0A077ZFX7],Trichuris trichiura (PRJEB535),protein_coding,trtricprjeb535
TTRE4982,TTRE4982_t1,534,protein_coding,,Trichuris trichiura (PRJEB535),protein_coding,trtricprjeb535
TTRE7056,TTRE7056_t1,472,protein_coding,V-type proton ATPase subunit a  [Source:UniProtKB/TrEMBL;Acc:A0A077ZQW5],Trichuris trichiura (PRJEB535),protein_coding,trtricprjeb535
TTRE7715,TTRE7715_t1,1166,protein_coding,,Trichuris trichiura (PRJEB535),protein_coding,trtricprjeb535
TTRE5918,TTRE5918_t1,579,protein_coding,,Trichuris trichiura (PRJEB535),protein_coding,trtricprjeb535
TTRE12379,TTRE12379_t1,389,protein_coding,,Trichuris trichiura (PRJEB535),protein_coding,trtricprjeb535
TTRE6608,TTRE6608_t1,359,protein_coding,,Trichuris trichiura (PRJEB535),protein_coding,trtricprjeb535
TTRE6293,TTRE6293_t1,273,protein_coding,,Trichuris trichiura (PRJEB535),protein_coding,trtricprjeb535
TTRE7991,TTRE7991_t1,828,protein_coding,Origin recognition complex subunit 2  [Source:UniProtKB/TrEMBL;Acc:A0A077Z571],Trichuris trichiura (PRJEB535),protein_coding,trtricprjeb535
TTRE2624,TTRE2624_t1,271,protein_coding,,Trichuris trichiura (PRJEB535),protein_coding,trtricprjeb535
TTRE5387,TTRE5387_t1,881,protein_coding,Serine/threonine-protein phosphatase  [Source:UniProtKB/TrEMBL;Acc:A0A077Z9P7],Trichuris trichiura (PRJEB535),protein_coding,trtricprjeb535
TTRE10028,TTRE10028_t1,188,protein_coding,,Trichuris trichiura (PRJEB535),protein_coding,trtricprjeb535
TTRE408,TTRE408_t1,343,protein_coding,,Trichuris trichiura (PRJEB535),protein_coding,trtricprjeb535
TTRE12151,TTRE12151_t1,316,protein_coding,RING-type E3 ubiquitin transferase  [Source:UniProtKB/TrEMBL;Acc:A0A077ZKQ0],Trichuris trichiura (PRJEB535),protein_coding,trtricprjeb535
TTRE6185,TTRE6185_t1,468,protein_coding,Transmembrane serine protease 8  [Source:UniProtKB/TrEMBL;Acc:A0A077ZGJ7],Trichuris trichiura (PRJEB535),protein_coding,trtricprjeb535
TTRE3917,TTRE3917_t1,138,protein_coding,,Trichuris trichiura (PRJEB535),protein_coding,trtricprjeb535
TTRE12427,TTRE12427_t1,686,protein_coding,HAD 2 domain containing protein  [Source:UniProtKB/TrEMBL;Acc:A0A077ZDM0],Trichuris trichiura (PRJEB535),protein_coding,trtricprjeb535
TTRE6998,TTRE6998_t1,1727,protein_coding,,Trichuris trichiura (PRJEB535),protein_coding,trtricprjeb535
TTRE11054,TTRE11054_t1,1082,protein_coding,,Trichuris trichiura (PRJEB535),protein_coding,trtricprjeb535
TTRE8777,TTRE8777_t1,875,protein_coding,Pc21g21700 protein  [Source:UniProtKB/TrEMBL;Acc:A0A077Z6D1],Trichuris trichiura (PRJEB535),protein_coding,trtricprjeb535
TTRE8455,TTRE8455_t1,503,protein_coding,,Trichuris trichiura (PRJEB535),protein_coding,trtricprjeb535
TTRE8685,TTRE8685_t1,383,protein_coding,,Trichuris trichiura (PRJEB535),protein_coding,trtricprjeb535
TTRE9256,TTRE9256_t1,1152,protein_coding,,Trichuris trichiura (PRJEB535),protein_coding,trtricprjeb535
TTRE900,TTRE900_t1,596,protein_coding,CTDII and DnaJ domain containing protein  [Source:UniProtKB/TrEMBL;Acc:A0A077ZAA4],Trichuris trichiura (PRJEB535),protein_coding,trtricprjeb535
TTRE3738,TTRE3738_t1,1091,protein_coding,,Trichuris trichiura (PRJEB535),protein_coding,trtricprjeb535
TTRE6623,TTRE6623_t1,664,protein_coding,,Trichuris trichiura (PRJEB535),protein_coding,trtricprjeb535
TTRE5133,TTRE5133_t1,353,protein_coding,,Trichuris trichiura (PRJEB535),protein_coding,trtricprjeb535
TTRE708,TTRE708_t1,609,protein_coding,Respiratory burst oxidase protein 1  [Source:UniProtKB/TrEMBL;Acc:A0A077ZA35],Trichuris trichiura (PRJEB535),protein_coding,trtricprjeb535
TTRE1460,TTRE1460_t1,269,protein_coding,WD_REPEATS_REGION domain-containing protein  [Source:UniProtKB/TrEMBL;Acc:A0A077Z070],Trichuris trichiura (PRJEB535),protein_coding,trtricprjeb535
TTRE12625,TTRE12625_t1,141,protein_coding,,Trichuris trichiura (PRJEB535),protein_coding,trtricprjeb535
TTRE8791,TTRE8791_t1,902,protein_coding,,Trichuris trichiura (PRJEB535),protein_coding,trtricprjeb535
TTRE902,TTRE902_t1,265,protein_coding,Peptidase C69 domain containing protein  [Source:UniProtKB/TrEMBL;Acc:A0A077ZPL4],Trichuris trichiura (PRJEB535),protein_coding,trtricprjeb535
TTRE9543,TTRE9543_t1,424,protein_coding,,Trichuris trichiura (PRJEB535),protein_coding,trtricprjeb535
TTRE7964,TTRE7964_t1,374,protein_coding,,Trichuris trichiura (PRJEB535),protein_coding,trtricprjeb535
TTRE8878,TTRE8878_t1,830,protein_coding,Elongator complex protein 5  [Source:UniProtKB/TrEMBL;Acc:A0A077Z2T7],Trichuris trichiura (PRJEB535),protein_coding,trtricprjeb535
TTRE8014,TTRE8014_t1,305,protein_coding,,Trichuris trichiura (PRJEB535),protein_coding,trtricprjeb535
TTRE5668,TTRE5668_t1,3038,protein_coding,DUF3825 domain-containing protein  [Source:UniProtKB/TrEMBL;Acc:A0A077ZJ48],Trichuris trichiura (PRJEB535),protein_coding,trtricprjeb535
TTRE10044,TTRE10044_t1,223,protein_coding,,Trichuris trichiura (PRJEB535),protein_coding,trtricprjeb535
TTRE631,TTRE631_t1,295,protein_coding,,Trichuris trichiura (PRJEB535),protein_coding,trtricprjeb535
TTRE157,TTRE157_t1,177,protein_coding,PseudoU synth 2 domain containing protein  [Source:UniProtKB/TrEMBL;Acc:A0A077ZEE7],Trichuris trichiura (PRJEB535),protein_coding,trtricprjeb535
TTRE8306,TTRE8306_t1,308,protein_coding,,Trichuris trichiura (PRJEB535),protein_coding,trtricprjeb535
TTRE1954,TTRE1954_t1,256,protein_coding,Ribosomal S19e domain containing protein  [Source:UniProtKB/TrEMBL;Acc:A0A077Z148],Trichuris trichiura (PRJEB535),protein_coding,trtricprjeb535
TTRE7811,TTRE7811_t1,777,protein_coding,,Trichuris trichiura (PRJEB535),protein_coding,trtricprjeb535
TTRE8274,TTRE8274_t1,285,protein_coding,Alba domain containing protein  [Source:UniProtKB/TrEMBL;Acc:A0A077YW14],Trichuris trichiura (PRJEB535),protein_coding,trtricprjeb535
TTRE1563,TTRE1563_t1,174,protein_coding,NADH dehydrogenase [ubiquinone] 1 beta subcomplex subunit 3  [Source:UniProtKB/TrEMBL;Acc:A0A077ZF86],Trichuris trichiura (PRJEB535),protein_coding,trtricprjeb535
TTRE12137,TTRE12137_t1,538,protein_coding,,Trichuris trichiura (PRJEB535),protein_coding,trtricprjeb535
TTRE318,TTRE318_t1,307,protein_coding,,Trichuris trichiura (PRJEB535),protein_coding,trtricprjeb535
TTRE2610,TTRE2610_t1,620,protein_coding,LSM domain containing protein  [Source:UniProtKB/TrEMBL;Acc:A0A077ZHR3],Trichuris trichiura (PRJEB535),protein_coding,trtricprjeb535
TTRE8838,TTRE8838_t1,225,protein_coding,,Trichuris trichiura (PRJEB535),protein_coding,trtricprjeb535
TTRE5019,TTRE5019_t1,241,protein_coding,,Trichuris trichiura (PRJEB535),protein_coding,trtricprjeb535
TTRE2230,TTRE2230_t1,2093,protein_coding,PAZ and DUF1785 and Piwi domain containing protei n  [Source:UniProtKB/TrEMBL;Acc:A0A077ZA53],Trichuris trichiura (PRJEB535),protein_coding,trtricprjeb535
TTRE10484,TTRE10484_t1,425,protein_coding,,Trichuris trichiura (PRJEB535),protein_coding,trtricprjeb535
TTRE6938,TTRE6938_t1,152,protein_coding,,Trichuris trichiura (PRJEB535),protein_coding,trtricprjeb535
TTRE10918,TTRE10918_t1,445,protein_coding,,Trichuris trichiura (PRJEB535),protein_coding,trtricprjeb535
TTRE1693,TTRE1693_t1,221,protein_coding,,Trichuris trichiura (PRJEB535),protein_coding,trtricprjeb535
TTRE6094,TTRE6094_t1,563,protein_coding,,Trichuris trichiura (PRJEB535),protein_coding,trtricprjeb535
TTRE3914,TTRE3914_t1,433,protein_coding,Isochorismatase domain containing protein  [Source:UniProtKB/TrEMBL;Acc:A0A077Z389],Trichuris trichiura (PRJEB535),protein_coding,trtricprjeb535
TTRE11380,TTRE11380_t1,458,protein_coding,Methylenetetrahydrofolate reductase  [Source:UniProtKB/TrEMBL;Acc:A0A077ZEP2],Trichuris trichiura (PRJEB535),protein_coding,trtricprjeb535
TTRE9412,TTRE9412_t1,790,protein_coding,,Trichuris trichiura (PRJEB535),protein_coding,trtricprjeb535
TTRE5464,TTRE5464_t1,172,protein_coding,,Trichuris trichiura (PRJEB535),protein_coding,trtricprjeb535
TTRE9983,TTRE9983_t1,170,protein_coding,Cell division cycle 2  [Source:UniProtKB/TrEMBL;Acc:A0A077YYR8],Trichuris trichiura (PRJEB535),protein_coding,trtricprjeb535
TTRE1114,TTRE1114_t1,1190,protein_coding,Angio-associated migratory cell protein  [Source:UniProtKB/TrEMBL;Acc:A0A077Z636],Trichuris trichiura (PRJEB535),protein_coding,trtricprjeb535
TTRE1832,TTRE1832_t1,2090,protein_coding,Piwi and PAZ and DUF1785 domain containing protei n  [Source:UniProtKB/TrEMBL;Acc:A0A077ZL38],Trichuris trichiura (PRJEB535),protein_coding,trtricprjeb535
TTRE9019,TTRE9019_t1,224,protein_coding,,Trichuris trichiura (PRJEB535),protein_coding,trtricprjeb535
TTRE6369,TTRE6369_t1,744,protein_coding,,Trichuris trichiura (PRJEB535),protein_coding,trtricprjeb535
TTRE2227,TTRE2227_t1,179,protein_coding,Collagen and Col cuticle N domain containing prot ein  [Source:UniProtKB/TrEMBL;Acc:A0A077YZE5],Trichuris trichiura (PRJEB535),protein_coding,trtricprjeb535
TTRE9821,TTRE9821_t1,848,protein_coding,,Trichuris trichiura (PRJEB535),protein_coding,trtricprjeb535
TTRE1384,TTRE1384_t1,497,protein_coding,,Trichuris trichiura (PRJEB535),protein_coding,trtricprjeb535
TTRE8290,TTRE8290_t1,151,protein_coding,,Trichuris trichiura (PRJEB535),protein_coding,trtricprjeb535
TTRE4278,TTRE4278_t1,256,protein_coding,,Trichuris trichiura (PRJEB535),protein_coding,trtricprjeb535
TTRE4624,TTRE4624_t1,202,protein_coding,"39S ribosomal protein L10, mitochondrial  [Source:UniProtKB/TrEMBL;Acc:A0A077Z1P1]",Trichuris trichiura (PRJEB535),protein_coding,trtricprjeb535
TTRE9507,TTRE9507_t1,597,protein_coding,,Trichuris trichiura (PRJEB535),protein_coding,trtricprjeb535
TTRE8842,TTRE8842_t1,464,protein_coding,,Trichuris trichiura (PRJEB535),protein_coding,trtricprjeb535
TTRE3029,TTRE3029_t1,263,protein_coding,Protein BIG GRAIN 1-like A  [Source:UniProtKB/TrEMBL;Acc:A0A077Z507],Trichuris trichiura (PRJEB535),protein_coding,trtricprjeb535
TTRE8967,TTRE8967_t1,175,protein_coding,,Trichuris trichiura (PRJEB535),protein_coding,trtricprjeb535
TTRE4274,TTRE4274_t1,227,protein_coding,,Trichuris trichiura (PRJEB535),protein_coding,trtricprjeb535
TTRE10782,TTRE10782_t1,932,protein_coding,,Trichuris trichiura (PRJEB535),protein_coding,trtricprjeb535
TTRE12399,TTRE12399_t1,315,protein_coding,,Trichuris trichiura (PRJEB535),protein_coding,trtricprjeb535
TTRE6988,TTRE6988_t1,806,protein_coding,,Trichuris trichiura (PRJEB535),protein_coding,trtricprjeb535
TTRE11228,TTRE11228_t1,610,protein_coding,,Trichuris trichiura (PRJEB535),protein_coding,trtricprjeb535
TTRE10114,TTRE10114_t1,449,protein_coding,,Trichuris trichiura (PRJEB535),protein_coding,trtricprjeb535
TTRE7450,TTRE7450_t1,293,protein_coding,,Trichuris trichiura (PRJEB535),protein_coding,trtricprjeb535
TTRE4223,TTRE4223_t1,128,protein_coding,,Trichuris trichiura (PRJEB535),protein_coding,trtricprjeb535
TTRE10654,TTRE10654_t1,271,protein_coding,,Trichuris trichiura (PRJEB535),protein_coding,trtricprjeb535
TTRE7176,TTRE7176_t1,1621,protein_coding,,Trichuris trichiura (PRJEB535),protein_coding,trtricprjeb535
TTRE5832,TTRE5832_t1,661,protein_coding,,Trichuris trichiura (PRJEB535),protein_coding,trtricprjeb535
TTRE497,TTRE497_t1,682,protein_coding,"Type III restriction enzyme, res subunit family p rotein  [Source:UniProtKB/TrEMBL;Acc:A0A077ZFJ6]",Trichuris trichiura (PRJEB535),protein_coding,trtricprjeb535
TTRE7851,TTRE7851_t1,494,protein_coding,,Trichuris trichiura (PRJEB535),protein_coding,trtricprjeb535
TTRE879,TTRE879_t1,385,protein_coding,,Trichuris trichiura (PRJEB535),protein_coding,trtricprjeb535
TTRE6970,TTRE6970_t1,302,protein_coding,,Trichuris trichiura (PRJEB535),protein_coding,trtricprjeb535
TTRE5100,TTRE5100_t1,160,protein_coding,,Trichuris trichiura (PRJEB535),protein_coding,trtricprjeb535
TTRE2163,TTRE2163_t1,103,protein_coding,,Trichuris trichiura (PRJEB535),protein_coding,trtricprjeb535
TTRE10054,TTRE10054_t1,333,protein_coding,,Trichuris trichiura (PRJEB535),protein_coding,trtricprjeb535
TTRE9138,TTRE9138_t1,469,protein_coding,,Trichuris trichiura (PRJEB535),protein_coding,trtricprjeb535
TTRE6536,TTRE6536_t1,258,protein_coding,,Trichuris trichiura (PRJEB535),protein_coding,trtricprjeb535
TTRE7125,TTRE7125_t1,430,protein_coding,,Trichuris trichiura (PRJEB535),protein_coding,trtricprjeb535
TTRE11241,TTRE11241_t1,239,protein_coding,Cap binding protein 80  [Source:UniProtKB/TrEMBL;Acc:A0A077ZBZ7],Trichuris trichiura (PRJEB535),protein_coding,trtricprjeb535
TTRE3942,TTRE3942_t1,471,protein_coding,MED7 protein  [Source:UniProtKB/TrEMBL;Acc:A0A077ZFX8],Trichuris trichiura (PRJEB535),protein_coding,trtricprjeb535
TTRE945,TTRE945_t1,185,protein_coding,,Trichuris trichiura (PRJEB535),protein_coding,trtricprjeb535
TTRE8322,TTRE8322_t1,313,protein_coding,,Trichuris trichiura (PRJEB535),protein_coding,trtricprjeb535
TTRE496,TTRE496_t1,899,protein_coding,Adh short domain containing protein  [Source:UniProtKB/TrEMBL;Acc:A0A077Z2T9],Trichuris trichiura (PRJEB535),protein_coding,trtricprjeb535
TTRE9725,TTRE9725_t1,289,protein_coding,,Trichuris trichiura (PRJEB535),protein_coding,trtricprjeb535
TTRE12291,TTRE12291_t1,320,protein_coding,,Trichuris trichiura (PRJEB535),protein_coding,trtricprjeb535
TTRE10400,TTRE10400_t1,245,protein_coding,,Trichuris trichiura (PRJEB535),protein_coding,trtricprjeb535
TTRE3457,TTRE3457_t1,181,protein_coding,Protein YIF1  [Source:UniProtKB/TrEMBL;Acc:A0A077YYQ4],Trichuris trichiura (PRJEB535),protein_coding,trtricprjeb535
TTRE8624,TTRE8624_t1,899,protein_coding,Putative exosome complex exonuclease RRP43  [Source:UniProtKB/TrEMBL;Acc:A0A077Z9B3],Trichuris trichiura (PRJEB535),protein_coding,trtricprjeb535
TTRE5255,TTRE5255_t1,1182,protein_coding,MDS1 and EVI1 complex locus protein EVI1  [Source:UniProtKB/TrEMBL;Acc:A0A077ZEH2],Trichuris trichiura (PRJEB535),protein_coding,trtricprjeb535
TTRE3260,TTRE3260_t1,269,protein_coding,,Trichuris trichiura (PRJEB535),protein_coding,trtricprjeb535
TTRE4485,TTRE4485_t1,194,protein_coding,,Trichuris trichiura (PRJEB535),protein_coding,trtricprjeb535
TTRE6949,TTRE6949_t1,161,protein_coding,,Trichuris trichiura (PRJEB535),protein_coding,trtricprjeb535
TTRE8391,TTRE8391_t1,353,protein_coding,Gnk2-homologous domain-containing protein  [Source:UniProtKB/TrEMBL;Acc:A0A077Z6X4],Trichuris trichiura (PRJEB535),protein_coding,trtricprjeb535
TTRE6870,TTRE6870_t1,248,protein_coding,,Trichuris trichiura (PRJEB535),protein_coding,trtricprjeb535
TTRE7639,TTRE7639_t1,455,protein_coding,,Trichuris trichiura (PRJEB535),protein_coding,trtricprjeb535
TTRE9458,TTRE9458_t1,274,protein_coding,,Trichuris trichiura (PRJEB535),protein_coding,trtricprjeb535
TTRE12112,TTRE12112_t1,887,protein_coding,ER membrane protein complex subunit 2  [Source:UniProtKB/TrEMBL;Acc:A0A077ZJN6],Trichuris trichiura (PRJEB535),protein_coding,trtricprjeb535
TTRE9299,TTRE9299_t1,443,protein_coding,,Trichuris trichiura (PRJEB535),protein_coding,trtricprjeb535
TTRE3223,TTRE3223_t1,359,protein_coding,,Trichuris trichiura (PRJEB535),protein_coding,trtricprjeb535
TTRE1483,TTRE1483_t1,929,protein_coding,Serine/threonine-protein phosphatase  [Source:UniProtKB/TrEMBL;Acc:A0A077ZJE2],Trichuris trichiura (PRJEB535),protein_coding,trtricprjeb535
TTRE8776,TTRE8776_t1,255,protein_coding,Transmembrane protein  [Source:UniProtKB/TrEMBL;Acc:A0A077Z6Y0],Trichuris trichiura (PRJEB535),protein_coding,trtricprjeb535
TTRE880,TTRE880_t1,997,protein_coding,,Trichuris trichiura (PRJEB535),protein_coding,trtricprjeb535
TTRE329,TTRE329_t1,190,protein_coding,EB domain-containing protein  [Source:UniProtKB/TrEMBL;Acc:A0A077ZFL5],Trichuris trichiura (PRJEB535),protein_coding,trtricprjeb535
TTRE12325,TTRE12325_t1,152,protein_coding,,Trichuris trichiura (PRJEB535),protein_coding,trtricprjeb535
TTRE10518,TTRE10518_t1,171,protein_coding,,Trichuris trichiura (PRJEB535),protein_coding,trtricprjeb535
TTRE8707,TTRE8707_t1,232,protein_coding,Suppressor of cytokine signaling 5  [Source:UniProtKB/TrEMBL;Acc:A0A077ZLV2],Trichuris trichiura (PRJEB535),protein_coding,trtricprjeb535
TTRE8203,TTRE8203_t1,158,protein_coding,,Trichuris trichiura (PRJEB535),protein_coding,trtricprjeb535
TTRE5290,TTRE5290_t1,236,protein_coding,,Trichuris trichiura (PRJEB535),protein_coding,trtricprjeb535
TTRE1512,TTRE1512_t1,639,protein_coding,,Trichuris trichiura (PRJEB535),protein_coding,trtricprjeb535
TTRE5568,TTRE5568_t1,254,protein_coding,,Trichuris trichiura (PRJEB535),protein_coding,trtricprjeb535
TTRE6074,TTRE6074_t1,180,protein_coding,,Trichuris trichiura (PRJEB535),protein_coding,trtricprjeb535
TTRE2932,TTRE2932_t1,482,protein_coding,HTH Tnp Tc5 and BrkDBD domain containing protein  [Source:UniProtKB/TrEMBL;Acc:A0A077Z8X6],Trichuris trichiura (PRJEB535),protein_coding,trtricprjeb535
TTRE5309,TTRE5309_t1,180,protein_coding,,Trichuris trichiura (PRJEB535),protein_coding,trtricprjeb535
TTRE11544,TTRE11544_t1,793,protein_coding,,Trichuris trichiura (PRJEB535),protein_coding,trtricprjeb535
TTRE9918,TTRE9918_t2,286,protein_coding,,Trichuris trichiura (PRJEB535),protein_coding,trtricprjeb535
TTRE4871,TTRE4871_t1,479,protein_coding,Malonyl coenzyme A acyl carrier protein transacyl ase  [Source:UniProtKB/TrEMBL;Acc:A0A077ZIJ4],Trichuris trichiura (PRJEB535),protein_coding,trtricprjeb535
TTRE7906,TTRE7906_t1,617,protein_coding,,Trichuris trichiura (PRJEB535),protein_coding,trtricprjeb535
TTRE11503,TTRE11503_t1,1490,protein_coding,,Trichuris trichiura (PRJEB535),protein_coding,trtricprjeb535
TTRE860,TTRE860_t1,1062,protein_coding,,Trichuris trichiura (PRJEB535),protein_coding,trtricprjeb535
TTRE2125,TTRE2125_t1,555,protein_coding,,Trichuris trichiura (PRJEB535),protein_coding,trtricprjeb535
TTRE5965,TTRE5965_t1,808,protein_coding,G_PROTEIN_RECEP_F1_2 domain-containing protein  [Source:UniProtKB/TrEMBL;Acc:A0A077YX14],Trichuris trichiura (PRJEB535),protein_coding,trtricprjeb535
TTRE11839,TTRE11839_t1,503,protein_coding,,Trichuris trichiura (PRJEB535),protein_coding,trtricprjeb535
TTRE7600,TTRE7600_t1,689,protein_coding,,Trichuris trichiura (PRJEB535),protein_coding,trtricprjeb535
TTRE12651,TTRE12651_t1,428,protein_coding,,Trichuris trichiura (PRJEB535),protein_coding,trtricprjeb535
TTRE6719,TTRE6719_t1,319,protein_coding,DNA-directed RNA polymerase subunit beta  [Source:UniProtKB/TrEMBL;Acc:A0A077ZIJ0],Trichuris trichiura (PRJEB535),protein_coding,trtricprjeb535
TTRE1819,TTRE1819_t1,248,protein_coding,,Trichuris trichiura (PRJEB535),protein_coding,trtricprjeb535
TTRE150,TTRE150_t1,242,protein_coding,,Trichuris trichiura (PRJEB535),protein_coding,trtricprjeb535
TTRE988,TTRE988_t1,284,protein_coding,,Trichuris trichiura (PRJEB535),protein_coding,trtricprjeb535
TTRE4576,TTRE4576_t1,235,protein_coding,,Trichuris trichiura (PRJEB535),protein_coding,trtricprjeb535
TTRE9652,TTRE9652_t1,205,protein_coding,,Trichuris trichiura (PRJEB535),protein_coding,trtricprjeb535
TTRE489,TTRE489_t1,191,protein_coding,Ras protein Rab 10  [Source:UniProtKB/TrEMBL;Acc:A0A077Z4G8],Trichuris trichiura (PRJEB535),protein_coding,trtricprjeb535
TTRE9844,TTRE9844_t1,178,protein_coding,,Trichuris trichiura (PRJEB535),protein_coding,trtricprjeb535
TTRE8649,TTRE8649_t1,381,protein_coding,HlyIII domain containing protein  [Source:UniProtKB/TrEMBL;Acc:A0A077Z4B4],Trichuris trichiura (PRJEB535),protein_coding,trtricprjeb535
TTRE12293,TTRE12293_t1,265,protein_coding,,Trichuris trichiura (PRJEB535),protein_coding,trtricprjeb535
TTRE1217,TTRE1217_t1,194,protein_coding,Dual specificity mitogen-activated protein kinase kinase 4  [Source:UniProtKB/TrEMBL;Acc:A0A077Z5I9],Trichuris trichiura (PRJEB535),protein_coding,trtricprjeb535
TTRE3723,TTRE3723_t1,371,protein_coding,Major sperm protein  [Source:UniProtKB/TrEMBL;Acc:A0A077ZCB0],Trichuris trichiura (PRJEB535),protein_coding,trtricprjeb535
TTRE3776,TTRE3776_t1,1101,protein_coding,,Trichuris trichiura (PRJEB535),protein_coding,trtricprjeb535
TTRE12109,TTRE12109_t1,350,protein_coding,peptidylprolyl isomerase  [Source:UniProtKB/TrEMBL;Acc:A0A077Z4M8],Trichuris trichiura (PRJEB535),protein_coding,trtricprjeb535
TTRE546,TTRE546_t1,184,protein_coding,RING-type E3 ubiquitin transferase  [Source:UniProtKB/TrEMBL;Acc:A0A077ZBI7],Trichuris trichiura (PRJEB535),protein_coding,trtricprjeb535
TTRE9525,TTRE9525_t1,155,protein_coding,,Trichuris trichiura (PRJEB535),protein_coding,trtricprjeb535
TTRE6035,TTRE6035_t1,167,protein_coding,,Trichuris trichiura (PRJEB535),protein_coding,trtricprjeb535
TTRE7824,TTRE7824_t1,273,protein_coding,T box transcription factor TBX10  [Source:UniProtKB/TrEMBL;Acc:A0A077ZDC3],Trichuris trichiura (PRJEB535),protein_coding,trtricprjeb535
TTRE2677,TTRE2677_t1,280,protein_coding,,Trichuris trichiura (PRJEB535),protein_coding,trtricprjeb535
TTRE2418,TTRE2418_t1,2519,protein_coding,CBM 14 domain containing protein  [Source:UniProtKB/TrEMBL;Acc:A0A077Z111],Trichuris trichiura (PRJEB535),protein_coding,trtricprjeb535
TTRE11786,TTRE11786_t1,266,protein_coding,,Trichuris trichiura (PRJEB535),protein_coding,trtricprjeb535
TTRE1604,TTRE1604_t1,245,protein_coding,DB domain containing protein  [Source:UniProtKB/TrEMBL;Acc:A0A077YZI5],Trichuris trichiura (PRJEB535),protein_coding,trtricprjeb535
TTRE9413,TTRE9413_t1,563,protein_coding,,Trichuris trichiura (PRJEB535),protein_coding,trtricprjeb535
TTRE8645,TTRE8645_t1,461,protein_coding,,Trichuris trichiura (PRJEB535),protein_coding,trtricprjeb535
TTRE9047,TTRE9047_t1,3965,protein_coding,,Trichuris trichiura (PRJEB535),protein_coding,trtricprjeb535
TTRE12425,TTRE12425_t1,428,protein_coding,,Trichuris trichiura (PRJEB535),protein_coding,trtricprjeb535
TTRE11835,TTRE11835_t1,6685,protein_coding,FSA C domain containing protein  [Source:UniProtKB/TrEMBL;Acc:A0A077Z7L9],Trichuris trichiura (PRJEB535),protein_coding,trtricprjeb535
TTRE11009,TTRE11009_t1,239,protein_coding,,Trichuris trichiura (PRJEB535),protein_coding,trtricprjeb535
TTRE244,TTRE244_t1,183,protein_coding,,Trichuris trichiura (PRJEB535),protein_coding,trtricprjeb535
TTRE8082,TTRE8082_t1,746,protein_coding,,Trichuris trichiura (PRJEB535),protein_coding,trtricprjeb535
TTRE1646,TTRE1646_t1,190,protein_coding,Golgi SNAP receptor complex member 1  [Source:UniProtKB/TrEMBL;Acc:A0A077ZMR9],Trichuris trichiura (PRJEB535),protein_coding,trtricprjeb535
TTRE11995,TTRE11995_t1,174,protein_coding,Cuticle collagen 34  [Source:UniProtKB/TrEMBL;Acc:A0A077Z0A6],Trichuris trichiura (PRJEB535),protein_coding,trtricprjeb535
TTRE9509,TTRE9509_t1,278,protein_coding,,Trichuris trichiura (PRJEB535),protein_coding,trtricprjeb535
TTRE4273,TTRE4273_t1,967,protein_coding,,Trichuris trichiura (PRJEB535),protein_coding,trtricprjeb535
TTRE8818,TTRE8818_t1,317,protein_coding,,Trichuris trichiura (PRJEB535),protein_coding,trtricprjeb535
TTRE4480,TTRE4480_t1,1089,protein_coding,Moesin/ezrin/radixin homolog 1  [Source:UniProtKB/TrEMBL;Acc:A0A077Z609],Trichuris trichiura (PRJEB535),protein_coding,trtricprjeb535
TTRE521,TTRE521_t1,243,protein_coding,NADH dehydrogenase [ubiquinone] 1 alpha subcomplex subunit 8  [Source:UniProtKB/TrEMBL;Acc:A0A077ZKF4],Trichuris trichiura (PRJEB535),protein_coding,trtricprjeb535
TTRE5605,TTRE5605_t1,298,protein_coding,,Trichuris trichiura (PRJEB535),protein_coding,trtricprjeb535
TTRE2383,TTRE2383_t1,204,protein_coding,Prostamide:prostaglandin F synthase  [Source:UniProtKB/TrEMBL;Acc:A0A077Z8J8],Trichuris trichiura (PRJEB535),protein_coding,trtricprjeb535
TTRE1798,TTRE1798_t1,558,protein_coding,,Trichuris trichiura (PRJEB535),protein_coding,trtricprjeb535
TTRE180,TTRE180_t1,172,protein_coding,,Trichuris trichiura (PRJEB535),protein_coding,trtricprjeb535
TTRE1594,TTRE1594_t1,157,protein_coding,,Trichuris trichiura (PRJEB535),protein_coding,trtricprjeb535
TTRE8371,TTRE8371_t1,785,protein_coding,,Trichuris trichiura (PRJEB535),protein_coding,trtricprjeb535
TTRE11668,TTRE11668_t1,440,protein_coding,,Trichuris trichiura (PRJEB535),protein_coding,trtricprjeb535
TTRE1326,TTRE1326_t1,300,protein_coding,,Trichuris trichiura (PRJEB535),protein_coding,trtricprjeb535
TTRE12631,TTRE12631_t1,545,protein_coding,,Trichuris trichiura (PRJEB535),protein_coding,trtricprjeb535
TTRE4103,TTRE4103_t1,285,protein_coding,LMBR1 domain containing protein  [Source:UniProtKB/TrEMBL;Acc:A0A077ZC10],Trichuris trichiura (PRJEB535),protein_coding,trtricprjeb535
TTRE8960,TTRE8960_t1,284,protein_coding,,Trichuris trichiura (PRJEB535),protein_coding,trtricprjeb535
TTRE4652,TTRE4652_t1,160,protein_coding,,Trichuris trichiura (PRJEB535),protein_coding,trtricprjeb535
TTRE11249,TTRE11249_t1,226,protein_coding,,Trichuris trichiura (PRJEB535),protein_coding,trtricprjeb535
TTRE8998,TTRE8998_t1,214,protein_coding,,Trichuris trichiura (PRJEB535),protein_coding,trtricprjeb535
TTRE11535,TTRE11535_t1,137,protein_coding,,Trichuris trichiura (PRJEB535),protein_coding,trtricprjeb535
TTRE3763,TTRE3763_t1,812,protein_coding,Pkinase domain containing protein  [Source:UniProtKB/TrEMBL;Acc:A0A077ZFT6],Trichuris trichiura (PRJEB535),protein_coding,trtricprjeb535
TTRE3971,TTRE3971_t1,229,protein_coding,,Trichuris trichiura (PRJEB535),protein_coding,trtricprjeb535
TTRE4890,TTRE4890_t1,452,protein_coding,,Trichuris trichiura (PRJEB535),protein_coding,trtricprjeb535
TTRE3227,TTRE3227_t1,245,protein_coding,,Trichuris trichiura (PRJEB535),protein_coding,trtricprjeb535
TTRE8687,TTRE8687_t1,162,protein_coding,,Trichuris trichiura (PRJEB535),protein_coding,trtricprjeb535
TTRE5566,TTRE5566_t1,411,protein_coding,Sodium/nucleoside cotransporter  [Source:UniProtKB/TrEMBL;Acc:A0A077ZK41],Trichuris trichiura (PRJEB535),protein_coding,trtricprjeb535
TTRE6940,TTRE6940_t1,318,protein_coding,,Trichuris trichiura (PRJEB535),protein_coding,trtricprjeb535
TTRE11305,TTRE11305_t1,217,protein_coding,S4 domain containing protein  [Source:UniProtKB/TrEMBL;Acc:A0A077Z7A0],Trichuris trichiura (PRJEB535),protein_coding,trtricprjeb535
TTRE5383,TTRE5383_t1,1136,protein_coding,,Trichuris trichiura (PRJEB535),protein_coding,trtricprjeb535
TTRE9253,TTRE9253_t1,418,protein_coding,,Trichuris trichiura (PRJEB535),protein_coding,trtricprjeb535
TTRE2156,TTRE2156_t1,211,protein_coding,Sialin  [Source:UniProtKB/TrEMBL;Acc:A0A077ZCS1],Trichuris trichiura (PRJEB535),protein_coding,trtricprjeb535
TTRE3724,TTRE3724_t1,730,protein_coding,,Trichuris trichiura (PRJEB535),protein_coding,trtricprjeb535
TTRE6304,TTRE6304_t1,227,protein_coding,,Trichuris trichiura (PRJEB535),protein_coding,trtricprjeb535
TTRE7883,TTRE7883_t1,659,protein_coding,,Trichuris trichiura (PRJEB535),protein_coding,trtricprjeb535
TTRE1750,TTRE1750_t1,306,protein_coding,,Trichuris trichiura (PRJEB535),protein_coding,trtricprjeb535
TTRE10629,TTRE10629_t1,503,protein_coding,,Trichuris trichiura (PRJEB535),protein_coding,trtricprjeb535
TTRE8920,TTRE8920_t1,234,protein_coding,Paxillin  [Source:UniProtKB/TrEMBL;Acc:A0A077Z788],Trichuris trichiura (PRJEB535),protein_coding,trtricprjeb535
TTRE11015,TTRE11015_t1,761,protein_coding,,Trichuris trichiura (PRJEB535),protein_coding,trtricprjeb535
TTRE11211,TTRE11211_t1,740,protein_coding,,Trichuris trichiura (PRJEB535),protein_coding,trtricprjeb535
TTRE3674,TTRE3674_t1,301,protein_coding,,Trichuris trichiura (PRJEB535),protein_coding,trtricprjeb535
TTRE11578,TTRE11578_t1,356,protein_coding,,Trichuris trichiura (PRJEB535),protein_coding,trtricprjeb535
TTRE562,TTRE562_t1,1013,protein_coding,"Elongation factor Ts, mitochondrial  [Source:UniProtKB/TrEMBL;Acc:A0A077ZC95]",Trichuris trichiura (PRJEB535),protein_coding,trtricprjeb535
TTRE4316,TTRE4316_t1,178,protein_coding,,Trichuris trichiura (PRJEB535),protein_coding,trtricprjeb535
TTRE5854,TTRE5854_t1,171,protein_coding,,Trichuris trichiura (PRJEB535),protein_coding,trtricprjeb535
TTRE7234,TTRE7234_t1,610,protein_coding,,Trichuris trichiura (PRJEB535),protein_coding,trtricprjeb535
TTRE5748,TTRE5748_t1,209,protein_coding,,Trichuris trichiura (PRJEB535),protein_coding,trtricprjeb535
TTRE1823,TTRE1823_t1,108,protein_coding,RNA polymerase II transcriptional coactivator  [Source:UniProtKB/TrEMBL;Acc:A0A077Z9X8],Trichuris trichiura (PRJEB535),protein_coding,trtricprjeb535
TTRE584,TTRE584_t1,325,protein_coding,,Trichuris trichiura (PRJEB535),protein_coding,trtricprjeb535
TTRE2860,TTRE2860_t1,241,protein_coding,,Trichuris trichiura (PRJEB535),protein_coding,trtricprjeb535
TTRE7329,TTRE7329_t1,1052,protein_coding,,Trichuris trichiura (PRJEB535),protein_coding,trtricprjeb535
TTRE12461,TTRE12461_t1,537,protein_coding,,Trichuris trichiura (PRJEB535),protein_coding,trtricprjeb535
TTRE10905,TTRE10905_t1,3938,protein_coding,,Trichuris trichiura (PRJEB535),protein_coding,trtricprjeb535
TTRE10536,TTRE10536_t1,596,protein_coding,,Trichuris trichiura (PRJEB535),protein_coding,trtricprjeb535
TTRE6273,TTRE6273_t1,570,protein_coding,,Trichuris trichiura (PRJEB535),protein_coding,trtricprjeb535
TTRE171,TTRE171_t1,215,protein_coding,,Trichuris trichiura (PRJEB535),protein_coding,trtricprjeb535
TTRE7488,TTRE7488_t1,218,protein_coding,Chloride channel protein  [Source:UniProtKB/TrEMBL;Acc:A0A077ZK54],Trichuris trichiura (PRJEB535),protein_coding,trtricprjeb535
TTRE11821,TTRE11821_t1,1622,protein_coding,Activin_recp domain-containing protein  [Source:UniProtKB/TrEMBL;Acc:A0A077YYN9],Trichuris trichiura (PRJEB535),protein_coding,trtricprjeb535
TTRE10306,TTRE10306_t1,1649,protein_coding,,Trichuris trichiura (PRJEB535),protein_coding,trtricprjeb535
TTRE997,TTRE997_t1,451,protein_coding,,Trichuris trichiura (PRJEB535),protein_coding,trtricprjeb535
TTRE5861,TTRE5861_t1,253,protein_coding,,Trichuris trichiura (PRJEB535),protein_coding,trtricprjeb535
TTRE520,TTRE520_t1,220,protein_coding,,Trichuris trichiura (PRJEB535),protein_coding,trtricprjeb535
TTRE101,TTRE101_t1,178,protein_coding,palmitoyl-protein hydrolase  [Source:UniProtKB/TrEMBL;Acc:A0A077YZG1],Trichuris trichiura (PRJEB535),protein_coding,trtricprjeb535
TTRE6359,TTRE6359_t1,346,protein_coding,,Trichuris trichiura (PRJEB535),protein_coding,trtricprjeb535
TTRE139,TTRE139_t1,205,protein_coding,,Trichuris trichiura (PRJEB535),protein_coding,trtricprjeb535
TTRE2474,TTRE2474_t1,747,protein_coding,,Trichuris trichiura (PRJEB535),protein_coding,trtricprjeb535
TTRE2565,TTRE2565_t1,1028,protein_coding,Pkinase domain containing protein  [Source:UniProtKB/TrEMBL;Acc:A0A077ZDC2],Trichuris trichiura (PRJEB535),protein_coding,trtricprjeb535
TTRE11080,TTRE11080_t1,410,protein_coding,,Trichuris trichiura (PRJEB535),protein_coding,trtricprjeb535
TTRE6017,TTRE6017_t1,233,protein_coding,,Trichuris trichiura (PRJEB535),protein_coding,trtricprjeb535
TTRE3446,TTRE3446_t1,1213,protein_coding,Beta-galactosidase  [Source:UniProtKB/TrEMBL;Acc:A0A077Z195],Trichuris trichiura (PRJEB535),protein_coding,trtricprjeb535
TTRE6562,TTRE6562_t1,499,protein_coding,,Trichuris trichiura (PRJEB535),protein_coding,trtricprjeb535
TTRE1741,TTRE1741_t1,202,protein_coding,,Trichuris trichiura (PRJEB535),protein_coding,trtricprjeb535
TTRE6399,TTRE6399_t1,213,protein_coding,Zinc finger protein  [Source:UniProtKB/TrEMBL;Acc:A0A077ZBM3],Trichuris trichiura (PRJEB535),protein_coding,trtricprjeb535
TTRE10173,TTRE10173_t1,214,protein_coding,,Trichuris trichiura (PRJEB535),protein_coding,trtricprjeb535
TTRE4236,TTRE4236_t1,621,protein_coding,,Trichuris trichiura (PRJEB535),protein_coding,trtricprjeb535
TTRE12413,TTRE12413_t1,595,protein_coding,,Trichuris trichiura (PRJEB535),protein_coding,trtricprjeb535
TTRE10631,TTRE10631_t1,255,protein_coding,,Trichuris trichiura (PRJEB535),protein_coding,trtricprjeb535
TTRE8021,TTRE8021_t1,1478,protein_coding,,Trichuris trichiura (PRJEB535),protein_coding,trtricprjeb535
TTRE6173,TTRE6173_t1,372,protein_coding,MED7 protein  [Source:UniProtKB/TrEMBL;Acc:A0A077ZEP6],Trichuris trichiura (PRJEB535),protein_coding,trtricprjeb535
TTRE2902,TTRE2902_t1,703,protein_coding,,Trichuris trichiura (PRJEB535),protein_coding,trtricprjeb535
TTRE7242,TTRE7242_t1,1561,protein_coding,,Trichuris trichiura (PRJEB535),protein_coding,trtricprjeb535
TTRE8127,TTRE8127_t1,548,protein_coding,NEDD8 conjugating enzyme UBE2F  [Source:UniProtKB/TrEMBL;Acc:A0A077ZA38],Trichuris trichiura (PRJEB535),protein_coding,trtricprjeb535
TTRE10455,TTRE10455_t1,397,protein_coding,,Trichuris trichiura (PRJEB535),protein_coding,trtricprjeb535
TTRE7366,TTRE7366_t1,287,protein_coding,,Trichuris trichiura (PRJEB535),protein_coding,trtricprjeb535
TTRE8072,TTRE8072_t1,144,protein_coding,,Trichuris trichiura (PRJEB535),protein_coding,trtricprjeb535
TTRE9938,TTRE9938_t1,355,protein_coding,,Trichuris trichiura (PRJEB535),protein_coding,trtricprjeb535
TTRE5886,TTRE5886_t1,148,protein_coding,Peptidyl-prolyl cis-trans isomerase  [Source:UniProtKB/TrEMBL;Acc:A0A077ZGX3],Trichuris trichiura (PRJEB535),protein_coding,trtricprjeb535
TTRE12126,TTRE12126_t1,201,protein_coding,,Trichuris trichiura (PRJEB535),protein_coding,trtricprjeb535
TTRE10901,TTRE10901_t1,141,protein_coding,,Trichuris trichiura (PRJEB535),protein_coding,trtricprjeb535
TTRE12024,TTRE12024_t1,236,protein_coding,,Trichuris trichiura (PRJEB535),protein_coding,trtricprjeb535
TTRE1980,TTRE1980_t1,153,protein_coding,,Trichuris trichiura (PRJEB535),protein_coding,trtricprjeb535
TTRE5482,TTRE5482_t1,339,protein_coding,C15orf24 protein  [Source:UniProtKB/TrEMBL;Acc:A0A077ZH82],Trichuris trichiura (PRJEB535),protein_coding,trtricprjeb535
TTRE6668,TTRE6668_t1,3947,protein_coding,,Trichuris trichiura (PRJEB535),protein_coding,trtricprjeb535
TTRE5329,TTRE5329_t1,167,protein_coding,,Trichuris trichiura (PRJEB535),protein_coding,trtricprjeb535
TTRE7939,TTRE7939_t1,194,protein_coding,,Trichuris trichiura (PRJEB535),protein_coding,trtricprjeb535
TTRE5708,TTRE5708_t1,455,protein_coding,,Trichuris trichiura (PRJEB535),protein_coding,trtricprjeb535
TTRE3322,TTRE3322_t1,152,protein_coding,Nuclear nucleic acid-binding protein C1D  [Source:UniProtKB/TrEMBL;Acc:A0A077ZD54],Trichuris trichiura (PRJEB535),protein_coding,trtricprjeb535
TTRE4730,TTRE4730_t2,1218,protein_coding,,Trichuris trichiura (PRJEB535),protein_coding,trtricprjeb535
TTRE4701,TTRE4701_t1,286,protein_coding,G protein signaling modulator 1  [Source:UniProtKB/TrEMBL;Acc:A0A077Z024],Trichuris trichiura (PRJEB535),protein_coding,trtricprjeb535
TTRE7996,TTRE7996_t1,2435,protein_coding,,Trichuris trichiura (PRJEB535),protein_coding,trtricprjeb535
TTRE1037,TTRE1037_t1,598,protein_coding,,Trichuris trichiura (PRJEB535),protein_coding,trtricprjeb535
TTRE5628,TTRE5628_t1,896,protein_coding,SPRY domain containing protein  [Source:UniProtKB/TrEMBL;Acc:A0A077YZ18],Trichuris trichiura (PRJEB535),protein_coding,trtricprjeb535
TTRE3848,TTRE3848_t1,240,protein_coding,A kinase anchor protein  [Source:UniProtKB/TrEMBL;Acc:A0A077ZC04],Trichuris trichiura (PRJEB535),protein_coding,trtricprjeb535
TTRE4800,TTRE4800_t1,416,protein_coding,"Aconitate hydratase, mitochondrial  [Source:UniProtKB/TrEMBL;Acc:A0A077ZBG0]",Trichuris trichiura (PRJEB535),protein_coding,trtricprjeb535
TTRE4774,TTRE4774_t1,593,protein_coding,Ras domain containing protein  [Source:UniProtKB/TrEMBL;Acc:A0A077ZD94],Trichuris trichiura (PRJEB535),protein_coding,trtricprjeb535
TTRE3369,TTRE3369_t1,858,protein_coding,,Trichuris trichiura (PRJEB535),protein_coding,trtricprjeb535
TTRE2753,TTRE2753_t1,299,protein_coding,Receptor type tyrosine protein phosphatase mu  [Source:UniProtKB/TrEMBL;Acc:A0A077Z5T3],Trichuris trichiura (PRJEB535),protein_coding,trtricprjeb535
TTRE763,TTRE763_t1,1363,protein_coding,,Trichuris trichiura (PRJEB535),protein_coding,trtricprjeb535
TTRE6552,TTRE6552_t1,287,protein_coding,Ubiquitin modifier  [Source:UniProtKB/TrEMBL;Acc:A0A077ZG56],Trichuris trichiura (PRJEB535),protein_coding,trtricprjeb535
TTRE2899,TTRE2899_t1,197,protein_coding,,Trichuris trichiura (PRJEB535),protein_coding,trtricprjeb535
TTRE10265,TTRE10265_t1,602,protein_coding,,Trichuris trichiura (PRJEB535),protein_coding,trtricprjeb535
TTRE531,TTRE531_t1,502,protein_coding,,Trichuris trichiura (PRJEB535),protein_coding,trtricprjeb535
TTRE3773,TTRE3773_t1,1004,protein_coding,tRNA (adenine(58)-N(1))-methyltransferase non-catalytic subunit TRM6  [Source:UniProtKB/TrEMBL;Acc:A0A077Z8K6],Trichuris trichiura (PRJEB535),protein_coding,trtricprjeb535
TTRE8689,TTRE8689_t1,188,protein_coding,,Trichuris trichiura (PRJEB535),protein_coding,trtricprjeb535
TTRE3988,TTRE3988_t1,592,protein_coding,,Trichuris trichiura (PRJEB535),protein_coding,trtricprjeb535
TTRE4440,TTRE4440_t1,223,protein_coding,,Trichuris trichiura (PRJEB535),protein_coding,trtricprjeb535
TTRE2105,TTRE2105_t1,275,protein_coding,"Probable 28S ribosomal protein S16, mitochondrial  [Source:UniProtKB/TrEMBL;Acc:A0A077YYU7]",Trichuris trichiura (PRJEB535),protein_coding,trtricprjeb535
TTRE4918,TTRE4918_t1,593,protein_coding,Homeobox protein otx5  [Source:UniProtKB/TrEMBL;Acc:A0A077Z3Z2],Trichuris trichiura (PRJEB535),protein_coding,trtricprjeb535
TTRE12036,TTRE12036_t1,1142,protein_coding,,Trichuris trichiura (PRJEB535),protein_coding,trtricprjeb535
TTRE1876,TTRE1876_t1,548,protein_coding,"Protein ADT 2, c  [Source:UniProtKB/TrEMBL;Acc:A0A077Z7F7]",Trichuris trichiura (PRJEB535),protein_coding,trtricprjeb535
TTRE5121,TTRE5121_t1,510,protein_coding,,Trichuris trichiura (PRJEB535),protein_coding,trtricprjeb535
TTRE12091,TTRE12091_t1,445,protein_coding,,Trichuris trichiura (PRJEB535),protein_coding,trtricprjeb535
TTRE551,TTRE551_t1,207,protein_coding,"DNA-directed RNA polymerases I, II, and III subun it RPABC4  [Source:UniProtKB/TrEMBL;Acc:A0A077Z575]",Trichuris trichiura (PRJEB535),protein_coding,trtricprjeb535
TTRE2180,TTRE2180_t1,228,protein_coding,,Trichuris trichiura (PRJEB535),protein_coding,trtricprjeb535
TTRE6073,TTRE6073_t1,1361,protein_coding,Equilibrative nucleoside transporter  [Source:UniProtKB/TrEMBL;Acc:A0A077ZBI9],Trichuris trichiura (PRJEB535),protein_coding,trtricprjeb535
TTRE2406,TTRE2406_t1,672,protein_coding,,Trichuris trichiura (PRJEB535),protein_coding,trtricprjeb535
TTRE10254,TTRE10254_t1,575,protein_coding,,Trichuris trichiura (PRJEB535),protein_coding,trtricprjeb535
TTRE1789,TTRE1789_t1,337,protein_coding,RhoGAP domain containing protein  [Source:UniProtKB/TrEMBL;Acc:A0A077YXC5],Trichuris trichiura (PRJEB535),protein_coding,trtricprjeb535
TTRE12292,TTRE12292_t1,138,protein_coding,,Trichuris trichiura (PRJEB535),protein_coding,trtricprjeb535
TTRE2515,TTRE2515_t1,707,protein_coding,Transmembrane protein  [Source:UniProtKB/TrEMBL;Acc:A0A077Z8Q2],Trichuris trichiura (PRJEB535),protein_coding,trtricprjeb535
TTRE8769,TTRE8769_t1,584,protein_coding,,Trichuris trichiura (PRJEB535),protein_coding,trtricprjeb535
TTRE10572,TTRE10572_t1,453,protein_coding,,Trichuris trichiura (PRJEB535),protein_coding,trtricprjeb535
TTRE4331,TTRE4331_t1,975,protein_coding,,Trichuris trichiura (PRJEB535),protein_coding,trtricprjeb535
TTRE11600,TTRE11600_t1,760,protein_coding,,Trichuris trichiura (PRJEB535),protein_coding,trtricprjeb535
TTRE5340,TTRE5340_t1,300,protein_coding,,Trichuris trichiura (PRJEB535),protein_coding,trtricprjeb535
TTRE11789,TTRE11789_t1,277,protein_coding,,Trichuris trichiura (PRJEB535),protein_coding,trtricprjeb535
TTRE5786,TTRE5786_t1,2611,protein_coding,,Trichuris trichiura (PRJEB535),protein_coding,trtricprjeb535
TTRE1303,TTRE1303_t1,299,protein_coding,ATP-dependent DNA helicase hus2  [Source:UniProtKB/TrEMBL;Acc:A0A077YWH2],Trichuris trichiura (PRJEB535),protein_coding,trtricprjeb535
TTRE8019,TTRE8019_t1,1058,protein_coding,Proteasome activator complex subunit 3  [Source:UniProtKB/TrEMBL;Acc:A0A077ZGZ6],Trichuris trichiura (PRJEB535),protein_coding,trtricprjeb535
TTRE5275,TTRE5275_t1,799,protein_coding,Ubiquitin carboxyl-terminal hydrolase  [Source:UniProtKB/TrEMBL;Acc:A0A077ZFJ8],Trichuris trichiura (PRJEB535),protein_coding,trtricprjeb535
TTRE3717,TTRE3717_t1,398,protein_coding,,Trichuris trichiura (PRJEB535),protein_coding,trtricprjeb535
TTRE10662,TTRE10662_t1,503,protein_coding,,Trichuris trichiura (PRJEB535),protein_coding,trtricprjeb535
TTRE1110,TTRE1110_t1,314,protein_coding,Putative hspa heat shock 70kda binding protein cy toplasmic cochaperone 1  [Source:UniProtKB/TrEMBL;Acc:A0A077Z406],Trichuris trichiura (PRJEB535),protein_coding,trtricprjeb535
TTRE6285,TTRE6285_t1,238,protein_coding,,Trichuris trichiura (PRJEB535),protein_coding,trtricprjeb535
TTRE5964,TTRE5964_t1,740,protein_coding,,Trichuris trichiura (PRJEB535),protein_coding,trtricprjeb535
TTRE2247,TTRE2247_t1,186,protein_coding,,Trichuris trichiura (PRJEB535),protein_coding,trtricprjeb535
TTRE2290,TTRE2290_t1,97,protein_coding,,Trichuris trichiura (PRJEB535),protein_coding,trtricprjeb535
TTRE7765,TTRE7765_t1,163,protein_coding,,Trichuris trichiura (PRJEB535),protein_coding,trtricprjeb535
TTRE5322,TTRE5322_t1,166,protein_coding,,Trichuris trichiura (PRJEB535),protein_coding,trtricprjeb535
TTRE8135,TTRE8135_t1,293,protein_coding,,Trichuris trichiura (PRJEB535),protein_coding,trtricprjeb535
TTRE18,TTRE18_t1,385,protein_coding,,Trichuris trichiura (PRJEB535),protein_coding,trtricprjeb535
TTRE3673,TTRE3673_t1,452,protein_coding,,Trichuris trichiura (PRJEB535),protein_coding,trtricprjeb535
TTRE12369,TTRE12369_t1,376,protein_coding,,Trichuris trichiura (PRJEB535),protein_coding,trtricprjeb535
TTRE11563,TTRE11563_t1,674,protein_coding,,Trichuris trichiura (PRJEB535),protein_coding,trtricprjeb535
TTRE7299,TTRE7299_t1,614,protein_coding,,Trichuris trichiura (PRJEB535),protein_coding,trtricprjeb535
TTRE11944,TTRE11944_t1,281,protein_coding,,Trichuris trichiura (PRJEB535),protein_coding,trtricprjeb535
TTRE8544,TTRE8544_t1,211,protein_coding,,Trichuris trichiura (PRJEB535),protein_coding,trtricprjeb535
TTRE3170,TTRE3170_t1,194,protein_coding,F box:WD repeat containing protein 1A  [Source:UniProtKB/TrEMBL;Acc:A0A077Z9N3],Trichuris trichiura (PRJEB535),protein_coding,trtricprjeb535
TTRE2504,TTRE2504_t1,188,protein_coding,,Trichuris trichiura (PRJEB535),protein_coding,trtricprjeb535
TTRE533,TTRE533_t1,293,protein_coding,,Trichuris trichiura (PRJEB535),protein_coding,trtricprjeb535
TTRE575,TTRE575_t1,1113,protein_coding,,Trichuris trichiura (PRJEB535),protein_coding,trtricprjeb535
TTRE3167,TTRE3167_t1,1155,protein_coding,,Trichuris trichiura (PRJEB535),protein_coding,trtricprjeb535
TTRE9715,TTRE9715_t1,935,protein_coding,,Trichuris trichiura (PRJEB535),protein_coding,trtricprjeb535
TTRE995,TTRE995_t1,1373,protein_coding,F box only protein 30  [Source:UniProtKB/TrEMBL;Acc:A0A077Z1Y4],Trichuris trichiura (PRJEB535),protein_coding,trtricprjeb535
TTRE11257,TTRE11257_t1,338,protein_coding,,Trichuris trichiura (PRJEB535),protein_coding,trtricprjeb535
TTRE4411,TTRE4411_t1,318,protein_coding,"Cytochrome b-c1 complex subunit 2, mitochondrial  [Source:UniProtKB/TrEMBL;Acc:A0A077ZDS8]",Trichuris trichiura (PRJEB535),protein_coding,trtricprjeb535
TTRE89,TTRE89_t1,308,protein_coding,,Trichuris trichiura (PRJEB535),protein_coding,trtricprjeb535
TTRE7524,TTRE7524_t1,242,protein_coding,,Trichuris trichiura (PRJEB535),protein_coding,trtricprjeb535
TTRE2600,TTRE2600_t1,327,protein_coding,Transmembrane GTPase Marf  [Source:UniProtKB/TrEMBL;Acc:A0A077ZA71],Trichuris trichiura (PRJEB535),protein_coding,trtricprjeb535
TTRE2275,TTRE2275_t1,1208,protein_coding,histone acetyltransferase  [Source:UniProtKB/TrEMBL;Acc:A0A077Z479],Trichuris trichiura (PRJEB535),protein_coding,trtricprjeb535
TTRE11603,TTRE11603_t1,505,protein_coding,,Trichuris trichiura (PRJEB535),protein_coding,trtricprjeb535
TTRE2345,TTRE2345_t1,226,protein_coding,Peptidyl-prolyl cis-trans isomerase  [Source:UniProtKB/TrEMBL;Acc:A0A077Z821],Trichuris trichiura (PRJEB535),protein_coding,trtricprjeb535
TTRE12267,TTRE12267_t1,1490,protein_coding,Tumor susceptibility gene 101 protein  [Source:UniProtKB/TrEMBL;Acc:A0A077ZB37],Trichuris trichiura (PRJEB535),protein_coding,trtricprjeb535
TTRE4369,TTRE4369_t1,279,protein_coding,,Trichuris trichiura (PRJEB535),protein_coding,trtricprjeb535
TTRE3631,TTRE3631_t1,1340,protein_coding,Transcriptional repressor CTCFL  [Source:UniProtKB/TrEMBL;Acc:A0A077Z3M6],Trichuris trichiura (PRJEB535),protein_coding,trtricprjeb535
TTRE2495,TTRE2495_t1,3626,protein_coding,,Trichuris trichiura (PRJEB535),protein_coding,trtricprjeb535
TTRE1158,TTRE1158_t1,454,protein_coding,Glycerophosphodiester phosphodiesterase 1  [Source:UniProtKB/TrEMBL;Acc:A0A077Z5D3],Trichuris trichiura (PRJEB535),protein_coding,trtricprjeb535
TTRE5586,TTRE5586_t1,258,protein_coding,,Trichuris trichiura (PRJEB535),protein_coding,trtricprjeb535
TTRE5874,TTRE5874_t1,302,protein_coding,,Trichuris trichiura (PRJEB535),protein_coding,trtricprjeb535
TTRE4824,TTRE4824_t1,705,protein_coding,,Trichuris trichiura (PRJEB535),protein_coding,trtricprjeb535
TTRE11320,TTRE11320_t1,275,protein_coding,,Trichuris trichiura (PRJEB535),protein_coding,trtricprjeb535
TTRE2989,TTRE2989_t1,224,protein_coding,,Trichuris trichiura (PRJEB535),protein_coding,trtricprjeb535
TTRE7035,TTRE7035_t1,614,protein_coding,,Trichuris trichiura (PRJEB535),protein_coding,trtricprjeb535
TTRE7579,TTRE7579_t1,266,protein_coding,,Trichuris trichiura (PRJEB535),protein_coding,trtricprjeb535
TTRE1878,TTRE1878_t1,485,protein_coding,,Trichuris trichiura (PRJEB535),protein_coding,trtricprjeb535
TTRE1617,TTRE1617_t1,301,protein_coding,"WAP domain containing protein, SLPI-like  [Source:UniProtKB/TrEMBL;Acc:A0A077ZLR3]",Trichuris trichiura (PRJEB535),protein_coding,trtricprjeb535
TTRE8194,TTRE8194_t1,216,protein_coding,,Trichuris trichiura (PRJEB535),protein_coding,trtricprjeb535
TTRE3198,TTRE3198_t1,595,protein_coding,PP2C C and PP2C domain containing protein  [Source:UniProtKB/TrEMBL;Acc:A0A077Z3D1],Trichuris trichiura (PRJEB535),protein_coding,trtricprjeb535
TTRE8662,TTRE8662_t1,229,protein_coding,Kazal 2 and EF-hand 5 and Ig 2 domain containing protein  [Source:UniProtKB/TrEMBL;Acc:A0A077ZCL9],Trichuris trichiura (PRJEB535),protein_coding,trtricprjeb535
TTRE4735,TTRE4735_t1,605,protein_coding,Synaptobrevin YKT6  [Source:UniProtKB/TrEMBL;Acc:A0A077ZGW7],Trichuris trichiura (PRJEB535),protein_coding,trtricprjeb535
TTRE10239,TTRE10239_t1,1613,protein_coding,,Trichuris trichiura (PRJEB535),protein_coding,trtricprjeb535
TTRE7296,TTRE7296_t1,515,protein_coding,,Trichuris trichiura (PRJEB535),protein_coding,trtricprjeb535
TTRE3823,TTRE3823_t1,299,protein_coding,,Trichuris trichiura (PRJEB535),protein_coding,trtricprjeb535
TTRE9643,TTRE9643_t1,2236,protein_coding,,Trichuris trichiura (PRJEB535),protein_coding,trtricprjeb535
TTRE4875,TTRE4875_t1,204,protein_coding,,Trichuris trichiura (PRJEB535),protein_coding,trtricprjeb535
TTRE11762,TTRE11762_t1,441,protein_coding,,Trichuris trichiura (PRJEB535),protein_coding,trtricprjeb535
TTRE11897,TTRE11897_t1,1273,protein_coding,,Trichuris trichiura (PRJEB535),protein_coding,trtricprjeb535
TTRE6271,TTRE6271_t1,196,protein_coding,,Trichuris trichiura (PRJEB535),protein_coding,trtricprjeb535
TTRE9452,TTRE9452_t1,201,protein_coding,,Trichuris trichiura (PRJEB535),protein_coding,trtricprjeb535
TTRE963,TTRE963_t1,239,protein_coding,,Trichuris trichiura (PRJEB535),protein_coding,trtricprjeb535
TTRE9367,TTRE9367_t1,398,protein_coding,,Trichuris trichiura (PRJEB535),protein_coding,trtricprjeb535
TTRE10552,TTRE10552_t1,467,protein_coding,,Trichuris trichiura (PRJEB535),protein_coding,trtricprjeb535
TTRE12043,TTRE12043_t1,347,protein_coding,,Trichuris trichiura (PRJEB535),protein_coding,trtricprjeb535
TTRE4374,TTRE4374_t1,269,protein_coding,G2:M phase specific E3 ubiquitin protein ligase  [Source:UniProtKB/TrEMBL;Acc:A0A077Z5Y1],Trichuris trichiura (PRJEB535),protein_coding,trtricprjeb535
TTRE6134,TTRE6134_t1,222,protein_coding,,Trichuris trichiura (PRJEB535),protein_coding,trtricprjeb535
TTRE8104,TTRE8104_t1,214,protein_coding,,Trichuris trichiura (PRJEB535),protein_coding,trtricprjeb535
TTRE4354,TTRE4354_t1,632,protein_coding,60S ribosomal protein L13  [Source:UniProtKB/TrEMBL;Acc:A0A077YVV6],Trichuris trichiura (PRJEB535),protein_coding,trtricprjeb535
TTRE10199,TTRE10199_t1,216,protein_coding,,Trichuris trichiura (PRJEB535),protein_coding,trtricprjeb535
TTRE7821,TTRE7821_t1,518,protein_coding,,Trichuris trichiura (PRJEB535),protein_coding,trtricprjeb535
TTRE6848,TTRE6848_t1,1430,protein_coding,,Trichuris trichiura (PRJEB535),protein_coding,trtricprjeb535
TTRE6525,TTRE6525_t1,2099,protein_coding,,Trichuris trichiura (PRJEB535),protein_coding,trtricprjeb535
TTRE3610,TTRE3610_t1,446,protein_coding,,Trichuris trichiura (PRJEB535),protein_coding,trtricprjeb535
TTRE5852,TTRE5852_t1,569,protein_coding,,Trichuris trichiura (PRJEB535),protein_coding,trtricprjeb535
TTRE545,TTRE545_t1,1424,protein_coding,Arginyl-tRNA--protein transferase 1  [Source:UniProtKB/TrEMBL;Acc:A0A077Z808],Trichuris trichiura (PRJEB535),protein_coding,trtricprjeb535
TTRE9329,TTRE9329_t1,161,protein_coding,,Trichuris trichiura (PRJEB535),protein_coding,trtricprjeb535
TTRE8220,TTRE8220_t1,792,protein_coding,,Trichuris trichiura (PRJEB535),protein_coding,trtricprjeb535
TTRE7563,TTRE7563_t1,553,protein_coding,,Trichuris trichiura (PRJEB535),protein_coding,trtricprjeb535
TTRE5762,TTRE5762_t1,332,protein_coding,U4:U6 small nuclear ribonucleoprotein Prp3  [Source:UniProtKB/TrEMBL;Acc:A0A077Z9Z8],Trichuris trichiura (PRJEB535),protein_coding,trtricprjeb535
TTRE1119,TTRE1119_t1,371,protein_coding,,Trichuris trichiura (PRJEB535),protein_coding,trtricprjeb535
TTRE4839,TTRE4839_t1,273,protein_coding,,Trichuris trichiura (PRJEB535),protein_coding,trtricprjeb535
TTRE9111,TTRE9111_t1,228,protein_coding,,Trichuris trichiura (PRJEB535),protein_coding,trtricprjeb535
TTRE6510,TTRE6510_t1,215,protein_coding,,Trichuris trichiura (PRJEB535),protein_coding,trtricprjeb535
TTRE6999,TTRE6999_t1,1910,protein_coding,,Trichuris trichiura (PRJEB535),protein_coding,trtricprjeb535
TTRE7589,TTRE7589_t1,442,protein_coding,,Trichuris trichiura (PRJEB535),protein_coding,trtricprjeb535
TTRE4551,TTRE4551_t1,302,protein_coding,Phosphotransferase  [Source:UniProtKB/TrEMBL;Acc:A0A077Z3Y9],Trichuris trichiura (PRJEB535),protein_coding,trtricprjeb535
TTRE3097,TTRE3097_t1,206,protein_coding,,Trichuris trichiura (PRJEB535),protein_coding,trtricprjeb535
TTRE7913,TTRE7913_t1,203,protein_coding,,Trichuris trichiura (PRJEB535),protein_coding,trtricprjeb535
TTRE10520,TTRE10520_t1,610,protein_coding,,Trichuris trichiura (PRJEB535),protein_coding,trtricprjeb535
TTRE7093,TTRE7093_t1,536,protein_coding,,Trichuris trichiura (PRJEB535),protein_coding,trtricprjeb535
TTRE4878,TTRE4878_t1,184,protein_coding,,Trichuris trichiura (PRJEB535),protein_coding,trtricprjeb535
TTRE8511,TTRE8511_t1,875,protein_coding,,Trichuris trichiura (PRJEB535),protein_coding,trtricprjeb535
TTRE1809,TTRE1809_t1,196,protein_coding,,Trichuris trichiura (PRJEB535),protein_coding,trtricprjeb535
TTRE4181,TTRE4181_t1,327,protein_coding,Inorganic phosphate cotransporter  [Source:UniProtKB/TrEMBL;Acc:A0A077YXP8],Trichuris trichiura (PRJEB535),protein_coding,trtricprjeb535
TTRE6356,TTRE6356_t1,266,protein_coding,,Trichuris trichiura (PRJEB535),protein_coding,trtricprjeb535
TTRE8982,TTRE8982_t1,201,protein_coding,,Trichuris trichiura (PRJEB535),protein_coding,trtricprjeb535
TTRE5345,TTRE5345_t1,68,protein_coding,,Trichuris trichiura (PRJEB535),protein_coding,trtricprjeb535
TTRE6532,TTRE6532_t1,605,protein_coding,Rad10 domain containing protein  [Source:UniProtKB/TrEMBL;Acc:A0A077Z8M4],Trichuris trichiura (PRJEB535),protein_coding,trtricprjeb535
TTRE10364,TTRE10364_t1,913,protein_coding,,Trichuris trichiura (PRJEB535),protein_coding,trtricprjeb535
TTRE10349,TTRE10349_t1,734,protein_coding,,Trichuris trichiura (PRJEB535),protein_coding,trtricprjeb535
TTRE5196,TTRE5196_t1,243,protein_coding,,Trichuris trichiura (PRJEB535),protein_coding,trtricprjeb535
TTRE3226,TTRE3226_t1,260,protein_coding,,Trichuris trichiura (PRJEB535),protein_coding,trtricprjeb535
TTRE6604,TTRE6604_t1,1784,protein_coding,,Trichuris trichiura (PRJEB535),protein_coding,trtricprjeb535
TTRE9613,TTRE9613_t1,1739,protein_coding,,Trichuris trichiura (PRJEB535),protein_coding,trtricprjeb535
TTRE636,TTRE636_t1,1703,protein_coding,,Trichuris trichiura (PRJEB535),protein_coding,trtricprjeb535
TTRE1967,TTRE1967_t1,579,protein_coding,Animal hem peroxidase family protein animal haem peroxidase family protein  [Source:UniProtKB/TrEMBL;Acc:A0A077Z388],Trichuris trichiura (PRJEB535),protein_coding,trtricprjeb535
TTRE7792,TTRE7792_t1,413,protein_coding,,Trichuris trichiura (PRJEB535),protein_coding,trtricprjeb535
TTRE11026,TTRE11026_t1,323,protein_coding,,Trichuris trichiura (PRJEB535),protein_coding,trtricprjeb535
TTRE261,TTRE261_t1,188,protein_coding,,Trichuris trichiura (PRJEB535),protein_coding,trtricprjeb535
TTRE1470,TTRE1470_t1,159,protein_coding,,Trichuris trichiura (PRJEB535),protein_coding,trtricprjeb535
TTRE4981,TTRE4981_t1,575,protein_coding,ADP dependent glucokinase  [Source:UniProtKB/TrEMBL;Acc:A0A077Z9F1],Trichuris trichiura (PRJEB535),protein_coding,trtricprjeb535
TTRE3604,TTRE3604_t1,401,protein_coding,Cuticle collagen 7  [Source:UniProtKB/TrEMBL;Acc:A0A077ZB84],Trichuris trichiura (PRJEB535),protein_coding,trtricprjeb535
TTRE9373,TTRE9373_t1,410,protein_coding,Histone H3  [Source:UniProtKB/TrEMBL;Acc:A0A077ZKR5],Trichuris trichiura (PRJEB535),protein_coding,trtricprjeb535
TTRE4262,TTRE4262_t1,210,protein_coding,,Trichuris trichiura (PRJEB535),protein_coding,trtricprjeb535
TTRE7738,TTRE7738_t1,386,protein_coding,Histone H2A  [Source:UniProtKB/TrEMBL;Acc:A0A077ZHJ7],Trichuris trichiura (PRJEB535),protein_coding,trtricprjeb535
TTRE4653,TTRE4653_t1,196,protein_coding,,Trichuris trichiura (PRJEB535),protein_coding,trtricprjeb535
TTRE6829,TTRE6829_t1,1304,protein_coding,,Trichuris trichiura (PRJEB535),protein_coding,trtricprjeb535
TTRE1432,TTRE1432_t1,188,protein_coding,,Trichuris trichiura (PRJEB535),protein_coding,trtricprjeb535
TTRE600,TTRE600_t1,138,protein_coding,,Trichuris trichiura (PRJEB535),protein_coding,trtricprjeb535
TTRE10207,TTRE10207_t1,3932,protein_coding,,Trichuris trichiura (PRJEB535),protein_coding,trtricprjeb535
TTRE9928,TTRE9928_t1,959,protein_coding,,Trichuris trichiura (PRJEB535),protein_coding,trtricprjeb535
TTRE11190,TTRE11190_t1,4157,protein_coding,,Trichuris trichiura (PRJEB535),protein_coding,trtricprjeb535
TTRE3119,TTRE3119_t2,408,protein_coding,,Trichuris trichiura (PRJEB535),protein_coding,trtricprjeb535
TTRE6831,TTRE6831_t1,277,protein_coding,,Trichuris trichiura (PRJEB535),protein_coding,trtricprjeb535
TTRE11287,TTRE11287_t1,980,protein_coding,Tau tubulin kinase 1  [Source:UniProtKB/TrEMBL;Acc:A0A077YWN8],Trichuris trichiura (PRJEB535),protein_coding,trtricprjeb535
TTRE10962,TTRE10962_t1,475,protein_coding,,Trichuris trichiura (PRJEB535),protein_coding,trtricprjeb535
TTRE10764,TTRE10764_t1,620,protein_coding,,Trichuris trichiura (PRJEB535),protein_coding,trtricprjeb535
TTRE9349,TTRE9349_t1,290,protein_coding,,Trichuris trichiura (PRJEB535),protein_coding,trtricprjeb535
TTRE9864,TTRE9864_t1,985,protein_coding,G_PROTEIN_RECEP_F1_2 domain-containing protein  [Source:UniProtKB/TrEMBL;Acc:A0A077Z3M5],Trichuris trichiura (PRJEB535),protein_coding,trtricprjeb535
TTRE6873,TTRE6873_t1,287,protein_coding,,Trichuris trichiura (PRJEB535),protein_coding,trtricprjeb535
TTRE738,TTRE738_t1,179,protein_coding,Charged multivesicular body protein 2a  [Source:UniProtKB/TrEMBL;Acc:A0A077Z572],Trichuris trichiura (PRJEB535),protein_coding,trtricprjeb535
TTRE8950,TTRE8950_t1,171,protein_coding,,Trichuris trichiura (PRJEB535),protein_coding,trtricprjeb535
TTRE4512,TTRE4512_t1,220,protein_coding,60S ribosomal protein L7a  [Source:UniProtKB/TrEMBL;Acc:A0A077ZGS0],Trichuris trichiura (PRJEB535),protein_coding,trtricprjeb535
TTRE7480,TTRE7480_t1,696,protein_coding,,Trichuris trichiura (PRJEB535),protein_coding,trtricprjeb535
TTRE2884,TTRE2884_t1,927,protein_coding,,Trichuris trichiura (PRJEB535),protein_coding,trtricprjeb535
TTRE673,TTRE673_t1,425,protein_coding,,Trichuris trichiura (PRJEB535),protein_coding,trtricprjeb535
TTRE11976,TTRE11976_t1,2099,protein_coding,PAZ and DUF1785 and Piwi domain containing protei n  [Source:UniProtKB/TrEMBL;Acc:A0A077ZLX5],Trichuris trichiura (PRJEB535),protein_coding,trtricprjeb535
TTRE1210,TTRE1210_t1,282,protein_coding,COP9 signalosome complex subunit 8  [Source:UniProtKB/TrEMBL;Acc:A0A077Z7K7],Trichuris trichiura (PRJEB535),protein_coding,trtricprjeb535
TTRE3176,TTRE3176_t1,188,protein_coding,,Trichuris trichiura (PRJEB535),protein_coding,trtricprjeb535
TTRE5638,TTRE5638_t1,251,protein_coding,,Trichuris trichiura (PRJEB535),protein_coding,trtricprjeb535
TTRE4907,TTRE4907_t1,188,protein_coding,,Trichuris trichiura (PRJEB535),protein_coding,trtricprjeb535
TTRE177,TTRE177_t1,177,protein_coding,Transcription initiation factor IIB  [Source:UniProtKB/TrEMBL;Acc:A0A077Z9E2],Trichuris trichiura (PRJEB535),protein_coding,trtricprjeb535
TTRE1927,TTRE1927_t1,139,protein_coding,,Trichuris trichiura (PRJEB535),protein_coding,trtricprjeb535
TTRE8475,TTRE8475_t1,335,protein_coding,WD repeat containing protein 51A  [Source:UniProtKB/TrEMBL;Acc:A0A077YVU5],Trichuris trichiura (PRJEB535),protein_coding,trtricprjeb535
TTRE7359,TTRE7359_t1,344,protein_coding,,Trichuris trichiura (PRJEB535),protein_coding,trtricprjeb535
TTRE8598,TTRE8598_t1,216,protein_coding,,Trichuris trichiura (PRJEB535),protein_coding,trtricprjeb535
TTRE12336,TTRE12336_t1,245,protein_coding,Ribos L4 asso C and Ribosomal L4 domain containin g protein  [Source:UniProtKB/TrEMBL;Acc:A0A077Z5S6],Trichuris trichiura (PRJEB535),protein_coding,trtricprjeb535
TTRE8698,TTRE8698_t1,290,protein_coding,,Trichuris trichiura (PRJEB535),protein_coding,trtricprjeb535
TTRE8313,TTRE8313_t1,175,protein_coding,,Trichuris trichiura (PRJEB535),protein_coding,trtricprjeb535
TTRE6063,TTRE6063_t1,827,protein_coding,,Trichuris trichiura (PRJEB535),protein_coding,trtricprjeb535
TTRE9849,TTRE9849_t1,566,protein_coding,,Trichuris trichiura (PRJEB535),protein_coding,trtricprjeb535
TTRE639,TTRE639_t1,480,protein_coding,,Trichuris trichiura (PRJEB535),protein_coding,trtricprjeb535
TTRE11329,TTRE11329_t1,647,protein_coding,Globin family protein  [Source:UniProtKB/TrEMBL;Acc:A0A077ZC87],Trichuris trichiura (PRJEB535),protein_coding,trtricprjeb535
TTRE4900,TTRE4900_t1,370,protein_coding,Zgc:  [Source:UniProtKB/TrEMBL;Acc:A0A077Z8J4],Trichuris trichiura (PRJEB535),protein_coding,trtricprjeb535
TTRE113,TTRE113_t1,192,protein_coding,,Trichuris trichiura (PRJEB535),protein_coding,trtricprjeb535
TTRE11381,TTRE11381_t1,197,protein_coding,,Trichuris trichiura (PRJEB535),protein_coding,trtricprjeb535
TTRE12405,TTRE12405_t1,1790,protein_coding,,Trichuris trichiura (PRJEB535),protein_coding,trtricprjeb535
TTRE783,TTRE783_t1,518,protein_coding,WH1 domain containing protein  [Source:UniProtKB/TrEMBL;Acc:A0A077Z9D9],Trichuris trichiura (PRJEB535),protein_coding,trtricprjeb535
TTRE4391,TTRE4391_t1,303,protein_coding,,Trichuris trichiura (PRJEB535),protein_coding,trtricprjeb535
TTRE5757,TTRE5757_t1,220,protein_coding,,Trichuris trichiura (PRJEB535),protein_coding,trtricprjeb535
TTRE6260,TTRE6260_t1,146,protein_coding,,Trichuris trichiura (PRJEB535),protein_coding,trtricprjeb535
TTRE6473,TTRE6473_t1,129,protein_coding,,Trichuris trichiura (PRJEB535),protein_coding,trtricprjeb535
TTRE10171,TTRE10171_t1,974,protein_coding,,Trichuris trichiura (PRJEB535),protein_coding,trtricprjeb535
TTRE7692,TTRE7692_t1,377,protein_coding,,Trichuris trichiura (PRJEB535),protein_coding,trtricprjeb535
TTRE9559,TTRE9559_t1,311,protein_coding,,Trichuris trichiura (PRJEB535),protein_coding,trtricprjeb535
TTRE4646,TTRE4646_t1,162,protein_coding,,Trichuris trichiura (PRJEB535),protein_coding,trtricprjeb535
TTRE9440,TTRE9440_t1,404,protein_coding,,Trichuris trichiura (PRJEB535),protein_coding,trtricprjeb535
TTRE10683,TTRE10683_t1,355,protein_coding,,Trichuris trichiura (PRJEB535),protein_coding,trtricprjeb535
TTRE5799,TTRE5799_t1,276,protein_coding,RNA helicase  [Source:UniProtKB/TrEMBL;Acc:A0A077YVA1],Trichuris trichiura (PRJEB535),protein_coding,trtricprjeb535
TTRE8618,TTRE8618_t1,206,protein_coding,Transcriptional activator protein Pur alpha  [Source:UniProtKB/TrEMBL;Acc:A0A077Z9C0],Trichuris trichiura (PRJEB535),protein_coding,trtricprjeb535
TTRE7718,TTRE7718_t1,491,protein_coding,,Trichuris trichiura (PRJEB535),protein_coding,trtricprjeb535
TTRE972,TTRE972_t1,344,protein_coding,,Trichuris trichiura (PRJEB535),protein_coding,trtricprjeb535
TTRE3761,TTRE3761_t1,241,protein_coding,,Trichuris trichiura (PRJEB535),protein_coding,trtricprjeb535
TTRE11347,TTRE11347_t1,187,protein_coding,,Trichuris trichiura (PRJEB535),protein_coding,trtricprjeb535
TTRE4340,TTRE4340_t1,345,protein_coding,Holocytochrome c-type synthase  [Source:UniProtKB/TrEMBL;Acc:A0A077Z2A2],Trichuris trichiura (PRJEB535),protein_coding,trtricprjeb535
TTRE11168,TTRE11168_t1,662,protein_coding,,Trichuris trichiura (PRJEB535),protein_coding,trtricprjeb535
TTRE8463,TTRE8463_t1,227,protein_coding,Thioredoxin domain containing protein  [Source:UniProtKB/TrEMBL;Acc:A0A077YWL3],Trichuris trichiura (PRJEB535),protein_coding,trtricprjeb535
TTRE5978,TTRE5978_t1,1064,protein_coding,,Trichuris trichiura (PRJEB535),protein_coding,trtricprjeb535
TTRE4038,TTRE4038_t1,386,protein_coding,,Trichuris trichiura (PRJEB535),protein_coding,trtricprjeb535
TTRE6180,TTRE6180_t1,1011,protein_coding,,Trichuris trichiura (PRJEB535),protein_coding,trtricprjeb535
TTRE9105,TTRE9105_t1,169,protein_coding,,Trichuris trichiura (PRJEB535),protein_coding,trtricprjeb535
TTRE10856,TTRE10856_t1,255,protein_coding,,Trichuris trichiura (PRJEB535),protein_coding,trtricprjeb535
TTRE6235,TTRE6235_t1,1616,protein_coding,Kinetochore protein NDC80  [Source:UniProtKB/TrEMBL;Acc:A0A077Z7F3],Trichuris trichiura (PRJEB535),protein_coding,trtricprjeb535
TTRE1534,TTRE1534_t1,305,protein_coding,,Trichuris trichiura (PRJEB535),protein_coding,trtricprjeb535
TTRE10778,TTRE10778_t1,485,protein_coding,,Trichuris trichiura (PRJEB535),protein_coding,trtricprjeb535
TTRE2893,TTRE2893_t1,187,protein_coding,,Trichuris trichiura (PRJEB535),protein_coding,trtricprjeb535
TTRE6296,TTRE6296_t1,164,protein_coding,Transmembrane protein 17  [Source:UniProtKB/TrEMBL;Acc:A0A077ZFC9],Trichuris trichiura (PRJEB535),protein_coding,trtricprjeb535
TTRE11952,TTRE11952_t1,944,protein_coding,,Trichuris trichiura (PRJEB535),protein_coding,trtricprjeb535
TTRE7015,TTRE7015_t1,1047,protein_coding,,Trichuris trichiura (PRJEB535),protein_coding,trtricprjeb535
TTRE8265,TTRE8265_t1,383,protein_coding,,Trichuris trichiura (PRJEB535),protein_coding,trtricprjeb535
TTRE4993,TTRE4993_t1,604,protein_coding,,Trichuris trichiura (PRJEB535),protein_coding,trtricprjeb535
TTRE7335,TTRE7335_t1,248,protein_coding,MAP65 ASE1 domain containing protein  [Source:UniProtKB/TrEMBL;Acc:A0A077ZL06],Trichuris trichiura (PRJEB535),protein_coding,trtricprjeb535
TTRE7033,TTRE7033_t1,1736,protein_coding,,Trichuris trichiura (PRJEB535),protein_coding,trtricprjeb535
TTRE1919,TTRE1919_t1,184,protein_coding,,Trichuris trichiura (PRJEB535),protein_coding,trtricprjeb535
TTRE7108,TTRE7108_t1,474,protein_coding,,Trichuris trichiura (PRJEB535),protein_coding,trtricprjeb535
TTRE6394,TTRE6394_t1,1223,protein_coding,3' exoribonuclease  [Source:UniProtKB/TrEMBL;Acc:A0A077ZB13],Trichuris trichiura (PRJEB535),protein_coding,trtricprjeb535
TTRE6518,TTRE6518_t1,740,protein_coding,,Trichuris trichiura (PRJEB535),protein_coding,trtricprjeb535
TTRE10414,TTRE10414_t1,743,protein_coding,,Trichuris trichiura (PRJEB535),protein_coding,trtricprjeb535
TTRE870,TTRE870_t1,247,protein_coding,,Trichuris trichiura (PRJEB535),protein_coding,trtricprjeb535
TTRE826,TTRE826_t1,133,protein_coding,,Trichuris trichiura (PRJEB535),protein_coding,trtricprjeb535
TTRE7263,TTRE7263_t1,329,protein_coding,,Trichuris trichiura (PRJEB535),protein_coding,trtricprjeb535
TTRE392,TTRE392_t1,663,protein_coding,Programmed cell death protein 10  [Source:UniProtKB/TrEMBL;Acc:A0A077ZA84],Trichuris trichiura (PRJEB535),protein_coding,trtricprjeb535
TTRE5896,TTRE5896_t1,410,protein_coding,,Trichuris trichiura (PRJEB535),protein_coding,trtricprjeb535
TTRE7342,TTRE7342_t1,287,protein_coding,,Trichuris trichiura (PRJEB535),protein_coding,trtricprjeb535
TTRE2296,TTRE2296_t1,227,protein_coding,,Trichuris trichiura (PRJEB535),protein_coding,trtricprjeb535
TTRE11216,TTRE11216_t1,144,protein_coding,,Trichuris trichiura (PRJEB535),protein_coding,trtricprjeb535
TTRE98,TTRE98_t1,1395,protein_coding,Sodium:calcium exchanger 3  [Source:UniProtKB/TrEMBL;Acc:A0A077Z2Y7],Trichuris trichiura (PRJEB535),protein_coding,trtricprjeb535
TTRE4142,TTRE4142_t1,526,protein_coding,,Trichuris trichiura (PRJEB535),protein_coding,trtricprjeb535
TTRE9096,TTRE9096_t1,111,protein_coding,,Trichuris trichiura (PRJEB535),protein_coding,trtricprjeb535
TTRE2869,TTRE2869_t1,220,protein_coding,,Trichuris trichiura (PRJEB535),protein_coding,trtricprjeb535
TTRE2628,TTRE2628_t1,338,protein_coding,Isochorismatase domain containing protein  [Source:UniProtKB/TrEMBL;Acc:A0A077Z505],Trichuris trichiura (PRJEB535),protein_coding,trtricprjeb535
TTRE12246,TTRE12246_t1,554,protein_coding,,Trichuris trichiura (PRJEB535),protein_coding,trtricprjeb535
TTRE363,TTRE363_t1,165,protein_coding,,Trichuris trichiura (PRJEB535),protein_coding,trtricprjeb535
TTRE11301,TTRE11301_t1,157,protein_coding,Spermidine synthase  [Source:UniProtKB/TrEMBL;Acc:A0A077Z3L8],Trichuris trichiura (PRJEB535),protein_coding,trtricprjeb535
TTRE10034,TTRE10034_t1,4036,protein_coding,,Trichuris trichiura (PRJEB535),protein_coding,trtricprjeb535
TTRE1309,TTRE1309_t1,155,protein_coding,,Trichuris trichiura (PRJEB535),protein_coding,trtricprjeb535
TTRE11991,TTRE11991_t1,344,protein_coding,Cactin  [Source:UniProtKB/TrEMBL;Acc:A0A077Z802],Trichuris trichiura (PRJEB535),protein_coding,trtricprjeb535
TTRE756,TTRE756_t1,283,protein_coding,,Trichuris trichiura (PRJEB535),protein_coding,trtricprjeb535
TTRE2377,TTRE2377_t1,281,protein_coding,40S ribosomal protein S2  [Source:UniProtKB/TrEMBL;Acc:A0A077YZL2],Trichuris trichiura (PRJEB535),protein_coding,trtricprjeb535
TTRE4841,TTRE4841_t1,176,protein_coding,,Trichuris trichiura (PRJEB535),protein_coding,trtricprjeb535
TTRE1601,TTRE1601_t1,435,protein_coding,,Trichuris trichiura (PRJEB535),protein_coding,trtricprjeb535
TTRE5013,TTRE5013_t1,174,protein_coding,,Trichuris trichiura (PRJEB535),protein_coding,trtricprjeb535
TTRE11532,TTRE11532_t1,1130,protein_coding,,Trichuris trichiura (PRJEB535),protein_coding,trtricprjeb535
TTRE332,TTRE332_t1,620,protein_coding,Paired amphipathic helix protein Sin3a  [Source:UniProtKB/TrEMBL;Acc:A0A077YY81],Trichuris trichiura (PRJEB535),protein_coding,trtricprjeb535
TTRE6263,TTRE6263_t1,181,protein_coding,,Trichuris trichiura (PRJEB535),protein_coding,trtricprjeb535
TTRE7362,TTRE7362_t1,151,protein_coding,,Trichuris trichiura (PRJEB535),protein_coding,trtricprjeb535
TTRE3279,TTRE3279_t1,809,protein_coding,,Trichuris trichiura (PRJEB535),protein_coding,trtricprjeb535
TTRE5649,TTRE5649_t1,163,protein_coding,,Trichuris trichiura (PRJEB535),protein_coding,trtricprjeb535
TTRE12261,TTRE12261_t1,1577,protein_coding,MBOAT domain containing protein  [Source:UniProtKB/TrEMBL;Acc:A0A077Z2Q2],Trichuris trichiura (PRJEB535),protein_coding,trtricprjeb535
TTRE1097,TTRE1097_t1,488,protein_coding,Ubiquitin-fold modifier-conjugating enzyme 1  [Source:UniProtKB/TrEMBL;Acc:A0A077Z574],Trichuris trichiura (PRJEB535),protein_coding,trtricprjeb535
TTRE10594,TTRE10594_t1,1295,protein_coding,,Trichuris trichiura (PRJEB535),protein_coding,trtricprjeb535
TTRE8487,TTRE8487_t1,296,protein_coding,,Trichuris trichiura (PRJEB535),protein_coding,trtricprjeb535
TTRE4834,TTRE4834_t1,1835,protein_coding,Fibropellin-1  [Source:UniProtKB/TrEMBL;Acc:A0A077Z5I8],Trichuris trichiura (PRJEB535),protein_coding,trtricprjeb535
TTRE5258,TTRE5258_t1,1246,protein_coding,,Trichuris trichiura (PRJEB535),protein_coding,trtricprjeb535
TTRE7222,TTRE7222_t1,914,protein_coding,,Trichuris trichiura (PRJEB535),protein_coding,trtricprjeb535
TTRE8037,TTRE8037_t1,665,protein_coding,pyridoxal 5'-phosphate synthase  [Source:UniProtKB/TrEMBL;Acc:A0A077ZLD2],Trichuris trichiura (PRJEB535),protein_coding,trtricprjeb535
TTRE5452,TTRE5452_t1,178,protein_coding,"phosphoglycerate mutase (2,3-diphosphoglycerate-independent)  [Source:UniProtKB/TrEMBL;Acc:A0A077ZDB4]",Trichuris trichiura (PRJEB535),protein_coding,trtricprjeb535
TTRE3872,TTRE3872_t2,314,protein_coding,,Trichuris trichiura (PRJEB535),protein_coding,trtricprjeb535
TTRE2074,TTRE2074_t2,380,protein_coding,,Trichuris trichiura (PRJEB535),protein_coding,trtricprjeb535
TTRE7004,TTRE7004_t1,278,protein_coding,,Trichuris trichiura (PRJEB535),protein_coding,trtricprjeb535
TTRE7757,TTRE7757_t1,146,protein_coding,Barrier to autointegration factor  [Source:UniProtKB/TrEMBL;Acc:A0A077ZD69],Trichuris trichiura (PRJEB535),protein_coding,trtricprjeb535
TTRE11115,TTRE11115_t1,840,protein_coding,,Trichuris trichiura (PRJEB535),protein_coding,trtricprjeb535
TTRE12165,TTRE12165_t1,806,protein_coding,,Trichuris trichiura (PRJEB535),protein_coding,trtricprjeb535
TTRE11501,TTRE11501_t1,212,protein_coding,,Trichuris trichiura (PRJEB535),protein_coding,trtricprjeb535
TTRE336,TTRE336_t1,305,protein_coding,,Trichuris trichiura (PRJEB535),protein_coding,trtricprjeb535
TTRE2539,TTRE2539_t1,2073,protein_coding,,Trichuris trichiura (PRJEB535),protein_coding,trtricprjeb535
TTRE3625,TTRE3625_t1,188,protein_coding,,Trichuris trichiura (PRJEB535),protein_coding,trtricprjeb535
TTRE4687,TTRE4687_t1,603,protein_coding,,Trichuris trichiura (PRJEB535),protein_coding,trtricprjeb535
TTRE12311,TTRE12311_t1,1595,protein_coding,,Trichuris trichiura (PRJEB535),protein_coding,trtricprjeb535
TTRE10012,TTRE10012_t1,258,protein_coding,,Trichuris trichiura (PRJEB535),protein_coding,trtricprjeb535
TTRE7178,TTRE7178_t1,512,protein_coding,,Trichuris trichiura (PRJEB535),protein_coding,trtricprjeb535
TTRE1799,TTRE1799_t1,294,protein_coding,DNA ligase  [Source:UniProtKB/TrEMBL;Acc:A0A077YXY2],Trichuris trichiura (PRJEB535),protein_coding,trtricprjeb535
TTRE10159,TTRE10159_t1,1649,protein_coding,,Trichuris trichiura (PRJEB535),protein_coding,trtricprjeb535
TTRE10853,TTRE10853_t1,247,protein_coding,,Trichuris trichiura (PRJEB535),protein_coding,trtricprjeb535
TTRE916,TTRE916_t1,361,protein_coding,,Trichuris trichiura (PRJEB535),protein_coding,trtricprjeb535
TTRE7203,TTRE7203_t1,556,protein_coding,Peptidase A2 domain-containing protein  [Source:UniProtKB/TrEMBL;Acc:A0A077ZJW6],Trichuris trichiura (PRJEB535),protein_coding,trtricprjeb535
TTRE4861,TTRE4861_t1,287,protein_coding,HMG box domain containing protein  [Source:UniProtKB/TrEMBL;Acc:A0A077ZM54],Trichuris trichiura (PRJEB535),protein_coding,trtricprjeb535
TTRE4949,TTRE4949_t1,302,protein_coding,,Trichuris trichiura (PRJEB535),protein_coding,trtricprjeb535
TTRE1152,TTRE1152_t1,184,protein_coding,,Trichuris trichiura (PRJEB535),protein_coding,trtricprjeb535
TTRE8067,TTRE8067_t1,275,protein_coding,Probable 39S ribosomal protein L45  [Source:UniProtKB/TrEMBL;Acc:A0A077Z713],Trichuris trichiura (PRJEB535),protein_coding,trtricprjeb535
TTRE7980,TTRE7980_t1,142,protein_coding,,Trichuris trichiura (PRJEB535),protein_coding,trtricprjeb535
TTRE12590,TTRE12590_t1,4796,protein_coding,,Trichuris trichiura (PRJEB535),protein_coding,trtricprjeb535
TTRE4049,TTRE4049_t1,1223,protein_coding,26S protease regulatory subunit S10B  [Source:UniProtKB/TrEMBL;Acc:A0A077ZIH1],Trichuris trichiura (PRJEB535),protein_coding,trtricprjeb535
TTRE780,TTRE780_t1,293,protein_coding,,Trichuris trichiura (PRJEB535),protein_coding,trtricprjeb535
TTRE10802,TTRE10802_t1,236,protein_coding,PBPb domain-containing protein  [Source:UniProtKB/TrEMBL;Acc:A0A077Z4T6],Trichuris trichiura (PRJEB535),protein_coding,trtricprjeb535
TTRE6925,TTRE6925_t1,176,protein_coding,60S ribosomal protein L23a  [Source:UniProtKB/TrEMBL;Acc:A0A077ZHL7],Trichuris trichiura (PRJEB535),protein_coding,trtricprjeb535
TTRE11730,TTRE11730_t1,112,protein_coding,,Trichuris trichiura (PRJEB535),protein_coding,trtricprjeb535
TTRE8813,TTRE8813_t1,509,protein_coding,,Trichuris trichiura (PRJEB535),protein_coding,trtricprjeb535
TTRE2931,TTRE2931_t1,254,protein_coding,,Trichuris trichiura (PRJEB535),protein_coding,trtricprjeb535
TTRE2958,TTRE2958_t1,974,protein_coding,,Trichuris trichiura (PRJEB535),protein_coding,trtricprjeb535
TTRE8418,TTRE8418_t1,1215,protein_coding,Cyclic nucleotide gated cation channel  [Source:UniProtKB/TrEMBL;Acc:A0A077YY14],Trichuris trichiura (PRJEB535),protein_coding,trtricprjeb535
TTRE7971,TTRE7971_t1,335,protein_coding,,Trichuris trichiura (PRJEB535),protein_coding,trtricprjeb535
TTRE11777,TTRE11777_t1,641,protein_coding,Enhancer of split mgamma protein  [Source:UniProtKB/TrEMBL;Acc:A0A077ZAY0],Trichuris trichiura (PRJEB535),protein_coding,trtricprjeb535
TTRE1530,TTRE1530_t1,150,protein_coding,SnoaL-like domain-containing protein  [Source:UniProtKB/TrEMBL;Acc:A0A077YVT6],Trichuris trichiura (PRJEB535),protein_coding,trtricprjeb535
TTRE3325,TTRE3325_t1,131,protein_coding,,Trichuris trichiura (PRJEB535),protein_coding,trtricprjeb535
TTRE179,TTRE179_t1,463,protein_coding,,Trichuris trichiura (PRJEB535),protein_coding,trtricprjeb535
TTRE2062,TTRE2062_t1,417,protein_coding,,Trichuris trichiura (PRJEB535),protein_coding,trtricprjeb535
TTRE3587,TTRE3587_t1,456,protein_coding,Non-specific serine/threonine protein kinase  [Source:UniProtKB/TrEMBL;Acc:A0A077ZH73],Trichuris trichiura (PRJEB535),protein_coding,trtricprjeb535
TTRE10149,TTRE10149_t1,494,protein_coding,,Trichuris trichiura (PRJEB535),protein_coding,trtricprjeb535
TTRE2302,TTRE2302_t1,732,protein_coding,,Trichuris trichiura (PRJEB535),protein_coding,trtricprjeb535
TTRE11632,TTRE11632_t1,173,protein_coding,,Trichuris trichiura (PRJEB535),protein_coding,trtricprjeb535
TTRE7325,TTRE7325_t1,326,protein_coding,,Trichuris trichiura (PRJEB535),protein_coding,trtricprjeb535
TTRE4106,TTRE4106_t1,207,protein_coding,,Trichuris trichiura (PRJEB535),protein_coding,trtricprjeb535
TTRE12129,TTRE12129_t1,329,protein_coding,,Trichuris trichiura (PRJEB535),protein_coding,trtricprjeb535
TTRE7469,TTRE7469_t1,665,protein_coding,,Trichuris trichiura (PRJEB535),protein_coding,trtricprjeb535
TTRE5659,TTRE5659_t1,277,protein_coding,,Trichuris trichiura (PRJEB535),protein_coding,trtricprjeb535
TTRE11185,TTRE11185_t1,689,protein_coding,,Trichuris trichiura (PRJEB535),protein_coding,trtricprjeb535
TTRE3036,TTRE3036_t1,273,protein_coding,,Trichuris trichiura (PRJEB535),protein_coding,trtricprjeb535
TTRE9975,TTRE9975_t1,174,protein_coding,,Trichuris trichiura (PRJEB535),protein_coding,trtricprjeb535
TTRE1340,TTRE1340_t1,761,protein_coding,,Trichuris trichiura (PRJEB535),protein_coding,trtricprjeb535
TTRE7344,TTRE7344_t1,1916,protein_coding,,Trichuris trichiura (PRJEB535),protein_coding,trtricprjeb535
TTRE2581,TTRE2581_t1,215,protein_coding,,Trichuris trichiura (PRJEB535),protein_coding,trtricprjeb535
TTRE400,TTRE400_t1,1359,protein_coding,Potassium voltage gated channel protein Shaker  [Source:UniProtKB/TrEMBL;Acc:A0A077Z4J1],Trichuris trichiura (PRJEB535),protein_coding,trtricprjeb535
TTRE118,TTRE118_t1,274,protein_coding,,Trichuris trichiura (PRJEB535),protein_coding,trtricprjeb535
TTRE5848,TTRE5848_t1,692,protein_coding,Integrase catalytic domain-containing protein  [Source:UniProtKB/TrEMBL;Acc:A0A077ZKT7],Trichuris trichiura (PRJEB535),protein_coding,trtricprjeb535
TTRE2457,TTRE2457_t1,311,protein_coding,Luciferase  [Source:UniProtKB/TrEMBL;Acc:A0A077ZCS7],Trichuris trichiura (PRJEB535),protein_coding,trtricprjeb535
TTRE10397,TTRE10397_t1,567,protein_coding,,Trichuris trichiura (PRJEB535),protein_coding,trtricprjeb535
TTRE1472,TTRE1472_t1,522,protein_coding,N acetylgalactosamine kinase  [Source:UniProtKB/TrEMBL;Acc:A0A077Z2Q8],Trichuris trichiura (PRJEB535),protein_coding,trtricprjeb535
TTRE7781,TTRE7781_t1,206,protein_coding,"3-hydroxyisobutyryl-CoA hydrolase, mitochondrial  [Source:UniProtKB/TrEMBL;Acc:A0A077ZB61]",Trichuris trichiura (PRJEB535),protein_coding,trtricprjeb535
TTRE1700,TTRE1700_t1,364,protein_coding,,Trichuris trichiura (PRJEB535),protein_coding,trtricprjeb535
TTRE5225,TTRE5225_t1,1119,protein_coding,,Trichuris trichiura (PRJEB535),protein_coding,trtricprjeb535
TTRE1243,TTRE1243_t1,583,protein_coding,,Trichuris trichiura (PRJEB535),protein_coding,trtricprjeb535
TTRE9690,TTRE9690_t1,308,protein_coding,,Trichuris trichiura (PRJEB535),protein_coding,trtricprjeb535
TTRE3356,TTRE3356_t1,95,protein_coding,,Trichuris trichiura (PRJEB535),protein_coding,trtricprjeb535
TTRE8941,TTRE8941_t1,1000,protein_coding,,Trichuris trichiura (PRJEB535),protein_coding,trtricprjeb535
TTRE10337,TTRE10337_t1,287,protein_coding,,Trichuris trichiura (PRJEB535),protein_coding,trtricprjeb535
TTRE6171,TTRE6171_t1,647,protein_coding,,Trichuris trichiura (PRJEB535),protein_coding,trtricprjeb535
TTRE12288,TTRE12288_t1,326,protein_coding,,Trichuris trichiura (PRJEB535),protein_coding,trtricprjeb535
TTRE5980,TTRE5980_t1,107,protein_coding,,Trichuris trichiura (PRJEB535),protein_coding,trtricprjeb535
TTRE9150,TTRE9150_t1,1553,protein_coding,MFS 1 domain containing protein  [Source:UniProtKB/TrEMBL;Acc:A0A077YXI8],Trichuris trichiura (PRJEB535),protein_coding,trtricprjeb535
TTRE4446,TTRE4446_t1,394,protein_coding,HUWE1-associated protein modifying stress responses  [Source:UniProtKB/TrEMBL;Acc:A0A077YV69],Trichuris trichiura (PRJEB535),protein_coding,trtricprjeb535
TTRE11965,TTRE11965_t1,280,protein_coding,,Trichuris trichiura (PRJEB535),protein_coding,trtricprjeb535
TTRE10352,TTRE10352_t1,344,protein_coding,,Trichuris trichiura (PRJEB535),protein_coding,trtricprjeb535
TTRE4643,TTRE4643_t1,322,protein_coding,,Trichuris trichiura (PRJEB535),protein_coding,trtricprjeb535
TTRE6148,TTRE6148_t1,1241,protein_coding,Fucosyltransferase  [Source:UniProtKB/TrEMBL;Acc:A0A077ZAL2],Trichuris trichiura (PRJEB535),protein_coding,trtricprjeb535
TTRE2253,TTRE2253_t1,296,protein_coding,,Trichuris trichiura (PRJEB535),protein_coding,trtricprjeb535
TTRE4902,TTRE4902_t1,175,protein_coding,Ldl recept a domain containing protein  [Source:UniProtKB/TrEMBL;Acc:A0A077Z2D1],Trichuris trichiura (PRJEB535),protein_coding,trtricprjeb535
TTRE5034,TTRE5034_t1,839,protein_coding,,Trichuris trichiura (PRJEB535),protein_coding,trtricprjeb535
TTRE10464,TTRE10464_t1,392,protein_coding,,Trichuris trichiura (PRJEB535),protein_coding,trtricprjeb535
TTRE11439,TTRE11439_t1,856,protein_coding,Selenocysteine specific elongation factor  [Source:UniProtKB/TrEMBL;Acc:A0A077ZFB9],Trichuris trichiura (PRJEB535),protein_coding,trtricprjeb535
TTRE2655,TTRE2655_t1,384,protein_coding,SNARE domain containing protein  [Source:UniProtKB/TrEMBL;Acc:A0A077ZBU9],Trichuris trichiura (PRJEB535),protein_coding,trtricprjeb535
TTRE12335,TTRE12335_t1,325,protein_coding,,Trichuris trichiura (PRJEB535),protein_coding,trtricprjeb535
TTRE9435,TTRE9435_t1,479,protein_coding,,Trichuris trichiura (PRJEB535),protein_coding,trtricprjeb535
TTRE1296,TTRE1296_t1,323,protein_coding,,Trichuris trichiura (PRJEB535),protein_coding,trtricprjeb535
TTRE6818,TTRE6818_t1,377,protein_coding,,Trichuris trichiura (PRJEB535),protein_coding,trtricprjeb535
TTRE9043,TTRE9043_t1,265,protein_coding,,Trichuris trichiura (PRJEB535),protein_coding,trtricprjeb535
TTRE11377,TTRE11377_t1,1408,protein_coding,,Trichuris trichiura (PRJEB535),protein_coding,trtricprjeb535
TTRE4081,TTRE4081_t1,578,protein_coding,,Trichuris trichiura (PRJEB535),protein_coding,trtricprjeb535
TTRE836,TTRE836_t1,258,protein_coding,V-type proton ATPase subunit  [Source:UniProtKB/TrEMBL;Acc:A0A077YZI0],Trichuris trichiura (PRJEB535),protein_coding,trtricprjeb535
TTRE9972,TTRE9972_t1,563,protein_coding,Hint module family protein  [Source:UniProtKB/TrEMBL;Acc:A0A077Z208],Trichuris trichiura (PRJEB535),protein_coding,trtricprjeb535
TTRE11601,TTRE11601_t1,171,protein_coding,,Trichuris trichiura (PRJEB535),protein_coding,trtricprjeb535
TTRE10496,TTRE10496_t1,150,protein_coding,,Trichuris trichiura (PRJEB535),protein_coding,trtricprjeb535
TTRE10227,TTRE10227_t1,383,protein_coding,,Trichuris trichiura (PRJEB535),protein_coding,trtricprjeb535
TTRE9176,TTRE9176_t1,518,protein_coding,,Trichuris trichiura (PRJEB535),protein_coding,trtricprjeb535
TTRE11084,TTRE11084_t1,806,protein_coding,,Trichuris trichiura (PRJEB535),protein_coding,trtricprjeb535
TTRE1364,TTRE1364_t1,257,protein_coding,,Trichuris trichiura (PRJEB535),protein_coding,trtricprjeb535
TTRE6115,TTRE6115_t1,389,protein_coding,Ragulator complex protein LAMTOR3  [Source:UniProtKB/TrEMBL;Acc:A0A077ZCM6],Trichuris trichiura (PRJEB535),protein_coding,trtricprjeb535
TTRE8543,TTRE8543_t1,612,protein_coding,Prostaglandin E synthase 2  [Source:UniProtKB/TrEMBL;Acc:A0A077Z1W4],Trichuris trichiura (PRJEB535),protein_coding,trtricprjeb535
TTRE4768,TTRE4768_t1,1989,protein_coding,,Trichuris trichiura (PRJEB535),protein_coding,trtricprjeb535
TTRE8696,TTRE8696_t1,620,protein_coding,"28S ribosomal protein S34, mitochondrial  [Source:UniProtKB/TrEMBL;Acc:A0A077Z7I8]",Trichuris trichiura (PRJEB535),protein_coding,trtricprjeb535
TTRE10523,TTRE10523_t1,374,protein_coding,,Trichuris trichiura (PRJEB535),protein_coding,trtricprjeb535
TTRE9065,TTRE9065_t1,515,protein_coding,,Trichuris trichiura (PRJEB535),protein_coding,trtricprjeb535
TTRE9179,TTRE9179_t1,281,protein_coding,,Trichuris trichiura (PRJEB535),protein_coding,trtricprjeb535
TTRE11633,TTRE11633_t1,2016,protein_coding,,Trichuris trichiura (PRJEB535),protein_coding,trtricprjeb535
TTRE11652,TTRE11652_t1,395,protein_coding,,Trichuris trichiura (PRJEB535),protein_coding,trtricprjeb535
TTRE7072,TTRE7072_t1,287,protein_coding,,Trichuris trichiura (PRJEB535),protein_coding,trtricprjeb535
TTRE11932,TTRE11932_t1,263,protein_coding,,Trichuris trichiura (PRJEB535),protein_coding,trtricprjeb535
TTRE6726,TTRE6726_t1,347,protein_coding,,Trichuris trichiura (PRJEB535),protein_coding,trtricprjeb535
TTRE3053,TTRE3053_t1,149,protein_coding,Putative ribosome biogenesis protein NEP1  [Source:UniProtKB/TrEMBL;Acc:A0A077ZPQ5],Trichuris trichiura (PRJEB535),protein_coding,trtricprjeb535
TTRE2460,TTRE2460_t1,134,protein_coding,Small nuclear ribonucleoprotein Sm D2  [Source:UniProtKB/TrEMBL;Acc:A0A077YXR9],Trichuris trichiura (PRJEB535),protein_coding,trtricprjeb535
TTRE1012,TTRE1012_t1,174,protein_coding,,Trichuris trichiura (PRJEB535),protein_coding,trtricprjeb535
TTRE10712,TTRE10712_t1,3708,protein_coding,,Trichuris trichiura (PRJEB535),protein_coding,trtricprjeb535
TTRE3239,TTRE3239_t1,785,protein_coding,,Trichuris trichiura (PRJEB535),protein_coding,trtricprjeb535
TTRE8741,TTRE8741_t1,664,protein_coding,,Trichuris trichiura (PRJEB535),protein_coding,trtricprjeb535
TTRE809,TTRE809_t1,1001,protein_coding,,Trichuris trichiura (PRJEB535),protein_coding,trtricprjeb535
TTRE6486,TTRE6486_t1,611,protein_coding,Cytosolic Fe-S cluster assembly factor NUBP1 homolog  [Source:UniProtKB/TrEMBL;Acc:A0A077ZL27],Trichuris trichiura (PRJEB535),protein_coding,trtricprjeb535
TTRE11879,TTRE11879_t1,455,protein_coding,,Trichuris trichiura (PRJEB535),protein_coding,trtricprjeb535
TTRE10867,TTRE10867_t1,255,protein_coding,,Trichuris trichiura (PRJEB535),protein_coding,trtricprjeb535
TTRE2151,TTRE2151_t1,305,protein_coding,Serine  [Source:UniProtKB/TrEMBL;Acc:A0A077YXT6],Trichuris trichiura (PRJEB535),protein_coding,trtricprjeb535
TTRE8561,TTRE8561_t1,563,protein_coding,,Trichuris trichiura (PRJEB535),protein_coding,trtricprjeb535
TTRE5206,TTRE5206_t1,136,protein_coding,,Trichuris trichiura (PRJEB535),protein_coding,trtricprjeb535
TTRE11656,TTRE11656_t1,206,protein_coding,,Trichuris trichiura (PRJEB535),protein_coding,trtricprjeb535
TTRE2816,TTRE2816_t1,503,protein_coding,,Trichuris trichiura (PRJEB535),protein_coding,trtricprjeb535
TTRE3171,TTRE3171_t1,488,protein_coding,,Trichuris trichiura (PRJEB535),protein_coding,trtricprjeb535
TTRE9607,TTRE9607_t1,938,protein_coding,,Trichuris trichiura (PRJEB535),protein_coding,trtricprjeb535
TTRE4998,TTRE4998_t1,371,protein_coding,,Trichuris trichiura (PRJEB535),protein_coding,trtricprjeb535
TTRE3035,TTRE3035_t1,392,protein_coding,,Trichuris trichiura (PRJEB535),protein_coding,trtricprjeb535
TTRE10937,TTRE10937_t1,610,protein_coding,,Trichuris trichiura (PRJEB535),protein_coding,trtricprjeb535
TTRE7582,TTRE7582_t1,398,protein_coding,,Trichuris trichiura (PRJEB535),protein_coding,trtricprjeb535
TTRE9817,TTRE9817_t1,608,protein_coding,,Trichuris trichiura (PRJEB535),protein_coding,trtricprjeb535
TTRE11565,TTRE11565_t1,862,protein_coding,,Trichuris trichiura (PRJEB535),protein_coding,trtricprjeb535
TTRE12225,TTRE12225_t2,265,protein_coding,,Trichuris trichiura (PRJEB535),protein_coding,trtricprjeb535
TTRE4283,TTRE4283_t1,208,protein_coding,,Trichuris trichiura (PRJEB535),protein_coding,trtricprjeb535
TTRE12409,TTRE12409_t1,461,protein_coding,,Trichuris trichiura (PRJEB535),protein_coding,trtricprjeb535
TTRE8469,TTRE8469_t1,260,protein_coding,,Trichuris trichiura (PRJEB535),protein_coding,trtricprjeb535
TTRE11558,TTRE11558_t1,244,protein_coding,Deoxyribonuclease (DNase) II  [Source:UniProtKB/TrEMBL;Acc:A0A077YY50],Trichuris trichiura (PRJEB535),protein_coding,trtricprjeb535
TTRE3423,TTRE3423_t1,702,protein_coding,Methylmalonic aciduria type A protein  [Source:UniProtKB/TrEMBL;Acc:A0A077Z9N2],Trichuris trichiura (PRJEB535),protein_coding,trtricprjeb535
TTRE11070,TTRE11070_t1,401,protein_coding,,Trichuris trichiura (PRJEB535),protein_coding,trtricprjeb535
TTRE9319,TTRE9319_t1,260,protein_coding,,Trichuris trichiura (PRJEB535),protein_coding,trtricprjeb535
TTRE598,TTRE598_t1,100,protein_coding,,Trichuris trichiura (PRJEB535),protein_coding,trtricprjeb535
TTRE4229,TTRE4229_t1,372,protein_coding,ATP dependent Clp protease ATP binding subunit  [Source:UniProtKB/TrEMBL;Acc:A0A077ZE19],Trichuris trichiura (PRJEB535),protein_coding,trtricprjeb535
TTRE1079,TTRE1079_t1,158,protein_coding,Sorting nexin 12  [Source:UniProtKB/TrEMBL;Acc:A0A077ZFG2],Trichuris trichiura (PRJEB535),protein_coding,trtricprjeb535
TTRE349,TTRE349_t1,160,protein_coding,Vesicle-trafficking protein SEC22b  [Source:UniProtKB/TrEMBL;Acc:A0A077YYF6],Trichuris trichiura (PRJEB535),protein_coding,trtricprjeb535
TTRE601,TTRE601_t1,841,protein_coding,,Trichuris trichiura (PRJEB535),protein_coding,trtricprjeb535
TTRE3200,TTRE3200_t1,1108,protein_coding,Adenosine 3' phospho 5' phosphosulfate  [Source:UniProtKB/TrEMBL;Acc:A0A077ZB04],Trichuris trichiura (PRJEB535),protein_coding,trtricprjeb535
TTRE7105,TTRE7105_t1,477,protein_coding,,Trichuris trichiura (PRJEB535),protein_coding,trtricprjeb535
TTRE9701,TTRE9701_t1,200,protein_coding,,Trichuris trichiura (PRJEB535),protein_coding,trtricprjeb535
TTRE11737,TTRE11737_t1,311,protein_coding,,Trichuris trichiura (PRJEB535),protein_coding,trtricprjeb535
TTRE1255,TTRE1255_t1,313,protein_coding,Kinase  [Source:UniProtKB/TrEMBL;Acc:A0A077ZGE0],Trichuris trichiura (PRJEB535),protein_coding,trtricprjeb535
TTRE11328,TTRE11328_t1,142,protein_coding,,Trichuris trichiura (PRJEB535),protein_coding,trtricprjeb535
TTRE7778,TTRE7778_t1,773,protein_coding,,Trichuris trichiura (PRJEB535),protein_coding,trtricprjeb535
TTRE12567,TTRE12567_t1,614,protein_coding,,Trichuris trichiura (PRJEB535),protein_coding,trtricprjeb535
TTRE4914,TTRE4914_t1,254,protein_coding,"39S ribosomal protein L36, mitochondrial  [Source:UniProtKB/TrEMBL;Acc:A0A077Z6F2]",Trichuris trichiura (PRJEB535),protein_coding,trtricprjeb535
TTRE1780,TTRE1780_t1,158,protein_coding,,Trichuris trichiura (PRJEB535),protein_coding,trtricprjeb535
TTRE3474,TTRE3474_t1,458,protein_coding,Protein Wnt  [Source:UniProtKB/TrEMBL;Acc:A0A077Z4Z2],Trichuris trichiura (PRJEB535),protein_coding,trtricprjeb535
TTRE11172,TTRE11172_t1,995,protein_coding,,Trichuris trichiura (PRJEB535),protein_coding,trtricprjeb535
TTRE2687,TTRE2687_t1,781,protein_coding,Gamma-tubulin complex component  [Source:UniProtKB/TrEMBL;Acc:A0A077ZGJ8],Trichuris trichiura (PRJEB535),protein_coding,trtricprjeb535
TTRE9480,TTRE9480_t1,275,protein_coding,,Trichuris trichiura (PRJEB535),protein_coding,trtricprjeb535
TTRE794,TTRE794_t1,139,protein_coding,,Trichuris trichiura (PRJEB535),protein_coding,trtricprjeb535
TTRE5461,TTRE5461_t1,191,protein_coding,,Trichuris trichiura (PRJEB535),protein_coding,trtricprjeb535
TTRE9839,TTRE9839_t1,571,protein_coding,,Trichuris trichiura (PRJEB535),protein_coding,trtricprjeb535
TTRE5260,TTRE5260_t1,518,protein_coding,,Trichuris trichiura (PRJEB535),protein_coding,trtricprjeb535
TTRE5817,TTRE5817_t1,846,protein_coding,,Trichuris trichiura (PRJEB535),protein_coding,trtricprjeb535
TTRE12584,TTRE12584_t1,713,protein_coding,,Trichuris trichiura (PRJEB535),protein_coding,trtricprjeb535
TTRE1076,TTRE1076_t1,259,protein_coding,,Trichuris trichiura (PRJEB535),protein_coding,trtricprjeb535
TTRE41,TTRE41_t1,1067,protein_coding,,Trichuris trichiura (PRJEB535),protein_coding,trtricprjeb535
TTRE5963,TTRE5963_t1,829,protein_coding,,Trichuris trichiura (PRJEB535),protein_coding,trtricprjeb535
TTRE12173,TTRE12173_t1,1181,protein_coding,,Trichuris trichiura (PRJEB535),protein_coding,trtricprjeb535
TTRE9747,TTRE9747_t1,281,protein_coding,,Trichuris trichiura (PRJEB535),protein_coding,trtricprjeb535
TTRE191,TTRE191_t1,713,protein_coding,aminoacyl-tRNA hydrolase  [Source:UniProtKB/TrEMBL;Acc:A0A077Z9B7],Trichuris trichiura (PRJEB535),protein_coding,trtricprjeb535
TTRE12354,TTRE12354_t1,150,protein_coding,Receptor expression-enhancing protein  [Source:UniProtKB/TrEMBL;Acc:A0A077ZFJ9],Trichuris trichiura (PRJEB535),protein_coding,trtricprjeb535
TTRE1072,TTRE1072_t1,997,protein_coding,,Trichuris trichiura (PRJEB535),protein_coding,trtricprjeb535
TTRE11340,TTRE11340_t1,986,protein_coding,,Trichuris trichiura (PRJEB535),protein_coding,trtricprjeb535
TTRE10355,TTRE10355_t1,809,protein_coding,,Trichuris trichiura (PRJEB535),protein_coding,trtricprjeb535
TTRE5185,TTRE5185_t1,428,protein_coding,MMS19 nucleotide excision repair protein  [Source:UniProtKB/TrEMBL;Acc:A0A077ZHB1],Trichuris trichiura (PRJEB535),protein_coding,trtricprjeb535
TTRE3964,TTRE3964_t1,447,protein_coding,Adenylosuccinate lyase  [Source:UniProtKB/TrEMBL;Acc:A0A077Z539],Trichuris trichiura (PRJEB535),protein_coding,trtricprjeb535
TTRE9550,TTRE9550_t1,447,protein_coding,,Trichuris trichiura (PRJEB535),protein_coding,trtricprjeb535
TTRE7019,TTRE7019_t1,2570,protein_coding,,Trichuris trichiura (PRJEB535),protein_coding,trtricprjeb535
TTRE2681,TTRE2681_t1,243,protein_coding,,Trichuris trichiura (PRJEB535),protein_coding,trtricprjeb535
TTRE7350,TTRE7350_t1,1025,protein_coding,,Trichuris trichiura (PRJEB535),protein_coding,trtricprjeb535
TTRE5662,TTRE5662_t1,259,protein_coding,,Trichuris trichiura (PRJEB535),protein_coding,trtricprjeb535
TTRE7782,TTRE7782_t1,218,protein_coding,,Trichuris trichiura (PRJEB535),protein_coding,trtricprjeb535
TTRE11752,TTRE11752_t1,1595,protein_coding,Piezo_RRas_bdg domain-containing protein  [Source:UniProtKB/TrEMBL;Acc:A0A077Z2B7],Trichuris trichiura (PRJEB535),protein_coding,trtricprjeb535
TTRE3650,TTRE3650_t1,380,protein_coding,,Trichuris trichiura (PRJEB535),protein_coding,trtricprjeb535
TTRE10761,TTRE10761_t1,832,protein_coding,,Trichuris trichiura (PRJEB535),protein_coding,trtricprjeb535
TTRE2299,TTRE2299_t1,398,protein_coding,Pyruvate dehydrogenase E1 component subunit alpha  [Source:UniProtKB/TrEMBL;Acc:A0A077YYR5],Trichuris trichiura (PRJEB535),protein_coding,trtricprjeb535
TTRE4603,TTRE4603_t1,375,protein_coding,Carboxylesterase family protein  [Source:UniProtKB/TrEMBL;Acc:A0A077Z7R0],Trichuris trichiura (PRJEB535),protein_coding,trtricprjeb535
TTRE10390,TTRE10390_t1,425,protein_coding,,Trichuris trichiura (PRJEB535),protein_coding,trtricprjeb535
TTRE723,TTRE723_t1,811,protein_coding,Putative non-LTR retroelement reverse transcripta se  [Source:UniProtKB/TrEMBL;Acc:A0A077ZGS1],Trichuris trichiura (PRJEB535),protein_coding,trtricprjeb535
TTRE9180,TTRE9180_t1,695,protein_coding,,Trichuris trichiura (PRJEB535),protein_coding,trtricprjeb535
TTRE8003,TTRE8003_t1,482,protein_coding,,Trichuris trichiura (PRJEB535),protein_coding,trtricprjeb535
TTRE88,TTRE88_t1,1976,protein_coding,,Trichuris trichiura (PRJEB535),protein_coding,trtricprjeb535
TTRE12628,TTRE12628_t1,367,protein_coding,,Trichuris trichiura (PRJEB535),protein_coding,trtricprjeb535
TTRE11714,TTRE11714_t1,255,protein_coding,,Trichuris trichiura (PRJEB535),protein_coding,trtricprjeb535
TTRE2611,TTRE2611_t1,182,protein_coding,,Trichuris trichiura (PRJEB535),protein_coding,trtricprjeb535
TTRE5881,TTRE5881_t1,150,protein_coding,,Trichuris trichiura (PRJEB535),protein_coding,trtricprjeb535
TTRE11205,TTRE11205_t1,479,protein_coding,,Trichuris trichiura (PRJEB535),protein_coding,trtricprjeb535
TTRE10448,TTRE10448_t1,413,protein_coding,,Trichuris trichiura (PRJEB535),protein_coding,trtricprjeb535
TTRE1370,TTRE1370_t1,908,protein_coding,Serine/threonine-protein phosphatase  [Source:UniProtKB/TrEMBL;Acc:A0A077Z1E1],Trichuris trichiura (PRJEB535),protein_coding,trtricprjeb535
TTRE3437,TTRE3437_t1,443,protein_coding,,Trichuris trichiura (PRJEB535),protein_coding,trtricprjeb535
TTRE12095,TTRE12095_t1,771,protein_coding,,Trichuris trichiura (PRJEB535),protein_coding,trtricprjeb535
TTRE1701,TTRE1701_t1,1271,protein_coding,F-box-like domain containing protein  [Source:UniProtKB/TrEMBL;Acc:A0A077Z2A5],Trichuris trichiura (PRJEB535),protein_coding,trtricprjeb535
TTRE8844,TTRE8844_t1,429,protein_coding,,Trichuris trichiura (PRJEB535),protein_coding,trtricprjeb535
TTRE5276,TTRE5276_t1,1274,protein_coding,Sodium/potassium-transporting ATPase subunit beta-1-interacting protein  [Source:UniProtKB/TrEMBL;Acc:A0A077Z785],Trichuris trichiura (PRJEB535),protein_coding,trtricprjeb535
TTRE5754,TTRE5754_t1,175,protein_coding,40S ribosomal protein S8  [Source:UniProtKB/TrEMBL;Acc:A0A077YZU1],Trichuris trichiura (PRJEB535),protein_coding,trtricprjeb535
TTRE4978,TTRE4978_t1,203,protein_coding,,Trichuris trichiura (PRJEB535),protein_coding,trtricprjeb535
TTRE12418,TTRE12418_t1,518,protein_coding,,Trichuris trichiura (PRJEB535),protein_coding,trtricprjeb535
TTRE8491,TTRE8491_t1,404,protein_coding,NTF2-related export protein  [Source:UniProtKB/TrEMBL;Acc:A0A077YWY7],Trichuris trichiura (PRJEB535),protein_coding,trtricprjeb535
TTRE11580,TTRE11580_t1,261,protein_coding,,Trichuris trichiura (PRJEB535),protein_coding,trtricprjeb535
TTRE2808,TTRE2808_t1,125,protein_coding,,Trichuris trichiura (PRJEB535),protein_coding,trtricprjeb535
TTRE6508,TTRE6508_t1,341,protein_coding,histone acetyltransferase  [Source:UniProtKB/TrEMBL;Acc:A0A077ZBZ3],Trichuris trichiura (PRJEB535),protein_coding,trtricprjeb535
TTRE3551,TTRE3551_t1,262,protein_coding,,Trichuris trichiura (PRJEB535),protein_coding,trtricprjeb535
TTRE10284,TTRE10284_t1,1252,protein_coding,,Trichuris trichiura (PRJEB535),protein_coding,trtricprjeb535
TTRE7515,TTRE7515_t1,4841,protein_coding,Protein MMS22-like  [Source:UniProtKB/TrEMBL;Acc:A0A077ZFH2],Trichuris trichiura (PRJEB535),protein_coding,trtricprjeb535
TTRE1366,TTRE1366_t1,251,protein_coding,Nuclear pore complex protein  [Source:UniProtKB/TrEMBL;Acc:A0A077YW33],Trichuris trichiura (PRJEB535),protein_coding,trtricprjeb535
TTRE5694,TTRE5694_t1,167,protein_coding,,Trichuris trichiura (PRJEB535),protein_coding,trtricprjeb535
TTRE7617,TTRE7617_t1,254,protein_coding,Exocyst complex component 3  [Source:UniProtKB/TrEMBL;Acc:A0A077ZF72],Trichuris trichiura (PRJEB535),protein_coding,trtricprjeb535
TTRE3827,TTRE3827_t1,239,protein_coding,Adducin protein 1  [Source:UniProtKB/TrEMBL;Acc:A0A077Z645],Trichuris trichiura (PRJEB535),protein_coding,trtricprjeb535
TTRE5618,TTRE5618_t2,291,protein_coding,,Trichuris trichiura (PRJEB535),protein_coding,trtricprjeb535
TTRE12136,TTRE12136_t1,421,protein_coding,,Trichuris trichiura (PRJEB535),protein_coding,trtricprjeb535
TTRE6939,TTRE6939_t1,545,protein_coding,,Trichuris trichiura (PRJEB535),protein_coding,trtricprjeb535
TTRE5285,TTRE5285_t1,292,protein_coding,,Trichuris trichiura (PRJEB535),protein_coding,trtricprjeb535
TTRE2609,TTRE2609_t1,170,protein_coding,,Trichuris trichiura (PRJEB535),protein_coding,trtricprjeb535
TTRE2877,TTRE2877_t1,843,protein_coding,,Trichuris trichiura (PRJEB535),protein_coding,trtricprjeb535
TTRE10999,TTRE10999_t1,744,protein_coding,,Trichuris trichiura (PRJEB535),protein_coding,trtricprjeb535
TTRE7761,TTRE7761_t1,1691,protein_coding,,Trichuris trichiura (PRJEB535),protein_coding,trtricprjeb535
TTRE670,TTRE670_t1,191,protein_coding,,Trichuris trichiura (PRJEB535),protein_coding,trtricprjeb535
TTRE3911,TTRE3911_t1,152,protein_coding,,Trichuris trichiura (PRJEB535),protein_coding,trtricprjeb535
TTRE3433,TTRE3433_t1,1115,protein_coding,Zinc finger protein  [Source:UniProtKB/TrEMBL;Acc:A0A077Z013],Trichuris trichiura (PRJEB535),protein_coding,trtricprjeb535
TTRE11706,TTRE11706_t1,317,protein_coding,,Trichuris trichiura (PRJEB535),protein_coding,trtricprjeb535
TTRE7896,TTRE7896_t1,2231,protein_coding,,Trichuris trichiura (PRJEB535),protein_coding,trtricprjeb535
TTRE7215,TTRE7215_t1,404,protein_coding,,Trichuris trichiura (PRJEB535),protein_coding,trtricprjeb535
TTRE25,TTRE25_t1,305,protein_coding,"Protein bunched, class 2 isoform  [Source:UniProtKB/TrEMBL;Acc:A0A077Z9K2]",Trichuris trichiura (PRJEB535),protein_coding,trtricprjeb535
TTRE8114,TTRE8114_t1,272,protein_coding,,Trichuris trichiura (PRJEB535),protein_coding,trtricprjeb535
TTRE2990,TTRE2990_t1,353,protein_coding,BAR domain containing protein  [Source:UniProtKB/TrEMBL;Acc:A0A077ZJY9],Trichuris trichiura (PRJEB535),protein_coding,trtricprjeb535
TTRE5122,TTRE5122_t2,296,protein_coding,,Trichuris trichiura (PRJEB535),protein_coding,trtricprjeb535
TTRE822,TTRE822_t1,212,protein_coding,Glycosyltransferase  [Source:UniProtKB/TrEMBL;Acc:A0A077Z8V3],Trichuris trichiura (PRJEB535),protein_coding,trtricprjeb535
TTRE7338,TTRE7338_t1,1513,protein_coding,,Trichuris trichiura (PRJEB535),protein_coding,trtricprjeb535
TTRE8057,TTRE8057_t1,1400,protein_coding,,Trichuris trichiura (PRJEB535),protein_coding,trtricprjeb535
TTRE6846,TTRE6846_t1,805,protein_coding,,Trichuris trichiura (PRJEB535),protein_coding,trtricprjeb535
TTRE285,TTRE285_t1,1343,protein_coding,,Trichuris trichiura (PRJEB535),protein_coding,trtricprjeb535
TTRE6564,TTRE6564_t1,192,protein_coding,,Trichuris trichiura (PRJEB535),protein_coding,trtricprjeb535
TTRE856,TTRE856_t1,555,protein_coding,,Trichuris trichiura (PRJEB535),protein_coding,trtricprjeb535
TTRE6605,TTRE6605_t1,359,protein_coding,,Trichuris trichiura (PRJEB535),protein_coding,trtricprjeb535
TTRE3525,TTRE3525_t1,221,protein_coding,,Trichuris trichiura (PRJEB535),protein_coding,trtricprjeb535
TTRE5219,TTRE5219_t1,890,protein_coding,,Trichuris trichiura (PRJEB535),protein_coding,trtricprjeb535
TTRE5053,TTRE5053_t1,327,protein_coding,RING finger protein 10  [Source:UniProtKB/TrEMBL;Acc:A0A077ZEX5],Trichuris trichiura (PRJEB535),protein_coding,trtricprjeb535
TTRE2092,TTRE2092_t1,128,protein_coding,,Trichuris trichiura (PRJEB535),protein_coding,trtricprjeb535
TTRE7802,TTRE7802_t1,243,protein_coding,,Trichuris trichiura (PRJEB535),protein_coding,trtricprjeb535
TTRE4668,TTRE4668_t1,412,protein_coding,,Trichuris trichiura (PRJEB535),protein_coding,trtricprjeb535
TTRE4925,TTRE4925_t1,333,protein_coding,Protein transport protein Sec61 subunit alpha  [Source:UniProtKB/TrEMBL;Acc:A0A077ZEC0],Trichuris trichiura (PRJEB535),protein_coding,trtricprjeb535
TTRE3869,TTRE3869_t1,217,protein_coding,,Trichuris trichiura (PRJEB535),protein_coding,trtricprjeb535
TTRE11226,TTRE11226_t1,734,protein_coding,,Trichuris trichiura (PRJEB535),protein_coding,trtricprjeb535
TTRE5625,TTRE5625_t1,740,protein_coding,protein-synthesizing GTPase  [Source:UniProtKB/TrEMBL;Acc:A0A077ZGW3],Trichuris trichiura (PRJEB535),protein_coding,trtricprjeb535
TTRE11829,TTRE11829_t1,841,protein_coding,,Trichuris trichiura (PRJEB535),protein_coding,trtricprjeb535
TTRE3192,TTRE3192_t1,294,protein_coding,,Trichuris trichiura (PRJEB535),protein_coding,trtricprjeb535
TTRE3968,TTRE3968_t1,214,protein_coding,,Trichuris trichiura (PRJEB535),protein_coding,trtricprjeb535
TTRE5962,TTRE5962_t1,538,protein_coding,Magnesium transporter NIPA2  [Source:UniProtKB/TrEMBL;Acc:A0A077Z102],Trichuris trichiura (PRJEB535),protein_coding,trtricprjeb535
TTRE5104,TTRE5104_t1,771,protein_coding,,Trichuris trichiura (PRJEB535),protein_coding,trtricprjeb535
TTRE1104,TTRE1104_t1,253,protein_coding,,Trichuris trichiura (PRJEB535),protein_coding,trtricprjeb535
TTRE5724,TTRE5724_t1,1333,protein_coding,DUF4582 domain containing protein  [Source:UniProtKB/TrEMBL;Acc:A0A077ZEN0],Trichuris trichiura (PRJEB535),protein_coding,trtricprjeb535
TTRE8075,TTRE8075_t1,1649,protein_coding,,Trichuris trichiura (PRJEB535),protein_coding,trtricprjeb535
TTRE8374,TTRE8374_t1,179,protein_coding,,Trichuris trichiura (PRJEB535),protein_coding,trtricprjeb535
TTRE1516,TTRE1516_t1,349,protein_coding,Activating signal cointegrator 1 complex subunit 2  [Source:UniProtKB/TrEMBL;Acc:A0A077Z935],Trichuris trichiura (PRJEB535),protein_coding,trtricprjeb535
TTRE9226,TTRE9226_t1,443,protein_coding,Colorectal mutant cancer protein  [Source:UniProtKB/TrEMBL;Acc:A0A077YWG9],Trichuris trichiura (PRJEB535),protein_coding,trtricprjeb535
TTRE2999,TTRE2999_t1,634,protein_coding,,Trichuris trichiura (PRJEB535),protein_coding,trtricprjeb535
TTRE5879,TTRE5879_t1,350,protein_coding,,Trichuris trichiura (PRJEB535),protein_coding,trtricprjeb535
TTRE4547,TTRE4547_t1,308,protein_coding,V-type proton ATPase subunit H  [Source:UniProtKB/TrEMBL;Acc:A0A077Z119],Trichuris trichiura (PRJEB535),protein_coding,trtricprjeb535
TTRE688,TTRE688_t1,291,protein_coding,,Trichuris trichiura (PRJEB535),protein_coding,trtricprjeb535
TTRE10128,TTRE10128_t1,614,protein_coding,,Trichuris trichiura (PRJEB535),protein_coding,trtricprjeb535
TTRE3290,TTRE3290_t1,350,protein_coding,,Trichuris trichiura (PRJEB535),protein_coding,trtricprjeb535
TTRE7292,TTRE7292_t1,323,protein_coding,,Trichuris trichiura (PRJEB535),protein_coding,trtricprjeb535
TTRE5992,TTRE5992_t1,198,protein_coding,DUF725 domain containing protein  [Source:UniProtKB/TrEMBL;Acc:A0A077Z7I4],Trichuris trichiura (PRJEB535),protein_coding,trtricprjeb535
TTRE11147,TTRE11147_t1,343,protein_coding,,Trichuris trichiura (PRJEB535),protein_coding,trtricprjeb535
TTRE5148,TTRE5148_t1,405,protein_coding,,Trichuris trichiura (PRJEB535),protein_coding,trtricprjeb535
TTRE2014,TTRE2014_t1,370,protein_coding,,Trichuris trichiura (PRJEB535),protein_coding,trtricprjeb535
TTRE8112,TTRE8112_t1,303,protein_coding,,Trichuris trichiura (PRJEB535),protein_coding,trtricprjeb535
TTRE8978,TTRE8978_t1,755,protein_coding,,Trichuris trichiura (PRJEB535),protein_coding,trtricprjeb535
TTRE7762,TTRE7762_t1,154,protein_coding,,Trichuris trichiura (PRJEB535),protein_coding,trtricprjeb535
TTRE7337,TTRE7337_t1,323,protein_coding,,Trichuris trichiura (PRJEB535),protein_coding,trtricprjeb535
TTRE1577,TTRE1577_t1,209,protein_coding,,Trichuris trichiura (PRJEB535),protein_coding,trtricprjeb535
TTRE9901,TTRE9901_t1,297,protein_coding,,Trichuris trichiura (PRJEB535),protein_coding,trtricprjeb535
TTRE5845,TTRE5845_t1,206,protein_coding,,Trichuris trichiura (PRJEB535),protein_coding,trtricprjeb535
TTRE9664,TTRE9664_t1,164,protein_coding,,Trichuris trichiura (PRJEB535),protein_coding,trtricprjeb535
TTRE8007,TTRE8007_t1,521,protein_coding,,Trichuris trichiura (PRJEB535),protein_coding,trtricprjeb535
TTRE9503,TTRE9503_t1,470,protein_coding,,Trichuris trichiura (PRJEB535),protein_coding,trtricprjeb535
TTRE4801,TTRE4801_t1,225,protein_coding,N(4) (Beta N acetylglucosaminyl) L asparaginase  [Source:UniProtKB/TrEMBL;Acc:A0A077Z1K4],Trichuris trichiura (PRJEB535),protein_coding,trtricprjeb535
TTRE2953,TTRE2953_t1,652,protein_coding,Cyclin-K  [Source:UniProtKB/TrEMBL;Acc:A0A077Z0T2],Trichuris trichiura (PRJEB535),protein_coding,trtricprjeb535
TTRE3105,TTRE3105_t1,1486,protein_coding,,Trichuris trichiura (PRJEB535),protein_coding,trtricprjeb535
TTRE4177,TTRE4177_t1,1121,protein_coding,,Trichuris trichiura (PRJEB535),protein_coding,trtricprjeb535
TTRE5021,TTRE5021_t1,1095,protein_coding,,Trichuris trichiura (PRJEB535),protein_coding,trtricprjeb535
TTRE1049,TTRE1049_t1,460,protein_coding,Tyrosine-protein kinase  [Source:UniProtKB/TrEMBL;Acc:A0A077Z8S3],Trichuris trichiura (PRJEB535),protein_coding,trtricprjeb535
TTRE2742,TTRE2742_t1,680,protein_coding,Ribonuclease P protein subunit Rpr2  [Source:UniProtKB/TrEMBL;Acc:A0A077Z964],Trichuris trichiura (PRJEB535),protein_coding,trtricprjeb535
TTRE8364,TTRE8364_t1,368,protein_coding,,Trichuris trichiura (PRJEB535),protein_coding,trtricprjeb535
TTRE4515,TTRE4515_t1,330,protein_coding,,Trichuris trichiura (PRJEB535),protein_coding,trtricprjeb535
TTRE7258,TTRE7258_t1,287,protein_coding,,Trichuris trichiura (PRJEB535),protein_coding,trtricprjeb535
TTRE7513,TTRE7513_t1,638,protein_coding,,Trichuris trichiura (PRJEB535),protein_coding,trtricprjeb535
TTRE7403,TTRE7403_t1,458,protein_coding,,Trichuris trichiura (PRJEB535),protein_coding,trtricprjeb535
TTRE2160,TTRE2160_t1,345,protein_coding,,Trichuris trichiura (PRJEB535),protein_coding,trtricprjeb535
TTRE10730,TTRE10730_t1,254,protein_coding,,Trichuris trichiura (PRJEB535),protein_coding,trtricprjeb535
TTRE4409,TTRE4409_t1,221,protein_coding,,Trichuris trichiura (PRJEB535),protein_coding,trtricprjeb535
TTRE1898,TTRE1898_t1,324,protein_coding,,Trichuris trichiura (PRJEB535),protein_coding,trtricprjeb535
TTRE10616,TTRE10616_t1,425,protein_coding,,Trichuris trichiura (PRJEB535),protein_coding,trtricprjeb535
TTRE10452,TTRE10452_t1,407,protein_coding,,Trichuris trichiura (PRJEB535),protein_coding,trtricprjeb535
TTRE11029,TTRE11029_t1,521,protein_coding,,Trichuris trichiura (PRJEB535),protein_coding,trtricprjeb535
TTRE5949,TTRE5949_t1,485,protein_coding,Sulfhydryl oxidase  [Source:UniProtKB/TrEMBL;Acc:A0A077Z478],Trichuris trichiura (PRJEB535),protein_coding,trtricprjeb535
TTRE8563,TTRE8563_t1,689,protein_coding,Metalloendopeptidase  [Source:UniProtKB/TrEMBL;Acc:A0A077Z8F3],Trichuris trichiura (PRJEB535),protein_coding,trtricprjeb535
TTRE1487,TTRE1487_t1,341,protein_coding,,Trichuris trichiura (PRJEB535),protein_coding,trtricprjeb535
TTRE5840,TTRE5840_t1,788,protein_coding,,Trichuris trichiura (PRJEB535),protein_coding,trtricprjeb535
TTRE10640,TTRE10640_t1,304,protein_coding,,Trichuris trichiura (PRJEB535),protein_coding,trtricprjeb535
TTRE4630,TTRE4630_t1,239,protein_coding,,Trichuris trichiura (PRJEB535),protein_coding,trtricprjeb535
TTRE4716,TTRE4716_t1,1760,protein_coding,MAU2 chromatid cohesion factor homolog  [Source:UniProtKB/TrEMBL;Acc:A0A077Z4P6],Trichuris trichiura (PRJEB535),protein_coding,trtricprjeb535
TTRE5302,TTRE5302_t1,1508,protein_coding,,Trichuris trichiura (PRJEB535),protein_coding,trtricprjeb535
TTRE11790,TTRE11790_t1,1631,protein_coding,,Trichuris trichiura (PRJEB535),protein_coding,trtricprjeb535
TTRE850,TTRE850_t1,243,protein_coding,,Trichuris trichiura (PRJEB535),protein_coding,trtricprjeb535
TTRE1216,TTRE1216_t1,173,protein_coding,,Trichuris trichiura (PRJEB535),protein_coding,trtricprjeb535
TTRE10653,TTRE10653_t1,169,protein_coding,,Trichuris trichiura (PRJEB535),protein_coding,trtricprjeb535
TTRE6032,TTRE6032_t1,166,protein_coding,,Trichuris trichiura (PRJEB535),protein_coding,trtricprjeb535
TTRE3891,TTRE3891_t1,143,protein_coding,,Trichuris trichiura (PRJEB535),protein_coding,trtricprjeb535
TTRE10714,TTRE10714_t1,155,protein_coding,,Trichuris trichiura (PRJEB535),protein_coding,trtricprjeb535
TTRE9949,TTRE9949_t1,205,protein_coding,,Trichuris trichiura (PRJEB535),protein_coding,trtricprjeb535
TTRE7130,TTRE7130_t1,449,protein_coding,,Trichuris trichiura (PRJEB535),protein_coding,trtricprjeb535
TTRE8369,TTRE8369_t1,179,protein_coding,,Trichuris trichiura (PRJEB535),protein_coding,trtricprjeb535
TTRE8029,TTRE8029_t1,269,protein_coding,,Trichuris trichiura (PRJEB535),protein_coding,trtricprjeb535
TTRE9963,TTRE9963_t1,212,protein_coding,,Trichuris trichiura (PRJEB535),protein_coding,trtricprjeb535
TTRE6015,TTRE6015_t1,488,protein_coding,Protein C ets 2  [Source:UniProtKB/TrEMBL;Acc:A0A077Z057],Trichuris trichiura (PRJEB535),protein_coding,trtricprjeb535
TTRE11954,TTRE11954_t1,907,protein_coding,,Trichuris trichiura (PRJEB535),protein_coding,trtricprjeb535
TTRE6078,TTRE6078_t1,267,protein_coding,Transmembrane protein 179  [Source:UniProtKB/TrEMBL;Acc:A0A077Z015],Trichuris trichiura (PRJEB535),protein_coding,trtricprjeb535
TTRE1347,TTRE1347_t1,224,protein_coding,,Trichuris trichiura (PRJEB535),protein_coding,trtricprjeb535
TTRE3643,TTRE3643_t1,231,protein_coding,,Trichuris trichiura (PRJEB535),protein_coding,trtricprjeb535
TTRE6022,TTRE6022_t1,590,protein_coding,DBR1 domain-containing protein  [Source:UniProtKB/TrEMBL;Acc:A0A077YW45],Trichuris trichiura (PRJEB535),protein_coding,trtricprjeb535
TTRE5117,TTRE5117_t1,390,protein_coding,,Trichuris trichiura (PRJEB535),protein_coding,trtricprjeb535
TTRE6046,TTRE6046_t1,222,protein_coding,,Trichuris trichiura (PRJEB535),protein_coding,trtricprjeb535
TTRE6215,TTRE6215_t1,173,protein_coding,,Trichuris trichiura (PRJEB535),protein_coding,trtricprjeb535
TTRE9277,TTRE9277_t1,146,protein_coding,,Trichuris trichiura (PRJEB535),protein_coding,trtricprjeb535
TTRE4465,TTRE4465_t1,1001,protein_coding,,Trichuris trichiura (PRJEB535),protein_coding,trtricprjeb535
TTRE6765,TTRE6765_t1,332,protein_coding,,Trichuris trichiura (PRJEB535),protein_coding,trtricprjeb535
TTRE1346,TTRE1346_t1,980,protein_coding,Sp5 transcription factor  [Source:UniProtKB/TrEMBL;Acc:A0A077ZE06],Trichuris trichiura (PRJEB535),protein_coding,trtricprjeb535
TTRE11018,TTRE11018_t1,1235,protein_coding,,Trichuris trichiura (PRJEB535),protein_coding,trtricprjeb535
TTRE12527,TTRE12527_t2,414,protein_coding,,Trichuris trichiura (PRJEB535),protein_coding,trtricprjeb535
TTRE8022,TTRE8022_t1,191,protein_coding,,Trichuris trichiura (PRJEB535),protein_coding,trtricprjeb535
TTRE6643,TTRE6643_t1,237,protein_coding,,Trichuris trichiura (PRJEB535),protein_coding,trtricprjeb535
TTRE11022,TTRE11022_t1,1061,protein_coding,,Trichuris trichiura (PRJEB535),protein_coding,trtricprjeb535
TTRE10245,TTRE10245_t1,611,protein_coding,,Trichuris trichiura (PRJEB535),protein_coding,trtricprjeb535
TTRE8660,TTRE8660_t1,297,protein_coding,,Trichuris trichiura (PRJEB535),protein_coding,trtricprjeb535
TTRE2561,TTRE2561_t1,382,protein_coding,Complex I-B14.7  [Source:UniProtKB/TrEMBL;Acc:A0A077ZFI0],Trichuris trichiura (PRJEB535),protein_coding,trtricprjeb535
TTRE592,TTRE592_t1,2288,protein_coding,,Trichuris trichiura (PRJEB535),protein_coding,trtricprjeb535
TTRE2841,TTRE2841_t1,1433,protein_coding,Digestive organ expansion factor  [Source:UniProtKB/TrEMBL;Acc:A0A077ZGD0],Trichuris trichiura (PRJEB535),protein_coding,trtricprjeb535
TTRE9167,TTRE9167_t1,266,protein_coding,,Trichuris trichiura (PRJEB535),protein_coding,trtricprjeb535
TTRE3447,TTRE3447_t1,1742,protein_coding,,Trichuris trichiura (PRJEB535),protein_coding,trtricprjeb535
TTRE1538,TTRE1538_t1,180,protein_coding,,Trichuris trichiura (PRJEB535),protein_coding,trtricprjeb535
TTRE4065,TTRE4065_t1,212,protein_coding,,Trichuris trichiura (PRJEB535),protein_coding,trtricprjeb535
TTRE5998,TTRE5998_t1,465,protein_coding,,Trichuris trichiura (PRJEB535),protein_coding,trtricprjeb535
TTRE3282,TTRE3282_t1,1248,protein_coding,DUF229 domain containing protein  [Source:UniProtKB/TrEMBL;Acc:A0A077Z556],Trichuris trichiura (PRJEB535),protein_coding,trtricprjeb535
TTRE4185,TTRE4185_t1,1190,protein_coding,V-type proton ATPase subunit a  [Source:UniProtKB/TrEMBL;Acc:A0A077ZEG9],Trichuris trichiura (PRJEB535),protein_coding,trtricprjeb535
TTRE5186,TTRE5186_t1,534,protein_coding,,Trichuris trichiura (PRJEB535),protein_coding,trtricprjeb535
TTRE9874,TTRE9874_t1,199,protein_coding,Queuine tRNA-ribosyltransferase accessory subunit 2  [Source:UniProtKB/TrEMBL;Acc:A0A077Z8G9],Trichuris trichiura (PRJEB535),protein_coding,trtricprjeb535
TTRE2306,TTRE2306_t1,358,protein_coding,,Trichuris trichiura (PRJEB535),protein_coding,trtricprjeb535
TTRE3141,TTRE3141_t1,188,protein_coding,,Trichuris trichiura (PRJEB535),protein_coding,trtricprjeb535
TTRE4660,TTRE4660_t1,590,protein_coding,,Trichuris trichiura (PRJEB535),protein_coding,trtricprjeb535
TTRE964,TTRE964_t1,183,protein_coding,,Trichuris trichiura (PRJEB535),protein_coding,trtricprjeb535
TTRE5328,TTRE5328_t1,501,protein_coding,,Trichuris trichiura (PRJEB535),protein_coding,trtricprjeb535
TTRE6733,TTRE6733_t1,5393,protein_coding,,Trichuris trichiura (PRJEB535),protein_coding,trtricprjeb535
TTRE6965,TTRE6965_t1,1277,protein_coding,,Trichuris trichiura (PRJEB535),protein_coding,trtricprjeb535
TTRE10082,TTRE10082_t1,866,protein_coding,SAP30 binding protein  [Source:UniProtKB/TrEMBL;Acc:A0A077Z7C5],Trichuris trichiura (PRJEB535),protein_coding,trtricprjeb535
TTRE793,TTRE793_t1,1097,protein_coding,Leucine Rich Repeat family protein  [Source:UniProtKB/TrEMBL;Acc:A0A077YZC5],Trichuris trichiura (PRJEB535),protein_coding,trtricprjeb535
TTRE10177,TTRE10177_t1,284,protein_coding,,Trichuris trichiura (PRJEB535),protein_coding,trtricprjeb535
TTRE737,TTRE737_t1,228,protein_coding,CREB regulated transcription coactivator 1  [Source:UniProtKB/TrEMBL;Acc:A0A077Z5N6],Trichuris trichiura (PRJEB535),protein_coding,trtricprjeb535
TTRE7680,TTRE7680_t1,998,protein_coding,,Trichuris trichiura (PRJEB535),protein_coding,trtricprjeb535
TTRE7857,TTRE7857_t1,333,protein_coding,,Trichuris trichiura (PRJEB535),protein_coding,trtricprjeb535
TTRE12424,TTRE12424_t1,712,protein_coding,,Trichuris trichiura (PRJEB535),protein_coding,trtricprjeb535
TTRE661,TTRE661_t1,429,protein_coding,Transcriptional enhancer factor TEF 1  [Source:UniProtKB/TrEMBL;Acc:A0A077Z1T5],Trichuris trichiura (PRJEB535),protein_coding,trtricprjeb535
TTRE4830,TTRE4830_t1,156,protein_coding,,Trichuris trichiura (PRJEB535),protein_coding,trtricprjeb535
TTRE12010,TTRE12010_t1,169,protein_coding,,Trichuris trichiura (PRJEB535),protein_coding,trtricprjeb535
TTRE2641,TTRE2641_t1,809,protein_coding,,Trichuris trichiura (PRJEB535),protein_coding,trtricprjeb535
TTRE10146,TTRE10146_t1,1151,protein_coding,Ataxin-10  [Source:UniProtKB/TrEMBL;Acc:A0A077ZP89],Trichuris trichiura (PRJEB535),protein_coding,trtricprjeb535
TTRE12638,TTRE12638_t1,464,protein_coding,,Trichuris trichiura (PRJEB535),protein_coding,trtricprjeb535
TTRE6507,TTRE6507_t1,266,protein_coding,DDRGK domain-containing protein 1  [Source:UniProtKB/TrEMBL;Acc:A0A077ZED5],Trichuris trichiura (PRJEB535),protein_coding,trtricprjeb535
TTRE2979,TTRE2979_t1,212,protein_coding,,Trichuris trichiura (PRJEB535),protein_coding,trtricprjeb535
TTRE10378,TTRE10378_t1,614,protein_coding,,Trichuris trichiura (PRJEB535),protein_coding,trtricprjeb535
TTRE843,TTRE843_t2,859,protein_coding,Metalloendopeptidase  [Source:UniProtKB/TrEMBL;Acc:A0A077Z9L0],Trichuris trichiura (PRJEB535),protein_coding,trtricprjeb535
TTRE6118,TTRE6118_t1,152,protein_coding,,Trichuris trichiura (PRJEB535),protein_coding,trtricprjeb535
TTRE6328,TTRE6328_t1,250,protein_coding,,Trichuris trichiura (PRJEB535),protein_coding,trtricprjeb535
TTRE6607,TTRE6607_t1,1298,protein_coding,,Trichuris trichiura (PRJEB535),protein_coding,trtricprjeb535
TTRE9109,TTRE9109_t1,142,protein_coding,,Trichuris trichiura (PRJEB535),protein_coding,trtricprjeb535
TTRE4247,TTRE4247_t1,192,protein_coding,,Trichuris trichiura (PRJEB535),protein_coding,trtricprjeb535
TTRE3531,TTRE3531_t1,533,protein_coding,,Trichuris trichiura (PRJEB535),protein_coding,trtricprjeb535
TTRE7548,TTRE7548_t1,224,protein_coding,,Trichuris trichiura (PRJEB535),protein_coding,trtricprjeb535
TTRE7420,TTRE7420_t1,1262,protein_coding,,Trichuris trichiura (PRJEB535),protein_coding,trtricprjeb535
TTRE1099,TTRE1099_t1,992,protein_coding,,Trichuris trichiura (PRJEB535),protein_coding,trtricprjeb535
TTRE2462,TTRE2462_t1,188,protein_coding,,Trichuris trichiura (PRJEB535),protein_coding,trtricprjeb535
TTRE9437,TTRE9437_t1,771,protein_coding,Tyrosine--tRNA ligase  [Source:UniProtKB/TrEMBL;Acc:A0A077ZGA9],Trichuris trichiura (PRJEB535),protein_coding,trtricprjeb535
TTRE3421,TTRE3421_t1,812,protein_coding,CK1:TTBK protein kinase  [Source:UniProtKB/TrEMBL;Acc:A0A077ZMM6],Trichuris trichiura (PRJEB535),protein_coding,trtricprjeb535
TTRE1433,TTRE1433_t3,313,protein_coding,NAD binding 6 and FAD binding 8 and Ferric reduct domain containing protein  [Source:UniProtKB/TrEMBL;Acc:A0A077ZLL2],Trichuris trichiura (PRJEB535),protein_coding,trtricprjeb535
TTRE10205,TTRE10205_t1,944,protein_coding,,Trichuris trichiura (PRJEB535),protein_coding,trtricprjeb535
TTRE7932,TTRE7932_t1,494,protein_coding,,Trichuris trichiura (PRJEB535),protein_coding,trtricprjeb535
TTRE7449,TTRE7449_t1,413,protein_coding,Charged multivesicular body protein 7  [Source:UniProtKB/TrEMBL;Acc:A0A077ZF03],Trichuris trichiura (PRJEB535),protein_coding,trtricprjeb535
TTRE1485,TTRE1485_t1,265,protein_coding,,Trichuris trichiura (PRJEB535),protein_coding,trtricprjeb535
TTRE346,TTRE346_t1,139,protein_coding,,Trichuris trichiura (PRJEB535),protein_coding,trtricprjeb535
TTRE6653,TTRE6653_t1,948,protein_coding,Pribosyltran N and Pribosyl synth domain containi ng protein  [Source:UniProtKB/TrEMBL;Acc:A0A077ZNC3],Trichuris trichiura (PRJEB535),protein_coding,trtricprjeb535
TTRE6491,TTRE6491_t1,1039,protein_coding,,Trichuris trichiura (PRJEB535),protein_coding,trtricprjeb535
TTRE10431,TTRE10431_t1,718,protein_coding,,Trichuris trichiura (PRJEB535),protein_coding,trtricprjeb535
TTRE4472,TTRE4472_t1,251,protein_coding,,Trichuris trichiura (PRJEB535),protein_coding,trtricprjeb535
TTRE4681,TTRE4681_t1,230,protein_coding,valine--tRNA ligase  [Source:UniProtKB/TrEMBL;Acc:A0A077Z6L8],Trichuris trichiura (PRJEB535),protein_coding,trtricprjeb535
TTRE11105,TTRE11105_t1,222,protein_coding,,Trichuris trichiura (PRJEB535),protein_coding,trtricprjeb535
TTRE2190,TTRE2190_t1,302,protein_coding,,Trichuris trichiura (PRJEB535),protein_coding,trtricprjeb535
TTRE10756,TTRE10756_t1,1037,protein_coding,,Trichuris trichiura (PRJEB535),protein_coding,trtricprjeb535
TTRE8325,TTRE8325_t1,263,protein_coding,thiamine diphosphokinase  [Source:UniProtKB/TrEMBL;Acc:A0A077Z0D3],Trichuris trichiura (PRJEB535),protein_coding,trtricprjeb535
TTRE3798,TTRE3798_t1,1122,protein_coding,,Trichuris trichiura (PRJEB535),protein_coding,trtricprjeb535
TTRE1449,TTRE1449_t1,1064,protein_coding,,Trichuris trichiura (PRJEB535),protein_coding,trtricprjeb535
TTRE8010,TTRE8010_t1,1016,protein_coding,Hexosyltransferase  [Source:UniProtKB/TrEMBL;Acc:A0A077ZLI2],Trichuris trichiura (PRJEB535),protein_coding,trtricprjeb535
TTRE1274,TTRE1274_t1,578,protein_coding,DUF667 domain containing protein  [Source:UniProtKB/TrEMBL;Acc:A0A077ZB62],Trichuris trichiura (PRJEB535),protein_coding,trtricprjeb535
TTRE423,TTRE423_t1,413,protein_coding,NADH dehydrogenase (Ubiquinone) 1 subunit C2  [Source:UniProtKB/TrEMBL;Acc:A0A077Z4W4],Trichuris trichiura (PRJEB535),protein_coding,trtricprjeb535
TTRE4723,TTRE4723_t1,1492,protein_coding,Tripartite motif protein containing protein 67  [Source:UniProtKB/TrEMBL;Acc:A0A077ZAW7],Trichuris trichiura (PRJEB535),protein_coding,trtricprjeb535
TTRE9036,TTRE9036_t1,263,protein_coding,Scaffolding protein  [Source:UniProtKB/TrEMBL;Acc:A0A077Z0J6],Trichuris trichiura (PRJEB535),protein_coding,trtricprjeb535
TTRE2182,TTRE2182_t1,890,protein_coding,Ras GTPase activating protein  [Source:UniProtKB/TrEMBL;Acc:A0A077Z7J6],Trichuris trichiura (PRJEB535),protein_coding,trtricprjeb535
TTRE11972,TTRE11972_t1,326,protein_coding,,Trichuris trichiura (PRJEB535),protein_coding,trtricprjeb535
TTRE7159,TTRE7159_t1,302,protein_coding,,Trichuris trichiura (PRJEB535),protein_coding,trtricprjeb535
TTRE7869,TTRE7869_t1,635,protein_coding,,Trichuris trichiura (PRJEB535),protein_coding,trtricprjeb535
TTRE2376,TTRE2376_t1,446,protein_coding,,Trichuris trichiura (PRJEB535),protein_coding,trtricprjeb535
TTRE3857,TTRE3857_t1,245,protein_coding,"6-phosphogluconate dehydrogenase, decarboxylating  [Source:UniProtKB/TrEMBL;Acc:A0A077ZEL0]",Trichuris trichiura (PRJEB535),protein_coding,trtricprjeb535
TTRE4858,TTRE4858_t1,213,protein_coding,,Trichuris trichiura (PRJEB535),protein_coding,trtricprjeb535
TTRE7059,TTRE7059_t1,1475,protein_coding,,Trichuris trichiura (PRJEB535),protein_coding,trtricprjeb535
TTRE8103,TTRE8103_t1,149,protein_coding,,Trichuris trichiura (PRJEB535),protein_coding,trtricprjeb535
TTRE2529,TTRE2529_t1,170,protein_coding,"Ubiquinol cytochrome c reductase, cytochrome c1  [Source:UniProtKB/TrEMBL;Acc:A0A077ZAF0]",Trichuris trichiura (PRJEB535),protein_coding,trtricprjeb535
TTRE12565,TTRE12565_t1,914,protein_coding,,Trichuris trichiura (PRJEB535),protein_coding,trtricprjeb535
TTRE2461,TTRE2461_t1,362,protein_coding,,Trichuris trichiura (PRJEB535),protein_coding,trtricprjeb535
TTRE1688,TTRE1688_t1,236,protein_coding,,Trichuris trichiura (PRJEB535),protein_coding,trtricprjeb535
TTRE1298,TTRE1298_t1,719,protein_coding,Ras protein 2 like  [Source:UniProtKB/TrEMBL;Acc:A0A077YX59],Trichuris trichiura (PRJEB535),protein_coding,trtricprjeb535
TTRE6568,TTRE6568_t1,1010,protein_coding,,Trichuris trichiura (PRJEB535),protein_coding,trtricprjeb535
TTRE6044,TTRE6044_t1,725,protein_coding,,Trichuris trichiura (PRJEB535),protein_coding,trtricprjeb535
TTRE5098,TTRE5098_t1,407,protein_coding,,Trichuris trichiura (PRJEB535),protein_coding,trtricprjeb535
TTRE965,TTRE965_t1,347,protein_coding,"Cytochrome c oxidase, subunit VB  [Source:UniProtKB/TrEMBL;Acc:A0A077Z374]",Trichuris trichiura (PRJEB535),protein_coding,trtricprjeb535
TTRE7822,TTRE7822_t1,744,protein_coding,,Trichuris trichiura (PRJEB535),protein_coding,trtricprjeb535
TTRE6602,TTRE6602_t1,467,protein_coding,,Trichuris trichiura (PRJEB535),protein_coding,trtricprjeb535
TTRE3900,TTRE3900_t1,419,protein_coding,Protein CBG12493  [Source:UniProtKB/TrEMBL;Acc:A0A077Z302],Trichuris trichiura (PRJEB535),protein_coding,trtricprjeb535
TTRE3120,TTRE3120_t1,401,protein_coding,,Trichuris trichiura (PRJEB535),protein_coding,trtricprjeb535
TTRE10723,TTRE10723_t1,312,protein_coding,,Trichuris trichiura (PRJEB535),protein_coding,trtricprjeb535
TTRE1746,TTRE1746_t1,377,protein_coding,Tubulin alpha chain  [Source:UniProtKB/TrEMBL;Acc:A0A077Z355],Trichuris trichiura (PRJEB535),protein_coding,trtricprjeb535
TTRE6763,TTRE6763_t1,761,protein_coding,,Trichuris trichiura (PRJEB535),protein_coding,trtricprjeb535
TTRE4983,TTRE4983_t1,283,protein_coding,,Trichuris trichiura (PRJEB535),protein_coding,trtricprjeb535
TTRE1511,TTRE1511_t1,200,protein_coding,,Trichuris trichiura (PRJEB535),protein_coding,trtricprjeb535
TTRE4805,TTRE4805_t1,255,protein_coding,,Trichuris trichiura (PRJEB535),protein_coding,trtricprjeb535
TTRE11291,TTRE11291_t1,351,protein_coding,,Trichuris trichiura (PRJEB535),protein_coding,trtricprjeb535
TTRE2234,TTRE2234_t1,176,protein_coding,Protein C10  [Source:UniProtKB/TrEMBL;Acc:A0A077Z4Q5],Trichuris trichiura (PRJEB535),protein_coding,trtricprjeb535
TTRE12144,TTRE12144_t1,434,protein_coding,Cytochrome c oxidase assembly factor 3  [Source:UniProtKB/TrEMBL;Acc:A0A077ZKT2],Trichuris trichiura (PRJEB535),protein_coding,trtricprjeb535
TTRE10892,TTRE10892_t1,445,protein_coding,,Trichuris trichiura (PRJEB535),protein_coding,trtricprjeb535
TTRE11513,TTRE11513_t1,374,protein_coding,,Trichuris trichiura (PRJEB535),protein_coding,trtricprjeb535
TTRE7696,TTRE7696_t1,368,protein_coding,,Trichuris trichiura (PRJEB535),protein_coding,trtricprjeb535
TTRE2558,TTRE2558_t1,313,protein_coding,,Trichuris trichiura (PRJEB535),protein_coding,trtricprjeb535
TTRE471,TTRE471_t1,229,protein_coding,GPI ethanolamine phosphate transferase 2  [Source:UniProtKB/TrEMBL;Acc:A0A077Z4H3],Trichuris trichiura (PRJEB535),protein_coding,trtricprjeb535
TTRE7485,TTRE7485_t1,227,protein_coding,,Trichuris trichiura (PRJEB535),protein_coding,trtricprjeb535
TTRE2935,TTRE2935_t1,190,protein_coding,,Trichuris trichiura (PRJEB535),protein_coding,trtricprjeb535
TTRE6278,TTRE6278_t1,650,protein_coding,,Trichuris trichiura (PRJEB535),protein_coding,trtricprjeb535
TTRE3126,TTRE3126_t1,278,protein_coding,,Trichuris trichiura (PRJEB535),protein_coding,trtricprjeb535
TTRE11644,TTRE11644_t1,392,protein_coding,,Trichuris trichiura (PRJEB535),protein_coding,trtricprjeb535
TTRE7006,TTRE7006_t1,326,protein_coding,Phage protein  [Source:UniProtKB/TrEMBL;Acc:A0A077ZIX3],Trichuris trichiura (PRJEB535),protein_coding,trtricprjeb535
TTRE10707,TTRE10707_t1,449,protein_coding,,Trichuris trichiura (PRJEB535),protein_coding,trtricprjeb535
TTRE5431,TTRE5431_t1,419,protein_coding,,Trichuris trichiura (PRJEB535),protein_coding,trtricprjeb535
TTRE9023,TTRE9023_t1,557,protein_coding,,Trichuris trichiura (PRJEB535),protein_coding,trtricprjeb535
TTRE990,TTRE990_t1,418,protein_coding,,Trichuris trichiura (PRJEB535),protein_coding,trtricprjeb535
TTRE717,TTRE717_t1,924,protein_coding,Wilms tumor protein 1 interacting protein  [Source:UniProtKB/TrEMBL;Acc:A0A077ZB70],Trichuris trichiura (PRJEB535),protein_coding,trtricprjeb535
TTRE10583,TTRE10583_t1,1577,protein_coding,,Trichuris trichiura (PRJEB535),protein_coding,trtricprjeb535
TTRE4950,TTRE4950_t1,521,protein_coding,,Trichuris trichiura (PRJEB535),protein_coding,trtricprjeb535
TTRE1922,TTRE1922_t1,236,protein_coding,,Trichuris trichiura (PRJEB535),protein_coding,trtricprjeb535
TTRE10297,TTRE10297_t1,503,protein_coding,,Trichuris trichiura (PRJEB535),protein_coding,trtricprjeb535
TTRE1962,TTRE1962_t1,205,protein_coding,,Trichuris trichiura (PRJEB535),protein_coding,trtricprjeb535
TTRE6160,TTRE6160_t1,320,protein_coding,,Trichuris trichiura (PRJEB535),protein_coding,trtricprjeb535
TTRE8801,TTRE8801_t1,557,protein_coding,Receptor expression-enhancing protein  [Source:UniProtKB/TrEMBL;Acc:A0A077YZ42],Trichuris trichiura (PRJEB535),protein_coding,trtricprjeb535
TTRE7343,TTRE7343_t1,210,protein_coding,,Trichuris trichiura (PRJEB535),protein_coding,trtricprjeb535
TTRE4466,TTRE4466_t1,431,protein_coding,,Trichuris trichiura (PRJEB535),protein_coding,trtricprjeb535
TTRE9976,TTRE9976_t1,402,protein_coding,,Trichuris trichiura (PRJEB535),protein_coding,trtricprjeb535
TTRE1542,TTRE1542_t1,1160,protein_coding,Mothers against decapentaplegic homolog  [Source:UniProtKB/TrEMBL;Acc:A0A077YZW2],Trichuris trichiura (PRJEB535),protein_coding,trtricprjeb535
TTRE11999,TTRE11999_t1,881,protein_coding,,Trichuris trichiura (PRJEB535),protein_coding,trtricprjeb535
TTRE1265,TTRE1265_t1,451,protein_coding,Solute carrier family 12  [Source:UniProtKB/TrEMBL;Acc:A0A077Z4B0],Trichuris trichiura (PRJEB535),protein_coding,trtricprjeb535
TTRE1889,TTRE1889_t1,344,protein_coding,,Trichuris trichiura (PRJEB535),protein_coding,trtricprjeb535
TTRE5698,TTRE5698_t2,306,protein_coding,,Trichuris trichiura (PRJEB535),protein_coding,trtricprjeb535
TTRE4035,TTRE4035_t1,245,protein_coding,Paraplegin  [Source:UniProtKB/TrEMBL;Acc:A0A077Z6U4],Trichuris trichiura (PRJEB535),protein_coding,trtricprjeb535
TTRE11597,TTRE11597_t1,153,protein_coding,,Trichuris trichiura (PRJEB535),protein_coding,trtricprjeb535
TTRE623,TTRE623_t1,221,protein_coding,,Trichuris trichiura (PRJEB535),protein_coding,trtricprjeb535
TTRE11536,TTRE11536_t1,128,protein_coding,,Trichuris trichiura (PRJEB535),protein_coding,trtricprjeb535
TTRE6855,TTRE6855_t1,512,protein_coding,,Trichuris trichiura (PRJEB535),protein_coding,trtricprjeb535
TTRE4385,TTRE4385_t1,1481,protein_coding,Glycosyl hydrolase family 31 protein  [Source:UniProtKB/TrEMBL;Acc:A0A077Z0V5],Trichuris trichiura (PRJEB535),protein_coding,trtricprjeb535
TTRE8555,TTRE8555_t1,218,protein_coding,,Trichuris trichiura (PRJEB535),protein_coding,trtricprjeb535
TTRE6849,TTRE6849_t1,1799,protein_coding,,Trichuris trichiura (PRJEB535),protein_coding,trtricprjeb535
TTRE9897,TTRE9897_t1,276,protein_coding,,Trichuris trichiura (PRJEB535),protein_coding,trtricprjeb535
TTRE6043,TTRE6043_t1,719,protein_coding,,Trichuris trichiura (PRJEB535),protein_coding,trtricprjeb535
TTRE8578,TTRE8578_t1,395,protein_coding,,Trichuris trichiura (PRJEB535),protein_coding,trtricprjeb535
TTRE991,TTRE991_t1,252,protein_coding,ER lumen protein-retaining receptor  [Source:UniProtKB/TrEMBL;Acc:A0A077Z6A3],Trichuris trichiura (PRJEB535),protein_coding,trtricprjeb535
TTRE11181,TTRE11181_t1,225,protein_coding,,Trichuris trichiura (PRJEB535),protein_coding,trtricprjeb535
TTRE435,TTRE435_t1,2648,protein_coding,C2 domain-containing protein  [Source:UniProtKB/TrEMBL;Acc:A0A077ZDG7],Trichuris trichiura (PRJEB535),protein_coding,trtricprjeb535
TTRE4814,TTRE4814_t1,745,protein_coding,Sec7 and PH 9 domain containing protein  [Source:UniProtKB/TrEMBL;Acc:A0A077Z1Q1],Trichuris trichiura (PRJEB535),protein_coding,trtricprjeb535
TTRE9069,TTRE9069_t1,621,protein_coding,,Trichuris trichiura (PRJEB535),protein_coding,trtricprjeb535
TTRE8970,TTRE8970_t1,214,protein_coding,"39S ribosomal protein L28, mitochondrial  [Source:UniProtKB/TrEMBL;Acc:A0A077YZ83]",Trichuris trichiura (PRJEB535),protein_coding,trtricprjeb535
TTRE11974,TTRE11974_t1,2099,protein_coding,,Trichuris trichiura (PRJEB535),protein_coding,trtricprjeb535
TTRE11707,TTRE11707_t1,506,protein_coding,,Trichuris trichiura (PRJEB535),protein_coding,trtricprjeb535
TTRE2039,TTRE2039_t1,214,protein_coding,,Trichuris trichiura (PRJEB535),protein_coding,trtricprjeb535
TTRE722,TTRE722_t1,387,protein_coding,Ras family protein  [Source:UniProtKB/TrEMBL;Acc:A0A077YZG4],Trichuris trichiura (PRJEB535),protein_coding,trtricprjeb535
TTRE7531,TTRE7531_t1,260,protein_coding,,Trichuris trichiura (PRJEB535),protein_coding,trtricprjeb535
TTRE8267,TTRE8267_t1,1004,protein_coding,Nucleosome assembly protein  [Source:UniProtKB/TrEMBL;Acc:A0A077YV15],Trichuris trichiura (PRJEB535),protein_coding,trtricprjeb535
TTRE6251,TTRE6251_t1,518,protein_coding,,Trichuris trichiura (PRJEB535),protein_coding,trtricprjeb535
TTRE4821,TTRE4821_t1,566,protein_coding,LisH domain-containing protein  [Source:UniProtKB/TrEMBL;Acc:A0A077ZJJ5],Trichuris trichiura (PRJEB535),protein_coding,trtricprjeb535
TTRE7713,TTRE7713_t1,935,protein_coding,,Trichuris trichiura (PRJEB535),protein_coding,trtricprjeb535
TTRE689,TTRE689_t1,605,protein_coding,Myelin PLP domain containing protein  [Source:UniProtKB/TrEMBL;Acc:A0A077YWP5],Trichuris trichiura (PRJEB535),protein_coding,trtricprjeb535
TTRE11855,TTRE11855_t1,225,protein_coding,Prestin  [Source:UniProtKB/TrEMBL;Acc:A0A077Z501],Trichuris trichiura (PRJEB535),protein_coding,trtricprjeb535
TTRE662,TTRE662_t1,119,protein_coding,,Trichuris trichiura (PRJEB535),protein_coding,trtricprjeb535
TTRE12276,TTRE12276_t1,243,protein_coding,,Trichuris trichiura (PRJEB535),protein_coding,trtricprjeb535
TTRE3865,TTRE3865_t1,357,protein_coding,,Trichuris trichiura (PRJEB535),protein_coding,trtricprjeb535
TTRE1982,TTRE1982_t1,261,protein_coding,Glycylpeptide N-tetradecanoyltransferase  [Source:UniProtKB/TrEMBL;Acc:A0A077ZDL5],Trichuris trichiura (PRJEB535),protein_coding,trtricprjeb535
TTRE805,TTRE805_t1,257,protein_coding,Diacylglycerol kinase  [Source:UniProtKB/TrEMBL;Acc:A0A077YZT9],Trichuris trichiura (PRJEB535),protein_coding,trtricprjeb535
TTRE8328,TTRE8328_t1,212,protein_coding,,Trichuris trichiura (PRJEB535),protein_coding,trtricprjeb535
TTRE85,TTRE85_t1,497,protein_coding,"Isocitrate dehydrogenase [NAD] subunit, mitochondrial  [Source:UniProtKB/TrEMBL;Acc:A0A077ZFS3]",Trichuris trichiura (PRJEB535),protein_coding,trtricprjeb535
TTRE1320,TTRE1320_t1,199,protein_coding,,Trichuris trichiura (PRJEB535),protein_coding,trtricprjeb535
TTRE11648,TTRE11648_t1,347,protein_coding,,Trichuris trichiura (PRJEB535),protein_coding,trtricprjeb535
TTRE1582,TTRE1582_t1,611,protein_coding,DUF155 domain containing protein  [Source:UniProtKB/TrEMBL;Acc:A0A077Z8Y0],Trichuris trichiura (PRJEB535),protein_coding,trtricprjeb535
TTRE11949,TTRE11949_t1,497,protein_coding,,Trichuris trichiura (PRJEB535),protein_coding,trtricprjeb535
TTRE373,TTRE373_t1,347,protein_coding,,Trichuris trichiura (PRJEB535),protein_coding,trtricprjeb535
TTRE2350,TTRE2350_t1,1246,protein_coding,,Trichuris trichiura (PRJEB535),protein_coding,trtricprjeb535
TTRE3459,TTRE3459_t1,1202,protein_coding,RNA polymerase associated protein LEO1  [Source:UniProtKB/TrEMBL;Acc:A0A077Z3W9],Trichuris trichiura (PRJEB535),protein_coding,trtricprjeb535
TTRE5931,TTRE5931_t1,305,protein_coding,,Trichuris trichiura (PRJEB535),protein_coding,trtricprjeb535
TTRE7522,TTRE7522_t1,250,protein_coding,,Trichuris trichiura (PRJEB535),protein_coding,trtricprjeb535
TTRE4036,TTRE4036_t1,235,protein_coding,,Trichuris trichiura (PRJEB535),protein_coding,trtricprjeb535
TTRE10621,TTRE10621_t1,255,protein_coding,,Trichuris trichiura (PRJEB535),protein_coding,trtricprjeb535
TTRE10718,TTRE10718_t1,215,protein_coding,,Trichuris trichiura (PRJEB535),protein_coding,trtricprjeb535
TTRE2000,TTRE2000_t1,155,protein_coding,,Trichuris trichiura (PRJEB535),protein_coding,trtricprjeb535
TTRE10064,TTRE10064_t1,129,protein_coding,,Trichuris trichiura (PRJEB535),protein_coding,trtricprjeb535
TTRE445,TTRE445_t1,610,protein_coding,,Trichuris trichiura (PRJEB535),protein_coding,trtricprjeb535
TTRE6972,TTRE6972_t1,566,protein_coding,,Trichuris trichiura (PRJEB535),protein_coding,trtricprjeb535
TTRE6720,TTRE6720_t1,164,protein_coding,Vesicle associated membrane protein 7  [Source:UniProtKB/TrEMBL;Acc:A0A077ZKJ8],Trichuris trichiura (PRJEB535),protein_coding,trtricprjeb535
TTRE7988,TTRE7988_t1,281,protein_coding,EB domain-containing protein  [Source:UniProtKB/TrEMBL;Acc:A0A077Z568],Trichuris trichiura (PRJEB535),protein_coding,trtricprjeb535
TTRE2851,TTRE2851_t2,350,protein_coding,,Trichuris trichiura (PRJEB535),protein_coding,trtricprjeb535
TTRE10858,TTRE10858_t1,127,protein_coding,,Trichuris trichiura (PRJEB535),protein_coding,trtricprjeb535
TTRE7219,TTRE7219_t1,479,protein_coding,,Trichuris trichiura (PRJEB535),protein_coding,trtricprjeb535
TTRE9694,TTRE9694_t1,447,protein_coding,C2H2-type domain-containing protein  [Source:UniProtKB/TrEMBL;Acc:A0A077Z398],Trichuris trichiura (PRJEB535),protein_coding,trtricprjeb535
TTRE4891,TTRE4891_t1,315,protein_coding,Alpha-galactosidase  [Source:UniProtKB/TrEMBL;Acc:A0A077Z3S2],Trichuris trichiura (PRJEB535),protein_coding,trtricprjeb535
TTRE5160,TTRE5160_t1,126,protein_coding,,Trichuris trichiura (PRJEB535),protein_coding,trtricprjeb535
TTRE6656,TTRE6656_t1,1043,protein_coding,,Trichuris trichiura (PRJEB535),protein_coding,trtricprjeb535
TTRE3451,TTRE3451_t1,893,protein_coding,"Beta 1,4 galactosyltransferase 7  [Source:UniProtKB/TrEMBL;Acc:A0A077ZAE7]",Trichuris trichiura (PRJEB535),protein_coding,trtricprjeb535
TTRE5591,TTRE5591_t1,768,protein_coding,,Trichuris trichiura (PRJEB535),protein_coding,trtricprjeb535
TTRE12656,TTRE12656_t1,285,protein_coding,PGM PMM I domain containing protein  [Source:UniProtKB/TrEMBL;Acc:A0A077ZFP8],Trichuris trichiura (PRJEB535),protein_coding,trtricprjeb535
TTRE360,TTRE360_t1,1811,protein_coding,HEGF domain containing protein  [Source:UniProtKB/TrEMBL;Acc:A0A077ZJP9],Trichuris trichiura (PRJEB535),protein_coding,trtricprjeb535
TTRE4931,TTRE4931_t1,401,protein_coding,Histone H2B  [Source:UniProtKB/TrEMBL;Acc:A0A077Z5K0],Trichuris trichiura (PRJEB535),protein_coding,trtricprjeb535
TTRE8472,TTRE8472_t1,307,protein_coding,,Trichuris trichiura (PRJEB535),protein_coding,trtricprjeb535
TTRE2113,TTRE2113_t1,146,protein_coding,,Trichuris trichiura (PRJEB535),protein_coding,trtricprjeb535
TTRE8011,TTRE8011_t1,3653,protein_coding,,Trichuris trichiura (PRJEB535),protein_coding,trtricprjeb535
TTRE163,TTRE163_t1,2894,protein_coding,,Trichuris trichiura (PRJEB535),protein_coding,trtricprjeb535
TTRE7380,TTRE7380_t1,281,protein_coding,,Trichuris trichiura (PRJEB535),protein_coding,trtricprjeb535
TTRE3570,TTRE3570_t1,494,protein_coding,Histone H3  [Source:UniProtKB/TrEMBL;Acc:A0A077ZH00],Trichuris trichiura (PRJEB535),protein_coding,trtricprjeb535
TTRE3698,TTRE3698_t1,2855,protein_coding,DNA topoisomerase  [Source:UniProtKB/TrEMBL;Acc:A0A077ZCG1],Trichuris trichiura (PRJEB535),protein_coding,trtricprjeb535
TTRE11906,TTRE11906_t1,359,protein_coding,,Trichuris trichiura (PRJEB535),protein_coding,trtricprjeb535
TTRE9062,TTRE9062_t1,972,protein_coding,7TM GPCR Srsx domain containing protein  [Source:UniProtKB/TrEMBL;Acc:A0A077YZ87],Trichuris trichiura (PRJEB535),protein_coding,trtricprjeb535
TTRE3586,TTRE3586_t1,400,protein_coding,,Trichuris trichiura (PRJEB535),protein_coding,trtricprjeb535
TTRE1925,TTRE1925_t1,270,protein_coding,Ring finger protein 167  [Source:UniProtKB/TrEMBL;Acc:A0A077ZII0],Trichuris trichiura (PRJEB535),protein_coding,trtricprjeb535
TTRE10016,TTRE10016_t1,221,protein_coding,,Trichuris trichiura (PRJEB535),protein_coding,trtricprjeb535
TTRE10701,TTRE10701_t1,167,protein_coding,,Trichuris trichiura (PRJEB535),protein_coding,trtricprjeb535
TTRE130,TTRE130_t1,251,protein_coding,,Trichuris trichiura (PRJEB535),protein_coding,trtricprjeb535
TTRE11434,TTRE11434_t1,459,protein_coding,,Trichuris trichiura (PRJEB535),protein_coding,trtricprjeb535
TTRE5551,TTRE5551_t1,252,protein_coding,,Trichuris trichiura (PRJEB535),protein_coding,trtricprjeb535
TTRE3594,TTRE3594_t1,192,protein_coding,,Trichuris trichiura (PRJEB535),protein_coding,trtricprjeb535
TTRE3068,TTRE3068_t1,146,protein_coding,,Trichuris trichiura (PRJEB535),protein_coding,trtricprjeb535
TTRE815,TTRE815_t1,614,protein_coding,,Trichuris trichiura (PRJEB535),protein_coding,trtricprjeb535
TTRE12086,TTRE12086_t1,931,protein_coding,,Trichuris trichiura (PRJEB535),protein_coding,trtricprjeb535
TTRE3435,TTRE3435_t1,129,protein_coding,,Trichuris trichiura (PRJEB535),protein_coding,trtricprjeb535
TTRE896,TTRE896_t1,118,protein_coding,,Trichuris trichiura (PRJEB535),protein_coding,trtricprjeb535
TTRE6806,TTRE6806_t1,530,protein_coding,,Trichuris trichiura (PRJEB535),protein_coding,trtricprjeb535
TTRE1144,TTRE1144_t1,432,protein_coding,,Trichuris trichiura (PRJEB535),protein_coding,trtricprjeb535
TTRE8715,TTRE8715_t1,2024,protein_coding,,Trichuris trichiura (PRJEB535),protein_coding,trtricprjeb535
TTRE11898,TTRE11898_t1,292,protein_coding,Zf-RING 5 domain containing protein  [Source:UniProtKB/TrEMBL;Acc:A0A077ZBD3],Trichuris trichiura (PRJEB535),protein_coding,trtricprjeb535
TTRE7870,TTRE7870_t1,143,protein_coding,,Trichuris trichiura (PRJEB535),protein_coding,trtricprjeb535
TTRE8384,TTRE8384_t1,830,protein_coding,FYVE and coiled-coil domain-containing protein 1  [Source:UniProtKB/TrEMBL;Acc:A0A077Z786],Trichuris trichiura (PRJEB535),protein_coding,trtricprjeb535
TTRE309,TTRE309_t1,230,protein_coding,,Trichuris trichiura (PRJEB535),protein_coding,trtricprjeb535
TTRE10399,TTRE10399_t1,661,protein_coding,,Trichuris trichiura (PRJEB535),protein_coding,trtricprjeb535
TTRE10050,TTRE10050_t1,234,protein_coding,PLAT domain containing protein  [Source:UniProtKB/TrEMBL;Acc:A0A077YXL6],Trichuris trichiura (PRJEB535),protein_coding,trtricprjeb535
TTRE8229,TTRE8229_t1,2186,protein_coding,,Trichuris trichiura (PRJEB535),protein_coding,trtricprjeb535
TTRE11676,TTRE11676_t1,280,protein_coding,,Trichuris trichiura (PRJEB535),protein_coding,trtricprjeb535
TTRE9699,TTRE9699_t1,1066,protein_coding,Aspartyl:asparaginyl beta hydroxylase  [Source:UniProtKB/TrEMBL;Acc:A0A077Z3C7],Trichuris trichiura (PRJEB535),protein_coding,trtricprjeb535
TTRE11920,TTRE11920_t1,482,protein_coding,,Trichuris trichiura (PRJEB535),protein_coding,trtricprjeb535
TTRE618,TTRE618_t1,248,protein_coding,,Trichuris trichiura (PRJEB535),protein_coding,trtricprjeb535
TTRE8015,TTRE8015_t1,322,protein_coding,Ribonuclease 3  [Source:UniProtKB/TrEMBL;Acc:A0A077ZBS9],Trichuris trichiura (PRJEB535),protein_coding,trtricprjeb535
TTRE11593,TTRE11593_t1,506,protein_coding,,Trichuris trichiura (PRJEB535),protein_coding,trtricprjeb535
TTRE6463,TTRE6463_t1,824,protein_coding,,Trichuris trichiura (PRJEB535),protein_coding,trtricprjeb535
TTRE2122,TTRE2122_t1,354,protein_coding,,Trichuris trichiura (PRJEB535),protein_coding,trtricprjeb535
TTRE2975,TTRE2975_t1,333,protein_coding,,Trichuris trichiura (PRJEB535),protein_coding,trtricprjeb535
TTRE7120,TTRE7120_t1,778,protein_coding,,Trichuris trichiura (PRJEB535),protein_coding,trtricprjeb535
TTRE9022,TTRE9022_t1,770,protein_coding,,Trichuris trichiura (PRJEB535),protein_coding,trtricprjeb535
TTRE12510,TTRE12510_t1,356,protein_coding,,Trichuris trichiura (PRJEB535),protein_coding,trtricprjeb535
TTRE3970,TTRE3970_t1,437,protein_coding,Grp1 Fun34 YaaH domain containing protein  [Source:UniProtKB/TrEMBL;Acc:A0A077ZDF5],Trichuris trichiura (PRJEB535),protein_coding,trtricprjeb535
TTRE2258,TTRE2258_t1,914,protein_coding,,Trichuris trichiura (PRJEB535),protein_coding,trtricprjeb535
TTRE4504,TTRE4504_t1,151,protein_coding,,Trichuris trichiura (PRJEB535),protein_coding,trtricprjeb535
TTRE411,TTRE411_t1,1784,protein_coding,,Trichuris trichiura (PRJEB535),protein_coding,trtricprjeb535
TTRE6381,TTRE6381_t1,650,protein_coding,,Trichuris trichiura (PRJEB535),protein_coding,trtricprjeb535
TTRE863,TTRE863_t2,254,protein_coding,,Trichuris trichiura (PRJEB535),protein_coding,trtricprjeb535
TTRE7426,TTRE7426_t1,422,protein_coding,,Trichuris trichiura (PRJEB535),protein_coding,trtricprjeb535
TTRE12062,TTRE12062_t1,205,protein_coding,,Trichuris trichiura (PRJEB535),protein_coding,trtricprjeb535
TTRE10192,TTRE10192_t1,1925,protein_coding,,Trichuris trichiura (PRJEB535),protein_coding,trtricprjeb535
TTRE6627,TTRE6627_t1,590,protein_coding,,Trichuris trichiura (PRJEB535),protein_coding,trtricprjeb535
TTRE5029,TTRE5029_t1,209,protein_coding,,Trichuris trichiura (PRJEB535),protein_coding,trtricprjeb535
TTRE9406,TTRE9406_t1,653,protein_coding,,Trichuris trichiura (PRJEB535),protein_coding,trtricprjeb535
TTRE599,TTRE599_t1,695,protein_coding,,Trichuris trichiura (PRJEB535),protein_coding,trtricprjeb535
TTRE8943,TTRE8943_t1,146,protein_coding,HYPK_UBA domain-containing protein  [Source:UniProtKB/TrEMBL;Acc:A0A077YXP5],Trichuris trichiura (PRJEB535),protein_coding,trtricprjeb535
TTRE12075,TTRE12075_t1,213,protein_coding,,Trichuris trichiura (PRJEB535),protein_coding,trtricprjeb535
TTRE2996,TTRE2996_t1,251,protein_coding,,Trichuris trichiura (PRJEB535),protein_coding,trtricprjeb535
TTRE5480,TTRE5480_t1,228,protein_coding,,Trichuris trichiura (PRJEB535),protein_coding,trtricprjeb535
TTRE12009,TTRE12009_t1,173,protein_coding,,Trichuris trichiura (PRJEB535),protein_coding,trtricprjeb535
TTRE12071,TTRE12071_t1,1520,protein_coding,,Trichuris trichiura (PRJEB535),protein_coding,trtricprjeb535
TTRE839,TTRE839_t1,312,protein_coding,26S proteasome non ATPase regulatory subunit 7  [Source:UniProtKB/TrEMBL;Acc:A0A077Z5D0],Trichuris trichiura (PRJEB535),protein_coding,trtricprjeb535
TTRE9671,TTRE9671_t1,218,protein_coding,,Trichuris trichiura (PRJEB535),protein_coding,trtricprjeb535
TTRE6893,TTRE6893_t1,398,protein_coding,,Trichuris trichiura (PRJEB535),protein_coding,trtricprjeb535
TTRE2010,TTRE2010_t1,259,protein_coding,,Trichuris trichiura (PRJEB535),protein_coding,trtricprjeb535
TTRE298,TTRE298_t1,2163,protein_coding,Plexin A4  [Source:UniProtKB/TrEMBL;Acc:A0A077ZB36],Trichuris trichiura (PRJEB535),protein_coding,trtricprjeb535
TTRE3143,TTRE3143_t1,237,protein_coding,,Trichuris trichiura (PRJEB535),protein_coding,trtricprjeb535
TTRE1385,TTRE1385_t1,589,protein_coding,Cuticle collagen 14  [Source:UniProtKB/TrEMBL;Acc:A0A077Z745],Trichuris trichiura (PRJEB535),protein_coding,trtricprjeb535
TTRE5587,TTRE5587_t1,1133,protein_coding,Putative cuticle collagen 2  [Source:UniProtKB/TrEMBL;Acc:A0A077ZGG4],Trichuris trichiura (PRJEB535),protein_coding,trtricprjeb535
TTRE12124,TTRE12124_t1,635,protein_coding,,Trichuris trichiura (PRJEB535),protein_coding,trtricprjeb535
TTRE5515,TTRE5515_t1,304,protein_coding,,Trichuris trichiura (PRJEB535),protein_coding,trtricprjeb535
TTRE583,TTRE583_t1,281,protein_coding,,Trichuris trichiura (PRJEB535),protein_coding,trtricprjeb535
TTRE11396,TTRE11396_t1,168,protein_coding,,Trichuris trichiura (PRJEB535),protein_coding,trtricprjeb535
TTRE6975,TTRE6975_t1,153,protein_coding,,Trichuris trichiura (PRJEB535),protein_coding,trtricprjeb535
TTRE5244,TTRE5244_t1,296,protein_coding,,Trichuris trichiura (PRJEB535),protein_coding,trtricprjeb535
TTRE1206,TTRE1206_t1,267,protein_coding,NADH dehydrogenase (Ubiquinone) flavoprotein 2  [Source:UniProtKB/TrEMBL;Acc:A0A077Z359],Trichuris trichiura (PRJEB535),protein_coding,trtricprjeb535
TTRE11657,TTRE11657_t1,560,protein_coding,,Trichuris trichiura (PRJEB535),protein_coding,trtricprjeb535
TTRE6788,TTRE6788_t1,260,protein_coding,,Trichuris trichiura (PRJEB535),protein_coding,trtricprjeb535
TTRE10282,TTRE10282_t1,503,protein_coding,,Trichuris trichiura (PRJEB535),protein_coding,trtricprjeb535
TTRE8434,TTRE8434_t1,335,protein_coding,,Trichuris trichiura (PRJEB535),protein_coding,trtricprjeb535
TTRE280,TTRE280_t1,199,protein_coding,,Trichuris trichiura (PRJEB535),protein_coding,trtricprjeb535
TTRE1468,TTRE1468_t1,338,protein_coding,Nudix hydrolase 6  [Source:UniProtKB/TrEMBL;Acc:A0A077YVG3],Trichuris trichiura (PRJEB535),protein_coding,trtricprjeb535
TTRE4058,TTRE4058_t1,413,protein_coding,,Trichuris trichiura (PRJEB535),protein_coding,trtricprjeb535
TTRE11299,TTRE11299_t1,1805,protein_coding,,Trichuris trichiura (PRJEB535),protein_coding,trtricprjeb535
TTRE11914,TTRE11914_t1,731,protein_coding,,Trichuris trichiura (PRJEB535),protein_coding,trtricprjeb535
TTRE9041,TTRE9041_t1,488,protein_coding,,Trichuris trichiura (PRJEB535),protein_coding,trtricprjeb535
TTRE9527,TTRE9527_t1,302,protein_coding,,Trichuris trichiura (PRJEB535),protein_coding,trtricprjeb535
TTRE838,TTRE838_t1,403,protein_coding,Metastasis associated protein MTA1  [Source:UniProtKB/TrEMBL;Acc:A0A077Z4I3],Trichuris trichiura (PRJEB535),protein_coding,trtricprjeb535
TTRE9328,TTRE9328_t1,1406,protein_coding,,Trichuris trichiura (PRJEB535),protein_coding,trtricprjeb535
TTRE5839,TTRE5839_t1,650,protein_coding,,Trichuris trichiura (PRJEB535),protein_coding,trtricprjeb535
TTRE7962,TTRE7962_t1,440,protein_coding,,Trichuris trichiura (PRJEB535),protein_coding,trtricprjeb535
TTRE9239,TTRE9239_t1,317,protein_coding,"Succinate dehydrogenase assembly factor 4, mitochondrial  [Source:UniProtKB/TrEMBL;Acc:A0A077Z960]",Trichuris trichiura (PRJEB535),protein_coding,trtricprjeb535
TTRE5217,TTRE5217_t1,509,protein_coding,,Trichuris trichiura (PRJEB535),protein_coding,trtricprjeb535
TTRE3556,TTRE3556_t1,216,protein_coding,UBX domain containing protein  [Source:UniProtKB/TrEMBL;Acc:A0A077Z3M1],Trichuris trichiura (PRJEB535),protein_coding,trtricprjeb535
TTRE6727,TTRE6727_t1,1523,protein_coding,,Trichuris trichiura (PRJEB535),protein_coding,trtricprjeb535
TTRE10380,TTRE10380_t1,610,protein_coding,,Trichuris trichiura (PRJEB535),protein_coding,trtricprjeb535
TTRE2037,TTRE2037_t1,949,protein_coding,GCR1_C domain-containing protein  [Source:UniProtKB/TrEMBL;Acc:A0A077ZCU7],Trichuris trichiura (PRJEB535),protein_coding,trtricprjeb535
TTRE3826,TTRE3826_t1,1305,protein_coding,,Trichuris trichiura (PRJEB535),protein_coding,trtricprjeb535
TTRE5550,TTRE5550_t1,390,protein_coding,Partner of Y14 and mago  [Source:UniProtKB/TrEMBL;Acc:A0A077ZBI8],Trichuris trichiura (PRJEB535),protein_coding,trtricprjeb535
TTRE10947,TTRE10947_t1,734,protein_coding,,Trichuris trichiura (PRJEB535),protein_coding,trtricprjeb535
TTRE1913,TTRE1913_t1,1190,protein_coding,,Trichuris trichiura (PRJEB535),protein_coding,trtricprjeb535
TTRE3805,TTRE3805_t1,1137,protein_coding,,Trichuris trichiura (PRJEB535),protein_coding,trtricprjeb535
TTRE9130,TTRE9130_t1,377,protein_coding,,Trichuris trichiura (PRJEB535),protein_coding,trtricprjeb535
TTRE10040,TTRE10040_t1,359,protein_coding,,Trichuris trichiura (PRJEB535),protein_coding,trtricprjeb535
TTRE10093,TTRE10093_t1,555,protein_coding,,Trichuris trichiura (PRJEB535),protein_coding,trtricprjeb535
TTRE9902,TTRE9902_t1,269,protein_coding,,Trichuris trichiura (PRJEB535),protein_coding,trtricprjeb535
TTRE3342,TTRE3342_t1,157,protein_coding,RxLR effector protein  [Source:UniProtKB/TrEMBL;Acc:A0A077ZI05],Trichuris trichiura (PRJEB535),protein_coding,trtricprjeb535
TTRE5403,TTRE5403_t1,153,protein_coding,,Trichuris trichiura (PRJEB535),protein_coding,trtricprjeb535
TTRE7898,TTRE7898_t1,176,protein_coding,,Trichuris trichiura (PRJEB535),protein_coding,trtricprjeb535
TTRE12597,TTRE12597_t1,2612,protein_coding,,Trichuris trichiura (PRJEB535),protein_coding,trtricprjeb535
TTRE2649,TTRE2649_t5,845,protein_coding,,Trichuris trichiura (PRJEB535),protein_coding,trtricprjeb535
TTRE9936,TTRE9936_t1,368,protein_coding,,Trichuris trichiura (PRJEB535),protein_coding,trtricprjeb535
TTRE7454,TTRE7454_t1,1246,protein_coding,B box type zinc finger protein ncl 1  [Source:UniProtKB/TrEMBL;Acc:A0A077Z4J3],Trichuris trichiura (PRJEB535),protein_coding,trtricprjeb535
TTRE5076,TTRE5076_t1,202,protein_coding,Fasciclin domain containing protein  [Source:UniProtKB/TrEMBL;Acc:A0A077Z6M9],Trichuris trichiura (PRJEB535),protein_coding,trtricprjeb535
TTRE4766,TTRE4766_t1,1028,protein_coding,Phosphatidylcholine:ceramide cholinephosphotransf erase 2  [Source:UniProtKB/TrEMBL;Acc:A0A077YZX0],Trichuris trichiura (PRJEB535),protein_coding,trtricprjeb535
TTRE2280,TTRE2280_t1,1181,protein_coding,Fucosyltransferase  [Source:UniProtKB/TrEMBL;Acc:A0A077Z5S4],Trichuris trichiura (PRJEB535),protein_coding,trtricprjeb535
TTRE108,TTRE108_t1,421,protein_coding,Target of rapamycin complex subunit lst8  [Source:UniProtKB/TrEMBL;Acc:A0A077YVX8],Trichuris trichiura (PRJEB535),protein_coding,trtricprjeb535
TTRE3728,TTRE3728_t1,172,protein_coding,Tmemb cc2 domain containing protein  [Source:UniProtKB/TrEMBL;Acc:A0A077Z3X7],Trichuris trichiura (PRJEB535),protein_coding,trtricprjeb535
TTRE5942,TTRE5942_t1,154,protein_coding,,Trichuris trichiura (PRJEB535),protein_coding,trtricprjeb535
TTRE12549,TTRE12549_t1,151,protein_coding,,Trichuris trichiura (PRJEB535),protein_coding,trtricprjeb535
TTRE3821,TTRE3821_t1,295,protein_coding,,Trichuris trichiura (PRJEB535),protein_coding,trtricprjeb535
TTRE3500,TTRE3500_t1,1262,protein_coding,T6PP_N domain-containing protein  [Source:UniProtKB/TrEMBL;Acc:A0A077YXF9],Trichuris trichiura (PRJEB535),protein_coding,trtricprjeb535
TTRE5557,TTRE5557_t1,187,protein_coding,,Trichuris trichiura (PRJEB535),protein_coding,trtricprjeb535
TTRE3564,TTRE3564_t1,307,protein_coding,,Trichuris trichiura (PRJEB535),protein_coding,trtricprjeb535
TTRE4092,TTRE4092_t1,222,protein_coding,Transmembrane protein adipocyte associated 1  [Source:UniProtKB/TrEMBL;Acc:A0A077Z2D2],Trichuris trichiura (PRJEB535),protein_coding,trtricprjeb535
TTRE10279,TTRE10279_t1,769,protein_coding,,Trichuris trichiura (PRJEB535),protein_coding,trtricprjeb535
TTRE9988,TTRE9988_t1,518,protein_coding,,Trichuris trichiura (PRJEB535),protein_coding,trtricprjeb535
TTRE10887,TTRE10887_t1,449,protein_coding,,Trichuris trichiura (PRJEB535),protein_coding,trtricprjeb535
TTRE5885,TTRE5885_t1,347,protein_coding,,Trichuris trichiura (PRJEB535),protein_coding,trtricprjeb535
TTRE7760,TTRE7760_t1,1148,protein_coding,,Trichuris trichiura (PRJEB535),protein_coding,trtricprjeb535
TTRE3138,TTRE3138_t1,551,protein_coding,Protein-tyrosine sulfotransferase  [Source:UniProtKB/TrEMBL;Acc:A0A077ZCW5],Trichuris trichiura (PRJEB535),protein_coding,trtricprjeb535
TTRE8536,TTRE8536_t1,290,protein_coding,,Trichuris trichiura (PRJEB535),protein_coding,trtricprjeb535
TTRE3335,TTRE3335_t1,1235,protein_coding,Calreticulin  [Source:UniProtKB/TrEMBL;Acc:A0A077ZB14],Trichuris trichiura (PRJEB535),protein_coding,trtricprjeb535
TTRE4606,TTRE4606_t1,262,protein_coding,Transmembrane serine protease 8  [Source:UniProtKB/TrEMBL;Acc:A0A077Z0B3],Trichuris trichiura (PRJEB535),protein_coding,trtricprjeb535
TTRE10522,TTRE10522_t1,467,protein_coding,,Trichuris trichiura (PRJEB535),protein_coding,trtricprjeb535
TTRE7966,TTRE7966_t1,761,protein_coding,,Trichuris trichiura (PRJEB535),protein_coding,trtricprjeb535
TTRE1631,TTRE1631_t1,164,protein_coding,,Trichuris trichiura (PRJEB535),protein_coding,trtricprjeb535
TTRE6747,TTRE6747_t1,317,protein_coding,,Trichuris trichiura (PRJEB535),protein_coding,trtricprjeb535
TTRE11000,TTRE11000_t1,1081,protein_coding,,Trichuris trichiura (PRJEB535),protein_coding,trtricprjeb535
TTRE12632,TTRE12632_t1,204,protein_coding,,Trichuris trichiura (PRJEB535),protein_coding,trtricprjeb535
TTRE12434,TTRE12434_t1,436,protein_coding,,Trichuris trichiura (PRJEB535),protein_coding,trtricprjeb535
TTRE3994,TTRE3994_t1,160,protein_coding,,Trichuris trichiura (PRJEB535),protein_coding,trtricprjeb535
TTRE5657,TTRE5657_t2,3803,protein_coding,LRR 4 and LRR 5 and LRR 7 and LRR 1 and TIR and L RR 8 and LRR 6 domain containing protein  [Source:UniProtKB/TrEMBL;Acc:A0A077Z6N6],Trichuris trichiura (PRJEB535),protein_coding,trtricprjeb535
TTRE7909,TTRE7909_t1,209,protein_coding,,Trichuris trichiura (PRJEB535),protein_coding,trtricprjeb535
TTRE7150,TTRE7150_t1,795,protein_coding,,Trichuris trichiura (PRJEB535),protein_coding,trtricprjeb535
TTRE2283,TTRE2283_t1,248,protein_coding,,Trichuris trichiura (PRJEB535),protein_coding,trtricprjeb535
TTRE3237,TTRE3237_t1,335,protein_coding,,Trichuris trichiura (PRJEB535),protein_coding,trtricprjeb535
TTRE3709,TTRE3709_t1,625,protein_coding,,Trichuris trichiura (PRJEB535),protein_coding,trtricprjeb535
TTRE10670,TTRE10670_t1,500,protein_coding,,Trichuris trichiura (PRJEB535),protein_coding,trtricprjeb535
TTRE9132,TTRE9132_t1,985,protein_coding,,Trichuris trichiura (PRJEB535),protein_coding,trtricprjeb535
TTRE12610,TTRE12610_t1,326,protein_coding,,Trichuris trichiura (PRJEB535),protein_coding,trtricprjeb535
TTRE3583,TTRE3583_t1,242,protein_coding,,Trichuris trichiura (PRJEB535),protein_coding,trtricprjeb535
TTRE4819,TTRE4819_t1,470,protein_coding,,Trichuris trichiura (PRJEB535),protein_coding,trtricprjeb535
TTRE3318,TTRE3318_t1,405,protein_coding,,Trichuris trichiura (PRJEB535),protein_coding,trtricprjeb535
TTRE7510,TTRE7510_t1,2378,protein_coding,,Trichuris trichiura (PRJEB535),protein_coding,trtricprjeb535
TTRE1105,TTRE1105_t1,1253,protein_coding,PH domain-containing protein  [Source:UniProtKB/TrEMBL;Acc:A0A077Z9P8],Trichuris trichiura (PRJEB535),protein_coding,trtricprjeb535
TTRE12362,TTRE12362_t1,314,protein_coding,,Trichuris trichiura (PRJEB535),protein_coding,trtricprjeb535
TTRE8281,TTRE8281_t1,2069,protein_coding,,Trichuris trichiura (PRJEB535),protein_coding,trtricprjeb535
TTRE3892,TTRE3892_t1,1055,protein_coding,DUF3421 domain containing protein  [Source:UniProtKB/TrEMBL;Acc:A0A077YYX4],Trichuris trichiura (PRJEB535),protein_coding,trtricprjeb535
TTRE859,TTRE859_t1,923,protein_coding,"Oxidoreductase, short chain  [Source:UniProtKB/TrEMBL;Acc:A0A077YWJ9]",Trichuris trichiura (PRJEB535),protein_coding,trtricprjeb535
TTRE1739,TTRE1739_t1,340,protein_coding,,Trichuris trichiura (PRJEB535),protein_coding,trtricprjeb535
TTRE3373,TTRE3373_t1,437,protein_coding,,Trichuris trichiura (PRJEB535),protein_coding,trtricprjeb535
TTRE49,TTRE49_t1,2005,protein_coding,Protein tincar  [Source:UniProtKB/TrEMBL;Acc:A0A077ZG74],Trichuris trichiura (PRJEB535),protein_coding,trtricprjeb535
TTRE11527,TTRE11527_t1,344,protein_coding,,Trichuris trichiura (PRJEB535),protein_coding,trtricprjeb535
TTRE12563,TTRE12563_t1,325,protein_coding,,Trichuris trichiura (PRJEB535),protein_coding,trtricprjeb535
TTRE5394,TTRE5394_t1,229,protein_coding,arginine kinase  [Source:UniProtKB/TrEMBL;Acc:A0A077Z8H1],Trichuris trichiura (PRJEB535),protein_coding,trtricprjeb535
TTRE1663,TTRE1663_t2,1130,protein_coding,,Trichuris trichiura (PRJEB535),protein_coding,trtricprjeb535
TTRE91,TTRE91_t1,191,protein_coding,,Trichuris trichiura (PRJEB535),protein_coding,trtricprjeb535
TTRE7049,TTRE7049_t1,773,protein_coding,Zf-CCHC domain containing protein  [Source:UniProtKB/TrEMBL;Acc:A0A077ZM05],Trichuris trichiura (PRJEB535),protein_coding,trtricprjeb535
TTRE2381,TTRE2381_t1,1643,protein_coding,,Trichuris trichiura (PRJEB535),protein_coding,trtricprjeb535
TTRE4534,TTRE4534_t1,934,protein_coding,L dopachrome tautomerase  [Source:UniProtKB/TrEMBL;Acc:A0A077ZFE0],Trichuris trichiura (PRJEB535),protein_coding,trtricprjeb535
TTRE3248,TTRE3248_t1,477,protein_coding,F-box domain-containing protein  [Source:UniProtKB/TrEMBL;Acc:A0A077ZP66],Trichuris trichiura (PRJEB535),protein_coding,trtricprjeb535
TTRE10065,TTRE10065_t1,194,protein_coding,,Trichuris trichiura (PRJEB535),protein_coding,trtricprjeb535
TTRE2398,TTRE2398_t1,407,protein_coding,,Trichuris trichiura (PRJEB535),protein_coding,trtricprjeb535
TTRE2601,TTRE2601_t1,153,protein_coding,Signal peptidase complex subunit 3  [Source:UniProtKB/TrEMBL;Acc:A0A077Z7U7],Trichuris trichiura (PRJEB535),protein_coding,trtricprjeb535
TTRE11970,TTRE11970_t1,2099,protein_coding,,Trichuris trichiura (PRJEB535),protein_coding,trtricprjeb535
TTRE3771,TTRE3771_t1,260,protein_coding,,Trichuris trichiura (PRJEB535),protein_coding,trtricprjeb535
TTRE10236,TTRE10236_t1,1385,protein_coding,,Trichuris trichiura (PRJEB535),protein_coding,trtricprjeb535
TTRE3519,TTRE3519_t1,281,protein_coding,Puff specific protein Bx42  [Source:UniProtKB/TrEMBL;Acc:A0A077Z3X4],Trichuris trichiura (PRJEB535),protein_coding,trtricprjeb535
TTRE2828,TTRE2828_t1,245,protein_coding,,Trichuris trichiura (PRJEB535),protein_coding,trtricprjeb535
TTRE8093,TTRE8093_t1,171,protein_coding,,Trichuris trichiura (PRJEB535),protein_coding,trtricprjeb535
TTRE5911,TTRE5911_t1,623,protein_coding,,Trichuris trichiura (PRJEB535),protein_coding,trtricprjeb535
TTRE4601,TTRE4601_t1,685,protein_coding,Transcription factor AP 2 alpha  [Source:UniProtKB/TrEMBL;Acc:A0A077Z834],Trichuris trichiura (PRJEB535),protein_coding,trtricprjeb535
TTRE9119,TTRE9119_t1,280,protein_coding,,Trichuris trichiura (PRJEB535),protein_coding,trtricprjeb535
TTRE3357,TTRE3357_t1,142,protein_coding,,Trichuris trichiura (PRJEB535),protein_coding,trtricprjeb535
TTRE1948,TTRE1948_t1,2090,protein_coding,PAZ and Piwi domain containing protein  [Source:UniProtKB/TrEMBL;Acc:A0A077Z0S9],Trichuris trichiura (PRJEB535),protein_coding,trtricprjeb535
TTRE6316,TTRE6316_t1,218,protein_coding,,Trichuris trichiura (PRJEB535),protein_coding,trtricprjeb535
TTRE2072,TTRE2072_t1,199,protein_coding,Vacuolar proton pump subunit B  [Source:UniProtKB/TrEMBL;Acc:A0A077Z6W5],Trichuris trichiura (PRJEB535),protein_coding,trtricprjeb535
TTRE1463,TTRE1463_t1,579,protein_coding,Zn finger in Ran binding protein  [Source:UniProtKB/TrEMBL;Acc:A0A077ZES9],Trichuris trichiura (PRJEB535),protein_coding,trtricprjeb535
TTRE8875,TTRE8875_t1,669,protein_coding,,Trichuris trichiura (PRJEB535),protein_coding,trtricprjeb535
TTRE6744,TTRE6744_t1,604,protein_coding,,Trichuris trichiura (PRJEB535),protein_coding,trtricprjeb535
TTRE3929,TTRE3929_t1,1169,protein_coding,,Trichuris trichiura (PRJEB535),protein_coding,trtricprjeb535
TTRE12356,TTRE12356_t1,1340,protein_coding,,Trichuris trichiura (PRJEB535),protein_coding,trtricprjeb535
TTRE5398,TTRE5398_t1,194,protein_coding,,Trichuris trichiura (PRJEB535),protein_coding,trtricprjeb535
TTRE11402,TTRE11402_t1,99,protein_coding,,Trichuris trichiura (PRJEB535),protein_coding,trtricprjeb535
TTRE7142,TTRE7142_t1,443,protein_coding,,Trichuris trichiura (PRJEB535),protein_coding,trtricprjeb535
TTRE12475,TTRE12475_t1,637,protein_coding,,Trichuris trichiura (PRJEB535),protein_coding,trtricprjeb535
TTRE3244,TTRE3244_t1,634,protein_coding,,Trichuris trichiura (PRJEB535),protein_coding,trtricprjeb535
TTRE2334,TTRE2334_t1,336,protein_coding,,Trichuris trichiura (PRJEB535),protein_coding,trtricprjeb535
TTRE12396,TTRE12396_t1,1172,protein_coding,,Trichuris trichiura (PRJEB535),protein_coding,trtricprjeb535
TTRE2819,TTRE2819_t1,338,protein_coding,,Trichuris trichiura (PRJEB535),protein_coding,trtricprjeb535
TTRE4912,TTRE4912_t1,719,protein_coding,Neuropeptide Y receptor  [Source:UniProtKB/TrEMBL;Acc:A0A077Z2V7],Trichuris trichiura (PRJEB535),protein_coding,trtricprjeb535
TTRE8259,TTRE8259_t1,402,protein_coding,,Trichuris trichiura (PRJEB535),protein_coding,trtricprjeb535
TTRE2626,TTRE2626_t1,294,protein_coding,Phosphatidylinositol 5 phosphate 4 kinase type 2  [Source:UniProtKB/TrEMBL;Acc:A0A077ZAU0],Trichuris trichiura (PRJEB535),protein_coding,trtricprjeb535
TTRE5501,TTRE5501_t1,1136,protein_coding,DUF3800 domain-containing protein  [Source:UniProtKB/TrEMBL;Acc:A0A077ZMX7],Trichuris trichiura (PRJEB535),protein_coding,trtricprjeb535
TTRE201,TTRE201_t1,623,protein_coding,,Trichuris trichiura (PRJEB535),protein_coding,trtricprjeb535
TTRE11943,TTRE11943_t1,848,protein_coding,,Trichuris trichiura (PRJEB535),protein_coding,trtricprjeb535
TTRE11092,TTRE11092_t1,345,protein_coding,,Trichuris trichiura (PRJEB535),protein_coding,trtricprjeb535
TTRE6109,TTRE6109_t1,206,protein_coding,,Trichuris trichiura (PRJEB535),protein_coding,trtricprjeb535
TTRE7804,TTRE7804_t1,5210,protein_coding,,Trichuris trichiura (PRJEB535),protein_coding,trtricprjeb535
TTRE3606,TTRE3606_t1,836,protein_coding,,Trichuris trichiura (PRJEB535),protein_coding,trtricprjeb535
TTRE10648,TTRE10648_t1,126,protein_coding,,Trichuris trichiura (PRJEB535),protein_coding,trtricprjeb535
TTRE10458,TTRE10458_t1,413,protein_coding,,Trichuris trichiura (PRJEB535),protein_coding,trtricprjeb535
TTRE11187,TTRE11187_t1,529,protein_coding,,Trichuris trichiura (PRJEB535),protein_coding,trtricprjeb535
TTRE9496,TTRE9496_t1,776,protein_coding,,Trichuris trichiura (PRJEB535),protein_coding,trtricprjeb535
TTRE5750,TTRE5750_t1,1396,protein_coding,,Trichuris trichiura (PRJEB535),protein_coding,trtricprjeb535
TTRE6764,TTRE6764_t1,356,protein_coding,,Trichuris trichiura (PRJEB535),protein_coding,trtricprjeb535
TTRE2880,TTRE2880_t1,338,protein_coding,,Trichuris trichiura (PRJEB535),protein_coding,trtricprjeb535
TTRE4771,TTRE4771_t1,230,protein_coding,Macro domain containing protein  [Source:UniProtKB/TrEMBL;Acc:A0A077Z2L9],Trichuris trichiura (PRJEB535),protein_coding,trtricprjeb535
TTRE6967,TTRE6967_t1,455,protein_coding,,Trichuris trichiura (PRJEB535),protein_coding,trtricprjeb535
TTRE11612,TTRE11612_t1,145,protein_coding,,Trichuris trichiura (PRJEB535),protein_coding,trtricprjeb535
TTRE6169,TTRE6169_t1,337,protein_coding,Protein tag 52  [Source:UniProtKB/TrEMBL;Acc:A0A077Z1G5],Trichuris trichiura (PRJEB535),protein_coding,trtricprjeb535
TTRE7623,TTRE7623_t1,785,protein_coding,SNRNP27 domain-containing protein  [Source:UniProtKB/TrEMBL;Acc:A0A077ZI38],Trichuris trichiura (PRJEB535),protein_coding,trtricprjeb535
TTRE10762,TTRE10762_t1,1367,protein_coding,,Trichuris trichiura (PRJEB535),protein_coding,trtricprjeb535
TTRE2085,TTRE2085_t1,478,protein_coding,Putative tetraspanin family integral membrane pro tein  [Source:UniProtKB/TrEMBL;Acc:A0A077YXE9],Trichuris trichiura (PRJEB535),protein_coding,trtricprjeb535
TTRE7065,TTRE7065_t1,956,protein_coding,PIK helical domain-containing protein  [Source:UniProtKB/TrEMBL;Acc:A0A077ZJU1],Trichuris trichiura (PRJEB535),protein_coding,trtricprjeb535
TTRE12068,TTRE12068_t1,647,protein_coding,Fork head domain containing protein  [Source:UniProtKB/TrEMBL;Acc:A0A077ZCA4],Trichuris trichiura (PRJEB535),protein_coding,trtricprjeb535
TTRE9521,TTRE9521_t1,167,protein_coding,,Trichuris trichiura (PRJEB535),protein_coding,trtricprjeb535
TTRE10326,TTRE10326_t1,227,protein_coding,,Trichuris trichiura (PRJEB535),protein_coding,trtricprjeb535
TTRE10340,TTRE10340_t1,860,protein_coding,,Trichuris trichiura (PRJEB535),protein_coding,trtricprjeb535
TTRE3000,TTRE3000_t1,210,protein_coding,,Trichuris trichiura (PRJEB535),protein_coding,trtricprjeb535
TTRE7559,TTRE7559_t1,146,protein_coding,,Trichuris trichiura (PRJEB535),protein_coding,trtricprjeb535
TTRE9816,TTRE9816_t1,230,protein_coding,,Trichuris trichiura (PRJEB535),protein_coding,trtricprjeb535
TTRE2338,TTRE2338_t1,371,protein_coding,,Trichuris trichiura (PRJEB535),protein_coding,trtricprjeb535
TTRE12478,TTRE12478_t1,302,protein_coding,,Trichuris trichiura (PRJEB535),protein_coding,trtricprjeb535
TTRE11277,TTRE11277_t1,481,protein_coding,,Trichuris trichiura (PRJEB535),protein_coding,trtricprjeb535
TTRE2966,TTRE2966_t1,607,protein_coding,Regulator of nuclear mRNA  [Source:UniProtKB/TrEMBL;Acc:A0A077Z223],Trichuris trichiura (PRJEB535),protein_coding,trtricprjeb535
TTRE4927,TTRE4927_t1,278,protein_coding,,Trichuris trichiura (PRJEB535),protein_coding,trtricprjeb535
TTRE12653,TTRE12653_t1,1154,protein_coding,,Trichuris trichiura (PRJEB535),protein_coding,trtricprjeb535
TTRE3002,TTRE3002_t2,1430,protein_coding,,Trichuris trichiura (PRJEB535),protein_coding,trtricprjeb535
TTRE10679,TTRE10679_t1,1252,protein_coding,,Trichuris trichiura (PRJEB535),protein_coding,trtricprjeb535
TTRE9099,TTRE9099_t1,269,protein_coding,Proton coupled amino acid transporter 4  [Source:UniProtKB/TrEMBL;Acc:A0A077ZK76],Trichuris trichiura (PRJEB535),protein_coding,trtricprjeb535
TTRE2144,TTRE2144_t1,237,protein_coding,,Trichuris trichiura (PRJEB535),protein_coding,trtricprjeb535
TTRE5282,TTRE5282_t1,290,protein_coding,Heat shock protein Hsp 12.2  [Source:UniProtKB/TrEMBL;Acc:A0A077ZDE4],Trichuris trichiura (PRJEB535),protein_coding,trtricprjeb535
TTRE6005,TTRE6005_t1,476,protein_coding,TMF DNA bd and TMF TATA bd domain containing prot ein  [Source:UniProtKB/TrEMBL;Acc:A0A077YV83],Trichuris trichiura (PRJEB535),protein_coding,trtricprjeb535
TTRE6613,TTRE6613_t1,206,protein_coding,,Trichuris trichiura (PRJEB535),protein_coding,trtricprjeb535
TTRE9297,TTRE9297_t1,142,protein_coding,,Trichuris trichiura (PRJEB535),protein_coding,trtricprjeb535
TTRE3232,TTRE3232_t1,810,protein_coding,Proteasome activator complex subunit 3  [Source:UniProtKB/TrEMBL;Acc:A0A077ZGN4],Trichuris trichiura (PRJEB535),protein_coding,trtricprjeb535
TTRE630,TTRE630_t1,597,protein_coding,Solute carrier organic anion transporter family member  [Source:UniProtKB/TrEMBL;Acc:A0A077YX85],Trichuris trichiura (PRJEB535),protein_coding,trtricprjeb535
TTRE11585,TTRE11585_t1,564,protein_coding,,Trichuris trichiura (PRJEB535),protein_coding,trtricprjeb535
TTRE2472,TTRE2472_t1,519,protein_coding,,Trichuris trichiura (PRJEB535),protein_coding,trtricprjeb535
TTRE5269,TTRE5269_t1,585,protein_coding,,Trichuris trichiura (PRJEB535),protein_coding,trtricprjeb535
TTRE7586,TTRE7586_t1,455,protein_coding,,Trichuris trichiura (PRJEB535),protein_coding,trtricprjeb535
TTRE7979,TTRE7979_t1,764,protein_coding,,Trichuris trichiura (PRJEB535),protein_coding,trtricprjeb535
TTRE12108,TTRE12108_t1,2845,protein_coding,,Trichuris trichiura (PRJEB535),protein_coding,trtricprjeb535
TTRE2352,TTRE2352_t1,116,protein_coding,,Trichuris trichiura (PRJEB535),protein_coding,trtricprjeb535
TTRE2772,TTRE2772_t1,695,protein_coding,Polypeptide N-acetylgalactosaminyltransferase  [Source:UniProtKB/TrEMBL;Acc:A0A077Z5N1],Trichuris trichiura (PRJEB535),protein_coding,trtricprjeb535
TTRE704,TTRE704_t1,675,protein_coding,,Trichuris trichiura (PRJEB535),protein_coding,trtricprjeb535
TTRE2442,TTRE2442_t1,392,protein_coding,,Trichuris trichiura (PRJEB535),protein_coding,trtricprjeb535
TTRE10358,TTRE10358_t1,1035,protein_coding,,Trichuris trichiura (PRJEB535),protein_coding,trtricprjeb535
TTRE1120,TTRE1120_t1,1335,protein_coding,,Trichuris trichiura (PRJEB535),protein_coding,trtricprjeb535
TTRE9491,TTRE9491_t1,1232,protein_coding,,Trichuris trichiura (PRJEB535),protein_coding,trtricprjeb535
TTRE7148,TTRE7148_t1,842,protein_coding,,Trichuris trichiura (PRJEB535),protein_coding,trtricprjeb535
TTRE5812,TTRE5812_t1,525,protein_coding,Guanine nucleotide binding protein subunit  [Source:UniProtKB/TrEMBL;Acc:A0A077YXJ8],Trichuris trichiura (PRJEB535),protein_coding,trtricprjeb535
TTRE5883,TTRE5883_t1,214,protein_coding,,Trichuris trichiura (PRJEB535),protein_coding,trtricprjeb535
TTRE8525,TTRE8525_t1,323,protein_coding,,Trichuris trichiura (PRJEB535),protein_coding,trtricprjeb535
TTRE4626,TTRE4626_t1,258,protein_coding,"1,4-alpha-glucan branching enzyme  [Source:UniProtKB/TrEMBL;Acc:A0A077YZR3]",Trichuris trichiura (PRJEB535),protein_coding,trtricprjeb535
TTRE5734,TTRE5734_t1,848,protein_coding,Trypsin domain containing protein  [Source:UniProtKB/TrEMBL;Acc:A0A077ZE52],Trichuris trichiura (PRJEB535),protein_coding,trtricprjeb535
TTRE4119,TTRE4119_t1,216,protein_coding,"Apoptosis inducing factor 1, mitochondrial  [Source:UniProtKB/TrEMBL;Acc:A0A077ZCQ3]",Trichuris trichiura (PRJEB535),protein_coding,trtricprjeb535
TTRE11049,TTRE11049_t1,1247,protein_coding,,Trichuris trichiura (PRJEB535),protein_coding,trtricprjeb535
TTRE12227,TTRE12227_t1,1691,protein_coding,,Trichuris trichiura (PRJEB535),protein_coding,trtricprjeb535
TTRE9965,TTRE9965_t1,281,protein_coding,Kinesin  [Source:UniProtKB/TrEMBL;Acc:A0A077YX95],Trichuris trichiura (PRJEB535),protein_coding,trtricprjeb535
TTRE3465,TTRE3465_t1,266,protein_coding,,Trichuris trichiura (PRJEB535),protein_coding,trtricprjeb535
TTRE4217,TTRE4217_t1,133,protein_coding,,Trichuris trichiura (PRJEB535),protein_coding,trtricprjeb535
TTRE4018,TTRE4018_t1,278,protein_coding,,Trichuris trichiura (PRJEB535),protein_coding,trtricprjeb535
TTRE3806,TTRE3806_t1,1109,protein_coding,Hsp90 chaperone protein kinase-targeting subunit  [Source:UniProtKB/TrEMBL;Acc:A0A077YYR9],Trichuris trichiura (PRJEB535),protein_coding,trtricprjeb535
TTRE5216,TTRE5216_t1,222,protein_coding,Protein kinase C and casein kinase substrate  [Source:UniProtKB/TrEMBL;Acc:A0A077ZDZ3],Trichuris trichiura (PRJEB535),protein_coding,trtricprjeb535
TTRE8589,TTRE8589_t1,335,protein_coding,,Trichuris trichiura (PRJEB535),protein_coding,trtricprjeb535
TTRE5527,TTRE5527_t1,317,protein_coding,Secreted protein  [Source:UniProtKB/TrEMBL;Acc:A0A077YW28],Trichuris trichiura (PRJEB535),protein_coding,trtricprjeb535
TTRE2733,TTRE2733_t1,401,protein_coding,,Trichuris trichiura (PRJEB535),protein_coding,trtricprjeb535
TTRE2387,TTRE2387_t1,186,protein_coding,,Trichuris trichiura (PRJEB535),protein_coding,trtricprjeb535
TTRE8837,TTRE8837_t1,380,protein_coding,26S proteasome regulatory complex ATPase RPT2  [Source:UniProtKB/TrEMBL;Acc:A0A077Z0J5],Trichuris trichiura (PRJEB535),protein_coding,trtricprjeb535
TTRE5613,TTRE5613_t1,313,protein_coding,,Trichuris trichiura (PRJEB535),protein_coding,trtricprjeb535
TTRE6703,TTRE6703_t1,1790,protein_coding,,Trichuris trichiura (PRJEB535),protein_coding,trtricprjeb535
TTRE7848,TTRE7848_t1,740,protein_coding,,Trichuris trichiura (PRJEB535),protein_coding,trtricprjeb535
TTRE4600,TTRE4600_t1,269,protein_coding,,Trichuris trichiura (PRJEB535),protein_coding,trtricprjeb535
TTRE7649,TTRE7649_t1,871,protein_coding,Tetraspanin 4  [Source:UniProtKB/TrEMBL;Acc:A0A077ZJ39],Trichuris trichiura (PRJEB535),protein_coding,trtricprjeb535
TTRE10525,TTRE10525_t1,377,protein_coding,,Trichuris trichiura (PRJEB535),protein_coding,trtricprjeb535
TTRE8013,TTRE8013_t1,494,protein_coding,,Trichuris trichiura (PRJEB535),protein_coding,trtricprjeb535
TTRE3406,TTRE3406_t1,277,protein_coding,,Trichuris trichiura (PRJEB535),protein_coding,trtricprjeb535
TTRE9332,TTRE9332_t1,196,protein_coding,,Trichuris trichiura (PRJEB535),protein_coding,trtricprjeb535
TTRE6853,TTRE6853_t1,1450,protein_coding,,Trichuris trichiura (PRJEB535),protein_coding,trtricprjeb535
TTRE7509,TTRE7509_t1,560,protein_coding,,Trichuris trichiura (PRJEB535),protein_coding,trtricprjeb535
TTRE11489,TTRE11489_t1,235,protein_coding,Histone acetyltransferase MYST1  [Source:UniProtKB/TrEMBL;Acc:A0A077Z8A7],Trichuris trichiura (PRJEB535),protein_coding,trtricprjeb535
TTRE556,TTRE556_t1,215,protein_coding,,Trichuris trichiura (PRJEB535),protein_coding,trtricprjeb535
TTRE3362,TTRE3362_t1,786,protein_coding,,Trichuris trichiura (PRJEB535),protein_coding,trtricprjeb535
TTRE7748,TTRE7748_t1,371,protein_coding,Histone H2B  [Source:UniProtKB/TrEMBL;Acc:A0A077ZJK9],Trichuris trichiura (PRJEB535),protein_coding,trtricprjeb535
TTRE3336,TTRE3336_t1,1079,protein_coding,DUF3421 domain containing protein  [Source:UniProtKB/TrEMBL;Acc:A0A077ZKJ4],Trichuris trichiura (PRJEB535),protein_coding,trtricprjeb535
TTRE11302,TTRE11302_t1,272,protein_coding,HU-HIG domain-containing protein  [Source:UniProtKB/TrEMBL;Acc:A0A077ZB95],Trichuris trichiura (PRJEB535),protein_coding,trtricprjeb535
TTRE4565,TTRE4565_t1,239,protein_coding,,Trichuris trichiura (PRJEB535),protein_coding,trtricprjeb535
TTRE827,TTRE827_t1,877,protein_coding,,Trichuris trichiura (PRJEB535),protein_coding,trtricprjeb535
TTRE4700,TTRE4700_t1,445,protein_coding,,Trichuris trichiura (PRJEB535),protein_coding,trtricprjeb535
TTRE7458,TTRE7458_t1,215,protein_coding,C-type lectin domain-containing protein  [Source:UniProtKB/TrEMBL;Acc:A0A077Z702],Trichuris trichiura (PRJEB535),protein_coding,trtricprjeb535
TTRE11414,TTRE11414_t1,146,protein_coding,,Trichuris trichiura (PRJEB535),protein_coding,trtricprjeb535
TTRE9066,TTRE9066_t1,554,protein_coding,,Trichuris trichiura (PRJEB535),protein_coding,trtricprjeb535
TTRE3250,TTRE3250_t1,452,protein_coding,ribose-5-phosphate isomerase  [Source:UniProtKB/TrEMBL;Acc:A0A077Z7A3],Trichuris trichiura (PRJEB535),protein_coding,trtricprjeb535
TTRE181,TTRE181_t1,283,protein_coding,Trypsin domain containing protein  [Source:UniProtKB/TrEMBL;Acc:A0A077ZLG4],Trichuris trichiura (PRJEB535),protein_coding,trtricprjeb535
TTRE8459,TTRE8459_t1,166,protein_coding,,Trichuris trichiura (PRJEB535),protein_coding,trtricprjeb535
TTRE316,TTRE316_t1,213,protein_coding,,Trichuris trichiura (PRJEB535),protein_coding,trtricprjeb535
TTRE6860,TTRE6860_t1,326,protein_coding,,Trichuris trichiura (PRJEB535),protein_coding,trtricprjeb535
TTRE11368,TTRE11368_t1,369,protein_coding,,Trichuris trichiura (PRJEB535),protein_coding,trtricprjeb535
TTRE3739,TTRE3739_t1,212,protein_coding,,Trichuris trichiura (PRJEB535),protein_coding,trtricprjeb535
TTRE6376,TTRE6376_t1,139,protein_coding,,Trichuris trichiura (PRJEB535),protein_coding,trtricprjeb535
TTRE4605,TTRE4605_t1,177,protein_coding,,Trichuris trichiura (PRJEB535),protein_coding,trtricprjeb535
TTRE11551,TTRE11551_t1,262,protein_coding,,Trichuris trichiura (PRJEB535),protein_coding,trtricprjeb535
TTRE2463,TTRE2463_t1,170,protein_coding,rRNA 2' O methyltransferase fibrillarin  [Source:UniProtKB/TrEMBL;Acc:A0A077Z9D8],Trichuris trichiura (PRJEB535),protein_coding,trtricprjeb535
TTRE12040,TTRE12040_t1,539,protein_coding,,Trichuris trichiura (PRJEB535),protein_coding,trtricprjeb535
TTRE1758,TTRE1758_t1,864,protein_coding,Vang-like protein  [Source:UniProtKB/TrEMBL;Acc:A0A077ZGW4],Trichuris trichiura (PRJEB535),protein_coding,trtricprjeb535
TTRE10806,TTRE10806_t1,350,protein_coding,,Trichuris trichiura (PRJEB535),protein_coding,trtricprjeb535
TTRE6506,TTRE6506_t1,377,protein_coding,Zinc transporter 9  [Source:UniProtKB/TrEMBL;Acc:A0A077ZG62],Trichuris trichiura (PRJEB535),protein_coding,trtricprjeb535
TTRE4128,TTRE4128_t1,341,protein_coding,,Trichuris trichiura (PRJEB535),protein_coding,trtricprjeb535
TTRE9422,TTRE9422_t1,679,protein_coding,,Trichuris trichiura (PRJEB535),protein_coding,trtricprjeb535
TTRE2492,TTRE2492_t1,530,protein_coding,Major sperm protein  [Source:UniProtKB/TrEMBL;Acc:A0A077ZFR0],Trichuris trichiura (PRJEB535),protein_coding,trtricprjeb535
TTRE10703,TTRE10703_t1,196,protein_coding,,Trichuris trichiura (PRJEB535),protein_coding,trtricprjeb535
TTRE6423,TTRE6423_t1,1736,protein_coding,,Trichuris trichiura (PRJEB535),protein_coding,trtricprjeb535
TTRE1881,TTRE1881_t1,176,protein_coding,Protein FAM32a  [Source:UniProtKB/TrEMBL;Acc:A0A077ZJ35],Trichuris trichiura (PRJEB535),protein_coding,trtricprjeb535
TTRE10526,TTRE10526_t1,1158,protein_coding,,Trichuris trichiura (PRJEB535),protein_coding,trtricprjeb535
TTRE2135,TTRE2135_t1,171,protein_coding,,Trichuris trichiura (PRJEB535),protein_coding,trtricprjeb535
TTRE12228,TTRE12228_t1,278,protein_coding,,Trichuris trichiura (PRJEB535),protein_coding,trtricprjeb535
TTRE11234,TTRE11234_t1,200,protein_coding,,Trichuris trichiura (PRJEB535),protein_coding,trtricprjeb535
TTRE8725,TTRE8725_t1,798,protein_coding,,Trichuris trichiura (PRJEB535),protein_coding,trtricprjeb535
TTRE3393,TTRE3393_t1,818,protein_coding,PQ loop repeat family protein  [Source:UniProtKB/TrEMBL;Acc:A0A077YZU6],Trichuris trichiura (PRJEB535),protein_coding,trtricprjeb535
TTRE3147,TTRE3147_t1,235,protein_coding,,Trichuris trichiura (PRJEB535),protein_coding,trtricprjeb535
TTRE5517,TTRE5517_t1,242,protein_coding,ADP/ATP translocase  [Source:UniProtKB/TrEMBL;Acc:A0A077ZJS2],Trichuris trichiura (PRJEB535),protein_coding,trtricprjeb535
TTRE4489,TTRE4489_t1,183,protein_coding,Calcyclin binding protein  [Source:UniProtKB/TrEMBL;Acc:A0A077YZA1],Trichuris trichiura (PRJEB535),protein_coding,trtricprjeb535
TTRE7046,TTRE7046_t1,385,protein_coding,,Trichuris trichiura (PRJEB535),protein_coding,trtricprjeb535
TTRE176,TTRE176_t1,943,protein_coding,INO80 complex subunit D  [Source:UniProtKB/TrEMBL;Acc:A0A077ZJ14],Trichuris trichiura (PRJEB535),protein_coding,trtricprjeb535
TTRE9759,TTRE9759_t1,263,protein_coding,,Trichuris trichiura (PRJEB535),protein_coding,trtricprjeb535
TTRE342,TTRE342_t1,244,protein_coding,"39S ribosomal protein L15, mitochondrial  [Source:UniProtKB/TrEMBL;Acc:A0A077Z564]",Trichuris trichiura (PRJEB535),protein_coding,trtricprjeb535
TTRE12353,TTRE12353_t1,399,protein_coding,,Trichuris trichiura (PRJEB535),protein_coding,trtricprjeb535
TTRE605,TTRE605_t1,356,protein_coding,DNA binding protein inhibitor ID 3  [Source:UniProtKB/TrEMBL;Acc:A0A077Z9Y7],Trichuris trichiura (PRJEB535),protein_coding,trtricprjeb535
TTRE2798,TTRE2798_t1,165,protein_coding,,Trichuris trichiura (PRJEB535),protein_coding,trtricprjeb535
TTRE3772,TTRE3772_t1,1475,protein_coding,"Aspartate--tRNA ligase, cytoplasmic  [Source:UniProtKB/TrEMBL;Acc:A0A077Z7T7]",Trichuris trichiura (PRJEB535),protein_coding,trtricprjeb535
TTRE4194,TTRE4194_t1,279,protein_coding,Clc-like domain containing protein  [Source:UniProtKB/TrEMBL;Acc:A0A077Z3R0],Trichuris trichiura (PRJEB535),protein_coding,trtricprjeb535
TTRE5286,TTRE5286_t1,101,protein_coding,,Trichuris trichiura (PRJEB535),protein_coding,trtricprjeb535
TTRE3759,TTRE3759_t1,283,protein_coding,,Trichuris trichiura (PRJEB535),protein_coding,trtricprjeb535
TTRE10101,TTRE10101_t1,1268,protein_coding,,Trichuris trichiura (PRJEB535),protein_coding,trtricprjeb535
TTRE12497,TTRE12497_t1,413,protein_coding,,Trichuris trichiura (PRJEB535),protein_coding,trtricprjeb535
TTRE7374,TTRE7374_t1,443,protein_coding,,Trichuris trichiura (PRJEB535),protein_coding,trtricprjeb535
TTRE11514,TTRE11514_t1,419,protein_coding,,Trichuris trichiura (PRJEB535),protein_coding,trtricprjeb535
TTRE1761,TTRE1761_t1,1082,protein_coding,Transcription factor WD40-like family  [Source:UniProtKB/TrEMBL;Acc:A0A077Z4R2],Trichuris trichiura (PRJEB535),protein_coding,trtricprjeb535
TTRE5602,TTRE5602_t1,226,protein_coding,ACBP and GOLD 2 domain containing protein  [Source:UniProtKB/TrEMBL;Acc:A0A077YX89],Trichuris trichiura (PRJEB535),protein_coding,trtricprjeb535
TTRE9617,TTRE9617_t1,473,protein_coding,Eukaryotic translation initiation factor 4C  [Source:UniProtKB/TrEMBL;Acc:A0A077ZKD6],Trichuris trichiura (PRJEB535),protein_coding,trtricprjeb535
TTRE8766,TTRE8766_t1,170,protein_coding,,Trichuris trichiura (PRJEB535),protein_coding,trtricprjeb535
TTRE7931,TTRE7931_t1,279,protein_coding,,Trichuris trichiura (PRJEB535),protein_coding,trtricprjeb535
TTRE10693,TTRE10693_t1,761,protein_coding,,Trichuris trichiura (PRJEB535),protein_coding,trtricprjeb535
TTRE11685,TTRE11685_t1,452,protein_coding,UNC 4  [Source:UniProtKB/TrEMBL;Acc:A0A077YWJ3],Trichuris trichiura (PRJEB535),protein_coding,trtricprjeb535
TTRE10233,TTRE10233_t1,287,protein_coding,,Trichuris trichiura (PRJEB535),protein_coding,trtricprjeb535
TTRE9993,TTRE9993_t1,659,protein_coding,DUF2453 domain containing protein  [Source:UniProtKB/TrEMBL;Acc:A0A077Z4G5],Trichuris trichiura (PRJEB535),protein_coding,trtricprjeb535
TTRE452,TTRE452_t1,640,protein_coding,,Trichuris trichiura (PRJEB535),protein_coding,trtricprjeb535
TTRE8804,TTRE8804_t1,155,protein_coding,,Trichuris trichiura (PRJEB535),protein_coding,trtricprjeb535
TTRE6993,TTRE6993_t1,209,protein_coding,,Trichuris trichiura (PRJEB535),protein_coding,trtricprjeb535
TTRE12160,TTRE12160_t1,200,protein_coding,,Trichuris trichiura (PRJEB535),protein_coding,trtricprjeb535
TTRE2221,TTRE2221_t3,698,protein_coding,,Trichuris trichiura (PRJEB535),protein_coding,trtricprjeb535
TTRE6477,TTRE6477_t1,281,protein_coding,,Trichuris trichiura (PRJEB535),protein_coding,trtricprjeb535
TTRE188,TTRE188_t1,350,protein_coding,Nucleolar GTP-binding protein 2  [Source:UniProtKB/TrEMBL;Acc:A0A077ZBL1],Trichuris trichiura (PRJEB535),protein_coding,trtricprjeb535
TTRE7695,TTRE7695_t2,206,protein_coding,,Trichuris trichiura (PRJEB535),protein_coding,trtricprjeb535
TTRE8729,TTRE8729_t1,179,protein_coding,"ADP-ribose pyrophosphatase, mitochondrial  [Source:UniProtKB/TrEMBL;Acc:A0A077ZE31]",Trichuris trichiura (PRJEB535),protein_coding,trtricprjeb535
TTRE3915,TTRE3915_t1,161,protein_coding,,Trichuris trichiura (PRJEB535),protein_coding,trtricprjeb535
TTRE12352,TTRE12352_t1,567,protein_coding,WD repeat containing protein 61  [Source:UniProtKB/TrEMBL;Acc:A0A077Z7B2],Trichuris trichiura (PRJEB535),protein_coding,trtricprjeb535
TTRE10504,TTRE10504_t1,689,protein_coding,,Trichuris trichiura (PRJEB535),protein_coding,trtricprjeb535
TTRE6318,TTRE6318_t1,126,protein_coding,,Trichuris trichiura (PRJEB535),protein_coding,trtricprjeb535
TTRE10079,TTRE10079_t1,135,protein_coding,Transcription elongation factor 1 homolog  [Source:UniProtKB/TrEMBL;Acc:A0A077Z421],Trichuris trichiura (PRJEB535),protein_coding,trtricprjeb535
TTRE10978,TTRE10978_t1,283,protein_coding,,Trichuris trichiura (PRJEB535),protein_coding,trtricprjeb535
TTRE2688,TTRE2688_t1,102,protein_coding,Ubiquitin-60S ribosomal protein L40  [Source:UniProtKB/TrEMBL;Acc:A0A077Z0U4],Trichuris trichiura (PRJEB535),protein_coding,trtricprjeb535
TTRE6736,TTRE6736_t1,668,protein_coding,,Trichuris trichiura (PRJEB535),protein_coding,trtricprjeb535
TTRE12034,TTRE12034_t1,566,protein_coding,,Trichuris trichiura (PRJEB535),protein_coding,trtricprjeb535
TTRE1924,TTRE1924_t1,169,protein_coding,,Trichuris trichiura (PRJEB535),protein_coding,trtricprjeb535
TTRE3807,TTRE3807_t1,1250,protein_coding,Lariat debranching enzyme  [Source:UniProtKB/TrEMBL;Acc:A0A077ZC20],Trichuris trichiura (PRJEB535),protein_coding,trtricprjeb535
TTRE242,TTRE242_t1,364,protein_coding,,Trichuris trichiura (PRJEB535),protein_coding,trtricprjeb535
TTRE3680,TTRE3680_t1,204,protein_coding,Sulfotransfer 1 domain containing protein  [Source:UniProtKB/TrEMBL;Acc:A0A077Z5F8],Trichuris trichiura (PRJEB535),protein_coding,trtricprjeb535
TTRE6222,TTRE6222_t1,2764,protein_coding,ATP dependent RNA helicase DHX37  [Source:UniProtKB/TrEMBL;Acc:A0A077Z877],Trichuris trichiura (PRJEB535),protein_coding,trtricprjeb535
TTRE5080,TTRE5080_t1,200,protein_coding,,Trichuris trichiura (PRJEB535),protein_coding,trtricprjeb535
TTRE10840,TTRE10840_t1,292,protein_coding,,Trichuris trichiura (PRJEB535),protein_coding,trtricprjeb535
TTRE3259,TTRE3259_t1,290,protein_coding,,Trichuris trichiura (PRJEB535),protein_coding,trtricprjeb535
TTRE626,TTRE626_t1,432,protein_coding,,Trichuris trichiura (PRJEB535),protein_coding,trtricprjeb535
TTRE8192,TTRE8192_t1,363,protein_coding,,Trichuris trichiura (PRJEB535),protein_coding,trtricprjeb535
TTRE7516,TTRE7516_t1,216,protein_coding,40S ribosomal protein S9  [Source:UniProtKB/TrEMBL;Acc:A0A077ZC35],Trichuris trichiura (PRJEB535),protein_coding,trtricprjeb535
TTRE2477,TTRE2477_t1,244,protein_coding,,Trichuris trichiura (PRJEB535),protein_coding,trtricprjeb535
TTRE669,TTRE669_t1,410,protein_coding,PEST proteolytic signal-containing nuclear protein  [Source:UniProtKB/TrEMBL;Acc:A0A077Z4M1],Trichuris trichiura (PRJEB535),protein_coding,trtricprjeb535
TTRE11765,TTRE11765_t1,767,protein_coding,,Trichuris trichiura (PRJEB535),protein_coding,trtricprjeb535
TTRE5642,TTRE5642_t1,503,protein_coding,Serine:threonine protein kinase TAO1  [Source:UniProtKB/TrEMBL;Acc:A0A077Z461],Trichuris trichiura (PRJEB535),protein_coding,trtricprjeb535
TTRE5940,TTRE5940_t1,195,protein_coding,,Trichuris trichiura (PRJEB535),protein_coding,trtricprjeb535
TTRE5105,TTRE5105_t1,1376,protein_coding,,Trichuris trichiura (PRJEB535),protein_coding,trtricprjeb535
TTRE6904,TTRE6904_t1,129,protein_coding,,Trichuris trichiura (PRJEB535),protein_coding,trtricprjeb535
TTRE11618,TTRE11618_t1,1340,protein_coding,,Trichuris trichiura (PRJEB535),protein_coding,trtricprjeb535
TTRE10002,TTRE10002_t1,1088,protein_coding,,Trichuris trichiura (PRJEB535),protein_coding,trtricprjeb535
TTRE348,TTRE348_t1,194,protein_coding,,Trichuris trichiura (PRJEB535),protein_coding,trtricprjeb535
TTRE11602,TTRE11602_t1,661,protein_coding,,Trichuris trichiura (PRJEB535),protein_coding,trtricprjeb535
TTRE3749,TTRE3749_t1,1064,protein_coding,NAD binding 10 domain containing protein  [Source:UniProtKB/TrEMBL;Acc:A0A077ZDG1],Trichuris trichiura (PRJEB535),protein_coding,trtricprjeb535
TTRE6112,TTRE6112_t1,3028,protein_coding,,Trichuris trichiura (PRJEB535),protein_coding,trtricprjeb535
TTRE11407,TTRE11407_t1,190,protein_coding,,Trichuris trichiura (PRJEB535),protein_coding,trtricprjeb535
TTRE11933,TTRE11933_t1,500,protein_coding,,Trichuris trichiura (PRJEB535),protein_coding,trtricprjeb535
TTRE2710,TTRE2710_t1,654,protein_coding,,Trichuris trichiura (PRJEB535),protein_coding,trtricprjeb535
TTRE10635,TTRE10635_t1,414,protein_coding,,Trichuris trichiura (PRJEB535),protein_coding,trtricprjeb535
TTRE5191,TTRE5191_t1,263,protein_coding,BK channel interacting protein 2  [Source:UniProtKB/TrEMBL;Acc:A0A077ZEC3],Trichuris trichiura (PRJEB535),protein_coding,trtricprjeb535
TTRE2571,TTRE2571_t1,152,protein_coding,,Trichuris trichiura (PRJEB535),protein_coding,trtricprjeb535
TTRE5406,TTRE5406_t1,224,protein_coding,Oxoglutarate:malate carrier protein  [Source:UniProtKB/TrEMBL;Acc:A0A077Z3T2],Trichuris trichiura (PRJEB535),protein_coding,trtricprjeb535
TTRE4202,TTRE4202_t1,155,protein_coding,Ras domain containing protein  [Source:UniProtKB/TrEMBL;Acc:A0A077ZFI5],Trichuris trichiura (PRJEB535),protein_coding,trtricprjeb535
TTRE1501,TTRE1501_t1,1099,protein_coding,Cpw-wpc domain-containing protein  [Source:UniProtKB/TrEMBL;Acc:A0A077ZIG6],Trichuris trichiura (PRJEB535),protein_coding,trtricprjeb535
TTRE10277,TTRE10277_t1,255,protein_coding,,Trichuris trichiura (PRJEB535),protein_coding,trtricprjeb535
TTRE6702,TTRE6702_t1,812,protein_coding,,Trichuris trichiura (PRJEB535),protein_coding,trtricprjeb535
TTRE897,TTRE897_t1,287,protein_coding,Diacylglycerol kinase  [Source:UniProtKB/TrEMBL;Acc:A0A077ZB33],Trichuris trichiura (PRJEB535),protein_coding,trtricprjeb535
TTRE9428,TTRE9428_t1,104,protein_coding,,Trichuris trichiura (PRJEB535),protein_coding,trtricprjeb535
TTRE10485,TTRE10485_t1,831,protein_coding,,Trichuris trichiura (PRJEB535),protein_coding,trtricprjeb535
TTRE8297,TTRE8297_t1,499,protein_coding,,Trichuris trichiura (PRJEB535),protein_coding,trtricprjeb535
TTRE1709,TTRE1709_t1,553,protein_coding,,Trichuris trichiura (PRJEB535),protein_coding,trtricprjeb535
TTRE6590,TTRE6590_t1,158,protein_coding,,Trichuris trichiura (PRJEB535),protein_coding,trtricprjeb535
TTRE5229,TTRE5229_t1,1033,protein_coding,Cupin 8 domain containing protein  [Source:UniProtKB/TrEMBL;Acc:A0A077Z066],Trichuris trichiura (PRJEB535),protein_coding,trtricprjeb535
TTRE2158,TTRE2158_t1,366,protein_coding,,Trichuris trichiura (PRJEB535),protein_coding,trtricprjeb535
TTRE232,TTRE232_t1,501,protein_coding,PDZ domain-containing protein  [Source:UniProtKB/TrEMBL;Acc:A0A077Z1S3],Trichuris trichiura (PRJEB535),protein_coding,trtricprjeb535
TTRE7184,TTRE7184_t1,1310,protein_coding,,Trichuris trichiura (PRJEB535),protein_coding,trtricprjeb535
TTRE10748,TTRE10748_t1,353,protein_coding,,Trichuris trichiura (PRJEB535),protein_coding,trtricprjeb535
TTRE10469,TTRE10469_t1,1022,protein_coding,,Trichuris trichiura (PRJEB535),protein_coding,trtricprjeb535
TTRE9462,TTRE9462_t1,338,protein_coding,Protein clc protein cbr clc-4 protein cbr clc-1 cre clc-4 protein cre clc-1 protein cbn clc-4 protein cbn clc-1 protein  [Source:UniProtKB/TrEMBL;Acc:A0A077ZPB0],Trichuris trichiura (PRJEB535),protein_coding,trtricprjeb535
TTRE835,TTRE835_t1,533,protein_coding,E3 ubiquitin protein ligase MARCH8  [Source:UniProtKB/TrEMBL;Acc:A0A077ZAP4],Trichuris trichiura (PRJEB535),protein_coding,trtricprjeb535
TTRE12012,TTRE12012_t1,229,protein_coding,,Trichuris trichiura (PRJEB535),protein_coding,trtricprjeb535
TTRE4228,TTRE4228_t2,683,protein_coding,,Trichuris trichiura (PRJEB535),protein_coding,trtricprjeb535
TTRE8088,TTRE8088_t1,629,protein_coding,HLH domain containing protein  [Source:UniProtKB/TrEMBL;Acc:A0A077ZDY9],Trichuris trichiura (PRJEB535),protein_coding,trtricprjeb535
TTRE7405,TTRE7405_t1,1469,protein_coding,,Trichuris trichiura (PRJEB535),protein_coding,trtricprjeb535
TTRE5541,TTRE5541_t1,240,protein_coding,,Trichuris trichiura (PRJEB535),protein_coding,trtricprjeb535
TTRE8669,TTRE8669_t1,191,protein_coding,,Trichuris trichiura (PRJEB535),protein_coding,trtricprjeb535
TTRE8050,TTRE8050_t1,535,protein_coding,,Trichuris trichiura (PRJEB535),protein_coding,trtricprjeb535
TTRE12397,TTRE12397_t1,347,protein_coding,,Trichuris trichiura (PRJEB535),protein_coding,trtricprjeb535
TTRE5274,TTRE5274_t2,254,protein_coding,,Trichuris trichiura (PRJEB535),protein_coding,trtricprjeb535
TTRE6811,TTRE6811_t1,562,protein_coding,,Trichuris trichiura (PRJEB535),protein_coding,trtricprjeb535
TTRE7016,TTRE7016_t1,389,protein_coding,,Trichuris trichiura (PRJEB535),protein_coding,trtricprjeb535
TTRE4612,TTRE4612_t1,687,protein_coding,,Trichuris trichiura (PRJEB535),protein_coding,trtricprjeb535
TTRE10823,TTRE10823_t1,669,protein_coding,,Trichuris trichiura (PRJEB535),protein_coding,trtricprjeb535
TTRE4498,TTRE4498_t1,741,protein_coding,,Trichuris trichiura (PRJEB535),protein_coding,trtricprjeb535
TTRE6001,TTRE6001_t1,576,protein_coding,,Trichuris trichiura (PRJEB535),protein_coding,trtricprjeb535
TTRE9909,TTRE9909_t1,395,protein_coding,,Trichuris trichiura (PRJEB535),protein_coding,trtricprjeb535
TTRE1032,TTRE1032_t1,562,protein_coding,"Alpha-1,6-mannosyl-glycoprotein 2-beta-N-acetylglucosaminyltransferase  [Source:UniProtKB/TrEMBL;Acc:A0A077ZBF7]",Trichuris trichiura (PRJEB535),protein_coding,trtricprjeb535
TTRE3275,TTRE3275_t1,290,protein_coding,Legumain  [Source:UniProtKB/TrEMBL;Acc:A0A077YZ24],Trichuris trichiura (PRJEB535),protein_coding,trtricprjeb535
TTRE4797,TTRE4797_t1,170,protein_coding,,Trichuris trichiura (PRJEB535),protein_coding,trtricprjeb535
TTRE3046,TTRE3046_t1,302,protein_coding,Trafficking protein particle complex subunit  [Source:UniProtKB/TrEMBL;Acc:A0A077Z9K9],Trichuris trichiura (PRJEB535),protein_coding,trtricprjeb535
TTRE11452,TTRE11452_t1,260,protein_coding,,Trichuris trichiura (PRJEB535),protein_coding,trtricprjeb535
TTRE5863,TTRE5863_t1,389,protein_coding,,Trichuris trichiura (PRJEB535),protein_coding,trtricprjeb535
TTRE12456,TTRE12456_t1,414,protein_coding,,Trichuris trichiura (PRJEB535),protein_coding,trtricprjeb535
TTRE1051,TTRE1051_t1,666,protein_coding,I-set and fn3 and Ig 2 domain containing protein  [Source:UniProtKB/TrEMBL;Acc:A0A077ZD63],Trichuris trichiura (PRJEB535),protein_coding,trtricprjeb535
TTRE6517,TTRE6517_t1,206,protein_coding,,Trichuris trichiura (PRJEB535),protein_coding,trtricprjeb535
TTRE4760,TTRE4760_t1,215,protein_coding,histone acetyltransferase  [Source:UniProtKB/TrEMBL;Acc:A0A077ZAN9],Trichuris trichiura (PRJEB535),protein_coding,trtricprjeb535
TTRE7414,TTRE7414_t1,466,protein_coding,,Trichuris trichiura (PRJEB535),protein_coding,trtricprjeb535
TTRE10155,TTRE10155_t1,353,protein_coding,,Trichuris trichiura (PRJEB535),protein_coding,trtricprjeb535
TTRE4615,TTRE4615_t1,204,protein_coding,Neuroendocrine protein 7B2  [Source:UniProtKB/TrEMBL;Acc:A0A077Z910],Trichuris trichiura (PRJEB535),protein_coding,trtricprjeb535
TTRE2047,TTRE2047_t1,630,protein_coding,,Trichuris trichiura (PRJEB535),protein_coding,trtricprjeb535
TTRE776,TTRE776_t1,571,protein_coding,,Trichuris trichiura (PRJEB535),protein_coding,trtricprjeb535
TTRE12203,TTRE12203_t1,248,protein_coding,"ATP synthase F1, delta subunit  [Source:UniProtKB/TrEMBL;Acc:A0A077Z1M9]",Trichuris trichiura (PRJEB535),protein_coding,trtricprjeb535
TTRE12209,TTRE12209_t1,395,protein_coding,,Trichuris trichiura (PRJEB535),protein_coding,trtricprjeb535
TTRE8733,TTRE8733_t1,455,protein_coding,,Trichuris trichiura (PRJEB535),protein_coding,trtricprjeb535
TTRE3902,TTRE3902_t1,311,protein_coding,DUF4539 domain containing protein  [Source:UniProtKB/TrEMBL;Acc:A0A077ZCI7],Trichuris trichiura (PRJEB535),protein_coding,trtricprjeb535
TTRE6649,TTRE6649_t1,295,protein_coding,,Trichuris trichiura (PRJEB535),protein_coding,trtricprjeb535
TTRE10795,TTRE10795_t1,762,protein_coding,,Trichuris trichiura (PRJEB535),protein_coding,trtricprjeb535
TTRE9357,TTRE9357_t1,293,protein_coding,,Trichuris trichiura (PRJEB535),protein_coding,trtricprjeb535
TTRE3832,TTRE3832_t1,190,protein_coding,,Trichuris trichiura (PRJEB535),protein_coding,trtricprjeb535
TTRE8473,TTRE8473_t1,587,protein_coding,DNA replication complex GINS protein PSF2  [Source:UniProtKB/TrEMBL;Acc:A0A077YWK4],Trichuris trichiura (PRJEB535),protein_coding,trtricprjeb535
TTRE553,TTRE553_t1,175,protein_coding,,Trichuris trichiura (PRJEB535),protein_coding,trtricprjeb535
TTRE10338,TTRE10338_t1,576,protein_coding,,Trichuris trichiura (PRJEB535),protein_coding,trtricprjeb535
TTRE11051,TTRE11051_t1,613,protein_coding,,Trichuris trichiura (PRJEB535),protein_coding,trtricprjeb535
TTRE2721,TTRE2721_t1,768,protein_coding,COUP transcription factor 1  [Source:UniProtKB/TrEMBL;Acc:A0A077Z2M5],Trichuris trichiura (PRJEB535),protein_coding,trtricprjeb535
TTRE1087,TTRE1087_t1,290,protein_coding,26S proteasome regulatory subunit 7  [Source:UniProtKB/TrEMBL;Acc:A0A077ZIC2],Trichuris trichiura (PRJEB535),protein_coding,trtricprjeb535
TTRE2939,TTRE2939_t1,236,protein_coding,,Trichuris trichiura (PRJEB535),protein_coding,trtricprjeb535
TTRE4285,TTRE4285_t1,258,protein_coding,,Trichuris trichiura (PRJEB535),protein_coding,trtricprjeb535
TTRE1875,TTRE1875_t1,223,protein_coding,Golgi associated plant pathogenesis-related prote in golgi associated plant pathogeneis-related protein  [Source:UniProtKB/TrEMBL;Acc:A0A077Z7E2],Trichuris trichiura (PRJEB535),protein_coding,trtricprjeb535
TTRE7246,TTRE7246_t1,434,protein_coding,,Trichuris trichiura (PRJEB535),protein_coding,trtricprjeb535
TTRE4546,TTRE4546_t1,363,protein_coding,,Trichuris trichiura (PRJEB535),protein_coding,trtricprjeb535
TTRE3514,TTRE3514_t1,308,protein_coding,La protein  [Source:UniProtKB/TrEMBL;Acc:A0A077YZD7],Trichuris trichiura (PRJEB535),protein_coding,trtricprjeb535
TTRE6095,TTRE6095_t1,559,protein_coding,,Trichuris trichiura (PRJEB535),protein_coding,trtricprjeb535
TTRE2864,TTRE2864_t1,460,protein_coding,,Trichuris trichiura (PRJEB535),protein_coding,trtricprjeb535
TTRE8406,TTRE8406_t1,148,protein_coding,,Trichuris trichiura (PRJEB535),protein_coding,trtricprjeb535
TTRE2061,TTRE2061_t1,140,protein_coding,,Trichuris trichiura (PRJEB535),protein_coding,trtricprjeb535
TTRE7977,TTRE7977_t1,963,protein_coding,,Trichuris trichiura (PRJEB535),protein_coding,trtricprjeb535
TTRE2598,TTRE2598_t1,227,protein_coding,,Trichuris trichiura (PRJEB535),protein_coding,trtricprjeb535
TTRE3294,TTRE3294_t1,217,protein_coding,1 acylglycerophosphocholine O acyltransferase  [Source:UniProtKB/TrEMBL;Acc:A0A077ZCL4],Trichuris trichiura (PRJEB535),protein_coding,trtricprjeb535
TTRE6125,TTRE6125_t1,596,protein_coding,,Trichuris trichiura (PRJEB535),protein_coding,trtricprjeb535
TTRE3286,TTRE3286_t1,274,protein_coding,,Trichuris trichiura (PRJEB535),protein_coding,trtricprjeb535
TTRE7235,TTRE7235_t1,1271,protein_coding,,Trichuris trichiura (PRJEB535),protein_coding,trtricprjeb535
TTRE5894,TTRE5894_t1,212,protein_coding,Helicase C and DEAD domain containing protein  [Source:UniProtKB/TrEMBL;Acc:A0A077ZC32],Trichuris trichiura (PRJEB535),protein_coding,trtricprjeb535
TTRE3494,TTRE3494_t1,128,protein_coding,,Trichuris trichiura (PRJEB535),protein_coding,trtricprjeb535
TTRE9665,TTRE9665_t1,224,protein_coding,,Trichuris trichiura (PRJEB535),protein_coding,trtricprjeb535
TTRE10336,TTRE10336_t1,769,protein_coding,,Trichuris trichiura (PRJEB535),protein_coding,trtricprjeb535
TTRE6816,TTRE6816_t1,290,protein_coding,,Trichuris trichiura (PRJEB535),protein_coding,trtricprjeb535
TTRE2503,TTRE2503_t1,183,protein_coding,Charged multivesicular body protein 4b  [Source:UniProtKB/TrEMBL;Acc:A0A077Z7D9],Trichuris trichiura (PRJEB535),protein_coding,trtricprjeb535
TTRE9954,TTRE9954_t1,572,protein_coding,,Trichuris trichiura (PRJEB535),protein_coding,trtricprjeb535
TTRE10578,TTRE10578_t1,302,protein_coding,,Trichuris trichiura (PRJEB535),protein_coding,trtricprjeb535
TTRE5691,TTRE5691_t1,302,protein_coding,dynamin GTPase  [Source:UniProtKB/TrEMBL;Acc:A0A077ZA59],Trichuris trichiura (PRJEB535),protein_coding,trtricprjeb535
TTRE10984,TTRE10984_t1,298,protein_coding,PH domain containing protein  [Source:UniProtKB/TrEMBL;Acc:A0A077YYK3],Trichuris trichiura (PRJEB535),protein_coding,trtricprjeb535
TTRE11210,TTRE11210_t1,252,protein_coding,,Trichuris trichiura (PRJEB535),protein_coding,trtricprjeb535
TTRE7976,TTRE7976_t1,1874,protein_coding,,Trichuris trichiura (PRJEB535),protein_coding,trtricprjeb535
TTRE9134,TTRE9134_t1,383,protein_coding,,Trichuris trichiura (PRJEB535),protein_coding,trtricprjeb535
TTRE10759,TTRE10759_t1,332,protein_coding,,Trichuris trichiura (PRJEB535),protein_coding,trtricprjeb535
TTRE3737,TTRE3737_t1,150,protein_coding,,Trichuris trichiura (PRJEB535),protein_coding,trtricprjeb535
TTRE4748,TTRE4748_t1,503,protein_coding,,Trichuris trichiura (PRJEB535),protein_coding,trtricprjeb535
TTRE10449,TTRE10449_t1,407,protein_coding,,Trichuris trichiura (PRJEB535),protein_coding,trtricprjeb535
TTRE10860,TTRE10860_t1,449,protein_coding,,Trichuris trichiura (PRJEB535),protein_coding,trtricprjeb535
TTRE2659,TTRE2659_t1,343,protein_coding,,Trichuris trichiura (PRJEB535),protein_coding,trtricprjeb535
TTRE3081,TTRE3081_t1,112,protein_coding,Ras protein Rab 6A  [Source:UniProtKB/TrEMBL;Acc:A0A077YX29],Trichuris trichiura (PRJEB535),protein_coding,trtricprjeb535
TTRE7588,TTRE7588_t1,2075,protein_coding,,Trichuris trichiura (PRJEB535),protein_coding,trtricprjeb535
TTRE5522,TTRE5522_t1,458,protein_coding,SH3BGR domain containing protein  [Source:UniProtKB/TrEMBL;Acc:A0A077YXC0],Trichuris trichiura (PRJEB535),protein_coding,trtricprjeb535
TTRE6928,TTRE6928_t1,614,protein_coding,,Trichuris trichiura (PRJEB535),protein_coding,trtricprjeb535
TTRE2095,TTRE2095_t1,391,protein_coding,,Trichuris trichiura (PRJEB535),protein_coding,trtricprjeb535
TTRE4726,TTRE4726_t1,296,protein_coding,MFS 2 domain containing protein  [Source:UniProtKB/TrEMBL;Acc:A0A077ZA28],Trichuris trichiura (PRJEB535),protein_coding,trtricprjeb535
TTRE11276,TTRE11276_t1,317,protein_coding,,Trichuris trichiura (PRJEB535),protein_coding,trtricprjeb535
TTRE1585,TTRE1585_t1,677,protein_coding,Peptidase C48 domain containing protein  [Source:UniProtKB/TrEMBL;Acc:A0A077Z9D3],Trichuris trichiura (PRJEB535),protein_coding,trtricprjeb535
TTRE7053,TTRE7053_t1,749,protein_coding,,Trichuris trichiura (PRJEB535),protein_coding,trtricprjeb535
TTRE2102,TTRE2102_t1,798,protein_coding,"Transcription factor A, mitochondrial  [Source:UniProtKB/TrEMBL;Acc:A0A077YZX3]",Trichuris trichiura (PRJEB535),protein_coding,trtricprjeb535
TTRE10914,TTRE10914_t1,503,protein_coding,,Trichuris trichiura (PRJEB535),protein_coding,trtricprjeb535
TTRE9000,TTRE9000_t1,193,protein_coding,,Trichuris trichiura (PRJEB535),protein_coding,trtricprjeb535
TTRE1874,TTRE1874_t1,850,protein_coding,,Trichuris trichiura (PRJEB535),protein_coding,trtricprjeb535
TTRE2094,TTRE2094_t1,434,protein_coding,Histone H4  [Source:UniProtKB/TrEMBL;Acc:A0A077Z9H5],Trichuris trichiura (PRJEB535),protein_coding,trtricprjeb535
TTRE568,TTRE568_t1,190,protein_coding,,Trichuris trichiura (PRJEB535),protein_coding,trtricprjeb535
TTRE8858,TTRE8858_t1,333,protein_coding,RA and C1 1 domain containing protein  [Source:UniProtKB/TrEMBL;Acc:A0A077YYN2],Trichuris trichiura (PRJEB535),protein_coding,trtricprjeb535
TTRE6633,TTRE6633_t1,1694,protein_coding,,Trichuris trichiura (PRJEB535),protein_coding,trtricprjeb535
TTRE7085,TTRE7085_t1,416,protein_coding,,Trichuris trichiura (PRJEB535),protein_coding,trtricprjeb535
TTRE10406,TTRE10406_t1,665,protein_coding,,Trichuris trichiura (PRJEB535),protein_coding,trtricprjeb535
TTRE7934,TTRE7934_t1,226,protein_coding,,Trichuris trichiura (PRJEB535),protein_coding,trtricprjeb535
TTRE12035,TTRE12035_t1,359,protein_coding,,Trichuris trichiura (PRJEB535),protein_coding,trtricprjeb535
TTRE5145,TTRE5145_t1,1292,protein_coding,,Trichuris trichiura (PRJEB535),protein_coding,trtricprjeb535
TTRE8976,TTRE8976_t1,2136,protein_coding,Protein GLO 4  [Source:UniProtKB/TrEMBL;Acc:A0A077ZF61],Trichuris trichiura (PRJEB535),protein_coding,trtricprjeb535
TTRE11063,TTRE11063_t1,548,protein_coding,,Trichuris trichiura (PRJEB535),protein_coding,trtricprjeb535
TTRE10740,TTRE10740_t1,1337,protein_coding,,Trichuris trichiura (PRJEB535),protein_coding,trtricprjeb535
TTRE12169,TTRE12169_t1,839,protein_coding,,Trichuris trichiura (PRJEB535),protein_coding,trtricprjeb535
TTRE1232,TTRE1232_t1,142,protein_coding,,Trichuris trichiura (PRJEB535),protein_coding,trtricprjeb535
TTRE1092,TTRE1092_t1,1105,protein_coding,,Trichuris trichiura (PRJEB535),protein_coding,trtricprjeb535
TTRE2680,TTRE2680_t2,1024,protein_coding,,Trichuris trichiura (PRJEB535),protein_coding,trtricprjeb535
TTRE5,TTRE5_t1,1283,protein_coding,"Protein RBC-1, isoform a  [Source:UniProtKB/TrEMBL;Acc:A0A077YX15]",Trichuris trichiura (PRJEB535),protein_coding,trtricprjeb535
TTRE6887,TTRE6887_t1,668,protein_coding,Ribosomal S10 domain containing protein  [Source:UniProtKB/TrEMBL;Acc:A0A077ZI30],Trichuris trichiura (PRJEB535),protein_coding,trtricprjeb535
TTRE8632,TTRE8632_t1,623,protein_coding,,Trichuris trichiura (PRJEB535),protein_coding,trtricprjeb535
TTRE1859,TTRE1859_t1,247,protein_coding,MAM domain-containing protein  [Source:UniProtKB/TrEMBL;Acc:A0A077YYY1],Trichuris trichiura (PRJEB535),protein_coding,trtricprjeb535
TTRE11771,TTRE11771_t1,407,protein_coding,,Trichuris trichiura (PRJEB535),protein_coding,trtricprjeb535
TTRE4100,TTRE4100_t1,188,protein_coding,,Trichuris trichiura (PRJEB535),protein_coding,trtricprjeb535
TTRE7048,TTRE7048_t1,1288,protein_coding,,Trichuris trichiura (PRJEB535),protein_coding,trtricprjeb535
TTRE1467,TTRE1467_t1,251,protein_coding,,Trichuris trichiura (PRJEB535),protein_coding,trtricprjeb535
TTRE1877,TTRE1877_t1,443,protein_coding,,Trichuris trichiura (PRJEB535),protein_coding,trtricprjeb535
TTRE2802,TTRE2802_t1,217,protein_coding,,Trichuris trichiura (PRJEB535),protein_coding,trtricprjeb535
TTRE9411,TTRE9411_t1,1494,protein_coding,,Trichuris trichiura (PRJEB535),protein_coding,trtricprjeb535
TTRE9459,TTRE9459_t1,749,protein_coding,HLH domain containing protein  [Source:UniProtKB/TrEMBL;Acc:A0A077ZFH7],Trichuris trichiura (PRJEB535),protein_coding,trtricprjeb535
TTRE548,TTRE548_t1,257,protein_coding,,Trichuris trichiura (PRJEB535),protein_coding,trtricprjeb535
TTRE6634,TTRE6634_t1,308,protein_coding,,Trichuris trichiura (PRJEB535),protein_coding,trtricprjeb535
TTRE11743,TTRE11743_t1,284,protein_coding,,Trichuris trichiura (PRJEB535),protein_coding,trtricprjeb535
TTRE12120,TTRE12120_t1,751,protein_coding,,Trichuris trichiura (PRJEB535),protein_coding,trtricprjeb535
TTRE11212,TTRE11212_t1,445,protein_coding,,Trichuris trichiura (PRJEB535),protein_coding,trtricprjeb535
TTRE6184,TTRE6184_t1,836,protein_coding,,Trichuris trichiura (PRJEB535),protein_coding,trtricprjeb535
TTRE8527,TTRE8527_t1,259,protein_coding,,Trichuris trichiura (PRJEB535),protein_coding,trtricprjeb535
TTRE7751,TTRE7751_t1,410,protein_coding,Histone H3  [Source:UniProtKB/TrEMBL;Acc:A0A077ZKP0],Trichuris trichiura (PRJEB535),protein_coding,trtricprjeb535
TTRE10086,TTRE10086_t1,614,protein_coding,,Trichuris trichiura (PRJEB535),protein_coding,trtricprjeb535
TTRE11485,TTRE11485_t1,200,protein_coding,,Trichuris trichiura (PRJEB535),protein_coding,trtricprjeb535
TTRE12152,TTRE12152_t1,306,protein_coding,,Trichuris trichiura (PRJEB535),protein_coding,trtricprjeb535
TTRE9955,TTRE9955_t1,2021,protein_coding,Muscarinic acetylcholine receptor DM1  [Source:UniProtKB/TrEMBL;Acc:A0A077Z533],Trichuris trichiura (PRJEB535),protein_coding,trtricprjeb535
TTRE1434,TTRE1434_t1,658,protein_coding,[histone H3]-trimethyl-L-lysine(9) demethylase  [Source:UniProtKB/TrEMBL;Acc:A0A077Z550],Trichuris trichiura (PRJEB535),protein_coding,trtricprjeb535
TTRE10312,TTRE10312_t1,334,protein_coding,,Trichuris trichiura (PRJEB535),protein_coding,trtricprjeb535
TTRE2323,TTRE2323_t1,219,protein_coding,,Trichuris trichiura (PRJEB535),protein_coding,trtricprjeb535
TTRE4746,TTRE4746_t1,209,protein_coding,"Succinate--CoA ligase [ADP-forming] subunit beta, mitochondrial  [Source:UniProtKB/TrEMBL;Acc:A0A077ZD47]",Trichuris trichiura (PRJEB535),protein_coding,trtricprjeb535
TTRE1579,TTRE1579_t1,231,protein_coding,Serine:threonine protein kinase TNNI3K  [Source:UniProtKB/TrEMBL;Acc:A0A077YYU5],Trichuris trichiura (PRJEB535),protein_coding,trtricprjeb535
TTRE5594,TTRE5594_t1,1067,protein_coding,,Trichuris trichiura (PRJEB535),protein_coding,trtricprjeb535
TTRE12073,TTRE12073_t1,1403,protein_coding,PCI domain containing protein  [Source:UniProtKB/TrEMBL;Acc:A0A077ZKL5],Trichuris trichiura (PRJEB535),protein_coding,trtricprjeb535
TTRE11854,TTRE11854_t1,972,protein_coding,Doublesex and mab 3 related transcription factor  [Source:UniProtKB/TrEMBL;Acc:A0A077Z3Z0],Trichuris trichiura (PRJEB535),protein_coding,trtricprjeb535
TTRE1953,TTRE1953_t1,834,protein_coding,,Trichuris trichiura (PRJEB535),protein_coding,trtricprjeb535
TTRE5436,TTRE5436_t1,615,protein_coding,Epoxide hydrolase  [Source:UniProtKB/TrEMBL;Acc:A0A077Z1W8],Trichuris trichiura (PRJEB535),protein_coding,trtricprjeb535
TTRE7041,TTRE7041_t1,455,protein_coding,,Trichuris trichiura (PRJEB535),protein_coding,trtricprjeb535
TTRE1497,TTRE1497_t1,269,protein_coding,,Trichuris trichiura (PRJEB535),protein_coding,trtricprjeb535
TTRE1658,TTRE1658_t1,126,protein_coding,,Trichuris trichiura (PRJEB535),protein_coding,trtricprjeb535
TTRE2968,TTRE2968_t1,221,protein_coding,,Trichuris trichiura (PRJEB535),protein_coding,trtricprjeb535
TTRE8378,TTRE8378_t1,581,protein_coding,,Trichuris trichiura (PRJEB535),protein_coding,trtricprjeb535
TTRE6129,TTRE6129_t1,458,protein_coding,,Trichuris trichiura (PRJEB535),protein_coding,trtricprjeb535
TTRE1745,TTRE1745_t1,154,protein_coding,,Trichuris trichiura (PRJEB535),protein_coding,trtricprjeb535
TTRE7168,TTRE7168_t1,1307,protein_coding,,Trichuris trichiura (PRJEB535),protein_coding,trtricprjeb535
TTRE9443,TTRE9443_t1,1760,protein_coding,,Trichuris trichiura (PRJEB535),protein_coding,trtricprjeb535
TTRE1708,TTRE1708_t1,876,protein_coding,Microprocessor complex subunit DGCR8  [Source:UniProtKB/TrEMBL;Acc:A0A077ZFZ4],Trichuris trichiura (PRJEB535),protein_coding,trtricprjeb535
TTRE971,TTRE971_t1,720,protein_coding,,Trichuris trichiura (PRJEB535),protein_coding,trtricprjeb535
TTRE12072,TTRE12072_t1,347,protein_coding,FAM91_C domain-containing protein  [Source:UniProtKB/TrEMBL;Acc:A0A077ZFM8],Trichuris trichiura (PRJEB535),protein_coding,trtricprjeb535
TTRE402,TTRE402_t1,206,protein_coding,,Trichuris trichiura (PRJEB535),protein_coding,trtricprjeb535
TTRE9727,TTRE9727_t1,125,protein_coding,,Trichuris trichiura (PRJEB535),protein_coding,trtricprjeb535
TTRE9616,TTRE9616_t1,317,protein_coding,,Trichuris trichiura (PRJEB535),protein_coding,trtricprjeb535
TTRE11189,TTRE11189_t1,131,protein_coding,,Trichuris trichiura (PRJEB535),protein_coding,trtricprjeb535
TTRE876,TTRE876_t1,309,protein_coding,,Trichuris trichiura (PRJEB535),protein_coding,trtricprjeb535
TTRE404,TTRE404_t1,175,protein_coding,,Trichuris trichiura (PRJEB535),protein_coding,trtricprjeb535
TTRE9286,TTRE9286_t1,592,protein_coding,,Trichuris trichiura (PRJEB535),protein_coding,trtricprjeb535
TTRE677,TTRE677_t1,1979,protein_coding,Frizzled-4  [Source:UniProtKB/TrEMBL;Acc:A0A077Z0S0],Trichuris trichiura (PRJEB535),protein_coding,trtricprjeb535
TTRE4461,TTRE4461_t1,629,protein_coding,Major sperm protein  [Source:UniProtKB/TrEMBL;Acc:A0A077Z4X5],Trichuris trichiura (PRJEB535),protein_coding,trtricprjeb535
TTRE8169,TTRE8169_t1,144,protein_coding,asparagine--tRNA ligase  [Source:UniProtKB/TrEMBL;Acc:A0A077Z8G3],Trichuris trichiura (PRJEB535),protein_coding,trtricprjeb535
TTRE7274,TTRE7274_t1,1365,protein_coding,,Trichuris trichiura (PRJEB535),protein_coding,trtricprjeb535
TTRE6755,TTRE6755_t1,326,protein_coding,,Trichuris trichiura (PRJEB535),protein_coding,trtricprjeb535
TTRE5520,TTRE5520_t1,255,protein_coding,,Trichuris trichiura (PRJEB535),protein_coding,trtricprjeb535
TTRE7681,TTRE7681_t1,140,protein_coding,,Trichuris trichiura (PRJEB535),protein_coding,trtricprjeb535
TTRE3956,TTRE3956_t1,309,protein_coding,,Trichuris trichiura (PRJEB535),protein_coding,trtricprjeb535
TTRE8609,TTRE8609_t1,184,protein_coding,,Trichuris trichiura (PRJEB535),protein_coding,trtricprjeb535
TTRE5427,TTRE5427_t1,662,protein_coding,,Trichuris trichiura (PRJEB535),protein_coding,trtricprjeb535
TTRE4176,TTRE4176_t1,477,protein_coding,,Trichuris trichiura (PRJEB535),protein_coding,trtricprjeb535
TTRE11430,TTRE11430_t1,214,protein_coding,,Trichuris trichiura (PRJEB535),protein_coding,trtricprjeb535
TTRE4174,TTRE4174_t1,576,protein_coding,DUF4604 domain-containing protein  [Source:UniProtKB/TrEMBL;Acc:A0A077Z801],Trichuris trichiura (PRJEB535),protein_coding,trtricprjeb535
TTRE8608,TTRE8608_t1,181,protein_coding,Transcription initiation factor TFIID subunit 8  [Source:UniProtKB/TrEMBL;Acc:A0A077YZX5],Trichuris trichiura (PRJEB535),protein_coding,trtricprjeb535
TTRE10107,TTRE10107_t1,311,protein_coding,,Trichuris trichiura (PRJEB535),protein_coding,trtricprjeb535
TTRE2473,TTRE2473_t1,2165,protein_coding,,Trichuris trichiura (PRJEB535),protein_coding,trtricprjeb535
TTRE3592,TTRE3592_t1,649,protein_coding,,Trichuris trichiura (PRJEB535),protein_coding,trtricprjeb535
TTRE3931,TTRE3931_t1,299,protein_coding,,Trichuris trichiura (PRJEB535),protein_coding,trtricprjeb535
TTRE6621,TTRE6621_t1,632,protein_coding,,Trichuris trichiura (PRJEB535),protein_coding,trtricprjeb535
TTRE508,TTRE508_t1,574,protein_coding,,Trichuris trichiura (PRJEB535),protein_coding,trtricprjeb535
TTRE3793,TTRE3793_t1,267,protein_coding,,Trichuris trichiura (PRJEB535),protein_coding,trtricprjeb535
TTRE2256,TTRE2256_t1,171,protein_coding,Rad60-SLD domain containing protein  [Source:UniProtKB/TrEMBL;Acc:A0A077Z701],Trichuris trichiura (PRJEB535),protein_coding,trtricprjeb535
TTRE11964,TTRE11964_t1,428,protein_coding,,Trichuris trichiura (PRJEB535),protein_coding,trtricprjeb535
TTRE199,TTRE199_t1,362,protein_coding,U5 small nuclear ribonucleoprotein 200 kDa  [Source:UniProtKB/TrEMBL;Acc:A0A077Z5M4],Trichuris trichiura (PRJEB535),protein_coding,trtricprjeb535
TTRE1169,TTRE1169_t1,212,protein_coding,,Trichuris trichiura (PRJEB535),protein_coding,trtricprjeb535
TTRE11694,TTRE11694_t1,518,protein_coding,,Trichuris trichiura (PRJEB535),protein_coding,trtricprjeb535
TTRE1070,TTRE1070_t1,358,protein_coding,,Trichuris trichiura (PRJEB535),protein_coding,trtricprjeb535
TTRE4816,TTRE4816_t1,343,protein_coding,,Trichuris trichiura (PRJEB535),protein_coding,trtricprjeb535
TTRE621,TTRE621_t1,287,protein_coding,,Trichuris trichiura (PRJEB535),protein_coding,trtricprjeb535
TTRE7984,TTRE7984_t1,1004,protein_coding,Probable tRNA N6-adenosine threonylcarbamoyltransferase  [Source:UniProtKB/TrEMBL;Acc:A0A077Z440],Trichuris trichiura (PRJEB535),protein_coding,trtricprjeb535
TTRE3676,TTRE3676_t1,265,protein_coding,,Trichuris trichiura (PRJEB535),protein_coding,trtricprjeb535
TTRE11233,TTRE11233_t1,182,protein_coding,PALP domain containing protein  [Source:UniProtKB/TrEMBL;Acc:A0A077YWH6],Trichuris trichiura (PRJEB535),protein_coding,trtricprjeb535
TTRE11570,TTRE11570_t1,171,protein_coding,,Trichuris trichiura (PRJEB535),protein_coding,trtricprjeb535
TTRE8111,TTRE8111_t1,172,protein_coding,,Trichuris trichiura (PRJEB535),protein_coding,trtricprjeb535
TTRE4597,TTRE4597_t1,2474,protein_coding,RNA helicase  [Source:UniProtKB/TrEMBL;Acc:A0A077ZD77],Trichuris trichiura (PRJEB535),protein_coding,trtricprjeb535
TTRE12255,TTRE12255_t1,293,protein_coding,,Trichuris trichiura (PRJEB535),protein_coding,trtricprjeb535
TTRE5214,TTRE5214_t1,367,protein_coding,,Trichuris trichiura (PRJEB535),protein_coding,trtricprjeb535
TTRE4207,TTRE4207_t1,225,protein_coding,,Trichuris trichiura (PRJEB535),protein_coding,trtricprjeb535
TTRE10354,TTRE10354_t1,272,protein_coding,,Trichuris trichiura (PRJEB535),protein_coding,trtricprjeb535
TTRE9341,TTRE9341_t1,1190,protein_coding,Zona pellucida domain containing protein  [Source:UniProtKB/TrEMBL;Acc:A0A077Z2L7],Trichuris trichiura (PRJEB535),protein_coding,trtricprjeb535
TTRE7997,TTRE7997_t1,419,protein_coding,,Trichuris trichiura (PRJEB535),protein_coding,trtricprjeb535
TTRE4279,TTRE4279_t1,225,protein_coding,,Trichuris trichiura (PRJEB535),protein_coding,trtricprjeb535
TTRE11696,TTRE11696_t1,326,protein_coding,,Trichuris trichiura (PRJEB535),protein_coding,trtricprjeb535
TTRE9836,TTRE9836_t1,225,protein_coding,,Trichuris trichiura (PRJEB535),protein_coding,trtricprjeb535
TTRE6009,TTRE6009_t1,922,protein_coding,,Trichuris trichiura (PRJEB535),protein_coding,trtricprjeb535
TTRE10424,TTRE10424_t1,707,protein_coding,,Trichuris trichiura (PRJEB535),protein_coding,trtricprjeb535
TTRE7260,TTRE7260_t1,1472,protein_coding,,Trichuris trichiura (PRJEB535),protein_coding,trtricprjeb535
TTRE3596,TTRE3596_t1,482,protein_coding,dCMP cyt deam 1 domain containing protein  [Source:UniProtKB/TrEMBL;Acc:A0A077YZB3],Trichuris trichiura (PRJEB535),protein_coding,trtricprjeb535
TTRE2815,TTRE2815_t1,176,protein_coding,,Trichuris trichiura (PRJEB535),protein_coding,trtricprjeb535
TTRE9325,TTRE9325_t1,323,protein_coding,,Trichuris trichiura (PRJEB535),protein_coding,trtricprjeb535
TTRE1413,TTRE1413_t1,125,protein_coding,,Trichuris trichiura (PRJEB535),protein_coding,trtricprjeb535
TTRE595,TTRE595_t1,265,protein_coding,,Trichuris trichiura (PRJEB535),protein_coding,trtricprjeb535
TTRE610,TTRE610_t1,202,protein_coding,,Trichuris trichiura (PRJEB535),protein_coding,trtricprjeb535
TTRE7550,TTRE7550_t1,619,protein_coding,,Trichuris trichiura (PRJEB535),protein_coding,trtricprjeb535
TTRE11120,TTRE11120_t1,97,protein_coding,,Trichuris trichiura (PRJEB535),protein_coding,trtricprjeb535
TTRE6646,TTRE6646_t1,1053,protein_coding,,Trichuris trichiura (PRJEB535),protein_coding,trtricprjeb535
TTRE655,TTRE655_t1,371,protein_coding,,Trichuris trichiura (PRJEB535),protein_coding,trtricprjeb535
TTRE6382,TTRE6382_t1,362,protein_coding,,Trichuris trichiura (PRJEB535),protein_coding,trtricprjeb535
TTRE6375,TTRE6375_t1,755,protein_coding,Thioredoxin domain-containing protein  [Source:UniProtKB/TrEMBL;Acc:A0A077ZF58],Trichuris trichiura (PRJEB535),protein_coding,trtricprjeb535
TTRE9520,TTRE9520_t1,451,protein_coding,,Trichuris trichiura (PRJEB535),protein_coding,trtricprjeb535
TTRE2631,TTRE2631_t1,476,protein_coding,CCA tRNA nucleotidyltransferase 1  [Source:UniProtKB/TrEMBL;Acc:A0A077ZG32],Trichuris trichiura (PRJEB535),protein_coding,trtricprjeb535
TTRE1689,TTRE1689_t1,515,protein_coding,Major sperm protein  [Source:UniProtKB/TrEMBL;Acc:A0A077ZIQ5],Trichuris trichiura (PRJEB535),protein_coding,trtricprjeb535
TTRE11471,TTRE11471_t1,297,protein_coding,,Trichuris trichiura (PRJEB535),protein_coding,trtricprjeb535
TTRE10102,TTRE10102_t1,1865,protein_coding,,Trichuris trichiura (PRJEB535),protein_coding,trtricprjeb535
TTRE609,TTRE609_t2,1165,protein_coding,,Trichuris trichiura (PRJEB535),protein_coding,trtricprjeb535
TTRE2820,TTRE2820_t1,809,protein_coding,Tyrosine-protein kinase  [Source:UniProtKB/TrEMBL;Acc:A0A077ZCB7],Trichuris trichiura (PRJEB535),protein_coding,trtricprjeb535
TTRE7527,TTRE7527_t1,315,protein_coding,E3 ubiquitin-protein ligase  [Source:UniProtKB/TrEMBL;Acc:A0A077ZMV4],Trichuris trichiura (PRJEB535),protein_coding,trtricprjeb535
TTRE7368,TTRE7368_t1,425,protein_coding,DDE-1 domain-containing protein  [Source:UniProtKB/TrEMBL;Acc:A0A077ZJR6],Trichuris trichiura (PRJEB535),protein_coding,trtricprjeb535
TTRE1193,TTRE1193_t1,441,protein_coding,ES2 protein  [Source:UniProtKB/TrEMBL;Acc:A0A077Z7Q7],Trichuris trichiura (PRJEB535),protein_coding,trtricprjeb535
TTRE1697,TTRE1697_t1,278,protein_coding,Peptidase S1 domain-containing protein  [Source:UniProtKB/TrEMBL;Acc:A0A077ZGB3],Trichuris trichiura (PRJEB535),protein_coding,trtricprjeb535
TTRE8724,TTRE8724_t1,166,protein_coding,,Trichuris trichiura (PRJEB535),protein_coding,trtricprjeb535
TTRE11053,TTRE11053_t1,2519,protein_coding,,Trichuris trichiura (PRJEB535),protein_coding,trtricprjeb535
TTRE12569,TTRE12569_t1,1463,protein_coding,,Trichuris trichiura (PRJEB535),protein_coding,trtricprjeb535
TTRE10382,TTRE10382_t1,459,protein_coding,,Trichuris trichiura (PRJEB535),protein_coding,trtricprjeb535
TTRE12116,TTRE12116_t1,324,protein_coding,,Trichuris trichiura (PRJEB535),protein_coding,trtricprjeb535
TTRE6453,TTRE6453_t1,665,protein_coding,,Trichuris trichiura (PRJEB535),protein_coding,trtricprjeb535
TTRE2157,TTRE2157_t1,436,protein_coding,,Trichuris trichiura (PRJEB535),protein_coding,trtricprjeb535
TTRE8652,TTRE8652_t1,283,protein_coding,Protein odr c protein odr b protein odr a  [Source:UniProtKB/TrEMBL;Acc:A0A077YZN0],Trichuris trichiura (PRJEB535),protein_coding,trtricprjeb535
TTRE11788,TTRE11788_t1,233,protein_coding,,Trichuris trichiura (PRJEB535),protein_coding,trtricprjeb535
TTRE432,TTRE432_t1,247,protein_coding,,Trichuris trichiura (PRJEB535),protein_coding,trtricprjeb535
TTRE420,TTRE420_t1,405,protein_coding,Allograft inflammatory factor 1  [Source:UniProtKB/TrEMBL;Acc:A0A077ZJ15],Trichuris trichiura (PRJEB535),protein_coding,trtricprjeb535
TTRE158,TTRE158_t1,159,protein_coding,,Trichuris trichiura (PRJEB535),protein_coding,trtricprjeb535
TTRE10385,TTRE10385_t1,617,protein_coding,,Trichuris trichiura (PRJEB535),protein_coding,trtricprjeb535
TTRE5085,TTRE5085_t1,827,protein_coding,proton-translocating NAD(P)(+) transhydrogenase  [Source:UniProtKB/TrEMBL;Acc:A0A077Z4N4],Trichuris trichiura (PRJEB535),protein_coding,trtricprjeb535
TTRE1419,TTRE1419_t1,803,protein_coding,,Trichuris trichiura (PRJEB535),protein_coding,trtricprjeb535
TTRE3760,TTRE3760_t1,342,protein_coding,,Trichuris trichiura (PRJEB535),protein_coding,trtricprjeb535
TTRE6101,TTRE6101_t1,941,protein_coding,,Trichuris trichiura (PRJEB535),protein_coding,trtricprjeb535
TTRE5134,TTRE5134_t1,167,protein_coding,,Trichuris trichiura (PRJEB535),protein_coding,trtricprjeb535
TTRE1393,TTRE1393_t1,322,protein_coding,,Trichuris trichiura (PRJEB535),protein_coding,trtricprjeb535
TTRE361,TTRE361_t1,179,protein_coding,GTP binding regulatory protein Gs alpha S chain  [Source:UniProtKB/TrEMBL;Acc:A0A077Z7M7],Trichuris trichiura (PRJEB535),protein_coding,trtricprjeb535
TTRE2962,TTRE2962_t1,170,protein_coding,,Trichuris trichiura (PRJEB535),protein_coding,trtricprjeb535
TTRE4559,TTRE4559_t1,852,protein_coding,Splicing factor 1  [Source:UniProtKB/TrEMBL;Acc:A0A077Z180],Trichuris trichiura (PRJEB535),protein_coding,trtricprjeb535
TTRE10797,TTRE10797_t1,180,protein_coding,,Trichuris trichiura (PRJEB535),protein_coding,trtricprjeb535
TTRE532,TTRE532_t1,240,protein_coding,Capsular polysaccharide biosynthesis  [Source:UniProtKB/TrEMBL;Acc:A0A077YZT1],Trichuris trichiura (PRJEB535),protein_coding,trtricprjeb535
TTRE3703,TTRE3703_t1,579,protein_coding,Trifunctional enzyme subunit alpha  [Source:UniProtKB/TrEMBL;Acc:A0A077YXD7],Trichuris trichiura (PRJEB535),protein_coding,trtricprjeb535
TTRE1258,TTRE1258_t1,284,protein_coding,"2-methoxy-6-polyprenyl-1,4-benzoquinol methylase, mitochondrial  [Source:UniProtKB/TrEMBL;Acc:A0A077ZDM5]",Trichuris trichiura (PRJEB535),protein_coding,trtricprjeb535
TTRE7425,TTRE7425_t1,719,protein_coding,,Trichuris trichiura (PRJEB535),protein_coding,trtricprjeb535
TTRE1510,TTRE1510_t1,289,protein_coding,,Trichuris trichiura (PRJEB535),protein_coding,trtricprjeb535
TTRE7972,TTRE7972_t1,306,protein_coding,,Trichuris trichiura (PRJEB535),protein_coding,trtricprjeb535
TTRE4304,TTRE4304_t1,942,protein_coding,DNA-directed primase/polymerase protein  [Source:UniProtKB/TrEMBL;Acc:A0A077ZHW2],Trichuris trichiura (PRJEB535),protein_coding,trtricprjeb535
TTRE10105,TTRE10105_t1,146,protein_coding,,Trichuris trichiura (PRJEB535),protein_coding,trtricprjeb535
TTRE4080,TTRE4080_t1,1019,protein_coding,Tau tubulin kinase 1  [Source:UniProtKB/TrEMBL;Acc:A0A077ZPC3],Trichuris trichiura (PRJEB535),protein_coding,trtricprjeb535
TTRE2011,TTRE2011_t1,335,protein_coding,Pkinase domain containing protein  [Source:UniProtKB/TrEMBL;Acc:A0A077Z4Q3],Trichuris trichiura (PRJEB535),protein_coding,trtricprjeb535
TTRE3711,TTRE3711_t1,1256,protein_coding,,Trichuris trichiura (PRJEB535),protein_coding,trtricprjeb535
TTRE2093,TTRE2093_t1,335,protein_coding,,Trichuris trichiura (PRJEB535),protein_coding,trtricprjeb535
TTRE10422,TTRE10422_t1,245,protein_coding,,Trichuris trichiura (PRJEB535),protein_coding,trtricprjeb535
TTRE4997,TTRE4997_t1,237,protein_coding,Glycogen synthase kinase 3 beta  [Source:UniProtKB/TrEMBL;Acc:A0A077Z6L3],Trichuris trichiura (PRJEB535),protein_coding,trtricprjeb535
TTRE3165,TTRE3165_t1,232,protein_coding,,Trichuris trichiura (PRJEB535),protein_coding,trtricprjeb535
TTRE9729,TTRE9729_t1,274,protein_coding,,Trichuris trichiura (PRJEB535),protein_coding,trtricprjeb535
TTRE9792,TTRE9792_t1,392,protein_coding,,Trichuris trichiura (PRJEB535),protein_coding,trtricprjeb535
TTRE3094,TTRE3094_t1,1601,protein_coding,F-actin monooxygenase  [Source:UniProtKB/TrEMBL;Acc:A0A077ZEU1],Trichuris trichiura (PRJEB535),protein_coding,trtricprjeb535
TTRE152,TTRE152_t1,401,protein_coding,S-adenosylmethionine synthase  [Source:UniProtKB/TrEMBL;Acc:A0A077ZAZ7],Trichuris trichiura (PRJEB535),protein_coding,trtricprjeb535
TTRE1818,TTRE1818_t1,436,protein_coding,,Trichuris trichiura (PRJEB535),protein_coding,trtricprjeb535
TTRE12411,TTRE12411_t1,436,protein_coding,Ubiquitin conjugation factor E4 B  [Source:UniProtKB/TrEMBL;Acc:A0A077Z692],Trichuris trichiura (PRJEB535),protein_coding,trtricprjeb535
TTRE9451,TTRE9451_t1,557,protein_coding,,Trichuris trichiura (PRJEB535),protein_coding,trtricprjeb535
TTRE3229,TTRE3229_t1,230,protein_coding,Ribose phosphate pyrophosphokinase 3  [Source:UniProtKB/TrEMBL;Acc:A0A077Z6Y8],Trichuris trichiura (PRJEB535),protein_coding,trtricprjeb535
TTRE5042,TTRE5042_t1,251,protein_coding,GPP34 domain containing protein  [Source:UniProtKB/TrEMBL;Acc:A0A077YVU0],Trichuris trichiura (PRJEB535),protein_coding,trtricprjeb535
TTRE1844,TTRE1844_t1,650,protein_coding,Filamin C  [Source:UniProtKB/TrEMBL;Acc:A0A077ZAD0],Trichuris trichiura (PRJEB535),protein_coding,trtricprjeb535
TTRE8726,TTRE8726_t1,1448,protein_coding,ATP-grasp 4 domain containing protein  [Source:UniProtKB/TrEMBL;Acc:A0A077ZAW4],Trichuris trichiura (PRJEB535),protein_coding,trtricprjeb535
TTRE7226,TTRE7226_t1,527,protein_coding,,Trichuris trichiura (PRJEB535),protein_coding,trtricprjeb535
TTRE3768,TTRE3768_t1,459,protein_coding,Vacuolar fusion protein MON1 homolog  [Source:UniProtKB/TrEMBL;Acc:A0A077Z3I8],Trichuris trichiura (PRJEB535),protein_coding,trtricprjeb535
TTRE495,TTRE495_t1,208,protein_coding,,Trichuris trichiura (PRJEB535),protein_coding,trtricprjeb535
TTRE7920,TTRE7920_t1,98,protein_coding,,Trichuris trichiura (PRJEB535),protein_coding,trtricprjeb535
TTRE1080,TTRE1080_t1,208,protein_coding,Transmembrane 9 superfamily member  [Source:UniProtKB/TrEMBL;Acc:A0A077Z4Q1],Trichuris trichiura (PRJEB535),protein_coding,trtricprjeb535
TTRE10405,TTRE10405_t1,246,protein_coding,,Trichuris trichiura (PRJEB535),protein_coding,trtricprjeb535
TTRE8411,TTRE8411_t1,2705,protein_coding,Trefoil and Glyco hydro 31 domain containing prot ein  [Source:UniProtKB/TrEMBL;Acc:A0A077Z243],Trichuris trichiura (PRJEB535),protein_coding,trtricprjeb535
TTRE12113,TTRE12113_t1,274,protein_coding,,Trichuris trichiura (PRJEB535),protein_coding,trtricprjeb535
TTRE7994,TTRE7994_t1,1000,protein_coding,,Trichuris trichiura (PRJEB535),protein_coding,trtricprjeb535
TTRE779,TTRE779_t1,228,protein_coding,Protein ECT2  [Source:UniProtKB/TrEMBL;Acc:A0A077ZGQ5],Trichuris trichiura (PRJEB535),protein_coding,trtricprjeb535
TTRE8806,TTRE8806_t1,740,protein_coding,,Trichuris trichiura (PRJEB535),protein_coding,trtricprjeb535
TTRE12190,TTRE12190_t1,241,protein_coding,,Trichuris trichiura (PRJEB535),protein_coding,trtricprjeb535
TTRE8275,TTRE8275_t1,214,protein_coding,,Trichuris trichiura (PRJEB535),protein_coding,trtricprjeb535
TTRE10608,TTRE10608_t1,326,protein_coding,,Trichuris trichiura (PRJEB535),protein_coding,trtricprjeb535
TTRE5346,TTRE5346_t1,298,protein_coding,Coagulation factor IX  [Source:UniProtKB/TrEMBL;Acc:A0A077Z1E9],Trichuris trichiura (PRJEB535),protein_coding,trtricprjeb535
TTRE337,TTRE337_t1,364,protein_coding,Ras protein Rab 14  [Source:UniProtKB/TrEMBL;Acc:A0A077YWW6],Trichuris trichiura (PRJEB535),protein_coding,trtricprjeb535
TTRE8823,TTRE8823_t1,872,protein_coding,RCC1 domain containing protein  [Source:UniProtKB/TrEMBL;Acc:A0A077ZCF5],Trichuris trichiura (PRJEB535),protein_coding,trtricprjeb535
TTRE7808,TTRE7808_t1,1106,protein_coding,,Trichuris trichiura (PRJEB535),protein_coding,trtricprjeb535
TTRE8717,TTRE8717_t1,802,protein_coding,Col cuticle N and Collagen domain containing prot ein  [Source:UniProtKB/TrEMBL;Acc:A0A077ZAU6],Trichuris trichiura (PRJEB535),protein_coding,trtricprjeb535
TTRE7940,TTRE7940_t1,390,protein_coding,Zinc finger CCCH domain-containing protein  [Source:UniProtKB/TrEMBL;Acc:A0A077ZDX8],Trichuris trichiura (PRJEB535),protein_coding,trtricprjeb535
TTRE11764,TTRE11764_t1,326,protein_coding,,Trichuris trichiura (PRJEB535),protein_coding,trtricprjeb535
TTRE173,TTRE173_t1,280,protein_coding,,Trichuris trichiura (PRJEB535),protein_coding,trtricprjeb535
TTRE2431,TTRE2431_t1,344,protein_coding,,Trichuris trichiura (PRJEB535),protein_coding,trtricprjeb535
TTRE5682,TTRE5682_t1,224,protein_coding,,Trichuris trichiura (PRJEB535),protein_coding,trtricprjeb535
TTRE11333,TTRE11333_t1,212,protein_coding,,Trichuris trichiura (PRJEB535),protein_coding,trtricprjeb535
TTRE3321,TTRE3321_t1,960,protein_coding,DUF1768 domain containing protein  [Source:UniProtKB/TrEMBL;Acc:A0A077YZV2],Trichuris trichiura (PRJEB535),protein_coding,trtricprjeb535
TTRE12502,TTRE12502_t1,332,protein_coding,,Trichuris trichiura (PRJEB535),protein_coding,trtricprjeb535
TTRE918,TTRE918_t2,581,protein_coding,VWA domain containing protein  [Source:UniProtKB/TrEMBL;Acc:A0A077ZD14],Trichuris trichiura (PRJEB535),protein_coding,trtricprjeb535
TTRE1140,TTRE1140_t1,258,protein_coding,,Trichuris trichiura (PRJEB535),protein_coding,trtricprjeb535
TTRE3903,TTRE3903_t1,309,protein_coding,,Trichuris trichiura (PRJEB535),protein_coding,trtricprjeb535
TTRE11653,TTRE11653_t1,2237,protein_coding,,Trichuris trichiura (PRJEB535),protein_coding,trtricprjeb535
TTRE4843,TTRE4843_t1,144,protein_coding,,Trichuris trichiura (PRJEB535),protein_coding,trtricprjeb535
TTRE3477,TTRE3477_t1,175,protein_coding,,Trichuris trichiura (PRJEB535),protein_coding,trtricprjeb535
TTRE303,TTRE303_t1,164,protein_coding,,Trichuris trichiura (PRJEB535),protein_coding,trtricprjeb535
TTRE5092,TTRE5092_t1,108,protein_coding,,Trichuris trichiura (PRJEB535),protein_coding,trtricprjeb535
TTRE549,TTRE549_t1,197,protein_coding,,Trichuris trichiura (PRJEB535),protein_coding,trtricprjeb535
TTRE2684,TTRE2684_t1,250,protein_coding,"Succinate dehydrogenase [ubiquinone] iron-sulfur subunit, mitochondrial  [Source:UniProtKB/TrEMBL;Acc:A0A077ZJC7]",Trichuris trichiura (PRJEB535),protein_coding,trtricprjeb535
TTRE7731,TTRE7731_t1,389,protein_coding,,Trichuris trichiura (PRJEB535),protein_coding,trtricprjeb535
TTRE2099,TTRE2099_t1,720,protein_coding,,Trichuris trichiura (PRJEB535),protein_coding,trtricprjeb535
TTRE11020,TTRE11020_t1,600,protein_coding,,Trichuris trichiura (PRJEB535),protein_coding,trtricprjeb535
TTRE4090,TTRE4090_t1,412,protein_coding,Trafficking protein particle complex subunit 2  [Source:UniProtKB/TrEMBL;Acc:A0A077ZIX4],Trichuris trichiura (PRJEB535),protein_coding,trtricprjeb535
TTRE2960,TTRE2960_t1,1064,protein_coding,,Trichuris trichiura (PRJEB535),protein_coding,trtricprjeb535
TTRE6658,TTRE6658_t1,1046,protein_coding,Asparaginase 2 domain containing protein  [Source:UniProtKB/TrEMBL;Acc:A0A077ZE59],Trichuris trichiura (PRJEB535),protein_coding,trtricprjeb535
TTRE5141,TTRE5141_t1,221,protein_coding,,Trichuris trichiura (PRJEB535),protein_coding,trtricprjeb535
TTRE11358,TTRE11358_t1,350,protein_coding,,Trichuris trichiura (PRJEB535),protein_coding,trtricprjeb535
TTRE5542,TTRE5542_t1,497,protein_coding,proline--tRNA ligase  [Source:UniProtKB/TrEMBL;Acc:A0A077ZD58],Trichuris trichiura (PRJEB535),protein_coding,trtricprjeb535
TTRE10136,TTRE10136_t1,255,protein_coding,,Trichuris trichiura (PRJEB535),protein_coding,trtricprjeb535
TTRE4570,TTRE4570_t1,1527,protein_coding,LRR 8 domain containing protein  [Source:UniProtKB/TrEMBL;Acc:A0A077Z1Q4],Trichuris trichiura (PRJEB535),protein_coding,trtricprjeb535
TTRE2914,TTRE2914_t1,238,protein_coding,RNA helicase  [Source:UniProtKB/TrEMBL;Acc:A0A077ZMY4],Trichuris trichiura (PRJEB535),protein_coding,trtricprjeb535
TTRE3365,TTRE3365_t1,198,protein_coding,Protein CDV3 homolog  [Source:UniProtKB/TrEMBL;Acc:A0A077Z9P4],Trichuris trichiura (PRJEB535),protein_coding,trtricprjeb535
TTRE2915,TTRE2915_t1,483,protein_coding,MIZ:SP RING zinc finger  [Source:UniProtKB/TrEMBL;Acc:A0A077ZD96],Trichuris trichiura (PRJEB535),protein_coding,trtricprjeb535
TTRE5181,TTRE5181_t1,920,protein_coding,tRNA N(3)-methylcytidine methyltransferase  [Source:UniProtKB/TrEMBL;Acc:A0A077Z7H3],Trichuris trichiura (PRJEB535),protein_coding,trtricprjeb535
TTRE5277,TTRE5277_t1,4358,protein_coding,,Trichuris trichiura (PRJEB535),protein_coding,trtricprjeb535
TTRE4269,TTRE4269_t1,1322,protein_coding,,Trichuris trichiura (PRJEB535),protein_coding,trtricprjeb535
TTRE5119,TTRE5119_t1,1300,protein_coding,Bactericidal permeability increasing protein  [Source:UniProtKB/TrEMBL;Acc:A0A077ZGU4],Trichuris trichiura (PRJEB535),protein_coding,trtricprjeb535
TTRE5675,TTRE5675_t1,233,protein_coding,,Trichuris trichiura (PRJEB535),protein_coding,trtricprjeb535
TTRE2605,TTRE2605_t1,251,protein_coding,Electrogenic sodium bicarbonate cotransporter 1  [Source:UniProtKB/TrEMBL;Acc:A0A077ZJD9],Trichuris trichiura (PRJEB535),protein_coding,trtricprjeb535
TTRE11338,TTRE11338_t1,148,protein_coding,,Trichuris trichiura (PRJEB535),protein_coding,trtricprjeb535
TTRE5372,TTRE5372_t1,200,protein_coding,,Trichuris trichiura (PRJEB535),protein_coding,trtricprjeb535
TTRE7128,TTRE7128_t1,517,protein_coding,Regulator of rDNA transcription protein 15  [Source:UniProtKB/TrEMBL;Acc:A0A077ZMJ6],Trichuris trichiura (PRJEB535),protein_coding,trtricprjeb535
TTRE4315,TTRE4315_t1,274,protein_coding,,Trichuris trichiura (PRJEB535),protein_coding,trtricprjeb535
TTRE6442,TTRE6442_t1,413,protein_coding,,Trichuris trichiura (PRJEB535),protein_coding,trtricprjeb535
TTRE829,TTRE829_t1,277,protein_coding,,Trichuris trichiura (PRJEB535),protein_coding,trtricprjeb535
TTRE2970,TTRE2970_t1,197,protein_coding,I-set domain containing protein  [Source:UniProtKB/TrEMBL;Acc:A0A077ZCI8],Trichuris trichiura (PRJEB535),protein_coding,trtricprjeb535
TTRE12636,TTRE12636_t1,613,protein_coding,,Trichuris trichiura (PRJEB535),protein_coding,trtricprjeb535
TTRE6192,TTRE6192_t1,287,protein_coding,Myosin type II heavy chain  [Source:UniProtKB/TrEMBL;Acc:A0A077ZCF7],Trichuris trichiura (PRJEB535),protein_coding,trtricprjeb535
TTRE10968,TTRE10968_t1,229,protein_coding,,Trichuris trichiura (PRJEB535),protein_coding,trtricprjeb535
TTRE9255,TTRE9255_t1,191,protein_coding,,Trichuris trichiura (PRJEB535),protein_coding,trtricprjeb535
TTRE8835,TTRE8835_t1,821,protein_coding,,Trichuris trichiura (PRJEB535),protein_coding,trtricprjeb535
TTRE8173,TTRE8173_t1,1133,protein_coding,,Trichuris trichiura (PRJEB535),protein_coding,trtricprjeb535
TTRE6515,TTRE6515_t1,746,protein_coding,RRM 6 and RRP7 domain containing protein  [Source:UniProtKB/TrEMBL;Acc:A0A077Z4I1],Trichuris trichiura (PRJEB535),protein_coding,trtricprjeb535
TTRE1499,TTRE1499_t1,2993,protein_coding,Calpain catalytic domain-containing protein  [Source:UniProtKB/TrEMBL;Acc:A0A077ZBM8],Trichuris trichiura (PRJEB535),protein_coding,trtricprjeb535
TTRE10725,TTRE10725_t1,255,protein_coding,,Trichuris trichiura (PRJEB535),protein_coding,trtricprjeb535
TTRE9765,TTRE9765_t1,237,protein_coding,,Trichuris trichiura (PRJEB535),protein_coding,trtricprjeb535
TTRE536,TTRE536_t2,255,protein_coding,,Trichuris trichiura (PRJEB535),protein_coding,trtricprjeb535
TTRE513,TTRE513_t1,408,protein_coding,,Trichuris trichiura (PRJEB535),protein_coding,trtricprjeb535
TTRE7947,TTRE7947_t1,254,protein_coding,,Trichuris trichiura (PRJEB535),protein_coding,trtricprjeb535
TTRE12500,TTRE12500_t1,139,protein_coding,,Trichuris trichiura (PRJEB535),protein_coding,trtricprjeb535
TTRE3638,TTRE3638_t1,386,protein_coding,,Trichuris trichiura (PRJEB535),protein_coding,trtricprjeb535
TTRE7489,TTRE7489_t1,296,protein_coding,,Trichuris trichiura (PRJEB535),protein_coding,trtricprjeb535
TTRE2239,TTRE2239_t1,203,protein_coding,,Trichuris trichiura (PRJEB535),protein_coding,trtricprjeb535
TTRE667,TTRE667_t1,506,protein_coding,Gastrulation specific protein G12  [Source:UniProtKB/TrEMBL;Acc:A0A077Z156],Trichuris trichiura (PRJEB535),protein_coding,trtricprjeb535
TTRE9689,TTRE9689_t1,356,protein_coding,,Trichuris trichiura (PRJEB535),protein_coding,trtricprjeb535
TTRE3033,TTRE3033_t1,146,protein_coding,,Trichuris trichiura (PRJEB535),protein_coding,trtricprjeb535
TTRE5511,TTRE5511_t1,268,protein_coding,,Trichuris trichiura (PRJEB535),protein_coding,trtricprjeb535
TTRE10882,TTRE10882_t1,503,protein_coding,,Trichuris trichiura (PRJEB535),protein_coding,trtricprjeb535
TTRE5471,TTRE5471_t1,133,protein_coding,,Trichuris trichiura (PRJEB535),protein_coding,trtricprjeb535
TTRE3360,TTRE3360_t1,100,protein_coding,,Trichuris trichiura (PRJEB535),protein_coding,trtricprjeb535
TTRE12044,TTRE12044_t1,755,protein_coding,Major sperm protein  [Source:UniProtKB/TrEMBL;Acc:A0A077Z897],Trichuris trichiura (PRJEB535),protein_coding,trtricprjeb535
TTRE4002,TTRE4002_t1,482,protein_coding,,Trichuris trichiura (PRJEB535),protein_coding,trtricprjeb535
TTRE4363,TTRE4363_t1,262,protein_coding,Glycogen [starch] synthase  [Source:UniProtKB/TrEMBL;Acc:A0A077ZFM6],Trichuris trichiura (PRJEB535),protein_coding,trtricprjeb535
TTRE414,TTRE414_t2,241,protein_coding,,Trichuris trichiura (PRJEB535),protein_coding,trtricprjeb535
TTRE3796,TTRE3796_t1,575,protein_coding,DSPc domain containing protein  [Source:UniProtKB/TrEMBL;Acc:A0A077Z3T8],Trichuris trichiura (PRJEB535),protein_coding,trtricprjeb535
TTRE6114,TTRE6114_t1,353,protein_coding,,Trichuris trichiura (PRJEB535),protein_coding,trtricprjeb535
TTRE5810,TTRE5810_t1,172,protein_coding,,Trichuris trichiura (PRJEB535),protein_coding,trtricprjeb535
TTRE12407,TTRE12407_t1,307,protein_coding,,Trichuris trichiura (PRJEB535),protein_coding,trtricprjeb535
TTRE2793,TTRE2793_t1,523,protein_coding,,Trichuris trichiura (PRJEB535),protein_coding,trtricprjeb535
TTRE7129,TTRE7129_t1,489,protein_coding,,Trichuris trichiura (PRJEB535),protein_coding,trtricprjeb535
TTRE3107,TTRE3107_t1,218,protein_coding,,Trichuris trichiura (PRJEB535),protein_coding,trtricprjeb535
TTRE10027,TTRE10027_t1,125,protein_coding,,Trichuris trichiura (PRJEB535),protein_coding,trtricprjeb535
TTRE10080,TTRE10080_t1,608,protein_coding,,Trichuris trichiura (PRJEB535),protein_coding,trtricprjeb535
TTRE1766,TTRE1766_t1,360,protein_coding,,Trichuris trichiura (PRJEB535),protein_coding,trtricprjeb535
TTRE4017,TTRE4017_t1,1365,protein_coding,,Trichuris trichiura (PRJEB535),protein_coding,trtricprjeb535
TTRE10228,TTRE10228_t1,428,protein_coding,,Trichuris trichiura (PRJEB535),protein_coding,trtricprjeb535
TTRE40,TTRE40_t1,196,protein_coding,,Trichuris trichiura (PRJEB535),protein_coding,trtricprjeb535
TTRE1557,TTRE1557_t2,12370,protein_coding,,Trichuris trichiura (PRJEB535),protein_coding,trtricprjeb535
TTRE3135,TTRE3135_t1,735,protein_coding,Round spermatid basic protein 1 protein  [Source:UniProtKB/TrEMBL;Acc:A0A077YYN3],Trichuris trichiura (PRJEB535),protein_coding,trtricprjeb535
TTRE4675,TTRE4675_t1,455,protein_coding,,Trichuris trichiura (PRJEB535),protein_coding,trtricprjeb535
TTRE5948,TTRE5948_t1,1718,protein_coding,,Trichuris trichiura (PRJEB535),protein_coding,trtricprjeb535
TTRE11813,TTRE11813_t1,386,protein_coding,Major sperm protein  [Source:UniProtKB/TrEMBL;Acc:A0A077Z0D6],Trichuris trichiura (PRJEB535),protein_coding,trtricprjeb535
TTRE7417,TTRE7417_t1,227,protein_coding,,Trichuris trichiura (PRJEB535),protein_coding,trtricprjeb535
TTRE10066,TTRE10066_t1,212,protein_coding,,Trichuris trichiura (PRJEB535),protein_coding,trtricprjeb535
TTRE6801,TTRE6801_t1,670,protein_coding,,Trichuris trichiura (PRJEB535),protein_coding,trtricprjeb535
TTRE5529,TTRE5529_t1,177,protein_coding,,Trichuris trichiura (PRJEB535),protein_coding,trtricprjeb535
TTRE8028,TTRE8028_t1,142,protein_coding,,Trichuris trichiura (PRJEB535),protein_coding,trtricprjeb535
TTRE9978,TTRE9978_t1,264,protein_coding,,Trichuris trichiura (PRJEB535),protein_coding,trtricprjeb535
TTRE277,TTRE277_t1,233,protein_coding,,Trichuris trichiura (PRJEB535),protein_coding,trtricprjeb535
TTRE5500,TTRE5500_t1,324,protein_coding,,Trichuris trichiura (PRJEB535),protein_coding,trtricprjeb535
TTRE10182,TTRE10182_t1,278,protein_coding,,Trichuris trichiura (PRJEB535),protein_coding,trtricprjeb535
TTRE9042,TTRE9042_t1,1181,protein_coding,Melatonin receptor type 1a  [Source:UniProtKB/TrEMBL;Acc:A0A077YWC6],Trichuris trichiura (PRJEB535),protein_coding,trtricprjeb535
TTRE72,TTRE72_t1,702,protein_coding,,Trichuris trichiura (PRJEB535),protein_coding,trtricprjeb535
TTRE6662,TTRE6662_t1,839,protein_coding,,Trichuris trichiura (PRJEB535),protein_coding,trtricprjeb535
TTRE5687,TTRE5687_t1,562,protein_coding,,Trichuris trichiura (PRJEB535),protein_coding,trtricprjeb535
TTRE10854,TTRE10854_t1,497,protein_coding,,Trichuris trichiura (PRJEB535),protein_coding,trtricprjeb535
TTRE3710,TTRE3710_t1,360,protein_coding,,Trichuris trichiura (PRJEB535),protein_coding,trtricprjeb535
TTRE11460,TTRE11460_t1,236,protein_coding,,Trichuris trichiura (PRJEB535),protein_coding,trtricprjeb535
TTRE950,TTRE950_t1,1233,protein_coding,,Trichuris trichiura (PRJEB535),protein_coding,trtricprjeb535
TTRE5890,TTRE5890_t1,1238,protein_coding,,Trichuris trichiura (PRJEB535),protein_coding,trtricprjeb535
TTRE4054,TTRE4054_t1,340,protein_coding,alpha-L-fucosidase  [Source:UniProtKB/TrEMBL;Acc:A0A077Z4A2],Trichuris trichiura (PRJEB535),protein_coding,trtricprjeb535
TTRE5891,TTRE5891_t1,833,protein_coding,,Trichuris trichiura (PRJEB535),protein_coding,trtricprjeb535
TTRE2252,TTRE2252_t1,819,protein_coding,GKAP domain containing protein  [Source:UniProtKB/TrEMBL;Acc:A0A077YYT1],Trichuris trichiura (PRJEB535),protein_coding,trtricprjeb535
TTRE467,TTRE467_t1,602,protein_coding,,Trichuris trichiura (PRJEB535),protein_coding,trtricprjeb535
TTRE11755,TTRE11755_t1,368,protein_coding,,Trichuris trichiura (PRJEB535),protein_coding,trtricprjeb535
TTRE12562,TTRE12562_t1,155,protein_coding,,Trichuris trichiura (PRJEB535),protein_coding,trtricprjeb535
TTRE786,TTRE786_t1,366,protein_coding,,Trichuris trichiura (PRJEB535),protein_coding,trtricprjeb535
TTRE2895,TTRE2895_t1,1435,protein_coding,,Trichuris trichiura (PRJEB535),protein_coding,trtricprjeb535
TTRE1584,TTRE1584_t1,225,protein_coding,Prolyl endopeptidase  [Source:UniProtKB/TrEMBL;Acc:A0A077Z1E8],Trichuris trichiura (PRJEB535),protein_coding,trtricprjeb535
TTRE5731,TTRE5731_t1,348,protein_coding,,Trichuris trichiura (PRJEB535),protein_coding,trtricprjeb535
TTRE9313,TTRE9313_t1,326,protein_coding,,Trichuris trichiura (PRJEB535),protein_coding,trtricprjeb535
TTRE12374,TTRE12374_t1,289,protein_coding,Tetraspanin family protein  [Source:UniProtKB/TrEMBL;Acc:A0A077YZK7],Trichuris trichiura (PRJEB535),protein_coding,trtricprjeb535
TTRE6002,TTRE6002_t1,355,protein_coding,,Trichuris trichiura (PRJEB535),protein_coding,trtricprjeb535
TTRE4977,TTRE4977_t1,3387,protein_coding,NUC173 domain containing protein  [Source:UniProtKB/TrEMBL;Acc:A0A077Z5C7],Trichuris trichiura (PRJEB535),protein_coding,trtricprjeb535
TTRE8481,TTRE8481_t1,205,protein_coding,,Trichuris trichiura (PRJEB535),protein_coding,trtricprjeb535
TTRE8001,TTRE8001_t1,422,protein_coding,,Trichuris trichiura (PRJEB535),protein_coding,trtricprjeb535
TTRE2142,TTRE2142_t1,375,protein_coding,,Trichuris trichiura (PRJEB535),protein_coding,trtricprjeb535
TTRE9626,TTRE9626_t1,881,protein_coding,Autophagy-related protein 9  [Source:UniProtKB/TrEMBL;Acc:A0A077ZQ55],Trichuris trichiura (PRJEB535),protein_coding,trtricprjeb535
TTRE8772,TTRE8772_t1,364,protein_coding,,Trichuris trichiura (PRJEB535),protein_coding,trtricprjeb535
TTRE7754,TTRE7754_t1,171,protein_coding,Prefoldin domain containing protein  [Source:UniProtKB/TrEMBL;Acc:A0A077ZID5],Trichuris trichiura (PRJEB535),protein_coding,trtricprjeb535
TTRE8764,TTRE8764_t1,4358,protein_coding,,Trichuris trichiura (PRJEB535),protein_coding,trtricprjeb535
TTRE2913,TTRE2913_t1,539,protein_coding,DUF647 domain containing protein  [Source:UniProtKB/TrEMBL;Acc:A0A077Z6I2],Trichuris trichiura (PRJEB535),protein_coding,trtricprjeb535
TTRE147,TTRE147_t1,228,protein_coding,,Trichuris trichiura (PRJEB535),protein_coding,trtricprjeb535
TTRE1562,TTRE1562_t1,1214,protein_coding,"Acetyl coenzyme A acetyltransferase, mitochondria l  [Source:UniProtKB/TrEMBL;Acc:A0A077Z8S0]",Trichuris trichiura (PRJEB535),protein_coding,trtricprjeb535
TTRE10809,TTRE10809_t1,224,protein_coding,,Trichuris trichiura (PRJEB535),protein_coding,trtricprjeb535
TTRE5816,TTRE5816_t10,230,protein_coding,cAMP dependent protein kinase catalytic subunit  [Source:UniProtKB/TrEMBL;Acc:A0A077YYK5],Trichuris trichiura (PRJEB535),protein_coding,trtricprjeb535
TTRE4324,TTRE4324_t1,320,protein_coding,,Trichuris trichiura (PRJEB535),protein_coding,trtricprjeb535
TTRE8671,TTRE8671_t1,506,protein_coding,,Trichuris trichiura (PRJEB535),protein_coding,trtricprjeb535
TTRE7416,TTRE7416_t1,201,protein_coding,,Trichuris trichiura (PRJEB535),protein_coding,trtricprjeb535
TTRE1008,TTRE1008_t1,1028,protein_coding,7TM GPCR Srsx domain containing protein  [Source:UniProtKB/TrEMBL;Acc:A0A077YXP3],Trichuris trichiura (PRJEB535),protein_coding,trtricprjeb535
TTRE8479,TTRE8479_t1,811,protein_coding,,Trichuris trichiura (PRJEB535),protein_coding,trtricprjeb535
TTRE8889,TTRE8889_t1,124,protein_coding,,Trichuris trichiura (PRJEB535),protein_coding,trtricprjeb535
TTRE1597,TTRE1597_t1,1181,protein_coding,Histone deacetylase  [Source:UniProtKB/TrEMBL;Acc:A0A077YYM3],Trichuris trichiura (PRJEB535),protein_coding,trtricprjeb535
TTRE4496,TTRE4496_t1,197,protein_coding,,Trichuris trichiura (PRJEB535),protein_coding,trtricprjeb535
TTRE8489,TTRE8489_t1,486,protein_coding,Pre-mRNA-splicing factor RBM22  [Source:UniProtKB/TrEMBL;Acc:A0A077YXQ8],Trichuris trichiura (PRJEB535),protein_coding,trtricprjeb535
TTRE2705,TTRE2705_t1,248,protein_coding,Autophagy protein 5  [Source:UniProtKB/TrEMBL;Acc:A0A077ZJT2],Trichuris trichiura (PRJEB535),protein_coding,trtricprjeb535
TTRE10158,TTRE10158_t1,744,protein_coding,,Trichuris trichiura (PRJEB535),protein_coding,trtricprjeb535
TTRE4454,TTRE4454_t1,478,protein_coding,,Trichuris trichiura (PRJEB535),protein_coding,trtricprjeb535
TTRE7163,TTRE7163_t1,452,protein_coding,,Trichuris trichiura (PRJEB535),protein_coding,trtricprjeb535
TTRE944,TTRE944_t1,860,protein_coding,Fringe glycosyltransferase  [Source:UniProtKB/TrEMBL;Acc:A0A077ZDB8],Trichuris trichiura (PRJEB535),protein_coding,trtricprjeb535
TTRE12646,TTRE12646_t1,674,protein_coding,,Trichuris trichiura (PRJEB535),protein_coding,trtricprjeb535
TTRE10803,TTRE10803_t1,425,protein_coding,TIP41-like protein  [Source:UniProtKB/TrEMBL;Acc:A0A077Z190],Trichuris trichiura (PRJEB535),protein_coding,trtricprjeb535
TTRE7902,TTRE7902_t1,754,protein_coding,G_PROTEIN_RECEP_F1_2 domain-containing protein  [Source:UniProtKB/TrEMBL;Acc:A0A077ZHV9],Trichuris trichiura (PRJEB535),protein_coding,trtricprjeb535
TTRE305,TTRE305_t1,239,protein_coding,Serine/threonine-protein phosphatase  [Source:UniProtKB/TrEMBL;Acc:A0A077Z292],Trichuris trichiura (PRJEB535),protein_coding,trtricprjeb535
TTRE6825,TTRE6825_t1,223,protein_coding,,Trichuris trichiura (PRJEB535),protein_coding,trtricprjeb535
TTRE10598,TTRE10598_t1,2852,protein_coding,,Trichuris trichiura (PRJEB535),protein_coding,trtricprjeb535
TTRE3639,TTRE3639_t1,185,protein_coding,,Trichuris trichiura (PRJEB535),protein_coding,trtricprjeb535
TTRE3039,TTRE3039_t1,365,protein_coding,,Trichuris trichiura (PRJEB535),protein_coding,trtricprjeb535
TTRE9444,TTRE9444_t1,270,protein_coding,,Trichuris trichiura (PRJEB535),protein_coding,trtricprjeb535
TTRE10109,TTRE10109_t1,1649,protein_coding,,Trichuris trichiura (PRJEB535),protein_coding,trtricprjeb535
TTRE9365,TTRE9365_t1,159,protein_coding,,Trichuris trichiura (PRJEB535),protein_coding,trtricprjeb535
TTRE1391,TTRE1391_t1,628,protein_coding,,Trichuris trichiura (PRJEB535),protein_coding,trtricprjeb535
TTRE8759,TTRE8759_t1,803,protein_coding,,Trichuris trichiura (PRJEB535),protein_coding,trtricprjeb535
TTRE11801,TTRE11801_t1,473,protein_coding,,Trichuris trichiura (PRJEB535),protein_coding,trtricprjeb535
TTRE7287,TTRE7287_t1,437,protein_coding,,Trichuris trichiura (PRJEB535),protein_coding,trtricprjeb535
TTRE6822,TTRE6822_t1,332,protein_coding,,Trichuris trichiura (PRJEB535),protein_coding,trtricprjeb535
TTRE5798,TTRE5798_t1,203,protein_coding,,Trichuris trichiura (PRJEB535),protein_coding,trtricprjeb535
TTRE5593,TTRE5593_t1,197,protein_coding,Negative elongation factor A  [Source:UniProtKB/TrEMBL;Acc:A0A077YY26],Trichuris trichiura (PRJEB535),protein_coding,trtricprjeb535
TTRE3529,TTRE3529_t1,149,protein_coding,Small ubiquitin-related modifier  [Source:UniProtKB/TrEMBL;Acc:A0A077Z0D1],Trichuris trichiura (PRJEB535),protein_coding,trtricprjeb535
TTRE11166,TTRE11166_t1,353,protein_coding,,Trichuris trichiura (PRJEB535),protein_coding,trtricprjeb535
TTRE4351,TTRE4351_t1,259,protein_coding,,Trichuris trichiura (PRJEB535),protein_coding,trtricprjeb535
TTRE1587,TTRE1587_t1,2744,protein_coding,Symplekin C and DUF3453 domain containing protein  [Source:UniProtKB/TrEMBL;Acc:A0A077Z8E7],Trichuris trichiura (PRJEB535),protein_coding,trtricprjeb535
TTRE6642,TTRE6642_t1,309,protein_coding,Cancer nucleoside triphosphatase  [Source:UniProtKB/TrEMBL;Acc:A0A077Z5N8],Trichuris trichiura (PRJEB535),protein_coding,trtricprjeb535
TTRE7987,TTRE7987_t1,406,protein_coding,Transient receptor potential gamma protein  [Source:UniProtKB/TrEMBL;Acc:A0A077Z999],Trichuris trichiura (PRJEB535),protein_coding,trtricprjeb535
TTRE9796,TTRE9796_t1,131,protein_coding,,Trichuris trichiura (PRJEB535),protein_coding,trtricprjeb535
TTRE2741,TTRE2741_t1,288,protein_coding,,Trichuris trichiura (PRJEB535),protein_coding,trtricprjeb535
TTRE350,TTRE350_t1,1808,protein_coding,DNA pol A exo1 domain containing protein  [Source:UniProtKB/TrEMBL;Acc:A0A077YXN9],Trichuris trichiura (PRJEB535),protein_coding,trtricprjeb535
TTRE3489,TTRE3489_t1,298,protein_coding,WD40 and Pro isomerase domain containing protein  [Source:UniProtKB/TrEMBL;Acc:A0A077Z5S1],Trichuris trichiura (PRJEB535),protein_coding,trtricprjeb535
TTRE1170,TTRE1170_t1,230,protein_coding,,Trichuris trichiura (PRJEB535),protein_coding,trtricprjeb535
TTRE7918,TTRE7918_t1,352,protein_coding,,Trichuris trichiura (PRJEB535),protein_coding,trtricprjeb535
TTRE6269,TTRE6269_t1,1643,protein_coding,,Trichuris trichiura (PRJEB535),protein_coding,trtricprjeb535
TTRE5036,TTRE5036_t1,349,protein_coding,,Trichuris trichiura (PRJEB535),protein_coding,trtricprjeb535
TTRE7584,TTRE7584_t1,1739,protein_coding,,Trichuris trichiura (PRJEB535),protein_coding,trtricprjeb535
TTRE8486,TTRE8486_t1,1157,protein_coding,,Trichuris trichiura (PRJEB535),protein_coding,trtricprjeb535
TTRE8786,TTRE8786_t1,733,protein_coding,,Trichuris trichiura (PRJEB535),protein_coding,trtricprjeb535
TTRE4300,TTRE4300_t1,506,protein_coding,,Trichuris trichiura (PRJEB535),protein_coding,trtricprjeb535
TTRE6570,TTRE6570_t1,677,protein_coding,,Trichuris trichiura (PRJEB535),protein_coding,trtricprjeb535
TTRE5725,TTRE5725_t1,198,protein_coding,DnaJ homolog subfamily A member 2  [Source:UniProtKB/TrEMBL;Acc:A0A077Z6D3],Trichuris trichiura (PRJEB535),protein_coding,trtricprjeb535
TTRE753,TTRE753_t1,1115,protein_coding,Protein DMSR 8  [Source:UniProtKB/TrEMBL;Acc:A0A077ZJQ6],Trichuris trichiura (PRJEB535),protein_coding,trtricprjeb535
TTRE7478,TTRE7478_t1,747,protein_coding,,Trichuris trichiura (PRJEB535),protein_coding,trtricprjeb535
TTRE8656,TTRE8656_t1,585,protein_coding,,Trichuris trichiura (PRJEB535),protein_coding,trtricprjeb535
TTRE12640,TTRE12640_t2,448,protein_coding,,Trichuris trichiura (PRJEB535),protein_coding,trtricprjeb535
TTRE3722,TTRE3722_t1,257,protein_coding,,Trichuris trichiura (PRJEB535),protein_coding,trtricprjeb535
TTRE2298,TTRE2298_t1,838,protein_coding,C2 domain containing protein  [Source:UniProtKB/TrEMBL;Acc:A0A077YZ09],Trichuris trichiura (PRJEB535),protein_coding,trtricprjeb535
TTRE4740,TTRE4740_t1,501,protein_coding,,Trichuris trichiura (PRJEB535),protein_coding,trtricprjeb535
TTRE7981,TTRE7981_t1,473,protein_coding,,Trichuris trichiura (PRJEB535),protein_coding,trtricprjeb535
TTRE6606,TTRE6606_t1,656,protein_coding,,Trichuris trichiura (PRJEB535),protein_coding,trtricprjeb535
TTRE6102,TTRE6102_t1,344,protein_coding,,Trichuris trichiura (PRJEB535),protein_coding,trtricprjeb535
TTRE1785,TTRE1785_t1,266,protein_coding,AMP-binding and AMP-binding C domain containing p rotein  [Source:UniProtKB/TrEMBL;Acc:A0A077ZIV7],Trichuris trichiura (PRJEB535),protein_coding,trtricprjeb535
TTRE10151,TTRE10151_t1,130,protein_coding,RRM 1 domain containing protein  [Source:UniProtKB/TrEMBL;Acc:A0A077Z075],Trichuris trichiura (PRJEB535),protein_coding,trtricprjeb535
TTRE9392,TTRE9392_t1,527,protein_coding,Asparaginase 2 domain containing protein  [Source:UniProtKB/TrEMBL;Acc:A0A077ZAQ2],Trichuris trichiura (PRJEB535),protein_coding,trtricprjeb535
TTRE7942,TTRE7942_t1,476,protein_coding,IL17 domain containing protein  [Source:UniProtKB/TrEMBL;Acc:A0A077ZCI3],Trichuris trichiura (PRJEB535),protein_coding,trtricprjeb535
TTRE10276,TTRE10276_t1,242,protein_coding,,Trichuris trichiura (PRJEB535),protein_coding,trtricprjeb535
TTRE4268,TTRE4268_t1,991,protein_coding,Peptidase M13 and Peptidase M13 N domain containi ng protein  [Source:UniProtKB/TrEMBL;Acc:A0A077ZJE5],Trichuris trichiura (PRJEB535),protein_coding,trtricprjeb535
TTRE11683,TTRE11683_t1,599,protein_coding,,Trichuris trichiura (PRJEB535),protein_coding,trtricprjeb535
TTRE6691,TTRE6691_t1,539,protein_coding,,Trichuris trichiura (PRJEB535),protein_coding,trtricprjeb535
TTRE5759,TTRE5759_t1,456,protein_coding,,Trichuris trichiura (PRJEB535),protein_coding,trtricprjeb535
TTRE7845,TTRE7845_t1,635,protein_coding,,Trichuris trichiura (PRJEB535),protein_coding,trtricprjeb535
TTRE7354,TTRE7354_t1,317,protein_coding,,Trichuris trichiura (PRJEB535),protein_coding,trtricprjeb535
TTRE1476,TTRE1476_t1,1595,protein_coding,Far upstream element-binding protein 1  [Source:UniProtKB/TrEMBL;Acc:A0A077ZBD0],Trichuris trichiura (PRJEB535),protein_coding,trtricprjeb535
TTRE4973,TTRE4973_t1,170,protein_coding,,Trichuris trichiura (PRJEB535),protein_coding,trtricprjeb535
TTRE5933,TTRE5933_t1,3280,protein_coding,,Trichuris trichiura (PRJEB535),protein_coding,trtricprjeb535
TTRE12011,TTRE12011_t1,707,protein_coding,Mitochondrial proton/calcium exchanger protein  [Source:UniProtKB/TrEMBL;Acc:A0A077Z611],Trichuris trichiura (PRJEB535),protein_coding,trtricprjeb535
TTRE255,TTRE255_t1,433,protein_coding,Translation initiation factor IF 3  [Source:UniProtKB/TrEMBL;Acc:A0A077ZIP2],Trichuris trichiura (PRJEB535),protein_coding,trtricprjeb535
TTRE11741,TTRE11741_t1,404,protein_coding,,Trichuris trichiura (PRJEB535),protein_coding,trtricprjeb535
TTRE10558,TTRE10558_t1,719,protein_coding,,Trichuris trichiura (PRJEB535),protein_coding,trtricprjeb535
TTRE1102,TTRE1102_t1,166,protein_coding,"Protein involved in positive regulation of both 1, 3-beta-glucan synthesis and the Pkc1p-MAPK pathway  [Source:UniProtKB/TrEMBL;Acc:A0A077ZK58]",Trichuris trichiura (PRJEB535),protein_coding,trtricprjeb535
TTRE7839,TTRE7839_t1,426,protein_coding,,Trichuris trichiura (PRJEB535),protein_coding,trtricprjeb535
TTRE3195,TTRE3195_t1,204,protein_coding,MFS 1 domain containing protein  [Source:UniProtKB/TrEMBL;Acc:A0A077Z1P7],Trichuris trichiura (PRJEB535),protein_coding,trtricprjeb535
TTRE2131,TTRE2131_t1,736,protein_coding,Cysteine proteinase  [Source:UniProtKB/TrEMBL;Acc:A0A077YZI7],Trichuris trichiura (PRJEB535),protein_coding,trtricprjeb535
TTRE12093,TTRE12093_t1,412,protein_coding,,Trichuris trichiura (PRJEB535),protein_coding,trtricprjeb535
TTRE212,TTRE212_t1,212,protein_coding,,Trichuris trichiura (PRJEB535),protein_coding,trtricprjeb535
TTRE8963,TTRE8963_t1,398,protein_coding,,Trichuris trichiura (PRJEB535),protein_coding,trtricprjeb535
TTRE11698,TTRE11698_t1,360,protein_coding,,Trichuris trichiura (PRJEB535),protein_coding,trtricprjeb535
TTRE5418,TTRE5418_t1,1881,protein_coding,,Trichuris trichiura (PRJEB535),protein_coding,trtricprjeb535
TTRE7561,TTRE7561_t1,311,protein_coding,,Trichuris trichiura (PRJEB535),protein_coding,trtricprjeb535
TTRE9463,TTRE9463_t1,2129,protein_coding,,Trichuris trichiura (PRJEB535),protein_coding,trtricprjeb535
TTRE4892,TTRE4892_t1,671,protein_coding,,Trichuris trichiura (PRJEB535),protein_coding,trtricprjeb535
TTRE517,TTRE517_t1,294,protein_coding,,Trichuris trichiura (PRJEB535),protein_coding,trtricprjeb535
TTRE8991,TTRE8991_t1,247,protein_coding,,Trichuris trichiura (PRJEB535),protein_coding,trtricprjeb535
TTRE8460,TTRE8460_t1,260,protein_coding,Calcium binding mitochondrial carrier protein  [Source:UniProtKB/TrEMBL;Acc:A0A077YXK9],Trichuris trichiura (PRJEB535),protein_coding,trtricprjeb535
TTRE11662,TTRE11662_t1,1220,protein_coding,,Trichuris trichiura (PRJEB535),protein_coding,trtricprjeb535
TTRE8285,TTRE8285_t1,419,protein_coding,Major sperm protein  [Source:UniProtKB/TrEMBL;Acc:A0A077ZB57],Trichuris trichiura (PRJEB535),protein_coding,trtricprjeb535
TTRE3512,TTRE3512_t1,560,protein_coding,Insulin receptor substrate 1  [Source:UniProtKB/TrEMBL;Acc:A0A077Z2M1],Trichuris trichiura (PRJEB535),protein_coding,trtricprjeb535
TTRE168,TTRE168_t1,1460,protein_coding,,Trichuris trichiura (PRJEB535),protein_coding,trtricprjeb535
TTRE7753,TTRE7753_t1,313,protein_coding,,Trichuris trichiura (PRJEB535),protein_coding,trtricprjeb535
TTRE5752,TTRE5752_t1,655,protein_coding,,Trichuris trichiura (PRJEB535),protein_coding,trtricprjeb535
TTRE3905,TTRE3905_t1,778,protein_coding,Selenocysteine specific elongation factor  [Source:UniProtKB/TrEMBL;Acc:A0A077ZEF0],Trichuris trichiura (PRJEB535),protein_coding,trtricprjeb535
TTRE6738,TTRE6738_t1,503,protein_coding,,Trichuris trichiura (PRJEB535),protein_coding,trtricprjeb535
TTRE7315,TTRE7315_t1,1253,protein_coding,,Trichuris trichiura (PRJEB535),protein_coding,trtricprjeb535
TTRE10497,TTRE10497_t1,3881,protein_coding,,Trichuris trichiura (PRJEB535),protein_coding,trtricprjeb535
TTRE2773,TTRE2773_t1,984,protein_coding,,Trichuris trichiura (PRJEB535),protein_coding,trtricprjeb535
TTRE4548,TTRE4548_t1,238,protein_coding,Ribosomal protein S6 kinase  [Source:UniProtKB/TrEMBL;Acc:A0A077YX87],Trichuris trichiura (PRJEB535),protein_coding,trtricprjeb535
TTRE11919,TTRE11919_t1,329,protein_coding,,Trichuris trichiura (PRJEB535),protein_coding,trtricprjeb535
TTRE10971,TTRE10971_t1,524,protein_coding,Deoxycytidylate deaminase  [Source:UniProtKB/TrEMBL;Acc:A0A077Z2D5],Trichuris trichiura (PRJEB535),protein_coding,trtricprjeb535
TTRE4948,TTRE4948_t1,523,protein_coding,,Trichuris trichiura (PRJEB535),protein_coding,trtricprjeb535
TTRE4662,TTRE4662_t1,134,protein_coding,,Trichuris trichiura (PRJEB535),protein_coding,trtricprjeb535
TTRE6155,TTRE6155_t1,265,protein_coding,,Trichuris trichiura (PRJEB535),protein_coding,trtricprjeb535
TTRE6380,TTRE6380_t1,285,protein_coding,RNase T domain containing protein  [Source:UniProtKB/TrEMBL;Acc:A0A077ZL14],Trichuris trichiura (PRJEB535),protein_coding,trtricprjeb535
TTRE3420,TTRE3420_t1,452,protein_coding,,Trichuris trichiura (PRJEB535),protein_coding,trtricprjeb535
TTRE3261,TTRE3261_t1,283,protein_coding,,Trichuris trichiura (PRJEB535),protein_coding,trtricprjeb535
TTRE9806,TTRE9806_t1,463,protein_coding,RRM 1 and DND1 DSRM domain containing protein  [Source:UniProtKB/TrEMBL;Acc:A0A077Z1B1],Trichuris trichiura (PRJEB535),protein_coding,trtricprjeb535
TTRE393,TTRE393_t1,100,protein_coding,,Trichuris trichiura (PRJEB535),protein_coding,trtricprjeb535
TTRE2087,TTRE2087_t1,405,protein_coding,BTB and BACK and Kelch 1 domain containing protei n  [Source:UniProtKB/TrEMBL;Acc:A0A077ZBM4],Trichuris trichiura (PRJEB535),protein_coding,trtricprjeb535
TTRE8518,TTRE8518_t1,1781,protein_coding,Triokinase/FMN cyclase  [Source:UniProtKB/TrEMBL;Acc:A0A077YXY7],Trichuris trichiura (PRJEB535),protein_coding,trtricprjeb535
TTRE2603,TTRE2603_t1,192,protein_coding,,Trichuris trichiura (PRJEB535),protein_coding,trtricprjeb535
TTRE10417,TTRE10417_t1,665,protein_coding,,Trichuris trichiura (PRJEB535),protein_coding,trtricprjeb535
TTRE12314,TTRE12314_t1,193,protein_coding,,Trichuris trichiura (PRJEB535),protein_coding,trtricprjeb535
TTRE4737,TTRE4737_t1,152,protein_coding,,Trichuris trichiura (PRJEB535),protein_coding,trtricprjeb535
TTRE9700,TTRE9700_t1,1079,protein_coding,,Trichuris trichiura (PRJEB535),protein_coding,trtricprjeb535
TTRE2936,TTRE2936_t1,554,protein_coding,,Trichuris trichiura (PRJEB535),protein_coding,trtricprjeb535
TTRE7196,TTRE7196_t1,851,protein_coding,,Trichuris trichiura (PRJEB535),protein_coding,trtricprjeb535
TTRE6042,TTRE6042_t1,197,protein_coding,,Trichuris trichiura (PRJEB535),protein_coding,trtricprjeb535
TTRE2391,TTRE2391_t1,519,protein_coding,Crossover junction endonuclease MUS81  [Source:UniProtKB/TrEMBL;Acc:A0A077Z2G3],Trichuris trichiura (PRJEB535),protein_coding,trtricprjeb535
TTRE1838,TTRE1838_t1,471,protein_coding,,Trichuris trichiura (PRJEB535),protein_coding,trtricprjeb535
TTRE10910,TTRE10910_t1,449,protein_coding,,Trichuris trichiura (PRJEB535),protein_coding,trtricprjeb535
TTRE10985,TTRE10985_t1,167,protein_coding,Conserved oligomeric Golgi complex subunit 6  [Source:UniProtKB/TrEMBL;Acc:A0A077YYD4],Trichuris trichiura (PRJEB535),protein_coding,trtricprjeb535
TTRE9209,TTRE9209_t1,446,protein_coding,Protein sleepless  [Source:UniProtKB/TrEMBL;Acc:A0A077YZ22],Trichuris trichiura (PRJEB535),protein_coding,trtricprjeb535
TTRE12154,TTRE12154_t1,2269,protein_coding,,Trichuris trichiura (PRJEB535),protein_coding,trtricprjeb535
TTRE11803,TTRE11803_t1,992,protein_coding,,Trichuris trichiura (PRJEB535),protein_coding,trtricprjeb535
TTRE6011,TTRE6011_t1,310,protein_coding,,Trichuris trichiura (PRJEB535),protein_coding,trtricprjeb535
TTRE8933,TTRE8933_t1,209,protein_coding,,Trichuris trichiura (PRJEB535),protein_coding,trtricprjeb535
TTRE5153,TTRE5153_t1,570,protein_coding,Protein FAM13A  [Source:UniProtKB/TrEMBL;Acc:A0A077Z207],Trichuris trichiura (PRJEB535),protein_coding,trtricprjeb535
TTRE2506,TTRE2506_t1,133,protein_coding,,Trichuris trichiura (PRJEB535),protein_coding,trtricprjeb535
TTRE200,TTRE200_t1,732,protein_coding,,Trichuris trichiura (PRJEB535),protein_coding,trtricprjeb535
TTRE7575,TTRE7575_t1,1163,protein_coding,,Trichuris trichiura (PRJEB535),protein_coding,trtricprjeb535
TTRE12429,TTRE12429_t1,518,protein_coding,,Trichuris trichiura (PRJEB535),protein_coding,trtricprjeb535
TTRE8675,TTRE8675_t1,701,protein_coding,,Trichuris trichiura (PRJEB535),protein_coding,trtricprjeb535
TTRE3705,TTRE3705_t1,191,protein_coding,,Trichuris trichiura (PRJEB535),protein_coding,trtricprjeb535
TTRE10593,TTRE10593_t1,587,protein_coding,,Trichuris trichiura (PRJEB535),protein_coding,trtricprjeb535
TTRE10709,TTRE10709_t1,1110,protein_coding,,Trichuris trichiura (PRJEB535),protein_coding,trtricprjeb535
TTRE9510,TTRE9510_t1,155,protein_coding,,Trichuris trichiura (PRJEB535),protein_coding,trtricprjeb535
TTRE7099,TTRE7099_t1,461,protein_coding,Regulator of rDNA transcription protein 15  [Source:UniProtKB/TrEMBL;Acc:A0A077ZMJ6],Trichuris trichiura (PRJEB535),protein_coding,trtricprjeb535
TTRE2231,TTRE2231_t1,200,protein_coding,Regulator of G protein signaling 7  [Source:UniProtKB/TrEMBL;Acc:A0A077Z902],Trichuris trichiura (PRJEB535),protein_coding,trtricprjeb535
TTRE5761,TTRE5761_t1,1079,protein_coding,Guanine nucleotide binding protein subunit  [Source:UniProtKB/TrEMBL;Acc:A0A077ZFK1],Trichuris trichiura (PRJEB535),protein_coding,trtricprjeb535
TTRE7423,TTRE7423_t1,3947,protein_coding,,Trichuris trichiura (PRJEB535),protein_coding,trtricprjeb535
TTRE3253,TTRE3253_t1,841,protein_coding,,Trichuris trichiura (PRJEB535),protein_coding,trtricprjeb535
TTRE323,TTRE323_t2,503,protein_coding,,Trichuris trichiura (PRJEB535),protein_coding,trtricprjeb535
TTRE12281,TTRE12281_t1,245,protein_coding,,Trichuris trichiura (PRJEB535),protein_coding,trtricprjeb535
TTRE7656,TTRE7656_t1,151,protein_coding,HMA domain containing protein  [Source:UniProtKB/TrEMBL;Acc:A0A077ZKP7],Trichuris trichiura (PRJEB535),protein_coding,trtricprjeb535
TTRE6783,TTRE6783_t1,4301,protein_coding,,Trichuris trichiura (PRJEB535),protein_coding,trtricprjeb535
TTRE2297,TTRE2297_t1,371,protein_coding,,Trichuris trichiura (PRJEB535),protein_coding,trtricprjeb535
TTRE5483,TTRE5483_t1,236,protein_coding,,Trichuris trichiura (PRJEB535),protein_coding,trtricprjeb535
TTRE3045,TTRE3045_t1,668,protein_coding,,Trichuris trichiura (PRJEB535),protein_coding,trtricprjeb535
TTRE4676,TTRE4676_t1,186,protein_coding,,Trichuris trichiura (PRJEB535),protein_coding,trtricprjeb535
TTRE12080,TTRE12080_t1,503,protein_coding,,Trichuris trichiura (PRJEB535),protein_coding,trtricprjeb535
TTRE8612,TTRE8612_t1,1592,protein_coding,RBR-type E3 ubiquitin transferase  [Source:UniProtKB/TrEMBL;Acc:A0A077Z2R2],Trichuris trichiura (PRJEB535),protein_coding,trtricprjeb535
TTRE7925,TTRE7925_t1,446,protein_coding,,Trichuris trichiura (PRJEB535),protein_coding,trtricprjeb535
TTRE11086,TTRE11086_t1,531,protein_coding,,Trichuris trichiura (PRJEB535),protein_coding,trtricprjeb535
TTRE4380,TTRE4380_t1,853,protein_coding,,Trichuris trichiura (PRJEB535),protein_coding,trtricprjeb535
TTRE1164,TTRE1164_t2,370,protein_coding,,Trichuris trichiura (PRJEB535),protein_coding,trtricprjeb535
TTRE5293,TTRE5293_t2,346,protein_coding,,Trichuris trichiura (PRJEB535),protein_coding,trtricprjeb535
TTRE9558,TTRE9558_t1,308,protein_coding,,Trichuris trichiura (PRJEB535),protein_coding,trtricprjeb535
TTRE7310,TTRE7310_t1,2810,protein_coding,,Trichuris trichiura (PRJEB535),protein_coding,trtricprjeb535
TTRE11643,TTRE11643_t1,365,protein_coding,,Trichuris trichiura (PRJEB535),protein_coding,trtricprjeb535
TTRE11043,TTRE11043_t1,255,protein_coding,,Trichuris trichiura (PRJEB535),protein_coding,trtricprjeb535
TTRE11107,TTRE11107_t1,659,protein_coding,,Trichuris trichiura (PRJEB535),protein_coding,trtricprjeb535
TTRE8855,TTRE8855_t1,400,protein_coding,,Trichuris trichiura (PRJEB535),protein_coding,trtricprjeb535
TTRE8983,TTRE8983_t1,433,protein_coding,,Trichuris trichiura (PRJEB535),protein_coding,trtricprjeb535
TTRE7245,TTRE7245_t1,1392,protein_coding,,Trichuris trichiura (PRJEB535),protein_coding,trtricprjeb535
TTRE2048,TTRE2048_t1,194,protein_coding,26s proteasome non atpase regulatory subunit  [Source:UniProtKB/TrEMBL;Acc:A0A077Z779],Trichuris trichiura (PRJEB535),protein_coding,trtricprjeb535
TTRE5237,TTRE5237_t1,187,protein_coding,,Trichuris trichiura (PRJEB535),protein_coding,trtricprjeb535
TTRE5565,TTRE5565_t1,232,protein_coding,,Trichuris trichiura (PRJEB535),protein_coding,trtricprjeb535
TTRE6186,TTRE6186_t1,974,protein_coding,,Trichuris trichiura (PRJEB535),protein_coding,trtricprjeb535
TTRE9029,TTRE9029_t1,168,protein_coding,,Trichuris trichiura (PRJEB535),protein_coding,trtricprjeb535
TTRE9585,TTRE9585_t1,419,protein_coding,,Trichuris trichiura (PRJEB535),protein_coding,trtricprjeb535
TTRE7640,TTRE7640_t1,275,protein_coding,,Trichuris trichiura (PRJEB535),protein_coding,trtricprjeb535
TTRE5025,TTRE5025_t1,463,protein_coding,,Trichuris trichiura (PRJEB535),protein_coding,trtricprjeb535
TTRE4168,TTRE4168_t2,147,protein_coding,,Trichuris trichiura (PRJEB535),protein_coding,trtricprjeb535
TTRE1792,TTRE1792_t1,205,protein_coding,Zinc carboxypeptidase superfamily  [Source:UniProtKB/TrEMBL;Acc:A0A077Z9J8],Trichuris trichiura (PRJEB535),protein_coding,trtricprjeb535
TTRE2336,TTRE2336_t1,761,protein_coding,,Trichuris trichiura (PRJEB535),protein_coding,trtricprjeb535
TTRE2126,TTRE2126_t1,553,protein_coding,,Trichuris trichiura (PRJEB535),protein_coding,trtricprjeb535
TTRE1989,TTRE1989_t1,383,protein_coding,,Trichuris trichiura (PRJEB535),protein_coding,trtricprjeb535
TTRE8385,TTRE8385_t1,1277,protein_coding,,Trichuris trichiura (PRJEB535),protein_coding,trtricprjeb535
TTRE875,TTRE875_t1,506,protein_coding,,Trichuris trichiura (PRJEB535),protein_coding,trtricprjeb535
TTRE11953,TTRE11953_t1,383,protein_coding,,Trichuris trichiura (PRJEB535),protein_coding,trtricprjeb535
TTRE6083,TTRE6083_t1,1118,protein_coding,,Trichuris trichiura (PRJEB535),protein_coding,trtricprjeb535
TTRE741,TTRE741_t1,194,protein_coding,,Trichuris trichiura (PRJEB535),protein_coding,trtricprjeb535
TTRE4952,TTRE4952_t1,390,protein_coding,Bystin  [Source:UniProtKB/TrEMBL;Acc:A0A077ZAL7],Trichuris trichiura (PRJEB535),protein_coding,trtricprjeb535
TTRE4292,TTRE4292_t1,488,protein_coding,,Trichuris trichiura (PRJEB535),protein_coding,trtricprjeb535
TTRE456,TTRE456_t1,1130,protein_coding,,Trichuris trichiura (PRJEB535),protein_coding,trtricprjeb535
TTRE6297,TTRE6297_t1,205,protein_coding,SAP18 domain containing protein  [Source:UniProtKB/TrEMBL;Acc:A0A077ZK75],Trichuris trichiura (PRJEB535),protein_coding,trtricprjeb535
TTRE12082,TTRE12082_t1,1226,protein_coding,,Trichuris trichiura (PRJEB535),protein_coding,trtricprjeb535
TTRE9985,TTRE9985_t1,446,protein_coding,,Trichuris trichiura (PRJEB535),protein_coding,trtricprjeb535
TTRE5960,TTRE5960_t1,272,protein_coding,,Trichuris trichiura (PRJEB535),protein_coding,trtricprjeb535
TTRE3424,TTRE3424_t1,891,protein_coding,,Trichuris trichiura (PRJEB535),protein_coding,trtricprjeb535
TTRE2599,TTRE2599_t1,242,protein_coding,,Trichuris trichiura (PRJEB535),protein_coding,trtricprjeb535
TTRE8682,TTRE8682_t1,110,protein_coding,,Trichuris trichiura (PRJEB535),protein_coding,trtricprjeb535
TTRE3628,TTRE3628_t1,2420,protein_coding,,Trichuris trichiura (PRJEB535),protein_coding,trtricprjeb535
TTRE10957,TTRE10957_t1,1539,protein_coding,,Trichuris trichiura (PRJEB535),protein_coding,trtricprjeb535
TTRE10884,TTRE10884_t1,445,protein_coding,,Trichuris trichiura (PRJEB535),protein_coding,trtricprjeb535
TTRE3546,TTRE3546_t1,470,protein_coding,,Trichuris trichiura (PRJEB535),protein_coding,trtricprjeb535
TTRE3487,TTRE3487_t1,836,protein_coding,Programmed cell death protein 2  [Source:UniProtKB/TrEMBL;Acc:A0A077ZFU4],Trichuris trichiura (PRJEB535),protein_coding,trtricprjeb535
TTRE3334,TTRE3334_t1,1604,protein_coding,Nascent polypeptide-associated complex subunit alpha  [Source:UniProtKB/TrEMBL;Acc:A0A077YZI4],Trichuris trichiura (PRJEB535),protein_coding,trtricprjeb535
TTRE10731,TTRE10731_t1,896,protein_coding,,Trichuris trichiura (PRJEB535),protein_coding,trtricprjeb535
TTRE10602,TTRE10602_t1,1373,protein_coding,,Trichuris trichiura (PRJEB535),protein_coding,trtricprjeb535
TTRE7391,TTRE7391_t1,620,protein_coding,,Trichuris trichiura (PRJEB535),protein_coding,trtricprjeb535
TTRE9659,TTRE9659_t1,454,protein_coding,,Trichuris trichiura (PRJEB535),protein_coding,trtricprjeb535
TTRE10369,TTRE10369_t1,431,protein_coding,,Trichuris trichiura (PRJEB535),protein_coding,trtricprjeb535
TTRE10770,TTRE10770_t1,326,protein_coding,,Trichuris trichiura (PRJEB535),protein_coding,trtricprjeb535
TTRE699,TTRE699_t1,288,protein_coding,,Trichuris trichiura (PRJEB535),protein_coding,trtricprjeb535
TTRE3491,TTRE3491_t1,251,protein_coding,,Trichuris trichiura (PRJEB535),protein_coding,trtricprjeb535
TTRE10866,TTRE10866_t1,449,protein_coding,,Trichuris trichiura (PRJEB535),protein_coding,trtricprjeb535
TTRE9501,TTRE9501_t1,119,protein_coding,,Trichuris trichiura (PRJEB535),protein_coding,trtricprjeb535
TTRE4790,TTRE4790_t1,365,protein_coding,Actin 5C  [Source:UniProtKB/TrEMBL;Acc:A0A077YWW9],Trichuris trichiura (PRJEB535),protein_coding,trtricprjeb535
TTRE4241,TTRE4241_t1,351,protein_coding,,Trichuris trichiura (PRJEB535),protein_coding,trtricprjeb535
TTRE5663,TTRE5663_t1,326,protein_coding,,Trichuris trichiura (PRJEB535),protein_coding,trtricprjeb535
TTRE103,TTRE103_t1,277,protein_coding,,Trichuris trichiura (PRJEB535),protein_coding,trtricprjeb535
TTRE10047,TTRE10047_t1,293,protein_coding,Sugar tr domain containing protein  [Source:UniProtKB/TrEMBL;Acc:A0A077YXL1],Trichuris trichiura (PRJEB535),protein_coding,trtricprjeb535
TTRE4230,TTRE4230_t1,414,protein_coding,Tubulin alpha chain  [Source:UniProtKB/TrEMBL;Acc:A0A077ZBW6],Trichuris trichiura (PRJEB535),protein_coding,trtricprjeb535
TTRE11,TTRE11_t1,224,protein_coding,,Trichuris trichiura (PRJEB535),protein_coding,trtricprjeb535
TTRE9112,TTRE9112_t1,216,protein_coding,,Trichuris trichiura (PRJEB535),protein_coding,trtricprjeb535
TTRE12471,TTRE12471_t1,1345,protein_coding,,Trichuris trichiura (PRJEB535),protein_coding,trtricprjeb535
TTRE11831,TTRE11831_t1,316,protein_coding,,Trichuris trichiura (PRJEB535),protein_coding,trtricprjeb535
TTRE5516,TTRE5516_t1,213,protein_coding,Clathrin coat assembly protein ap 1  [Source:UniProtKB/TrEMBL;Acc:A0A077Z5A8],Trichuris trichiura (PRJEB535),protein_coding,trtricprjeb535
TTRE9898,TTRE9898_t1,206,protein_coding,,Trichuris trichiura (PRJEB535),protein_coding,trtricprjeb535
TTRE2683,TTRE2683_t1,785,protein_coding,,Trichuris trichiura (PRJEB535),protein_coding,trtricprjeb535
TTRE11922,TTRE11922_t1,293,protein_coding,,Trichuris trichiura (PRJEB535),protein_coding,trtricprjeb535
TTRE394,TTRE394_t1,352,protein_coding,NADH dehydrogenase [ubiquinone] 1 beta subcomplex subunit 10  [Source:UniProtKB/TrEMBL;Acc:A0A077ZIK6],Trichuris trichiura (PRJEB535),protein_coding,trtricprjeb535
TTRE6892,TTRE6892_t1,305,protein_coding,,Trichuris trichiura (PRJEB535),protein_coding,trtricprjeb535
TTRE7345,TTRE7345_t1,337,protein_coding,,Trichuris trichiura (PRJEB535),protein_coding,trtricprjeb535
TTRE8634,TTRE8634_t1,245,protein_coding,,Trichuris trichiura (PRJEB535),protein_coding,trtricprjeb535
TTRE3753,TTRE3753_t1,981,protein_coding,,Trichuris trichiura (PRJEB535),protein_coding,trtricprjeb535
TTRE4832,TTRE4832_t1,832,protein_coding,Tyrosinase domain containing protein  [Source:UniProtKB/TrEMBL;Acc:A0A077ZGT3],Trichuris trichiura (PRJEB535),protein_coding,trtricprjeb535
TTRE2006,TTRE2006_t1,263,protein_coding,,Trichuris trichiura (PRJEB535),protein_coding,trtricprjeb535
TTRE5140,TTRE5140_t1,834,protein_coding,,Trichuris trichiura (PRJEB535),protein_coding,trtricprjeb535
TTRE8301,TTRE8301_t1,202,protein_coding,,Trichuris trichiura (PRJEB535),protein_coding,trtricprjeb535
TTRE6732,TTRE6732_t1,1862,protein_coding,,Trichuris trichiura (PRJEB535),protein_coding,trtricprjeb535
TTRE2445,TTRE2445_t1,979,protein_coding,,Trichuris trichiura (PRJEB535),protein_coding,trtricprjeb535
TTRE2409,TTRE2409_t1,287,protein_coding,Sodium/potassium-transporting ATPase subunit alpha  [Source:UniProtKB/TrEMBL;Acc:A0A077Z709],Trichuris trichiura (PRJEB535),protein_coding,trtricprjeb535
TTRE9270,TTRE9270_t1,212,protein_coding,,Trichuris trichiura (PRJEB535),protein_coding,trtricprjeb535
TTRE10119,TTRE10119_t1,995,protein_coding,,Trichuris trichiura (PRJEB535),protein_coding,trtricprjeb535
TTRE11992,TTRE11992_t1,250,protein_coding,CCSMST1 domain containing protein  [Source:UniProtKB/TrEMBL;Acc:A0A077ZAB0],Trichuris trichiura (PRJEB535),protein_coding,trtricprjeb535
TTRE3708,TTRE3708_t2,830,protein_coding,,Trichuris trichiura (PRJEB535),protein_coding,trtricprjeb535
TTRE11594,TTRE11594_t1,449,protein_coding,,Trichuris trichiura (PRJEB535),protein_coding,trtricprjeb535
TTRE4930,TTRE4930_t1,234,protein_coding,,Trichuris trichiura (PRJEB535),protein_coding,trtricprjeb535
TTRE9361,TTRE9361_t1,155,protein_coding,,Trichuris trichiura (PRJEB535),protein_coding,trtricprjeb535
TTRE5171,TTRE5171_t1,169,protein_coding,Cytochrome b-c1 complex subunit 7  [Source:UniProtKB/TrEMBL;Acc:A0A077Z4F3],Trichuris trichiura (PRJEB535),protein_coding,trtricprjeb535
TTRE11938,TTRE11938_t1,837,protein_coding,,Trichuris trichiura (PRJEB535),protein_coding,trtricprjeb535
TTRE686,TTRE686_t2,137,protein_coding,,Trichuris trichiura (PRJEB535),protein_coding,trtricprjeb535
TTRE10019,TTRE10019_t1,632,protein_coding,Serine  [Source:UniProtKB/TrEMBL;Acc:A0A077Z4E9],Trichuris trichiura (PRJEB535),protein_coding,trtricprjeb535
TTRE9862,TTRE9862_t1,222,protein_coding,,Trichuris trichiura (PRJEB535),protein_coding,trtricprjeb535
TTRE1297,TTRE1297_t1,309,protein_coding,,Trichuris trichiura (PRJEB535),protein_coding,trtricprjeb535
TTRE5615,TTRE5615_t1,148,protein_coding,,Trichuris trichiura (PRJEB535),protein_coding,trtricprjeb535
TTRE12554,TTRE12554_t1,194,protein_coding,,Trichuris trichiura (PRJEB535),protein_coding,trtricprjeb535
TTRE2848,TTRE2848_t1,858,protein_coding,,Trichuris trichiura (PRJEB535),protein_coding,trtricprjeb535
TTRE10732,TTRE10732_t1,1751,protein_coding,,Trichuris trichiura (PRJEB535),protein_coding,trtricprjeb535
TTRE5450,TTRE5450_t1,1259,protein_coding,,Trichuris trichiura (PRJEB535),protein_coding,trtricprjeb535
TTRE4928,TTRE4928_t1,893,protein_coding,,Trichuris trichiura (PRJEB535),protein_coding,trtricprjeb535
TTRE6000,TTRE6000_t1,246,protein_coding,,Trichuris trichiura (PRJEB535),protein_coding,trtricprjeb535
TTRE957,TTRE957_t1,204,protein_coding,,Trichuris trichiura (PRJEB535),protein_coding,trtricprjeb535
TTRE4157,TTRE4157_t1,172,protein_coding,,Trichuris trichiura (PRJEB535),protein_coding,trtricprjeb535
TTRE4697,TTRE4697_t1,414,protein_coding,Protein FAM102A  [Source:UniProtKB/TrEMBL;Acc:A0A077YXD6],Trichuris trichiura (PRJEB535),protein_coding,trtricprjeb535
TTRE1850,TTRE1850_t1,285,protein_coding,Mediator of RNA polymerase II transcription subunit 24  [Source:UniProtKB/TrEMBL;Acc:A0A077ZA40],Trichuris trichiura (PRJEB535),protein_coding,trtricprjeb535
TTRE1332,TTRE1332_t1,498,protein_coding,,Trichuris trichiura (PRJEB535),protein_coding,trtricprjeb535
TTRE5744,TTRE5744_t1,198,protein_coding,,Trichuris trichiura (PRJEB535),protein_coding,trtricprjeb535
TTRE10521,TTRE10521_t1,1472,protein_coding,,Trichuris trichiura (PRJEB535),protein_coding,trtricprjeb535
TTRE2364,TTRE2364_t1,325,protein_coding,,Trichuris trichiura (PRJEB535),protein_coding,trtricprjeb535
TTRE9583,TTRE9583_t1,250,protein_coding,Protein SCAI  [Source:UniProtKB/TrEMBL;Acc:A0A077ZIP8],Trichuris trichiura (PRJEB535),protein_coding,trtricprjeb535
TTRE12232,TTRE12232_t1,204,protein_coding,Zf-RING 2 domain containing protein  [Source:UniProtKB/TrEMBL;Acc:A0A077Z3U8],Trichuris trichiura (PRJEB535),protein_coding,trtricprjeb535
TTRE1084,TTRE1084_t1,379,protein_coding,,Trichuris trichiura (PRJEB535),protein_coding,trtricprjeb535
TTRE9081,TTRE9081_t1,1609,protein_coding,,Trichuris trichiura (PRJEB535),protein_coding,trtricprjeb535
TTRE398,TTRE398_t1,429,protein_coding,Homeobox protein engrailed-like  [Source:UniProtKB/TrEMBL;Acc:A0A077Z1V2],Trichuris trichiura (PRJEB535),protein_coding,trtricprjeb535
TTRE1412,TTRE1412_t1,489,protein_coding,,Trichuris trichiura (PRJEB535),protein_coding,trtricprjeb535
TTRE12088,TTRE12088_t1,236,protein_coding,,Trichuris trichiura (PRJEB535),protein_coding,trtricprjeb535
TTRE8817,TTRE8817_t1,191,protein_coding,,Trichuris trichiura (PRJEB535),protein_coding,trtricprjeb535
TTRE1888,TTRE1888_t1,1242,protein_coding,,Trichuris trichiura (PRJEB535),protein_coding,trtricprjeb535
TTRE11539,TTRE11539_t1,160,protein_coding,Protein DJ 1  [Source:UniProtKB/TrEMBL;Acc:A0A077ZA72],Trichuris trichiura (PRJEB535),protein_coding,trtricprjeb535
TTRE11728,TTRE11728_t1,473,protein_coding,,Trichuris trichiura (PRJEB535),protein_coding,trtricprjeb535
TTRE10154,TTRE10154_t1,221,protein_coding,,Trichuris trichiura (PRJEB535),protein_coding,trtricprjeb535
TTRE1752,TTRE1752_t1,198,protein_coding,UDP N acetylglucosamine transporter  [Source:UniProtKB/TrEMBL;Acc:A0A077ZHY6],Trichuris trichiura (PRJEB535),protein_coding,trtricprjeb535
TTRE1442,TTRE1442_t1,314,protein_coding,,Trichuris trichiura (PRJEB535),protein_coding,trtricprjeb535
TTRE6748,TTRE6748_t1,287,protein_coding,,Trichuris trichiura (PRJEB535),protein_coding,trtricprjeb535
TTRE11574,TTRE11574_t1,296,protein_coding,,Trichuris trichiura (PRJEB535),protein_coding,trtricprjeb535
TTRE8394,TTRE8394_t1,371,protein_coding,,Trichuris trichiura (PRJEB535),protein_coding,trtricprjeb535
TTRE10213,TTRE10213_t1,641,protein_coding,,Trichuris trichiura (PRJEB535),protein_coding,trtricprjeb535
TTRE7462,TTRE7462_t1,401,protein_coding,,Trichuris trichiura (PRJEB535),protein_coding,trtricprjeb535
TTRE12345,TTRE12345_t1,394,protein_coding,GTP binding protein Rhes  [Source:UniProtKB/TrEMBL;Acc:A0A077ZD71],Trichuris trichiura (PRJEB535),protein_coding,trtricprjeb535
TTRE9802,TTRE9802_t1,290,protein_coding,,Trichuris trichiura (PRJEB535),protein_coding,trtricprjeb535
TTRE5572,TTRE5572_t1,341,protein_coding,,Trichuris trichiura (PRJEB535),protein_coding,trtricprjeb535
TTRE11357,TTRE11357_t1,347,protein_coding,,Trichuris trichiura (PRJEB535),protein_coding,trtricprjeb535
TTRE6952,TTRE6952_t1,557,protein_coding,,Trichuris trichiura (PRJEB535),protein_coding,trtricprjeb535
TTRE9519,TTRE9519_t1,385,protein_coding,,Trichuris trichiura (PRJEB535),protein_coding,trtricprjeb535
TTRE8736,TTRE8736_t1,278,protein_coding,Sb:cb283 protein  [Source:UniProtKB/TrEMBL;Acc:A0A077Z4B7],Trichuris trichiura (PRJEB535),protein_coding,trtricprjeb535
TTRE6908,TTRE6908_t1,259,protein_coding,,Trichuris trichiura (PRJEB535),protein_coding,trtricprjeb535
TTRE8336,TTRE8336_t1,781,protein_coding,G_PROTEIN_RECEP_F1_2 domain-containing protein  [Source:UniProtKB/TrEMBL;Acc:A0A077ZHM2],Trichuris trichiura (PRJEB535),protein_coding,trtricprjeb535
TTRE4014,TTRE4014_t1,767,protein_coding,Protein FAM69C  [Source:UniProtKB/TrEMBL;Acc:A0A077Z008],Trichuris trichiura (PRJEB535),protein_coding,trtricprjeb535
TTRE629,TTRE629_t1,458,protein_coding,,Trichuris trichiura (PRJEB535),protein_coding,trtricprjeb535
TTRE8798,TTRE8798_t1,177,protein_coding,,Trichuris trichiura (PRJEB535),protein_coding,trtricprjeb535
TTRE6882,TTRE6882_t1,1569,protein_coding,,Trichuris trichiura (PRJEB535),protein_coding,trtricprjeb535
TTRE4636,TTRE4636_t2,524,protein_coding,Protein transport protein Sec24A  [Source:UniProtKB/TrEMBL;Acc:A0A077YYD8],Trichuris trichiura (PRJEB535),protein_coding,trtricprjeb535
TTRE5818,TTRE5818_t1,341,protein_coding,,Trichuris trichiura (PRJEB535),protein_coding,trtricprjeb535
TTRE3300,TTRE3300_t1,950,protein_coding,Adh short domain containing protein  [Source:UniProtKB/TrEMBL;Acc:A0A077Z2F8],Trichuris trichiura (PRJEB535),protein_coding,trtricprjeb535
TTRE121,TTRE121_t2,181,protein_coding,,Trichuris trichiura (PRJEB535),protein_coding,trtricprjeb535
TTRE8627,TTRE8627_t1,107,protein_coding,,Trichuris trichiura (PRJEB535),protein_coding,trtricprjeb535
TTRE1334,TTRE1334_t1,456,protein_coding,,Trichuris trichiura (PRJEB535),protein_coding,trtricprjeb535
TTRE11496,TTRE11496_t1,686,protein_coding,Serine:threonine protein kinase NIM1  [Source:UniProtKB/TrEMBL;Acc:A0A077ZGM8],Trichuris trichiura (PRJEB535),protein_coding,trtricprjeb535
TTRE4868,TTRE4868_t1,878,protein_coding,LIN 24 Like family member  [Source:UniProtKB/TrEMBL;Acc:A0A077Z9M5],Trichuris trichiura (PRJEB535),protein_coding,trtricprjeb535
TTRE10003,TTRE10003_t1,632,protein_coding,,Trichuris trichiura (PRJEB535),protein_coding,trtricprjeb535
TTRE9718,TTRE9718_t1,183,protein_coding,Ubiquitin conjugating enzyme E2 17 kDa  [Source:UniProtKB/TrEMBL;Acc:A0A077Z8F5],Trichuris trichiura (PRJEB535),protein_coding,trtricprjeb535
TTRE2789,TTRE2789_t1,1141,protein_coding,,Trichuris trichiura (PRJEB535),protein_coding,trtricprjeb535
TTRE9093,TTRE9093_t1,464,protein_coding,,Trichuris trichiura (PRJEB535),protein_coding,trtricprjeb535
TTRE11537,TTRE11537_t1,213,protein_coding,,Trichuris trichiura (PRJEB535),protein_coding,trtricprjeb535
TTRE7855,TTRE7855_t1,351,protein_coding,,Trichuris trichiura (PRJEB535),protein_coding,trtricprjeb535
TTRE1573,TTRE1573_t1,770,protein_coding,,Trichuris trichiura (PRJEB535),protein_coding,trtricprjeb535
TTRE2219,TTRE2219_t1,308,protein_coding,,Trichuris trichiura (PRJEB535),protein_coding,trtricprjeb535
TTRE2307,TTRE2307_t1,205,protein_coding,,Trichuris trichiura (PRJEB535),protein_coding,trtricprjeb535
TTRE4045,TTRE4045_t1,1776,protein_coding,,Trichuris trichiura (PRJEB535),protein_coding,trtricprjeb535
TTRE1590,TTRE1590_t1,131,protein_coding,,Trichuris trichiura (PRJEB535),protein_coding,trtricprjeb535
TTRE10131,TTRE10131_t1,445,protein_coding,,Trichuris trichiura (PRJEB535),protein_coding,trtricprjeb535
TTRE7916,TTRE7916_t1,1317,protein_coding,,Trichuris trichiura (PRJEB535),protein_coding,trtricprjeb535
TTRE4483,TTRE4483_t1,393,protein_coding,,Trichuris trichiura (PRJEB535),protein_coding,trtricprjeb535
TTRE2835,TTRE2835_t1,480,protein_coding,,Trichuris trichiura (PRJEB535),protein_coding,trtricprjeb535
TTRE3714,TTRE3714_t1,845,protein_coding,Vacuolar protein sorting associated protein 41  [Source:UniProtKB/TrEMBL;Acc:A0A077Z6V2],Trichuris trichiura (PRJEB535),protein_coding,trtricprjeb535
TTRE2375,TTRE2375_t1,469,protein_coding,,Trichuris trichiura (PRJEB535),protein_coding,trtricprjeb535
TTRE1816,TTRE1816_t1,365,protein_coding,Secreted RxLR effector peptide protein  [Source:UniProtKB/TrEMBL;Acc:A0A077ZIC7],Trichuris trichiura (PRJEB535),protein_coding,trtricprjeb535
TTRE251,TTRE251_t1,153,protein_coding,,Trichuris trichiura (PRJEB535),protein_coding,trtricprjeb535
TTRE9450,TTRE9450_t1,198,protein_coding,,Trichuris trichiura (PRJEB535),protein_coding,trtricprjeb535
TTRE3809,TTRE3809_t1,182,protein_coding,40S ribosomal protein SA  [Source:UniProtKB/TrEMBL;Acc:A0A077YZD4],Trichuris trichiura (PRJEB535),protein_coding,trtricprjeb535
TTRE7674,TTRE7674_t1,1157,protein_coding,,Trichuris trichiura (PRJEB535),protein_coding,trtricprjeb535
TTRE4160,TTRE4160_t1,1086,protein_coding,,Trichuris trichiura (PRJEB535),protein_coding,trtricprjeb535
TTRE12038,TTRE12038_t1,344,protein_coding,,Trichuris trichiura (PRJEB535),protein_coding,trtricprjeb535
TTRE4270,TTRE4270_t1,1325,protein_coding,EcKinase and DUF1679 domain containing protein  [Source:UniProtKB/TrEMBL;Acc:A0A077ZLG9],Trichuris trichiura (PRJEB535),protein_coding,trtricprjeb535
TTRE10606,TTRE10606_t1,3292,protein_coding,,Trichuris trichiura (PRJEB535),protein_coding,trtricprjeb535
TTRE9441,TTRE9441_t1,203,protein_coding,,Trichuris trichiura (PRJEB535),protein_coding,trtricprjeb535
TTRE2905,TTRE2905_t1,158,protein_coding,Superoxide dismutase [Cu-Zn]  [Source:UniProtKB/TrEMBL;Acc:A0A077Z345],Trichuris trichiura (PRJEB535),protein_coding,trtricprjeb535
TTRE2169,TTRE2169_t1,782,protein_coding,[heparan sulfate]-glucosamine N-sulfotransferase  [Source:UniProtKB/TrEMBL;Acc:A0A077Z048],Trichuris trichiura (PRJEB535),protein_coding,trtricprjeb535
TTRE5088,TTRE5088_t1,160,protein_coding,,Trichuris trichiura (PRJEB535),protein_coding,trtricprjeb535
TTRE9999,TTRE9999_t1,586,protein_coding,,Trichuris trichiura (PRJEB535),protein_coding,trtricprjeb535
TTRE1784,TTRE1784_t1,395,protein_coding,NAD dependent deacetylase sirtuin 1  [Source:UniProtKB/TrEMBL;Acc:A0A077Z5J0],Trichuris trichiura (PRJEB535),protein_coding,trtricprjeb535
TTRE4810,TTRE4810_t1,454,protein_coding,,Trichuris trichiura (PRJEB535),protein_coding,trtricprjeb535
TTRE3595,TTRE3595_t1,529,protein_coding,,Trichuris trichiura (PRJEB535),protein_coding,trtricprjeb535
TTRE9101,TTRE9101_t1,429,protein_coding,Protein SPEC3  [Source:UniProtKB/TrEMBL;Acc:A0A077ZHB6],Trichuris trichiura (PRJEB535),protein_coding,trtricprjeb535
TTRE552,TTRE552_t1,240,protein_coding,,Trichuris trichiura (PRJEB535),protein_coding,trtricprjeb535
TTRE10264,TTRE10264_t1,445,protein_coding,,Trichuris trichiura (PRJEB535),protein_coding,trtricprjeb535
TTRE4490,TTRE4490_t2,350,protein_coding,,Trichuris trichiura (PRJEB535),protein_coding,trtricprjeb535
TTRE5069,TTRE5069_t1,236,protein_coding,,Trichuris trichiura (PRJEB535),protein_coding,trtricprjeb535
TTRE8529,TTRE8529_t1,280,protein_coding,,Trichuris trichiura (PRJEB535),protein_coding,trtricprjeb535
TTRE2992,TTRE2992_t1,220,protein_coding,Peptidyl-prolyl cis-trans isomerase  [Source:UniProtKB/TrEMBL;Acc:A0A077YZ33],Trichuris trichiura (PRJEB535),protein_coding,trtricprjeb535
TTRE11818,TTRE11818_t1,326,protein_coding,,Trichuris trichiura (PRJEB535),protein_coding,trtricprjeb535
TTRE4869,TTRE4869_t1,275,protein_coding,,Trichuris trichiura (PRJEB535),protein_coding,trtricprjeb535
TTRE11884,TTRE11884_t1,1142,protein_coding,,Trichuris trichiura (PRJEB535),protein_coding,trtricprjeb535
TTRE703,TTRE703_t1,877,protein_coding,Ion trans 2 domain containing protein  [Source:UniProtKB/TrEMBL;Acc:A0A077YWV2],Trichuris trichiura (PRJEB535),protein_coding,trtricprjeb535
TTRE10447,TTRE10447_t1,2024,protein_coding,,Trichuris trichiura (PRJEB535),protein_coding,trtricprjeb535
TTRE7466,TTRE7466_t1,1340,protein_coding,,Trichuris trichiura (PRJEB535),protein_coding,trtricprjeb535
TTRE8253,TTRE8253_t1,202,protein_coding,,Trichuris trichiura (PRJEB535),protein_coding,trtricprjeb535
TTRE2732,TTRE2732_t1,836,protein_coding,Elongation of very long chain fatty acids protein  [Source:UniProtKB/TrEMBL;Acc:A0A077Z087],Trichuris trichiura (PRJEB535),protein_coding,trtricprjeb535
TTRE9445,TTRE9445_t1,771,protein_coding,Vitellogenin N and VWD and DUF1943 domain contain ing protein  [Source:UniProtKB/TrEMBL;Acc:A0A077ZE83],Trichuris trichiura (PRJEB535),protein_coding,trtricprjeb535
TTRE7652,TTRE7652_t1,359,protein_coding,,Trichuris trichiura (PRJEB535),protein_coding,trtricprjeb535
TTRE1908,TTRE1908_t1,1415,protein_coding,DEP and DUF3608 domain containing protein  [Source:UniProtKB/TrEMBL;Acc:A0A077Z684],Trichuris trichiura (PRJEB535),protein_coding,trtricprjeb535
TTRE10191,TTRE10191_t1,746,protein_coding,,Trichuris trichiura (PRJEB535),protein_coding,trtricprjeb535
TTRE6537,TTRE6537_t1,227,protein_coding,,Trichuris trichiura (PRJEB535),protein_coding,trtricprjeb535
TTRE1213,TTRE1213_t1,164,protein_coding,,Trichuris trichiura (PRJEB535),protein_coding,trtricprjeb535
TTRE262,TTRE262_t1,343,protein_coding,non-specific serine/threonine protein kinase  [Source:UniProtKB/TrEMBL;Acc:A0A077YWW3],Trichuris trichiura (PRJEB535),protein_coding,trtricprjeb535
TTRE8502,TTRE8502_t1,180,protein_coding,RNA 3'-terminal-phosphate cyclase (ATP)  [Source:UniProtKB/TrEMBL;Acc:A0A077Z166],Trichuris trichiura (PRJEB535),protein_coding,trtricprjeb535
TTRE12341,TTRE12341_t1,761,protein_coding,,Trichuris trichiura (PRJEB535),protein_coding,trtricprjeb535
TTRE4836,TTRE4836_t1,560,protein_coding,Cyanate lyase  [Source:UniProtKB/TrEMBL;Acc:A0A077ZFA0],Trichuris trichiura (PRJEB535),protein_coding,trtricprjeb535
TTRE9395,TTRE9395_t1,208,protein_coding,,Trichuris trichiura (PRJEB535),protein_coding,trtricprjeb535
TTRE4069,TTRE4069_t1,132,protein_coding,ADP ribosylation factor protein  [Source:UniProtKB/TrEMBL;Acc:A0A077Z8H5],Trichuris trichiura (PRJEB535),protein_coding,trtricprjeb535
TTRE9131,TTRE9131_t1,203,protein_coding,,Trichuris trichiura (PRJEB535),protein_coding,trtricprjeb535
TTRE9151,TTRE9151_t1,1835,protein_coding,Sterol-sensing domain containing protein  [Source:UniProtKB/TrEMBL;Acc:A0A077YYG3],Trichuris trichiura (PRJEB535),protein_coding,trtricprjeb535
TTRE7665,TTRE7665_t1,509,protein_coding,,Trichuris trichiura (PRJEB535),protein_coding,trtricprjeb535
TTRE11066,TTRE11066_t1,297,protein_coding,,Trichuris trichiura (PRJEB535),protein_coding,trtricprjeb535
TTRE9233,TTRE9233_t1,173,protein_coding,,Trichuris trichiura (PRJEB535),protein_coding,trtricprjeb535
TTRE12491,TTRE12491_t1,152,protein_coding,,Trichuris trichiura (PRJEB535),protein_coding,trtricprjeb535
TTRE7912,TTRE7912_t1,494,protein_coding,Histone domain containing protein  [Source:UniProtKB/TrEMBL;Acc:A0A077ZJH9],Trichuris trichiura (PRJEB535),protein_coding,trtricprjeb535
TTRE1623,TTRE1623_t1,665,protein_coding,,Trichuris trichiura (PRJEB535),protein_coding,trtricprjeb535
TTRE5203,TTRE5203_t1,458,protein_coding,,Trichuris trichiura (PRJEB535),protein_coding,trtricprjeb535
TTRE7919,TTRE7919_t1,3965,protein_coding,,Trichuris trichiura (PRJEB535),protein_coding,trtricprjeb535
TTRE9174,TTRE9174_t1,359,protein_coding,,Trichuris trichiura (PRJEB535),protein_coding,trtricprjeb535
TTRE5215,TTRE5215_t1,198,protein_coding,,Trichuris trichiura (PRJEB535),protein_coding,trtricprjeb535
TTRE7728,TTRE7728_t1,260,protein_coding,,Trichuris trichiura (PRJEB535),protein_coding,trtricprjeb535
TTRE4879,TTRE4879_t1,1199,protein_coding,,Trichuris trichiura (PRJEB535),protein_coding,trtricprjeb535
TTRE9034,TTRE9034_t1,740,protein_coding,Tbp associated factor e tbp associated factor c tbp associated factor a  [Source:UniProtKB/TrEMBL;Acc:A0A077Z0K2],Trichuris trichiura (PRJEB535),protein_coding,trtricprjeb535
TTRE6637,TTRE6637_t1,440,protein_coding,,Trichuris trichiura (PRJEB535),protein_coding,trtricprjeb535
TTRE8321,TTRE8321_t1,1535,protein_coding,glucuronosyltransferase  [Source:UniProtKB/TrEMBL;Acc:A0A077Z0C4],Trichuris trichiura (PRJEB535),protein_coding,trtricprjeb535
TTRE6076,TTRE6076_t1,221,protein_coding,Glucose induced degradation protein 4  [Source:UniProtKB/TrEMBL;Acc:A0A077ZGL2],Trichuris trichiura (PRJEB535),protein_coding,trtricprjeb535
TTRE528,TTRE528_t1,195,protein_coding,,Trichuris trichiura (PRJEB535),protein_coding,trtricprjeb535
TTRE1895,TTRE1895_t1,256,protein_coding,,Trichuris trichiura (PRJEB535),protein_coding,trtricprjeb535
TTRE6991,TTRE6991_t1,456,protein_coding,,Trichuris trichiura (PRJEB535),protein_coding,trtricprjeb535
TTRE2067,TTRE2067_t1,219,protein_coding,,Trichuris trichiura (PRJEB535),protein_coding,trtricprjeb535
TTRE4802,TTRE4802_t1,864,protein_coding,Negative elongation factor D  [Source:UniProtKB/TrEMBL;Acc:A0A077Z3B0],Trichuris trichiura (PRJEB535),protein_coding,trtricprjeb535
TTRE2757,TTRE2757_t1,236,protein_coding,26S proteasome non ATPase regulatory subunit 14  [Source:UniProtKB/TrEMBL;Acc:A0A077ZKC9],Trichuris trichiura (PRJEB535),protein_coding,trtricprjeb535
TTRE7780,TTRE7780_t1,299,protein_coding,,Trichuris trichiura (PRJEB535),protein_coding,trtricprjeb535
TTRE1314,TTRE1314_t1,255,protein_coding,,Trichuris trichiura (PRJEB535),protein_coding,trtricprjeb535
TTRE5442,TTRE5442_t1,1241,protein_coding,,Trichuris trichiura (PRJEB535),protein_coding,trtricprjeb535
TTRE8006,TTRE8006_t1,443,protein_coding,LSM domain containing protein  [Source:UniProtKB/TrEMBL;Acc:A0A077ZAE2],Trichuris trichiura (PRJEB535),protein_coding,trtricprjeb535
TTRE2790,TTRE2790_t1,896,protein_coding,[histone H4]-N-methyl-L-lysine(20) N-methyltransferase  [Source:UniProtKB/TrEMBL;Acc:A0A077ZEB5],Trichuris trichiura (PRJEB535),protein_coding,trtricprjeb535
TTRE178,TTRE178_t1,168,protein_coding,,Trichuris trichiura (PRJEB535),protein_coding,trtricprjeb535
TTRE7377,TTRE7377_t1,395,protein_coding,,Trichuris trichiura (PRJEB535),protein_coding,trtricprjeb535
TTRE9030,TTRE9030_t1,314,protein_coding,,Trichuris trichiura (PRJEB535),protein_coding,trtricprjeb535
TTRE6465,TTRE6465_t1,1345,protein_coding,Eukaryotic translation initiation factor 3 subunit C  [Source:UniProtKB/TrEMBL;Acc:A0A077ZMS6],Trichuris trichiura (PRJEB535),protein_coding,trtricprjeb535
TTRE9483,TTRE9483_t1,470,protein_coding,,Trichuris trichiura (PRJEB535),protein_coding,trtricprjeb535
TTRE7969,TTRE7969_t1,290,protein_coding,,Trichuris trichiura (PRJEB535),protein_coding,trtricprjeb535
TTRE1112,TTRE1112_t1,788,protein_coding,HMG box domain-containing protein  [Source:UniProtKB/TrEMBL;Acc:A0A077ZDL1],Trichuris trichiura (PRJEB535),protein_coding,trtricprjeb535
TTRE5673,TTRE5673_t1,272,protein_coding,Succinyl-CoA:3-ketoacid-coenzyme A transferase  [Source:UniProtKB/TrEMBL;Acc:A0A077Z712],Trichuris trichiura (PRJEB535),protein_coding,trtricprjeb535
TTRE4161,TTRE4161_t1,859,protein_coding,RBD and RhoGEF domain containing protein  [Source:UniProtKB/TrEMBL;Acc:A0A077YUL1],Trichuris trichiura (PRJEB535),protein_coding,trtricprjeb535
TTRE9580,TTRE9580_t1,456,protein_coding,,Trichuris trichiura (PRJEB535),protein_coding,trtricprjeb535
TTRE4974,TTRE4974_t1,316,protein_coding,DNA-directed RNA polymerase subunit beta  [Source:UniProtKB/TrEMBL;Acc:A0A077ZG11],Trichuris trichiura (PRJEB535),protein_coding,trtricprjeb535
TTRE5660,TTRE5660_t1,1208,protein_coding,,Trichuris trichiura (PRJEB535),protein_coding,trtricprjeb535
TTRE4125,TTRE4125_t1,197,protein_coding,,Trichuris trichiura (PRJEB535),protein_coding,trtricprjeb535
TTRE11165,TTRE11165_t1,418,protein_coding,,Trichuris trichiura (PRJEB535),protein_coding,trtricprjeb535
TTRE10270,TTRE10270_t1,587,protein_coding,,Trichuris trichiura (PRJEB535),protein_coding,trtricprjeb535
TTRE8343,TTRE8343_t1,94,protein_coding,,Trichuris trichiura (PRJEB535),protein_coding,trtricprjeb535
TTRE12007,TTRE12007_t1,277,protein_coding,,Trichuris trichiura (PRJEB535),protein_coding,trtricprjeb535
TTRE5680,TTRE5680_t1,281,protein_coding,"28S ribosomal protein S15, mitochondrial  [Source:UniProtKB/TrEMBL;Acc:A0A077ZBC1]",Trichuris trichiura (PRJEB535),protein_coding,trtricprjeb535
TTRE2058,TTRE2058_t1,283,protein_coding,,Trichuris trichiura (PRJEB535),protein_coding,trtricprjeb535
TTRE10185,TTRE10185_t1,245,protein_coding,,Trichuris trichiura (PRJEB535),protein_coding,trtricprjeb535
TTRE7592,TTRE7592_t1,353,protein_coding,,Trichuris trichiura (PRJEB535),protein_coding,trtricprjeb535
TTRE11746,TTRE11746_t1,1609,protein_coding,,Trichuris trichiura (PRJEB535),protein_coding,trtricprjeb535
TTRE2170,TTRE2170_t1,513,protein_coding,,Trichuris trichiura (PRJEB535),protein_coding,trtricprjeb535
TTRE6708,TTRE6708_t1,344,protein_coding,,Trichuris trichiura (PRJEB535),protein_coding,trtricprjeb535
TTRE3732,TTRE3732_t1,305,protein_coding,,Trichuris trichiura (PRJEB535),protein_coding,trtricprjeb535
TTRE10675,TTRE10675_t1,260,protein_coding,,Trichuris trichiura (PRJEB535),protein_coding,trtricprjeb535
TTRE5696,TTRE5696_t1,221,protein_coding,,Trichuris trichiura (PRJEB535),protein_coding,trtricprjeb535
TTRE6410,TTRE6410_t1,1124,protein_coding,Zf-CCHC and PSP domain containing protein  [Source:UniProtKB/TrEMBL;Acc:A0A077ZF12],Trichuris trichiura (PRJEB535),protein_coding,trtricprjeb535
TTRE3069,TTRE3069_t1,208,protein_coding,Interferon inducible double stranded rna-dependen t protein kinase activator a  [Source:UniProtKB/TrEMBL;Acc:A0A077YWP3],Trichuris trichiura (PRJEB535),protein_coding,trtricprjeb535
TTRE4776,TTRE4776_t1,187,protein_coding,,Trichuris trichiura (PRJEB535),protein_coding,trtricprjeb535
TTRE7800,TTRE7800_t1,140,protein_coding,,Trichuris trichiura (PRJEB535),protein_coding,trtricprjeb535
TTRE11977,TTRE11977_t1,2099,protein_coding,,Trichuris trichiura (PRJEB535),protein_coding,trtricprjeb535
TTRE3860,TTRE3860_t1,281,protein_coding,,Trichuris trichiura (PRJEB535),protein_coding,trtricprjeb535
TTRE8704,TTRE8704_t1,109,protein_coding,,Trichuris trichiura (PRJEB535),protein_coding,trtricprjeb535
TTRE1466,TTRE1466_t1,424,protein_coding,fumarate hydratase  [Source:UniProtKB/TrEMBL;Acc:A0A077YZK2],Trichuris trichiura (PRJEB535),protein_coding,trtricprjeb535
TTRE3256,TTRE3256_t1,379,protein_coding,PH and RabGAP-TBC domain containing protein  [Source:UniProtKB/TrEMBL;Acc:A0A077ZCL8],Trichuris trichiura (PRJEB535),protein_coding,trtricprjeb535
TTRE2285,TTRE2285_t1,213,protein_coding,,Trichuris trichiura (PRJEB535),protein_coding,trtricprjeb535
TTRE7492,TTRE7492_t1,473,protein_coding,,Trichuris trichiura (PRJEB535),protein_coding,trtricprjeb535
TTRE3849,TTRE3849_t1,271,protein_coding,,Trichuris trichiura (PRJEB535),protein_coding,trtricprjeb535
TTRE7756,TTRE7756_t1,395,protein_coding,,Trichuris trichiura (PRJEB535),protein_coding,trtricprjeb535
TTRE817,TTRE817_t1,214,protein_coding,T-complex protein 1 subunit gamma  [Source:UniProtKB/TrEMBL;Acc:A0A077Z2L0],Trichuris trichiura (PRJEB535),protein_coding,trtricprjeb535
TTRE6181,TTRE6181_t1,582,protein_coding,,Trichuris trichiura (PRJEB535),protein_coding,trtricprjeb535
TTRE620,TTRE620_t1,1604,protein_coding,,Trichuris trichiura (PRJEB535),protein_coding,trtricprjeb535
TTRE8843,TTRE8843_t1,656,protein_coding,Fez family zinc finger protein  [Source:UniProtKB/TrEMBL;Acc:A0A077YZG7],Trichuris trichiura (PRJEB535),protein_coding,trtricprjeb535
TTRE2844,TTRE2844_t1,438,protein_coding,Transmembrane protein 129  [Source:UniProtKB/TrEMBL;Acc:A0A077Z0E4],Trichuris trichiura (PRJEB535),protein_coding,trtricprjeb535
TTRE10541,TTRE10541_t1,401,protein_coding,,Trichuris trichiura (PRJEB535),protein_coding,trtricprjeb535
TTRE11697,TTRE11697_t1,847,protein_coding,,Trichuris trichiura (PRJEB535),protein_coding,trtricprjeb535
TTRE2950,TTRE2950_t1,399,protein_coding,Major sperm protein  [Source:UniProtKB/TrEMBL;Acc:A0A077ZBX0],Trichuris trichiura (PRJEB535),protein_coding,trtricprjeb535
TTRE9660,TTRE9660_t1,131,protein_coding,,Trichuris trichiura (PRJEB535),protein_coding,trtricprjeb535
TTRE4828,TTRE4828_t1,172,protein_coding,,Trichuris trichiura (PRJEB535),protein_coding,trtricprjeb535
TTRE4946,TTRE4946_t1,206,protein_coding,,Trichuris trichiura (PRJEB535),protein_coding,trtricprjeb535
TTRE7747,TTRE7747_t1,410,protein_coding,Histone H3  [Source:UniProtKB/TrEMBL;Acc:A0A077ZQW1],Trichuris trichiura (PRJEB535),protein_coding,trtricprjeb535
TTRE5751,TTRE5751_t1,207,protein_coding,,Trichuris trichiura (PRJEB535),protein_coding,trtricprjeb535
TTRE4840,TTRE4840_t1,239,protein_coding,,Trichuris trichiura (PRJEB535),protein_coding,trtricprjeb535
TTRE385,TTRE385_t1,143,protein_coding,Troponin C  [Source:UniProtKB/TrEMBL;Acc:A0A077Z6A8],Trichuris trichiura (PRJEB535),protein_coding,trtricprjeb535
TTRE11940,TTRE11940_t1,479,protein_coding,,Trichuris trichiura (PRJEB535),protein_coding,trtricprjeb535
TTRE9544,TTRE9544_t1,351,protein_coding,,Trichuris trichiura (PRJEB535),protein_coding,trtricprjeb535
TTRE19,TTRE19_t1,355,protein_coding,,Trichuris trichiura (PRJEB535),protein_coding,trtricprjeb535
TTRE10202,TTRE10202_t1,1112,protein_coding,,Trichuris trichiura (PRJEB535),protein_coding,trtricprjeb535
TTRE5458,TTRE5458_t1,851,protein_coding,,Trichuris trichiura (PRJEB535),protein_coding,trtricprjeb535
TTRE2735,TTRE2735_t1,525,protein_coding,,Trichuris trichiura (PRJEB535),protein_coding,trtricprjeb535
TTRE8094,TTRE8094_t1,250,protein_coding,,Trichuris trichiura (PRJEB535),protein_coding,trtricprjeb535
TTRE162,TTRE162_t1,212,protein_coding,,Trichuris trichiura (PRJEB535),protein_coding,trtricprjeb535
TTRE7284,TTRE7284_t1,203,protein_coding,,Trichuris trichiura (PRJEB535),protein_coding,trtricprjeb535
TTRE243,TTRE243_t1,331,protein_coding,,Trichuris trichiura (PRJEB535),protein_coding,trtricprjeb535
TTRE6216,TTRE6216_t1,270,protein_coding,,Trichuris trichiura (PRJEB535),protein_coding,trtricprjeb535
TTRE9890,TTRE9890_t1,269,protein_coding,,Trichuris trichiura (PRJEB535),protein_coding,trtricprjeb535
TTRE4637,TTRE4637_t1,330,protein_coding,,Trichuris trichiura (PRJEB535),protein_coding,trtricprjeb535
TTRE5574,TTRE5574_t1,237,protein_coding,Ubiquinone biosynthesis monooxygenase COQ6  [Source:UniProtKB/TrEMBL;Acc:A0A077ZE26],Trichuris trichiura (PRJEB535),protein_coding,trtricprjeb535
TTRE11917,TTRE11917_t1,896,protein_coding,,Trichuris trichiura (PRJEB535),protein_coding,trtricprjeb535
TTRE6585,TTRE6585_t1,2816,protein_coding,,Trichuris trichiura (PRJEB535),protein_coding,trtricprjeb535
TTRE4310,TTRE4310_t1,370,protein_coding,,Trichuris trichiura (PRJEB535),protein_coding,trtricprjeb535
TTRE2729,TTRE2729_t1,176,protein_coding,,Trichuris trichiura (PRJEB535),protein_coding,trtricprjeb535
TTRE1013,TTRE1013_t1,1526,protein_coding,,Trichuris trichiura (PRJEB535),protein_coding,trtricprjeb535
TTRE9110,TTRE9110_t1,145,protein_coding,,Trichuris trichiura (PRJEB535),protein_coding,trtricprjeb535
TTRE8422,TTRE8422_t1,278,protein_coding,,Trichuris trichiura (PRJEB535),protein_coding,trtricprjeb535
TTRE4698,TTRE4698_t1,1022,protein_coding,,Trichuris trichiura (PRJEB535),protein_coding,trtricprjeb535
TTRE10569,TTRE10569_t1,890,protein_coding,,Trichuris trichiura (PRJEB535),protein_coding,trtricprjeb535
TTRE8170,TTRE8170_t1,332,protein_coding,,Trichuris trichiura (PRJEB535),protein_coding,trtricprjeb535
TTRE12185,TTRE12185_t1,139,protein_coding,,Trichuris trichiura (PRJEB535),protein_coding,trtricprjeb535
TTRE9540,TTRE9540_t1,557,protein_coding,,Trichuris trichiura (PRJEB535),protein_coding,trtricprjeb535
TTRE10745,TTRE10745_t1,1909,protein_coding,,Trichuris trichiura (PRJEB535),protein_coding,trtricprjeb535
TTRE9911,TTRE9911_t1,979,protein_coding,,Trichuris trichiura (PRJEB535),protein_coding,trtricprjeb535
TTRE12503,TTRE12503_t1,338,protein_coding,,Trichuris trichiura (PRJEB535),protein_coding,trtricprjeb535
TTRE2692,TTRE2692_t1,791,protein_coding,Protein daughter of sevenless  [Source:UniProtKB/TrEMBL;Acc:A0A077ZBD4],Trichuris trichiura (PRJEB535),protein_coding,trtricprjeb535
TTRE60,TTRE60_t1,683,protein_coding,Trans 2 enoyl coenzyme A reductase  [Source:UniProtKB/TrEMBL;Acc:A0A077Z149],Trichuris trichiura (PRJEB535),protein_coding,trtricprjeb535
TTRE5876,TTRE5876_t1,2660,protein_coding,,Trichuris trichiura (PRJEB535),protein_coding,trtricprjeb535
TTRE3476,TTRE3476_t1,175,protein_coding,,Trichuris trichiura (PRJEB535),protein_coding,trtricprjeb535
TTRE9088,TTRE9088_t1,141,protein_coding,S-(hydroxymethyl)glutathione dehydrogenase  [Source:UniProtKB/TrEMBL;Acc:A0A077Z147],Trichuris trichiura (PRJEB535),protein_coding,trtricprjeb535
TTRE5936,TTRE5936_t1,1589,protein_coding,Trehalase  [Source:UniProtKB/TrEMBL;Acc:A0A077Z1D3],Trichuris trichiura (PRJEB535),protein_coding,trtricprjeb535
TTRE2829,TTRE2829_t1,782,protein_coding,Putative atp synthase f1 delta subunit  [Source:UniProtKB/TrEMBL;Acc:A0A077Z0H7],Trichuris trichiura (PRJEB535),protein_coding,trtricprjeb535
TTRE115,TTRE115_t1,231,protein_coding,Aurora kinase  [Source:UniProtKB/TrEMBL;Acc:A0A077YWE4],Trichuris trichiura (PRJEB535),protein_coding,trtricprjeb535
TTRE10987,TTRE10987_t1,190,protein_coding,,Trichuris trichiura (PRJEB535),protein_coding,trtricprjeb535
TTRE1588,TTRE1588_t1,470,protein_coding,Transmembrane protein  [Source:UniProtKB/TrEMBL;Acc:A0A077Z8V9],Trichuris trichiura (PRJEB535),protein_coding,trtricprjeb535
TTRE8202,TTRE8202_t1,108,protein_coding,,Trichuris trichiura (PRJEB535),protein_coding,trtricprjeb535
TTRE8542,TTRE8542_t1,212,protein_coding,,Trichuris trichiura (PRJEB535),protein_coding,trtricprjeb535
TTRE430,TTRE430_t2,595,protein_coding,Amino acid transporter  [Source:UniProtKB/TrEMBL;Acc:A0A077Z0A7],Trichuris trichiura (PRJEB535),protein_coding,trtricprjeb535
TTRE3217,TTRE3217_t1,227,protein_coding,,Trichuris trichiura (PRJEB535),protein_coding,trtricprjeb535
TTRE12530,TTRE12530_t1,379,protein_coding,,Trichuris trichiura (PRJEB535),protein_coding,trtricprjeb535
TTRE7013,TTRE7013_t1,1341,protein_coding,,Trichuris trichiura (PRJEB535),protein_coding,trtricprjeb535
TTRE4502,TTRE4502_t1,359,protein_coding,,Trichuris trichiura (PRJEB535),protein_coding,trtricprjeb535
TTRE5176,TTRE5176_t1,443,protein_coding,,Trichuris trichiura (PRJEB535),protein_coding,trtricprjeb535
TTRE4552,TTRE4552_t1,287,protein_coding,,Trichuris trichiura (PRJEB535),protein_coding,trtricprjeb535
TTRE8146,TTRE8146_t1,449,protein_coding,,Trichuris trichiura (PRJEB535),protein_coding,trtricprjeb535
TTRE12065,TTRE12065_t1,760,protein_coding,,Trichuris trichiura (PRJEB535),protein_coding,trtricprjeb535
TTRE10660,TTRE10660_t1,288,protein_coding,,Trichuris trichiura (PRJEB535),protein_coding,trtricprjeb535
TTRE7628,TTRE7628_t1,255,protein_coding,,Trichuris trichiura (PRJEB535),protein_coding,trtricprjeb535
TTRE7143,TTRE7143_t1,869,protein_coding,,Trichuris trichiura (PRJEB535),protein_coding,trtricprjeb535
TTRE10898,TTRE10898_t1,242,protein_coding,,Trichuris trichiura (PRJEB535),protein_coding,trtricprjeb535
TTRE416,TTRE416_t1,197,protein_coding,,Trichuris trichiura (PRJEB535),protein_coding,trtricprjeb535
TTRE9926,TTRE9926_t1,1058,protein_coding,,Trichuris trichiura (PRJEB535),protein_coding,trtricprjeb535
TTRE8292,TTRE8292_t1,2322,protein_coding,,Trichuris trichiura (PRJEB535),protein_coding,trtricprjeb535
TTRE989,TTRE989_t1,237,protein_coding,,Trichuris trichiura (PRJEB535),protein_coding,trtricprjeb535
TTRE8069,TTRE8069_t1,547,protein_coding,NB-ARC and CARD domain containing protein  [Source:UniProtKB/TrEMBL;Acc:A0A077ZHT0],Trichuris trichiura (PRJEB535),protein_coding,trtricprjeb535
TTRE1015,TTRE1015_t1,360,protein_coding,,Trichuris trichiura (PRJEB535),protein_coding,trtricprjeb535
TTRE5973,TTRE5973_t1,314,protein_coding,RecQ-mediated genome instability protein 1  [Source:UniProtKB/TrEMBL;Acc:A0A077Z3E3],Trichuris trichiura (PRJEB535),protein_coding,trtricprjeb535
TTRE1648,TTRE1648_t1,280,protein_coding,,Trichuris trichiura (PRJEB535),protein_coding,trtricprjeb535
TTRE4568,TTRE4568_t1,233,protein_coding,,Trichuris trichiura (PRJEB535),protein_coding,trtricprjeb535
TTRE9719,TTRE9719_t1,362,protein_coding,,Trichuris trichiura (PRJEB535),protein_coding,trtricprjeb535
TTRE8646,TTRE8646_t1,596,protein_coding,,Trichuris trichiura (PRJEB535),protein_coding,trtricprjeb535
TTRE10230,TTRE10230_t1,458,protein_coding,,Trichuris trichiura (PRJEB535),protein_coding,trtricprjeb535
TTRE1706,TTRE1706_t1,215,protein_coding,TPR 1 and NARP1 domain containing protein  [Source:UniProtKB/TrEMBL;Acc:A0A077Z005],Trichuris trichiura (PRJEB535),protein_coding,trtricprjeb535
TTRE8273,TTRE8273_t1,950,protein_coding,EGF-like domain-containing protein  [Source:UniProtKB/TrEMBL;Acc:A0A077YWV5],Trichuris trichiura (PRJEB535),protein_coding,trtricprjeb535
TTRE814,TTRE814_t1,265,protein_coding,,Trichuris trichiura (PRJEB535),protein_coding,trtricprjeb535
TTRE10690,TTRE10690_t1,2912,protein_coding,,Trichuris trichiura (PRJEB535),protein_coding,trtricprjeb535
TTRE4634,TTRE4634_t1,1355,protein_coding,Bifunctional pyrimidine biosynthesis protein (Pyr ABCN)  [Source:UniProtKB/TrEMBL;Acc:A0A077ZAN0],Trichuris trichiura (PRJEB535),protein_coding,trtricprjeb535
TTRE1654,TTRE1654_t1,241,protein_coding,,Trichuris trichiura (PRJEB535),protein_coding,trtricprjeb535
TTRE2584,TTRE2584_t1,1117,protein_coding,,Trichuris trichiura (PRJEB535),protein_coding,trtricprjeb535
TTRE9903,TTRE9903_t1,173,protein_coding,,Trichuris trichiura (PRJEB535),protein_coding,trtricprjeb535
TTRE6762,TTRE6762_t1,191,protein_coding,,Trichuris trichiura (PRJEB535),protein_coding,trtricprjeb535
TTRE8299,TTRE8299_t1,224,protein_coding,,Trichuris trichiura (PRJEB535),protein_coding,trtricprjeb535
TTRE3298,TTRE3298_t1,507,protein_coding,,Trichuris trichiura (PRJEB535),protein_coding,trtricprjeb535
TTRE8005,TTRE8005_t1,232,protein_coding,,Trichuris trichiura (PRJEB535),protein_coding,trtricprjeb535
TTRE9598,TTRE9598_t1,895,protein_coding,,Trichuris trichiura (PRJEB535),protein_coding,trtricprjeb535
TTRE7889,TTRE7889_t1,2420,protein_coding,,Trichuris trichiura (PRJEB535),protein_coding,trtricprjeb535
TTRE1237,TTRE1237_t1,247,protein_coding,,Trichuris trichiura (PRJEB535),protein_coding,trtricprjeb535
TTRE7401,TTRE7401_t1,231,protein_coding,Target of myb protein 1  [Source:UniProtKB/TrEMBL;Acc:A0A077ZE88],Trichuris trichiura (PRJEB535),protein_coding,trtricprjeb535
TTRE5733,TTRE5733_t1,275,protein_coding,,Trichuris trichiura (PRJEB535),protein_coding,trtricprjeb535
TTRE2159,TTRE2159_t1,140,protein_coding,,Trichuris trichiura (PRJEB535),protein_coding,trtricprjeb535
TTRE1219,TTRE1219_t1,344,protein_coding,[histone H3]-trimethyl-L-lysine(4) demethylase  [Source:UniProtKB/TrEMBL;Acc:A0A077Z3X1],Trichuris trichiura (PRJEB535),protein_coding,trtricprjeb535
TTRE8846,TTRE8846_t1,259,protein_coding,,Trichuris trichiura (PRJEB535),protein_coding,trtricprjeb535
TTRE4433,TTRE4433_t1,377,protein_coding,,Trichuris trichiura (PRJEB535),protein_coding,trtricprjeb535
TTRE10769,TTRE10769_t1,2467,protein_coding,,Trichuris trichiura (PRJEB535),protein_coding,trtricprjeb535
TTRE6989,TTRE6989_t1,326,protein_coding,,Trichuris trichiura (PRJEB535),protein_coding,trtricprjeb535
TTRE6294,TTRE6294_t1,1083,protein_coding,,Trichuris trichiura (PRJEB535),protein_coding,trtricprjeb535
TTRE1548,TTRE1548_t1,848,protein_coding,,Trichuris trichiura (PRJEB535),protein_coding,trtricprjeb535
TTRE6330,TTRE6330_t1,264,protein_coding,,Trichuris trichiura (PRJEB535),protein_coding,trtricprjeb535
TTRE8030,TTRE8030_t1,151,protein_coding,,Trichuris trichiura (PRJEB535),protein_coding,trtricprjeb535
TTRE11947,TTRE11947_t1,822,protein_coding,,Trichuris trichiura (PRJEB535),protein_coding,trtricprjeb535
TTRE919,TTRE919_t1,218,protein_coding,,Trichuris trichiura (PRJEB535),protein_coding,trtricprjeb535
TTRE4317,TTRE4317_t1,200,protein_coding,,Trichuris trichiura (PRJEB535),protein_coding,trtricprjeb535
TTRE1521,TTRE1521_t1,234,protein_coding,Mediator of RNA polymerase II transcription subunit 8  [Source:UniProtKB/TrEMBL;Acc:A0A077YZJ7],Trichuris trichiura (PRJEB535),protein_coding,trtricprjeb535
TTRE11376,TTRE11376_t1,581,protein_coding,,Trichuris trichiura (PRJEB535),protein_coding,trtricprjeb535
TTRE8591,TTRE8591_t1,479,protein_coding,,Trichuris trichiura (PRJEB535),protein_coding,trtricprjeb535
TTRE3462,TTRE3462_t1,201,protein_coding,Golgi SNAP receptor complex  [Source:UniProtKB/TrEMBL;Acc:A0A077ZA86],Trichuris trichiura (PRJEB535),protein_coding,trtricprjeb535
TTRE10150,TTRE10150_t1,1244,protein_coding,,Trichuris trichiura (PRJEB535),protein_coding,trtricprjeb535
TTRE4123,TTRE4123_t1,442,protein_coding,NIDO and Sushi and VWD and AMOP domain containing protein  [Source:UniProtKB/TrEMBL;Acc:A0A077YXZ0],Trichuris trichiura (PRJEB535),protein_coding,trtricprjeb535
TTRE8825,TTRE8825_t1,358,protein_coding,,Trichuris trichiura (PRJEB535),protein_coding,trtricprjeb535
TTRE9399,TTRE9399_t1,827,protein_coding,purine-nucleoside phosphorylase  [Source:UniProtKB/TrEMBL;Acc:A0A077Z2P2],Trichuris trichiura (PRJEB535),protein_coding,trtricprjeb535
TTRE9420,TTRE9420_t1,199,protein_coding,,Trichuris trichiura (PRJEB535),protein_coding,trtricprjeb535
TTRE5562,TTRE5562_t1,442,protein_coding,,Trichuris trichiura (PRJEB535),protein_coding,trtricprjeb535
TTRE1444,TTRE1444_t1,1890,protein_coding,Sugar phosphate exchanger 3  [Source:UniProtKB/TrEMBL;Acc:A0A077Z6B2],Trichuris trichiura (PRJEB535),protein_coding,trtricprjeb535
TTRE2443,TTRE2443_t1,448,protein_coding,,Trichuris trichiura (PRJEB535),protein_coding,trtricprjeb535
TTRE8854,TTRE8854_t1,293,protein_coding,,Trichuris trichiura (PRJEB535),protein_coding,trtricprjeb535
TTRE12087,TTRE12087_t1,539,protein_coding,,Trichuris trichiura (PRJEB535),protein_coding,trtricprjeb535
TTRE12200,TTRE12200_t1,541,protein_coding,,Trichuris trichiura (PRJEB535),protein_coding,trtricprjeb535
TTRE6771,TTRE6771_t1,164,protein_coding,,Trichuris trichiura (PRJEB535),protein_coding,trtricprjeb535
TTRE4124,TTRE4124_t1,2351,protein_coding,,Trichuris trichiura (PRJEB535),protein_coding,trtricprjeb535
TTRE10401,TTRE10401_t1,422,protein_coding,,Trichuris trichiura (PRJEB535),protein_coding,trtricprjeb535
TTRE11495,TTRE11495_t1,790,protein_coding,,Trichuris trichiura (PRJEB535),protein_coding,trtricprjeb535
TTRE3810,TTRE3810_t1,578,protein_coding,Kelch protein 20 like  [Source:UniProtKB/TrEMBL;Acc:A0A077ZD17],Trichuris trichiura (PRJEB535),protein_coding,trtricprjeb535
TTRE6921,TTRE6921_t1,300,protein_coding,,Trichuris trichiura (PRJEB535),protein_coding,trtricprjeb535
TTRE8172,TTRE8172_t1,244,protein_coding,,Trichuris trichiura (PRJEB535),protein_coding,trtricprjeb535
TTRE9423,TTRE9423_t1,178,protein_coding,Brix domain containing protein  [Source:UniProtKB/TrEMBL;Acc:A0A077Z4B6],Trichuris trichiura (PRJEB535),protein_coding,trtricprjeb535
TTRE12254,TTRE12254_t1,999,protein_coding,,Trichuris trichiura (PRJEB535),protein_coding,trtricprjeb535
TTRE561,TTRE561_t1,344,protein_coding,,Trichuris trichiura (PRJEB535),protein_coding,trtricprjeb535
TTRE3790,TTRE3790_t1,371,protein_coding,,Trichuris trichiura (PRJEB535),protein_coding,trtricprjeb535
TTRE10885,TTRE10885_t1,230,protein_coding,,Trichuris trichiura (PRJEB535),protein_coding,trtricprjeb535
TTRE11374,TTRE11374_t1,183,protein_coding,,Trichuris trichiura (PRJEB535),protein_coding,trtricprjeb535
TTRE7252,TTRE7252_t1,563,protein_coding,,Trichuris trichiura (PRJEB535),protein_coding,trtricprjeb535
TTRE2912,TTRE2912_t1,160,protein_coding,,Trichuris trichiura (PRJEB535),protein_coding,trtricprjeb535
TTRE9321,TTRE9321_t1,332,protein_coding,,Trichuris trichiura (PRJEB535),protein_coding,trtricprjeb535
TTRE5395,TTRE5395_t1,192,protein_coding,Phenylalanine--tRNA ligase alpha subunit  [Source:UniProtKB/TrEMBL;Acc:A0A077Z553],Trichuris trichiura (PRJEB535),protein_coding,trtricprjeb535
TTRE10765,TTRE10765_t1,362,protein_coding,,Trichuris trichiura (PRJEB535),protein_coding,trtricprjeb535
TTRE1960,TTRE1960_t1,414,protein_coding,,Trichuris trichiura (PRJEB535),protein_coding,trtricprjeb535
TTRE3932,TTRE3932_t1,610,protein_coding,Zinc finger protein  [Source:UniProtKB/TrEMBL;Acc:A0A077YWS7],Trichuris trichiura (PRJEB535),protein_coding,trtricprjeb535
TTRE2434,TTRE2434_t1,266,protein_coding,,Trichuris trichiura (PRJEB535),protein_coding,trtricprjeb535
TTRE6365,TTRE6365_t1,397,protein_coding,Dual specificity protein phosphatase 19  [Source:UniProtKB/TrEMBL;Acc:A0A077Z934],Trichuris trichiura (PRJEB535),protein_coding,trtricprjeb535
TTRE2572,TTRE2572_t1,369,protein_coding,DUF2045 domain containing protein  [Source:UniProtKB/TrEMBL;Acc:A0A077ZDT6],Trichuris trichiura (PRJEB535),protein_coding,trtricprjeb535
TTRE12557,TTRE12557_t1,237,protein_coding,,Trichuris trichiura (PRJEB535),protein_coding,trtricprjeb535
TTRE12039,TTRE12039_t1,1424,protein_coding,,Trichuris trichiura (PRJEB535),protein_coding,trtricprjeb535
TTRE2075,TTRE2075_t1,299,protein_coding,,Trichuris trichiura (PRJEB535),protein_coding,trtricprjeb535
TTRE2825,TTRE2825_t1,1042,protein_coding,,Trichuris trichiura (PRJEB535),protein_coding,trtricprjeb535
TTRE223,TTRE223_t1,204,protein_coding,,Trichuris trichiura (PRJEB535),protein_coding,trtricprjeb535
TTRE470,TTRE470_t1,175,protein_coding,,Trichuris trichiura (PRJEB535),protein_coding,trtricprjeb535
TTRE1414,TTRE1414_t1,1334,protein_coding,,Trichuris trichiura (PRJEB535),protein_coding,trtricprjeb535
TTRE3108,TTRE3108_t1,228,protein_coding,Tyrosine-protein kinase  [Source:UniProtKB/TrEMBL;Acc:A0A077ZIF1],Trichuris trichiura (PRJEB535),protein_coding,trtricprjeb535
TTRE2041,TTRE2041_t1,263,protein_coding,,Trichuris trichiura (PRJEB535),protein_coding,trtricprjeb535
TTRE8742,TTRE8742_t1,389,protein_coding,,Trichuris trichiura (PRJEB535),protein_coding,trtricprjeb535
TTRE8116,TTRE8116_t1,436,protein_coding,,Trichuris trichiura (PRJEB535),protein_coding,trtricprjeb535
TTRE10210,TTRE10210_t1,952,protein_coding,,Trichuris trichiura (PRJEB535),protein_coding,trtricprjeb535
TTRE6064,TTRE6064_t1,521,protein_coding,,Trichuris trichiura (PRJEB535),protein_coding,trtricprjeb535
TTRE1498,TTRE1498_t1,203,protein_coding,,Trichuris trichiura (PRJEB535),protein_coding,trtricprjeb535
TTRE5622,TTRE5622_t1,401,protein_coding,S-adenosylmethionine synthase  [Source:UniProtKB/TrEMBL;Acc:A0A077YZ90],Trichuris trichiura (PRJEB535),protein_coding,trtricprjeb535
TTRE58,TTRE58_t1,321,protein_coding,RhoGEF and PH and PH 11 and FYVE domain containin g protein  [Source:UniProtKB/TrEMBL;Acc:A0A077YZ26],Trichuris trichiura (PRJEB535),protein_coding,trtricprjeb535
TTRE1124,TTRE1124_t2,260,protein_coding,Ribosome biogenesis protein NSA2 homolog  [Source:UniProtKB/TrEMBL;Acc:A0A077ZBJ2],Trichuris trichiura (PRJEB535),protein_coding,trtricprjeb535
TTRE6172,TTRE6172_t1,3926,protein_coding,,Trichuris trichiura (PRJEB535),protein_coding,trtricprjeb535
TTRE12436,TTRE12436_t1,1364,protein_coding,,Trichuris trichiura (PRJEB535),protein_coding,trtricprjeb535
TTRE11045,TTRE11045_t1,1475,protein_coding,,Trichuris trichiura (PRJEB535),protein_coding,trtricprjeb535
TTRE10537,TTRE10537_t1,335,protein_coding,,Trichuris trichiura (PRJEB535),protein_coding,trtricprjeb535
TTRE2933,TTRE2933_t1,324,protein_coding,,Trichuris trichiura (PRJEB535),protein_coding,trtricprjeb535
TTRE7306,TTRE7306_t1,374,protein_coding,,Trichuris trichiura (PRJEB535),protein_coding,trtricprjeb535
TTRE3543,TTRE3543_t1,1052,protein_coding,Zf-C2H2 and zf-H2C2 2 domain containing protein  [Source:UniProtKB/TrEMBL;Acc:A0A077YZ76],Trichuris trichiura (PRJEB535),protein_coding,trtricprjeb535
TTRE9429,TTRE9429_t1,353,protein_coding,,Trichuris trichiura (PRJEB535),protein_coding,trtricprjeb535
TTRE4451,TTRE4451_t1,295,protein_coding,,Trichuris trichiura (PRJEB535),protein_coding,trtricprjeb535
TTRE10339,TTRE10339_t1,356,protein_coding,,Trichuris trichiura (PRJEB535),protein_coding,trtricprjeb535
TTRE7506,TTRE7506_t1,1415,protein_coding,,Trichuris trichiura (PRJEB535),protein_coding,trtricprjeb535
TTRE5416,TTRE5416_t1,189,protein_coding,,Trichuris trichiura (PRJEB535),protein_coding,trtricprjeb535
TTRE12172,TTRE12172_t1,188,protein_coding,,Trichuris trichiura (PRJEB535),protein_coding,trtricprjeb535
TTRE2714,TTRE2714_t1,155,protein_coding,,Trichuris trichiura (PRJEB535),protein_coding,trtricprjeb535
TTRE2634,TTRE2634_t1,1037,protein_coding,ER membrane protein complex subunit 2  [Source:UniProtKB/TrEMBL;Acc:A0A077ZJN6],Trichuris trichiura (PRJEB535),protein_coding,trtricprjeb535
TTRE11689,TTRE11689_t1,2865,protein_coding,,Trichuris trichiura (PRJEB535),protein_coding,trtricprjeb535
TTRE4575,TTRE4575_t1,430,protein_coding,,Trichuris trichiura (PRJEB535),protein_coding,trtricprjeb535
TTRE1845,TTRE1845_t1,209,protein_coding,Moesin/ezrin/radixin homolog 1  [Source:UniProtKB/TrEMBL;Acc:A0A077ZEL8],Trichuris trichiura (PRJEB535),protein_coding,trtricprjeb535
TTRE5250,TTRE5250_t1,194,protein_coding,Dynein light chain  [Source:UniProtKB/TrEMBL;Acc:A0A077YXY5],Trichuris trichiura (PRJEB535),protein_coding,trtricprjeb535
TTRE7058,TTRE7058_t1,641,protein_coding,,Trichuris trichiura (PRJEB535),protein_coding,trtricprjeb535
TTRE12305,TTRE12305_t1,593,protein_coding,,Trichuris trichiura (PRJEB535),protein_coding,trtricprjeb535
TTRE998,TTRE998_t1,153,protein_coding,"Cob(I)yrinic acid a,c diamide  [Source:UniProtKB/TrEMBL;Acc:A0A077ZDF7]",Trichuris trichiura (PRJEB535),protein_coding,trtricprjeb535
TTRE8236,TTRE8236_t1,253,protein_coding,,Trichuris trichiura (PRJEB535),protein_coding,trtricprjeb535
TTRE3122,TTRE3122_t1,821,protein_coding,,Trichuris trichiura (PRJEB535),protein_coding,trtricprjeb535
TTRE2997,TTRE2997_t1,160,protein_coding,,Trichuris trichiura (PRJEB535),protein_coding,trtricprjeb535
TTRE10273,TTRE10273_t1,1325,protein_coding,,Trichuris trichiura (PRJEB535),protein_coding,trtricprjeb535
TTRE2273,TTRE2273_t1,225,protein_coding,,Trichuris trichiura (PRJEB535),protein_coding,trtricprjeb535
TTRE6964,TTRE6964_t1,917,protein_coding,,Trichuris trichiura (PRJEB535),protein_coding,trtricprjeb535
TTRE10296,TTRE10296_t1,449,protein_coding,,Trichuris trichiura (PRJEB535),protein_coding,trtricprjeb535
TTRE507,TTRE507_t1,223,protein_coding,Eukaryotic translation initiation factor 3 subunit L  [Source:UniProtKB/TrEMBL;Acc:A0A077ZAE0],Trichuris trichiura (PRJEB535),protein_coding,trtricprjeb535
TTRE3193,TTRE3193_t1,164,protein_coding,,Trichuris trichiura (PRJEB535),protein_coding,trtricprjeb535
TTRE3212,TTRE3212_t1,345,protein_coding,,Trichuris trichiura (PRJEB535),protein_coding,trtricprjeb535
TTRE2767,TTRE2767_t1,1643,protein_coding,N acetyltransferase  [Source:UniProtKB/TrEMBL;Acc:A0A077ZGI0],Trichuris trichiura (PRJEB535),protein_coding,trtricprjeb535
TTRE6357,TTRE6357_t1,782,protein_coding,,Trichuris trichiura (PRJEB535),protein_coding,trtricprjeb535
TTRE4717,TTRE4717_t1,575,protein_coding,,Trichuris trichiura (PRJEB535),protein_coding,trtricprjeb535
TTRE1091,TTRE1091_t1,435,protein_coding,,Trichuris trichiura (PRJEB535),protein_coding,trtricprjeb535
TTRE7332,TTRE7332_t1,476,protein_coding,,Trichuris trichiura (PRJEB535),protein_coding,trtricprjeb535
TTRE1363,TTRE1363_t1,610,protein_coding,,Trichuris trichiura (PRJEB535),protein_coding,trtricprjeb535
TTRE6199,TTRE6199_t1,319,protein_coding,,Trichuris trichiura (PRJEB535),protein_coding,trtricprjeb535
TTRE1554,TTRE1554_t1,972,protein_coding,,Trichuris trichiura (PRJEB535),protein_coding,trtricprjeb535
TTRE245,TTRE245_t1,1541,protein_coding,"Alpha 1,3 mannosyl glycoprotein  [Source:UniProtKB/TrEMBL;Acc:A0A077Z200]",Trichuris trichiura (PRJEB535),protein_coding,trtricprjeb535
TTRE4970,TTRE4970_t1,380,protein_coding,Major sperm protein  [Source:UniProtKB/TrEMBL;Acc:A0A077ZFS2],Trichuris trichiura (PRJEB535),protein_coding,trtricprjeb535
TTRE9197,TTRE9197_t1,438,protein_coding,,Trichuris trichiura (PRJEB535),protein_coding,trtricprjeb535
TTRE787,TTRE787_t1,498,protein_coding,,Trichuris trichiura (PRJEB535),protein_coding,trtricprjeb535
TTRE8819,TTRE8819_t1,162,protein_coding,,Trichuris trichiura (PRJEB535),protein_coding,trtricprjeb535
TTRE10225,TTRE10225_t1,215,protein_coding,,Trichuris trichiura (PRJEB535),protein_coding,trtricprjeb535
TTRE10922,TTRE10922_t1,224,protein_coding,,Trichuris trichiura (PRJEB535),protein_coding,trtricprjeb535
TTRE9254,TTRE9254_t1,168,protein_coding,,Trichuris trichiura (PRJEB535),protein_coding,trtricprjeb535
TTRE6596,TTRE6596_t1,255,protein_coding,,Trichuris trichiura (PRJEB535),protein_coding,trtricprjeb535
TTRE813,TTRE813_t1,489,protein_coding,,Trichuris trichiura (PRJEB535),protein_coding,trtricprjeb535
TTRE11195,TTRE11195_t1,479,protein_coding,,Trichuris trichiura (PRJEB535),protein_coding,trtricprjeb535
TTRE11490,TTRE11490_t1,540,protein_coding,,Trichuris trichiura (PRJEB535),protein_coding,trtricprjeb535
TTRE433,TTRE433_t1,201,protein_coding,Dnaj protein dnaj homolog subfamily b member lik e dnaj homolog subfamily b member  [Source:UniProtKB/TrEMBL;Acc:A0A077YX04],Trichuris trichiura (PRJEB535),protein_coding,trtricprjeb535
TTRE2278,TTRE2278_t1,377,protein_coding,WD repeat-containing protein 75  [Source:UniProtKB/TrEMBL;Acc:A0A077YZD6],Trichuris trichiura (PRJEB535),protein_coding,trtricprjeb535
TTRE10099,TTRE10099_t1,743,protein_coding,,Trichuris trichiura (PRJEB535),protein_coding,trtricprjeb535
TTRE4620,TTRE4620_t1,146,protein_coding,,Trichuris trichiura (PRJEB535),protein_coding,trtricprjeb535
TTRE1619,TTRE1619_t1,406,protein_coding,,Trichuris trichiura (PRJEB535),protein_coding,trtricprjeb535
TTRE4255,TTRE4255_t1,644,protein_coding,DUF1014 domain containing protein  [Source:UniProtKB/TrEMBL;Acc:A0A077Z2W7],Trichuris trichiura (PRJEB535),protein_coding,trtricprjeb535
TTRE5472,TTRE5472_t1,654,protein_coding,,Trichuris trichiura (PRJEB535),protein_coding,trtricprjeb535
TTRE8467,TTRE8467_t1,1066,protein_coding,HEAT repeat containing protein 5B  [Source:UniProtKB/TrEMBL;Acc:A0A077YWK9],Trichuris trichiura (PRJEB535),protein_coding,trtricprjeb535
TTRE3091,TTRE3091_t1,1082,protein_coding,WD repeat containing protein 20  [Source:UniProtKB/TrEMBL;Acc:A0A077Z4I9],Trichuris trichiura (PRJEB535),protein_coding,trtricprjeb535
TTRE5396,TTRE5396_t1,475,protein_coding,,Trichuris trichiura (PRJEB535),protein_coding,trtricprjeb535
TTRE10106,TTRE10106_t1,3943,protein_coding,,Trichuris trichiura (PRJEB535),protein_coding,trtricprjeb535
TTRE202,TTRE202_t1,184,protein_coding,DNA directed RNA polymerase III subunit RPC8  [Source:UniProtKB/TrEMBL;Acc:A0A077Z7I0],Trichuris trichiura (PRJEB535),protein_coding,trtricprjeb535
TTRE8410,TTRE8410_t1,264,protein_coding,RRM 1 domain containing protein  [Source:UniProtKB/TrEMBL;Acc:A0A077YY23],Trichuris trichiura (PRJEB535),protein_coding,trtricprjeb535
TTRE715,TTRE715_t1,173,protein_coding,,Trichuris trichiura (PRJEB535),protein_coding,trtricprjeb535
TTRE8545,TTRE8545_t1,809,protein_coding,DUF3661 domain containing protein  [Source:UniProtKB/TrEMBL;Acc:A0A077YYN4],Trichuris trichiura (PRJEB535),protein_coding,trtricprjeb535
TTRE5952,TTRE5952_t1,287,protein_coding,WD repeat containing protein 3  [Source:UniProtKB/TrEMBL;Acc:A0A077Z0Y4],Trichuris trichiura (PRJEB535),protein_coding,trtricprjeb535
TTRE11034,TTRE11034_t1,403,protein_coding,,Trichuris trichiura (PRJEB535),protein_coding,trtricprjeb535
TTRE6387,TTRE6387_t1,1013,protein_coding,,Trichuris trichiura (PRJEB535),protein_coding,trtricprjeb535
TTRE9225,TTRE9225_t1,175,protein_coding,Quinone oxidoreductase protein 2 like  [Source:UniProtKB/TrEMBL;Acc:A0A077YX64],Trichuris trichiura (PRJEB535),protein_coding,trtricprjeb535
TTRE2001,TTRE2001_t1,282,protein_coding,Splicing factor 3B subunit 2  [Source:UniProtKB/TrEMBL;Acc:A0A077ZCR9],Trichuris trichiura (PRJEB535),protein_coding,trtricprjeb535
TTRE9858,TTRE9858_t1,809,protein_coding,,Trichuris trichiura (PRJEB535),protein_coding,trtricprjeb535
TTRE3247,TTRE3247_t1,689,protein_coding,Eukaryotic translation initiation factor 4B  [Source:UniProtKB/TrEMBL;Acc:A0A077Z8G0],Trichuris trichiura (PRJEB535),protein_coding,trtricprjeb535
TTRE1531,TTRE1531_t1,307,protein_coding,protein disulfide-isomerase  [Source:UniProtKB/TrEMBL;Acc:A0A077YWN0],Trichuris trichiura (PRJEB535),protein_coding,trtricprjeb535
TTRE2523,TTRE2523_t1,200,protein_coding,,Trichuris trichiura (PRJEB535),protein_coding,trtricprjeb535
TTRE8412,TTRE8412_t1,206,protein_coding,Calcium:calmodulin dependent protein kinase type  [Source:UniProtKB/TrEMBL;Acc:A0A077YY19],Trichuris trichiura (PRJEB535),protein_coding,trtricprjeb535
TTRE9037,TTRE9037_t1,590,protein_coding,,Trichuris trichiura (PRJEB535),protein_coding,trtricprjeb535
TTRE12591,TTRE12591_t1,566,protein_coding,,Trichuris trichiura (PRJEB535),protein_coding,trtricprjeb535
TTRE418,TTRE418_t1,132,protein_coding,,Trichuris trichiura (PRJEB535),protein_coding,trtricprjeb535
TTRE2805,TTRE2805_t1,536,protein_coding,,Trichuris trichiura (PRJEB535),protein_coding,trtricprjeb535
TTRE8091,TTRE8091_t1,1805,protein_coding,VCBS domain containing protein  [Source:UniProtKB/TrEMBL;Acc:A0A077Z9H4],Trichuris trichiura (PRJEB535),protein_coding,trtricprjeb535
TTRE4138,TTRE4138_t1,500,protein_coding,Major sperm protein  [Source:UniProtKB/TrEMBL;Acc:A0A077ZIU2],Trichuris trichiura (PRJEB535),protein_coding,trtricprjeb535
TTRE10407,TTRE10407_t1,584,protein_coding,,Trichuris trichiura (PRJEB535),protein_coding,trtricprjeb535
TTRE941,TTRE941_t1,272,protein_coding,,Trichuris trichiura (PRJEB535),protein_coding,trtricprjeb535
TTRE4166,TTRE4166_t1,719,protein_coding,,Trichuris trichiura (PRJEB535),protein_coding,trtricprjeb535
TTRE1958,TTRE1958_t1,569,protein_coding,Protein transport protein SEC23  [Source:UniProtKB/TrEMBL;Acc:A0A077ZEA9],Trichuris trichiura (PRJEB535),protein_coding,trtricprjeb535
TTRE2225,TTRE2225_t1,1472,protein_coding,,Trichuris trichiura (PRJEB535),protein_coding,trtricprjeb535
TTRE5064,TTRE5064_t1,503,protein_coding,,Trichuris trichiura (PRJEB535),protein_coding,trtricprjeb535
TTRE6147,TTRE6147_t1,373,protein_coding,,Trichuris trichiura (PRJEB535),protein_coding,trtricprjeb535
TTRE4231,TTRE4231_t1,947,protein_coding,Reverse transcriptase  [Source:UniProtKB/TrEMBL;Acc:A0A077Z6E6],Trichuris trichiura (PRJEB535),protein_coding,trtricprjeb535
TTRE9057,TTRE9057_t1,267,protein_coding,,Trichuris trichiura (PRJEB535),protein_coding,trtricprjeb535
TTRE12529,TTRE12529_t1,2309,protein_coding,,Trichuris trichiura (PRJEB535),protein_coding,trtricprjeb535
TTRE5070,TTRE5070_t1,602,protein_coding,,Trichuris trichiura (PRJEB535),protein_coding,trtricprjeb535
TTRE4095,TTRE4095_t1,441,protein_coding,,Trichuris trichiura (PRJEB535),protein_coding,trtricprjeb535
TTRE3496,TTRE3496_t1,272,protein_coding,,Trichuris trichiura (PRJEB535),protein_coding,trtricprjeb535
TTRE4614,TTRE4614_t1,265,protein_coding,,Trichuris trichiura (PRJEB535),protein_coding,trtricprjeb535
TTRE468,TTRE468_t1,425,protein_coding,,Trichuris trichiura (PRJEB535),protein_coding,trtricprjeb535
TTRE7382,TTRE7382_t1,332,protein_coding,,Trichuris trichiura (PRJEB535),protein_coding,trtricprjeb535
TTRE5099,TTRE5099_t1,241,protein_coding,Deoxyribonuclease (DNase) II  [Source:UniProtKB/TrEMBL;Acc:A0A077ZAT0],Trichuris trichiura (PRJEB535),protein_coding,trtricprjeb535
TTRE3375,TTRE3375_t1,216,protein_coding,,Trichuris trichiura (PRJEB535),protein_coding,trtricprjeb535
TTRE3885,TTRE3885_t1,188,protein_coding,,Trichuris trichiura (PRJEB535),protein_coding,trtricprjeb535
TTRE7207,TTRE7207_t1,1004,protein_coding,,Trichuris trichiura (PRJEB535),protein_coding,trtricprjeb535
TTRE5347,TTRE5347_t1,782,protein_coding,,Trichuris trichiura (PRJEB535),protein_coding,trtricprjeb535
TTRE12219,TTRE12219_t1,556,protein_coding,,Trichuris trichiura (PRJEB535),protein_coding,trtricprjeb535
TTRE10362,TTRE10362_t1,440,protein_coding,,Trichuris trichiura (PRJEB535),protein_coding,trtricprjeb535
TTRE7624,TTRE7624_t1,755,protein_coding,,Trichuris trichiura (PRJEB535),protein_coding,trtricprjeb535
TTRE5003,TTRE5003_t1,177,protein_coding,,Trichuris trichiura (PRJEB535),protein_coding,trtricprjeb535
TTRE4838,TTRE4838_t1,192,protein_coding,Voltage-dependent calcium channel subunit alpha-2  [Source:UniProtKB/TrEMBL;Acc:A0A077Z8A5],Trichuris trichiura (PRJEB535),protein_coding,trtricprjeb535
TTRE12484,TTRE12484_t1,897,protein_coding,C2H2-type domain-containing protein  [Source:UniProtKB/TrEMBL;Acc:A0A077ZMF0],Trichuris trichiura (PRJEB535),protein_coding,trtricprjeb535
TTRE8360,TTRE8360_t1,1661,protein_coding,"BTAF1 RNA polymerase II, B-TFIID transcription fa ctor-associated, 170kDa  [Source:UniProtKB/TrEMBL;Acc:A0A077Z098]",Trichuris trichiura (PRJEB535),protein_coding,trtricprjeb535
TTRE7409,TTRE7409_t1,710,protein_coding,,Trichuris trichiura (PRJEB535),protein_coding,trtricprjeb535
TTRE5016,TTRE5016_t2,588,protein_coding,,Trichuris trichiura (PRJEB535),protein_coding,trtricprjeb535
TTRE9173,TTRE9173_t1,135,protein_coding,,Trichuris trichiura (PRJEB535),protein_coding,trtricprjeb535
TTRE9728,TTRE9728_t1,678,protein_coding,arachidonate--CoA ligase  [Source:UniProtKB/TrEMBL;Acc:A0A077Z504],Trichuris trichiura (PRJEB535),protein_coding,trtricprjeb535
TTRE11387,TTRE11387_t1,380,protein_coding,,Trichuris trichiura (PRJEB535),protein_coding,trtricprjeb535
TTRE11524,TTRE11524_t1,305,protein_coding,,Trichuris trichiura (PRJEB535),protein_coding,trtricprjeb535
TTRE3539,TTRE3539_t1,1011,protein_coding,,Trichuris trichiura (PRJEB535),protein_coding,trtricprjeb535
TTRE4470,TTRE4470_t1,1157,protein_coding,,Trichuris trichiura (PRJEB535),protein_coding,trtricprjeb535
TTRE8457,TTRE8457_t1,270,protein_coding,,Trichuris trichiura (PRJEB535),protein_coding,trtricprjeb535
TTRE3533,TTRE3533_t1,986,protein_coding,,Trichuris trichiura (PRJEB535),protein_coding,trtricprjeb535
TTRE8903,TTRE8903_t1,287,protein_coding,,Trichuris trichiura (PRJEB535),protein_coding,trtricprjeb535
TTRE3130,TTRE3130_t1,241,protein_coding,,Trichuris trichiura (PRJEB535),protein_coding,trtricprjeb535
TTRE12431,TTRE12431_t1,215,protein_coding,,Trichuris trichiura (PRJEB535),protein_coding,trtricprjeb535
TTRE12060,TTRE12060_t1,81,protein_coding,,Trichuris trichiura (PRJEB535),protein_coding,trtricprjeb535
TTRE8372,TTRE8372_t1,581,protein_coding,,Trichuris trichiura (PRJEB535),protein_coding,trtricprjeb535
TTRE11075,TTRE11075_t1,806,protein_coding,,Trichuris trichiura (PRJEB535),protein_coding,trtricprjeb535
TTRE8896,TTRE8896_t1,401,protein_coding,,Trichuris trichiura (PRJEB535),protein_coding,trtricprjeb535
TTRE4743,TTRE4743_t1,294,protein_coding,,Trichuris trichiura (PRJEB535),protein_coding,trtricprjeb535
TTRE136,TTRE136_t1,2243,protein_coding,,Trichuris trichiura (PRJEB535),protein_coding,trtricprjeb535
TTRE10426,TTRE10426_t1,371,protein_coding,,Trichuris trichiura (PRJEB535),protein_coding,trtricprjeb535
TTRE9492,TTRE9492_t1,1421,protein_coding,,Trichuris trichiura (PRJEB535),protein_coding,trtricprjeb535
TTRE3719,TTRE3719_t1,416,protein_coding,Glutaredoxin domain containing protein  [Source:UniProtKB/TrEMBL;Acc:A0A077ZL64],Trichuris trichiura (PRJEB535),protein_coding,trtricprjeb535
TTRE11170,TTRE11170_t1,759,protein_coding,,Trichuris trichiura (PRJEB535),protein_coding,trtricprjeb535
TTRE10104,TTRE10104_t1,347,protein_coding,,Trichuris trichiura (PRJEB535),protein_coding,trtricprjeb535
TTRE8508,TTRE8508_t1,896,protein_coding,Glycine N-acyltransferase-like protein  [Source:UniProtKB/TrEMBL;Acc:A0A077YX46],Trichuris trichiura (PRJEB535),protein_coding,trtricprjeb535
TTRE6751,TTRE6751_t1,1529,protein_coding,,Trichuris trichiura (PRJEB535),protein_coding,trtricprjeb535
TTRE10162,TTRE10162_t1,543,protein_coding,,Trichuris trichiura (PRJEB535),protein_coding,trtricprjeb535
TTRE7886,TTRE7886_t1,3353,protein_coding,,Trichuris trichiura (PRJEB535),protein_coding,trtricprjeb535
TTRE11461,TTRE11461_t1,830,protein_coding,,Trichuris trichiura (PRJEB535),protein_coding,trtricprjeb535
TTRE6509,TTRE6509_t1,232,protein_coding,,Trichuris trichiura (PRJEB535),protein_coding,trtricprjeb535
TTRE3071,TTRE3071_t1,836,protein_coding,,Trichuris trichiura (PRJEB535),protein_coding,trtricprjeb535
TTRE6444,TTRE6444_t1,353,protein_coding,,Trichuris trichiura (PRJEB535),protein_coding,trtricprjeb535
TTRE3308,TTRE3308_t1,132,protein_coding,,Trichuris trichiura (PRJEB535),protein_coding,trtricprjeb535
TTRE1884,TTRE1884_t1,1097,protein_coding,,Trichuris trichiura (PRJEB535),protein_coding,trtricprjeb535
TTRE7293,TTRE7293_t1,662,protein_coding,,Trichuris trichiura (PRJEB535),protein_coding,trtricprjeb535
TTRE137,TTRE137_t1,314,protein_coding,,Trichuris trichiura (PRJEB535),protein_coding,trtricprjeb535
TTRE1797,TTRE1797_t1,206,protein_coding,Platelet activating factor acetylhydrolase IB  [Source:UniProtKB/TrEMBL;Acc:A0A077YZZ7],Trichuris trichiura (PRJEB535),protein_coding,trtricprjeb535
TTRE1094,TTRE1094_t1,2464,protein_coding,,Trichuris trichiura (PRJEB535),protein_coding,trtricprjeb535
TTRE6239,TTRE6239_t1,508,protein_coding,,Trichuris trichiura (PRJEB535),protein_coding,trtricprjeb535
TTRE10632,TTRE10632_t1,422,protein_coding,,Trichuris trichiura (PRJEB535),protein_coding,trtricprjeb535
TTRE2562,TTRE2562_t1,193,protein_coding,,Trichuris trichiura (PRJEB535),protein_coding,trtricprjeb535
TTRE10579,TTRE10579_t1,611,protein_coding,,Trichuris trichiura (PRJEB535),protein_coding,trtricprjeb535
TTRE3154,TTRE3154_t1,378,protein_coding,,Trichuris trichiura (PRJEB535),protein_coding,trtricprjeb535
TTRE8830,TTRE8830_t1,301,protein_coding,,Trichuris trichiura (PRJEB535),protein_coding,trtricprjeb535
TTRE4284,TTRE4284_t1,301,protein_coding,,Trichuris trichiura (PRJEB535),protein_coding,trtricprjeb535
TTRE6650,TTRE6650_t1,227,protein_coding,,Trichuris trichiura (PRJEB535),protein_coding,trtricprjeb535
TTRE7544,TTRE7544_t1,264,protein_coding,,Trichuris trichiura (PRJEB535),protein_coding,trtricprjeb535
TTRE818,TTRE818_t1,303,protein_coding,,Trichuris trichiura (PRJEB535),protein_coding,trtricprjeb535
TTRE2582,TTRE2582_t1,959,protein_coding,Transcription factor SOX 14  [Source:UniProtKB/TrEMBL;Acc:A0A077Z3F8],Trichuris trichiura (PRJEB535),protein_coding,trtricprjeb535
TTRE12328,TTRE12328_t1,462,protein_coding,,Trichuris trichiura (PRJEB535),protein_coding,trtricprjeb535
TTRE3050,TTRE3050_t1,249,protein_coding,Histone acetyltransferase  [Source:UniProtKB/TrEMBL;Acc:A0A077Z056],Trichuris trichiura (PRJEB535),protein_coding,trtricprjeb535
TTRE11519,TTRE11519_t1,836,protein_coding,Mediator of RNA polymerase II transcription subunit 23  [Source:UniProtKB/TrEMBL;Acc:A0A077Z741],Trichuris trichiura (PRJEB535),protein_coding,trtricprjeb535
TTRE3701,TTRE3701_t1,232,protein_coding,,Trichuris trichiura (PRJEB535),protein_coding,trtricprjeb535
TTRE9511,TTRE9511_t1,460,protein_coding,,Trichuris trichiura (PRJEB535),protein_coding,trtricprjeb535
TTRE11394,TTRE11394_t1,371,protein_coding,,Trichuris trichiura (PRJEB535),protein_coding,trtricprjeb535
TTRE7123,TTRE7123_t1,3677,protein_coding,,Trichuris trichiura (PRJEB535),protein_coding,trtricprjeb535
TTRE12658,TTRE12658_t1,974,protein_coding,,Trichuris trichiura (PRJEB535),protein_coding,trtricprjeb535
TTRE6355,TTRE6355_t1,1781,protein_coding,,Trichuris trichiura (PRJEB535),protein_coding,trtricprjeb535
TTRE4212,TTRE4212_t1,690,protein_coding,,Trichuris trichiura (PRJEB535),protein_coding,trtricprjeb535
TTRE3106,TTRE3106_t1,595,protein_coding,,Trichuris trichiura (PRJEB535),protein_coding,trtricprjeb535
TTRE10768,TTRE10768_t1,2962,protein_coding,,Trichuris trichiura (PRJEB535),protein_coding,trtricprjeb535
TTRE10528,TTRE10528_t1,440,protein_coding,,Trichuris trichiura (PRJEB535),protein_coding,trtricprjeb535
TTRE2557,TTRE2557_t1,431,protein_coding,,Trichuris trichiura (PRJEB535),protein_coding,trtricprjeb535
TTRE5082,TTRE5082_t1,411,protein_coding,,Trichuris trichiura (PRJEB535),protein_coding,trtricprjeb535
TTRE2524,TTRE2524_t1,207,protein_coding,Death associated LIM only protein  [Source:UniProtKB/TrEMBL;Acc:A0A077Z6V1],Trichuris trichiura (PRJEB535),protein_coding,trtricprjeb535
TTRE11364,TTRE11364_t1,198,protein_coding,Leptin receptor protein  [Source:UniProtKB/TrEMBL;Acc:A0A077Z9K6],Trichuris trichiura (PRJEB535),protein_coding,trtricprjeb535
TTRE4172,TTRE4172_t1,196,protein_coding,Ubiquitin conjugating enzyme E2 H  [Source:UniProtKB/TrEMBL;Acc:A0A077ZA79],Trichuris trichiura (PRJEB535),protein_coding,trtricprjeb535
TTRE175,TTRE175_t1,166,protein_coding,CRAL TRIO domain containing protein  [Source:UniProtKB/TrEMBL;Acc:A0A077YWG0],Trichuris trichiura (PRJEB535),protein_coding,trtricprjeb535
TTRE7852,TTRE7852_t1,722,protein_coding,Coiled-coil domain-containing protein 176  [Source:UniProtKB/TrEMBL;Acc:A0A077ZFS0],Trichuris trichiura (PRJEB535),protein_coding,trtricprjeb535
TTRE11093,TTRE11093_t1,799,protein_coding,,Trichuris trichiura (PRJEB535),protein_coding,trtricprjeb535
TTRE2573,TTRE2573_t1,2276,protein_coding,guanylate cyclase  [Source:UniProtKB/TrEMBL;Acc:A0A077ZGK0],Trichuris trichiura (PRJEB535),protein_coding,trtricprjeb535
TTRE9094,TTRE9094_t1,1265,protein_coding,,Trichuris trichiura (PRJEB535),protein_coding,trtricprjeb535
TTRE10073,TTRE10073_t1,313,protein_coding,Pilt domain-containing protein  [Source:UniProtKB/TrEMBL;Acc:A0A077Z432],Trichuris trichiura (PRJEB535),protein_coding,trtricprjeb535
TTRE9547,TTRE9547_t1,139,protein_coding,,Trichuris trichiura (PRJEB535),protein_coding,trtricprjeb535
TTRE4062,TTRE4062_t1,422,protein_coding,,Trichuris trichiura (PRJEB535),protein_coding,trtricprjeb535
TTRE7641,TTRE7641_t1,245,protein_coding,,Trichuris trichiura (PRJEB535),protein_coding,trtricprjeb535
TTRE11448,TTRE11448_t1,899,protein_coding,Serine/threonine-protein phosphatase  [Source:UniProtKB/TrEMBL;Acc:A0A077Z4J5],Trichuris trichiura (PRJEB535),protein_coding,trtricprjeb535
TTRE12442,TTRE12442_t1,5406,protein_coding,,Trichuris trichiura (PRJEB535),protein_coding,trtricprjeb535
TTRE9881,TTRE9881_t1,271,protein_coding,,Trichuris trichiura (PRJEB535),protein_coding,trtricprjeb535
TTRE1461,TTRE1461_t1,221,protein_coding,Protein unc-50  [Source:UniProtKB/TrEMBL;Acc:A0A077Z6C4],Trichuris trichiura (PRJEB535),protein_coding,trtricprjeb535
TTRE5336,TTRE5336_t1,1256,protein_coding,Fucosyltransferase  [Source:UniProtKB/TrEMBL;Acc:A0A077Z7H6],Trichuris trichiura (PRJEB535),protein_coding,trtricprjeb535
TTRE6936,TTRE6936_t1,148,protein_coding,,Trichuris trichiura (PRJEB535),protein_coding,trtricprjeb535
TTRE1089,TTRE1089_t1,1186,protein_coding,heparosan-N-sulfate-glucuronate 5-epimerase  [Source:UniProtKB/TrEMBL;Acc:A0A077YZF2],Trichuris trichiura (PRJEB535),protein_coding,trtricprjeb535
TTRE5130,TTRE5130_t1,345,protein_coding,,Trichuris trichiura (PRJEB535),protein_coding,trtricprjeb535
TTRE6400,TTRE6400_t1,677,protein_coding,Something about silencing protein 10  [Source:UniProtKB/TrEMBL;Acc:A0A077ZBK7],Trichuris trichiura (PRJEB535),protein_coding,trtricprjeb535
TTRE2021,TTRE2021_t1,692,protein_coding,,Trichuris trichiura (PRJEB535),protein_coding,trtricprjeb535
TTRE6741,TTRE6741_t1,379,protein_coding,,Trichuris trichiura (PRJEB535),protein_coding,trtricprjeb535
TTRE8346,TTRE8346_t1,986,protein_coding,,Trichuris trichiura (PRJEB535),protein_coding,trtricprjeb535
TTRE9787,TTRE9787_t1,433,protein_coding,,Trichuris trichiura (PRJEB535),protein_coding,trtricprjeb535
TTRE10436,TTRE10436_t1,215,protein_coding,,Trichuris trichiura (PRJEB535),protein_coding,trtricprjeb535
TTRE9128,TTRE9128_t1,120,protein_coding,,Trichuris trichiura (PRJEB535),protein_coding,trtricprjeb535
TTRE6996,TTRE6996_t1,455,protein_coding,,Trichuris trichiura (PRJEB535),protein_coding,trtricprjeb535
TTRE2081,TTRE2081_t1,423,protein_coding,,Trichuris trichiura (PRJEB535),protein_coding,trtricprjeb535
TTRE10822,TTRE10822_t1,216,protein_coding,,Trichuris trichiura (PRJEB535),protein_coding,trtricprjeb535
TTRE319,TTRE319_t1,188,protein_coding,RNA-splicing ligase RtcB homolog  [Source:UniProtKB/TrEMBL;Acc:A0A077Z2X6],Trichuris trichiura (PRJEB535),protein_coding,trtricprjeb535
TTRE7278,TTRE7278_t1,935,protein_coding,,Trichuris trichiura (PRJEB535),protein_coding,trtricprjeb535
TTRE3696,TTRE3696_t1,179,protein_coding,UDP-glucose 4-epimerase  [Source:UniProtKB/TrEMBL;Acc:A0A077Z452],Trichuris trichiura (PRJEB535),protein_coding,trtricprjeb535
TTRE9455,TTRE9455_t1,374,protein_coding,,Trichuris trichiura (PRJEB535),protein_coding,trtricprjeb535
TTRE11708,TTRE11708_t1,194,protein_coding,,Trichuris trichiura (PRJEB535),protein_coding,trtricprjeb535
TTRE5010,TTRE5010_t1,155,protein_coding,,Trichuris trichiura (PRJEB535),protein_coding,trtricprjeb535
TTRE894,TTRE894_t1,413,protein_coding,,Trichuris trichiura (PRJEB535),protein_coding,trtricprjeb535
TTRE3818,TTRE3818_t1,365,protein_coding,,Trichuris trichiura (PRJEB535),protein_coding,trtricprjeb535
TTRE4063,TTRE4063_t1,278,protein_coding,,Trichuris trichiura (PRJEB535),protein_coding,trtricprjeb535
TTRE5266,TTRE5266_t1,268,protein_coding,,Trichuris trichiura (PRJEB535),protein_coding,trtricprjeb535
TTRE9031,TTRE9031_t1,227,protein_coding,,Trichuris trichiura (PRJEB535),protein_coding,trtricprjeb535
TTRE4037,TTRE4037_t1,411,protein_coding,,Trichuris trichiura (PRJEB535),protein_coding,trtricprjeb535
TTRE3436,TTRE3436_t1,274,protein_coding,Ovule protein  [Source:UniProtKB/TrEMBL;Acc:A0A077Z905],Trichuris trichiura (PRJEB535),protein_coding,trtricprjeb535
TTRE7440,TTRE7440_t1,199,protein_coding,,Trichuris trichiura (PRJEB535),protein_coding,trtricprjeb535
TTRE12118,TTRE12118_t1,280,protein_coding,,Trichuris trichiura (PRJEB535),protein_coding,trtricprjeb535
TTRE5958,TTRE5958_t1,190,protein_coding,RNA binding protein Musashi Rbp6  [Source:UniProtKB/TrEMBL;Acc:A0A077YXU5],Trichuris trichiura (PRJEB535),protein_coding,trtricprjeb535
TTRE7666,TTRE7666_t1,335,protein_coding,,Trichuris trichiura (PRJEB535),protein_coding,trtricprjeb535
TTRE3811,TTRE3811_t2,983,protein_coding,,Trichuris trichiura (PRJEB535),protein_coding,trtricprjeb535
TTRE11663,TTRE11663_t1,359,protein_coding,,Trichuris trichiura (PRJEB535),protein_coding,trtricprjeb535
TTRE9198,TTRE9198_t1,201,protein_coding,Copper transport protein  [Source:UniProtKB/TrEMBL;Acc:A0A077YXD9],Trichuris trichiura (PRJEB535),protein_coding,trtricprjeb535
TTRE4940,TTRE4940_t1,145,protein_coding,40S ribosomal protein S16  [Source:UniProtKB/TrEMBL;Acc:A0A077ZGK9],Trichuris trichiura (PRJEB535),protein_coding,trtricprjeb535
TTRE6909,TTRE6909_t1,623,protein_coding,,Trichuris trichiura (PRJEB535),protein_coding,trtricprjeb535
TTRE4863,TTRE4863_t1,269,protein_coding,Integrin beta  [Source:UniProtKB/TrEMBL;Acc:A0A077Z8U9],Trichuris trichiura (PRJEB535),protein_coding,trtricprjeb535
TTRE9183,TTRE9183_t1,442,protein_coding,,Trichuris trichiura (PRJEB535),protein_coding,trtricprjeb535
TTRE8879,TTRE8879_t1,416,protein_coding,Peptidyl-prolyl cis-trans isomerase  [Source:UniProtKB/TrEMBL;Acc:A0A077Z412],Trichuris trichiura (PRJEB535),protein_coding,trtricprjeb535
TTRE10346,TTRE10346_t1,614,protein_coding,,Trichuris trichiura (PRJEB535),protein_coding,trtricprjeb535
TTRE3485,TTRE3485_t1,288,protein_coding,,Trichuris trichiura (PRJEB535),protein_coding,trtricprjeb535
TTRE8872,TTRE8872_t1,418,protein_coding,,Trichuris trichiura (PRJEB535),protein_coding,trtricprjeb535
TTRE4808,TTRE4808_t1,284,protein_coding,,Trichuris trichiura (PRJEB535),protein_coding,trtricprjeb535
TTRE3755,TTRE3755_t1,205,protein_coding,,Trichuris trichiura (PRJEB535),protein_coding,trtricprjeb535
TTRE4975,TTRE4975_t1,134,protein_coding,,Trichuris trichiura (PRJEB535),protein_coding,trtricprjeb535
TTRE11604,TTRE11604_t1,842,protein_coding,,Trichuris trichiura (PRJEB535),protein_coding,trtricprjeb535
TTRE1132,TTRE1132_t1,1094,protein_coding,,Trichuris trichiura (PRJEB535),protein_coding,trtricprjeb535
TTRE6196,TTRE6196_t1,569,protein_coding,,Trichuris trichiura (PRJEB535),protein_coding,trtricprjeb535
TTRE5814,TTRE5814_t1,1373,protein_coding,POT1PC domain-containing protein  [Source:UniProtKB/TrEMBL;Acc:A0A077Z0N8],Trichuris trichiura (PRJEB535),protein_coding,trtricprjeb535
TTRE6760,TTRE6760_t1,692,protein_coding,,Trichuris trichiura (PRJEB535),protein_coding,trtricprjeb535
TTRE9494,TTRE9494_t1,146,protein_coding,,Trichuris trichiura (PRJEB535),protein_coding,trtricprjeb535
TTRE917,TTRE917_t1,600,protein_coding,Endoplasmin  [Source:UniProtKB/TrEMBL;Acc:A0A077YXK0],Trichuris trichiura (PRJEB535),protein_coding,trtricprjeb535
TTRE5116,TTRE5116_t1,149,protein_coding,,Trichuris trichiura (PRJEB535),protein_coding,trtricprjeb535
TTRE6415,TTRE6415_t1,1033,protein_coding,C2H2-type domain-containing protein  [Source:UniProtKB/TrEMBL;Acc:A0A077ZJD4],Trichuris trichiura (PRJEB535),protein_coding,trtricprjeb535
TTRE4888,TTRE4888_t1,281,protein_coding,"Type I inositol 1,4,5 trisphosphate  [Source:UniProtKB/TrEMBL;Acc:A0A077Z559]",Trichuris trichiura (PRJEB535),protein_coding,trtricprjeb535
TTRE5899,TTRE5899_t1,1376,protein_coding,,Trichuris trichiura (PRJEB535),protein_coding,trtricprjeb535
TTRE5213,TTRE5213_t1,710,protein_coding,,Trichuris trichiura (PRJEB535),protein_coding,trtricprjeb535
TTRE10540,TTRE10540_t1,341,protein_coding,,Trichuris trichiura (PRJEB535),protein_coding,trtricprjeb535
TTRE8497,TTRE8497_t1,163,protein_coding,,Trichuris trichiura (PRJEB535),protein_coding,trtricprjeb535
TTRE8651,TTRE8651_t1,913,protein_coding,Folliculin-interacting protein 1  [Source:UniProtKB/TrEMBL;Acc:A0A077Z1I9],Trichuris trichiura (PRJEB535),protein_coding,trtricprjeb535
TTRE11076,TTRE11076_t1,806,protein_coding,,Trichuris trichiura (PRJEB535),protein_coding,trtricprjeb535
TTRE8242,TTRE8242_t1,355,protein_coding,N_BRCA1_IG domain-containing protein  [Source:UniProtKB/TrEMBL;Acc:A0A077Z3F2],Trichuris trichiura (PRJEB535),protein_coding,trtricprjeb535
TTRE2103,TTRE2103_t1,856,protein_coding,,Trichuris trichiura (PRJEB535),protein_coding,trtricprjeb535
TTRE12443,TTRE12443_t1,4913,protein_coding,,Trichuris trichiura (PRJEB535),protein_coding,trtricprjeb535
TTRE10480,TTRE10480_t1,707,protein_coding,,Trichuris trichiura (PRJEB535),protein_coding,trtricprjeb535
TTRE8291,TTRE8291_t1,290,protein_coding,,Trichuris trichiura (PRJEB535),protein_coding,trtricprjeb535
TTRE8501,TTRE8501_t1,278,protein_coding,,Trichuris trichiura (PRJEB535),protein_coding,trtricprjeb535
TTRE8942,TTRE8942_t1,180,protein_coding,,Trichuris trichiura (PRJEB535),protein_coding,trtricprjeb535
TTRE11486,TTRE11486_t1,107,protein_coding,,Trichuris trichiura (PRJEB535),protein_coding,trtricprjeb535
TTRE2065,TTRE2065_t1,218,protein_coding,,Trichuris trichiura (PRJEB535),protein_coding,trtricprjeb535
TTRE8767,TTRE8767_t1,178,protein_coding,,Trichuris trichiura (PRJEB535),protein_coding,trtricprjeb535
TTRE196,TTRE196_t1,335,protein_coding,,Trichuris trichiura (PRJEB535),protein_coding,trtricprjeb535
TTRE6759,TTRE6759_t1,130,protein_coding,,Trichuris trichiura (PRJEB535),protein_coding,trtricprjeb535
TTRE11990,TTRE11990_t1,1222,protein_coding,Hexosyltransferase  [Source:UniProtKB/TrEMBL;Acc:A0A077Z8Q9],Trichuris trichiura (PRJEB535),protein_coding,trtricprjeb535
TTRE1221,TTRE1221_t1,325,protein_coding,RING-type E3 ubiquitin transferase  [Source:UniProtKB/TrEMBL;Acc:A0A077ZGC9],Trichuris trichiura (PRJEB535),protein_coding,trtricprjeb535
TTRE4319,TTRE4319_t1,1897,protein_coding,,Trichuris trichiura (PRJEB535),protein_coding,trtricprjeb535
TTRE8038,TTRE8038_t1,305,protein_coding,,Trichuris trichiura (PRJEB535),protein_coding,trtricprjeb535
TTRE11492,TTRE11492_t1,281,protein_coding,,Trichuris trichiura (PRJEB535),protein_coding,trtricprjeb535
TTRE8065,TTRE8065_t1,265,protein_coding,N-acetylglucosamine-6-phosphate deacetylase  [Source:UniProtKB/TrEMBL;Acc:A0A077Z8M2],Trichuris trichiura (PRJEB535),protein_coding,trtricprjeb535
TTRE1679,TTRE1679_t1,421,protein_coding,,Trichuris trichiura (PRJEB535),protein_coding,trtricprjeb535
TTRE6026,TTRE6026_t1,130,protein_coding,,Trichuris trichiura (PRJEB535),protein_coding,trtricprjeb535
TTRE9992,TTRE9992_t1,99,protein_coding,,Trichuris trichiura (PRJEB535),protein_coding,trtricprjeb535
TTRE10961,TTRE10961_t1,458,protein_coding,,Trichuris trichiura (PRJEB535),protein_coding,trtricprjeb535
TTRE12556,TTRE12556_t1,776,protein_coding,,Trichuris trichiura (PRJEB535),protein_coding,trtricprjeb535
TTRE5616,TTRE5616_t1,382,protein_coding,,Trichuris trichiura (PRJEB535),protein_coding,trtricprjeb535
TTRE4693,TTRE4693_t1,3962,protein_coding,,Trichuris trichiura (PRJEB535),protein_coding,trtricprjeb535
TTRE12017,TTRE12017_t1,329,protein_coding,,Trichuris trichiura (PRJEB535),protein_coding,trtricprjeb535
TTRE3175,TTRE3175_t1,469,protein_coding,PWWP domain containing protein  [Source:UniProtKB/TrEMBL;Acc:A0A077ZD40],Trichuris trichiura (PRJEB535),protein_coding,trtricprjeb535
TTRE12158,TTRE12158_t1,389,protein_coding,,Trichuris trichiura (PRJEB535),protein_coding,trtricprjeb535
TTRE5939,TTRE5939_t1,197,protein_coding,GABAA receptor-associated protein  [Source:UniProtKB/TrEMBL;Acc:A0A077Z2E9],Trichuris trichiura (PRJEB535),protein_coding,trtricprjeb535
TTRE9855,TTRE9855_t1,2549,protein_coding,,Trichuris trichiura (PRJEB535),protein_coding,trtricprjeb535
TTRE2390,TTRE2390_t1,180,protein_coding,,Trichuris trichiura (PRJEB535),protein_coding,trtricprjeb535
TTRE6879,TTRE6879_t1,590,protein_coding,,Trichuris trichiura (PRJEB535),protein_coding,trtricprjeb535
TTRE5773,TTRE5773_t1,308,protein_coding,,Trichuris trichiura (PRJEB535),protein_coding,trtricprjeb535
TTRE3731,TTRE3731_t1,244,protein_coding,,Trichuris trichiura (PRJEB535),protein_coding,trtricprjeb535
TTRE8433,TTRE8433_t1,728,protein_coding,,Trichuris trichiura (PRJEB535),protein_coding,trtricprjeb535
TTRE760,TTRE760_t1,531,protein_coding,,Trichuris trichiura (PRJEB535),protein_coding,trtricprjeb535
TTRE8847,TTRE8847_t1,219,protein_coding,,Trichuris trichiura (PRJEB535),protein_coding,trtricprjeb535
TTRE5658,TTRE5658_t1,193,protein_coding,,Trichuris trichiura (PRJEB535),protein_coding,trtricprjeb535
TTRE8537,TTRE8537_t1,472,protein_coding,,Trichuris trichiura (PRJEB535),protein_coding,trtricprjeb535
TTRE12309,TTRE12309_t1,743,protein_coding,,Trichuris trichiura (PRJEB535),protein_coding,trtricprjeb535
TTRE11584,TTRE11584_t1,1034,protein_coding,,Trichuris trichiura (PRJEB535),protein_coding,trtricprjeb535
TTRE5473,TTRE5473_t1,306,protein_coding,,Trichuris trichiura (PRJEB535),protein_coding,trtricprjeb535
TTRE1256,TTRE1256_t2,534,protein_coding,,Trichuris trichiura (PRJEB535),protein_coding,trtricprjeb535
TTRE6582,TTRE6582_t1,1022,protein_coding,,Trichuris trichiura (PRJEB535),protein_coding,trtricprjeb535
TTRE2251,TTRE2251_t1,263,protein_coding,,Trichuris trichiura (PRJEB535),protein_coding,trtricprjeb535
TTRE8256,TTRE8256_t1,348,protein_coding,,Trichuris trichiura (PRJEB535),protein_coding,trtricprjeb535
TTRE8869,TTRE8869_t1,701,protein_coding,Bifunctional 3' phosphoadenosine  [Source:UniProtKB/TrEMBL;Acc:A0A077ZAD8],Trichuris trichiura (PRJEB535),protein_coding,trtricprjeb535
TTRE3236,TTRE3236_t1,307,protein_coding,Histone arginine methyltransferase CARM1  [Source:UniProtKB/TrEMBL;Acc:A0A077Z7J8],Trichuris trichiura (PRJEB535),protein_coding,trtricprjeb535
TTRE12215,TTRE12215_t1,329,protein_coding,,Trichuris trichiura (PRJEB535),protein_coding,trtricprjeb535
TTRE8994,TTRE8994_t1,555,protein_coding,,Trichuris trichiura (PRJEB535),protein_coding,trtricprjeb535
TTRE4478,TTRE4478_t1,459,protein_coding,,Trichuris trichiura (PRJEB535),protein_coding,trtricprjeb535
TTRE11703,TTRE11703_t1,491,protein_coding,,Trichuris trichiura (PRJEB535),protein_coding,trtricprjeb535
TTRE11497,TTRE11497_t1,343,protein_coding,,Trichuris trichiura (PRJEB535),protein_coding,trtricprjeb535
TTRE10389,TTRE10389_t1,686,protein_coding,,Trichuris trichiura (PRJEB535),protein_coding,trtricprjeb535
TTRE1009,TTRE1009_t1,870,protein_coding,Ank domain containing protein  [Source:UniProtKB/TrEMBL;Acc:A0A077Z8P6],Trichuris trichiura (PRJEB535),protein_coding,trtricprjeb535
TTRE11722,TTRE11722_t1,618,protein_coding,,Trichuris trichiura (PRJEB535),protein_coding,trtricprjeb535
TTRE928,TTRE928_t1,261,protein_coding,,Trichuris trichiura (PRJEB535),protein_coding,trtricprjeb535
TTRE9340,TTRE9340_t1,235,protein_coding,,Trichuris trichiura (PRJEB535),protein_coding,trtricprjeb535
TTRE7770,TTRE7770_t1,840,protein_coding,,Trichuris trichiura (PRJEB535),protein_coding,trtricprjeb535
TTRE6282,TTRE6282_t1,449,protein_coding,DUF4371 domain-containing protein  [Source:UniProtKB/TrEMBL;Acc:A0A077ZJU6],Trichuris trichiura (PRJEB535),protein_coding,trtricprjeb535
TTRE3117,TTRE3117_t1,476,protein_coding,,Trichuris trichiura (PRJEB535),protein_coding,trtricprjeb535
TTRE10900,TTRE10900_t1,141,protein_coding,,Trichuris trichiura (PRJEB535),protein_coding,trtricprjeb535
TTRE5334,TTRE5334_t1,480,protein_coding,,Trichuris trichiura (PRJEB535),protein_coding,trtricprjeb535
TTRE8811,TTRE8811_t1,192,protein_coding,T-complex protein 1 subunit alpha  [Source:UniProtKB/TrEMBL;Acc:A0A077Z5D8],Trichuris trichiura (PRJEB535),protein_coding,trtricprjeb535
TTRE11715,TTRE11715_t1,291,protein_coding,,Trichuris trichiura (PRJEB535),protein_coding,trtricprjeb535
TTRE7890,TTRE7890_t1,3208,protein_coding,,Trichuris trichiura (PRJEB535),protein_coding,trtricprjeb535
TTRE2187,TTRE2187_t1,151,protein_coding,,Trichuris trichiura (PRJEB535),protein_coding,trtricprjeb535
TTRE8407,TTRE8407_t1,298,protein_coding,,Trichuris trichiura (PRJEB535),protein_coding,trtricprjeb535
TTRE2964,TTRE2964_t1,298,protein_coding,Vesicle fusion protein vam vps protein  [Source:UniProtKB/TrEMBL;Acc:A0A077Z2N3],Trichuris trichiura (PRJEB535),protein_coding,trtricprjeb535
TTRE8106,TTRE8106_t1,437,protein_coding,,Trichuris trichiura (PRJEB535),protein_coding,trtricprjeb535
TTRE8673,TTRE8673_t1,223,protein_coding,Pre-mRNA-processing factor 6  [Source:UniProtKB/TrEMBL;Acc:A0A077Z3L5],Trichuris trichiura (PRJEB535),protein_coding,trtricprjeb535
TTRE6527,TTRE6527_t1,566,protein_coding,,Trichuris trichiura (PRJEB535),protein_coding,trtricprjeb535
TTRE8587,TTRE8587_t1,823,protein_coding,,Trichuris trichiura (PRJEB535),protein_coding,trtricprjeb535
TTRE9608,TTRE9608_t1,100,protein_coding,,Trichuris trichiura (PRJEB535),protein_coding,trtricprjeb535
TTRE11463,TTRE11463_t1,1318,protein_coding,,Trichuris trichiura (PRJEB535),protein_coding,trtricprjeb535
TTRE8238,TTRE8238_t1,1031,protein_coding,,Trichuris trichiura (PRJEB535),protein_coding,trtricprjeb535
TTRE5961,TTRE5961_t1,896,protein_coding,,Trichuris trichiura (PRJEB535),protein_coding,trtricprjeb535
TTRE714,TTRE714_t1,569,protein_coding,,Trichuris trichiura (PRJEB535),protein_coding,trtricprjeb535
TTRE8212,TTRE8212_t1,206,protein_coding,,Trichuris trichiura (PRJEB535),protein_coding,trtricprjeb535
TTRE9995,TTRE9995_t1,168,protein_coding,,Trichuris trichiura (PRJEB535),protein_coding,trtricprjeb535
TTRE2267,TTRE2267_t1,1282,protein_coding,chitin synthase  [Source:UniProtKB/TrEMBL;Acc:A0A077YUY0],Trichuris trichiura (PRJEB535),protein_coding,trtricprjeb535
TTRE573,TTRE573_t1,455,protein_coding,,Trichuris trichiura (PRJEB535),protein_coding,trtricprjeb535
TTRE10912,TTRE10912_t1,255,protein_coding,,Trichuris trichiura (PRJEB535),protein_coding,trtricprjeb535
TTRE7453,TTRE7453_t1,272,protein_coding,,Trichuris trichiura (PRJEB535),protein_coding,trtricprjeb535
TTRE12155,TTRE12155_t1,458,protein_coding,,Trichuris trichiura (PRJEB535),protein_coding,trtricprjeb535
TTRE7648,TTRE7648_t1,337,protein_coding,Lipocln_cytosolic_FA-bd_dom domain-containing protein  [Source:UniProtKB/TrEMBL;Acc:A0A077ZE44],Trichuris trichiura (PRJEB535),protein_coding,trtricprjeb535
TTRE9562,TTRE9562_t1,314,protein_coding,,Trichuris trichiura (PRJEB535),protein_coding,trtricprjeb535
TTRE12572,TTRE12572_t1,175,protein_coding,,Trichuris trichiura (PRJEB535),protein_coding,trtricprjeb535
TTRE10555,TTRE10555_t1,151,protein_coding,,Trichuris trichiura (PRJEB535),protein_coding,trtricprjeb535
TTRE6861,TTRE6861_t1,332,protein_coding,,Trichuris trichiura (PRJEB535),protein_coding,trtricprjeb535
TTRE9508,TTRE9508_t1,482,protein_coding,,Trichuris trichiura (PRJEB535),protein_coding,trtricprjeb535
TTRE6833,TTRE6833_t1,446,protein_coding,Retrotrans_gag domain-containing protein  [Source:UniProtKB/TrEMBL;Acc:A0A077ZEU6],Trichuris trichiura (PRJEB535),protein_coding,trtricprjeb535
TTRE4589,TTRE4589_t1,319,protein_coding,,Trichuris trichiura (PRJEB535),protein_coding,trtricprjeb535
TTRE5355,TTRE5355_t1,402,protein_coding,,Trichuris trichiura (PRJEB535),protein_coding,trtricprjeb535
TTRE8435,TTRE8435_t1,344,protein_coding,,Trichuris trichiura (PRJEB535),protein_coding,trtricprjeb535
TTRE10226,TTRE10226_t1,299,protein_coding,,Trichuris trichiura (PRJEB535),protein_coding,trtricprjeb535
TTRE2543,TTRE2543_t1,391,protein_coding,,Trichuris trichiura (PRJEB535),protein_coding,trtricprjeb535
TTRE1674,TTRE1674_t1,298,protein_coding,Transthyretin-like protein 46  [Source:UniProtKB/TrEMBL;Acc:A0A077Z9N4],Trichuris trichiura (PRJEB535),protein_coding,trtricprjeb535
TTRE6054,TTRE6054_t1,265,protein_coding,,Trichuris trichiura (PRJEB535),protein_coding,trtricprjeb535
TTRE10457,TTRE10457_t1,3921,protein_coding,,Trichuris trichiura (PRJEB535),protein_coding,trtricprjeb535
TTRE10250,TTRE10250_t1,968,protein_coding,,Trichuris trichiura (PRJEB535),protein_coding,trtricprjeb535
TTRE1348,TTRE1348_t1,116,protein_coding,,Trichuris trichiura (PRJEB535),protein_coding,trtricprjeb535
TTRE5926,TTRE5926_t1,305,protein_coding,,Trichuris trichiura (PRJEB535),protein_coding,trtricprjeb535
TTRE6549,TTRE6549_t1,111,protein_coding,,Trichuris trichiura (PRJEB535),protein_coding,trtricprjeb535
TTRE7954,TTRE7954_t1,1178,protein_coding,,Trichuris trichiura (PRJEB535),protein_coding,trtricprjeb535
TTRE10636,TTRE10636_t1,884,protein_coding,,Trichuris trichiura (PRJEB535),protein_coding,trtricprjeb535
TTRE9008,TTRE9008_t1,806,protein_coding,Elongator complex protein 3  [Source:UniProtKB/TrEMBL;Acc:A0A077YXS3],Trichuris trichiura (PRJEB535),protein_coding,trtricprjeb535
TTRE7353,TTRE7353_t1,740,protein_coding,,Trichuris trichiura (PRJEB535),protein_coding,trtricprjeb535
TTRE1308,TTRE1308_t1,648,protein_coding,TPR 11 and TPR 8 and TPR 9 domain containing prot ein  [Source:UniProtKB/TrEMBL;Acc:A0A077YW39],Trichuris trichiura (PRJEB535),protein_coding,trtricprjeb535
TTRE12526,TTRE12526_t1,431,protein_coding,,Trichuris trichiura (PRJEB535),protein_coding,trtricprjeb535
TTRE4104,TTRE4104_t1,361,protein_coding,,Trichuris trichiura (PRJEB535),protein_coding,trtricprjeb535
TTRE5112,TTRE5112_t1,278,protein_coding,,Trichuris trichiura (PRJEB535),protein_coding,trtricprjeb535
TTRE11412,TTRE11412_t1,232,protein_coding,,Trichuris trichiura (PRJEB535),protein_coding,trtricprjeb535
TTRE140,TTRE140_t1,296,protein_coding,,Trichuris trichiura (PRJEB535),protein_coding,trtricprjeb535
TTRE5120,TTRE5120_t1,785,protein_coding,,Trichuris trichiura (PRJEB535),protein_coding,trtricprjeb535
TTRE6868,TTRE6868_t1,1165,protein_coding,,Trichuris trichiura (PRJEB535),protein_coding,trtricprjeb535
TTRE6511,TTRE6511_t1,262,protein_coding,,Trichuris trichiura (PRJEB535),protein_coding,trtricprjeb535
TTRE3152,TTRE3152_t1,231,protein_coding,,Trichuris trichiura (PRJEB535),protein_coding,trtricprjeb535
TTRE11313,TTRE11313_t1,201,protein_coding,,Trichuris trichiura (PRJEB535),protein_coding,trtricprjeb535
TTRE10033,TTRE10033_t1,181,protein_coding,,Trichuris trichiura (PRJEB535),protein_coding,trtricprjeb535
TTRE8053,TTRE8053_t1,358,protein_coding,,Trichuris trichiura (PRJEB535),protein_coding,trtricprjeb535
TTRE3312,TTRE3312_t1,341,protein_coding,,Trichuris trichiura (PRJEB535),protein_coding,trtricprjeb535
TTRE7514,TTRE7514_t1,333,protein_coding,Subunit of mRNA cleavage and polyadenylation fact or  [Source:UniProtKB/TrEMBL;Acc:A0A077ZAU1],Trichuris trichiura (PRJEB535),protein_coding,trtricprjeb535
TTRE6438,TTRE6438_t1,356,protein_coding,,Trichuris trichiura (PRJEB535),protein_coding,trtricprjeb535
TTRE9640,TTRE9640_t1,491,protein_coding,,Trichuris trichiura (PRJEB535),protein_coding,trtricprjeb535
TTRE11356,TTRE11356_t1,119,protein_coding,AP 3 complex subunit sigma 2  [Source:UniProtKB/TrEMBL;Acc:A0A077Z5W7],Trichuris trichiura (PRJEB535),protein_coding,trtricprjeb535
TTRE4556,TTRE4556_t1,111,protein_coding,,Trichuris trichiura (PRJEB535),protein_coding,trtricprjeb535
TTRE12449,TTRE12449_t1,518,protein_coding,,Trichuris trichiura (PRJEB535),protein_coding,trtricprjeb535
TTRE10502,TTRE10502_t1,1259,protein_coding,,Trichuris trichiura (PRJEB535),protein_coding,trtricprjeb535
TTRE4865,TTRE4865_t1,641,protein_coding,Protein bicaudal C  [Source:UniProtKB/TrEMBL;Acc:A0A077Z807],Trichuris trichiura (PRJEB535),protein_coding,trtricprjeb535
TTRE5012,TTRE5012_t1,409,protein_coding,Lysine--tRNA ligase  [Source:UniProtKB/TrEMBL;Acc:A0A077Z2Z4],Trichuris trichiura (PRJEB535),protein_coding,trtricprjeb535
TTRE7373,TTRE7373_t1,378,protein_coding,,Trichuris trichiura (PRJEB535),protein_coding,trtricprjeb535
TTRE11408,TTRE11408_t1,596,protein_coding,EGF domain containing protein  [Source:UniProtKB/TrEMBL;Acc:A0A077Z3C9],Trichuris trichiura (PRJEB535),protein_coding,trtricprjeb535
TTRE8449,TTRE8449_t1,339,protein_coding,,Trichuris trichiura (PRJEB535),protein_coding,trtricprjeb535
TTRE4951,TTRE4951_t1,340,protein_coding,,Trichuris trichiura (PRJEB535),protein_coding,trtricprjeb535
TTRE7723,TTRE7723_t1,176,protein_coding,,Trichuris trichiura (PRJEB535),protein_coding,trtricprjeb535
TTRE8395,TTRE8395_t1,317,protein_coding,Protein FAM36A  [Source:UniProtKB/TrEMBL;Acc:A0A077ZEE4],Trichuris trichiura (PRJEB535),protein_coding,trtricprjeb535
TTRE9274,TTRE9274_t1,556,protein_coding,Two pore potassium channel protein sup-9  [Source:UniProtKB/TrEMBL;Acc:A0A077Z8A8],Trichuris trichiura (PRJEB535),protein_coding,trtricprjeb535
TTRE9681,TTRE9681_t1,260,protein_coding,Dosage compensation protein dpy-30  [Source:UniProtKB/TrEMBL;Acc:A0A077Z9R3],Trichuris trichiura (PRJEB535),protein_coding,trtricprjeb535
TTRE6542,TTRE6542_t1,647,protein_coding,,Trichuris trichiura (PRJEB535),protein_coding,trtricprjeb535
TTRE4473,TTRE4473_t1,235,protein_coding,,Trichuris trichiura (PRJEB535),protein_coding,trtricprjeb535
TTRE2708,TTRE2708_t1,585,protein_coding,,Trichuris trichiura (PRJEB535),protein_coding,trtricprjeb535
TTRE5126,TTRE5126_t1,932,protein_coding,Transcription elongation factor  [Source:UniProtKB/TrEMBL;Acc:A0A077YXI9],Trichuris trichiura (PRJEB535),protein_coding,trtricprjeb535
TTRE12117,TTRE12117_t1,275,protein_coding,EF-hand domain-containing protein  [Source:UniProtKB/TrEMBL;Acc:A0A077Z548],Trichuris trichiura (PRJEB535),protein_coding,trtricprjeb535
TTRE11157,TTRE11157_t1,272,protein_coding,,Trichuris trichiura (PRJEB535),protein_coding,trtricprjeb535
TTRE6332,TTRE6332_t1,450,protein_coding,,Trichuris trichiura (PRJEB535),protein_coding,trtricprjeb535
TTRE5288,TTRE5288_t1,182,protein_coding,,Trichuris trichiura (PRJEB535),protein_coding,trtricprjeb535
TTRE844,TTRE844_t1,126,protein_coding,Peptide-methionine (R)-S-oxide reductase  [Source:UniProtKB/TrEMBL;Acc:A0A077Z436],Trichuris trichiura (PRJEB535),protein_coding,trtricprjeb535
TTRE3736,TTRE3736_t1,674,protein_coding,"Transporter, major facilitator family  [Source:UniProtKB/TrEMBL;Acc:A0A077Z8Z7]",Trichuris trichiura (PRJEB535),protein_coding,trtricprjeb535
TTRE7334,TTRE7334_t1,1525,protein_coding,,Trichuris trichiura (PRJEB535),protein_coding,trtricprjeb535
TTRE3414,TTRE3414_t1,211,protein_coding,Transmembrane protein 50A  [Source:UniProtKB/TrEMBL;Acc:A0A077YY46],Trichuris trichiura (PRJEB535),protein_coding,trtricprjeb535
TTRE11159,TTRE11159_t1,744,protein_coding,,Trichuris trichiura (PRJEB535),protein_coding,trtricprjeb535
TTRE8493,TTRE8493_t1,337,protein_coding,GPN-loop GTPase 3  [Source:UniProtKB/TrEMBL;Acc:A0A077Z0W5],Trichuris trichiura (PRJEB535),protein_coding,trtricprjeb535
TTRE2743,TTRE2743_t1,358,protein_coding,Serine/threonine-protein phosphatase  [Source:UniProtKB/TrEMBL;Acc:A0A077Z3U3],Trichuris trichiura (PRJEB535),protein_coding,trtricprjeb535
TTRE5137,TTRE5137_t1,278,protein_coding,Helicase C and ResIII domain containing protein  [Source:UniProtKB/TrEMBL;Acc:A0A077ZIV2],Trichuris trichiura (PRJEB535),protein_coding,trtricprjeb535
TTRE3054,TTRE3054_t1,246,protein_coding,,Trichuris trichiura (PRJEB535),protein_coding,trtricprjeb535
TTRE1906,TTRE1906_t1,254,protein_coding,FXYD domain-containing ion transport regulator  [Source:UniProtKB/TrEMBL;Acc:A0A077ZFQ8],Trichuris trichiura (PRJEB535),protein_coding,trtricprjeb535
TTRE6740,TTRE6740_t1,466,protein_coding,,Trichuris trichiura (PRJEB535),protein_coding,trtricprjeb535
TTRE1402,TTRE1402_t1,965,protein_coding,DCP1 domain containing protein  [Source:UniProtKB/TrEMBL;Acc:A0A077YWQ9],Trichuris trichiura (PRJEB535),protein_coding,trtricprjeb535
TTRE1973,TTRE1973_t1,242,protein_coding,,Trichuris trichiura (PRJEB535),protein_coding,trtricprjeb535
TTRE107,TTRE107_t1,239,protein_coding,CRAL TRIO 2 and RhoGAP domain containing protein  [Source:UniProtKB/TrEMBL;Acc:A0A077ZAR4],Trichuris trichiura (PRJEB535),protein_coding,trtricprjeb535
TTRE9784,TTRE9784_t1,329,protein_coding,,Trichuris trichiura (PRJEB535),protein_coding,trtricprjeb535
TTRE3553,TTRE3553_t1,160,protein_coding,,Trichuris trichiura (PRJEB535),protein_coding,trtricprjeb535
TTRE3366,TTRE3366_t1,707,protein_coding,,Trichuris trichiura (PRJEB535),protein_coding,trtricprjeb535
TTRE8142,TTRE8142_t1,479,protein_coding,,Trichuris trichiura (PRJEB535),protein_coding,trtricprjeb535
TTRE12306,TTRE12306_t1,179,protein_coding,Lysosomal acid phosphatase  [Source:UniProtKB/TrEMBL;Acc:A0A077ZIB4],Trichuris trichiura (PRJEB535),protein_coding,trtricprjeb535
TTRE8507,TTRE8507_t1,980,protein_coding,Mitochondrial GTPase 1  [Source:UniProtKB/TrEMBL;Acc:A0A077Z153],Trichuris trichiura (PRJEB535),protein_coding,trtricprjeb535
TTRE3667,TTRE3667_t1,465,protein_coding,,Trichuris trichiura (PRJEB535),protein_coding,trtricprjeb535
TTRE9984,TTRE9984_t1,365,protein_coding,,Trichuris trichiura (PRJEB535),protein_coding,trtricprjeb535
TTRE5325,TTRE5325_t1,226,protein_coding,Protein O glucosyltransferase 1  [Source:UniProtKB/TrEMBL;Acc:A0A077Z689],Trichuris trichiura (PRJEB535),protein_coding,trtricprjeb535
TTRE12643,TTRE12643_t1,2135,protein_coding,,Trichuris trichiura (PRJEB535),protein_coding,trtricprjeb535
TTRE11401,TTRE11401_t1,212,protein_coding,,Trichuris trichiura (PRJEB535),protein_coding,trtricprjeb535
TTRE974,TTRE974_t1,330,protein_coding,,Trichuris trichiura (PRJEB535),protein_coding,trtricprjeb535
TTRE973,TTRE973_t1,300,protein_coding,,Trichuris trichiura (PRJEB535),protein_coding,trtricprjeb535
TTRE10103,TTRE10103_t1,1769,protein_coding,,Trichuris trichiura (PRJEB535),protein_coding,trtricprjeb535
TTRE8599,TTRE8599_t1,794,protein_coding,40S ribosomal protein S4  [Source:UniProtKB/TrEMBL;Acc:A0A077YYV8],Trichuris trichiura (PRJEB535),protein_coding,trtricprjeb535
TTRE6942,TTRE6942_t1,663,protein_coding,,Trichuris trichiura (PRJEB535),protein_coding,trtricprjeb535
TTRE6218,TTRE6218_t1,482,protein_coding,,Trichuris trichiura (PRJEB535),protein_coding,trtricprjeb535
TTRE7580,TTRE7580_t1,143,protein_coding,Skp1-related protein  [Source:UniProtKB/TrEMBL;Acc:A0A077Z5L4],Trichuris trichiura (PRJEB535),protein_coding,trtricprjeb535
TTRE8901,TTRE8901_t1,194,protein_coding,,Trichuris trichiura (PRJEB535),protein_coding,trtricprjeb535
TTRE12649,TTRE12649_t1,280,protein_coding,,Trichuris trichiura (PRJEB535),protein_coding,trtricprjeb535
TTRE1767,TTRE1767_t1,990,protein_coding,,Trichuris trichiura (PRJEB535),protein_coding,trtricprjeb535
TTRE6645,TTRE6645_t1,245,protein_coding,,Trichuris trichiura (PRJEB535),protein_coding,trtricprjeb535
TTRE3899,TTRE3899_t1,1838,protein_coding,,Trichuris trichiura (PRJEB535),protein_coding,trtricprjeb535
TTRE6341,TTRE6341_t1,743,protein_coding,Nicotinamide-nucleotide adenylyltransferase  [Source:UniProtKB/TrEMBL;Acc:A0A077ZK36],Trichuris trichiura (PRJEB535),protein_coding,trtricprjeb535
TTRE2612,TTRE2612_t1,506,protein_coding,,Trichuris trichiura (PRJEB535),protein_coding,trtricprjeb535
TTRE11988,TTRE11988_t1,884,protein_coding,Tau tubulin kinase 1  [Source:UniProtKB/TrEMBL;Acc:A0A077Z8Q5],Trichuris trichiura (PRJEB535),protein_coding,trtricprjeb535
TTRE5310,TTRE5310_t1,182,protein_coding,,Trichuris trichiura (PRJEB535),protein_coding,trtricprjeb535
TTRE4421,TTRE4421_t1,559,protein_coding,threonine--tRNA ligase  [Source:UniProtKB/TrEMBL;Acc:A0A077Z0T5],Trichuris trichiura (PRJEB535),protein_coding,trtricprjeb535
TTRE4361,TTRE4361_t1,141,protein_coding,,Trichuris trichiura (PRJEB535),protein_coding,trtricprjeb535
TTRE6306,TTRE6306_t1,136,protein_coding,,Trichuris trichiura (PRJEB535),protein_coding,trtricprjeb535
TTRE8739,TTRE8739_t1,198,protein_coding,ADP-ribosylation factor 6  [Source:UniProtKB/TrEMBL;Acc:A0A077Z3R1],Trichuris trichiura (PRJEB535),protein_coding,trtricprjeb535
TTRE10217,TTRE10217_t1,320,protein_coding,,Trichuris trichiura (PRJEB535),protein_coding,trtricprjeb535
TTRE87,TTRE87_t1,489,protein_coding,,Trichuris trichiura (PRJEB535),protein_coding,trtricprjeb535
TTRE7311,TTRE7311_t1,246,protein_coding,,Trichuris trichiura (PRJEB535),protein_coding,trtricprjeb535
TTRE3234,TTRE3234_t1,434,protein_coding,,Trichuris trichiura (PRJEB535),protein_coding,trtricprjeb535
TTRE12485,TTRE12485_t1,279,protein_coding,,Trichuris trichiura (PRJEB535),protein_coding,trtricprjeb535
TTRE11802,TTRE11802_t1,134,protein_coding,,Trichuris trichiura (PRJEB535),protein_coding,trtricprjeb535
TTRE4366,TTRE4366_t1,185,protein_coding,Cyclin dependent kinase 5  [Source:UniProtKB/TrEMBL;Acc:A0A077ZL81],Trichuris trichiura (PRJEB535),protein_coding,trtricprjeb535
TTRE4487,TTRE4487_t1,148,protein_coding,Histone H3  [Source:UniProtKB/TrEMBL;Acc:A0A077ZHY3],Trichuris trichiura (PRJEB535),protein_coding,trtricprjeb535
TTRE3754,TTRE3754_t1,571,protein_coding,,Trichuris trichiura (PRJEB535),protein_coding,trtricprjeb535
TTRE7983,TTRE7983_t1,175,protein_coding,,Trichuris trichiura (PRJEB535),protein_coding,trtricprjeb535
TTRE2908,TTRE2908_t1,184,protein_coding,,Trichuris trichiura (PRJEB535),protein_coding,trtricprjeb535
TTRE13,TTRE13_t1,1319,protein_coding,"Splicing factor, arginine:serine rich  [Source:UniProtKB/TrEMBL;Acc:A0A077ZB28]",Trichuris trichiura (PRJEB535),protein_coding,trtricprjeb535
TTRE2088,TTRE2088_t1,277,protein_coding,,Trichuris trichiura (PRJEB535),protein_coding,trtricprjeb535
TTRE1976,TTRE1976_t1,158,protein_coding,ATP synthase F1 subunit epsilon  [Source:UniProtKB/TrEMBL;Acc:A0A077Z2I0],Trichuris trichiura (PRJEB535),protein_coding,trtricprjeb535
TTRE8891,TTRE8891_t1,580,protein_coding,,Trichuris trichiura (PRJEB535),protein_coding,trtricprjeb535
TTRE10121,TTRE10121_t1,315,protein_coding,,Trichuris trichiura (PRJEB535),protein_coding,trtricprjeb535
TTRE12090,TTRE12090_t1,764,protein_coding,,Trichuris trichiura (PRJEB535),protein_coding,trtricprjeb535
TTRE687,TTRE687_t1,325,protein_coding,,Trichuris trichiura (PRJEB535),protein_coding,trtricprjeb535
TTRE11149,TTRE11149_t1,329,protein_coding,,Trichuris trichiura (PRJEB535),protein_coding,trtricprjeb535
TTRE9165,TTRE9165_t1,981,protein_coding,,Trichuris trichiura (PRJEB535),protein_coding,trtricprjeb535
TTRE7771,TTRE7771_t1,185,protein_coding,,Trichuris trichiura (PRJEB535),protein_coding,trtricprjeb535
TTRE8344,TTRE8344_t1,354,protein_coding,26S protease regulatory subunit 6A  [Source:UniProtKB/TrEMBL;Acc:A0A077Z6M6],Trichuris trichiura (PRJEB535),protein_coding,trtricprjeb535
TTRE6144,TTRE6144_t1,160,protein_coding,Zf-RING 2 domain containing protein  [Source:UniProtKB/TrEMBL;Acc:A0A077Z6C7],Trichuris trichiura (PRJEB535),protein_coding,trtricprjeb535
TTRE8987,TTRE8987_t1,896,protein_coding,,Trichuris trichiura (PRJEB535),protein_coding,trtricprjeb535
TTRE11725,TTRE11725_t1,374,protein_coding,,Trichuris trichiura (PRJEB535),protein_coding,trtricprjeb535
TTRE8164,TTRE8164_t1,468,protein_coding,P-type Cu(+) transporter  [Source:UniProtKB/TrEMBL;Acc:A0A077ZAF2],Trichuris trichiura (PRJEB535),protein_coding,trtricprjeb535
TTRE7304,TTRE7304_t1,1272,protein_coding,,Trichuris trichiura (PRJEB535),protein_coding,trtricprjeb535
TTRE9223,TTRE9223_t1,334,protein_coding,,Trichuris trichiura (PRJEB535),protein_coding,trtricprjeb535
TTRE12522,TTRE12522_t1,518,protein_coding,,Trichuris trichiura (PRJEB535),protein_coding,trtricprjeb535
TTRE3965,TTRE3965_t1,372,protein_coding,Apple domain-containing protein  [Source:UniProtKB/TrEMBL;Acc:A0A077Z5J3],Trichuris trichiura (PRJEB535),protein_coding,trtricprjeb535
TTRE2594,TTRE2594_t1,246,protein_coding,,Trichuris trichiura (PRJEB535),protein_coding,trtricprjeb535
TTRE6254,TTRE6254_t1,240,protein_coding,,Trichuris trichiura (PRJEB535),protein_coding,trtricprjeb535
TTRE5972,TTRE5972_t1,850,protein_coding,,Trichuris trichiura (PRJEB535),protein_coding,trtricprjeb535
TTRE2934,TTRE2934_t1,1245,protein_coding,Protein angel 2  [Source:UniProtKB/TrEMBL;Acc:A0A077ZEA8],Trichuris trichiura (PRJEB535),protein_coding,trtricprjeb535
TTRE10396,TTRE10396_t1,245,protein_coding,,Trichuris trichiura (PRJEB535),protein_coding,trtricprjeb535
TTRE8757,TTRE8757_t1,431,protein_coding,,Trichuris trichiura (PRJEB535),protein_coding,trtricprjeb535
TTRE12543,TTRE12543_t1,344,protein_coding,,Trichuris trichiura (PRJEB535),protein_coding,trtricprjeb535
TTRE11606,TTRE11606_t1,321,protein_coding,,Trichuris trichiura (PRJEB535),protein_coding,trtricprjeb535
TTRE7205,TTRE7205_t1,486,protein_coding,,Trichuris trichiura (PRJEB535),protein_coding,trtricprjeb535
TTRE590,TTRE590_t1,228,protein_coding,,Trichuris trichiura (PRJEB535),protein_coding,trtricprjeb535
TTRE11980,TTRE11980_t1,461,protein_coding,,Trichuris trichiura (PRJEB535),protein_coding,trtricprjeb535
TTRE9005,TTRE9005_t1,266,protein_coding,,Trichuris trichiura (PRJEB535),protein_coding,trtricprjeb535
TTRE4937,TTRE4937_t1,769,protein_coding,Innexin  [Source:UniProtKB/TrEMBL;Acc:A0A077Z931],Trichuris trichiura (PRJEB535),protein_coding,trtricprjeb535
TTRE7736,TTRE7736_t1,338,protein_coding,,Trichuris trichiura (PRJEB535),protein_coding,trtricprjeb535
TTRE11246,TTRE11246_t1,515,protein_coding,,Trichuris trichiura (PRJEB535),protein_coding,trtricprjeb535
TTRE5241,TTRE5241_t1,379,protein_coding,,Trichuris trichiura (PRJEB535),protein_coding,trtricprjeb535
TTRE8856,TTRE8856_t1,725,protein_coding,Sodium:calcium exchanger 1  [Source:UniProtKB/TrEMBL;Acc:A0A077YZI9],Trichuris trichiura (PRJEB535),protein_coding,trtricprjeb535
TTRE8181,TTRE8181_t1,258,protein_coding,P53 and DNA damage-regulated protein 1  [Source:UniProtKB/TrEMBL;Acc:A0A077ZB24],Trichuris trichiura (PRJEB535),protein_coding,trtricprjeb535
TTRE4076,TTRE4076_t1,364,protein_coding,,Trichuris trichiura (PRJEB535),protein_coding,trtricprjeb535
TTRE7394,TTRE7394_t1,587,protein_coding,,Trichuris trichiura (PRJEB535),protein_coding,trtricprjeb535
TTRE8183,TTRE8183_t1,371,protein_coding,DUF1713 domain-containing protein  [Source:UniProtKB/TrEMBL;Acc:A0A077ZCF0],Trichuris trichiura (PRJEB535),protein_coding,trtricprjeb535
TTRE4525,TTRE4525_t1,214,protein_coding,,Trichuris trichiura (PRJEB535),protein_coding,trtricprjeb535
TTRE12319,TTRE12319_t1,335,protein_coding,,Trichuris trichiura (PRJEB535),protein_coding,trtricprjeb535
TTRE6246,TTRE6246_t1,176,protein_coding,,Trichuris trichiura (PRJEB535),protein_coding,trtricprjeb535
TTRE2300,TTRE2300_t1,182,protein_coding,Pleckstrin homology domain-containing family A member 8  [Source:UniProtKB/TrEMBL;Acc:A0A077Z7N2],Trichuris trichiura (PRJEB535),protein_coding,trtricprjeb535
TTRE5811,TTRE5811_t1,258,protein_coding,,Trichuris trichiura (PRJEB535),protein_coding,trtricprjeb535
TTRE6667,TTRE6667_t1,752,protein_coding,,Trichuris trichiura (PRJEB535),protein_coding,trtricprjeb535
TTRE8900,TTRE8900_t1,359,protein_coding,,Trichuris trichiura (PRJEB535),protein_coding,trtricprjeb535
TTRE3577,TTRE3577_t1,241,protein_coding,T-complex protein 1 subunit delta  [Source:UniProtKB/TrEMBL;Acc:A0A077YVX7],Trichuris trichiura (PRJEB535),protein_coding,trtricprjeb535
TTRE7501,TTRE7501_t1,758,protein_coding,,Trichuris trichiura (PRJEB535),protein_coding,trtricprjeb535
TTRE5954,TTRE5954_t1,728,protein_coding,,Trichuris trichiura (PRJEB535),protein_coding,trtricprjeb535
TTRE6298,TTRE6298_t1,641,protein_coding,,Trichuris trichiura (PRJEB535),protein_coding,trtricprjeb535
TTRE9408,TTRE9408_t1,330,protein_coding,,Trichuris trichiura (PRJEB535),protein_coding,trtricprjeb535
TTRE3381,TTRE3381_t1,259,protein_coding,,Trichuris trichiura (PRJEB535),protein_coding,trtricprjeb535
TTRE12307,TTRE12307_t1,473,protein_coding,,Trichuris trichiura (PRJEB535),protein_coding,trtricprjeb535
TTRE8716,TTRE8716_t1,216,protein_coding,,Trichuris trichiura (PRJEB535),protein_coding,trtricprjeb535
TTRE431,TTRE431_t1,1118,protein_coding,,Trichuris trichiura (PRJEB535),protein_coding,trtricprjeb535
TTRE7404,TTRE7404_t1,229,protein_coding,,Trichuris trichiura (PRJEB535),protein_coding,trtricprjeb535
TTRE10409,TTRE10409_t1,698,protein_coding,,Trichuris trichiura (PRJEB535),protein_coding,trtricprjeb535
TTRE4146,TTRE4146_t1,351,protein_coding,,Trichuris trichiura (PRJEB535),protein_coding,trtricprjeb535
TTRE3205,TTRE3205_t1,206,protein_coding,,Trichuris trichiura (PRJEB535),protein_coding,trtricprjeb535
TTRE8880,TTRE8880_t1,144,protein_coding,,Trichuris trichiura (PRJEB535),protein_coding,trtricprjeb535
TTRE11348,TTRE11348_t1,98,protein_coding,,Trichuris trichiura (PRJEB535),protein_coding,trtricprjeb535
TTRE9531,TTRE9531_t1,1472,protein_coding,,Trichuris trichiura (PRJEB535),protein_coding,trtricprjeb535
TTRE7634,TTRE7634_t1,634,protein_coding,,Trichuris trichiura (PRJEB535),protein_coding,trtricprjeb535
TTRE8808,TTRE8808_t1,264,protein_coding,,Trichuris trichiura (PRJEB535),protein_coding,trtricprjeb535
TTRE9555,TTRE9555_t1,1036,protein_coding,,Trichuris trichiura (PRJEB535),protein_coding,trtricprjeb535
TTRE7330,TTRE7330_t1,743,protein_coding,,Trichuris trichiura (PRJEB535),protein_coding,trtricprjeb535
TTRE2810,TTRE2810_t1,265,protein_coding,,Trichuris trichiura (PRJEB535),protein_coding,trtricprjeb535
TTRE3566,TTRE3566_t1,131,protein_coding,,Trichuris trichiura (PRJEB535),protein_coding,trtricprjeb535
TTRE4301,TTRE4301_t1,302,protein_coding,,Trichuris trichiura (PRJEB535),protein_coding,trtricprjeb535
TTRE2834,TTRE2834_t1,158,protein_coding,COP9 signalosome complex subunit 3  [Source:UniProtKB/TrEMBL;Acc:A0A077ZAR7],Trichuris trichiura (PRJEB535),protein_coding,trtricprjeb535
TTRE8692,TTRE8692_t1,661,protein_coding,Palmitoyltransferase  [Source:UniProtKB/TrEMBL;Acc:A0A077Z7J2],Trichuris trichiura (PRJEB535),protein_coding,trtricprjeb535
TTRE7598,TTRE7598_t1,372,protein_coding,,Trichuris trichiura (PRJEB535),protein_coding,trtricprjeb535
TTRE10996,TTRE10996_t1,292,protein_coding,,Trichuris trichiura (PRJEB535),protein_coding,trtricprjeb535
TTRE11562,TTRE11562_t1,1184,protein_coding,Lig_chan-Glu_bd domain-containing protein  [Source:UniProtKB/TrEMBL;Acc:A0A077YX72],Trichuris trichiura (PRJEB535),protein_coding,trtricprjeb535
TTRE9805,TTRE9805_t1,1109,protein_coding,EFF-AFF domain containing protein  [Source:UniProtKB/TrEMBL;Acc:A0A077Z588],Trichuris trichiura (PRJEB535),protein_coding,trtricprjeb535
TTRE2417,TTRE2417_t1,590,protein_coding,,Trichuris trichiura (PRJEB535),protein_coding,trtricprjeb535
TTRE12303,TTRE12303_t1,119,protein_coding,,Trichuris trichiura (PRJEB535),protein_coding,trtricprjeb535
TTRE1189,TTRE1189_t1,329,protein_coding,,Trichuris trichiura (PRJEB535),protein_coding,trtricprjeb535
TTRE7270,TTRE7270_t1,461,protein_coding,,Trichuris trichiura (PRJEB535),protein_coding,trtricprjeb535
TTRE10754,TTRE10754_t1,383,protein_coding,,Trichuris trichiura (PRJEB535),protein_coding,trtricprjeb535
TTRE12230,TTRE12230_t1,539,protein_coding,Homeobox protein SIX4  [Source:UniProtKB/TrEMBL;Acc:A0A077ZAZ8],Trichuris trichiura (PRJEB535),protein_coding,trtricprjeb535
TTRE11505,TTRE11505_t1,1013,protein_coding,,Trichuris trichiura (PRJEB535),protein_coding,trtricprjeb535
TTRE2426,TTRE2426_t1,721,protein_coding,,Trichuris trichiura (PRJEB535),protein_coding,trtricprjeb535
TTRE12111,TTRE12111_t1,331,protein_coding,,Trichuris trichiura (PRJEB535),protein_coding,trtricprjeb535
TTRE12566,TTRE12566_t1,2468,protein_coding,,Trichuris trichiura (PRJEB535),protein_coding,trtricprjeb535
TTRE3862,TTRE3862_t1,833,protein_coding,,Trichuris trichiura (PRJEB535),protein_coding,trtricprjeb535
TTRE1172,TTRE1172_t1,280,protein_coding,,Trichuris trichiura (PRJEB535),protein_coding,trtricprjeb535
TTRE5299,TTRE5299_t1,212,protein_coding,,Trichuris trichiura (PRJEB535),protein_coding,trtricprjeb535
TTRE10980,TTRE10980_t1,210,protein_coding,Deoxycytidylate deaminase  [Source:UniProtKB/TrEMBL;Acc:A0A077YXK7],Trichuris trichiura (PRJEB535),protein_coding,trtricprjeb535
TTRE8063,TTRE8063_t1,172,protein_coding,Macrophage migration inhibitory factor homolog  [Source:UniProtKB/Swiss-Prot;Acc:P81748],Trichuris trichiura (PRJEB535),protein_coding,trtricprjeb535
TTRE2693,TTRE2693_t2,272,protein_coding,,Trichuris trichiura (PRJEB535),protein_coding,trtricprjeb535
TTRE7240,TTRE7240_t1,473,protein_coding,,Trichuris trichiura (PRJEB535),protein_coding,trtricprjeb535
TTRE3028,TTRE3028_t1,377,protein_coding,Ragulator complex protein LAMTOR2  [Source:UniProtKB/TrEMBL;Acc:A0A077ZKE6],Trichuris trichiura (PRJEB535),protein_coding,trtricprjeb535
TTRE6851,TTRE6851_t1,269,protein_coding,,Trichuris trichiura (PRJEB535),protein_coding,trtricprjeb535
TTRE2840,TTRE2840_t2,839,protein_coding,,Trichuris trichiura (PRJEB535),protein_coding,trtricprjeb535
TTRE10300,TTRE10300_t1,665,protein_coding,,Trichuris trichiura (PRJEB535),protein_coding,trtricprjeb535
TTRE6159,TTRE6159_t1,225,protein_coding,,Trichuris trichiura (PRJEB535),protein_coding,trtricprjeb535
TTRE8658,TTRE8658_t1,232,protein_coding,,Trichuris trichiura (PRJEB535),protein_coding,trtricprjeb535
TTRE7854,TTRE7854_t1,307,protein_coding,,Trichuris trichiura (PRJEB535),protein_coding,trtricprjeb535
TTRE9570,TTRE9570_t1,2884,protein_coding,,Trichuris trichiura (PRJEB535),protein_coding,trtricprjeb535
TTRE3087,TTRE3087_t1,213,protein_coding,,Trichuris trichiura (PRJEB535),protein_coding,trtricprjeb535
TTRE12629,TTRE12629_t1,212,protein_coding,Ank 2 and Ank domain containing protein  [Source:UniProtKB/TrEMBL;Acc:A0A077ZI24],Trichuris trichiura (PRJEB535),protein_coding,trtricprjeb535
TTRE4908,TTRE4908_t1,788,protein_coding,,Trichuris trichiura (PRJEB535),protein_coding,trtricprjeb535
TTRE11687,TTRE11687_t1,407,protein_coding,,Trichuris trichiura (PRJEB535),protein_coding,trtricprjeb535
TTRE11089,TTRE11089_t1,299,protein_coding,,Trichuris trichiura (PRJEB535),protein_coding,trtricprjeb535
TTRE355,TTRE355_t1,683,protein_coding,,Trichuris trichiura (PRJEB535),protein_coding,trtricprjeb535
TTRE11960,TTRE11960_t1,236,protein_coding,,Trichuris trichiura (PRJEB535),protein_coding,trtricprjeb535
TTRE3316,TTRE3316_t1,193,protein_coding,,Trichuris trichiura (PRJEB535),protein_coding,trtricprjeb535
TTRE2366,TTRE2366_t1,193,protein_coding,Peptidase M28 domain containing protein  [Source:UniProtKB/TrEMBL;Acc:A0A077ZEF2],Trichuris trichiura (PRJEB535),protein_coding,trtricprjeb535
TTRE11983,TTRE11983_t1,461,protein_coding,,Trichuris trichiura (PRJEB535),protein_coding,trtricprjeb535
TTRE2685,TTRE2685_t1,628,protein_coding,,Trichuris trichiura (PRJEB535),protein_coding,trtricprjeb535
TTRE519,TTRE519_t1,267,protein_coding,,Trichuris trichiura (PRJEB535),protein_coding,trtricprjeb535
TTRE6440,TTRE6440_t1,154,protein_coding,NTF2 domain containing protein  [Source:UniProtKB/TrEMBL;Acc:A0A077ZMP3],Trichuris trichiura (PRJEB535),protein_coding,trtricprjeb535
TTRE1673,TTRE1673_t1,634,protein_coding,,Trichuris trichiura (PRJEB535),protein_coding,trtricprjeb535
TTRE7790,TTRE7790_t1,185,protein_coding,,Trichuris trichiura (PRJEB535),protein_coding,trtricprjeb535
TTRE1107,TTRE1107_t1,244,protein_coding,NADH ubiquinone oxidoreductase ASHI subunit  [Source:UniProtKB/TrEMBL;Acc:A0A077ZMI1],Trichuris trichiura (PRJEB535),protein_coding,trtricprjeb535
TTRE4213,TTRE4213_t1,1322,protein_coding,,Trichuris trichiura (PRJEB535),protein_coding,trtricprjeb535
TTRE12377,TTRE12377_t1,842,protein_coding,,Trichuris trichiura (PRJEB535),protein_coding,trtricprjeb535
TTRE11939,TTRE11939_t1,794,protein_coding,,Trichuris trichiura (PRJEB535),protein_coding,trtricprjeb535
TTRE7,TTRE7_t1,408,protein_coding,,Trichuris trichiura (PRJEB535),protein_coding,trtricprjeb535
TTRE9553,TTRE9553_t1,269,protein_coding,,Trichuris trichiura (PRJEB535),protein_coding,trtricprjeb535
TTRE7741,TTRE7741_t1,410,protein_coding,Histone H3  [Source:UniProtKB/TrEMBL;Acc:A0A077ZKR5],Trichuris trichiura (PRJEB535),protein_coding,trtricprjeb535
TTRE4622,TTRE4622_t1,434,protein_coding,PITH domain-containing protein  [Source:UniProtKB/TrEMBL;Acc:A0A077ZC43],Trichuris trichiura (PRJEB535),protein_coding,trtricprjeb535
TTRE5043,TTRE5043_t1,461,protein_coding,,Trichuris trichiura (PRJEB535),protein_coding,trtricprjeb535
TTRE8421,TTRE8421_t1,356,protein_coding,,Trichuris trichiura (PRJEB535),protein_coding,trtricprjeb535
TTRE12426,TTRE12426_t1,152,protein_coding,,Trichuris trichiura (PRJEB535),protein_coding,trtricprjeb535
TTRE5422,TTRE5422_t1,251,protein_coding,,Trichuris trichiura (PRJEB535),protein_coding,trtricprjeb535
TTRE2876,TTRE2876_t1,252,protein_coding,ribose-phosphate diphosphokinase  [Source:UniProtKB/TrEMBL;Acc:A0A077Z3R4],Trichuris trichiura (PRJEB535),protein_coding,trtricprjeb535
TTRE3093,TTRE3093_t1,339,protein_coding,"Succinate dehydrogenase cytochrome b560 subunit, mitochondrial  [Source:UniProtKB/TrEMBL;Acc:A0A077YWQ6]",Trichuris trichiura (PRJEB535),protein_coding,trtricprjeb535
TTRE12537,TTRE12537_t1,353,protein_coding,,Trichuris trichiura (PRJEB535),protein_coding,trtricprjeb535
TTRE3819,TTRE3819_t1,132,protein_coding,"ATP synthase subunit O, mitochondrial  [Source:UniProtKB/TrEMBL;Acc:A0A077ZJV5]",Trichuris trichiura (PRJEB535),protein_coding,trtricprjeb535
TTRE6690,TTRE6690_t1,729,protein_coding,,Trichuris trichiura (PRJEB535),protein_coding,trtricprjeb535
TTRE11877,TTRE11877_t1,540,protein_coding,,Trichuris trichiura (PRJEB535),protein_coding,trtricprjeb535
TTRE9024,TTRE9024_t1,213,protein_coding,,Trichuris trichiura (PRJEB535),protein_coding,trtricprjeb535
TTRE1652,TTRE1652_t1,307,protein_coding,,Trichuris trichiura (PRJEB535),protein_coding,trtricprjeb535
TTRE10238,TTRE10238_t1,917,protein_coding,,Trichuris trichiura (PRJEB535),protein_coding,trtricprjeb535
TTRE7708,TTRE7708_t1,428,protein_coding,,Trichuris trichiura (PRJEB535),protein_coding,trtricprjeb535
TTRE11645,TTRE11645_t1,392,protein_coding,,Trichuris trichiura (PRJEB535),protein_coding,trtricprjeb535
TTRE2508,TTRE2508_t1,263,protein_coding,SUZ domain containing protein  [Source:UniProtKB/TrEMBL;Acc:A0A077YY70],Trichuris trichiura (PRJEB535),protein_coding,trtricprjeb535
TTRE7313,TTRE7313_t1,1165,protein_coding,,Trichuris trichiura (PRJEB535),protein_coding,trtricprjeb535
TTRE3224,TTRE3224_t1,1136,protein_coding,,Trichuris trichiura (PRJEB535),protein_coding,trtricprjeb535
TTRE8946,TTRE8946_t1,244,protein_coding,,Trichuris trichiura (PRJEB535),protein_coding,trtricprjeb535
TTRE3191,TTRE3191_t1,347,protein_coding,,Trichuris trichiura (PRJEB535),protein_coding,trtricprjeb535
TTRE2823,TTRE2823_t1,311,protein_coding,,Trichuris trichiura (PRJEB535),protein_coding,trtricprjeb535
TTRE1504,TTRE1504_t1,1685,protein_coding,CTP synthase  [Source:UniProtKB/TrEMBL;Acc:A0A077ZF67],Trichuris trichiura (PRJEB535),protein_coding,trtricprjeb535
TTRE8068,TTRE8068_t1,368,protein_coding,,Trichuris trichiura (PRJEB535),protein_coding,trtricprjeb535
TTRE8851,TTRE8851_t1,247,protein_coding,,Trichuris trichiura (PRJEB535),protein_coding,trtricprjeb535
TTRE3786,TTRE3786_t1,207,protein_coding,Transgelin  [Source:UniProtKB/TrEMBL;Acc:A0A077Z328],Trichuris trichiura (PRJEB535),protein_coding,trtricprjeb535
TTRE10283,TTRE10283_t1,197,protein_coding,,Trichuris trichiura (PRJEB535),protein_coding,trtricprjeb535
TTRE10483,TTRE10483_t1,467,protein_coding,,Trichuris trichiura (PRJEB535),protein_coding,trtricprjeb535
TTRE3779,TTRE3779_t1,1937,protein_coding,Folliculin  [Source:UniProtKB/TrEMBL;Acc:A0A077Z1R3],Trichuris trichiura (PRJEB535),protein_coding,trtricprjeb535
TTRE1179,TTRE1179_t1,386,protein_coding,Protein yippee-like  [Source:UniProtKB/TrEMBL;Acc:A0A077ZAD4],Trichuris trichiura (PRJEB535),protein_coding,trtricprjeb535
TTRE3850,TTRE3850_t1,239,protein_coding,"39S ribosomal protein L16, mitochondrial  [Source:UniProtKB/TrEMBL;Acc:A0A077Z772]",Trichuris trichiura (PRJEB535),protein_coding,trtricprjeb535
TTRE11517,TTRE11517_t1,215,protein_coding,,Trichuris trichiura (PRJEB535),protein_coding,trtricprjeb535
TTRE11064,TTRE11064_t1,578,protein_coding,,Trichuris trichiura (PRJEB535),protein_coding,trtricprjeb535
TTRE1478,TTRE1478_t1,167,protein_coding,,Trichuris trichiura (PRJEB535),protein_coding,trtricprjeb535
TTRE10847,TTRE10847_t1,3632,protein_coding,,Trichuris trichiura (PRJEB535),protein_coding,trtricprjeb535
TTRE6377,TTRE6377_t1,880,protein_coding,,Trichuris trichiura (PRJEB535),protein_coding,trtricprjeb535
TTRE8630,TTRE8630_t1,467,protein_coding,Arrestin C and Arrestin N domain containing prote in  [Source:UniProtKB/TrEMBL;Acc:A0A077Z6S7],Trichuris trichiura (PRJEB535),protein_coding,trtricprjeb535
TTRE1077,TTRE1077_t1,143,protein_coding,RNA polymerase II subunit A C-terminal domain phosphatase SSU72  [Source:UniProtKB/TrEMBL;Acc:A0A077ZI78],Trichuris trichiura (PRJEB535),protein_coding,trtricprjeb535
TTRE4342,TTRE4342_t1,1420,protein_coding,Nuclear hormone receptor family member nhr-25  [Source:UniProtKB/TrEMBL;Acc:A0A077YXL0],Trichuris trichiura (PRJEB535),protein_coding,trtricprjeb535
TTRE7365,TTRE7365_t1,704,protein_coding,,Trichuris trichiura (PRJEB535),protein_coding,trtricprjeb535
TTRE9799,TTRE9799_t1,182,protein_coding,,Trichuris trichiura (PRJEB535),protein_coding,trtricprjeb535
TTRE1415,TTRE1415_t1,1046,protein_coding,,Trichuris trichiura (PRJEB535),protein_coding,trtricprjeb535
TTRE4350,TTRE4350_t1,182,protein_coding,,Trichuris trichiura (PRJEB535),protein_coding,trtricprjeb535
TTRE7583,TTRE7583_t1,621,protein_coding,,Trichuris trichiura (PRJEB535),protein_coding,trtricprjeb535
TTRE7645,TTRE7645_t1,240,protein_coding,,Trichuris trichiura (PRJEB535),protein_coding,trtricprjeb535
TTRE10216,TTRE10216_t1,1995,protein_coding,,Trichuris trichiura (PRJEB535),protein_coding,trtricprjeb535
TTRE580,TTRE580_t1,389,protein_coding,,Trichuris trichiura (PRJEB535),protein_coding,trtricprjeb535
TTRE2111,TTRE2111_t1,551,protein_coding,,Trichuris trichiura (PRJEB535),protein_coding,trtricprjeb535
TTRE10819,TTRE10819_t1,383,protein_coding,,Trichuris trichiura (PRJEB535),protein_coding,trtricprjeb535
TTRE11589,TTRE11589_t1,1709,protein_coding,,Trichuris trichiura (PRJEB535),protein_coding,trtricprjeb535
TTRE6111,TTRE6111_t1,2327,protein_coding,,Trichuris trichiura (PRJEB535),protein_coding,trtricprjeb535
TTRE2579,TTRE2579_t1,456,protein_coding,,Trichuris trichiura (PRJEB535),protein_coding,trtricprjeb535
TTRE12146,TTRE12146_t1,302,protein_coding,,Trichuris trichiura (PRJEB535),protein_coding,trtricprjeb535
TTRE4190,TTRE4190_t1,169,protein_coding,UFD1 domain containing protein  [Source:UniProtKB/TrEMBL;Acc:A0A077Z1H1],Trichuris trichiura (PRJEB535),protein_coding,trtricprjeb535
TTRE10827,TTRE10827_t1,508,protein_coding,,Trichuris trichiura (PRJEB535),protein_coding,trtricprjeb535
TTRE4770,TTRE4770_t1,938,protein_coding,,Trichuris trichiura (PRJEB535),protein_coding,trtricprjeb535
TTRE3026,TTRE3026_t1,218,protein_coding,,Trichuris trichiura (PRJEB535),protein_coding,trtricprjeb535
TTRE3371,TTRE3371_t1,536,protein_coding,,Trichuris trichiura (PRJEB535),protein_coding,trtricprjeb535
TTRE5930,TTRE5930_t1,443,protein_coding,,Trichuris trichiura (PRJEB535),protein_coding,trtricprjeb535
TTRE11862,TTRE11862_t1,388,protein_coding,Ribulose-phosphate 3-epimerase  [Source:UniProtKB/TrEMBL;Acc:A0A077ZAN2],Trichuris trichiura (PRJEB535),protein_coding,trtricprjeb535
TTRE9723,TTRE9723_t1,537,protein_coding,Alpha:beta hydrolase fold protein  [Source:UniProtKB/TrEMBL;Acc:A0A077Z2R1],Trichuris trichiura (PRJEB535),protein_coding,trtricprjeb535
TTRE6123,TTRE6123_t1,125,protein_coding,,Trichuris trichiura (PRJEB535),protein_coding,trtricprjeb535
TTRE3515,TTRE3515_t1,327,protein_coding,PRKCA-binding protein  [Source:UniProtKB/TrEMBL;Acc:A0A077Z763],Trichuris trichiura (PRJEB535),protein_coding,trtricprjeb535
TTRE7267,TTRE7267_t1,2899,protein_coding,,Trichuris trichiura (PRJEB535),protein_coding,trtricprjeb535
TTRE4518,TTRE4518_t1,430,protein_coding,,Trichuris trichiura (PRJEB535),protein_coding,trtricprjeb535
TTRE2216,TTRE2216_t1,230,protein_coding,,Trichuris trichiura (PRJEB535),protein_coding,trtricprjeb535
TTRE12145,TTRE12145_t1,1040,protein_coding,,Trichuris trichiura (PRJEB535),protein_coding,trtricprjeb535
TTRE11905,TTRE11905_t1,829,protein_coding,,Trichuris trichiura (PRJEB535),protein_coding,trtricprjeb535
TTRE4856,TTRE4856_t1,283,protein_coding,,Trichuris trichiura (PRJEB535),protein_coding,trtricprjeb535
TTRE2853,TTRE2853_t1,228,protein_coding,,Trichuris trichiura (PRJEB535),protein_coding,trtricprjeb535
TTRE8619,TTRE8619_t1,305,protein_coding,,Trichuris trichiura (PRJEB535),protein_coding,trtricprjeb535
TTRE12057,TTRE12057_t1,354,protein_coding,,Trichuris trichiura (PRJEB535),protein_coding,trtricprjeb535
TTRE6798,TTRE6798_t1,3122,protein_coding,,Trichuris trichiura (PRJEB535),protein_coding,trtricprjeb535
TTRE4488,TTRE4488_t1,215,protein_coding,,Trichuris trichiura (PRJEB535),protein_coding,trtricprjeb535
TTRE3398,TTRE3398_t1,781,protein_coding,,Trichuris trichiura (PRJEB535),protein_coding,trtricprjeb535
TTRE11865,TTRE11865_t1,845,protein_coding,,Trichuris trichiura (PRJEB535),protein_coding,trtricprjeb535
TTRE4538,TTRE4538_t1,440,protein_coding,,Trichuris trichiura (PRJEB535),protein_coding,trtricprjeb535
TTRE8401,TTRE8401_t1,123,protein_coding,,Trichuris trichiura (PRJEB535),protein_coding,trtricprjeb535
TTRE572,TTRE572_t1,268,protein_coding,,Trichuris trichiura (PRJEB535),protein_coding,trtricprjeb535
TTRE6652,TTRE6652_t1,470,protein_coding,,Trichuris trichiura (PRJEB535),protein_coding,trtricprjeb535
TTRE710,TTRE710_t1,144,protein_coding,,Trichuris trichiura (PRJEB535),protein_coding,trtricprjeb535
TTRE1292,TTRE1292_t1,293,protein_coding,E3 ubiquitin-protein ligase  [Source:UniProtKB/TrEMBL;Acc:A0A077ZK05],Trichuris trichiura (PRJEB535),protein_coding,trtricprjeb535
TTRE6027,TTRE6027_t1,359,protein_coding,,Trichuris trichiura (PRJEB535),protein_coding,trtricprjeb535
TTRE6082,TTRE6082_t1,3887,protein_coding,,Trichuris trichiura (PRJEB535),protein_coding,trtricprjeb535
TTRE5469,TTRE5469_t1,634,protein_coding,,Trichuris trichiura (PRJEB535),protein_coding,trtricprjeb535
TTRE5753,TTRE5753_t1,811,protein_coding,,Trichuris trichiura (PRJEB535),protein_coding,trtricprjeb535
TTRE588,TTRE588_t1,793,protein_coding,Methyltransf 21 domain containing protein  [Source:UniProtKB/TrEMBL;Acc:A0A077YXS1],Trichuris trichiura (PRJEB535),protein_coding,trtricprjeb535
TTRE9473,TTRE9473_t1,530,protein_coding,,Trichuris trichiura (PRJEB535),protein_coding,trtricprjeb535
TTRE3904,TTRE3904_t1,206,protein_coding,,Trichuris trichiura (PRJEB535),protein_coding,trtricprjeb535
TTRE12528,TTRE12528_t1,2309,protein_coding,,Trichuris trichiura (PRJEB535),protein_coding,trtricprjeb535
TTRE4633,TTRE4633_t1,357,protein_coding,Nuclear pore complex protein Nup133  [Source:UniProtKB/TrEMBL;Acc:A0A077Z606],Trichuris trichiura (PRJEB535),protein_coding,trtricprjeb535
TTRE2069,TTRE2069_t1,225,protein_coding,Myoglobin  [Source:UniProtKB/TrEMBL;Acc:A0A077ZHY0],Trichuris trichiura (PRJEB535),protein_coding,trtricprjeb535
TTRE12077,TTRE12077_t1,316,protein_coding,,Trichuris trichiura (PRJEB535),protein_coding,trtricprjeb535
TTRE7124,TTRE7124_t1,517,protein_coding,Regulator of rDNA transcription protein 15  [Source:UniProtKB/TrEMBL;Acc:A0A077ZMJ6],Trichuris trichiura (PRJEB535),protein_coding,trtricprjeb535
TTRE2322,TTRE2322_t1,285,protein_coding,Phosphoglucomutase  [Source:UniProtKB/TrEMBL;Acc:A0A077Z5X3],Trichuris trichiura (PRJEB535),protein_coding,trtricprjeb535
TTRE4345,TTRE4345_t1,403,protein_coding,Ge1_WD40 domain-containing protein  [Source:UniProtKB/TrEMBL;Acc:A0A077Z1M4],Trichuris trichiura (PRJEB535),protein_coding,trtricprjeb535
TTRE831,TTRE831_t1,222,protein_coding,,Trichuris trichiura (PRJEB535),protein_coding,trtricprjeb535
TTRE6248,TTRE6248_t1,848,protein_coding,,Trichuris trichiura (PRJEB535),protein_coding,trtricprjeb535
TTRE11365,TTRE11365_t1,527,protein_coding,,Trichuris trichiura (PRJEB535),protein_coding,trtricprjeb535
TTRE463,TTRE463_t1,415,protein_coding,ULP_PROTEASE domain-containing protein  [Source:UniProtKB/TrEMBL;Acc:A0A077ZCV7],Trichuris trichiura (PRJEB535),protein_coding,trtricprjeb535
TTRE2538,TTRE2538_t1,319,protein_coding,Uracil-DNA glycosylase  [Source:UniProtKB/TrEMBL;Acc:A0A077ZD33],Trichuris trichiura (PRJEB535),protein_coding,trtricprjeb535
TTRE10313,TTRE10313_t1,575,protein_coding,,Trichuris trichiura (PRJEB535),protein_coding,trtricprjeb535
TTRE5512,TTRE5512_t1,328,protein_coding,PAN domain protein  [Source:UniProtKB/TrEMBL;Acc:A0A077Z5D5],Trichuris trichiura (PRJEB535),protein_coding,trtricprjeb535
TTRE5257,TTRE5257_t1,266,protein_coding,TIL domain containing protein  [Source:UniProtKB/TrEMBL;Acc:A0A077Z4Z9],Trichuris trichiura (PRJEB535),protein_coding,trtricprjeb535
TTRE6388,TTRE6388_t1,794,protein_coding,,Trichuris trichiura (PRJEB535),protein_coding,trtricprjeb535
TTRE868,TTRE868_t1,256,protein_coding,Guanine nucleotide exchange factor VAV2  [Source:UniProtKB/TrEMBL;Acc:A0A077ZK30],Trichuris trichiura (PRJEB535),protein_coding,trtricprjeb535
TTRE354,TTRE354_t1,287,protein_coding,Actin-related protein 2/3 complex subunit  [Source:UniProtKB/TrEMBL;Acc:A0A077Z2Y5],Trichuris trichiura (PRJEB535),protein_coding,trtricprjeb535
TTRE2262,TTRE2262_t1,362,protein_coding,Acid ceramidase  [Source:UniProtKB/TrEMBL;Acc:A0A077Z1B3],Trichuris trichiura (PRJEB535),protein_coding,trtricprjeb535
TTRE4152,TTRE4152_t1,427,protein_coding,"alpha-1,2-Mannosidase  [Source:UniProtKB/TrEMBL;Acc:A0A077YXV3]",Trichuris trichiura (PRJEB535),protein_coding,trtricprjeb535
TTRE8398,TTRE8398_t1,202,protein_coding,,Trichuris trichiura (PRJEB535),protein_coding,trtricprjeb535
TTRE4145,TTRE4145_t1,282,protein_coding,Collagen type IV alpha 3 binding protein  [Source:UniProtKB/TrEMBL;Acc:A0A077Z346],Trichuris trichiura (PRJEB535),protein_coding,trtricprjeb535
TTRE3145,TTRE3145_t1,1072,protein_coding,WD40 domain containing protein  [Source:UniProtKB/TrEMBL;Acc:A0A077Z2K5],Trichuris trichiura (PRJEB535),protein_coding,trtricprjeb535
TTRE9937,TTRE9937_t1,368,protein_coding,,Trichuris trichiura (PRJEB535),protein_coding,trtricprjeb535
TTRE8162,TTRE8162_t1,309,protein_coding,,Trichuris trichiura (PRJEB535),protein_coding,trtricprjeb535
TTRE8492,TTRE8492_t1,941,protein_coding,,Trichuris trichiura (PRJEB535),protein_coding,trtricprjeb535
TTRE1938,TTRE1938_t1,698,protein_coding,HAD 2 domain containing protein  [Source:UniProtKB/TrEMBL;Acc:A0A077Z0R5],Trichuris trichiura (PRJEB535),protein_coding,trtricprjeb535
TTRE3052,TTRE3052_t1,587,protein_coding,RNA-binding protein Nova-1  [Source:UniProtKB/TrEMBL;Acc:A0A077ZE09],Trichuris trichiura (PRJEB535),protein_coding,trtricprjeb535
TTRE9212,TTRE9212_t1,329,protein_coding,,Trichuris trichiura (PRJEB535),protein_coding,trtricprjeb535
TTRE2378,TTRE2378_t1,256,protein_coding,Pre-mRNA-processing factor 19  [Source:UniProtKB/TrEMBL;Acc:A0A077ZB22],Trichuris trichiura (PRJEB535),protein_coding,trtricprjeb535
TTRE12223,TTRE12223_t1,215,protein_coding,,Trichuris trichiura (PRJEB535),protein_coding,trtricprjeb535
TTRE3475,TTRE3475_t1,186,protein_coding,Ubiquitin conjugating enzyme E2 L3  [Source:UniProtKB/TrEMBL;Acc:A0A077ZG43],Trichuris trichiura (PRJEB535),protein_coding,trtricprjeb535
TTRE2954,TTRE2954_t1,366,protein_coding,Proteasome subunit alpha type 3  [Source:UniProtKB/TrEMBL;Acc:A0A077Z7L4],Trichuris trichiura (PRJEB535),protein_coding,trtricprjeb535
TTRE4745,TTRE4745_t1,197,protein_coding,,Trichuris trichiura (PRJEB535),protein_coding,trtricprjeb535
TTRE4344,TTRE4344_t1,361,protein_coding,Heat shock protein beta-1  [Source:UniProtKB/TrEMBL;Acc:A0A077Z0R6],Trichuris trichiura (PRJEB535),protein_coding,trtricprjeb535
TTRE8638,TTRE8638_t1,603,protein_coding,Epoxide hydrolase  [Source:UniProtKB/TrEMBL;Acc:A0A077Z1J8],Trichuris trichiura (PRJEB535),protein_coding,trtricprjeb535
TTRE2446,TTRE2446_t1,476,protein_coding,,Trichuris trichiura (PRJEB535),protein_coding,trtricprjeb535
TTRE3924,TTRE3924_t1,330,protein_coding,,Trichuris trichiura (PRJEB535),protein_coding,trtricprjeb535
TTRE10869,TTRE10869_t1,97,protein_coding,,Trichuris trichiura (PRJEB535),protein_coding,trtricprjeb535
TTRE6767,TTRE6767_t1,320,protein_coding,,Trichuris trichiura (PRJEB535),protein_coding,trtricprjeb535
TTRE10084,TTRE10084_t1,401,protein_coding,,Trichuris trichiura (PRJEB535),protein_coding,trtricprjeb535
TTRE3197,TTRE3197_t1,343,protein_coding,receptor protein serine/threonine kinase  [Source:UniProtKB/TrEMBL;Acc:A0A077Z1P3],Trichuris trichiura (PRJEB535),protein_coding,trtricprjeb535
TTRE3883,TTRE3883_t1,347,protein_coding,Nudix hydrolase 6  [Source:UniProtKB/TrEMBL;Acc:A0A077ZD70],Trichuris trichiura (PRJEB535),protein_coding,trtricprjeb535
TTRE6471,TTRE6471_t1,353,protein_coding,,Trichuris trichiura (PRJEB535),protein_coding,trtricprjeb535
TTRE114,TTRE114_t1,590,protein_coding,,Trichuris trichiura (PRJEB535),protein_coding,trtricprjeb535
TTRE9497,TTRE9497_t1,848,protein_coding,,Trichuris trichiura (PRJEB535),protein_coding,trtricprjeb535
TTRE2470,TTRE2470_t1,271,protein_coding,Calmodulin binding transcription activator  [Source:UniProtKB/TrEMBL;Acc:A0A077Z497],Trichuris trichiura (PRJEB535),protein_coding,trtricprjeb535
TTRE11090,TTRE11090_t1,455,protein_coding,,Trichuris trichiura (PRJEB535),protein_coding,trtricprjeb535
TTRE10204,TTRE10204_t1,1778,protein_coding,,Trichuris trichiura (PRJEB535),protein_coding,trtricprjeb535
TTRE4071,TTRE4071_t1,2345,protein_coding,EST1 DNA bind domain containing protein  [Source:UniProtKB/TrEMBL;Acc:A0A077ZAY7],Trichuris trichiura (PRJEB535),protein_coding,trtricprjeb535
TTRE9505,TTRE9505_t1,1458,protein_coding,Transmembrane protein  [Source:UniProtKB/TrEMBL;Acc:A0A077ZGJ9],Trichuris trichiura (PRJEB535),protein_coding,trtricprjeb535
TTRE8097,TTRE8097_t1,1133,protein_coding,,Trichuris trichiura (PRJEB535),protein_coding,trtricprjeb535
TTRE7381,TTRE7381_t1,296,protein_coding,,Trichuris trichiura (PRJEB535),protein_coding,trtricprjeb535
TTRE10231,TTRE10231_t1,305,protein_coding,,Trichuris trichiura (PRJEB535),protein_coding,trtricprjeb535
TTRE3116,TTRE3116_t1,2237,protein_coding,PDEase I domain containing protein  [Source:UniProtKB/TrEMBL;Acc:A0A077ZPB3],Trichuris trichiura (PRJEB535),protein_coding,trtricprjeb535
TTRE3607,TTRE3607_t1,641,protein_coding,,Trichuris trichiura (PRJEB535),protein_coding,trtricprjeb535
TTRE5866,TTRE5866_t1,396,protein_coding,,Trichuris trichiura (PRJEB535),protein_coding,trtricprjeb535
TTRE5869,TTRE5869_t1,530,protein_coding,,Trichuris trichiura (PRJEB535),protein_coding,trtricprjeb535
TTRE8781,TTRE8781_t1,384,protein_coding,Zinc transporter 6  [Source:UniProtKB/TrEMBL;Acc:A0A077Z9N6],Trichuris trichiura (PRJEB535),protein_coding,trtricprjeb535
TTRE9932,TTRE9932_t1,713,protein_coding,CS domain-containing protein  [Source:UniProtKB/TrEMBL;Acc:A0A077Z2E4],Trichuris trichiura (PRJEB535),protein_coding,trtricprjeb535
TTRE654,TTRE654_t1,273,protein_coding,NADH dehydrogenase [ubiquinone] 1 alpha subcomplex subunit 13  [Source:UniProtKB/TrEMBL;Acc:A0A077ZJF4],Trichuris trichiura (PRJEB535),protein_coding,trtricprjeb535
TTRE3752,TTRE3752_t1,219,protein_coding,Translational activator of cytochrome c oxidase  [Source:UniProtKB/TrEMBL;Acc:A0A077Z3C2],Trichuris trichiura (PRJEB535),protein_coding,trtricprjeb535
TTRE5985,TTRE5985_t1,536,protein_coding,Small heat shock protein  [Source:UniProtKB/TrEMBL;Acc:A0A077Z4L2],Trichuris trichiura (PRJEB535),protein_coding,trtricprjeb535
TTRE73,TTRE73_t1,324,protein_coding,,Trichuris trichiura (PRJEB535),protein_coding,trtricprjeb535
TTRE8197,TTRE8197_t1,1520,protein_coding,,Trichuris trichiura (PRJEB535),protein_coding,trtricprjeb535
TTRE7073,TTRE7073_t1,225,protein_coding,,Trichuris trichiura (PRJEB535),protein_coding,trtricprjeb535
TTRE37,TTRE37_t1,194,protein_coding,,Trichuris trichiura (PRJEB535),protein_coding,trtricprjeb535
TTRE8079,TTRE8079_t1,130,protein_coding,,Trichuris trichiura (PRJEB535),protein_coding,trtricprjeb535
TTRE24,TTRE24_t1,629,protein_coding,,Trichuris trichiura (PRJEB535),protein_coding,trtricprjeb535
TTRE11896,TTRE11896_t1,662,protein_coding,,Trichuris trichiura (PRJEB535),protein_coding,trtricprjeb535
TTRE1777,TTRE1777_t1,148,protein_coding,Histone H3  [Source:UniProtKB/TrEMBL;Acc:A0A077ZHY3],Trichuris trichiura (PRJEB535),protein_coding,trtricprjeb535
TTRE1610,TTRE1610_t1,125,protein_coding,,Trichuris trichiura (PRJEB535),protein_coding,trtricprjeb535
TTRE7903,TTRE7903_t1,482,protein_coding,,Trichuris trichiura (PRJEB535),protein_coding,trtricprjeb535
TTRE951,TTRE951_t1,2560,protein_coding,,Trichuris trichiura (PRJEB535),protein_coding,trtricprjeb535
TTRE7625,TTRE7625_t1,1082,protein_coding,Tetraspannin domain containing protein  [Source:UniProtKB/TrEMBL;Acc:A0A077ZFI7],Trichuris trichiura (PRJEB535),protein_coding,trtricprjeb535
TTRE3309,TTRE3309_t1,191,protein_coding,,Trichuris trichiura (PRJEB535),protein_coding,trtricprjeb535
TTRE5320,TTRE5320_t1,348,protein_coding,,Trichuris trichiura (PRJEB535),protein_coding,trtricprjeb535
TTRE2519,TTRE2519_t1,1173,protein_coding,,Trichuris trichiura (PRJEB535),protein_coding,trtricprjeb535
TTRE7468,TTRE7468_t1,363,protein_coding,,Trichuris trichiura (PRJEB535),protein_coding,trtricprjeb535
TTRE2270,TTRE2270_t1,884,protein_coding,,Trichuris trichiura (PRJEB535),protein_coding,trtricprjeb535
TTRE10970,TTRE10970_t1,299,protein_coding,Oxidoreductase-like domain-containing protein  [Source:UniProtKB/TrEMBL;Acc:A0A077YYG7],Trichuris trichiura (PRJEB535),protein_coding,trtricprjeb535
TTRE10069,TTRE10069_t1,275,protein_coding,Dual specificity phosphatase  [Source:UniProtKB/TrEMBL;Acc:A0A077Z283],Trichuris trichiura (PRJEB535),protein_coding,trtricprjeb535
TTRE12432,TTRE12432_t1,338,protein_coding,,Trichuris trichiura (PRJEB535),protein_coding,trtricprjeb535
TTRE10492,TTRE10492_t1,1784,protein_coding,,Trichuris trichiura (PRJEB535),protein_coding,trtricprjeb535
TTRE765,TTRE765_t1,657,protein_coding,Integrator complex subunit 14  [Source:UniProtKB/TrEMBL;Acc:A0A077ZMR0],Trichuris trichiura (PRJEB535),protein_coding,trtricprjeb535
TTRE5707,TTRE5707_t1,660,protein_coding,,Trichuris trichiura (PRJEB535),protein_coding,trtricprjeb535
TTRE1399,TTRE1399_t1,1103,protein_coding,,Trichuris trichiura (PRJEB535),protein_coding,trtricprjeb535
TTRE11751,TTRE11751_t1,350,protein_coding,,Trichuris trichiura (PRJEB535),protein_coding,trtricprjeb535
TTRE10392,TTRE10392_t1,386,protein_coding,,Trichuris trichiura (PRJEB535),protein_coding,trtricprjeb535
TTRE4390,TTRE4390_t1,565,protein_coding,,Trichuris trichiura (PRJEB535),protein_coding,trtricprjeb535
TTRE5764,TTRE5764_t1,771,protein_coding,Tyrosinase domain containing protein  [Source:UniProtKB/TrEMBL;Acc:A0A077YX65],Trichuris trichiura (PRJEB535),protein_coding,trtricprjeb535
TTRE6243,TTRE6243_t1,3947,protein_coding,,Trichuris trichiura (PRJEB535),protein_coding,trtricprjeb535
TTRE1188,TTRE1188_t1,773,protein_coding,,Trichuris trichiura (PRJEB535),protein_coding,trtricprjeb535
TTRE12496,TTRE12496_t1,1623,protein_coding,,Trichuris trichiura (PRJEB535),protein_coding,trtricprjeb535
TTRE8876,TTRE8876_t1,1073,protein_coding,,Trichuris trichiura (PRJEB535),protein_coding,trtricprjeb535
TTRE884,TTRE884_t1,1457,protein_coding,Nuclear factor interleukin-3-regulated protein  [Source:UniProtKB/TrEMBL;Acc:A0A077Z6V5],Trichuris trichiura (PRJEB535),protein_coding,trtricprjeb535
TTRE11038,TTRE11038_t1,197,protein_coding,,Trichuris trichiura (PRJEB535),protein_coding,trtricprjeb535
TTRE9592,TTRE9592_t1,734,protein_coding,,Trichuris trichiura (PRJEB535),protein_coding,trtricprjeb535
TTRE7597,TTRE7597_t1,199,protein_coding,,Trichuris trichiura (PRJEB535),protein_coding,trtricprjeb535
TTRE10657,TTRE10657_t1,133,protein_coding,,Trichuris trichiura (PRJEB535),protein_coding,trtricprjeb535
TTRE5916,TTRE5916_t1,473,protein_coding,,Trichuris trichiura (PRJEB535),protein_coding,trtricprjeb535
TTRE9421,TTRE9421_t1,254,protein_coding,,Trichuris trichiura (PRJEB535),protein_coding,trtricprjeb535
TTRE1183,TTRE1183_t1,1622,protein_coding,tRNA (uracil(54)-C(5))-methyltransferase  [Source:UniProtKB/TrEMBL;Acc:A0A077ZFW6],Trichuris trichiura (PRJEB535),protein_coding,trtricprjeb535
TTRE10129,TTRE10129_t1,1259,protein_coding,,Trichuris trichiura (PRJEB535),protein_coding,trtricprjeb535
TTRE1196,TTRE1196_t1,1074,protein_coding,,Trichuris trichiura (PRJEB535),protein_coding,trtricprjeb535
TTRE4338,TTRE4338_t1,192,protein_coding,,Trichuris trichiura (PRJEB535),protein_coding,trtricprjeb535
TTRE698,TTRE698_t1,114,protein_coding,,Trichuris trichiura (PRJEB535),protein_coding,trtricprjeb535
TTRE7828,TTRE7828_t1,152,protein_coding,,Trichuris trichiura (PRJEB535),protein_coding,trtricprjeb535
TTRE4904,TTRE4904_t1,956,protein_coding,,Trichuris trichiura (PRJEB535),protein_coding,trtricprjeb535
TTRE2770,TTRE2770_t1,407,protein_coding,,Trichuris trichiura (PRJEB535),protein_coding,trtricprjeb535
TTRE12380,TTRE12380_t1,533,protein_coding,,Trichuris trichiura (PRJEB535),protein_coding,trtricprjeb535
TTRE6139,TTRE6139_t1,350,protein_coding,Putative ribonuclease p mrp protein  [Source:UniProtKB/TrEMBL;Acc:A0A077Z9R7],Trichuris trichiura (PRJEB535),protein_coding,trtricprjeb535
TTRE6061,TTRE6061_t1,303,protein_coding,,Trichuris trichiura (PRJEB535),protein_coding,trtricprjeb535
TTRE279,TTRE279_t1,449,protein_coding,,Trichuris trichiura (PRJEB535),protein_coding,trtricprjeb535
TTRE8745,TTRE8745_t1,187,protein_coding,Guanine nucleotide binding protein alpha 7  [Source:UniProtKB/TrEMBL;Acc:A0A077ZEW7],Trichuris trichiura (PRJEB535),protein_coding,trtricprjeb535
TTRE8009,TTRE8009_t1,797,protein_coding,,Trichuris trichiura (PRJEB535),protein_coding,trtricprjeb535
TTRE10705,TTRE10705_t1,269,protein_coding,,Trichuris trichiura (PRJEB535),protein_coding,trtricprjeb535
TTRE11798,TTRE11798_t1,120,protein_coding,,Trichuris trichiura (PRJEB535),protein_coding,trtricprjeb535
TTRE466,TTRE466_t1,228,protein_coding,,Trichuris trichiura (PRJEB535),protein_coding,trtricprjeb535
TTRE10267,TTRE10267_t1,455,protein_coding,,Trichuris trichiura (PRJEB535),protein_coding,trtricprjeb535
TTRE6805,TTRE6805_t1,200,protein_coding,,Trichuris trichiura (PRJEB535),protein_coding,trtricprjeb535
TTRE9141,TTRE9141_t1,2039,protein_coding,ABC tran and ABC2 membrane domain containing prot ein  [Source:UniProtKB/TrEMBL;Acc:A0A077ZCK3],Trichuris trichiura (PRJEB535),protein_coding,trtricprjeb535
TTRE6599,TTRE6599_t1,479,protein_coding,,Trichuris trichiura (PRJEB535),protein_coding,trtricprjeb535
TTRE6275,TTRE6275_t1,716,protein_coding,Cir_N domain-containing protein  [Source:UniProtKB/TrEMBL;Acc:A0A077ZEV0],Trichuris trichiura (PRJEB535),protein_coding,trtricprjeb535
TTRE4764,TTRE4764_t1,473,protein_coding,Type 1 angiotensin II receptor associated  [Source:UniProtKB/TrEMBL;Acc:A0A077Z9X0],Trichuris trichiura (PRJEB535),protein_coding,trtricprjeb535
TTRE11672,TTRE11672_t1,426,protein_coding,,Trichuris trichiura (PRJEB535),protein_coding,trtricprjeb535
TTRE7566,TTRE7566_t1,506,protein_coding,,Trichuris trichiura (PRJEB535),protein_coding,trtricprjeb535
TTRE4266,TTRE4266_t1,248,protein_coding,Transposase  [Source:UniProtKB/TrEMBL;Acc:A0A077YX73],Trichuris trichiura (PRJEB535),protein_coding,trtricprjeb535
TTRE4926,TTRE4926_t1,344,protein_coding,,Trichuris trichiura (PRJEB535),protein_coding,trtricprjeb535
TTRE3975,TTRE3975_t1,857,protein_coding,TATA box binding protein 2  [Source:UniProtKB/TrEMBL;Acc:A0A077YX32],Trichuris trichiura (PRJEB535),protein_coding,trtricprjeb535
TTRE4109,TTRE4109_t1,334,protein_coding,Glyceraldehyde-3-phosphate dehydrogenase  [Source:UniProtKB/TrEMBL;Acc:A0A077ZHV3],Trichuris trichiura (PRJEB535),protein_coding,trtricprjeb535
TTRE7250,TTRE7250_t1,317,protein_coding,,Trichuris trichiura (PRJEB535),protein_coding,trtricprjeb535
TTRE6100,TTRE6100_t1,601,protein_coding,,Trichuris trichiura (PRJEB535),protein_coding,trtricprjeb535
TTRE566,TTRE566_t1,452,protein_coding,,Trichuris trichiura (PRJEB535),protein_coding,trtricprjeb535
TTRE5242,TTRE5242_t1,199,protein_coding,,Trichuris trichiura (PRJEB535),protein_coding,trtricprjeb535
TTRE10645,TTRE10645_t1,152,protein_coding,,Trichuris trichiura (PRJEB535),protein_coding,trtricprjeb535
TTRE3216,TTRE3216_t1,181,protein_coding,,Trichuris trichiura (PRJEB535),protein_coding,trtricprjeb535
TTRE10357,TTRE10357_t1,526,protein_coding,,Trichuris trichiura (PRJEB535),protein_coding,trtricprjeb535
TTRE5661,TTRE5661_t1,1612,protein_coding,Protein transport protein sec16  [Source:UniProtKB/TrEMBL;Acc:A0A077YZW6],Trichuris trichiura (PRJEB535),protein_coding,trtricprjeb535
TTRE3588,TTRE3588_t1,1369,protein_coding,,Trichuris trichiura (PRJEB535),protein_coding,trtricprjeb535
TTRE6483,TTRE6483_t1,542,protein_coding,,Trichuris trichiura (PRJEB535),protein_coding,trtricprjeb535
TTRE1138,TTRE1138_t1,479,protein_coding,Cation efflux family protein  [Source:UniProtKB/TrEMBL;Acc:A0A077ZC71],Trichuris trichiura (PRJEB535),protein_coding,trtricprjeb535
TTRE11122,TTRE11122_t1,445,protein_coding,,Trichuris trichiura (PRJEB535),protein_coding,trtricprjeb535
TTRE10057,TTRE10057_t1,720,protein_coding,,Trichuris trichiura (PRJEB535),protein_coding,trtricprjeb535
TTRE5433,TTRE5433_t1,522,protein_coding,Sepiapterin reductase  [Source:UniProtKB/TrEMBL;Acc:A0A077ZIK5],Trichuris trichiura (PRJEB535),protein_coding,trtricprjeb535
TTRE7011,TTRE7011_t1,445,protein_coding,,Trichuris trichiura (PRJEB535),protein_coding,trtricprjeb535
TTRE8965,TTRE8965_t1,317,protein_coding,,Trichuris trichiura (PRJEB535),protein_coding,trtricprjeb535
TTRE439,TTRE439_t1,190,protein_coding,,Trichuris trichiura (PRJEB535),protein_coding,trtricprjeb535
TTRE7164,TTRE7164_t1,1204,protein_coding,,Trichuris trichiura (PRJEB535),protein_coding,trtricprjeb535
TTRE7560,TTRE7560_t1,332,protein_coding,,Trichuris trichiura (PRJEB535),protein_coding,trtricprjeb535
TTRE1524,TTRE1524_t2,687,protein_coding,,Trichuris trichiura (PRJEB535),protein_coding,trtricprjeb535
TTRE6862,TTRE6862_t1,430,protein_coding,,Trichuris trichiura (PRJEB535),protein_coding,trtricprjeb535
TTRE409,TTRE409_t1,368,protein_coding,,Trichuris trichiura (PRJEB535),protein_coding,trtricprjeb535
TTRE7324,TTRE7324_t1,365,protein_coding,,Trichuris trichiura (PRJEB535),protein_coding,trtricprjeb535
TTRE6584,TTRE6584_t1,754,protein_coding,,Trichuris trichiura (PRJEB535),protein_coding,trtricprjeb535
TTRE4513,TTRE4513_t1,268,protein_coding,,Trichuris trichiura (PRJEB535),protein_coding,trtricprjeb535
TTRE11173,TTRE11173_t1,395,protein_coding,,Trichuris trichiura (PRJEB535),protein_coding,trtricprjeb535
TTRE2803,TTRE2803_t1,414,protein_coding,Ubiquitin activating enzyme E1  [Source:UniProtKB/TrEMBL;Acc:A0A077YYH9],Trichuris trichiura (PRJEB535),protein_coding,trtricprjeb535
TTRE6589,TTRE6589_t1,283,protein_coding,Pescadillo homolog  [Source:UniProtKB/TrEMBL;Acc:A0A077ZBN5],Trichuris trichiura (PRJEB535),protein_coding,trtricprjeb535
TTRE8703,TTRE8703_t1,282,protein_coding,,Trichuris trichiura (PRJEB535),protein_coding,trtricprjeb535
TTRE5150,TTRE5150_t1,848,protein_coding,,Trichuris trichiura (PRJEB535),protein_coding,trtricprjeb535
TTRE8465,TTRE8465_t1,1762,protein_coding,"Protein TAG 333, f  [Source:UniProtKB/TrEMBL;Acc:A0A077YWU1]",Trichuris trichiura (PRJEB535),protein_coding,trtricprjeb535
TTRE11626,TTRE11626_t1,215,protein_coding,,Trichuris trichiura (PRJEB535),protein_coding,trtricprjeb535
TTRE3059,TTRE3059_t1,722,protein_coding,,Trichuris trichiura (PRJEB535),protein_coding,trtricprjeb535
TTRE8938,TTRE8938_t1,325,protein_coding,,Trichuris trichiura (PRJEB535),protein_coding,trtricprjeb535
TTRE9711,TTRE9711_t1,479,protein_coding,Protein archease  [Source:UniProtKB/TrEMBL;Acc:A0A077Z4W7],Trichuris trichiura (PRJEB535),protein_coding,trtricprjeb535
TTRE6968,TTRE6968_t1,752,protein_coding,,Trichuris trichiura (PRJEB535),protein_coding,trtricprjeb535
TTRE2020,TTRE2020_t1,159,protein_coding,,Trichuris trichiura (PRJEB535),protein_coding,trtricprjeb535
TTRE10628,TTRE10628_t1,1952,protein_coding,,Trichuris trichiura (PRJEB535),protein_coding,trtricprjeb535
TTRE11175,TTRE11175_t1,225,protein_coding,,Trichuris trichiura (PRJEB535),protein_coding,trtricprjeb535
TTRE7092,TTRE7092_t1,869,protein_coding,,Trichuris trichiura (PRJEB535),protein_coding,trtricprjeb535
TTRE5834,TTRE5834_t1,264,protein_coding,,Trichuris trichiura (PRJEB535),protein_coding,trtricprjeb535
TTRE10865,TTRE10865_t1,1340,protein_coding,,Trichuris trichiura (PRJEB535),protein_coding,trtricprjeb535
TTRE6106,TTRE6106_t1,326,protein_coding,,Trichuris trichiura (PRJEB535),protein_coding,trtricprjeb535
TTRE10790,TTRE10790_t1,680,protein_coding,,Trichuris trichiura (PRJEB535),protein_coding,trtricprjeb535
TTRE8568,TTRE8568_t1,1100,protein_coding,,Trichuris trichiura (PRJEB535),protein_coding,trtricprjeb535
TTRE6174,TTRE6174_t1,123,protein_coding,,Trichuris trichiura (PRJEB535),protein_coding,trtricprjeb535
TTRE2487,TTRE2487_t1,553,protein_coding,PAN 1 domain containing protein  [Source:UniProtKB/TrEMBL;Acc:A0A077Z0L9],Trichuris trichiura (PRJEB535),protein_coding,trtricprjeb535
TTRE1944,TTRE1944_t1,151,protein_coding,,Trichuris trichiura (PRJEB535),protein_coding,trtricprjeb535
TTRE8924,TTRE8924_t1,174,protein_coding,,Trichuris trichiura (PRJEB535),protein_coding,trtricprjeb535
TTRE9364,TTRE9364_t1,436,protein_coding,,Trichuris trichiura (PRJEB535),protein_coding,trtricprjeb535
TTRE2030,TTRE2030_t1,260,protein_coding,,Trichuris trichiura (PRJEB535),protein_coding,trtricprjeb535
TTRE5670,TTRE5670_t1,1570,protein_coding,Carboxylic ester hydrolase  [Source:UniProtKB/TrEMBL;Acc:A0A077Z6X2],Trichuris trichiura (PRJEB535),protein_coding,trtricprjeb535
TTRE8055,TTRE8055_t1,566,protein_coding,Putative geminin  [Source:UniProtKB/TrEMBL;Acc:A0A077Z5U0],Trichuris trichiura (PRJEB535),protein_coding,trtricprjeb535
TTRE1847,TTRE1847_t1,220,protein_coding,,Trichuris trichiura (PRJEB535),protein_coding,trtricprjeb535
TTRE11620,TTRE11620_t1,507,protein_coding,,Trichuris trichiura (PRJEB535),protein_coding,trtricprjeb535
TTRE12099,TTRE12099_t1,1314,protein_coding,,Trichuris trichiura (PRJEB535),protein_coding,trtricprjeb535
TTRE7505,TTRE7505_t1,1250,protein_coding,,Trichuris trichiura (PRJEB535),protein_coding,trtricprjeb535
TTRE11078,TTRE11078_t1,365,protein_coding,,Trichuris trichiura (PRJEB535),protein_coding,trtricprjeb535
TTRE5525,TTRE5525_t1,236,protein_coding,,Trichuris trichiura (PRJEB535),protein_coding,trtricprjeb535
TTRE2731,TTRE2731_t1,319,protein_coding,,Trichuris trichiura (PRJEB535),protein_coding,trtricprjeb535
TTRE4721,TTRE4721_t1,247,protein_coding,,Trichuris trichiura (PRJEB535),protein_coding,trtricprjeb535
TTRE6233,TTRE6233_t1,226,protein_coding,18S rRNA aminocarboxypropyltransferase  [Source:UniProtKB/TrEMBL;Acc:A0A077ZLE3],Trichuris trichiura (PRJEB535),protein_coding,trtricprjeb535
TTRE5011,TTRE5011_t1,136,protein_coding,,Trichuris trichiura (PRJEB535),protein_coding,trtricprjeb535
TTRE9106,TTRE9106_t1,145,protein_coding,,Trichuris trichiura (PRJEB535),protein_coding,trtricprjeb535
TTRE2437,TTRE2437_t1,170,protein_coding,,Trichuris trichiura (PRJEB535),protein_coding,trtricprjeb535
TTRE5357,TTRE5357_t1,890,protein_coding,His Phos 1 domain containing protein  [Source:UniProtKB/TrEMBL;Acc:A0A077Z7Q3],Trichuris trichiura (PRJEB535),protein_coding,trtricprjeb535
TTRE6978,TTRE6978_t1,374,protein_coding,,Trichuris trichiura (PRJEB535),protein_coding,trtricprjeb535
TTRE2341,TTRE2341_t1,171,protein_coding,Transmembrane 9 superfamily member  [Source:UniProtKB/TrEMBL;Acc:A0A077Z605],Trichuris trichiura (PRJEB535),protein_coding,trtricprjeb535
TTRE6618,TTRE6618_t1,166,protein_coding,,Trichuris trichiura (PRJEB535),protein_coding,trtricprjeb535
TTRE2393,TTRE2393_t1,139,protein_coding,Ndr domain containing protein  [Source:UniProtKB/TrEMBL;Acc:A0A077Z9H9],Trichuris trichiura (PRJEB535),protein_coding,trtricprjeb535
TTRE10515,TTRE10515_t1,860,protein_coding,,Trichuris trichiura (PRJEB535),protein_coding,trtricprjeb535
TTRE5553,TTRE5553_t1,214,protein_coding,Tau tubulin kinase 1  [Source:UniProtKB/TrEMBL;Acc:A0A077Z5G9],Trichuris trichiura (PRJEB535),protein_coding,trtricprjeb535
TTRE6713,TTRE6713_t1,728,protein_coding,,Trichuris trichiura (PRJEB535),protein_coding,trtricprjeb535
TTRE9688,TTRE9688_t1,239,protein_coding,,Trichuris trichiura (PRJEB535),protein_coding,trtricprjeb535
TTRE1328,TTRE1328_t1,266,protein_coding,I-set domain containing protein  [Source:UniProtKB/TrEMBL;Acc:A0A077Z3A5],Trichuris trichiura (PRJEB535),protein_coding,trtricprjeb535
TTRE8153,TTRE8153_t1,218,protein_coding,,Trichuris trichiura (PRJEB535),protein_coding,trtricprjeb535
TTRE8199,TTRE8199_t1,413,protein_coding,,Trichuris trichiura (PRJEB535),protein_coding,trtricprjeb535
TTRE6673,TTRE6673_t1,1112,protein_coding,,Trichuris trichiura (PRJEB535),protein_coding,trtricprjeb535
TTRE2415,TTRE2415_t2,550,protein_coding,,Trichuris trichiura (PRJEB535),protein_coding,trtricprjeb535
TTRE5626,TTRE5626_t1,326,protein_coding,,Trichuris trichiura (PRJEB535),protein_coding,trtricprjeb535
TTRE8403,TTRE8403_t1,217,protein_coding,,Trichuris trichiura (PRJEB535),protein_coding,trtricprjeb535
TTRE268,TTRE268_t1,188,protein_coding,,Trichuris trichiura (PRJEB535),protein_coding,trtricprjeb535
TTRE4572,TTRE4572_t1,445,protein_coding,Membrane associated protein Hem  [Source:UniProtKB/TrEMBL;Acc:A0A077Z039],Trichuris trichiura (PRJEB535),protein_coding,trtricprjeb535
TTRE4175,TTRE4175_t1,1963,protein_coding,E3 ubiquitin-protein ligase Arkadia  [Source:UniProtKB/TrEMBL;Acc:A0A077Z792],Trichuris trichiura (PRJEB535),protein_coding,trtricprjeb535
TTRE2017,TTRE2017_t1,957,protein_coding,,Trichuris trichiura (PRJEB535),protein_coding,trtricprjeb535
TTRE2050,TTRE2050_t1,236,protein_coding,,Trichuris trichiura (PRJEB535),protein_coding,trtricprjeb535
TTRE10767,TTRE10767_t1,680,protein_coding,,Trichuris trichiura (PRJEB535),protein_coding,trtricprjeb535
TTRE2591,TTRE2591_t1,494,protein_coding,,Trichuris trichiura (PRJEB535),protein_coding,trtricprjeb535
TTRE12669,TTRE12669_t1,263,protein_coding,,Trichuris trichiura (PRJEB535),protein_coding,trtricprjeb535
TTRE7095,TTRE7095_t1,461,protein_coding,Regulator of rDNA transcription protein 15  [Source:UniProtKB/TrEMBL;Acc:A0A077ZMJ6],Trichuris trichiura (PRJEB535),protein_coding,trtricprjeb535
TTRE4539,TTRE4539_t1,464,protein_coding,,Trichuris trichiura (PRJEB535),protein_coding,trtricprjeb535
TTRE8622,TTRE8622_t1,342,protein_coding,,Trichuris trichiura (PRJEB535),protein_coding,trtricprjeb535
TTRE10377,TTRE10377_t1,305,protein_coding,,Trichuris trichiura (PRJEB535),protein_coding,trtricprjeb535
TTRE5793,TTRE5793_t1,218,protein_coding,,Trichuris trichiura (PRJEB535),protein_coding,trtricprjeb535
TTRE12539,TTRE12539_t1,180,protein_coding,,Trichuris trichiura (PRJEB535),protein_coding,trtricprjeb535
TTRE6651,TTRE6651_t1,404,protein_coding,,Trichuris trichiura (PRJEB535),protein_coding,trtricprjeb535
TTRE4437,TTRE4437_t1,233,protein_coding,,Trichuris trichiura (PRJEB535),protein_coding,trtricprjeb535
TTRE5101,TTRE5101_t1,999,protein_coding,,Trichuris trichiura (PRJEB535),protein_coding,trtricprjeb535
TTRE9169,TTRE9169_t1,351,protein_coding,GMC oxidoreductase family protein  [Source:UniProtKB/TrEMBL;Acc:A0A077YV93],Trichuris trichiura (PRJEB535),protein_coding,trtricprjeb535
TTRE1301,TTRE1301_t1,315,protein_coding,,Trichuris trichiura (PRJEB535),protein_coding,trtricprjeb535
TTRE3347,TTRE3347_t3,354,protein_coding,PL48 domain-containing protein  [Source:UniProtKB/TrEMBL;Acc:A0A077ZE91],Trichuris trichiura (PRJEB535),protein_coding,trtricprjeb535
TTRE5437,TTRE5437_t1,498,protein_coding,Protein FAM50 homolog  [Source:UniProtKB/TrEMBL;Acc:A0A077YXX6],Trichuris trichiura (PRJEB535),protein_coding,trtricprjeb535
TTRE5294,TTRE5294_t1,431,protein_coding,Ribosomal protein sc mitochondrial mitochondrial ribosomal protein sc  [Source:UniProtKB/TrEMBL;Acc:A0A077YUL9],Trichuris trichiura (PRJEB535),protein_coding,trtricprjeb535
TTRE6701,TTRE6701_t1,326,protein_coding,,Trichuris trichiura (PRJEB535),protein_coding,trtricprjeb535
TTRE11163,TTRE11163_t1,280,protein_coding,,Trichuris trichiura (PRJEB535),protein_coding,trtricprjeb535
TTRE8827,TTRE8827_t1,213,protein_coding,,Trichuris trichiura (PRJEB535),protein_coding,trtricprjeb535
TTRE6682,TTRE6682_t1,169,protein_coding,,Trichuris trichiura (PRJEB535),protein_coding,trtricprjeb535
TTRE7992,TTRE7992_t1,248,protein_coding,TAFH domain containing protein  [Source:UniProtKB/TrEMBL;Acc:A0A077Z6L1],Trichuris trichiura (PRJEB535),protein_coding,trtricprjeb535
TTRE11126,TTRE11126_t1,242,protein_coding,,Trichuris trichiura (PRJEB535),protein_coding,trtricprjeb535
TTRE4505,TTRE4505_t1,265,protein_coding,AP 2 complex subunit mu  [Source:UniProtKB/TrEMBL;Acc:A0A077Z7L0],Trichuris trichiura (PRJEB535),protein_coding,trtricprjeb535
TTRE2147,TTRE2147_t1,230,protein_coding,,Trichuris trichiura (PRJEB535),protein_coding,trtricprjeb535
TTRE12178,TTRE12178_t1,157,protein_coding,,Trichuris trichiura (PRJEB535),protein_coding,trtricprjeb535
TTRE5585,TTRE5585_t1,129,protein_coding,,Trichuris trichiura (PRJEB535),protein_coding,trtricprjeb535
TTRE5518,TTRE5518_t1,500,protein_coding,DUF4602 domain containing protein  [Source:UniProtKB/TrEMBL;Acc:A0A077ZBL5],Trichuris trichiura (PRJEB535),protein_coding,trtricprjeb535
TTRE5650,TTRE5650_t1,96,protein_coding,Williams Beuren syndrome chromosome region 22  [Source:UniProtKB/TrEMBL;Acc:A0A077ZG97],Trichuris trichiura (PRJEB535),protein_coding,trtricprjeb535
TTRE1788,TTRE1788_t1,959,protein_coding,PAPS reduct domain containing protein  [Source:UniProtKB/TrEMBL;Acc:A0A077Z1P0],Trichuris trichiura (PRJEB535),protein_coding,trtricprjeb535
TTRE9650,TTRE9650_t1,205,protein_coding,,Trichuris trichiura (PRJEB535),protein_coding,trtricprjeb535
TTRE3215,TTRE3215_t1,418,protein_coding,,Trichuris trichiura (PRJEB535),protein_coding,trtricprjeb535
TTRE401,TTRE401_t1,718,protein_coding,,Trichuris trichiura (PRJEB535),protein_coding,trtricprjeb535
TTRE4425,TTRE4425_t1,296,protein_coding,RabGAP-TBC domain containing protein  [Source:UniProtKB/TrEMBL;Acc:A0A077Z168],Trichuris trichiura (PRJEB535),protein_coding,trtricprjeb535
TTRE2717,TTRE2717_t1,167,protein_coding,,Trichuris trichiura (PRJEB535),protein_coding,trtricprjeb535
TTRE10652,TTRE10652_t1,212,protein_coding,,Trichuris trichiura (PRJEB535),protein_coding,trtricprjeb535
TTRE5463,TTRE5463_t1,149,protein_coding,60S ribosomal protein L35  [Source:UniProtKB/TrEMBL;Acc:A0A077YXU7],Trichuris trichiura (PRJEB535),protein_coding,trtricprjeb535
TTRE8678,TTRE8678_t1,1339,protein_coding,,Trichuris trichiura (PRJEB535),protein_coding,trtricprjeb535
TTRE10542,TTRE10542_t1,729,protein_coding,,Trichuris trichiura (PRJEB535),protein_coding,trtricprjeb535
TTRE366,TTRE366_t1,272,protein_coding,,Trichuris trichiura (PRJEB535),protein_coding,trtricprjeb535
TTRE12506,TTRE12506_t1,445,protein_coding,,Trichuris trichiura (PRJEB535),protein_coding,trtricprjeb535
TTRE4724,TTRE4724_t1,784,protein_coding,,Trichuris trichiura (PRJEB535),protein_coding,trtricprjeb535
TTRE3267,TTRE3267_t1,392,protein_coding,,Trichuris trichiura (PRJEB535),protein_coding,trtricprjeb535
TTRE6716,TTRE6716_t1,102,protein_coding,,Trichuris trichiura (PRJEB535),protein_coding,trtricprjeb535
TTRE1199,TTRE1199_t1,651,protein_coding,Beta catenin protein 1 like  [Source:UniProtKB/TrEMBL;Acc:A0A077ZK90],Trichuris trichiura (PRJEB535),protein_coding,trtricprjeb535
TTRE4192,TTRE4192_t1,956,protein_coding,Mitochondrial 2 oxoglutarate:malate  [Source:UniProtKB/TrEMBL;Acc:A0A077ZF28],Trichuris trichiura (PRJEB535),protein_coding,trtricprjeb535
TTRE1655,TTRE1655_t1,360,protein_coding,Neuferricin  [Source:UniProtKB/TrEMBL;Acc:A0A077ZE10],Trichuris trichiura (PRJEB535),protein_coding,trtricprjeb535
TTRE6951,TTRE6951_t1,968,protein_coding,,Trichuris trichiura (PRJEB535),protein_coding,trtricprjeb535
TTRE6548,TTRE6548_t1,590,protein_coding,FGFR1 oncogene partner 2 homolog  [Source:UniProtKB/TrEMBL;Acc:A0A077ZBB3],Trichuris trichiura (PRJEB535),protein_coding,trtricprjeb535
TTRE9766,TTRE9766_t1,1200,protein_coding,,Trichuris trichiura (PRJEB535),protein_coding,trtricprjeb535
TTRE4039,TTRE4039_t1,280,protein_coding,Protein Wnt  [Source:UniProtKB/TrEMBL;Acc:A0A077Z3I3],Trichuris trichiura (PRJEB535),protein_coding,trtricprjeb535
TTRE5425,TTRE5425_t1,116,protein_coding,,Trichuris trichiura (PRJEB535),protein_coding,trtricprjeb535
TTRE800,TTRE800_t1,207,protein_coding,,Trichuris trichiura (PRJEB535),protein_coding,trtricprjeb535
TTRE6324,TTRE6324_t1,99,protein_coding,,Trichuris trichiura (PRJEB535),protein_coding,trtricprjeb535
TTRE8032,TTRE8032_t1,250,protein_coding,Putative ATP-dependent RNA helicase DHX30  [Source:UniProtKB/TrEMBL;Acc:A0A077ZDZ7],Trichuris trichiura (PRJEB535),protein_coding,trtricprjeb535
TTRE5338,TTRE5338_t1,232,protein_coding,,Trichuris trichiura (PRJEB535),protein_coding,trtricprjeb535
TTRE11082,TTRE11082_t1,5276,protein_coding,,Trichuris trichiura (PRJEB535),protein_coding,trtricprjeb535
TTRE1137,TTRE1137_t1,412,protein_coding,Epimerase family protein SDR39U1  [Source:UniProtKB/TrEMBL;Acc:A0A077ZF59],Trichuris trichiura (PRJEB535),protein_coding,trtricprjeb535
TTRE5178,TTRE5178_t1,302,protein_coding,Gamma-secretase subunit PEN-2  [Source:UniProtKB/TrEMBL;Acc:A0A077Z6I8],Trichuris trichiura (PRJEB535),protein_coding,trtricprjeb535
TTRE5045,TTRE5045_t1,464,protein_coding,,Trichuris trichiura (PRJEB535),protein_coding,trtricprjeb535
TTRE10878,TTRE10878_t1,255,protein_coding,,Trichuris trichiura (PRJEB535),protein_coding,trtricprjeb535
TTRE8577,TTRE8577_t1,227,protein_coding,,Trichuris trichiura (PRJEB535),protein_coding,trtricprjeb535
TTRE148,TTRE148_t1,449,protein_coding,,Trichuris trichiura (PRJEB535),protein_coding,trtricprjeb535
TTRE9536,TTRE9536_t1,509,protein_coding,,Trichuris trichiura (PRJEB535),protein_coding,trtricprjeb535
TTRE4182,TTRE4182_t1,335,protein_coding,,Trichuris trichiura (PRJEB535),protein_coding,trtricprjeb535
TTRE8883,TTRE8883_t1,287,protein_coding,,Trichuris trichiura (PRJEB535),protein_coding,trtricprjeb535
TTRE6598,TTRE6598_t1,449,protein_coding,,Trichuris trichiura (PRJEB535),protein_coding,trtricprjeb535
TTRE7211,TTRE7211_t1,383,protein_coding,,Trichuris trichiura (PRJEB535),protein_coding,trtricprjeb535
TTRE9123,TTRE9123_t1,154,protein_coding,Proteasome subunit beta  [Source:UniProtKB/TrEMBL;Acc:A0A077YWJ6],Trichuris trichiura (PRJEB535),protein_coding,trtricprjeb535
TTRE3623,TTRE3623_t1,251,protein_coding,Exo endo phos domain containing protein  [Source:UniProtKB/TrEMBL;Acc:A0A077Z2N2],Trichuris trichiura (PRJEB535),protein_coding,trtricprjeb535
TTRE3009,TTRE3009_t1,628,protein_coding,,Trichuris trichiura (PRJEB535),protein_coding,trtricprjeb535
TTRE6247,TTRE6247_t1,1655,protein_coding,,Trichuris trichiura (PRJEB535),protein_coding,trtricprjeb535
TTRE2329,TTRE2329_t1,575,protein_coding,DSPc domain containing protein  [Source:UniProtKB/TrEMBL;Acc:A0A077ZFN2],Trichuris trichiura (PRJEB535),protein_coding,trtricprjeb535
TTRE6962,TTRE6962_t1,743,protein_coding,,Trichuris trichiura (PRJEB535),protein_coding,trtricprjeb535
TTRE7358,TTRE7358_t1,1195,protein_coding,,Trichuris trichiura (PRJEB535),protein_coding,trtricprjeb535
TTRE8133,TTRE8133_t1,359,protein_coding,,Trichuris trichiura (PRJEB535),protein_coding,trtricprjeb535
TTRE3027,TTRE3027_t1,208,protein_coding,,Trichuris trichiura (PRJEB535),protein_coding,trtricprjeb535
TTRE12450,TTRE12450_t1,2309,protein_coding,,Trichuris trichiura (PRJEB535),protein_coding,trtricprjeb535
TTRE2947,TTRE2947_t1,466,protein_coding,,Trichuris trichiura (PRJEB535),protein_coding,trtricprjeb535
TTRE230,TTRE230_t1,242,protein_coding,,Trichuris trichiura (PRJEB535),protein_coding,trtricprjeb535
TTRE3843,TTRE3843_t1,458,protein_coding,,Trichuris trichiura (PRJEB535),protein_coding,trtricprjeb535
TTRE11647,TTRE11647_t1,596,protein_coding,,Trichuris trichiura (PRJEB535),protein_coding,trtricprjeb535
TTRE184,TTRE184_t1,464,protein_coding,,Trichuris trichiura (PRJEB535),protein_coding,trtricprjeb535
TTRE167,TTRE167_t1,335,protein_coding,,Trichuris trichiura (PRJEB535),protein_coding,trtricprjeb535
TTRE11116,TTRE11116_t1,627,protein_coding,,Trichuris trichiura (PRJEB535),protein_coding,trtricprjeb535
TTRE11720,TTRE11720_t1,307,protein_coding,,Trichuris trichiura (PRJEB535),protein_coding,trtricprjeb535
TTRE2711,TTRE2711_t1,457,protein_coding,Peptidase M41 and AAA and FtsH ext domain contain ing protein  [Source:UniProtKB/TrEMBL;Acc:A0A077Z998],Trichuris trichiura (PRJEB535),protein_coding,trtricprjeb535
TTRE10843,TTRE10843_t1,151,protein_coding,,Trichuris trichiura (PRJEB535),protein_coding,trtricprjeb535
TTRE10329,TTRE10329_t1,731,protein_coding,,Trichuris trichiura (PRJEB535),protein_coding,trtricprjeb535
TTRE3295,TTRE3295_t1,447,protein_coding,RINT1 TIP1 domain containing protein  [Source:UniProtKB/TrEMBL;Acc:A0A077Z2D0],Trichuris trichiura (PRJEB535),protein_coding,trtricprjeb535
TTRE5295,TTRE5295_t1,747,protein_coding,Exostosin 3  [Source:UniProtKB/TrEMBL;Acc:A0A077YYI2],Trichuris trichiura (PRJEB535),protein_coding,trtricprjeb535
TTRE11966,TTRE11966_t1,488,protein_coding,,Trichuris trichiura (PRJEB535),protein_coding,trtricprjeb535
TTRE4219,TTRE4219_t1,858,protein_coding,,Trichuris trichiura (PRJEB535),protein_coding,trtricprjeb535
TTRE6699,TTRE6699_t1,868,protein_coding,,Trichuris trichiura (PRJEB535),protein_coding,trtricprjeb535
TTRE2305,TTRE2305_t1,285,protein_coding,,Trichuris trichiura (PRJEB535),protein_coding,trtricprjeb535
TTRE1174,TTRE1174_t1,273,protein_coding,,Trichuris trichiura (PRJEB535),protein_coding,trtricprjeb535
TTRE5315,TTRE5315_t1,525,protein_coding,,Trichuris trichiura (PRJEB535),protein_coding,trtricprjeb535
TTRE111,TTRE111_t1,108,protein_coding,,Trichuris trichiura (PRJEB535),protein_coding,trtricprjeb535
TTRE6660,TTRE6660_t1,965,protein_coding,,Trichuris trichiura (PRJEB535),protein_coding,trtricprjeb535
TTRE8672,TTRE8672_t1,936,protein_coding,,Trichuris trichiura (PRJEB535),protein_coding,trtricprjeb535
TTRE10000,TTRE10000_t1,199,protein_coding,,Trichuris trichiura (PRJEB535),protein_coding,trtricprjeb535
TTRE12520,TTRE12520_t1,569,protein_coding,Major sperm protein  [Source:UniProtKB/TrEMBL;Acc:A0A077ZKM2],Trichuris trichiura (PRJEB535),protein_coding,trtricprjeb535
TTRE11325,TTRE11325_t1,380,protein_coding,,Trichuris trichiura (PRJEB535),protein_coding,trtricprjeb535
TTRE301,TTRE301_t1,1099,protein_coding,,Trichuris trichiura (PRJEB535),protein_coding,trtricprjeb535
TTRE8447,TTRE8447_t1,1373,protein_coding,PBPb domain-containing protein  [Source:UniProtKB/TrEMBL;Acc:A0A077YVY9],Trichuris trichiura (PRJEB535),protein_coding,trtricprjeb535
TTRE12332,TTRE12332_t1,319,protein_coding,,Trichuris trichiura (PRJEB535),protein_coding,trtricprjeb535
TTRE5606,TTRE5606_t1,201,protein_coding,Reticulon 4 interacting protein 1  [Source:UniProtKB/TrEMBL;Acc:A0A077Z989],Trichuris trichiura (PRJEB535),protein_coding,trtricprjeb535
TTRE10952,TTRE10952_t1,911,protein_coding,,Trichuris trichiura (PRJEB535),protein_coding,trtricprjeb535
TTRE10419,TTRE10419_t1,789,protein_coding,,Trichuris trichiura (PRJEB535),protein_coding,trtricprjeb535
TTRE2107,TTRE2107_t1,257,protein_coding,Leucine rich repeat flightless interacting  [Source:UniProtKB/TrEMBL;Acc:A0A077Z1P4],Trichuris trichiura (PRJEB535),protein_coding,trtricprjeb535
TTRE9950,TTRE9950_t1,374,protein_coding,,Trichuris trichiura (PRJEB535),protein_coding,trtricprjeb535
TTRE5644,TTRE5644_t1,1042,protein_coding,,Trichuris trichiura (PRJEB535),protein_coding,trtricprjeb535
TTRE11079,TTRE11079_t1,413,protein_coding,,Trichuris trichiura (PRJEB535),protein_coding,trtricprjeb535
TTRE1176,TTRE1176_t1,326,protein_coding,,Trichuris trichiura (PRJEB535),protein_coding,trtricprjeb535
TTRE4263,TTRE4263_t1,309,protein_coding,Cytoplasmic protein NCK2  [Source:UniProtKB/TrEMBL;Acc:A0A077Z690],Trichuris trichiura (PRJEB535),protein_coding,trtricprjeb535
TTRE9713,TTRE9713_t1,370,protein_coding,,Trichuris trichiura (PRJEB535),protein_coding,trtricprjeb535
TTRE2782,TTRE2782_t1,1135,protein_coding,DNA replication licensing factor MCM8  [Source:UniProtKB/TrEMBL;Acc:A0A077ZCX8],Trichuris trichiura (PRJEB535),protein_coding,trtricprjeb535
TTRE953,TTRE953_t1,276,protein_coding,,Trichuris trichiura (PRJEB535),protein_coding,trtricprjeb535
TTRE3088,TTRE3088_t1,698,protein_coding,,Trichuris trichiura (PRJEB535),protein_coding,trtricprjeb535
TTRE8233,TTRE8233_t1,197,protein_coding,,Trichuris trichiura (PRJEB535),protein_coding,trtricprjeb535
TTRE6488,TTRE6488_t1,191,protein_coding,,Trichuris trichiura (PRJEB535),protein_coding,trtricprjeb535
TTRE2636,TTRE2636_t1,1453,protein_coding,,Trichuris trichiura (PRJEB535),protein_coding,trtricprjeb535
TTRE5898,TTRE5898_t1,776,protein_coding,,Trichuris trichiura (PRJEB535),protein_coding,trtricprjeb535
TTRE9870,TTRE9870_t1,166,protein_coding,,Trichuris trichiura (PRJEB535),protein_coding,trtricprjeb535
TTRE10462,TTRE10462_t1,154,protein_coding,,Trichuris trichiura (PRJEB535),protein_coding,trtricprjeb535
TTRE9798,TTRE9798_t1,239,protein_coding,,Trichuris trichiura (PRJEB535),protein_coding,trtricprjeb535
TTRE5637,TTRE5637_t1,275,protein_coding,,Trichuris trichiura (PRJEB535),protein_coding,trtricprjeb535
TTRE12373,TTRE12373_t1,1307,protein_coding,Protocadherin Fat 4  [Source:UniProtKB/TrEMBL;Acc:A0A077Z496],Trichuris trichiura (PRJEB535),protein_coding,trtricprjeb535
TTRE1568,TTRE1568_t1,272,protein_coding,DDE_Tnp_1_7 domain-containing protein  [Source:UniProtKB/TrEMBL;Acc:A0A077Z4L0],Trichuris trichiura (PRJEB535),protein_coding,trtricprjeb535
TTRE2129,TTRE2129_t1,278,protein_coding,,Trichuris trichiura (PRJEB535),protein_coding,trtricprjeb535
TTRE222,TTRE222_t1,283,protein_coding,,Trichuris trichiura (PRJEB535),protein_coding,trtricprjeb535
TTRE7493,TTRE7493_t1,620,protein_coding,,Trichuris trichiura (PRJEB535),protein_coding,trtricprjeb535
TTRE8240,TTRE8240_t1,221,protein_coding,,Trichuris trichiura (PRJEB535),protein_coding,trtricprjeb535
TTRE11894,TTRE11894_t1,909,protein_coding,,Trichuris trichiura (PRJEB535),protein_coding,trtricprjeb535
TTRE7788,TTRE7788_t1,234,protein_coding,,Trichuris trichiura (PRJEB535),protein_coding,trtricprjeb535
TTRE10933,TTRE10933_t1,761,protein_coding,,Trichuris trichiura (PRJEB535),protein_coding,trtricprjeb535
TTRE511,TTRE511_t1,193,protein_coding,,Trichuris trichiura (PRJEB535),protein_coding,trtricprjeb535
TTRE10290,TTRE10290_t1,449,protein_coding,,Trichuris trichiura (PRJEB535),protein_coding,trtricprjeb535
TTRE2248,TTRE2248_t2,273,protein_coding,Solute carrier family 12  [Source:UniProtKB/TrEMBL;Acc:A0A077ZCE5],Trichuris trichiura (PRJEB535),protein_coding,trtricprjeb535
TTRE4962,TTRE4962_t1,1070,protein_coding,SUEL-type lectin domain-containing protein  [Source:UniProtKB/TrEMBL;Acc:A0A077ZI34],Trichuris trichiura (PRJEB535),protein_coding,trtricprjeb535
TTRE10580,TTRE10580_t1,162,protein_coding,,Trichuris trichiura (PRJEB535),protein_coding,trtricprjeb535
TTRE2738,TTRE2738_t1,293,protein_coding,,Trichuris trichiura (PRJEB535),protein_coding,trtricprjeb535
TTRE8436,TTRE8436_t1,275,protein_coding,,Trichuris trichiura (PRJEB535),protein_coding,trtricprjeb535
TTRE8533,TTRE8533_t1,184,protein_coding,,Trichuris trichiura (PRJEB535),protein_coding,trtricprjeb535
TTRE6366,TTRE6366_t1,506,protein_coding,,Trichuris trichiura (PRJEB535),protein_coding,trtricprjeb535
TTRE2715,TTRE2715_t1,465,protein_coding,Abhydrolase 5 domain containing protein  [Source:UniProtKB/TrEMBL;Acc:A0A077Z6K2],Trichuris trichiura (PRJEB535),protein_coding,trtricprjeb535
TTRE10416,TTRE10416_t1,584,protein_coding,,Trichuris trichiura (PRJEB535),protein_coding,trtricprjeb535
TTRE9368,TTRE9368_t1,189,protein_coding,,Trichuris trichiura (PRJEB535),protein_coding,trtricprjeb535
TTRE1260,TTRE1260_t1,300,protein_coding,,Trichuris trichiura (PRJEB535),protein_coding,trtricprjeb535
TTRE6364,TTRE6364_t1,634,protein_coding,,Trichuris trichiura (PRJEB535),protein_coding,trtricprjeb535
TTRE619,TTRE619_t1,305,protein_coding,Endoplasmic oxidoreductin-1  [Source:UniProtKB/TrEMBL;Acc:A0A077Z397],Trichuris trichiura (PRJEB535),protein_coding,trtricprjeb535
TTRE4644,TTRE4644_t1,541,protein_coding,Venom allergen 5  [Source:UniProtKB/TrEMBL;Acc:A0A077ZNW5],Trichuris trichiura (PRJEB535),protein_coding,trtricprjeb535
TTRE7693,TTRE7693_t1,272,protein_coding,DUF2046 domain containing protein  [Source:UniProtKB/TrEMBL;Acc:A0A077Z8S7],Trichuris trichiura (PRJEB535),protein_coding,trtricprjeb535
TTRE11817,TTRE11817_t1,180,protein_coding,,Trichuris trichiura (PRJEB535),protein_coding,trtricprjeb535
TTRE6342,TTRE6342_t1,161,protein_coding,,Trichuris trichiura (PRJEB535),protein_coding,trtricprjeb535
TTRE5009,TTRE5009_t1,854,protein_coding,,Trichuris trichiura (PRJEB535),protein_coding,trtricprjeb535
TTRE9291,TTRE9291_t1,289,protein_coding,,Trichuris trichiura (PRJEB535),protein_coding,trtricprjeb535
TTRE6883,TTRE6883_t1,923,protein_coding,,Trichuris trichiura (PRJEB535),protein_coding,trtricprjeb535
TTRE5056,TTRE5056_t1,366,protein_coding,,Trichuris trichiura (PRJEB535),protein_coding,trtricprjeb535
TTRE5248,TTRE5248_t1,240,protein_coding,Indigoidine A and PfkB domain containing protein  [Source:UniProtKB/TrEMBL;Acc:A0A077Z0X7],Trichuris trichiura (PRJEB535),protein_coding,trtricprjeb535
TTRE11385,TTRE11385_t1,235,protein_coding,,Trichuris trichiura (PRJEB535),protein_coding,trtricprjeb535
TTRE9679,TTRE9679_t1,306,protein_coding,,Trichuris trichiura (PRJEB535),protein_coding,trtricprjeb535
TTRE6955,TTRE6955_t1,899,protein_coding,,Trichuris trichiura (PRJEB535),protein_coding,trtricprjeb535
TTRE7005,TTRE7005_t1,536,protein_coding,,Trichuris trichiura (PRJEB535),protein_coding,trtricprjeb535
TTRE8505,TTRE8505_t1,533,protein_coding,,Trichuris trichiura (PRJEB535),protein_coding,trtricprjeb535
TTRE2355,TTRE2355_t1,752,protein_coding,,Trichuris trichiura (PRJEB535),protein_coding,trtricprjeb535
TTRE5535,TTRE5535_t1,226,protein_coding,"Predicted metal-dependent phosphohydrolase, HD superfamily  [Source:UniProtKB/TrEMBL;Acc:A0A077Z8W2]",Trichuris trichiura (PRJEB535),protein_coding,trtricprjeb535
TTRE1471,TTRE1471_t1,1208,protein_coding,26S protease regulatory subunit 10B  [Source:UniProtKB/TrEMBL;Acc:A0A077Z608],Trichuris trichiura (PRJEB535),protein_coding,trtricprjeb535
TTRE4413,TTRE4413_t1,550,protein_coding,Acatn domain containing protein  [Source:UniProtKB/TrEMBL;Acc:A0A077ZFR5],Trichuris trichiura (PRJEB535),protein_coding,trtricprjeb535
TTRE1986,TTRE1986_t1,363,protein_coding,,Trichuris trichiura (PRJEB535),protein_coding,trtricprjeb535
TTRE8805,TTRE8805_t1,392,protein_coding,,Trichuris trichiura (PRJEB535),protein_coding,trtricprjeb535
TTRE3612,TTRE3612_t1,238,protein_coding,Guanine nucleotide binding protein subunit  [Source:UniProtKB/TrEMBL;Acc:A0A077YVU8],Trichuris trichiura (PRJEB535),protein_coding,trtricprjeb535
TTRE2357,TTRE2357_t1,196,protein_coding,,Trichuris trichiura (PRJEB535),protein_coding,trtricprjeb535
TTRE6458,TTRE6458_t1,722,protein_coding,,Trichuris trichiura (PRJEB535),protein_coding,trtricprjeb535
TTRE3938,TTRE3938_t1,270,protein_coding,,Trichuris trichiura (PRJEB535),protein_coding,trtricprjeb535
TTRE5875,TTRE5875_t1,965,protein_coding,,Trichuris trichiura (PRJEB535),protein_coding,trtricprjeb535
TTRE9382,TTRE9382_t1,381,protein_coding,,Trichuris trichiura (PRJEB535),protein_coding,trtricprjeb535
TTRE887,TTRE887_t1,259,protein_coding,,Trichuris trichiura (PRJEB535),protein_coding,trtricprjeb535
TTRE7924,TTRE7924_t1,347,protein_coding,,Trichuris trichiura (PRJEB535),protein_coding,trtricprjeb535
TTRE9350,TTRE9350_t1,278,protein_coding,,Trichuris trichiura (PRJEB535),protein_coding,trtricprjeb535
TTRE2018,TTRE2018_t1,830,protein_coding,,Trichuris trichiura (PRJEB535),protein_coding,trtricprjeb535
TTRE8864,TTRE8864_t1,242,protein_coding,,Trichuris trichiura (PRJEB535),protein_coding,trtricprjeb535
TTRE9893,TTRE9893_t1,1834,protein_coding,RAP domain-containing protein  [Source:UniProtKB/TrEMBL;Acc:A0A077Z9G8],Trichuris trichiura (PRJEB535),protein_coding,trtricprjeb535
TTRE1126,TTRE1126_t1,231,protein_coding,,Trichuris trichiura (PRJEB535),protein_coding,trtricprjeb535
TTRE10499,TTRE10499_t1,1154,protein_coding,,Trichuris trichiura (PRJEB535),protein_coding,trtricprjeb535
TTRE9177,TTRE9177_t1,383,protein_coding,Thioredoxin domain-containing protein 17  [Source:UniProtKB/TrEMBL;Acc:A0A077Z5Z6],Trichuris trichiura (PRJEB535),protein_coding,trtricprjeb535
TTRE8062,TTRE8062_t1,437,protein_coding,,Trichuris trichiura (PRJEB535),protein_coding,trtricprjeb535
TTRE6268,TTRE6268_t1,140,protein_coding,Neuropeptide F  [Source:UniProtKB/TrEMBL;Acc:A0A077Z8U7],Trichuris trichiura (PRJEB535),protein_coding,trtricprjeb535
TTRE380,TTRE380_t1,133,protein_coding,,Trichuris trichiura (PRJEB535),protein_coding,trtricprjeb535
TTRE2703,TTRE2703_t1,228,protein_coding,,Trichuris trichiura (PRJEB535),protein_coding,trtricprjeb535
TTRE2494,TTRE2494_t2,322,protein_coding,,Trichuris trichiura (PRJEB535),protein_coding,trtricprjeb535
TTRE7568,TTRE7568_t1,193,protein_coding,,Trichuris trichiura (PRJEB535),protein_coding,trtricprjeb535
TTRE7856,TTRE7856_t1,245,protein_coding,,Trichuris trichiura (PRJEB535),protein_coding,trtricprjeb535
TTRE12207,TTRE12207_t1,190,protein_coding,,Trichuris trichiura (PRJEB535),protein_coding,trtricprjeb535
TTRE6373,TTRE6373_t1,221,protein_coding,Transcription factor Dp 1  [Source:UniProtKB/TrEMBL;Acc:A0A077ZIQ0],Trichuris trichiura (PRJEB535),protein_coding,trtricprjeb535
TTRE5457,TTRE5457_t1,334,protein_coding,Solute carrier family 41  [Source:UniProtKB/TrEMBL;Acc:A0A077Z6U2],Trichuris trichiura (PRJEB535),protein_coding,trtricprjeb535
TTRE2760,TTRE2760_t1,1550,protein_coding,C2 domain containing protein  [Source:UniProtKB/TrEMBL;Acc:A0A077ZC47],Trichuris trichiura (PRJEB535),protein_coding,trtricprjeb535
TTRE7283,TTRE7283_t1,859,protein_coding,,Trichuris trichiura (PRJEB535),protein_coding,trtricprjeb535
TTRE12368,TTRE12368_t1,542,protein_coding,,Trichuris trichiura (PRJEB535),protein_coding,trtricprjeb535
TTRE4321,TTRE4321_t1,459,protein_coding,His Phos 1 domain containing protein  [Source:UniProtKB/TrEMBL;Acc:A0A077ZJA4],Trichuris trichiura (PRJEB535),protein_coding,trtricprjeb535
TTRE7291,TTRE7291_t1,455,protein_coding,,Trichuris trichiura (PRJEB535),protein_coding,trtricprjeb535
TTRE10335,TTRE10335_t1,353,protein_coding,,Trichuris trichiura (PRJEB535),protein_coding,trtricprjeb535
TTRE10042,TTRE10042_t1,546,protein_coding,,Trichuris trichiura (PRJEB535),protein_coding,trtricprjeb535
TTRE8363,TTRE8363_t1,1583,protein_coding,,Trichuris trichiura (PRJEB535),protein_coding,trtricprjeb535
TTRE1123,TTRE1123_t1,602,protein_coding,,Trichuris trichiura (PRJEB535),protein_coding,trtricprjeb535
TTRE6402,TTRE6402_t1,536,protein_coding,,Trichuris trichiura (PRJEB535),protein_coding,trtricprjeb535
TTRE12365,TTRE12365_t1,1901,protein_coding,,Trichuris trichiura (PRJEB535),protein_coding,trtricprjeb535
TTRE9916,TTRE9916_t1,247,protein_coding,,Trichuris trichiura (PRJEB535),protein_coding,trtricprjeb535
TTRE3751,TTRE3751_t1,1047,protein_coding,,Trichuris trichiura (PRJEB535),protein_coding,trtricprjeb535
TTRE7034,TTRE7034_t1,491,protein_coding,,Trichuris trichiura (PRJEB535),protein_coding,trtricprjeb535
TTRE5888,TTRE5888_t1,155,protein_coding,,Trichuris trichiura (PRJEB535),protein_coding,trtricprjeb535
TTRE833,TTRE833_t1,524,protein_coding,,Trichuris trichiura (PRJEB535),protein_coding,trtricprjeb535
TTRE12437,TTRE12437_t1,233,protein_coding,,Trichuris trichiura (PRJEB535),protein_coding,trtricprjeb535
TTRE2544,TTRE2544_t1,280,protein_coding,Protein grainyhead  [Source:UniProtKB/TrEMBL;Acc:A0A077Z318],Trichuris trichiura (PRJEB535),protein_coding,trtricprjeb535
TTRE9707,TTRE9707_t1,116,protein_coding,,Trichuris trichiura (PRJEB535),protein_coding,trtricprjeb535
TTRE5348,TTRE5348_t1,224,protein_coding,DUF4371 domain-containing protein  [Source:UniProtKB/TrEMBL;Acc:A0A077YVP2],Trichuris trichiura (PRJEB535),protein_coding,trtricprjeb535
TTRE3101,TTRE3101_t1,249,protein_coding,,Trichuris trichiura (PRJEB535),protein_coding,trtricprjeb535
TTRE6856,TTRE6856_t1,714,protein_coding,,Trichuris trichiura (PRJEB535),protein_coding,trtricprjeb535
TTRE12358,TTRE12358_t1,966,protein_coding,,Trichuris trichiura (PRJEB535),protein_coding,trtricprjeb535
TTRE9056,TTRE9056_t1,559,protein_coding,,Trichuris trichiura (PRJEB535),protein_coding,trtricprjeb535
TTRE12448,TTRE12448_t1,414,protein_coding,,Trichuris trichiura (PRJEB535),protein_coding,trtricprjeb535
TTRE415,TTRE415_t1,221,protein_coding,,Trichuris trichiura (PRJEB535),protein_coding,trtricprjeb535
TTRE4711,TTRE4711_t1,482,protein_coding,Receptor expression-enhancing protein  [Source:UniProtKB/TrEMBL;Acc:A0A077Z515],Trichuris trichiura (PRJEB535),protein_coding,trtricprjeb535
TTRE5074,TTRE5074_t1,506,protein_coding,,Trichuris trichiura (PRJEB535),protein_coding,trtricprjeb535
TTRE9506,TTRE9506_t1,180,protein_coding,,Trichuris trichiura (PRJEB535),protein_coding,trtricprjeb535
TTRE8004,TTRE8004_t1,773,protein_coding,,Trichuris trichiura (PRJEB535),protein_coding,trtricprjeb535
TTRE10700,TTRE10700_t1,449,protein_coding,,Trichuris trichiura (PRJEB535),protein_coding,trtricprjeb535
TTRE946,TTRE946_t1,596,protein_coding,,Trichuris trichiura (PRJEB535),protein_coding,trtricprjeb535
TTRE7503,TTRE7503_t1,363,protein_coding,,Trichuris trichiura (PRJEB535),protein_coding,trtricprjeb535
TTRE7104,TTRE7104_t1,517,protein_coding,Regulator of rDNA transcription protein 15  [Source:UniProtKB/TrEMBL;Acc:A0A077ZMJ6],Trichuris trichiura (PRJEB535),protein_coding,trtricprjeb535
TTRE2188,TTRE2188_t1,254,protein_coding,,Trichuris trichiura (PRJEB535),protein_coding,trtricprjeb535
TTRE11709,TTRE11709_t1,143,protein_coding,,Trichuris trichiura (PRJEB535),protein_coding,trtricprjeb535
TTRE6403,TTRE6403_t1,884,protein_coding,,Trichuris trichiura (PRJEB535),protein_coding,trtricprjeb535
TTRE5146,TTRE5146_t1,458,protein_coding,,Trichuris trichiura (PRJEB535),protein_coding,trtricprjeb535
TTRE7352,TTRE7352_t1,605,protein_coding,,Trichuris trichiura (PRJEB535),protein_coding,trtricprjeb535
TTRE789,TTRE789_t1,302,protein_coding,,Trichuris trichiura (PRJEB535),protein_coding,trtricprjeb535
TTRE1356,TTRE1356_t1,408,protein_coding,,Trichuris trichiura (PRJEB535),protein_coding,trtricprjeb535
TTRE1437,TTRE1437_t1,299,protein_coding,Glucosamine-6-phosphate isomerase  [Source:UniProtKB/TrEMBL;Acc:A0A077Z011],Trichuris trichiura (PRJEB535),protein_coding,trtricprjeb535
TTRE2395,TTRE2395_t1,243,protein_coding,,Trichuris trichiura (PRJEB535),protein_coding,trtricprjeb535
TTRE10022,TTRE10022_t1,1007,protein_coding,Hsp90 chaperone protein kinase-targeting subunit  [Source:UniProtKB/TrEMBL;Acc:A0A077Z357],Trichuris trichiura (PRJEB535),protein_coding,trtricprjeb535
TTRE10890,TTRE10890_t1,255,protein_coding,,Trichuris trichiura (PRJEB535),protein_coding,trtricprjeb535
TTRE227,TTRE227_t1,216,protein_coding,,Trichuris trichiura (PRJEB535),protein_coding,trtricprjeb535
TTRE7867,TTRE7867_t1,319,protein_coding,,Trichuris trichiura (PRJEB535),protein_coding,trtricprjeb535
TTRE8174,TTRE8174_t1,287,protein_coding,Small conductance calcium-activated potassium channel protein  [Source:UniProtKB/TrEMBL;Acc:A0A077ZGQ4],Trichuris trichiura (PRJEB535),protein_coding,trtricprjeb535
TTRE2566,TTRE2566_t1,146,protein_coding,,Trichuris trichiura (PRJEB535),protein_coding,trtricprjeb535
TTRE1175,TTRE1175_t1,537,protein_coding,GATOR complex protein NPRL3  [Source:UniProtKB/TrEMBL;Acc:A0A077Z197],Trichuris trichiura (PRJEB535),protein_coding,trtricprjeb535
TTRE2450,TTRE2450_t1,827,protein_coding,,Trichuris trichiura (PRJEB535),protein_coding,trtricprjeb535
TTRE9867,TTRE9867_t1,523,protein_coding,,Trichuris trichiura (PRJEB535),protein_coding,trtricprjeb535
TTRE7872,TTRE7872_t1,640,protein_coding,,Trichuris trichiura (PRJEB535),protein_coding,trtricprjeb535
TTRE2863,TTRE2863_t1,206,protein_coding,Fumarylacetoacetase  [Source:UniProtKB/TrEMBL;Acc:A0A077Z6T9],Trichuris trichiura (PRJEB535),protein_coding,trtricprjeb535
TTRE2930,TTRE2930_t1,149,protein_coding,,Trichuris trichiura (PRJEB535),protein_coding,trtricprjeb535
TTRE2149,TTRE2149_t1,220,protein_coding,,Trichuris trichiura (PRJEB535),protein_coding,trtricprjeb535
TTRE11265,TTRE11265_t1,476,protein_coding,Splicing factor 3B subunit 3  [Source:UniProtKB/TrEMBL;Acc:A0A077Z2I3],Trichuris trichiura (PRJEB535),protein_coding,trtricprjeb535
TTRE7865,TTRE7865_t1,221,protein_coding,,Trichuris trichiura (PRJEB535),protein_coding,trtricprjeb535
TTRE7599,TTRE7599_t1,302,protein_coding,,Trichuris trichiura (PRJEB535),protein_coding,trtricprjeb535
TTRE7817,TTRE7817_t1,179,protein_coding,,Trichuris trichiura (PRJEB535),protein_coding,trtricprjeb535
TTRE12210,TTRE12210_t1,221,protein_coding,,Trichuris trichiura (PRJEB535),protein_coding,trtricprjeb535
TTRE11024,TTRE11024_t1,294,protein_coding,Mitochondrial chaperone BCS1  [Source:UniProtKB/TrEMBL;Acc:A0A077ZE24],Trichuris trichiura (PRJEB535),protein_coding,trtricprjeb535
TTRE2615,TTRE2615_t1,1724,protein_coding,,Trichuris trichiura (PRJEB535),protein_coding,trtricprjeb535
TTRE6334,TTRE6334_t1,413,protein_coding,,Trichuris trichiura (PRJEB535),protein_coding,trtricprjeb535
TTRE3113,TTRE3113_t1,329,protein_coding,,Trichuris trichiura (PRJEB535),protein_coding,trtricprjeb535
TTRE6640,TTRE6640_t1,404,protein_coding,,Trichuris trichiura (PRJEB535),protein_coding,trtricprjeb535
TTRE6874,TTRE6874_t1,402,protein_coding,,Trichuris trichiura (PRJEB535),protein_coding,trtricprjeb535
TTRE8974,TTRE8974_t1,245,protein_coding,,Trichuris trichiura (PRJEB535),protein_coding,trtricprjeb535
TTRE1598,TTRE1598_t1,137,protein_coding,,Trichuris trichiura (PRJEB535),protein_coding,trtricprjeb535
TTRE4281,TTRE4281_t1,233,protein_coding,Amino acid transporter  [Source:UniProtKB/TrEMBL;Acc:A0A077ZGD9],Trichuris trichiura (PRJEB535),protein_coding,trtricprjeb535
TTRE6797,TTRE6797_t1,494,protein_coding,DUF4371 domain containing protein  [Source:UniProtKB/TrEMBL;Acc:A0A077ZNB5],Trichuris trichiura (PRJEB535),protein_coding,trtricprjeb535
TTRE12280,TTRE12280_t1,173,protein_coding,,Trichuris trichiura (PRJEB535),protein_coding,trtricprjeb535
TTRE66,TTRE66_t1,171,protein_coding,,Trichuris trichiura (PRJEB535),protein_coding,trtricprjeb535
TTRE9163,TTRE9163_t1,307,protein_coding,,Trichuris trichiura (PRJEB535),protein_coding,trtricprjeb535
TTRE1609,TTRE1609_t1,1011,protein_coding,WH2 motif protein  [Source:UniProtKB/TrEMBL;Acc:A0A077Z1M6],Trichuris trichiura (PRJEB535),protein_coding,trtricprjeb535
TTRE4265,TTRE4265_t1,371,protein_coding,,Trichuris trichiura (PRJEB535),protein_coding,trtricprjeb535
TTRE3748,TTRE3748_t1,494,protein_coding,,Trichuris trichiura (PRJEB535),protein_coding,trtricprjeb535
TTRE299,TTRE299_t1,785,protein_coding,Serpin domain containing protein  [Source:UniProtKB/TrEMBL;Acc:A0A077Z1Z4],Trichuris trichiura (PRJEB535),protein_coding,trtricprjeb535
TTRE3178,TTRE3178_t1,99,protein_coding,,Trichuris trichiura (PRJEB535),protein_coding,trtricprjeb535
TTRE9904,TTRE9904_t1,304,protein_coding,"Succinate--CoA ligase [ADP-forming] subunit beta, mitochondrial  [Source:UniProtKB/TrEMBL;Acc:A0A077ZA78]",Trichuris trichiura (PRJEB535),protein_coding,trtricprjeb535
TTRE9770,TTRE9770_t1,266,protein_coding,,Trichuris trichiura (PRJEB535),protein_coding,trtricprjeb535
TTRE9801,TTRE9801_t1,338,protein_coding,,Trichuris trichiura (PRJEB535),protein_coding,trtricprjeb535
TTRE10615,TTRE10615_t1,5393,protein_coding,,Trichuris trichiura (PRJEB535),protein_coding,trtricprjeb535
TTRE8884,TTRE8884_t1,151,protein_coding,,Trichuris trichiura (PRJEB535),protein_coding,trtricprjeb535
TTRE750,TTRE750_t1,237,protein_coding,,Trichuris trichiura (PRJEB535),protein_coding,trtricprjeb535
TTRE2525,TTRE2525_t1,652,protein_coding,,Trichuris trichiura (PRJEB535),protein_coding,trtricprjeb535
TTRE3164,TTRE3164_t1,884,protein_coding,Metalloproteinase inhibitor 3  [Source:UniProtKB/TrEMBL;Acc:A0A077ZCF6],Trichuris trichiura (PRJEB535),protein_coding,trtricprjeb535
TTRE2670,TTRE2670_t1,1415,protein_coding,protein-histidine N-methyltransferase  [Source:UniProtKB/TrEMBL;Acc:A0A077ZDX4],Trichuris trichiura (PRJEB535),protein_coding,trtricprjeb535
TTRE11654,TTRE11654_t1,232,protein_coding,,Trichuris trichiura (PRJEB535),protein_coding,trtricprjeb535
TTRE10932,TTRE10932_t1,770,protein_coding,,Trichuris trichiura (PRJEB535),protein_coding,trtricprjeb535
TTRE5907,TTRE5907_t1,776,protein_coding,,Trichuris trichiura (PRJEB535),protein_coding,trtricprjeb535
TTRE3913,TTRE3913_t1,659,protein_coding,Autophagy-related protein 101  [Source:UniProtKB/TrEMBL;Acc:A0A077ZFE7],Trichuris trichiura (PRJEB535),protein_coding,trtricprjeb535
TTRE20,TTRE20_t1,373,protein_coding,,Trichuris trichiura (PRJEB535),protein_coding,trtricprjeb535
TTRE5558,TTRE5558_t1,123,protein_coding,,Trichuris trichiura (PRJEB535),protein_coding,trtricprjeb535
TTRE8482,TTRE8482_t1,378,protein_coding,,Trichuris trichiura (PRJEB535),protein_coding,trtricprjeb535
TTRE2857,TTRE2857_t1,739,protein_coding,,Trichuris trichiura (PRJEB535),protein_coding,trtricprjeb535
TTRE7001,TTRE7001_t1,449,protein_coding,,Trichuris trichiura (PRJEB535),protein_coding,trtricprjeb535
TTRE11012,TTRE11012_t1,205,protein_coding,,Trichuris trichiura (PRJEB535),protein_coding,trtricprjeb535
TTRE5448,TTRE5448_t1,1026,protein_coding,Ig-like domain-containing protein  [Source:UniProtKB/TrEMBL;Acc:A0A077YYG9],Trichuris trichiura (PRJEB535),protein_coding,trtricprjeb535
TTRE2428,TTRE2428_t1,199,protein_coding,40S ribosomal protein S20  [Source:UniProtKB/TrEMBL;Acc:A0A077Z6G4],Trichuris trichiura (PRJEB535),protein_coding,trtricprjeb535
TTRE1834,TTRE1834_t1,242,protein_coding,Proliferation associated protein 2g4  [Source:UniProtKB/TrEMBL;Acc:A0A077YZ84],Trichuris trichiura (PRJEB535),protein_coding,trtricprjeb535
TTRE1760,TTRE1760_t1,131,protein_coding,,Trichuris trichiura (PRJEB535),protein_coding,trtricprjeb535
TTRE892,TTRE892_t1,164,protein_coding,60S ribosomal protein L27a  [Source:UniProtKB/TrEMBL;Acc:A0A077ZIC6],Trichuris trichiura (PRJEB535),protein_coding,trtricprjeb535
TTRE6446,TTRE6446_t1,181,protein_coding,,Trichuris trichiura (PRJEB535),protein_coding,trtricprjeb535
TTRE11758,TTRE11758_t1,584,protein_coding,,Trichuris trichiura (PRJEB535),protein_coding,trtricprjeb535
TTRE8948,TTRE8948_t1,239,protein_coding,Ubiquitin carboxyl-terminal hydrolase  [Source:UniProtKB/TrEMBL;Acc:A0A077Z2F1],Trichuris trichiura (PRJEB535),protein_coding,trtricprjeb535
TTRE1891,TTRE1891_t1,270,protein_coding,,Trichuris trichiura (PRJEB535),protein_coding,trtricprjeb535
TTRE7339,TTRE7339_t1,188,protein_coding,,Trichuris trichiura (PRJEB535),protein_coding,trtricprjeb535
TTRE10796,TTRE10796_t1,470,protein_coding,,Trichuris trichiura (PRJEB535),protein_coding,trtricprjeb535
TTRE12162,TTRE12162_t1,541,protein_coding,"Myosin, light chain 12  [Source:UniProtKB/TrEMBL;Acc:A0A077ZEB2]",Trichuris trichiura (PRJEB535),protein_coding,trtricprjeb535
TTRE10501,TTRE10501_t1,1484,protein_coding,,Trichuris trichiura (PRJEB535),protein_coding,trtricprjeb535
TTRE4184,TTRE4184_t1,230,protein_coding,,Trichuris trichiura (PRJEB535),protein_coding,trtricprjeb535
TTRE1630,TTRE1630_t1,225,protein_coding,,Trichuris trichiura (PRJEB535),protein_coding,trtricprjeb535
TTRE8350,TTRE8350_t1,388,protein_coding,,Trichuris trichiura (PRJEB535),protein_coding,trtricprjeb535
TTRE934,TTRE934_t1,758,protein_coding,,Trichuris trichiura (PRJEB535),protein_coding,trtricprjeb535
TTRE1686,TTRE1686_t1,482,protein_coding,,Trichuris trichiura (PRJEB535),protein_coding,trtricprjeb535
TTRE914,TTRE914_t1,383,protein_coding,,Trichuris trichiura (PRJEB535),protein_coding,trtricprjeb535
TTRE5796,TTRE5796_t1,276,protein_coding,,Trichuris trichiura (PRJEB535),protein_coding,trtricprjeb535
TTRE799,TTRE799_t2,161,protein_coding,,Trichuris trichiura (PRJEB535),protein_coding,trtricprjeb535
TTRE1742,TTRE1742_t1,261,protein_coding,CX9C domain-containing protein  [Source:UniProtKB/TrEMBL;Acc:A0A077YYL1],Trichuris trichiura (PRJEB535),protein_coding,trtricprjeb535
TTRE8644,TTRE8644_t1,250,protein_coding,Eukaryotic translation initiation  [Source:UniProtKB/TrEMBL;Acc:A0A077Z0K6],Trichuris trichiura (PRJEB535),protein_coding,trtricprjeb535
TTRE8780,TTRE8780_t1,262,protein_coding,,Trichuris trichiura (PRJEB535),protein_coding,trtricprjeb535
TTRE1495,TTRE1495_t1,175,protein_coding,Pyridine nucleotide disulfide oxidoreductase  [Source:UniProtKB/TrEMBL;Acc:A0A077ZB56],Trichuris trichiura (PRJEB535),protein_coding,trtricprjeb535
TTRE2756,TTRE2756_t1,495,protein_coding,Zf-C2H2 3 and Acetyltransf 13 domain containing p rotein  [Source:UniProtKB/TrEMBL;Acc:A0A077Z8Z1],Trichuris trichiura (PRJEB535),protein_coding,trtricprjeb535
TTRE7271,TTRE7271_t1,388,protein_coding,,Trichuris trichiura (PRJEB535),protein_coding,trtricprjeb535
TTRE1341,TTRE1341_t1,293,protein_coding,,Trichuris trichiura (PRJEB535),protein_coding,trtricprjeb535
TTRE2120,TTRE2120_t1,137,protein_coding,,Trichuris trichiura (PRJEB535),protein_coding,trtricprjeb535
TTRE2553,TTRE2553_t1,241,protein_coding,,Trichuris trichiura (PRJEB535),protein_coding,trtricprjeb535
TTRE3574,TTRE3574_t1,1112,protein_coding,,Trichuris trichiura (PRJEB535),protein_coding,trtricprjeb535
TTRE3469,TTRE3469_t1,163,protein_coding,,Trichuris trichiura (PRJEB535),protein_coding,trtricprjeb535
TTRE3636,TTRE3636_t1,232,protein_coding,,Trichuris trichiura (PRJEB535),protein_coding,trtricprjeb535
TTRE5385,TTRE5385_t1,129,protein_coding,,Trichuris trichiura (PRJEB535),protein_coding,trtricprjeb535
TTRE4809,TTRE4809_t1,309,protein_coding,,Trichuris trichiura (PRJEB535),protein_coding,trtricprjeb535
TTRE1200,TTRE1200_t1,277,protein_coding,,Trichuris trichiura (PRJEB535),protein_coding,trtricprjeb535
TTRE3219,TTRE3219_t1,131,protein_coding,,Trichuris trichiura (PRJEB535),protein_coding,trtricprjeb535
TTRE11510,TTRE11510_t1,1100,protein_coding,,Trichuris trichiura (PRJEB535),protein_coding,trtricprjeb535
TTRE10218,TTRE10218_t1,458,protein_coding,,Trichuris trichiura (PRJEB535),protein_coding,trtricprjeb535
TTRE10763,TTRE10763_t1,425,protein_coding,,Trichuris trichiura (PRJEB535),protein_coding,trtricprjeb535
TTRE10320,TTRE10320_t1,3916,protein_coding,,Trichuris trichiura (PRJEB535),protein_coding,trtricprjeb535
TTRE7779,TTRE7779_t1,578,protein_coding,,Trichuris trichiura (PRJEB535),protein_coding,trtricprjeb535
TTRE3280,TTRE3280_t1,221,protein_coding,,Trichuris trichiura (PRJEB535),protein_coding,trtricprjeb535
TTRE6041,TTRE6041_t1,178,protein_coding,,Trichuris trichiura (PRJEB535),protein_coding,trtricprjeb535
TTRE1907,TTRE1907_t1,280,protein_coding,,Trichuris trichiura (PRJEB535),protein_coding,trtricprjeb535
TTRE6709,TTRE6709_t1,1340,protein_coding,,Trichuris trichiura (PRJEB535),protein_coding,trtricprjeb535
TTRE12231,TTRE12231_t1,191,protein_coding,,Trichuris trichiura (PRJEB535),protein_coding,trtricprjeb535
TTRE3314,TTRE3314_t1,437,protein_coding,,Trichuris trichiura (PRJEB535),protein_coding,trtricprjeb535
TTRE9850,TTRE9850_t1,212,protein_coding,,Trichuris trichiura (PRJEB535),protein_coding,trtricprjeb535
TTRE7055,TTRE7055_t1,347,protein_coding,,Trichuris trichiura (PRJEB535),protein_coding,trtricprjeb535
TTRE3090,TTRE3090_t1,428,protein_coding,,Trichuris trichiura (PRJEB535),protein_coding,trtricprjeb535
TTRE6188,TTRE6188_t1,278,protein_coding,Glycosyltransferase family 4 protein  [Source:UniProtKB/TrEMBL;Acc:A0A077ZHU1],Trichuris trichiura (PRJEB535),protein_coding,trtricprjeb535
TTRE5438,TTRE5438_t2,606,protein_coding,,Trichuris trichiura (PRJEB535),protein_coding,trtricprjeb535
TTRE1653,TTRE1653_t1,333,protein_coding,,Trichuris trichiura (PRJEB535),protein_coding,trtricprjeb535
TTRE11111,TTRE11111_t1,485,protein_coding,DNA pol E B domain containing protein  [Source:UniProtKB/TrEMBL;Acc:A0A077ZM45],Trichuris trichiura (PRJEB535),protein_coding,trtricprjeb535
TTRE8737,TTRE8737_t1,383,protein_coding,,Trichuris trichiura (PRJEB535),protein_coding,trtricprjeb535
TTRE12514,TTRE12514_t1,332,protein_coding,,Trichuris trichiura (PRJEB535),protein_coding,trtricprjeb535
TTRE12177,TTRE12177_t1,247,protein_coding,,Trichuris trichiura (PRJEB535),protein_coding,trtricprjeb535
TTRE1826,TTRE1826_t1,640,protein_coding,,Trichuris trichiura (PRJEB535),protein_coding,trtricprjeb535
TTRE12623,TTRE12623_t1,467,protein_coding,,Trichuris trichiura (PRJEB535),protein_coding,trtricprjeb535
TTRE9007,TTRE9007_t1,1226,protein_coding,Homeobox domain containing protein  [Source:UniProtKB/TrEMBL;Acc:A0A077YYT7],Trichuris trichiura (PRJEB535),protein_coding,trtricprjeb535
TTRE9157,TTRE9157_t1,1441,protein_coding,Deleted in malignant brain tumors 1 protein  [Source:UniProtKB/TrEMBL;Acc:A0A077YYE6],Trichuris trichiura (PRJEB535),protein_coding,trtricprjeb535
TTRE693,TTRE693_t1,308,protein_coding,,Trichuris trichiura (PRJEB535),protein_coding,trtricprjeb535
TTRE6456,TTRE6456_t1,241,protein_coding,Survival of motor neuron splicing factor  [Source:UniProtKB/TrEMBL;Acc:A0A077ZED3],Trichuris trichiura (PRJEB535),protein_coding,trtricprjeb535
TTRE1779,TTRE1779_t1,155,protein_coding,"Peptidase, M16 family  [Source:UniProtKB/TrEMBL;Acc:A0A077YXB9]",Trichuris trichiura (PRJEB535),protein_coding,trtricprjeb535
TTRE6864,TTRE6864_t1,446,protein_coding,,Trichuris trichiura (PRJEB535),protein_coding,trtricprjeb535
TTRE3888,TTRE3888_t1,314,protein_coding,,Trichuris trichiura (PRJEB535),protein_coding,trtricprjeb535
TTRE2022,TTRE2022_t1,323,protein_coding,Leishmanolysin-like peptidase  [Source:UniProtKB/TrEMBL;Acc:A0A077Z9U2],Trichuris trichiura (PRJEB535),protein_coding,trtricprjeb535
TTRE4919,TTRE4919_t1,986,protein_coding,Exportin 1  [Source:UniProtKB/TrEMBL;Acc:A0A077Z2P8],Trichuris trichiura (PRJEB535),protein_coding,trtricprjeb535
TTRE8988,TTRE8988_t1,665,protein_coding,,Trichuris trichiura (PRJEB535),protein_coding,trtricprjeb535
TTRE10478,TTRE10478_t1,808,protein_coding,,Trichuris trichiura (PRJEB535),protein_coding,trtricprjeb535
TTRE379,TTRE379_t1,189,protein_coding,G protein-coupled receptor kinase  [Source:UniProtKB/TrEMBL;Acc:A0A077ZF00],Trichuris trichiura (PRJEB535),protein_coding,trtricprjeb535
TTRE1043,TTRE1043_t1,396,protein_coding,RBR-type E3 ubiquitin transferase  [Source:UniProtKB/TrEMBL;Acc:A0A077YW68],Trichuris trichiura (PRJEB535),protein_coding,trtricprjeb535
TTRE4388,TTRE4388_t1,208,protein_coding,,Trichuris trichiura (PRJEB535),protein_coding,trtricprjeb535
TTRE1660,TTRE1660_t1,362,protein_coding,,Trichuris trichiura (PRJEB535),protein_coding,trtricprjeb535
TTRE7536,TTRE7536_t1,305,protein_coding,,Trichuris trichiura (PRJEB535),protein_coding,trtricprjeb535
TTRE9538,TTRE9538_t1,899,protein_coding,,Trichuris trichiura (PRJEB535),protein_coding,trtricprjeb535
TTRE1736,TTRE1736_t1,389,protein_coding,Col cuticle N and Collagen domain containing prot ein  [Source:UniProtKB/TrEMBL;Acc:A0A077Z7U8],Trichuris trichiura (PRJEB535),protein_coding,trtricprjeb535
TTRE3276,TTRE3276_t1,304,protein_coding,,Trichuris trichiura (PRJEB535),protein_coding,trtricprjeb535
TTRE7864,TTRE7864_t1,215,protein_coding,,Trichuris trichiura (PRJEB535),protein_coding,trtricprjeb535
TTRE1917,TTRE1917_t1,272,protein_coding,,Trichuris trichiura (PRJEB535),protein_coding,trtricprjeb535
TTRE9627,TTRE9627_t1,497,protein_coding,,Trichuris trichiura (PRJEB535),protein_coding,trtricprjeb535
TTRE5922,TTRE5922_t1,473,protein_coding,,Trichuris trichiura (PRJEB535),protein_coding,trtricprjeb535
TTRE4294,TTRE4294_t1,235,protein_coding,Ufd2P core and U-box domain containing protein  [Source:UniProtKB/TrEMBL;Acc:A0A077ZD73],Trichuris trichiura (PRJEB535),protein_coding,trtricprjeb535
TTRE7390,TTRE7390_t1,380,protein_coding,,Trichuris trichiura (PRJEB535),protein_coding,trtricprjeb535
TTRE7557,TTRE7557_t1,861,protein_coding,,Trichuris trichiura (PRJEB535),protein_coding,trtricprjeb535
TTRE10041,TTRE10041_t1,213,protein_coding,,Trichuris trichiura (PRJEB535),protein_coding,trtricprjeb535
TTRE711,TTRE711_t1,325,protein_coding,,Trichuris trichiura (PRJEB535),protein_coding,trtricprjeb535
TTRE8848,TTRE8848_t1,221,protein_coding,,Trichuris trichiura (PRJEB535),protein_coding,trtricprjeb535
TTRE7452,TTRE7452_t1,877,protein_coding,Uncoordinated protein 58  [Source:UniProtKB/TrEMBL;Acc:A0A077ZE35],Trichuris trichiura (PRJEB535),protein_coding,trtricprjeb535
TTRE8735,TTRE8735_t1,341,protein_coding,,Trichuris trichiura (PRJEB535),protein_coding,trtricprjeb535
TTRE1804,TTRE1804_t1,204,protein_coding,,Trichuris trichiura (PRJEB535),protein_coding,trtricprjeb535
TTRE3662,TTRE3662_t1,310,protein_coding,,Trichuris trichiura (PRJEB535),protein_coding,trtricprjeb535
TTRE450,TTRE450_t1,1316,protein_coding,,Trichuris trichiura (PRJEB535),protein_coding,trtricprjeb535
TTRE10563,TTRE10563_t1,3878,protein_coding,,Trichuris trichiura (PRJEB535),protein_coding,trtricprjeb535
TTRE11036,TTRE11036_t1,435,protein_coding,,Trichuris trichiura (PRJEB535),protein_coding,trtricprjeb535
TTRE12454,TTRE12454_t1,414,protein_coding,,Trichuris trichiura (PRJEB535),protein_coding,trtricprjeb535
TTRE10686,TTRE10686_t1,773,protein_coding,,Trichuris trichiura (PRJEB535),protein_coding,trtricprjeb535
TTRE5925,TTRE5925_t1,528,protein_coding,,Trichuris trichiura (PRJEB535),protein_coding,trtricprjeb535
TTRE3394,TTRE3394_t1,238,protein_coding,,Trichuris trichiura (PRJEB535),protein_coding,trtricprjeb535
TTRE444,TTRE444_t1,988,protein_coding,2'-5' oligoadenylate synthase  [Source:UniProtKB/TrEMBL;Acc:A0A077Z677],Trichuris trichiura (PRJEB535),protein_coding,trtricprjeb535
TTRE1075,TTRE1075_t1,167,protein_coding,,Trichuris trichiura (PRJEB535),protein_coding,trtricprjeb535
TTRE4874,TTRE4874_t1,274,protein_coding,,Trichuris trichiura (PRJEB535),protein_coding,trtricprjeb535
TTRE10659,TTRE10659_t1,187,protein_coding,,Trichuris trichiura (PRJEB535),protein_coding,trtricprjeb535
TTRE5732,TTRE5732_t1,216,protein_coding,,Trichuris trichiura (PRJEB535),protein_coding,trtricprjeb535
TTRE5561,TTRE5561_t1,276,protein_coding,,Trichuris trichiura (PRJEB535),protein_coding,trtricprjeb535
TTRE3277,TTRE3277_t3,934,protein_coding,,Trichuris trichiura (PRJEB535),protein_coding,trtricprjeb535
TTRE8641,TTRE8641_t1,174,protein_coding,,Trichuris trichiura (PRJEB535),protein_coding,trtricprjeb535
TTRE8916,TTRE8916_t1,203,protein_coding,,Trichuris trichiura (PRJEB535),protein_coding,trtricprjeb535
TTRE11254,TTRE11254_t1,228,protein_coding,CTD nuclear envelope phosphatase 1  [Source:UniProtKB/TrEMBL;Acc:A0A077ZD83],Trichuris trichiura (PRJEB535),protein_coding,trtricprjeb535
TTRE1382,TTRE1382_t1,368,protein_coding,,Trichuris trichiura (PRJEB535),protein_coding,trtricprjeb535
TTRE10244,TTRE10244_t1,287,protein_coding,,Trichuris trichiura (PRJEB535),protein_coding,trtricprjeb535
TTRE172,TTRE172_t1,129,protein_coding,,Trichuris trichiura (PRJEB535),protein_coding,trtricprjeb535
TTRE8993,TTRE8993_t1,267,protein_coding,,Trichuris trichiura (PRJEB535),protein_coding,trtricprjeb535
TTRE8996,TTRE8996_t1,332,protein_coding,,Trichuris trichiura (PRJEB535),protein_coding,trtricprjeb535
TTRE3958,TTRE3958_t1,1610,protein_coding,Zf-C2H2 4 and zf-C2H2 domain containing protein  [Source:UniProtKB/TrEMBL;Acc:A0A077Z300],Trichuris trichiura (PRJEB535),protein_coding,trtricprjeb535
TTRE9846,TTRE9846_t1,256,protein_coding,,Trichuris trichiura (PRJEB535),protein_coding,trtricprjeb535
TTRE26,TTRE26_t1,189,protein_coding,,Trichuris trichiura (PRJEB535),protein_coding,trtricprjeb535
TTRE11422,TTRE11422_t1,179,protein_coding,Superoxide dismutase  [Source:UniProtKB/TrEMBL;Acc:A0A077Z4X9],Trichuris trichiura (PRJEB535),protein_coding,trtricprjeb535
TTRE7158,TTRE7158_t1,683,protein_coding,,Trichuris trichiura (PRJEB535),protein_coding,trtricprjeb535
TTRE6832,TTRE6832_t1,896,protein_coding,,Trichuris trichiura (PRJEB535),protein_coding,trtricprjeb535
TTRE12521,TTRE12521_t1,518,protein_coding,,Trichuris trichiura (PRJEB535),protein_coding,trtricprjeb535
TTRE8668,TTRE8668_t1,196,protein_coding,,Trichuris trichiura (PRJEB535),protein_coding,trtricprjeb535
TTRE933,TTRE933_t1,121,protein_coding,,Trichuris trichiura (PRJEB535),protein_coding,trtricprjeb535
TTRE12480,TTRE12480_t1,227,protein_coding,,Trichuris trichiura (PRJEB535),protein_coding,trtricprjeb535
TTRE12243,TTRE12243_t1,362,protein_coding,,Trichuris trichiura (PRJEB535),protein_coding,trtricprjeb535
TTRE8701,TTRE8701_t1,231,protein_coding,,Trichuris trichiura (PRJEB535),protein_coding,trtricprjeb535
TTRE2421,TTRE2421_t4,284,protein_coding,,Trichuris trichiura (PRJEB535),protein_coding,trtricprjeb535
TTRE11880,TTRE11880_t1,326,protein_coding,,Trichuris trichiura (PRJEB535),protein_coding,trtricprjeb535
TTRE10831,TTRE10831_t1,1034,protein_coding,Galactose-1-phosphate uridylyltransferase  [Source:UniProtKB/TrEMBL;Acc:A0A077Z3S3],Trichuris trichiura (PRJEB535),protein_coding,trtricprjeb535
TTRE3073,TTRE3073_t1,258,protein_coding,,Trichuris trichiura (PRJEB535),protein_coding,trtricprjeb535
TTRE4365,TTRE4365_t1,256,protein_coding,AP complex subunit beta  [Source:UniProtKB/TrEMBL;Acc:A0A077ZF94],Trichuris trichiura (PRJEB535),protein_coding,trtricprjeb535
TTRE5526,TTRE5526_t1,224,protein_coding,Preprotein translocase subunit SecG  [Source:UniProtKB/TrEMBL;Acc:A0A077ZHQ0],Trichuris trichiura (PRJEB535),protein_coding,trtricprjeb535
TTRE11607,TTRE11607_t1,2519,protein_coding,,Trichuris trichiura (PRJEB535),protein_coding,trtricprjeb535
TTRE10450,TTRE10450_t1,304,protein_coding,,Trichuris trichiura (PRJEB535),protein_coding,trtricprjeb535
TTRE9860,TTRE9860_t1,326,protein_coding,Isocitrate dehydrogenase [NADP]  [Source:UniProtKB/TrEMBL;Acc:A0A077Z3N3],Trichuris trichiura (PRJEB535),protein_coding,trtricprjeb535
TTRE5238,TTRE5238_t1,317,protein_coding,,Trichuris trichiura (PRJEB535),protein_coding,trtricprjeb535
TTRE7155,TTRE7155_t1,816,protein_coding,,Trichuris trichiura (PRJEB535),protein_coding,trtricprjeb535
TTRE1365,TTRE1365_t1,281,protein_coding,,Trichuris trichiura (PRJEB535),protein_coding,trtricprjeb535
TTRE12579,TTRE12579_t1,649,protein_coding,,Trichuris trichiura (PRJEB535),protein_coding,trtricprjeb535
TTRE615,TTRE615_t1,237,protein_coding,,Trichuris trichiura (PRJEB535),protein_coding,trtricprjeb535
TTRE1222,TTRE1222_t1,160,protein_coding,Putative histone h3 lys4 methyltransferase comple x and rna cleavage factor ii complex subunit swd2  [Source:UniProtKB/TrEMBL;Acc:A0A077Z558],Trichuris trichiura (PRJEB535),protein_coding,trtricprjeb535
TTRE11800,TTRE11800_t1,821,protein_coding,,Trichuris trichiura (PRJEB535),protein_coding,trtricprjeb535
TTRE9524,TTRE9524_t1,506,protein_coding,,Trichuris trichiura (PRJEB535),protein_coding,trtricprjeb535
TTRE3503,TTRE3503_t1,1004,protein_coding,DnaJ domain containing protein  [Source:UniProtKB/TrEMBL;Acc:A0A077Z798],Trichuris trichiura (PRJEB535),protein_coding,trtricprjeb535
TTRE9338,TTRE9338_t1,1055,protein_coding,,Trichuris trichiura (PRJEB535),protein_coding,trtricprjeb535
TTRE3789,TTRE3789_t1,1655,protein_coding,,Trichuris trichiura (PRJEB535),protein_coding,trtricprjeb535
TTRE253,TTRE253_t1,1190,protein_coding,,Trichuris trichiura (PRJEB535),protein_coding,trtricprjeb535
TTRE1650,TTRE1650_t1,363,protein_coding,PALP domain containing protein  [Source:UniProtKB/TrEMBL;Acc:A0A077ZG83],Trichuris trichiura (PRJEB535),protein_coding,trtricprjeb535
TTRE5049,TTRE5049_t1,193,protein_coding,ATP-dependent Clp protease proteolytic subunit  [Source:UniProtKB/TrEMBL;Acc:A0A077ZB49],Trichuris trichiura (PRJEB535),protein_coding,trtricprjeb535
TTRE10193,TTRE10193_t1,692,protein_coding,,Trichuris trichiura (PRJEB535),protein_coding,trtricprjeb535
TTRE5245,TTRE5245_t1,395,protein_coding,,Trichuris trichiura (PRJEB535),protein_coding,trtricprjeb535
TTRE7724,TTRE7724_t1,208,protein_coding,Tubulin 3 and Misat Tub SegII domain containing p rotein  [Source:UniProtKB/TrEMBL;Acc:A0A077ZG47],Trichuris trichiura (PRJEB535),protein_coding,trtricprjeb535
TTRE2045,TTRE2045_t1,1484,protein_coding,Sulfotransfer_1 domain-containing protein  [Source:UniProtKB/TrEMBL;Acc:A0A077Z5T1],Trichuris trichiura (PRJEB535),protein_coding,trtricprjeb535
TTRE10695,TTRE10695_t1,810,protein_coding,,Trichuris trichiura (PRJEB535),protein_coding,trtricprjeb535
TTRE4308,TTRE4308_t1,235,protein_coding,,Trichuris trichiura (PRJEB535),protein_coding,trtricprjeb535
TTRE11882,TTRE11882_t1,230,protein_coding,,Trichuris trichiura (PRJEB535),protein_coding,trtricprjeb535
TTRE12421,TTRE12421_t1,197,protein_coding,,Trichuris trichiura (PRJEB535),protein_coding,trtricprjeb535
TTRE9603,TTRE9603_t1,743,protein_coding,,Trichuris trichiura (PRJEB535),protein_coding,trtricprjeb535
TTRE6793,TTRE6793_t1,306,protein_coding,,Trichuris trichiura (PRJEB535),protein_coding,trtricprjeb535
TTRE7326,TTRE7326_t1,268,protein_coding,Peptidase M41 and AAA domain containing protein  [Source:UniProtKB/TrEMBL;Acc:A0A077ZJ81],Trichuris trichiura (PRJEB535),protein_coding,trtricprjeb535
TTRE7076,TTRE7076_t1,2915,protein_coding,Retrovirus-related Pol polyprotein from transposo n TNT 1-94  [Source:UniProtKB/TrEMBL;Acc:A0A077YZE4],Trichuris trichiura (PRJEB535),protein_coding,trtricprjeb535
TTRE6116,TTRE6116_t1,449,protein_coding,,Trichuris trichiura (PRJEB535),protein_coding,trtricprjeb535
TTRE3062,TTRE3062_t1,402,protein_coding,,Trichuris trichiura (PRJEB535),protein_coding,trtricprjeb535
TTRE4638,TTRE4638_t1,293,protein_coding,DNA excision repair protein ERCC 6  [Source:UniProtKB/TrEMBL;Acc:A0A077Z3W6],Trichuris trichiura (PRJEB535),protein_coding,trtricprjeb535
TTRE7769,TTRE7769_t1,178,protein_coding,,Trichuris trichiura (PRJEB535),protein_coding,trtricprjeb535
TTRE11476,TTRE11476_t1,539,protein_coding,RRM 1 domain containing protein  [Source:UniProtKB/TrEMBL;Acc:A0A077ZAK5],Trichuris trichiura (PRJEB535),protein_coding,trtricprjeb535
TTRE6619,TTRE6619_t1,297,protein_coding,,Trichuris trichiura (PRJEB535),protein_coding,trtricprjeb535
TTRE7685,TTRE7685_t1,1152,protein_coding,Protein SPRR 1  [Source:UniProtKB/TrEMBL;Acc:A0A077YYY4],Trichuris trichiura (PRJEB535),protein_coding,trtricprjeb535
TTRE2315,TTRE2315_t1,198,protein_coding,,Trichuris trichiura (PRJEB535),protein_coding,trtricprjeb535
TTRE1940,TTRE1940_t1,348,protein_coding,,Trichuris trichiura (PRJEB535),protein_coding,trtricprjeb535
TTRE12002,TTRE12002_t1,508,protein_coding,,Trichuris trichiura (PRJEB535),protein_coding,trtricprjeb535
TTRE9394,TTRE9394_t1,295,protein_coding,,Trichuris trichiura (PRJEB535),protein_coding,trtricprjeb535
TTRE4156,TTRE4156_t1,455,protein_coding,,Trichuris trichiura (PRJEB535),protein_coding,trtricprjeb535
TTRE10830,TTRE10830_t1,232,protein_coding,,Trichuris trichiura (PRJEB535),protein_coding,trtricprjeb535
TTRE5341,TTRE5341_t1,171,protein_coding,,Trichuris trichiura (PRJEB535),protein_coding,trtricprjeb535
TTRE2606,TTRE2606_t1,310,protein_coding,DNA polymerase  [Source:UniProtKB/TrEMBL;Acc:A0A077YV06],Trichuris trichiura (PRJEB535),protein_coding,trtricprjeb535
TTRE2998,TTRE2998_t1,201,protein_coding,,Trichuris trichiura (PRJEB535),protein_coding,trtricprjeb535
TTRE5291,TTRE5291_t1,694,protein_coding,,Trichuris trichiura (PRJEB535),protein_coding,trtricprjeb535
TTRE6557,TTRE6557_t1,1547,protein_coding,,Trichuris trichiura (PRJEB535),protein_coding,trtricprjeb535
TTRE3734,TTRE3734_t1,1604,protein_coding,Rho GTPase activating protein 39  [Source:UniProtKB/TrEMBL;Acc:A0A077YZ05],Trichuris trichiura (PRJEB535),protein_coding,trtricprjeb535
TTRE3836,TTRE3836_t1,1100,protein_coding,RNA:RNP complex 1 interacting phosphatase  [Source:UniProtKB/TrEMBL;Acc:A0A077Z8N3],Trichuris trichiura (PRJEB535),protein_coding,trtricprjeb535
TTRE12130,TTRE12130_t1,155,protein_coding,,Trichuris trichiura (PRJEB535),protein_coding,trtricprjeb535
TTRE7606,TTRE7606_t1,800,protein_coding,,Trichuris trichiura (PRJEB535),protein_coding,trtricprjeb535
TTRE7066,TTRE7066_t1,281,protein_coding,,Trichuris trichiura (PRJEB535),protein_coding,trtricprjeb535
TTRE4542,TTRE4542_t1,152,protein_coding,,Trichuris trichiura (PRJEB535),protein_coding,trtricprjeb535
TTRE11253,TTRE11253_t1,263,protein_coding,,Trichuris trichiura (PRJEB535),protein_coding,trtricprjeb535
TTRE11493,TTRE11493_t1,314,protein_coding,,Trichuris trichiura (PRJEB535),protein_coding,trtricprjeb535
TTRE9684,TTRE9684_t1,255,protein_coding,,Trichuris trichiura (PRJEB535),protein_coding,trtricprjeb535
TTRE8688,TTRE8688_t1,165,protein_coding,,Trichuris trichiura (PRJEB535),protein_coding,trtricprjeb535
TTRE8101,TTRE8101_t1,1009,protein_coding,,Trichuris trichiura (PRJEB535),protein_coding,trtricprjeb535
TTRE9379,TTRE9379_t1,2915,protein_coding,Retrovirus-related Pol polyprotein from transposo n TNT 1-94  [Source:UniProtKB/TrEMBL;Acc:A0A077YZE4],Trichuris trichiura (PRJEB535),protein_coding,trtricprjeb535
TTRE1310,TTRE1310_t1,239,protein_coding,,Trichuris trichiura (PRJEB535),protein_coding,trtricprjeb535
TTRE2963,TTRE2963_t3,296,protein_coding,Moesin/ezrin/radixin homolog 1  [Source:UniProtKB/TrEMBL;Acc:A0A077ZIT0],Trichuris trichiura (PRJEB535),protein_coding,trtricprjeb535
TTRE5809,TTRE5809_t1,235,protein_coding,,Trichuris trichiura (PRJEB535),protein_coding,trtricprjeb535
TTRE11375,TTRE11375_t1,179,protein_coding,,Trichuris trichiura (PRJEB535),protein_coding,trtricprjeb535
TTRE550,TTRE550_t1,1216,protein_coding,,Trichuris trichiura (PRJEB535),protein_coding,trtricprjeb535
TTRE12615,TTRE12615_t1,596,protein_coding,,Trichuris trichiura (PRJEB535),protein_coding,trtricprjeb535
TTRE5109,TTRE5109_t1,338,protein_coding,,Trichuris trichiura (PRJEB535),protein_coding,trtricprjeb535
TTRE3287,TTRE3287_t1,1916,protein_coding,KH domain-containing protein  [Source:UniProtKB/TrEMBL;Acc:A0A077ZIT5],Trichuris trichiura (PRJEB535),protein_coding,trtricprjeb535
TTRE4664,TTRE4664_t1,275,protein_coding,,Trichuris trichiura (PRJEB535),protein_coding,trtricprjeb535
TTRE5627,TTRE5627_t1,249,protein_coding,,Trichuris trichiura (PRJEB535),protein_coding,trtricprjeb535
TTRE5730,TTRE5730_t1,235,protein_coding,,Trichuris trichiura (PRJEB535),protein_coding,trtricprjeb535
TTRE3672,TTRE3672_t1,294,protein_coding,,Trichuris trichiura (PRJEB535),protein_coding,trtricprjeb535
TTRE12553,TTRE12553_t1,289,protein_coding,,Trichuris trichiura (PRJEB535),protein_coding,trtricprjeb535
TTRE2321,TTRE2321_t1,932,protein_coding,Pre-mRNA-splicing factor SLU7  [Source:UniProtKB/TrEMBL;Acc:A0A077YVM4],Trichuris trichiura (PRJEB535),protein_coding,trtricprjeb535
TTRE4243,TTRE4243_t1,194,protein_coding,fructose-bisphosphatase  [Source:UniProtKB/TrEMBL;Acc:A0A077Z8N6],Trichuris trichiura (PRJEB535),protein_coding,trtricprjeb535
TTRE5467,TTRE5467_t1,271,protein_coding,,Trichuris trichiura (PRJEB535),protein_coding,trtricprjeb535
TTRE9021,TTRE9021_t1,154,protein_coding,,Trichuris trichiura (PRJEB535),protein_coding,trtricprjeb535
TTRE11040,TTRE11040_t1,1790,protein_coding,,Trichuris trichiura (PRJEB535),protein_coding,trtricprjeb535
TTRE7859,TTRE7859_t1,377,protein_coding,,Trichuris trichiura (PRJEB535),protein_coding,trtricprjeb535
TTRE3289,TTRE3289_t1,1057,protein_coding,Fatty acid amide hydrolase 1  [Source:UniProtKB/TrEMBL;Acc:A0A077YW84],Trichuris trichiura (PRJEB535),protein_coding,trtricprjeb535
TTRE3057,TTRE3057_t1,454,protein_coding,,Trichuris trichiura (PRJEB535),protein_coding,trtricprjeb535
TTRE8683,TTRE8683_t1,1997,protein_coding,EGF and EGF CA domain containing protein  [Source:UniProtKB/TrEMBL;Acc:A0A077ZJH3],Trichuris trichiura (PRJEB535),protein_coding,trtricprjeb535
TTRE2856,TTRE2856_t1,687,protein_coding,"Poly(A) RNA polymerase, mitochondrial  [Source:UniProtKB/TrEMBL;Acc:A0A077ZLU6]",Trichuris trichiura (PRJEB535),protein_coding,trtricprjeb535
TTRE2727,TTRE2727_t1,629,protein_coding,,Trichuris trichiura (PRJEB535),protein_coding,trtricprjeb535
TTRE10943,TTRE10943_t1,272,protein_coding,,Trichuris trichiura (PRJEB535),protein_coding,trtricprjeb535
TTRE10850,TTRE10850_t1,200,protein_coding,,Trichuris trichiura (PRJEB535),protein_coding,trtricprjeb535
TTRE2200,TTRE2200_t1,598,protein_coding,Bifunctional coenzyme A synthase  [Source:UniProtKB/TrEMBL;Acc:A0A077ZDK3],Trichuris trichiura (PRJEB535),protein_coding,trtricprjeb535
TTRE731,TTRE731_t1,306,protein_coding,,Trichuris trichiura (PRJEB535),protein_coding,trtricprjeb535
TTRE6824,TTRE6824_t1,1471,protein_coding,,Trichuris trichiura (PRJEB535),protein_coding,trtricprjeb535
TTRE8625,TTRE8625_t1,1079,protein_coding,,Trichuris trichiura (PRJEB535),protein_coding,trtricprjeb535
TTRE4330,TTRE4330_t1,501,protein_coding,Conserved secreted protein  [Source:UniProtKB/TrEMBL;Acc:A0A077ZMF3],Trichuris trichiura (PRJEB535),protein_coding,trtricprjeb535
TTRE11088,TTRE11088_t1,1457,protein_coding,,Trichuris trichiura (PRJEB535),protein_coding,trtricprjeb535
TTRE481,TTRE481_t1,1052,protein_coding,,Trichuris trichiura (PRJEB535),protein_coding,trtricprjeb535
TTRE11731,TTRE11731_t1,194,protein_coding,,Trichuris trichiura (PRJEB535),protein_coding,trtricprjeb535
TTRE1330,TTRE1330_t1,178,protein_coding,Histone deacetylase  [Source:UniProtKB/TrEMBL;Acc:A0A077YVJ6],Trichuris trichiura (PRJEB535),protein_coding,trtricprjeb535
TTRE8815,TTRE8815_t1,165,protein_coding,,Trichuris trichiura (PRJEB535),protein_coding,trtricprjeb535
TTRE11244,TTRE11244_t1,314,protein_coding,,Trichuris trichiura (PRJEB535),protein_coding,trtricprjeb535
TTRE142,TTRE142_t1,262,protein_coding,Ldl recept a domain containing protein  [Source:UniProtKB/TrEMBL;Acc:A0A077Z5H1],Trichuris trichiura (PRJEB535),protein_coding,trtricprjeb535
TTRE11388,TTRE11388_t1,884,protein_coding,,Trichuris trichiura (PRJEB535),protein_coding,trtricprjeb535
TTRE2569,TTRE2569_t1,887,protein_coding,Defensin-related cryptdin-related sequence 10  [Source:UniProtKB/TrEMBL;Acc:A0A077Z327],Trichuris trichiura (PRJEB535),protein_coding,trtricprjeb535
TTRE2073,TTRE2073_t1,197,protein_coding,Acyl coenzyme A thioesterase II  [Source:UniProtKB/TrEMBL;Acc:A0A077Z3A8],Trichuris trichiura (PRJEB535),protein_coding,trtricprjeb535
TTRE10524,TTRE10524_t1,637,protein_coding,,Trichuris trichiura (PRJEB535),protein_coding,trtricprjeb535
TTRE11579,TTRE11579_t1,473,protein_coding,,Trichuris trichiura (PRJEB535),protein_coding,trtricprjeb535
TTRE1028,TTRE1028_t1,292,protein_coding,superoxide dismutase  [Source:UniProtKB/TrEMBL;Acc:A0A077Z0Y6],Trichuris trichiura (PRJEB535),protein_coding,trtricprjeb535
TTRE10870,TTRE10870_t1,127,protein_coding,,Trichuris trichiura (PRJEB535),protein_coding,trtricprjeb535
TTRE2892,TTRE2892_t1,216,protein_coding,,Trichuris trichiura (PRJEB535),protein_coding,trtricprjeb535
TTRE2622,TTRE2622_t1,183,protein_coding,,Trichuris trichiura (PRJEB535),protein_coding,trtricprjeb535
TTRE4980,TTRE4980_t1,1685,protein_coding,Spindle pole body component  [Source:UniProtKB/TrEMBL;Acc:A0A077YY33],Trichuris trichiura (PRJEB535),protein_coding,trtricprjeb535
TTRE11581,TTRE11581_t1,619,protein_coding,,Trichuris trichiura (PRJEB535),protein_coding,trtricprjeb535
TTRE9214,TTRE9214_t1,305,protein_coding,,Trichuris trichiura (PRJEB535),protein_coding,trtricprjeb535
TTRE2392,TTRE2392_t1,830,protein_coding,Gamma interferon inducible lysosomal thiol  [Source:UniProtKB/TrEMBL;Acc:A0A077Z864],Trichuris trichiura (PRJEB535),protein_coding,trtricprjeb535
TTRE6441,TTRE6441_t1,125,protein_coding,,Trichuris trichiura (PRJEB535),protein_coding,trtricprjeb535
TTRE7355,TTRE7355_t1,617,protein_coding,,Trichuris trichiura (PRJEB535),protein_coding,trtricprjeb535
TTRE427,TTRE427_t1,339,protein_coding,Calsyntenin-1  [Source:UniProtKB/TrEMBL;Acc:A0A077Z9F0],Trichuris trichiura (PRJEB535),protein_coding,trtricprjeb535
TTRE3550,TTRE3550_t1,151,protein_coding,Mitochondrial glutamate carrier 1  [Source:UniProtKB/TrEMBL;Acc:A0A077ZJZ5],Trichuris trichiura (PRJEB535),protein_coding,trtricprjeb535
TTRE7230,TTRE7230_t1,830,protein_coding,,Trichuris trichiura (PRJEB535),protein_coding,trtricprjeb535
TTRE8337,TTRE8337_t1,647,protein_coding,,Trichuris trichiura (PRJEB535),protein_coding,trtricprjeb535
TTRE5892,TTRE5892_t1,190,protein_coding,RNA helicase  [Source:UniProtKB/TrEMBL;Acc:A0A077ZH35],Trichuris trichiura (PRJEB535),protein_coding,trtricprjeb535
TTRE9794,TTRE9794_t1,190,protein_coding,,Trichuris trichiura (PRJEB535),protein_coding,trtricprjeb535
TTRE3416,TTRE3416_t1,518,protein_coding,DNA replication complex GINS protein PSF3  [Source:UniProtKB/TrEMBL;Acc:A0A077Z940],Trichuris trichiura (PRJEB535),protein_coding,trtricprjeb535
TTRE9014,TTRE9014_t1,242,protein_coding,,Trichuris trichiura (PRJEB535),protein_coding,trtricprjeb535
TTRE3189,TTRE3189_t1,193,protein_coding,40S ribosomal protein S18  [Source:UniProtKB/TrEMBL;Acc:A0A077ZDK7],Trichuris trichiura (PRJEB535),protein_coding,trtricprjeb535
TTRE857,TTRE857_t1,1360,protein_coding,,Trichuris trichiura (PRJEB535),protein_coding,trtricprjeb535
TTRE9004,TTRE9004_t1,860,protein_coding,Methyltransferase protein 9  [Source:UniProtKB/TrEMBL;Acc:A0A077YXS9],Trichuris trichiura (PRJEB535),protein_coding,trtricprjeb535
TTRE135,TTRE135_t1,1045,protein_coding,,Trichuris trichiura (PRJEB535),protein_coding,trtricprjeb535
TTRE5390,TTRE5390_t1,397,protein_coding,,Trichuris trichiura (PRJEB535),protein_coding,trtricprjeb535
TTRE8820,TTRE8820_t1,954,protein_coding,,Trichuris trichiura (PRJEB535),protein_coding,trtricprjeb535
TTRE3065,TTRE3065_t1,160,protein_coding,,Trichuris trichiura (PRJEB535),protein_coding,trtricprjeb535
TTRE7619,TTRE7619_t1,371,protein_coding,Major sperm protein  [Source:UniProtKB/TrEMBL;Acc:A0A077ZK62],Trichuris trichiura (PRJEB535),protein_coding,trtricprjeb535
TTRE3858,TTRE3858_t1,864,protein_coding,,Trichuris trichiura (PRJEB535),protein_coding,trtricprjeb535
TTRE3426,TTRE3426_t1,637,protein_coding,,Trichuris trichiura (PRJEB535),protein_coding,trtricprjeb535
TTRE1294,TTRE1294_t1,632,protein_coding,Coiled-coil domain-containing protein 25  [Source:UniProtKB/TrEMBL;Acc:A0A077YWW5],Trichuris trichiura (PRJEB535),protein_coding,trtricprjeb535
TTRE9333,TTRE9333_t1,100,protein_coding,Cysteine-rich protein 1  [Source:UniProtKB/TrEMBL;Acc:A0A077ZB66],Trichuris trichiura (PRJEB535),protein_coding,trtricprjeb535
TTRE7402,TTRE7402_t1,902,protein_coding,,Trichuris trichiura (PRJEB535),protein_coding,trtricprjeb535
TTRE3222,TTRE3222_t1,1393,protein_coding,,Trichuris trichiura (PRJEB535),protein_coding,trtricprjeb535
TTRE2186,TTRE2186_t1,314,protein_coding,RNA cytidine acetyltransferase  [Source:UniProtKB/TrEMBL;Acc:A0A077Z2X2],Trichuris trichiura (PRJEB535),protein_coding,trtricprjeb535
TTRE6576,TTRE6576_t1,111,protein_coding,,Trichuris trichiura (PRJEB535),protein_coding,trtricprjeb535
TTRE10876,TTRE10876_t1,1127,protein_coding,,Trichuris trichiura (PRJEB535),protein_coding,trtricprjeb535
TTRE1113,TTRE1113_t1,248,protein_coding,,Trichuris trichiura (PRJEB535),protein_coding,trtricprjeb535
TTRE249,TTRE249_t1,195,protein_coding,Polyglutamine binding protein  [Source:UniProtKB/TrEMBL;Acc:A0A077Z1J4],Trichuris trichiura (PRJEB535),protein_coding,trtricprjeb535
TTRE9187,TTRE9187_t1,689,protein_coding,,Trichuris trichiura (PRJEB535),protein_coding,trtricprjeb535
TTRE8049,TTRE8049_t1,213,protein_coding,,Trichuris trichiura (PRJEB535),protein_coding,trtricprjeb535
TTRE9695,TTRE9695_t1,235,protein_coding,,Trichuris trichiura (PRJEB535),protein_coding,trtricprjeb535
TTRE5368,TTRE5368_t1,199,protein_coding,,Trichuris trichiura (PRJEB535),protein_coding,trtricprjeb535
TTRE1085,TTRE1085_t1,928,protein_coding,GTP EFTU D2 and GTP EFTU D3 and GTP EFTU domain c ontaining protein  [Source:UniProtKB/TrEMBL;Acc:A0A077ZEB1],Trichuris trichiura (PRJEB535),protein_coding,trtricprjeb535
TTRE310,TTRE310_t1,353,protein_coding,Pancreatic lipase protein 1  [Source:UniProtKB/TrEMBL;Acc:A0A077Z2Y4],Trichuris trichiura (PRJEB535),protein_coding,trtricprjeb535
TTRE2482,TTRE2482_t1,190,protein_coding,Lactamase B domain containing protein  [Source:UniProtKB/TrEMBL;Acc:A0A077Z240],Trichuris trichiura (PRJEB535),protein_coding,trtricprjeb535
TTRE11447,TTRE11447_t1,225,protein_coding,,Trichuris trichiura (PRJEB535),protein_coding,trtricprjeb535
TTRE4722,TTRE4722_t1,457,protein_coding,,Trichuris trichiura (PRJEB535),protein_coding,trtricprjeb535
TTRE2293,TTRE2293_t1,741,protein_coding,,Trichuris trichiura (PRJEB535),protein_coding,trtricprjeb535
TTRE11923,TTRE11923_t1,899,protein_coding,,Trichuris trichiura (PRJEB535),protein_coding,trtricprjeb535
TTRE682,TTRE682_t2,1576,protein_coding,Serine:threonine protein kinase LATS1  [Source:UniProtKB/TrEMBL;Acc:A0A077Z5Z9],Trichuris trichiura (PRJEB535),protein_coding,trtricprjeb535
TTRE10566,TTRE10566_t1,365,protein_coding,,Trichuris trichiura (PRJEB535),protein_coding,trtricprjeb535
TTRE3989,TTRE3989_t1,432,protein_coding,,Trichuris trichiura (PRJEB535),protein_coding,trtricprjeb535
TTRE10934,TTRE10934_t1,724,protein_coding,,Trichuris trichiura (PRJEB535),protein_coding,trtricprjeb535
TTRE5087,TTRE5087_t1,642,protein_coding,,Trichuris trichiura (PRJEB535),protein_coding,trtricprjeb535
TTRE10323,TTRE10323_t1,383,protein_coding,,Trichuris trichiura (PRJEB535),protein_coding,trtricprjeb535
TTRE7545,TTRE7545_t1,425,protein_coding,,Trichuris trichiura (PRJEB535),protein_coding,trtricprjeb535
TTRE624,TTRE624_t1,348,protein_coding,,Trichuris trichiura (PRJEB535),protein_coding,trtricprjeb535
TTRE3306,TTRE3306_t1,249,protein_coding,,Trichuris trichiura (PRJEB535),protein_coding,trtricprjeb535
TTRE1118,TTRE1118_t1,686,protein_coding,Frizzled-4  [Source:UniProtKB/TrEMBL;Acc:A0A077Z9D7],Trichuris trichiura (PRJEB535),protein_coding,trtricprjeb535
TTRE4732,TTRE4732_t1,458,protein_coding,,Trichuris trichiura (PRJEB535),protein_coding,trtricprjeb535
TTRE834,TTRE834_t1,242,protein_coding,,Trichuris trichiura (PRJEB535),protein_coding,trtricprjeb535
TTRE12089,TTRE12089_t1,577,protein_coding,,Trichuris trichiura (PRJEB535),protein_coding,trtricprjeb535
TTRE1828,TTRE1828_t1,234,protein_coding,,Trichuris trichiura (PRJEB535),protein_coding,trtricprjeb535
TTRE12168,TTRE12168_t1,392,protein_coding,,Trichuris trichiura (PRJEB535),protein_coding,trtricprjeb535
TTRE6447,TTRE6447_t1,234,protein_coding,,Trichuris trichiura (PRJEB535),protein_coding,trtricprjeb535
TTRE10140,TTRE10140_t1,215,protein_coding,,Trichuris trichiura (PRJEB535),protein_coding,trtricprjeb535
TTRE9830,TTRE9830_t1,188,protein_coding,,Trichuris trichiura (PRJEB535),protein_coding,trtricprjeb535
TTRE12342,TTRE12342_t1,164,protein_coding,,Trichuris trichiura (PRJEB535),protein_coding,trtricprjeb535
TTRE5316,TTRE5316_t1,160,protein_coding,Putative histone h3 lys4 methyltransferase comple x and rna cleavage factor ii complex subunit swd2  [Source:UniProtKB/TrEMBL;Acc:A0A077Z1I5],Trichuris trichiura (PRJEB535),protein_coding,trtricprjeb535
TTRE10179,TTRE10179_t1,134,protein_coding,,Trichuris trichiura (PRJEB535),protein_coding,trtricprjeb535
TTRE6122,TTRE6122_t1,524,protein_coding,,Trichuris trichiura (PRJEB535),protein_coding,trtricprjeb535
TTRE12026,TTRE12026_t1,194,protein_coding,Exo endo phos domain containing protein  [Source:UniProtKB/TrEMBL;Acc:A0A077ZIL2],Trichuris trichiura (PRJEB535),protein_coding,trtricprjeb535
TTRE3415,TTRE3415_t1,1121,protein_coding,FMRFamide receptor  [Source:UniProtKB/TrEMBL;Acc:A0A077ZBN2],Trichuris trichiura (PRJEB535),protein_coding,trtricprjeb535
TTRE4599,TTRE4599_t1,479,protein_coding,DNA replication factor Cdt1  [Source:UniProtKB/TrEMBL;Acc:A0A077YXG0],Trichuris trichiura (PRJEB535),protein_coding,trtricprjeb535
TTRE10120,TTRE10120_t1,2666,protein_coding,,Trichuris trichiura (PRJEB535),protein_coding,trtricprjeb535
TTRE6255,TTRE6255_t1,156,protein_coding,,Trichuris trichiura (PRJEB535),protein_coding,trtricprjeb535
TTRE10403,TTRE10403_t1,807,protein_coding,,Trichuris trichiura (PRJEB535),protein_coding,trtricprjeb535
TTRE7224,TTRE7224_t1,309,protein_coding,,Trichuris trichiura (PRJEB535),protein_coding,trtricprjeb535
TTRE1025,TTRE1025_t1,314,protein_coding,,Trichuris trichiura (PRJEB535),protein_coding,trtricprjeb535
TTRE10904,TTRE10904_t1,614,protein_coding,,Trichuris trichiura (PRJEB535),protein_coding,trtricprjeb535
TTRE472,TTRE472_t1,440,protein_coding,,Trichuris trichiura (PRJEB535),protein_coding,trtricprjeb535
TTRE4665,TTRE4665_t1,326,protein_coding,,Trichuris trichiura (PRJEB535),protein_coding,trtricprjeb535
TTRE7009,TTRE7009_t1,308,protein_coding,,Trichuris trichiura (PRJEB535),protein_coding,trtricprjeb535
TTRE9318,TTRE9318_t1,581,protein_coding,DSPc domain containing protein  [Source:UniProtKB/TrEMBL;Acc:A0A077Z9E7],Trichuris trichiura (PRJEB535),protein_coding,trtricprjeb535
TTRE2875,TTRE2875_t1,450,protein_coding,,Trichuris trichiura (PRJEB535),protein_coding,trtricprjeb535
TTRE254,TTRE254_t1,637,protein_coding,C2 domain-containing protein  [Source:UniProtKB/TrEMBL;Acc:A0A077ZD90],Trichuris trichiura (PRJEB535),protein_coding,trtricprjeb535
TTRE9191,TTRE9191_t1,1697,protein_coding,Ribosome biogenesis GTPase Lsg1  [Source:UniProtKB/TrEMBL;Acc:A0A077ZA42],Trichuris trichiura (PRJEB535),protein_coding,trtricprjeb535
TTRE1753,TTRE1753_t1,134,protein_coding,,Trichuris trichiura (PRJEB535),protein_coding,trtricprjeb535
TTRE7644,TTRE7644_t1,234,protein_coding,,Trichuris trichiura (PRJEB535),protein_coding,trtricprjeb535
TTRE6413,TTRE6413_t1,190,protein_coding,carbonyl reductase (NADPH)  [Source:UniProtKB/TrEMBL;Acc:A0A077ZE80],Trichuris trichiura (PRJEB535),protein_coding,trtricprjeb535
TTRE3756,TTRE3756_t1,216,protein_coding,,Trichuris trichiura (PRJEB535),protein_coding,trtricprjeb535
TTRE12647,TTRE12647_t1,1081,protein_coding,,Trichuris trichiura (PRJEB535),protein_coding,trtricprjeb535
TTRE10142,TTRE10142_t1,691,protein_coding,,Trichuris trichiura (PRJEB535),protein_coding,trtricprjeb535
TTRE12546,TTRE12546_t1,335,protein_coding,,Trichuris trichiura (PRJEB535),protein_coding,trtricprjeb535
TTRE23,TTRE23_t1,314,protein_coding,,Trichuris trichiura (PRJEB535),protein_coding,trtricprjeb535
TTRE3689,TTRE3689_t1,1430,protein_coding,,Trichuris trichiura (PRJEB535),protein_coding,trtricprjeb535
TTRE1311,TTRE1311_t1,290,protein_coding,,Trichuris trichiura (PRJEB535),protein_coding,trtricprjeb535
TTRE9738,TTRE9738_t1,190,protein_coding,,Trichuris trichiura (PRJEB535),protein_coding,trtricprjeb535
TTRE9060,TTRE9060_t1,266,protein_coding,,Trichuris trichiura (PRJEB535),protein_coding,trtricprjeb535
TTRE1854,TTRE1854_t1,2433,protein_coding,Ank 5 and Ank 2 domain containing protein  [Source:UniProtKB/TrEMBL;Acc:A0A077Z9P2],Trichuris trichiura (PRJEB535),protein_coding,trtricprjeb535
TTRE5995,TTRE5995_t1,545,protein_coding,RRM 1 domain containing protein  [Source:UniProtKB/TrEMBL;Acc:A0A077Z780],Trichuris trichiura (PRJEB535),protein_coding,trtricprjeb535
TTRE3510,TTRE3510_t1,219,protein_coding,,Trichuris trichiura (PRJEB535),protein_coding,trtricprjeb535
TTRE7407,TTRE7407_t1,605,protein_coding,,Trichuris trichiura (PRJEB535),protein_coding,trtricprjeb535
TTRE9228,TTRE9228_t1,518,protein_coding,,Trichuris trichiura (PRJEB535),protein_coding,trtricprjeb535
TTRE11145,TTRE11145_t1,194,protein_coding,,Trichuris trichiura (PRJEB535),protein_coding,trtricprjeb535
TTRE3390,TTRE3390_t1,245,protein_coding,,Trichuris trichiura (PRJEB535),protein_coding,trtricprjeb535
TTRE3871,TTRE3871_t1,183,protein_coding,,Trichuris trichiura (PRJEB535),protein_coding,trtricprjeb535
TTRE9751,TTRE9751_t1,1751,protein_coding,Col cuticle N and Collagen domain containing prot ein  [Source:UniProtKB/TrEMBL;Acc:A0A077Z0W6],Trichuris trichiura (PRJEB535),protein_coding,trtricprjeb535
TTRE233,TTRE233_t2,386,protein_coding,,Trichuris trichiura (PRJEB535),protein_coding,trtricprjeb535
TTRE1095,TTRE1095_t1,226,protein_coding,,Trichuris trichiura (PRJEB535),protein_coding,trtricprjeb535
TTRE3363,TTRE3363_t1,747,protein_coding,,Trichuris trichiura (PRJEB535),protein_coding,trtricprjeb535
TTRE7567,TTRE7567_t1,1154,protein_coding,,Trichuris trichiura (PRJEB535),protein_coding,trtricprjeb535
TTRE3297,TTRE3297_t1,827,protein_coding,BTB  [Source:UniProtKB/TrEMBL;Acc:A0A077Z1R8],Trichuris trichiura (PRJEB535),protein_coding,trtricprjeb535
TTRE523,TTRE523_t1,520,protein_coding,,Trichuris trichiura (PRJEB535),protein_coding,trtricprjeb535
TTRE10232,TTRE10232_t1,299,protein_coding,,Trichuris trichiura (PRJEB535),protein_coding,trtricprjeb535
TTRE5679,TTRE5679_t1,291,protein_coding,Translocon-associated protein subunit gamma  [Source:UniProtKB/TrEMBL;Acc:A0A077YYM8],Trichuris trichiura (PRJEB535),protein_coding,trtricprjeb535
TTRE7229,TTRE7229_t1,428,protein_coding,,Trichuris trichiura (PRJEB535),protein_coding,trtricprjeb535
TTRE5173,TTRE5173_t1,296,protein_coding,,Trichuris trichiura (PRJEB535),protein_coding,trtricprjeb535
TTRE5089,TTRE5089_t1,169,protein_coding,,Trichuris trichiura (PRJEB535),protein_coding,trtricprjeb535
TTRE12115,TTRE12115_t1,370,protein_coding,,Trichuris trichiura (PRJEB535),protein_coding,trtricprjeb535
TTRE3498,TTRE3498_t1,265,protein_coding,"Thioredoxin, mitochondrial  [Source:UniProtKB/TrEMBL;Acc:A0A077ZIA0]",Trichuris trichiura (PRJEB535),protein_coding,trtricprjeb535
TTRE93,TTRE93_t1,160,protein_coding,,Trichuris trichiura (PRJEB535),protein_coding,trtricprjeb535
TTRE8530,TTRE8530_t1,1212,protein_coding,,Trichuris trichiura (PRJEB535),protein_coding,trtricprjeb535
TTRE12476,TTRE12476_t1,298,protein_coding,,Trichuris trichiura (PRJEB535),protein_coding,trtricprjeb535
TTRE904,TTRE904_t1,207,protein_coding,,Trichuris trichiura (PRJEB535),protein_coding,trtricprjeb535
TTRE2755,TTRE2755_t1,1367,protein_coding,Histone deacetylase  [Source:UniProtKB/TrEMBL;Acc:A0A077YYC8],Trichuris trichiura (PRJEB535),protein_coding,trtricprjeb535
TTRE5041,TTRE5041_t1,1562,protein_coding,,Trichuris trichiura (PRJEB535),protein_coding,trtricprjeb535
TTRE429,TTRE429_t2,520,protein_coding,,Trichuris trichiura (PRJEB535),protein_coding,trtricprjeb535
TTRE7847,TTRE7847_t1,326,protein_coding,,Trichuris trichiura (PRJEB535),protein_coding,trtricprjeb535
TTRE2331,TTRE2331_t1,200,protein_coding,,Trichuris trichiura (PRJEB535),protein_coding,trtricprjeb535
TTRE11304,TTRE11304_t1,146,protein_coding,V-type proton ATPase subunit G  [Source:UniProtKB/TrEMBL;Acc:A0A077Z994],Trichuris trichiura (PRJEB535),protein_coding,trtricprjeb535
TTRE5909,TTRE5909_t1,145,protein_coding,,Trichuris trichiura (PRJEB535),protein_coding,trtricprjeb535
TTRE1361,TTRE1361_t1,622,protein_coding,,Trichuris trichiura (PRJEB535),protein_coding,trtricprjeb535
TTRE8614,TTRE8614_t1,3058,protein_coding,,Trichuris trichiura (PRJEB535),protein_coding,trtricprjeb535
TTRE9331,TTRE9331_t1,857,protein_coding,,Trichuris trichiura (PRJEB535),protein_coding,trtricprjeb535
TTRE2183,TTRE2183_t1,368,protein_coding,DUF5655 domain-containing protein  [Source:UniProtKB/TrEMBL;Acc:A0A077ZEF1],Trichuris trichiura (PRJEB535),protein_coding,trtricprjeb535
TTRE525,TTRE525_t1,1593,protein_coding,,Trichuris trichiura (PRJEB535),protein_coding,trtricprjeb535
TTRE1160,TTRE1160_t1,134,protein_coding,Zinc finger protein 706  [Source:UniProtKB/TrEMBL;Acc:A0A077Z2X1],Trichuris trichiura (PRJEB535),protein_coding,trtricprjeb535
TTRE1765,TTRE1765_t1,408,protein_coding,,Trichuris trichiura (PRJEB535),protein_coding,trtricprjeb535
TTRE8512,TTRE8512_t1,517,protein_coding,,Trichuris trichiura (PRJEB535),protein_coding,trtricprjeb535
TTRE5253,TTRE5253_t1,533,protein_coding,PRELI domain containing protein  [Source:UniProtKB/TrEMBL;Acc:A0A077Z7G8],Trichuris trichiura (PRJEB535),protein_coding,trtricprjeb535
TTRE684,TTRE684_t1,1413,protein_coding,,Trichuris trichiura (PRJEB535),protein_coding,trtricprjeb535
TTRE371,TTRE371_t1,575,protein_coding,,Trichuris trichiura (PRJEB535),protein_coding,trtricprjeb535
TTRE9393,TTRE9393_t1,300,protein_coding,,Trichuris trichiura (PRJEB535),protein_coding,trtricprjeb535
TTRE11345,TTRE11345_t1,153,protein_coding,,Trichuris trichiura (PRJEB535),protein_coding,trtricprjeb535
TTRE7826,TTRE7826_t1,836,protein_coding,,Trichuris trichiura (PRJEB535),protein_coding,trtricprjeb535
TTRE8582,TTRE8582_t1,626,protein_coding,DNA-directed RNA polymerase subunit beta  [Source:UniProtKB/TrEMBL;Acc:A0A077Z0R0],Trichuris trichiura (PRJEB535),protein_coding,trtricprjeb535
TTRE9888,TTRE9888_t1,220,protein_coding,,Trichuris trichiura (PRJEB535),protein_coding,trtricprjeb535
TTRE3940,TTRE3940_t1,2051,protein_coding,,Trichuris trichiura (PRJEB535),protein_coding,trtricprjeb535
TTRE11001,TTRE11001_t1,506,protein_coding,,Trichuris trichiura (PRJEB535),protein_coding,trtricprjeb535
TTRE3463,TTRE3463_t1,688,protein_coding,,Trichuris trichiura (PRJEB535),protein_coding,trtricprjeb535
TTRE1369,TTRE1369_t1,459,protein_coding,SERTA domain-containing protein  [Source:UniProtKB/TrEMBL;Acc:A0A077Z0I1],Trichuris trichiura (PRJEB535),protein_coding,trtricprjeb535
TTRE7799,TTRE7799_t1,3965,protein_coding,,Trichuris trichiura (PRJEB535),protein_coding,trtricprjeb535
TTRE8595,TTRE8595_t1,259,protein_coding,,Trichuris trichiura (PRJEB535),protein_coding,trtricprjeb535
TTRE11250,TTRE11250_t1,135,protein_coding,,Trichuris trichiura (PRJEB535),protein_coding,trtricprjeb535
TTRE1539,TTRE1539_t1,1453,protein_coding,,Trichuris trichiura (PRJEB535),protein_coding,trtricprjeb535
TTRE9934,TTRE9934_t1,299,protein_coding,,Trichuris trichiura (PRJEB535),protein_coding,trtricprjeb535
TTRE11667,TTRE11667_t1,916,protein_coding,,Trichuris trichiura (PRJEB535),protein_coding,trtricprjeb535
TTRE2942,TTRE2942_t1,193,protein_coding,,Trichuris trichiura (PRJEB535),protein_coding,trtricprjeb535
TTRE8310,TTRE8310_t1,383,protein_coding,,Trichuris trichiura (PRJEB535),protein_coding,trtricprjeb535
TTRE3781,TTRE3781_t1,127,protein_coding,,Trichuris trichiura (PRJEB535),protein_coding,trtricprjeb535
TTRE9614,TTRE9614_t1,716,protein_coding,,Trichuris trichiura (PRJEB535),protein_coding,trtricprjeb535
TTRE7062,TTRE7062_t1,630,protein_coding,,Trichuris trichiura (PRJEB535),protein_coding,trtricprjeb535
TTRE515,TTRE515_t1,324,protein_coding,,Trichuris trichiura (PRJEB535),protein_coding,trtricprjeb535
TTRE851,TTRE851_t1,274,protein_coding,,Trichuris trichiura (PRJEB535),protein_coding,trtricprjeb535
TTRE10982,TTRE10982_t1,112,protein_coding,,Trichuris trichiura (PRJEB535),protein_coding,trtricprjeb535
TTRE9133,TTRE9133_t1,622,protein_coding,,Trichuris trichiura (PRJEB535),protein_coding,trtricprjeb535
TTRE11327,TTRE11327_t1,463,protein_coding,,Trichuris trichiura (PRJEB535),protein_coding,trtricprjeb535
TTRE3887,TTRE3887_t1,242,protein_coding,,Trichuris trichiura (PRJEB535),protein_coding,trtricprjeb535
TTRE11350,TTRE11350_t1,121,protein_coding,,Trichuris trichiura (PRJEB535),protein_coding,trtricprjeb535
TTRE7609,TTRE7609_t1,1019,protein_coding,,Trichuris trichiura (PRJEB535),protein_coding,trtricprjeb535
TTRE5607,TTRE5607_t2,387,protein_coding,,Trichuris trichiura (PRJEB535),protein_coding,trtricprjeb535
TTRE11143,TTRE11143_t1,280,protein_coding,,Trichuris trichiura (PRJEB535),protein_coding,trtricprjeb535
TTRE6674,TTRE6674_t1,557,protein_coding,HSL N and Abhydrolase 3 domain containing protein  [Source:UniProtKB/TrEMBL;Acc:A0A077ZJ69],Trichuris trichiura (PRJEB535),protein_coding,trtricprjeb535
TTRE102,TTRE102_t1,791,protein_coding,Carbonic anhydrase  [Source:UniProtKB/TrEMBL;Acc:A0A077YWY0],Trichuris trichiura (PRJEB535),protein_coding,trtricprjeb535
TTRE11859,TTRE11859_t1,269,protein_coding,,Trichuris trichiura (PRJEB535),protein_coding,trtricprjeb535
TTRE4972,TTRE4972_t1,199,protein_coding,,Trichuris trichiura (PRJEB535),protein_coding,trtricprjeb535
TTRE1447,TTRE1447_t1,241,protein_coding,Hydroxysteroid dehydrogenase protein 2 like  [Source:UniProtKB/TrEMBL;Acc:A0A077Z0R7],Trichuris trichiura (PRJEB535),protein_coding,trtricprjeb535
TTRE5032,TTRE5032_t1,176,protein_coding,,Trichuris trichiura (PRJEB535),protein_coding,trtricprjeb535
TTRE7737,TTRE7737_t1,371,protein_coding,Histone H2B  [Source:UniProtKB/TrEMBL;Acc:A0A077ZKV8],Trichuris trichiura (PRJEB535),protein_coding,trtricprjeb535
TTRE5380,TTRE5380_t1,314,protein_coding,PAN 1 domain containing protein  [Source:UniProtKB/TrEMBL;Acc:A0A077Z4C4],Trichuris trichiura (PRJEB535),protein_coding,trtricprjeb535
TTRE6777,TTRE6777_t1,1880,protein_coding,ORC4_C domain-containing protein  [Source:UniProtKB/TrEMBL;Acc:A0A077ZDL0],Trichuris trichiura (PRJEB535),protein_coding,trtricprjeb535
TTRE7146,TTRE7146_t1,443,protein_coding,,Trichuris trichiura (PRJEB535),protein_coding,trtricprjeb535
TTRE7433,TTRE7433_t1,138,protein_coding,,Trichuris trichiura (PRJEB535),protein_coding,trtricprjeb535
TTRE3896,TTRE3896_t2,976,protein_coding,,Trichuris trichiura (PRJEB535),protein_coding,trtricprjeb535
TTRE4325,TTRE4325_t1,316,protein_coding,,Trichuris trichiura (PRJEB535),protein_coding,trtricprjeb535
TTRE4579,TTRE4579_t1,623,protein_coding,DC STAMP domain containing protein  [Source:UniProtKB/TrEMBL;Acc:A0A077Z2E3],Trichuris trichiura (PRJEB535),protein_coding,trtricprjeb535
TTRE9278,TTRE9278_t1,280,protein_coding,,Trichuris trichiura (PRJEB535),protein_coding,trtricprjeb535
TTRE10625,TTRE10625_t1,347,protein_coding,,Trichuris trichiura (PRJEB535),protein_coding,trtricprjeb535
TTRE10224,TTRE10224_t1,503,protein_coding,,Trichuris trichiura (PRJEB535),protein_coding,trtricprjeb535
TTRE10062,TTRE10062_t1,253,protein_coding,,Trichuris trichiura (PRJEB535),protein_coding,trtricprjeb535
TTRE9033,TTRE9033_t1,1601,protein_coding,,Trichuris trichiura (PRJEB535),protein_coding,trtricprjeb535
TTRE3042,TTRE3042_t1,839,protein_coding,F-box domain-containing protein  [Source:UniProtKB/TrEMBL;Acc:A0A077ZI93],Trichuris trichiura (PRJEB535),protein_coding,trtricprjeb535
TTRE8902,TTRE8902_t1,775,protein_coding,,Trichuris trichiura (PRJEB535),protein_coding,trtricprjeb535
TTRE269,TTRE269_t1,2660,protein_coding,Rho GTPase activating protein  [Source:UniProtKB/TrEMBL;Acc:A0A077ZCL2],Trichuris trichiura (PRJEB535),protein_coding,trtricprjeb535
TTRE8326,TTRE8326_t1,341,protein_coding,,Trichuris trichiura (PRJEB535),protein_coding,trtricprjeb535
TTRE7968,TTRE7968_t1,911,protein_coding,,Trichuris trichiura (PRJEB535),protein_coding,trtricprjeb535
TTRE6977,TTRE6977_t1,318,protein_coding,,Trichuris trichiura (PRJEB535),protein_coding,trtricprjeb535
TTRE4741,TTRE4741_t1,844,protein_coding,,Trichuris trichiura (PRJEB535),protein_coding,trtricprjeb535
TTRE4024,TTRE4024_t1,564,protein_coding,"39S ribosomal protein L50, mitochondrial  [Source:UniProtKB/TrEMBL;Acc:A0A077Z750]",Trichuris trichiura (PRJEB535),protein_coding,trtricprjeb535
TTRE10094,TTRE10094_t1,675,protein_coding,,Trichuris trichiura (PRJEB535),protein_coding,trtricprjeb535
TTRE3182,TTRE3182_t1,907,protein_coding,,Trichuris trichiura (PRJEB535),protein_coding,trtricprjeb535
TTRE9754,TTRE9754_t1,296,protein_coding,,Trichuris trichiura (PRJEB535),protein_coding,trtricprjeb535
TTRE3411,TTRE3411_t1,269,protein_coding,,Trichuris trichiura (PRJEB535),protein_coding,trtricprjeb535
TTRE8754,TTRE8754_t1,149,protein_coding,UBA domain-containing protein  [Source:UniProtKB/TrEMBL;Acc:A0A077ZAY4],Trichuris trichiura (PRJEB535),protein_coding,trtricprjeb535
TTRE2977,TTRE2977_t1,341,protein_coding,Transmembrane protein 98  [Source:UniProtKB/TrEMBL;Acc:A0A077Z4B2],Trichuris trichiura (PRJEB535),protein_coding,trtricprjeb535
TTRE2455,TTRE2455_t1,423,protein_coding,,Trichuris trichiura (PRJEB535),protein_coding,trtricprjeb535
TTRE3609,TTRE3609_t1,1406,protein_coding,,Trichuris trichiura (PRJEB535),protein_coding,trtricprjeb535
TTRE9048,TTRE9048_t1,131,protein_coding,,Trichuris trichiura (PRJEB535),protein_coding,trtricprjeb535
TTRE11805,TTRE11805_t1,152,protein_coding,,Trichuris trichiura (PRJEB535),protein_coding,trtricprjeb535
TTRE4849,TTRE4849_t1,704,protein_coding,Clc-like domain containing protein  [Source:UniProtKB/TrEMBL;Acc:A0A077ZH32],Trichuris trichiura (PRJEB535),protein_coding,trtricprjeb535
TTRE6279,TTRE6279_t1,374,protein_coding,SCP2 domain-containing protein  [Source:UniProtKB/TrEMBL;Acc:A0A077ZJU0],Trichuris trichiura (PRJEB535),protein_coding,trtricprjeb535
TTRE11264,TTRE11264_t1,257,protein_coding,,Trichuris trichiura (PRJEB535),protein_coding,trtricprjeb535
TTRE11409,TTRE11409_t1,467,protein_coding,,Trichuris trichiura (PRJEB535),protein_coding,trtricprjeb535
TTRE12020,TTRE12020_t1,299,protein_coding,,Trichuris trichiura (PRJEB535),protein_coding,trtricprjeb535
TTRE7727,TTRE7727_t1,518,protein_coding,,Trichuris trichiura (PRJEB535),protein_coding,trtricprjeb535
TTRE2333,TTRE2333_t1,398,protein_coding,,Trichuris trichiura (PRJEB535),protein_coding,trtricprjeb535
TTRE7200,TTRE7200_t1,374,protein_coding,,Trichuris trichiura (PRJEB535),protein_coding,trtricprjeb535
TTRE2128,TTRE2128_t1,1769,protein_coding,NADPH-dependent diflavin oxidoreductase 1  [Source:UniProtKB/TrEMBL;Acc:A0A077Z8P9],Trichuris trichiura (PRJEB535),protein_coding,trtricprjeb535
TTRE5688,TTRE5688_t1,389,protein_coding,Histone H2A  [Source:UniProtKB/TrEMBL;Acc:A0A077Z9Y3],Trichuris trichiura (PRJEB535),protein_coding,trtricprjeb535
TTRE8160,TTRE8160_t1,1200,protein_coding,,Trichuris trichiura (PRJEB535),protein_coding,trtricprjeb535
TTRE4491,TTRE4491_t1,437,protein_coding,,Trichuris trichiura (PRJEB535),protein_coding,trtricprjeb535
TTRE12138,TTRE12138_t1,346,protein_coding,,Trichuris trichiura (PRJEB535),protein_coding,trtricprjeb535
TTRE4459,TTRE4459_t1,515,protein_coding,Putative nudix hydrolase 6  [Source:UniProtKB/TrEMBL;Acc:A0A077Z3C1],Trichuris trichiura (PRJEB535),protein_coding,trtricprjeb535
TTRE5579,TTRE5579_t1,353,protein_coding,,Trichuris trichiura (PRJEB535),protein_coding,trtricprjeb535
TTRE2797,TTRE2797_t1,310,protein_coding,Serine/threonine protein phosphatase 2A regulatory subunit  [Source:UniProtKB/TrEMBL;Acc:A0A077Z9E8],Trichuris trichiura (PRJEB535),protein_coding,trtricprjeb535
TTRE12006,TTRE12006_t1,377,protein_coding,,Trichuris trichiura (PRJEB535),protein_coding,trtricprjeb535
TTRE3837,TTRE3837_t1,602,protein_coding,Major sperm protein  [Source:UniProtKB/TrEMBL;Acc:A0A077Z265],Trichuris trichiura (PRJEB535),protein_coding,trtricprjeb535
TTRE939,TTRE939_t1,441,protein_coding,Dynein intermediate chain  [Source:UniProtKB/TrEMBL;Acc:A0A077ZCC2],Trichuris trichiura (PRJEB535),protein_coding,trtricprjeb535
TTRE9624,TTRE9624_t1,319,protein_coding,,Trichuris trichiura (PRJEB535),protein_coding,trtricprjeb535
TTRE10737,TTRE10737_t1,610,protein_coding,,Trichuris trichiura (PRJEB535),protein_coding,trtricprjeb535
TTRE1970,TTRE1970_t1,218,protein_coding,Protein kcc  [Source:UniProtKB/TrEMBL;Acc:A0A077ZC29],Trichuris trichiura (PRJEB535),protein_coding,trtricprjeb535
TTRE10779,TTRE10779_t1,473,protein_coding,,Trichuris trichiura (PRJEB535),protein_coding,trtricprjeb535
TTRE4966,TTRE4966_t1,228,protein_coding,Eukaryotic translation initiation factor 2 subunit 1  [Source:UniProtKB/TrEMBL;Acc:A0A077Z4D4],Trichuris trichiura (PRJEB535),protein_coding,trtricprjeb535
TTRE952,TTRE952_t1,979,protein_coding,,Trichuris trichiura (PRJEB535),protein_coding,trtricprjeb535
TTRE1565,TTRE1565_t1,321,protein_coding,,Trichuris trichiura (PRJEB535),protein_coding,trtricprjeb535
TTRE2012,TTRE2012_t1,232,protein_coding,,Trichuris trichiura (PRJEB535),protein_coding,trtricprjeb535
TTRE1204,TTRE1204_t1,395,protein_coding,,Trichuris trichiura (PRJEB535),protein_coding,trtricprjeb535
TTRE2824,TTRE2824_t1,627,protein_coding,,Trichuris trichiura (PRJEB535),protein_coding,trtricprjeb535
TTRE9742,TTRE9742_t1,509,protein_coding,,Trichuris trichiura (PRJEB535),protein_coding,trtricprjeb535
TTRE6469,TTRE6469_t1,497,protein_coding,,Trichuris trichiura (PRJEB535),protein_coding,trtricprjeb535
TTRE8506,TTRE8506_t1,1663,protein_coding,Solute carrier organic anion transporter family member  [Source:UniProtKB/TrEMBL;Acc:A0A077YWB9],Trichuris trichiura (PRJEB535),protein_coding,trtricprjeb535
TTRE8768,TTRE8768_t1,424,protein_coding,,Trichuris trichiura (PRJEB535),protein_coding,trtricprjeb535
TTRE5547,TTRE5547_t1,1223,protein_coding,Eukaryotic translation initiation factor 3 subunit B  [Source:UniProtKB/TrEMBL;Acc:A0A077ZMT3],Trichuris trichiura (PRJEB535),protein_coding,trtricprjeb535
TTRE743,TTRE743_t1,335,protein_coding,Secreted frizzled protein  [Source:UniProtKB/TrEMBL;Acc:A0A077Z291],Trichuris trichiura (PRJEB535),protein_coding,trtricprjeb535
TTRE321,TTRE321_t1,323,protein_coding,60S ribosomal protein L3  [Source:UniProtKB/TrEMBL;Acc:A0A077ZG59],Trichuris trichiura (PRJEB535),protein_coding,trtricprjeb535
TTRE2694,TTRE2694_t1,359,protein_coding,,Trichuris trichiura (PRJEB535),protein_coding,trtricprjeb535
TTRE5193,TTRE5193_t1,250,protein_coding,,Trichuris trichiura (PRJEB535),protein_coding,trtricprjeb535
TTRE12393,TTRE12393_t1,339,protein_coding,,Trichuris trichiura (PRJEB535),protein_coding,trtricprjeb535
TTRE7208,TTRE7208_t1,548,protein_coding,,Trichuris trichiura (PRJEB535),protein_coding,trtricprjeb535
TTRE7285,TTRE7285_t1,383,protein_coding,,Trichuris trichiura (PRJEB535),protein_coding,trtricprjeb535
TTRE3506,TTRE3506_t1,289,protein_coding,,Trichuris trichiura (PRJEB535),protein_coding,trtricprjeb535
TTRE6587,TTRE6587_t1,200,protein_coding,,Trichuris trichiura (PRJEB535),protein_coding,trtricprjeb535
TTRE12457,TTRE12457_t1,462,protein_coding,,Trichuris trichiura (PRJEB535),protein_coding,trtricprjeb535
TTRE2665,TTRE2665_t1,153,protein_coding,,Trichuris trichiura (PRJEB535),protein_coding,trtricprjeb535
TTRE7876,TTRE7876_t1,752,protein_coding,,Trichuris trichiura (PRJEB535),protein_coding,trtricprjeb535
TTRE3684,TTRE3684_t1,182,protein_coding,Replication protein A 32 kDa subunit  [Source:UniProtKB/TrEMBL;Acc:A0A077Z3B7],Trichuris trichiura (PRJEB535),protein_coding,trtricprjeb535
TTRE4783,TTRE4783_t3,542,protein_coding,,Trichuris trichiura (PRJEB535),protein_coding,trtricprjeb535
TTRE11136,TTRE11136_t1,1252,protein_coding,,Trichuris trichiura (PRJEB535),protein_coding,trtricprjeb535
TTRE5470,TTRE5470_t1,275,protein_coding,,Trichuris trichiura (PRJEB535),protein_coding,trtricprjeb535
TTRE1055,TTRE1055_t1,256,protein_coding,,Trichuris trichiura (PRJEB535),protein_coding,trtricprjeb535
TTRE8381,TTRE8381_t1,267,protein_coding,,Trichuris trichiura (PRJEB535),protein_coding,trtricprjeb535
TTRE3326,TTRE3326_t1,209,protein_coding,RRM 1 domain containing protein  [Source:UniProtKB/TrEMBL;Acc:A0A077ZDT8],Trichuris trichiura (PRJEB535),protein_coding,trtricprjeb535
TTRE5065,TTRE5065_t1,467,protein_coding,UDP-glucuronate decarboxylase  [Source:UniProtKB/TrEMBL;Acc:A0A077Z6R3],Trichuris trichiura (PRJEB535),protein_coding,trtricprjeb535
TTRE3518,TTRE3518_t1,268,protein_coding,Transcriptional adapter b transcriptional adapte r a transcriptional adapter  [Source:UniProtKB/TrEMBL;Acc:A0A077Z6S3],Trichuris trichiura (PRJEB535),protein_coding,trtricprjeb535
TTRE8841,TTRE8841_t1,631,protein_coding,,Trichuris trichiura (PRJEB535),protein_coding,trtricprjeb535
TTRE4516,TTRE4516_t1,1002,protein_coding,,Trichuris trichiura (PRJEB535),protein_coding,trtricprjeb535
TTRE1322,TTRE1322_t1,305,protein_coding,,Trichuris trichiura (PRJEB535),protein_coding,trtricprjeb535
TTRE12505,TTRE12505_t1,545,protein_coding,,Trichuris trichiura (PRJEB535),protein_coding,trtricprjeb535
TTRE11310,TTRE11310_t1,518,protein_coding,,Trichuris trichiura (PRJEB535),protein_coding,trtricprjeb535
TTRE6241,TTRE6241_t1,257,protein_coding,,Trichuris trichiura (PRJEB535),protein_coding,trtricprjeb535
TTRE7114,TTRE7114_t1,662,protein_coding,,Trichuris trichiura (PRJEB535),protein_coding,trtricprjeb535
TTRE10611,TTRE10611_t1,199,protein_coding,,Trichuris trichiura (PRJEB535),protein_coding,trtricprjeb535
TTRE2865,TTRE2865_t1,253,protein_coding,Glycine-rich cell wall structural protein-like  [Source:UniProtKB/TrEMBL;Acc:A0A077Z5P2],Trichuris trichiura (PRJEB535),protein_coding,trtricprjeb535
TTRE5722,TTRE5722_t1,428,protein_coding,,Trichuris trichiura (PRJEB535),protein_coding,trtricprjeb535
TTRE9645,TTRE9645_t1,2643,protein_coding,,Trichuris trichiura (PRJEB535),protein_coding,trtricprjeb535
TTRE5597,TTRE5597_t1,257,protein_coding,,Trichuris trichiura (PRJEB535),protein_coding,trtricprjeb535
TTRE5855,TTRE5855_t1,250,protein_coding,,Trichuris trichiura (PRJEB535),protein_coding,trtricprjeb535
TTRE11781,TTRE11781_t1,327,protein_coding,,Trichuris trichiura (PRJEB535),protein_coding,trtricprjeb535
TTRE10805,TTRE10805_t1,287,protein_coding,,Trichuris trichiura (PRJEB535),protein_coding,trtricprjeb535
TTRE2511,TTRE2511_t1,228,protein_coding,asparaginase  [Source:UniProtKB/TrEMBL;Acc:A0A077Z9B8],Trichuris trichiura (PRJEB535),protein_coding,trtricprjeb535
TTRE7975,TTRE7975_t1,584,protein_coding,,Trichuris trichiura (PRJEB535),protein_coding,trtricprjeb535
TTRE12101,TTRE12101_t1,430,protein_coding,Sel1 repeat containing protein 1  [Source:UniProtKB/TrEMBL;Acc:A0A077ZFU5],Trichuris trichiura (PRJEB535),protein_coding,trtricprjeb535
TTRE7846,TTRE7846_t1,554,protein_coding,,Trichuris trichiura (PRJEB535),protein_coding,trtricprjeb535
TTRE1426,TTRE1426_t1,460,protein_coding,,Trichuris trichiura (PRJEB535),protein_coding,trtricprjeb535
TTRE7519,TTRE7519_t1,410,protein_coding,,Trichuris trichiura (PRJEB535),protein_coding,trtricprjeb535
TTRE10519,TTRE10519_t1,317,protein_coding,,Trichuris trichiura (PRJEB535),protein_coding,trtricprjeb535
TTRE2015,TTRE2015_t1,357,protein_coding,Gamma glutamyltranspeptidase family protein  [Source:UniProtKB/TrEMBL;Acc:A0A077ZGQ7],Trichuris trichiura (PRJEB535),protein_coding,trtricprjeb535
TTRE6845,TTRE6845_t1,317,protein_coding,,Trichuris trichiura (PRJEB535),protein_coding,trtricprjeb535
TTRE3245,TTRE3245_t1,300,protein_coding,,Trichuris trichiura (PRJEB535),protein_coding,trtricprjeb535
TTRE4545,TTRE4545_t1,360,protein_coding,,Trichuris trichiura (PRJEB535),protein_coding,trtricprjeb535
TTRE3142,TTRE3142_t2,740,protein_coding,Laminin subunit beta 1  [Source:UniProtKB/TrEMBL;Acc:A0A077Z4D8],Trichuris trichiura (PRJEB535),protein_coding,trtricprjeb535
TTRE7333,TTRE7333_t1,181,protein_coding,,Trichuris trichiura (PRJEB535),protein_coding,trtricprjeb535
TTRE465,TTRE465_t1,1592,protein_coding,Nuclear receptor binding protein  [Source:UniProtKB/TrEMBL;Acc:A0A077YZH0],Trichuris trichiura (PRJEB535),protein_coding,trtricprjeb535
TTRE4378,TTRE4378_t1,116,protein_coding,,Trichuris trichiura (PRJEB535),protein_coding,trtricprjeb535
TTRE9415,TTRE9415_t1,282,protein_coding,,Trichuris trichiura (PRJEB535),protein_coding,trtricprjeb535
TTRE1473,TTRE1473_t1,414,protein_coding,Spindle and kinetochore-associated protein 3  [Source:UniProtKB/TrEMBL;Acc:A0A077ZJ11],Trichuris trichiura (PRJEB535),protein_coding,trtricprjeb535
TTRE6495,TTRE6495_t1,906,protein_coding,,Trichuris trichiura (PRJEB535),protein_coding,trtricprjeb535
TTRE4595,TTRE4595_t1,670,protein_coding,Protein kinase C binding protein NELL1  [Source:UniProtKB/TrEMBL;Acc:A0A077ZF73],Trichuris trichiura (PRJEB535),protein_coding,trtricprjeb535
TTRE11851,TTRE11851_t1,386,protein_coding,TIL domain-containing protein  [Source:UniProtKB/TrEMBL;Acc:A0A077Z4I5],Trichuris trichiura (PRJEB535),protein_coding,trtricprjeb535
TTRE12123,TTRE12123_t1,290,protein_coding,,Trichuris trichiura (PRJEB535),protein_coding,trtricprjeb535
TTRE6397,TTRE6397_t1,1028,protein_coding,BTB domain-containing protein  [Source:UniProtKB/TrEMBL;Acc:A0A077ZJ75],Trichuris trichiura (PRJEB535),protein_coding,trtricprjeb535
TTRE1862,TTRE1862_t1,216,protein_coding,,Trichuris trichiura (PRJEB535),protein_coding,trtricprjeb535
TTRE10958,TTRE10958_t1,1175,protein_coding,,Trichuris trichiura (PRJEB535),protein_coding,trtricprjeb535
TTRE4099,TTRE4099_t1,209,protein_coding,,Trichuris trichiura (PRJEB535),protein_coding,trtricprjeb535
TTRE10344,TTRE10344_t1,275,protein_coding,,Trichuris trichiura (PRJEB535),protein_coding,trtricprjeb535
TTRE10089,TTRE10089_t1,300,protein_coding,,Trichuris trichiura (PRJEB535),protein_coding,trtricprjeb535
TTRE3993,TTRE3993_t1,186,protein_coding,,Trichuris trichiura (PRJEB535),protein_coding,trtricprjeb535
TTRE3221,TTRE3221_t1,159,protein_coding,,Trichuris trichiura (PRJEB535),protein_coding,trtricprjeb535
TTRE10899,TTRE10899_t1,141,protein_coding,,Trichuris trichiura (PRJEB535),protein_coding,trtricprjeb535
TTRE2679,TTRE2679_t1,261,protein_coding,,Trichuris trichiura (PRJEB535),protein_coding,trtricprjeb535
TTRE3163,TTRE3163_t1,136,protein_coding,,Trichuris trichiura (PRJEB535),protein_coding,trtricprjeb535
TTRE2346,TTRE2346_t1,89,protein_coding,,Trichuris trichiura (PRJEB535),protein_coding,trtricprjeb535
TTRE4280,TTRE4280_t1,1357,protein_coding,"Apical junction molecule protein 1, d  [Source:UniProtKB/TrEMBL;Acc:A0A077Z1Z3]",Trichuris trichiura (PRJEB535),protein_coding,trtricprjeb535
TTRE955,TTRE955_t1,487,protein_coding,Acyltransferase domain containing protein  [Source:UniProtKB/TrEMBL;Acc:A0A077YUN7],Trichuris trichiura (PRJEB535),protein_coding,trtricprjeb535
TTRE449,TTRE449_t1,702,protein_coding,,Trichuris trichiura (PRJEB535),protein_coding,trtricprjeb535
TTRE6659,TTRE6659_t1,1269,protein_coding,,Trichuris trichiura (PRJEB535),protein_coding,trtricprjeb535
TTRE1350,TTRE1350_t1,325,protein_coding,DnaJ subfamily A  [Source:UniProtKB/TrEMBL;Acc:A0A077YWP2],Trichuris trichiura (PRJEB535),protein_coding,trtricprjeb535
TTRE8440,TTRE8440_t1,1091,protein_coding,,Trichuris trichiura (PRJEB535),protein_coding,trtricprjeb535
TTRE3769,TTRE3769_t1,103,protein_coding,,Trichuris trichiura (PRJEB535),protein_coding,trtricprjeb535
TTRE2165,TTRE2165_t1,1254,protein_coding,,Trichuris trichiura (PRJEB535),protein_coding,trtricprjeb535
TTRE6815,TTRE6815_t1,518,protein_coding,,Trichuris trichiura (PRJEB535),protein_coding,trtricprjeb535
TTRE4015,TTRE4015_t1,309,protein_coding,Far upstream element-binding protein 1  [Source:UniProtKB/TrEMBL;Acc:A0A077ZB11],Trichuris trichiura (PRJEB535),protein_coding,trtricprjeb535
TTRE3770,TTRE3770_t1,267,protein_coding,,Trichuris trichiura (PRJEB535),protein_coding,trtricprjeb535
TTRE9387,TTRE9387_t1,200,protein_coding,,Trichuris trichiura (PRJEB535),protein_coding,trtricprjeb535
TTRE10291,TTRE10291_t1,186,protein_coding,,Trichuris trichiura (PRJEB535),protein_coding,trtricprjeb535
TTRE9249,TTRE9249_t1,395,protein_coding,Major sperm protein  [Source:UniProtKB/TrEMBL;Acc:A0A077Z8P3],Trichuris trichiura (PRJEB535),protein_coding,trtricprjeb535
TTRE9996,TTRE9996_t1,229,protein_coding,,Trichuris trichiura (PRJEB535),protein_coding,trtricprjeb535
TTRE4450,TTRE4450_t1,878,protein_coding,UDP-glucuronosyltransferase  [Source:UniProtKB/TrEMBL;Acc:A0A077ZFK0],Trichuris trichiura (PRJEB535),protein_coding,trtricprjeb535
TTRE12184,TTRE12184_t1,320,protein_coding,,Trichuris trichiura (PRJEB535),protein_coding,trtricprjeb535
TTRE5836,TTRE5836_t1,235,protein_coding,,Trichuris trichiura (PRJEB535),protein_coding,trtricprjeb535
TTRE9405,TTRE9405_t1,1252,protein_coding,,Trichuris trichiura (PRJEB535),protein_coding,trtricprjeb535
TTRE12125,TTRE12125_t1,977,protein_coding,G_PROTEIN_RECEP_F1_2 domain-containing protein  [Source:UniProtKB/TrEMBL;Acc:A0A077ZCI1],Trichuris trichiura (PRJEB535),protein_coding,trtricprjeb535
TTRE11556,TTRE11556_t1,419,protein_coding,CRAL TRIO domain containing protein  [Source:UniProtKB/TrEMBL;Acc:A0A077ZC25],Trichuris trichiura (PRJEB535),protein_coding,trtricprjeb535
TTRE1290,TTRE1290_t1,159,protein_coding,Protein YIPF  [Source:UniProtKB/TrEMBL;Acc:A0A077Z2G6],Trichuris trichiura (PRJEB535),protein_coding,trtricprjeb535
TTRE9670,TTRE9670_t1,466,protein_coding,GPR1:FUN34:yaaH family protein  [Source:UniProtKB/TrEMBL;Acc:A0A077Z4H6],Trichuris trichiura (PRJEB535),protein_coding,trtricprjeb535
TTRE11488,TTRE11488_t1,132,protein_coding,D-aminoacyl-tRNA deacylase  [Source:UniProtKB/TrEMBL;Acc:A0A077ZCW6],Trichuris trichiura (PRJEB535),protein_coding,trtricprjeb535
TTRE10551,TTRE10551_t1,386,protein_coding,,Trichuris trichiura (PRJEB535),protein_coding,trtricprjeb535
TTRE4476,TTRE4476_t1,451,protein_coding,Transcription initiation factor TFIID subunit 9  [Source:UniProtKB/TrEMBL;Acc:A0A077ZKU9],Trichuris trichiura (PRJEB535),protein_coding,trtricprjeb535
TTRE4349,TTRE4349_t1,959,protein_coding,Calponin-homology (CH) domain-containing protein  [Source:UniProtKB/TrEMBL;Acc:A0A077ZL71],Trichuris trichiura (PRJEB535),protein_coding,trtricprjeb535
TTRE12398,TTRE12398_t1,307,protein_coding,Histone binding protein Caf1  [Source:UniProtKB/TrEMBL;Acc:A0A077Z6E9],Trichuris trichiura (PRJEB535),protein_coding,trtricprjeb535
TTRE5287,TTRE5287_t1,320,protein_coding,,Trichuris trichiura (PRJEB535),protein_coding,trtricprjeb535
TTRE1690,TTRE1690_t1,367,protein_coding,WEB family protein  [Source:UniProtKB/TrEMBL;Acc:A0A077ZAR0],Trichuris trichiura (PRJEB535),protein_coding,trtricprjeb535
TTRE4503,TTRE4503_t1,287,protein_coding,,Trichuris trichiura (PRJEB535),protein_coding,trtricprjeb535
TTRE8244,TTRE8244_t1,365,protein_coding,,Trichuris trichiura (PRJEB535),protein_coding,trtricprjeb535
TTRE1108,TTRE1108_t1,163,protein_coding,,Trichuris trichiura (PRJEB535),protein_coding,trtricprjeb535
TTRE1904,TTRE1904_t1,265,protein_coding,Mediator of RNA polymerase II transcription subunit 30  [Source:UniProtKB/TrEMBL;Acc:A0A077Z5I0],Trichuris trichiura (PRJEB535),protein_coding,trtricprjeb535
TTRE2786,TTRE2786_t1,449,protein_coding,,Trichuris trichiura (PRJEB535),protein_coding,trtricprjeb535
TTRE7043,TTRE7043_t1,653,protein_coding,,Trichuris trichiura (PRJEB535),protein_coding,trtricprjeb535
TTRE11236,TTRE11236_t1,299,protein_coding,,Trichuris trichiura (PRJEB535),protein_coding,trtricprjeb535
TTRE11760,TTRE11760_t1,773,protein_coding,,Trichuris trichiura (PRJEB535),protein_coding,trtricprjeb535
TTRE11445,TTRE11445_t1,1064,protein_coding,Forkhead box protein D3  [Source:UniProtKB/TrEMBL;Acc:A0A077ZC14],Trichuris trichiura (PRJEB535),protein_coding,trtricprjeb535
TTRE4408,TTRE4408_t1,482,protein_coding,,Trichuris trichiura (PRJEB535),protein_coding,trtricprjeb535
TTRE3919,TTRE3919_t1,888,protein_coding,VWFA domain-containing protein  [Source:UniProtKB/TrEMBL;Acc:A0A077Z1D6],Trichuris trichiura (PRJEB535),protein_coding,trtricprjeb535
TTRE8261,TTRE8261_t1,3890,protein_coding,,Trichuris trichiura (PRJEB535),protein_coding,trtricprjeb535
TTRE10649,TTRE10649_t1,245,protein_coding,,Trichuris trichiura (PRJEB535),protein_coding,trtricprjeb535
TTRE7227,TTRE7227_t1,305,protein_coding,,Trichuris trichiura (PRJEB535),protein_coding,trtricprjeb535
TTRE12226,TTRE12226_t1,1949,protein_coding,,Trichuris trichiura (PRJEB535),protein_coding,trtricprjeb535
TTRE6062,TTRE6062_t1,893,protein_coding,,Trichuris trichiura (PRJEB535),protein_coding,trtricprjeb535
TTRE11164,TTRE11164_t1,143,protein_coding,,Trichuris trichiura (PRJEB535),protein_coding,trtricprjeb535
TTRE3173,TTRE3173_t1,404,protein_coding,Calponin domain containing protein  [Source:UniProtKB/TrEMBL;Acc:A0A077YXR0],Trichuris trichiura (PRJEB535),protein_coding,trtricprjeb535
TTRE10965,TTRE10965_t1,353,protein_coding,,Trichuris trichiura (PRJEB535),protein_coding,trtricprjeb535
TTRE810,TTRE810_t1,497,protein_coding,,Trichuris trichiura (PRJEB535),protein_coding,trtricprjeb535
TTRE11540,TTRE11540_t1,1013,protein_coding,,Trichuris trichiura (PRJEB535),protein_coding,trtricprjeb535
TTRE5194,TTRE5194_t1,230,protein_coding,,Trichuris trichiura (PRJEB535),protein_coding,trtricprjeb535
TTRE12639,TTRE12639_t1,761,protein_coding,,Trichuris trichiura (PRJEB535),protein_coding,trtricprjeb535
TTRE1979,TTRE1979_t1,404,protein_coding,,Trichuris trichiura (PRJEB535),protein_coding,trtricprjeb535
TTRE4884,TTRE4884_t1,339,protein_coding,Cytohesin 1  [Source:UniProtKB/TrEMBL;Acc:A0A077YZD5],Trichuris trichiura (PRJEB535),protein_coding,trtricprjeb535
TTRE11480,TTRE11480_t1,377,protein_coding,,Trichuris trichiura (PRJEB535),protein_coding,trtricprjeb535
TTRE3976,TTRE3976_t1,266,protein_coding,DB module  [Source:UniProtKB/TrEMBL;Acc:A0A077Z9W7],Trichuris trichiura (PRJEB535),protein_coding,trtricprjeb535
TTRE5669,TTRE5669_t1,526,protein_coding,Telomerase Cajal body protein 1  [Source:UniProtKB/TrEMBL;Acc:A0A077Z2E5],Trichuris trichiura (PRJEB535),protein_coding,trtricprjeb535
TTRE9135,TTRE9135_t1,437,protein_coding,,Trichuris trichiura (PRJEB535),protein_coding,trtricprjeb535
TTRE640,TTRE640_t3,215,protein_coding,,Trichuris trichiura (PRJEB535),protein_coding,trtricprjeb535
TTRE2551,TTRE2551_t1,575,protein_coding,,Trichuris trichiura (PRJEB535),protein_coding,trtricprjeb535
TTRE3174,TTRE3174_t1,230,protein_coding,,Trichuris trichiura (PRJEB535),protein_coding,trtricprjeb535
TTRE9722,TTRE9722_t1,197,protein_coding,,Trichuris trichiura (PRJEB535),protein_coding,trtricprjeb535
TTRE12446,TTRE12446_t1,467,protein_coding,,Trichuris trichiura (PRJEB535),protein_coding,trtricprjeb535
TTRE6432,TTRE6432_t1,362,protein_coding,,Trichuris trichiura (PRJEB535),protein_coding,trtricprjeb535
TTRE7868,TTRE7868_t1,617,protein_coding,,Trichuris trichiura (PRJEB535),protein_coding,trtricprjeb535
TTRE9753,TTRE9753_t1,474,protein_coding,,Trichuris trichiura (PRJEB535),protein_coding,trtricprjeb535
TTRE1547,TTRE1547_t1,277,protein_coding,,Trichuris trichiura (PRJEB535),protein_coding,trtricprjeb535
TTRE746,TTRE746_t1,635,protein_coding,Dsrm domain containing protein  [Source:UniProtKB/TrEMBL;Acc:A0A077ZBD1],Trichuris trichiura (PRJEB535),protein_coding,trtricprjeb535
TTRE10460,TTRE10460_t1,326,protein_coding,,Trichuris trichiura (PRJEB535),protein_coding,trtricprjeb535
TTRE3048,TTRE3048_t1,243,protein_coding,General transcription factor IIH subunit 1  [Source:UniProtKB/TrEMBL;Acc:A0A077YW81],Trichuris trichiura (PRJEB535),protein_coding,trtricprjeb535
TTRE3022,TTRE3022_t1,190,protein_coding,,Trichuris trichiura (PRJEB535),protein_coding,trtricprjeb535
TTRE6283,TTRE6283_t1,237,protein_coding,,Trichuris trichiura (PRJEB535),protein_coding,trtricprjeb535
TTRE7677,TTRE7677_t1,107,protein_coding,,Trichuris trichiura (PRJEB535),protein_coding,trtricprjeb535
TTRE11017,TTRE11017_t1,960,protein_coding,,Trichuris trichiura (PRJEB535),protein_coding,trtricprjeb535
TTRE10208,TTRE10208_t1,743,protein_coding,,Trichuris trichiura (PRJEB535),protein_coding,trtricprjeb535
TTRE9262,TTRE9262_t1,368,protein_coding,,Trichuris trichiura (PRJEB535),protein_coding,trtricprjeb535
TTRE61,TTRE61_t1,1027,protein_coding,Breast cancer anti estrogen resistance protein  [Source:UniProtKB/TrEMBL;Acc:A0A077YYR0],Trichuris trichiura (PRJEB535),protein_coding,trtricprjeb535
TTRE766,TTRE766_t1,449,protein_coding,,Trichuris trichiura (PRJEB535),protein_coding,trtricprjeb535
TTRE5645,TTRE5645_t1,812,protein_coding,Major sperm protein  [Source:UniProtKB/TrEMBL;Acc:A0A077Z9U1],Trichuris trichiura (PRJEB535),protein_coding,trtricprjeb535
TTRE11688,TTRE11688_t1,317,protein_coding,,Trichuris trichiura (PRJEB535),protein_coding,trtricprjeb535
TTRE3648,TTRE3648_t1,216,protein_coding,rRNA adenine N(6)-methyltransferase  [Source:UniProtKB/TrEMBL;Acc:A0A077Z2B5],Trichuris trichiura (PRJEB535),protein_coding,trtricprjeb535
TTRE11628,TTRE11628_t1,138,protein_coding,,Trichuris trichiura (PRJEB535),protein_coding,trtricprjeb535
TTRE6314,TTRE6314_t1,524,protein_coding,,Trichuris trichiura (PRJEB535),protein_coding,trtricprjeb535
TTRE758,TTRE758_t1,289,protein_coding,,Trichuris trichiura (PRJEB535),protein_coding,trtricprjeb535
TTRE4132,TTRE4132_t1,1010,protein_coding,,Trichuris trichiura (PRJEB535),protein_coding,trtricprjeb535
TTRE6885,TTRE6885_t1,166,protein_coding,,Trichuris trichiura (PRJEB535),protein_coding,trtricprjeb535
TTRE6217,TTRE6217_t1,291,protein_coding,,Trichuris trichiura (PRJEB535),protein_coding,trtricprjeb535
TTRE194,TTRE194_t1,643,protein_coding,EF-hand domain-containing protein  [Source:UniProtKB/TrEMBL;Acc:A0A077ZJ44],Trichuris trichiura (PRJEB535),protein_coding,trtricprjeb535
TTRE7202,TTRE7202_t1,177,protein_coding,,Trichuris trichiura (PRJEB535),protein_coding,trtricprjeb535
TTRE2528,TTRE2528_t1,986,protein_coding,Serine:threonine protein kinase H1  [Source:UniProtKB/TrEMBL;Acc:A0A077ZF79],Trichuris trichiura (PRJEB535),protein_coding,trtricprjeb535
TTRE6378,TTRE6378_t1,1265,protein_coding,,Trichuris trichiura (PRJEB535),protein_coding,trtricprjeb535
TTRE4609,TTRE4609_t1,201,protein_coding,,Trichuris trichiura (PRJEB535),protein_coding,trtricprjeb535
TTRE7201,TTRE7201_t1,553,protein_coding,,Trichuris trichiura (PRJEB535),protein_coding,trtricprjeb535
TTRE7905,TTRE7905_t1,590,protein_coding,,Trichuris trichiura (PRJEB535),protein_coding,trtricprjeb535
TTRE2112,TTRE2112_t1,233,protein_coding,Immediate early response 3-interacting protein 1  [Source:UniProtKB/TrEMBL;Acc:A0A077Z3V8],Trichuris trichiura (PRJEB535),protein_coding,trtricprjeb535
TTRE12013,TTRE12013_t1,417,protein_coding,,Trichuris trichiura (PRJEB535),protein_coding,trtricprjeb535
TTRE8961,TTRE8961_t1,296,protein_coding,Phosphatidylinositol N-acetylglucosaminyltransfer ase subunit P  [Source:UniProtKB/TrEMBL;Acc:A0A077YZ95],Trichuris trichiura (PRJEB535),protein_coding,trtricprjeb535
TTRE7960,TTRE7960_t1,767,protein_coding,,Trichuris trichiura (PRJEB535),protein_coding,trtricprjeb535
TTRE12600,TTRE12600_t1,794,protein_coding,,Trichuris trichiura (PRJEB535),protein_coding,trtricprjeb535
TTRE5083,TTRE5083_t1,518,protein_coding,,Trichuris trichiura (PRJEB535),protein_coding,trtricprjeb535
TTRE12516,TTRE12516_t1,611,protein_coding,,Trichuris trichiura (PRJEB535),protein_coding,trtricprjeb535
TTRE8138,TTRE8138_t1,134,protein_coding,Endoplasmic reticulum Golgi intermediate  [Source:UniProtKB/TrEMBL;Acc:A0A077ZI61],Trichuris trichiura (PRJEB535),protein_coding,trtricprjeb535
TTRE10412,TTRE10412_t1,611,protein_coding,,Trichuris trichiura (PRJEB535),protein_coding,trtricprjeb535
TTRE10592,TTRE10592_t1,1414,protein_coding,,Trichuris trichiura (PRJEB535),protein_coding,trtricprjeb535
TTRE8073,TTRE8073_t1,152,protein_coding,,Trichuris trichiura (PRJEB535),protein_coding,trtricprjeb535
TTRE12637,TTRE12637_t1,908,protein_coding,,Trichuris trichiura (PRJEB535),protein_coding,trtricprjeb535
TTRE11268,TTRE11268_t1,548,protein_coding,,Trichuris trichiura (PRJEB535),protein_coding,trtricprjeb535
TTRE6195,TTRE6195_t1,331,protein_coding,,Trichuris trichiura (PRJEB535),protein_coding,trtricprjeb535
TTRE3352,TTRE3352_t1,240,protein_coding,,Trichuris trichiura (PRJEB535),protein_coding,trtricprjeb535
TTRE6924,TTRE6924_t1,320,protein_coding,,Trichuris trichiura (PRJEB535),protein_coding,trtricprjeb535
TTRE2040,TTRE2040_t1,282,protein_coding,"Retrotransposon protein, unclassified, expressed  [Source:UniProtKB/TrEMBL;Acc:A0A077Z203]",Trichuris trichiura (PRJEB535),protein_coding,trtricprjeb535
TTRE397,TTRE397_t1,461,protein_coding,,Trichuris trichiura (PRJEB535),protein_coding,trtricprjeb535
TTRE11383,TTRE11383_t1,1100,protein_coding,,Trichuris trichiura (PRJEB535),protein_coding,trtricprjeb535
TTRE3266,TTRE3266_t1,843,protein_coding,G protein coupled receptor  [Source:UniProtKB/TrEMBL;Acc:A0A077YVP5],Trichuris trichiura (PRJEB535),protein_coding,trtricprjeb535
TTRE6202,TTRE6202_t1,183,protein_coding,DUF1741 domain containing protein  [Source:UniProtKB/TrEMBL;Acc:A0A077ZAR5],Trichuris trichiura (PRJEB535),protein_coding,trtricprjeb535
TTRE1150,TTRE1150_t1,407,protein_coding,OCIA domain containing protein  [Source:UniProtKB/TrEMBL;Acc:A0A077Z9U8],Trichuris trichiura (PRJEB535),protein_coding,trtricprjeb535
TTRE12005,TTRE12005_t1,437,protein_coding,,Trichuris trichiura (PRJEB535),protein_coding,trtricprjeb535
TTRE7833,TTRE7833_t1,368,protein_coding,,Trichuris trichiura (PRJEB535),protein_coding,trtricprjeb535
TTRE7767,TTRE7767_t1,385,protein_coding,,Trichuris trichiura (PRJEB535),protein_coding,trtricprjeb535
TTRE1612,TTRE1612_t1,3032,protein_coding,,Trichuris trichiura (PRJEB535),protein_coding,trtricprjeb535
TTRE2465,TTRE2465_t1,734,protein_coding,TB2 DP1 HVA22 domain containing protein  [Source:UniProtKB/TrEMBL;Acc:A0A077YZ08],Trichuris trichiura (PRJEB535),protein_coding,trtricprjeb535
TTRE2349,TTRE2349_t1,598,protein_coding,Neur chan LBD domain containing protein  [Source:UniProtKB/TrEMBL;Acc:A0A077ZA24],Trichuris trichiura (PRJEB535),protein_coding,trtricprjeb535
TTRE11403,TTRE11403_t1,370,protein_coding,,Trichuris trichiura (PRJEB535),protein_coding,trtricprjeb535
TTRE8775,TTRE8775_t1,254,protein_coding,2OG-FeII Oxy 2 domain containing protein  [Source:UniProtKB/TrEMBL;Acc:A0A077Z4H9],Trichuris trichiura (PRJEB535),protein_coding,trtricprjeb535
TTRE529,TTRE529_t1,414,protein_coding,Tubulin alpha chain  [Source:UniProtKB/TrEMBL;Acc:A0A077ZI14],Trichuris trichiura (PRJEB535),protein_coding,trtricprjeb535
TTRE8576,TTRE8576_t1,476,protein_coding,,Trichuris trichiura (PRJEB535),protein_coding,trtricprjeb535
TTRE11125,TTRE11125_t1,362,protein_coding,,Trichuris trichiura (PRJEB535),protein_coding,trtricprjeb535
TTRE8588,TTRE8588_t1,211,protein_coding,tRNA int end N2 domain containing protein  [Source:UniProtKB/TrEMBL;Acc:A0A077Z2W2],Trichuris trichiura (PRJEB535),protein_coding,trtricprjeb535
TTRE9589,TTRE9589_t1,446,protein_coding,,Trichuris trichiura (PRJEB535),protein_coding,trtricprjeb535
TTRE12141,TTRE12141_t1,659,protein_coding,,Trichuris trichiura (PRJEB535),protein_coding,trtricprjeb535
TTRE7144,TTRE7144_t1,517,protein_coding,Regulator of rDNA transcription protein 15  [Source:UniProtKB/TrEMBL;Acc:A0A077ZMJ6],Trichuris trichiura (PRJEB535),protein_coding,trtricprjeb535
TTRE1394,TTRE1394_t1,1790,protein_coding,,Trichuris trichiura (PRJEB535),protein_coding,trtricprjeb535
TTRE4799,TTRE4799_t1,182,protein_coding,,Trichuris trichiura (PRJEB535),protein_coding,trtricprjeb535
TTRE2501,TTRE2501_t1,667,protein_coding,,Trichuris trichiura (PRJEB535),protein_coding,trtricprjeb535
TTRE10043,TTRE10043_t2,468,protein_coding,,Trichuris trichiura (PRJEB535),protein_coding,trtricprjeb535
TTRE9370,TTRE9370_t1,288,protein_coding,,Trichuris trichiura (PRJEB535),protein_coding,trtricprjeb535
TTRE9863,TTRE9863_t1,259,protein_coding,Exosome complex exonuclease MTR3  [Source:UniProtKB/TrEMBL;Acc:A0A077YZU3],Trichuris trichiura (PRJEB535),protein_coding,trtricprjeb535
TTRE9599,TTRE9599_t1,308,protein_coding,,Trichuris trichiura (PRJEB535),protein_coding,trtricprjeb535
TTRE7500,TTRE7500_t1,1520,protein_coding,,Trichuris trichiura (PRJEB535),protein_coding,trtricprjeb535
TTRE8676,TTRE8676_t1,488,protein_coding,,Trichuris trichiura (PRJEB535),protein_coding,trtricprjeb535
TTRE6639,TTRE6639_t1,338,protein_coding,,Trichuris trichiura (PRJEB535),protein_coding,trtricprjeb535
TTRE1921,TTRE1921_t1,217,protein_coding,Queuine tRNA-ribosyltransferase catalytic subunit 1  [Source:UniProtKB/TrEMBL;Acc:A0A077Z7S2],Trichuris trichiura (PRJEB535),protein_coding,trtricprjeb535
TTRE11747,TTRE11747_t1,341,protein_coding,,Trichuris trichiura (PRJEB535),protein_coding,trtricprjeb535
TTRE10545,TTRE10545_t1,829,protein_coding,,Trichuris trichiura (PRJEB535),protein_coding,trtricprjeb535
TTRE5332,TTRE5332_t1,1017,protein_coding,,Trichuris trichiura (PRJEB535),protein_coding,trtricprjeb535
TTRE4793,TTRE4793_t1,797,protein_coding,snRNA-activating protein complex subunit 3  [Source:UniProtKB/TrEMBL;Acc:A0A077ZKS5],Trichuris trichiura (PRJEB535),protein_coding,trtricprjeb535
TTRE2179,TTRE2179_t1,809,protein_coding,,Trichuris trichiura (PRJEB535),protein_coding,trtricprjeb535
TTRE8071,TTRE8071_t1,411,protein_coding,,Trichuris trichiura (PRJEB535),protein_coding,trtricprjeb535
TTRE6068,TTRE6068_t1,176,protein_coding,,Trichuris trichiura (PRJEB535),protein_coding,trtricprjeb535
TTRE10278,TTRE10278_t1,449,protein_coding,,Trichuris trichiura (PRJEB535),protein_coding,trtricprjeb535
TTRE436,TTRE436_t1,210,protein_coding,,Trichuris trichiura (PRJEB535),protein_coding,trtricprjeb535
TTRE10009,TTRE10009_t1,307,protein_coding,Deoxyuridine 5'-triphosphate nucleotidohydrolase  [Source:UniProtKB/TrEMBL;Acc:A0A077Z4D3],Trichuris trichiura (PRJEB535),protein_coding,trtricprjeb535
TTRE6189,TTRE6189_t1,152,protein_coding,,Trichuris trichiura (PRJEB535),protein_coding,trtricprjeb535
TTRE12347,TTRE12347_t1,176,protein_coding,Calmodulin-like protein  [Source:UniProtKB/TrEMBL;Acc:A0A077ZFJ0],Trichuris trichiura (PRJEB535),protein_coding,trtricprjeb535
TTRE9628,TTRE9628_t1,1799,protein_coding,,Trichuris trichiura (PRJEB535),protein_coding,trtricprjeb535
TTRE1528,TTRE1528_t1,436,protein_coding,RING-type E3 ubiquitin transferase  [Source:UniProtKB/TrEMBL;Acc:A0A077Z6U6],Trichuris trichiura (PRJEB535),protein_coding,trtricprjeb535
TTRE76,TTRE76_t1,450,protein_coding,Niemann Pick C1 protein  [Source:UniProtKB/TrEMBL;Acc:A0A077ZCK5],Trichuris trichiura (PRJEB535),protein_coding,trtricprjeb535
TTRE11754,TTRE11754_t1,377,protein_coding,,Trichuris trichiura (PRJEB535),protein_coding,trtricprjeb535
TTRE12416,TTRE12416_t1,392,protein_coding,TonB-dependent receptor  [Source:UniProtKB/TrEMBL;Acc:A0A077ZDD3],Trichuris trichiura (PRJEB535),protein_coding,trtricprjeb535
TTRE10832,TTRE10832_t1,296,protein_coding,,Trichuris trichiura (PRJEB535),protein_coding,trtricprjeb535
TTRE5506,TTRE5506_t1,273,protein_coding,,Trichuris trichiura (PRJEB535),protein_coding,trtricprjeb535
TTRE12575,TTRE12575_t1,445,protein_coding,,Trichuris trichiura (PRJEB535),protein_coding,trtricprjeb535
TTRE50,TTRE50_t1,257,protein_coding,,Trichuris trichiura (PRJEB535),protein_coding,trtricprjeb535
TTRE10257,TTRE10257_t1,755,protein_coding,,Trichuris trichiura (PRJEB535),protein_coding,trtricprjeb535
TTRE12513,TTRE12513_t1,464,protein_coding,,Trichuris trichiura (PRJEB535),protein_coding,trtricprjeb535
TTRE4971,TTRE4971_t1,291,protein_coding,CLIP associating protein 1  [Source:UniProtKB/TrEMBL;Acc:A0A077ZB20],Trichuris trichiura (PRJEB535),protein_coding,trtricprjeb535
TTRE7714,TTRE7714_t1,1286,protein_coding,Ionotropic receptor  [Source:UniProtKB/TrEMBL;Acc:A0A077ZEC2],Trichuris trichiura (PRJEB535),protein_coding,trtricprjeb535
TTRE2372,TTRE2372_t1,293,protein_coding,Phenylalanine--tRNA ligase beta subunit  [Source:UniProtKB/TrEMBL;Acc:A0A077ZF63],Trichuris trichiura (PRJEB535),protein_coding,trtricprjeb535
TTRE9554,TTRE9554_t1,548,protein_coding,,Trichuris trichiura (PRJEB535),protein_coding,trtricprjeb535
TTRE9235,TTRE9235_t1,305,protein_coding,,Trichuris trichiura (PRJEB535),protein_coding,trtricprjeb535
TTRE8126,TTRE8126_t1,2339,protein_coding,G protein linked acetylcholine receptor GAR 2a  [Source:UniProtKB/TrEMBL;Acc:A0A077ZDF1],Trichuris trichiura (PRJEB535),protein_coding,trtricprjeb535
TTRE3906,TTRE3906_t1,292,protein_coding,Protein ttr  [Source:UniProtKB/TrEMBL;Acc:A0A077ZAY5],Trichuris trichiura (PRJEB535),protein_coding,trtricprjeb535
TTRE10950,TTRE10950_t1,515,protein_coding,,Trichuris trichiura (PRJEB535),protein_coding,trtricprjeb535
TTRE1786,TTRE1786_t1,411,protein_coding,,Trichuris trichiura (PRJEB535),protein_coding,trtricprjeb535
TTRE9206,TTRE9206_t1,197,protein_coding,,Trichuris trichiura (PRJEB535),protein_coding,trtricprjeb535
TTRE6411,TTRE6411_t1,1192,protein_coding,Zinc finger protein xfin zinc finger protein var iant  [Source:UniProtKB/TrEMBL;Acc:A0A077ZAD7],Trichuris trichiura (PRJEB535),protein_coding,trtricprjeb535
TTRE7879,TTRE7879_t1,142,protein_coding,,Trichuris trichiura (PRJEB535),protein_coding,trtricprjeb535
TTRE9344,TTRE9344_t1,208,protein_coding,DNA replication licensing factor MCM3  [Source:UniProtKB/TrEMBL;Acc:A0A077ZJ62],Trichuris trichiura (PRJEB535),protein_coding,trtricprjeb535
TTRE7388,TTRE7388_t1,749,protein_coding,,Trichuris trichiura (PRJEB535),protein_coding,trtricprjeb535
TTRE7866,TTRE7866_t1,530,protein_coding,,Trichuris trichiura (PRJEB535),protein_coding,trtricprjeb535
TTRE1117,TTRE1117_t1,354,protein_coding,,Trichuris trichiura (PRJEB535),protein_coding,trtricprjeb535
TTRE8839,TTRE8839_t1,353,protein_coding,Adenosylhomocysteinase 3  [Source:UniProtKB/TrEMBL;Acc:A0A077Z0I7],Trichuris trichiura (PRJEB535),protein_coding,trtricprjeb535
TTRE12278,TTRE12278_t1,695,protein_coding,,Trichuris trichiura (PRJEB535),protein_coding,trtricprjeb535
TTRE12589,TTRE12589_t1,554,protein_coding,,Trichuris trichiura (PRJEB535),protein_coding,trtricprjeb535
TTRE8705,TTRE8705_t1,527,protein_coding,,Trichuris trichiura (PRJEB535),protein_coding,trtricprjeb535
TTRE6842,TTRE6842_t1,479,protein_coding,,Trichuris trichiura (PRJEB535),protein_coding,trtricprjeb535
TTRE9386,TTRE9386_t1,437,protein_coding,,Trichuris trichiura (PRJEB535),protein_coding,trtricprjeb535
TTRE8986,TTRE8986_t1,142,protein_coding,Mitochondrial import receptor subunit TOM20  [Source:UniProtKB/TrEMBL;Acc:A0A077Z9J6],Trichuris trichiura (PRJEB535),protein_coding,trtricprjeb535
TTRE1321,TTRE1321_t1,834,protein_coding,,Trichuris trichiura (PRJEB535),protein_coding,trtricprjeb535
TTRE10517,TTRE10517_t1,326,protein_coding,,Trichuris trichiura (PRJEB535),protein_coding,trtricprjeb535
TTRE9356,TTRE9356_t1,253,protein_coding,,Trichuris trichiura (PRJEB535),protein_coding,trtricprjeb535
TTRE10305,TTRE10305_t1,1745,protein_coding,,Trichuris trichiura (PRJEB535),protein_coding,trtricprjeb535
TTRE324,TTRE324_t1,239,protein_coding,,Trichuris trichiura (PRJEB535),protein_coding,trtricprjeb535
TTRE5664,TTRE5664_t1,238,protein_coding,,Trichuris trichiura (PRJEB535),protein_coding,trtricprjeb535
TTRE1840,TTRE1840_t1,278,protein_coding,,Trichuris trichiura (PRJEB535),protein_coding,trtricprjeb535
TTRE9371,TTRE9371_t1,525,protein_coding,Cuticle collagen lon 3  [Source:UniProtKB/TrEMBL;Acc:A0A077Z2M8],Trichuris trichiura (PRJEB535),protein_coding,trtricprjeb535
TTRE7700,TTRE7700_t1,668,protein_coding,,Trichuris trichiura (PRJEB535),protein_coding,trtricprjeb535
TTRE3785,TTRE3785_t1,399,protein_coding,,Trichuris trichiura (PRJEB535),protein_coding,trtricprjeb535
TTRE3480,TTRE3480_t1,330,protein_coding,,Trichuris trichiura (PRJEB535),protein_coding,trtricprjeb535
TTRE9213,TTRE9213_t1,278,protein_coding,,Trichuris trichiura (PRJEB535),protein_coding,trtricprjeb535
TTRE10438,TTRE10438_t1,311,protein_coding,,Trichuris trichiura (PRJEB535),protein_coding,trtricprjeb535
TTRE2347,TTRE2347_t1,221,protein_coding,,Trichuris trichiura (PRJEB535),protein_coding,trtricprjeb535
TTRE11097,TTRE11097_t1,207,protein_coding,Centrosomal protein of 41 kDa  [Source:UniProtKB/TrEMBL;Acc:A0A077Z4A6],Trichuris trichiura (PRJEB535),protein_coding,trtricprjeb535
TTRE12519,TTRE12519_t1,334,protein_coding,,Trichuris trichiura (PRJEB535),protein_coding,trtricprjeb535
TTRE6390,TTRE6390_t1,147,protein_coding,,Trichuris trichiura (PRJEB535),protein_coding,trtricprjeb535
TTRE4395,TTRE4395_t1,690,protein_coding,26S proteasome non-ATPase regulatory subunit 6  [Source:UniProtKB/TrEMBL;Acc:A0A077Z5L3],Trichuris trichiura (PRJEB535),protein_coding,trtricprjeb535
TTRE11736,TTRE11736_t1,744,protein_coding,,Trichuris trichiura (PRJEB535),protein_coding,trtricprjeb535
TTRE10668,TTRE10668_t1,242,protein_coding,,Trichuris trichiura (PRJEB535),protein_coding,trtricprjeb535
TTRE6622,TTRE6622_t1,333,protein_coding,,Trichuris trichiura (PRJEB535),protein_coding,trtricprjeb535
TTRE2210,TTRE2210_t1,590,protein_coding,Zf-C2H2 and zf-H2C2 2 domain containing protein  [Source:UniProtKB/TrEMBL;Acc:A0A077YZV6],Trichuris trichiura (PRJEB535),protein_coding,trtricprjeb535
TTRE4804,TTRE4804_t1,355,protein_coding,,Trichuris trichiura (PRJEB535),protein_coding,trtricprjeb535
TTRE1275,TTRE1275_t1,281,protein_coding,,Trichuris trichiura (PRJEB535),protein_coding,trtricprjeb535
TTRE2026,TTRE2026_t1,624,protein_coding,Growth/differentiation factor 8  [Source:UniProtKB/TrEMBL;Acc:A0A077Z3B3],Trichuris trichiura (PRJEB535),protein_coding,trtricprjeb535
TTRE2627,TTRE2627_t1,591,protein_coding,,Trichuris trichiura (PRJEB535),protein_coding,trtricprjeb535
TTRE7629,TTRE7629_t1,383,protein_coding,,Trichuris trichiura (PRJEB535),protein_coding,trtricprjeb535
TTRE27,TTRE27_t1,254,protein_coding,,Trichuris trichiura (PRJEB535),protein_coding,trtricprjeb535
TTRE2723,TTRE2723_t1,273,protein_coding,,Trichuris trichiura (PRJEB535),protein_coding,trtricprjeb535
TTRE11564,TTRE11564_t1,341,protein_coding,,Trichuris trichiura (PRJEB535),protein_coding,trtricprjeb535
TTRE11398,TTRE11398_t1,350,protein_coding,,Trichuris trichiura (PRJEB535),protein_coding,trtricprjeb535
TTRE5721,TTRE5721_t1,227,protein_coding,DUF842 domain containing protein  [Source:UniProtKB/TrEMBL;Acc:A0A077ZCM2],Trichuris trichiura (PRJEB535),protein_coding,trtricprjeb535
TTRE7189,TTRE7189_t1,326,protein_coding,,Trichuris trichiura (PRJEB535),protein_coding,trtricprjeb535
TTRE1754,TTRE1754_t1,271,protein_coding,,Trichuris trichiura (PRJEB535),protein_coding,trtricprjeb535
TTRE2617,TTRE2617_t1,203,protein_coding,,Trichuris trichiura (PRJEB535),protein_coding,trtricprjeb535
TTRE9388,TTRE9388_t1,305,protein_coding,,Trichuris trichiura (PRJEB535),protein_coding,trtricprjeb535
TTRE6071,TTRE6071_t1,196,protein_coding,,Trichuris trichiura (PRJEB535),protein_coding,trtricprjeb535
TTRE1727,TTRE1727_t1,177,protein_coding,,Trichuris trichiura (PRJEB535),protein_coding,trtricprjeb535
TTRE12192,TTRE12192_t1,761,protein_coding,DRBM domain-containing protein  [Source:UniProtKB/TrEMBL;Acc:A0A077ZIF6],Trichuris trichiura (PRJEB535),protein_coding,trtricprjeb535
TTRE3218,TTRE3218_t1,175,protein_coding,,Trichuris trichiura (PRJEB535),protein_coding,trtricprjeb535
TTRE9809,TTRE9809_t1,173,protein_coding,,Trichuris trichiura (PRJEB535),protein_coding,trtricprjeb535
TTRE11651,TTRE11651_t1,205,protein_coding,,Trichuris trichiura (PRJEB535),protein_coding,trtricprjeb535
TTRE9470,TTRE9470_t1,326,protein_coding,,Trichuris trichiura (PRJEB535),protein_coding,trtricprjeb535
TTRE4708,TTRE4708_t1,129,protein_coding,,Trichuris trichiura (PRJEB535),protein_coding,trtricprjeb535
TTRE11984,TTRE11984_t1,185,protein_coding,,Trichuris trichiura (PRJEB535),protein_coding,trtricprjeb535
TTRE6012,TTRE6012_t1,241,protein_coding,,Trichuris trichiura (PRJEB535),protein_coding,trtricprjeb535
TTRE11437,TTRE11437_t1,833,protein_coding,Endonuclease III homolog  [Source:UniProtKB/TrEMBL;Acc:A0A077ZFC2],Trichuris trichiura (PRJEB535),protein_coding,trtricprjeb535
TTRE11911,TTRE11911_t1,578,protein_coding,,Trichuris trichiura (PRJEB535),protein_coding,trtricprjeb535
TTRE419,TTRE419_t1,518,protein_coding,Major sperm protein  [Source:UniProtKB/TrEMBL;Acc:A0A077ZK83],Trichuris trichiura (PRJEB535),protein_coding,trtricprjeb535
TTRE3063,TTRE3063_t1,476,protein_coding,Small heat shock protein  [Source:UniProtKB/TrEMBL;Acc:A0A077Z7R3],Trichuris trichiura (PRJEB535),protein_coding,trtricprjeb535
TTRE685,TTRE685_t1,178,protein_coding,Ubiquitin conjugating enzyme E2 G1  [Source:UniProtKB/TrEMBL;Acc:A0A077Z719],Trichuris trichiura (PRJEB535),protein_coding,trtricprjeb535
TTRE9461,TTRE9461_t1,165,protein_coding,U3 small nucleolar ribonucleoprotein  [Source:UniProtKB/TrEMBL;Acc:A0A077ZC45],Trichuris trichiura (PRJEB535),protein_coding,trtricprjeb535
TTRE7167,TTRE7167_t1,365,protein_coding,,Trichuris trichiura (PRJEB535),protein_coding,trtricprjeb535
TTRE7838,TTRE7838_t1,985,protein_coding,,Trichuris trichiura (PRJEB535),protein_coding,trtricprjeb535
TTRE591,TTRE591_t1,350,protein_coding,,Trichuris trichiura (PRJEB535),protein_coding,trtricprjeb535
TTRE5889,TTRE5889_t1,587,protein_coding,,Trichuris trichiura (PRJEB535),protein_coding,trtricprjeb535
TTRE5745,TTRE5745_t1,2208,protein_coding,Metal transporter CNNM2  [Source:UniProtKB/TrEMBL;Acc:A0A077ZA63],Trichuris trichiura (PRJEB535),protein_coding,trtricprjeb535
TTRE6097,TTRE6097_t1,474,protein_coding,Collagen and Col cuticle N domain containing prot ein  [Source:UniProtKB/TrEMBL;Acc:A0A077Z2Y1],Trichuris trichiura (PRJEB535),protein_coding,trtricprjeb535
TTRE6484,TTRE6484_t1,316,protein_coding,Bis(5'-nucleosyl)-tetraphosphatase [asymmetrical]  [Source:UniProtKB/TrEMBL;Acc:A0A077ZG86],Trichuris trichiura (PRJEB535),protein_coding,trtricprjeb535
TTRE2240,TTRE2240_t1,201,protein_coding,,Trichuris trichiura (PRJEB535),protein_coding,trtricprjeb535
TTRE5937,TTRE5937_t1,128,protein_coding,PDZ domain containing protein  [Source:UniProtKB/TrEMBL;Acc:A0A077Z2E6],Trichuris trichiura (PRJEB535),protein_coding,trtricprjeb535
TTRE8474,TTRE8474_t1,116,protein_coding,,Trichuris trichiura (PRJEB535),protein_coding,trtricprjeb535
TTRE1791,TTRE1791_t1,1205,protein_coding,DUF273 domain containing protein  [Source:UniProtKB/TrEMBL;Acc:A0A077YWR9],Trichuris trichiura (PRJEB535),protein_coding,trtricprjeb535
TTRE5235,TTRE5235_t1,311,protein_coding,,Trichuris trichiura (PRJEB535),protein_coding,trtricprjeb535
TTRE12334,TTRE12334_t1,323,protein_coding,,Trichuris trichiura (PRJEB535),protein_coding,trtricprjeb535
TTRE9630,TTRE9630_t1,3356,protein_coding,,Trichuris trichiura (PRJEB535),protein_coding,trtricprjeb535
TTRE12483,TTRE12483_t1,224,protein_coding,,Trichuris trichiura (PRJEB535),protein_coding,trtricprjeb535
TTRE7183,TTRE7183_t1,1373,protein_coding,,Trichuris trichiura (PRJEB535),protein_coding,trtricprjeb535
TTRE10194,TTRE10194_t1,1367,protein_coding,,Trichuris trichiura (PRJEB535),protein_coding,trtricprjeb535
TTRE2312,TTRE2312_t1,176,protein_coding,,Trichuris trichiura (PRJEB535),protein_coding,trtricprjeb535
TTRE9777,TTRE9777_t1,645,protein_coding,Soluble calcium activated nucleotidase 1  [Source:UniProtKB/TrEMBL;Acc:A0A077YZ49],Trichuris trichiura (PRJEB535),protein_coding,trtricprjeb535
TTRE4306,TTRE4306_t1,686,protein_coding,,Trichuris trichiura (PRJEB535),protein_coding,trtricprjeb535
TTRE5222,TTRE5222_t1,380,protein_coding,,Trichuris trichiura (PRJEB535),protein_coding,trtricprjeb535
TTRE12544,TTRE12544_t1,294,protein_coding,,Trichuris trichiura (PRJEB535),protein_coding,trtricprjeb535
TTRE559,TTRE559_t1,230,protein_coding,,Trichuris trichiura (PRJEB535),protein_coding,trtricprjeb535
TTRE11665,TTRE11665_t1,285,protein_coding,Tyrosine--tRNA ligase  [Source:UniProtKB/TrEMBL;Acc:A0A077Z465],Trichuris trichiura (PRJEB535),protein_coding,trtricprjeb535
TTRE781,TTRE781_t1,130,protein_coding,,Trichuris trichiura (PRJEB535),protein_coding,trtricprjeb535
TTRE8870,TTRE8870_t1,377,protein_coding,,Trichuris trichiura (PRJEB535),protein_coding,trtricprjeb535
TTRE3930,TTRE3930_t1,1425,protein_coding,Transcription initiation factor TFIID subunit 3  [Source:UniProtKB/TrEMBL;Acc:A0A077ZII5],Trichuris trichiura (PRJEB535),protein_coding,trtricprjeb535
TTRE5502,TTRE5502_t1,254,protein_coding,Nascent polypeptide associated complex protein  [Source:UniProtKB/TrEMBL;Acc:A0A077ZH89],Trichuris trichiura (PRJEB535),protein_coding,trtricprjeb535
TTRE11792,TTRE11792_t1,318,protein_coding,,Trichuris trichiura (PRJEB535),protein_coding,trtricprjeb535
TTRE5172,TTRE5172_t1,274,protein_coding,V-type proton ATPase 116 kDa subunit a isoform 2  [Source:UniProtKB/TrEMBL;Acc:A0A077ZM87],Trichuris trichiura (PRJEB535),protein_coding,trtricprjeb535
TTRE11641,TTRE11641_t1,347,protein_coding,,Trichuris trichiura (PRJEB535),protein_coding,trtricprjeb535
TTRE8185,TTRE8185_t1,347,protein_coding,,Trichuris trichiura (PRJEB535),protein_coding,trtricprjeb535
TTRE10789,TTRE10789_t1,908,protein_coding,,Trichuris trichiura (PRJEB535),protein_coding,trtricprjeb535
TTRE4657,TTRE4657_t1,310,protein_coding,,Trichuris trichiura (PRJEB535),protein_coding,trtricprjeb535
TTRE9546,TTRE9546_t1,369,protein_coding,,Trichuris trichiura (PRJEB535),protein_coding,trtricprjeb535
TTRE10381,TTRE10381_t1,129,protein_coding,,Trichuris trichiura (PRJEB535),protein_coding,trtricprjeb535
TTRE2241,TTRE2241_t1,338,protein_coding,,Trichuris trichiura (PRJEB535),protein_coding,trtricprjeb535
TTRE5397,TTRE5397_t1,187,protein_coding,GTP-binding nuclear protein  [Source:UniProtKB/TrEMBL;Acc:A0A077Z7J0],Trichuris trichiura (PRJEB535),protein_coding,trtricprjeb535
TTRE10394,TTRE10394_t1,602,protein_coding,,Trichuris trichiura (PRJEB535),protein_coding,trtricprjeb535
TTRE7037,TTRE7037_t1,519,protein_coding,,Trichuris trichiura (PRJEB535),protein_coding,trtricprjeb535
TTRE12576,TTRE12576_t1,445,protein_coding,,Trichuris trichiura (PRJEB535),protein_coding,trtricprjeb535
TTRE8802,TTRE8802_t1,176,protein_coding,FYVE and RUN domain containing protein  [Source:UniProtKB/TrEMBL;Acc:A0A077Z329],Trichuris trichiura (PRJEB535),protein_coding,trtricprjeb535
TTRE11660,TTRE11660_t1,452,protein_coding,,Trichuris trichiura (PRJEB535),protein_coding,trtricprjeb535
TTRE11616,TTRE11616_t1,221,protein_coding,,Trichuris trichiura (PRJEB535),protein_coding,trtricprjeb535
TTRE12312,TTRE12312_t1,1101,protein_coding,RNA polymerase II subunit A C-terminal domain phosphatase  [Source:UniProtKB/TrEMBL;Acc:A0A077ZAW3],Trichuris trichiura (PRJEB535),protein_coding,trtricprjeb535
TTRE10974,TTRE10974_t1,410,protein_coding,,Trichuris trichiura (PRJEB535),protein_coding,trtricprjeb535
TTRE6838,TTRE6838_t1,310,protein_coding,,Trichuris trichiura (PRJEB535),protein_coding,trtricprjeb535
TTRE3750,TTRE3750_t1,210,protein_coding,BTB and Ank 2 and FYVE domain containing protein  [Source:UniProtKB/TrEMBL;Acc:A0A077ZC83],Trichuris trichiura (PRJEB535),protein_coding,trtricprjeb535
TTRE9009,TTRE9009_t1,5210,protein_coding,,Trichuris trichiura (PRJEB535),protein_coding,trtricprjeb535
TTRE9339,TTRE9339_t1,243,protein_coding,,Trichuris trichiura (PRJEB535),protein_coding,trtricprjeb535
TTRE257,TTRE257_t1,152,protein_coding,,Trichuris trichiura (PRJEB535),protein_coding,trtricprjeb535
TTRE11560,TTRE11560_t1,272,protein_coding,Alpha ketoglutarate dependent  [Source:UniProtKB/TrEMBL;Acc:A0A077YWG1],Trichuris trichiura (PRJEB535),protein_coding,trtricprjeb535
TTRE9845,TTRE9845_t1,221,protein_coding,,Trichuris trichiura (PRJEB535),protein_coding,trtricprjeb535
TTRE2079,TTRE2079_t1,212,protein_coding,,Trichuris trichiura (PRJEB535),protein_coding,trtricprjeb535
TTRE12029,TTRE12029_t1,1532,protein_coding,,Trichuris trichiura (PRJEB535),protein_coding,trtricprjeb535
TTRE7726,TTRE7726_t1,741,protein_coding,,Trichuris trichiura (PRJEB535),protein_coding,trtricprjeb535
TTRE3948,TTRE3948_t1,119,protein_coding,,Trichuris trichiura (PRJEB535),protein_coding,trtricprjeb535
TTRE1540,TTRE1540_t1,345,protein_coding,Poly(RC) binding protein 3  [Source:UniProtKB/TrEMBL;Acc:A0A077Z2M7],Trichuris trichiura (PRJEB535),protein_coding,trtricprjeb535
TTRE11411,TTRE11411_t1,824,protein_coding,,Trichuris trichiura (PRJEB535),protein_coding,trtricprjeb535
TTRE170,TTRE170_t1,685,protein_coding,,Trichuris trichiura (PRJEB535),protein_coding,trtricprjeb535
TTRE4286,TTRE4286_t1,292,protein_coding,INTS5 N and INTS5 C domain containing protein  [Source:UniProtKB/TrEMBL;Acc:A0A077YYT4],Trichuris trichiura (PRJEB535),protein_coding,trtricprjeb535
TTRE388,TTRE388_t1,1352,protein_coding,alpha-glucosidase  [Source:UniProtKB/TrEMBL;Acc:A0A077Z7X2],Trichuris trichiura (PRJEB535),protein_coding,trtricprjeb535
TTRE10561,TTRE10561_t1,899,protein_coding,,Trichuris trichiura (PRJEB535),protein_coding,trtricprjeb535
TTRE12284,TTRE12284_t1,751,protein_coding,Cell cycle checkpoint protein RAD17  [Source:UniProtKB/TrEMBL;Acc:A0A077YUK2],Trichuris trichiura (PRJEB535),protein_coding,trtricprjeb535
TTRE8840,TTRE8840_t1,387,protein_coding,Putative tryptase gamma  [Source:UniProtKB/TrEMBL;Acc:A0A077YYQ3],Trichuris trichiura (PRJEB535),protein_coding,trtricprjeb535
TTRE1602,TTRE1602_t1,296,protein_coding,,Trichuris trichiura (PRJEB535),protein_coding,trtricprjeb535
TTRE5236,TTRE5236_t1,190,protein_coding,Transcription state regulatory protein AbrB  [Source:UniProtKB/TrEMBL;Acc:A0A077ZCJ5],Trichuris trichiura (PRJEB535),protein_coding,trtricprjeb535
TTRE3389,TTRE3389_t1,129,protein_coding,Proteasome subunit alpha type 1  [Source:UniProtKB/TrEMBL;Acc:A0A077Z2P7],Trichuris trichiura (PRJEB535),protein_coding,trtricprjeb535
TTRE2238,TTRE2238_t1,654,protein_coding,,Trichuris trichiura (PRJEB535),protein_coding,trtricprjeb535
TTRE6067,TTRE6067_t1,278,protein_coding,,Trichuris trichiura (PRJEB535),protein_coding,trtricprjeb535
TTRE10286,TTRE10286_t1,128,protein_coding,,Trichuris trichiura (PRJEB535),protein_coding,trtricprjeb535
TTRE1933,TTRE1933_t1,139,protein_coding,Ribosomal protein L19  [Source:UniProtKB/TrEMBL;Acc:A0A077YXE1],Trichuris trichiura (PRJEB535),protein_coding,trtricprjeb535
TTRE4469,TTRE4469_t1,164,protein_coding,,Trichuris trichiura (PRJEB535),protein_coding,trtricprjeb535
TTRE11258,TTRE11258_t1,245,protein_coding,,Trichuris trichiura (PRJEB535),protein_coding,trtricprjeb535
TTRE5232,TTRE5232_t1,2444,protein_coding,Conserved oligomeric Golgi complex subunit 1  [Source:UniProtKB/TrEMBL;Acc:A0A077YXH1],Trichuris trichiura (PRJEB535),protein_coding,trtricprjeb535
TTRE10949,TTRE10949_t1,740,protein_coding,,Trichuris trichiura (PRJEB535),protein_coding,trtricprjeb535
TTRE462,TTRE462_t1,475,protein_coding,General transcription and DNA repair factor IIH helicase subunit XPB  [Source:UniProtKB/TrEMBL;Acc:A0A077ZAZ3],Trichuris trichiura (PRJEB535),protein_coding,trtricprjeb535
TTRE197,TTRE197_t1,215,protein_coding,,Trichuris trichiura (PRJEB535),protein_coding,trtricprjeb535
TTRE9868,TTRE9868_t1,244,protein_coding,,Trichuris trichiura (PRJEB535),protein_coding,trtricprjeb535
TTRE3547,TTRE3547_t2,462,protein_coding,,Trichuris trichiura (PRJEB535),protein_coding,trtricprjeb535
TTRE6638,TTRE6638_t1,1259,protein_coding,,Trichuris trichiura (PRJEB535),protein_coding,trtricprjeb535
TTRE341,TTRE341_t1,477,protein_coding,FHA domain-containing protein  [Source:UniProtKB/TrEMBL;Acc:A0A077Z7M5],Trichuris trichiura (PRJEB535),protein_coding,trtricprjeb535
TTRE2139,TTRE2139_t1,992,protein_coding,RabGAP-TBC domain containing protein  [Source:UniProtKB/TrEMBL;Acc:A0A077ZE00],Trichuris trichiura (PRJEB535),protein_coding,trtricprjeb535
TTRE4297,TTRE4297_t1,884,protein_coding,Histone deacetylase 4  [Source:UniProtKB/TrEMBL;Acc:A0A077YYM2],Trichuris trichiura (PRJEB535),protein_coding,trtricprjeb535
TTRE5578,TTRE5578_t1,192,protein_coding,,Trichuris trichiura (PRJEB535),protein_coding,trtricprjeb535
TTRE627,TTRE627_t1,485,protein_coding,,Trichuris trichiura (PRJEB535),protein_coding,trtricprjeb535
TTRE9921,TTRE9921_t1,203,protein_coding,,Trichuris trichiura (PRJEB535),protein_coding,trtricprjeb535
TTRE5617,TTRE5617_t1,561,protein_coding,PEHE domain-containing protein  [Source:UniProtKB/TrEMBL;Acc:A0A077Z2I7],Trichuris trichiura (PRJEB535),protein_coding,trtricprjeb535
TTRE6228,TTRE6228_t1,530,protein_coding,PH domain-containing protein  [Source:UniProtKB/TrEMBL;Acc:A0A077ZGC3],Trichuris trichiura (PRJEB535),protein_coding,trtricprjeb535
TTRE7496,TTRE7496_t1,241,protein_coding,,Trichuris trichiura (PRJEB535),protein_coding,trtricprjeb535
TTRE1146,TTRE1146_t1,233,protein_coding,Lissencephaly-1 homolog  [Source:UniProtKB/TrEMBL;Acc:A0A077ZAE8],Trichuris trichiura (PRJEB535),protein_coding,trtricprjeb535
TTRE9283,TTRE9283_t1,429,protein_coding,Globin  [Source:UniProtKB/TrEMBL;Acc:A0A077ZE79],Trichuris trichiura (PRJEB535),protein_coding,trtricprjeb535
TTRE3542,TTRE3542_t1,1206,protein_coding,,Trichuris trichiura (PRJEB535),protein_coding,trtricprjeb535
TTRE10811,TTRE10811_t1,744,protein_coding,,Trichuris trichiura (PRJEB535),protein_coding,trtricprjeb535
TTRE7533,TTRE7533_t1,594,protein_coding,,Trichuris trichiura (PRJEB535),protein_coding,trtricprjeb535
TTRE5549,TTRE5549_t1,715,protein_coding,,Trichuris trichiura (PRJEB535),protein_coding,trtricprjeb535
TTRE5646,TTRE5646_t1,1424,protein_coding,,Trichuris trichiura (PRJEB535),protein_coding,trtricprjeb535
TTRE9146,TTRE9146_t1,543,protein_coding,,Trichuris trichiura (PRJEB535),protein_coding,trtricprjeb535
TTRE391,TTRE391_t1,326,protein_coding,,Trichuris trichiura (PRJEB535),protein_coding,trtricprjeb535
TTRE1634,TTRE1634_t1,266,protein_coding,,Trichuris trichiura (PRJEB535),protein_coding,trtricprjeb535
TTRE2091,TTRE2091_t1,1697,protein_coding,Trehalase  [Source:UniProtKB/TrEMBL;Acc:A0A077ZK08],Trichuris trichiura (PRJEB535),protein_coding,trtricprjeb535
TTRE11557,TTRE11557_t1,199,protein_coding,,Trichuris trichiura (PRJEB535),protein_coding,trtricprjeb535
TTRE4625,TTRE4625_t1,821,protein_coding,,Trichuris trichiura (PRJEB535),protein_coding,trtricprjeb535
TTRE5743,TTRE5743_t1,265,protein_coding,,Trichuris trichiura (PRJEB535),protein_coding,trtricprjeb535
TTRE5498,TTRE5498_t1,230,protein_coding,Ras protein rab 7a  [Source:UniProtKB/TrEMBL;Acc:A0A077Z680],Trichuris trichiura (PRJEB535),protein_coding,trtricprjeb535
TTRE12056,TTRE12056_t1,2582,protein_coding,,Trichuris trichiura (PRJEB535),protein_coding,trtricprjeb535
TTRE9166,TTRE9166_t1,405,protein_coding,,Trichuris trichiura (PRJEB535),protein_coding,trtricprjeb535
TTRE1285,TTRE1285_t1,200,protein_coding,Clathrin light chain  [Source:UniProtKB/TrEMBL;Acc:A0A077YXP9],Trichuris trichiura (PRJEB535),protein_coding,trtricprjeb535
TTRE8315,TTRE8315_t1,1332,protein_coding,,Trichuris trichiura (PRJEB535),protein_coding,trtricprjeb535
TTRE4252,TTRE4252_t1,1126,protein_coding,,Trichuris trichiura (PRJEB535),protein_coding,trtricprjeb535
TTRE9346,TTRE9346_t1,923,protein_coding,,Trichuris trichiura (PRJEB535),protein_coding,trtricprjeb535
TTRE6620,TTRE6620_t1,1136,protein_coding,,Trichuris trichiura (PRJEB535),protein_coding,trtricprjeb535
TTRE7483,TTRE7483_t1,1217,protein_coding,,Trichuris trichiura (PRJEB535),protein_coding,trtricprjeb535
TTRE700,TTRE700_t1,580,protein_coding,"5' AMP activated protein kinase, beta subunit  [Source:UniProtKB/TrEMBL;Acc:A0A077Z8L0]",Trichuris trichiura (PRJEB535),protein_coding,trtricprjeb535
TTRE7539,TTRE7539_t1,278,protein_coding,,Trichuris trichiura (PRJEB535),protein_coding,trtricprjeb535
TTRE9703,TTRE9703_t1,193,protein_coding,,Trichuris trichiura (PRJEB535),protein_coding,trtricprjeb535
TTRE5356,TTRE5356_t1,590,protein_coding,alanine--tRNA ligase  [Source:UniProtKB/TrEMBL;Acc:A0A077ZDZ0],Trichuris trichiura (PRJEB535),protein_coding,trtricprjeb535
TTRE12187,TTRE12187_t1,146,protein_coding,Barrier to autointegration factor  [Source:UniProtKB/TrEMBL;Acc:A0A077ZFN1],Trichuris trichiura (PRJEB535),protein_coding,trtricprjeb535
TTRE2980,TTRE2980_t1,1660,protein_coding,,Trichuris trichiura (PRJEB535),protein_coding,trtricprjeb535
TTRE6021,TTRE6021_t1,476,protein_coding,,Trichuris trichiura (PRJEB535),protein_coding,trtricprjeb535
TTRE11566,TTRE11566_t1,289,protein_coding,,Trichuris trichiura (PRJEB535),protein_coding,trtricprjeb535
TTRE3651,TTRE3651_t1,205,protein_coding,,Trichuris trichiura (PRJEB535),protein_coding,trtricprjeb535
TTRE6869,TTRE6869_t1,161,protein_coding,,Trichuris trichiura (PRJEB535),protein_coding,trtricprjeb535
TTRE10285,TTRE10285_t1,449,protein_coding,,Trichuris trichiura (PRJEB535),protein_coding,trtricprjeb535
TTRE8918,TTRE8918_t1,307,protein_coding,Cohesin subunit SA 1  [Source:UniProtKB/TrEMBL;Acc:A0A077Z5T2],Trichuris trichiura (PRJEB535),protein_coding,trtricprjeb535
TTRE4500,TTRE4500_t1,177,protein_coding,,Trichuris trichiura (PRJEB535),protein_coding,trtricprjeb535
TTRE11875,TTRE11875_t1,317,protein_coding,,Trichuris trichiura (PRJEB535),protein_coding,trtricprjeb535
TTRE3656,TTRE3656_t1,2283,protein_coding,Kinesin protein KIF26A  [Source:UniProtKB/TrEMBL;Acc:A0A077ZA64],Trichuris trichiura (PRJEB535),protein_coding,trtricprjeb535
TTRE11335,TTRE11335_t1,255,protein_coding,,Trichuris trichiura (PRJEB535),protein_coding,trtricprjeb535
TTRE4762,TTRE4762_t1,743,protein_coding,Exosome complex component RRP41  [Source:UniProtKB/TrEMBL;Acc:A0A077ZAN7],Trichuris trichiura (PRJEB535),protein_coding,trtricprjeb535
TTRE4164,TTRE4164_t1,889,protein_coding,Innexin  [Source:UniProtKB/TrEMBL;Acc:A0A077Z0H5],Trichuris trichiura (PRJEB535),protein_coding,trtricprjeb535
TTRE8940,TTRE8940_t1,591,protein_coding,,Trichuris trichiura (PRJEB535),protein_coding,trtricprjeb535
TTRE11146,TTRE11146_t1,395,protein_coding,,Trichuris trichiura (PRJEB535),protein_coding,trtricprjeb535
TTRE1839,TTRE1839_t1,488,protein_coding,,Trichuris trichiura (PRJEB535),protein_coding,trtricprjeb535
TTRE635,TTRE635_t1,1120,protein_coding,,Trichuris trichiura (PRJEB535),protein_coding,trtricprjeb535
TTRE2739,TTRE2739_t1,2113,protein_coding,non-specific serine/threonine protein kinase  [Source:UniProtKB/TrEMBL;Acc:A0A077ZBB9],Trichuris trichiura (PRJEB535),protein_coding,trtricprjeb535
TTRE2031,TTRE2031_t1,197,protein_coding,,Trichuris trichiura (PRJEB535),protein_coding,trtricprjeb535
TTRE8008,TTRE8008_t1,308,protein_coding,,Trichuris trichiura (PRJEB535),protein_coding,trtricprjeb535
TTRE5847,TTRE5847_t1,680,protein_coding,,Trichuris trichiura (PRJEB535),protein_coding,trtricprjeb535
TTRE2800,TTRE2800_t1,587,protein_coding,,Trichuris trichiura (PRJEB535),protein_coding,trtricprjeb535
TTRE9946,TTRE9946_t1,910,protein_coding,,Trichuris trichiura (PRJEB535),protein_coding,trtricprjeb535
TTRE11031,TTRE11031_t1,1124,protein_coding,,Trichuris trichiura (PRJEB535),protein_coding,trtricprjeb535
TTRE2559,TTRE2559_t1,279,protein_coding,,Trichuris trichiura (PRJEB535),protein_coding,trtricprjeb535
TTRE11986,TTRE11986_t1,477,protein_coding,,Trichuris trichiura (PRJEB535),protein_coding,trtricprjeb535
TTRE8358,TTRE8358_t1,200,protein_coding,,Trichuris trichiura (PRJEB535),protein_coding,trtricprjeb535
TTRE6802,TTRE6802_t1,512,protein_coding,,Trichuris trichiura (PRJEB535),protein_coding,trtricprjeb535
TTRE9201,TTRE9201_t1,497,protein_coding,,Trichuris trichiura (PRJEB535),protein_coding,trtricprjeb535
TTRE54,TTRE54_t1,362,protein_coding,,Trichuris trichiura (PRJEB535),protein_coding,trtricprjeb535
TTRE1171,TTRE1171_t1,583,protein_coding,Cell division cycle-associated 7-like protein  [Source:UniProtKB/TrEMBL;Acc:A0A077Z235],Trichuris trichiura (PRJEB535),protein_coding,trtricprjeb535
TTRE6391,TTRE6391_t1,463,protein_coding,,Trichuris trichiura (PRJEB535),protein_coding,trtricprjeb535
TTRE9102,TTRE9102_t1,222,protein_coding,BAG family molecular chaperone regulator 2  [Source:UniProtKB/TrEMBL;Acc:A0A077ZF57],Trichuris trichiura (PRJEB535),protein_coding,trtricprjeb535
TTRE9224,TTRE9224_t1,150,protein_coding,,Trichuris trichiura (PRJEB535),protein_coding,trtricprjeb535
TTRE775,TTRE775_t1,452,protein_coding,40S ribosomal protein S14  [Source:UniProtKB/TrEMBL;Acc:A0A077YZK6],Trichuris trichiura (PRJEB535),protein_coding,trtricprjeb535
TTRE2532,TTRE2532_t1,196,protein_coding,,Trichuris trichiura (PRJEB535),protein_coding,trtricprjeb535
TTRE3153,TTRE3153_t1,32,protein_coding,,Trichuris trichiura (PRJEB535),protein_coding,trtricprjeb535
TTRE10474,TTRE10474_t1,775,protein_coding,,Trichuris trichiura (PRJEB535),protein_coding,trtricprjeb535
TTRE889,TTRE889_t1,557,protein_coding,,Trichuris trichiura (PRJEB535),protein_coding,trtricprjeb535
TTRE12156,TTRE12156_t1,371,protein_coding,,Trichuris trichiura (PRJEB535),protein_coding,trtricprjeb535
TTRE5711,TTRE5711_t1,317,protein_coding,60S ribosomal protein L44  [Source:UniProtKB/TrEMBL;Acc:A0A077YWR5],Trichuris trichiura (PRJEB535),protein_coding,trtricprjeb535
TTRE11062,TTRE11062_t1,1160,protein_coding,,Trichuris trichiura (PRJEB535),protein_coding,trtricprjeb535
TTRE1837,TTRE1837_t1,1724,protein_coding,Lamin Dm0  [Source:UniProtKB/TrEMBL;Acc:A0A077ZG58],Trichuris trichiura (PRJEB535),protein_coding,trtricprjeb535
TTRE10959,TTRE10959_t1,272,protein_coding,,Trichuris trichiura (PRJEB535),protein_coding,trtricprjeb535
TTRE9604,TTRE9604_t1,362,protein_coding,,Trichuris trichiura (PRJEB535),protein_coding,trtricprjeb535
TTRE2585,TTRE2585_t1,1529,protein_coding,,Trichuris trichiura (PRJEB535),protein_coding,trtricprjeb535
TTRE10418,TTRE10418_t1,266,protein_coding,,Trichuris trichiura (PRJEB535),protein_coding,trtricprjeb535
TTRE9615,TTRE9615_t1,746,protein_coding,,Trichuris trichiura (PRJEB535),protein_coding,trtricprjeb535
TTRE1331,TTRE1331_t1,238,protein_coding,,Trichuris trichiura (PRJEB535),protein_coding,trtricprjeb535
TTRE10758,TTRE10758_t1,131,protein_coding,,Trichuris trichiura (PRJEB535),protein_coding,trtricprjeb535
TTRE12515,TTRE12515_t1,428,protein_coding,,Trichuris trichiura (PRJEB535),protein_coding,trtricprjeb535
TTRE2826,TTRE2826_t1,189,protein_coding,,Trichuris trichiura (PRJEB535),protein_coding,trtricprjeb535
TTRE4022,TTRE4022_t1,260,protein_coding,,Trichuris trichiura (PRJEB535),protein_coding,trtricprjeb535
TTRE7621,TTRE7621_t1,440,protein_coding,40S ribosomal protein S15  [Source:UniProtKB/TrEMBL;Acc:A0A077ZHF3],Trichuris trichiura (PRJEB535),protein_coding,trtricprjeb535
TTRE7369,TTRE7369_t1,1023,protein_coding,,Trichuris trichiura (PRJEB535),protein_coding,trtricprjeb535
TTRE666,TTRE666_t1,387,protein_coding,,Trichuris trichiura (PRJEB535),protein_coding,trtricprjeb535
TTRE749,TTRE749_t1,370,protein_coding,Oxidored_molyb domain-containing protein  [Source:UniProtKB/TrEMBL;Acc:A0A077ZC01],Trichuris trichiura (PRJEB535),protein_coding,trtricprjeb535
TTRE5984,TTRE5984_t1,224,protein_coding,,Trichuris trichiura (PRJEB535),protein_coding,trtricprjeb535
TTRE1608,TTRE1608_t1,369,protein_coding,,Trichuris trichiura (PRJEB535),protein_coding,trtricprjeb535
TTRE11729,TTRE11729_t1,192,protein_coding,,Trichuris trichiura (PRJEB535),protein_coding,trtricprjeb535
TTRE12188,TTRE12188_t1,422,protein_coding,LIM domain containing protein  [Source:UniProtKB/TrEMBL;Acc:A0A077ZBC9],Trichuris trichiura (PRJEB535),protein_coding,trtricprjeb535
TTRE5966,TTRE5966_t1,268,protein_coding,,Trichuris trichiura (PRJEB535),protein_coding,trtricprjeb535
TTRE11361,TTRE11361_t1,326,protein_coding,,Trichuris trichiura (PRJEB535),protein_coding,trtricprjeb535
TTRE4101,TTRE4101_t1,141,protein_coding,Secreted protein  [Source:UniProtKB/TrEMBL;Acc:A0A077ZJF9],Trichuris trichiura (PRJEB535),protein_coding,trtricprjeb535
TTRE7259,TTRE7259_t1,1106,protein_coding,GIY-YIG domain-containing protein  [Source:UniProtKB/TrEMBL;Acc:A0A077ZEY3],Trichuris trichiura (PRJEB535),protein_coding,trtricprjeb535
TTRE8721,TTRE8721_t1,440,protein_coding,Endoplasmic reticulum junction formation protein lunapark  [Source:UniProtKB/TrEMBL;Acc:A0A077ZIY9],Trichuris trichiura (PRJEB535),protein_coding,trtricprjeb535
TTRE4544,TTRE4544_t1,285,protein_coding,,Trichuris trichiura (PRJEB535),protein_coding,trtricprjeb535
TTRE660,TTRE660_t1,163,protein_coding,,Trichuris trichiura (PRJEB535),protein_coding,trtricprjeb535
TTRE1717,TTRE1717_t2,416,protein_coding,,Trichuris trichiura (PRJEB535),protein_coding,trtricprjeb535
TTRE10783,TTRE10783_t1,311,protein_coding,,Trichuris trichiura (PRJEB535),protein_coding,trtricprjeb535
TTRE4756,TTRE4756_t1,284,protein_coding,,Trichuris trichiura (PRJEB535),protein_coding,trtricprjeb535
TTRE1249,TTRE1249_t1,216,protein_coding,,Trichuris trichiura (PRJEB535),protein_coding,trtricprjeb535
TTRE264,TTRE264_t1,293,protein_coding,,Trichuris trichiura (PRJEB535),protein_coding,trtricprjeb535
TTRE11826,TTRE11826_t1,146,protein_coding,,Trichuris trichiura (PRJEB535),protein_coding,trtricprjeb535
TTRE12588,TTRE12588_t1,863,protein_coding,,Trichuris trichiura (PRJEB535),protein_coding,trtricprjeb535
TTRE12337,TTRE12337_t1,186,protein_coding,,Trichuris trichiura (PRJEB535),protein_coding,trtricprjeb535
TTRE9767,TTRE9767_t1,2201,protein_coding,Phosphodiesterase  [Source:UniProtKB/TrEMBL;Acc:A0A077ZAA0],Trichuris trichiura (PRJEB535),protein_coding,trtricprjeb535
TTRE7063,TTRE7063_t1,383,protein_coding,,Trichuris trichiura (PRJEB535),protein_coding,trtricprjeb535
TTRE189,TTRE189_t1,371,protein_coding,,Trichuris trichiura (PRJEB535),protein_coding,trtricprjeb535
TTRE300,TTRE300_t1,219,protein_coding,,Trichuris trichiura (PRJEB535),protein_coding,trtricprjeb535
TTRE11128,TTRE11128_t1,1124,protein_coding,,Trichuris trichiura (PRJEB535),protein_coding,trtricprjeb535
TTRE2674,TTRE2674_t1,466,protein_coding,,Trichuris trichiura (PRJEB535),protein_coding,trtricprjeb535
TTRE1065,TTRE1065_t1,276,protein_coding,,Trichuris trichiura (PRJEB535),protein_coding,trtricprjeb535
TTRE12250,TTRE12250_t1,241,protein_coding,Deoxyribonuclease (DNase) II  [Source:UniProtKB/TrEMBL;Acc:A0A077ZAI1],Trichuris trichiura (PRJEB535),protein_coding,trtricprjeb535
TTRE2318,TTRE2318_t1,200,protein_coding,,Trichuris trichiura (PRJEB535),protein_coding,trtricprjeb535
TTRE9912,TTRE9912_t1,1013,protein_coding,DUF4812 domain-containing protein  [Source:UniProtKB/TrEMBL;Acc:A0A077YZ51],Trichuris trichiura (PRJEB535),protein_coding,trtricprjeb535
TTRE6784,TTRE6784_t1,389,protein_coding,,Trichuris trichiura (PRJEB535),protein_coding,trtricprjeb535
TTRE10597,TTRE10597_t1,1217,protein_coding,,Trichuris trichiura (PRJEB535),protein_coding,trtricprjeb535
TTRE7389,TTRE7389_t1,237,protein_coding,,Trichuris trichiura (PRJEB535),protein_coding,trtricprjeb535
TTRE8631,TTRE8631_t1,645,protein_coding,,Trichuris trichiura (PRJEB535),protein_coding,trtricprjeb535
TTRE6343,TTRE6343_t1,300,protein_coding,,Trichuris trichiura (PRJEB535),protein_coding,trtricprjeb535
TTRE5199,TTRE5199_t1,363,protein_coding,,Trichuris trichiura (PRJEB535),protein_coding,trtricprjeb535
TTRE1480,TTRE1480_t1,254,protein_coding,Upstream stimulatory factor 2  [Source:UniProtKB/TrEMBL;Acc:A0A077ZL89],Trichuris trichiura (PRJEB535),protein_coding,trtricprjeb535
TTRE8324,TTRE8324_t1,215,protein_coding,,Trichuris trichiura (PRJEB535),protein_coding,trtricprjeb535
TTRE5129,TTRE5129_t1,204,protein_coding,,Trichuris trichiura (PRJEB535),protein_coding,trtricprjeb535
TTRE6859,TTRE6859_t1,178,protein_coding,,Trichuris trichiura (PRJEB535),protein_coding,trtricprjeb535
TTRE1969,TTRE1969_t1,843,protein_coding,,Trichuris trichiura (PRJEB535),protein_coding,trtricprjeb535
TTRE8339,TTRE8339_t1,356,protein_coding,,Trichuris trichiura (PRJEB535),protein_coding,trtricprjeb535
TTRE10553,TTRE10553_t1,728,protein_coding,,Trichuris trichiura (PRJEB535),protein_coding,trtricprjeb535
TTRE1964,TTRE1964_t1,1423,protein_coding,,Trichuris trichiura (PRJEB535),protein_coding,trtricprjeb535
TTRE5067,TTRE5067_t1,1181,protein_coding,RNA binding protein 15  [Source:UniProtKB/TrEMBL;Acc:A0A077Z5A2],Trichuris trichiura (PRJEB535),protein_coding,trtricprjeb535
TTRE6372,TTRE6372_t1,239,protein_coding,,Trichuris trichiura (PRJEB535),protein_coding,trtricprjeb535
TTRE12599,TTRE12599_t1,686,protein_coding,,Trichuris trichiura (PRJEB535),protein_coding,trtricprjeb535
TTRE11096,TTRE11096_t1,2865,protein_coding,,Trichuris trichiura (PRJEB535),protein_coding,trtricprjeb535
TTRE7031,TTRE7031_t1,377,protein_coding,,Trichuris trichiura (PRJEB535),protein_coding,trtricprjeb535
TTRE2243,TTRE2243_t1,253,protein_coding,glycine--tRNA ligase  [Source:UniProtKB/TrEMBL;Acc:A0A077Z7C4],Trichuris trichiura (PRJEB535),protein_coding,trtricprjeb535
TTRE10564,TTRE10564_t1,518,protein_coding,,Trichuris trichiura (PRJEB535),protein_coding,trtricprjeb535
TTRE2759,TTRE2759_t1,1318,protein_coding,RNA binding protein 19  [Source:UniProtKB/TrEMBL;Acc:A0A077YY00],Trichuris trichiura (PRJEB535),protein_coding,trtricprjeb535
TTRE6295,TTRE6295_t1,1046,protein_coding,Protein phosphatase 1D  [Source:UniProtKB/TrEMBL;Acc:A0A077ZHG7],Trichuris trichiura (PRJEB535),protein_coding,trtricprjeb535
TTRE12349,TTRE12349_t1,236,protein_coding,,Trichuris trichiura (PRJEB535),protein_coding,trtricprjeb535
TTRE4536,TTRE4536_t1,212,protein_coding,,Trichuris trichiura (PRJEB535),protein_coding,trtricprjeb535
TTRE5581,TTRE5581_t1,214,protein_coding,,Trichuris trichiura (PRJEB535),protein_coding,trtricprjeb535
TTRE4373,TTRE4373_t1,271,protein_coding,Zinc finger protein ZPR1  [Source:UniProtKB/TrEMBL;Acc:A0A077Z338],Trichuris trichiura (PRJEB535),protein_coding,trtricprjeb535
TTRE5278,TTRE5278_t1,232,protein_coding,"28S ribosomal protein S18b, mitochondrial  [Source:UniProtKB/TrEMBL;Acc:A0A077YYC3]",Trichuris trichiura (PRJEB535),protein_coding,trtricprjeb535
TTRE4654,TTRE4654_t1,295,protein_coding,,Trichuris trichiura (PRJEB535),protein_coding,trtricprjeb535
TTRE3984,TTRE3984_t1,1454,protein_coding,,Trichuris trichiura (PRJEB535),protein_coding,trtricprjeb535
TTRE8456,TTRE8456_t1,646,protein_coding,Caenorhabditis elegans ly 6 protein  [Source:UniProtKB/TrEMBL;Acc:A0A077YXL8],Trichuris trichiura (PRJEB535),protein_coding,trtricprjeb535
TTRE12668,TTRE12668_t1,654,protein_coding,,Trichuris trichiura (PRJEB535),protein_coding,trtricprjeb535
TTRE8085,TTRE8085_t1,156,protein_coding,,Trichuris trichiura (PRJEB535),protein_coding,trtricprjeb535
TTRE2404,TTRE2404_t1,160,protein_coding,,Trichuris trichiura (PRJEB535),protein_coding,trtricprjeb535
TTRE4312,TTRE4312_t1,324,protein_coding,C2H2-type domain-containing protein  [Source:UniProtKB/TrEMBL;Acc:A0A077ZH55],Trichuris trichiura (PRJEB535),protein_coding,trtricprjeb535
TTRE11272,TTRE11272_t1,311,protein_coding,,Trichuris trichiura (PRJEB535),protein_coding,trtricprjeb535
TTRE426,TTRE426_t1,421,protein_coding,PHD domain containing protein  [Source:UniProtKB/TrEMBL;Acc:A0A077Z2Z1],Trichuris trichiura (PRJEB535),protein_coding,trtricprjeb535
TTRE5081,TTRE5081_t1,219,protein_coding,,Trichuris trichiura (PRJEB535),protein_coding,trtricprjeb535
TTRE322,TTRE322_t1,766,protein_coding,Collagen and OLF domain containing protein  [Source:UniProtKB/TrEMBL;Acc:A0A077ZKI7],Trichuris trichiura (PRJEB535),protein_coding,trtricprjeb535
TTRE9248,TTRE9248_t1,245,protein_coding,,Trichuris trichiura (PRJEB535),protein_coding,trtricprjeb535
TTRE1560,TTRE1560_t1,696,protein_coding,,Trichuris trichiura (PRJEB535),protein_coding,trtricprjeb535
TTRE5113,TTRE5113_t2,620,protein_coding,,Trichuris trichiura (PRJEB535),protein_coding,trtricprjeb535
TTRE2974,TTRE2974_t1,302,protein_coding,,Trichuris trichiura (PRJEB535),protein_coding,trtricprjeb535
TTRE8594,TTRE8594_t1,248,protein_coding,Centromere protein X  [Source:UniProtKB/TrEMBL;Acc:A0A077YZ46],Trichuris trichiura (PRJEB535),protein_coding,trtricprjeb535
TTRE4126,TTRE4126_t1,214,protein_coding,Tau tubulin kinase 1  [Source:UniProtKB/TrEMBL;Acc:A0A077Z1Z0],Trichuris trichiura (PRJEB535),protein_coding,trtricprjeb535
TTRE11561,TTRE11561_t1,801,protein_coding,,Trichuris trichiura (PRJEB535),protein_coding,trtricprjeb535
TTRE6577,TTRE6577_t1,174,protein_coding,Aurora kinase  [Source:UniProtKB/TrEMBL;Acc:A0A077Z7G9],Trichuris trichiura (PRJEB535),protein_coding,trtricprjeb535
TTRE11646,TTRE11646_t1,629,protein_coding,,Trichuris trichiura (PRJEB535),protein_coding,trtricprjeb535
TTRE5629,TTRE5629_t1,440,protein_coding,Beclin 1  [Source:UniProtKB/TrEMBL;Acc:A0A077ZFH6],Trichuris trichiura (PRJEB535),protein_coding,trtricprjeb535
TTRE5002,TTRE5002_t1,295,protein_coding,,Trichuris trichiura (PRJEB535),protein_coding,trtricprjeb535
TTRE4091,TTRE4091_t1,821,protein_coding,Anoctamin  [Source:UniProtKB/TrEMBL;Acc:A0A077ZAE1],Trichuris trichiura (PRJEB535),protein_coding,trtricprjeb535
TTRE4671,TTRE4671_t1,3075,protein_coding,Leucine Rich Repeat family protein  [Source:UniProtKB/TrEMBL;Acc:A0A077ZE25],Trichuris trichiura (PRJEB535),protein_coding,trtricprjeb535
TTRE39,TTRE39_t1,998,protein_coding,,Trichuris trichiura (PRJEB535),protein_coding,trtricprjeb535
TTRE8444,TTRE8444_t1,138,protein_coding,HAUS augmin-like complex subunit 6  [Source:UniProtKB/TrEMBL;Acc:A0A077YZI2],Trichuris trichiura (PRJEB535),protein_coding,trtricprjeb535
TTRE8919,TTRE8919_t1,133,protein_coding,,Trichuris trichiura (PRJEB535),protein_coding,trtricprjeb535
TTRE7295,TTRE7295_t1,416,protein_coding,,Trichuris trichiura (PRJEB535),protein_coding,trtricprjeb535
TTRE1817,TTRE1817_t1,196,protein_coding,Actin protein 6A like  [Source:UniProtKB/TrEMBL;Acc:A0A077ZFF5],Trichuris trichiura (PRJEB535),protein_coding,trtricprjeb535
TTRE9720,TTRE9720_t1,1061,protein_coding,,Trichuris trichiura (PRJEB535),protein_coding,trtricprjeb535
TTRE7087,TTRE7087_t1,869,protein_coding,,Trichuris trichiura (PRJEB535),protein_coding,trtricprjeb535
TTRE8899,TTRE8899_t1,117,protein_coding,,Trichuris trichiura (PRJEB535),protein_coding,trtricprjeb535
TTRE2919,TTRE2919_t1,1514,protein_coding,,Trichuris trichiura (PRJEB535),protein_coding,trtricprjeb535
TTRE156,TTRE156_t1,212,protein_coding,"Sulfide:quinone oxidoreductase, mitochondrial  [Source:UniProtKB/TrEMBL;Acc:A0A077ZCU1]",Trichuris trichiura (PRJEB535),protein_coding,trtricprjeb535
TTRE3881,TTRE3881_t1,506,protein_coding,,Trichuris trichiura (PRJEB535),protein_coding,trtricprjeb535
TTRE12420,TTRE12420_t1,714,protein_coding,,Trichuris trichiura (PRJEB535),protein_coding,trtricprjeb535
TTRE11352,TTRE11352_t1,902,protein_coding,Serine/threonine-protein phosphatase  [Source:UniProtKB/TrEMBL;Acc:A0A077ZB21],Trichuris trichiura (PRJEB535),protein_coding,trtricprjeb535
TTRE7233,TTRE7233_t1,724,protein_coding,,Trichuris trichiura (PRJEB535),protein_coding,trtricprjeb535
TTRE7552,TTRE7552_t1,425,protein_coding,,Trichuris trichiura (PRJEB535),protein_coding,trtricprjeb535
TTRE8466,TTRE8466_t1,361,protein_coding,GDP-L-fucose synthase  [Source:UniProtKB/TrEMBL;Acc:A0A077YXI3],Trichuris trichiura (PRJEB535),protein_coding,trtricprjeb535
TTRE7357,TTRE7357_t1,383,protein_coding,,Trichuris trichiura (PRJEB535),protein_coding,trtricprjeb535
TTRE4482,TTRE4482_t1,325,protein_coding,HSP20 domain containing protein  [Source:UniProtKB/TrEMBL;Acc:A0A077YWR4],Trichuris trichiura (PRJEB535),protein_coding,trtricprjeb535
TTRE11004,TTRE11004_t1,1115,protein_coding,,Trichuris trichiura (PRJEB535),protein_coding,trtricprjeb535
TTRE9534,TTRE9534_t1,290,protein_coding,,Trichuris trichiura (PRJEB535),protein_coding,trtricprjeb535
TTRE10753,TTRE10753_t1,1690,protein_coding,,Trichuris trichiura (PRJEB535),protein_coding,trtricprjeb535
TTRE2666,TTRE2666_t2,887,protein_coding,RGM C domain containing protein  [Source:UniProtKB/TrEMBL;Acc:A0A077Z1V6],Trichuris trichiura (PRJEB535),protein_coding,trtricprjeb535
TTRE10442,TTRE10442_t1,469,protein_coding,,Trichuris trichiura (PRJEB535),protein_coding,trtricprjeb535
TTRE2224,TTRE2224_t1,323,protein_coding,,Trichuris trichiura (PRJEB535),protein_coding,trtricprjeb535
TTRE6728,TTRE6728_t1,1409,protein_coding,,Trichuris trichiura (PRJEB535),protein_coding,trtricprjeb535
TTRE11655,TTRE11655_t1,290,protein_coding,,Trichuris trichiura (PRJEB535),protein_coding,trtricprjeb535
TTRE7100,TTRE7100_t1,662,protein_coding,Secreted protein  [Source:UniProtKB/TrEMBL;Acc:A0A077ZKY9],Trichuris trichiura (PRJEB535),protein_coding,trtricprjeb535
TTRE11072,TTRE11072_t1,383,protein_coding,,Trichuris trichiura (PRJEB535),protein_coding,trtricprjeb535
TTRE3522,TTRE3522_t1,658,protein_coding,Denticleless protein homolog  [Source:UniProtKB/TrEMBL;Acc:A0A077Z990],Trichuris trichiura (PRJEB535),protein_coding,trtricprjeb535
TTRE7020,TTRE7020_t1,610,protein_coding,,Trichuris trichiura (PRJEB535),protein_coding,trtricprjeb535
TTRE6731,TTRE6731_t1,397,protein_coding,,Trichuris trichiura (PRJEB535),protein_coding,trtricprjeb535
TTRE6142,TTRE6142_t1,401,protein_coding,,Trichuris trichiura (PRJEB535),protein_coding,trtricprjeb535
TTRE2807,TTRE2807_t1,497,protein_coding,,Trichuris trichiura (PRJEB535),protein_coding,trtricprjeb535
TTRE9824,TTRE9824_t1,167,protein_coding,,Trichuris trichiura (PRJEB535),protein_coding,trtricprjeb535
TTRE3706,TTRE3706_t1,667,protein_coding,,Trichuris trichiura (PRJEB535),protein_coding,trtricprjeb535
TTRE2476,TTRE2476_t1,290,protein_coding,Rhomboid protein 3  [Source:UniProtKB/TrEMBL;Acc:A0A077Z9G0],Trichuris trichiura (PRJEB535),protein_coding,trtricprjeb535
TTRE6712,TTRE6712_t1,362,protein_coding,,Trichuris trichiura (PRJEB535),protein_coding,trtricprjeb535
TTRE10241,TTRE10241_t1,731,protein_coding,,Trichuris trichiura (PRJEB535),protein_coding,trtricprjeb535
TTRE5804,TTRE5804_t1,451,protein_coding,,Trichuris trichiura (PRJEB535),protein_coding,trtricprjeb535
TTRE9994,TTRE9994_t1,251,protein_coding,,Trichuris trichiura (PRJEB535),protein_coding,trtricprjeb535
TTRE4261,TTRE4261_t1,197,protein_coding,,Trichuris trichiura (PRJEB535),protein_coding,trtricprjeb535
TTRE116,TTRE116_t1,527,protein_coding,Hypothetical FAD-dependent oxidoreductase YEL047C  [Source:UniProtKB/TrEMBL;Acc:A0A077YVJ4],Trichuris trichiura (PRJEB535),protein_coding,trtricprjeb535
TTRE9010,TTRE9010_t1,342,protein_coding,,Trichuris trichiura (PRJEB535),protein_coding,trtricprjeb535
TTRE1704,TTRE1704_t1,194,protein_coding,,Trichuris trichiura (PRJEB535),protein_coding,trtricprjeb535
TTRE11312,TTRE11312_t1,153,protein_coding,Cyt-b5 domain containing protein  [Source:UniProtKB/TrEMBL;Acc:A0A077Z3I9],Trichuris trichiura (PRJEB535),protein_coding,trtricprjeb535
TTRE8257,TTRE8257_t1,112,protein_coding,,Trichuris trichiura (PRJEB535),protein_coding,trtricprjeb535
TTRE8640,TTRE8640_t1,956,protein_coding,,Trichuris trichiura (PRJEB535),protein_coding,trtricprjeb535
TTRE1315,TTRE1315_t1,328,protein_coding,,Trichuris trichiura (PRJEB535),protein_coding,trtricprjeb535
TTRE10052,TTRE10052_t1,311,protein_coding,GTP binding protein yptV4  [Source:UniProtKB/TrEMBL;Acc:A0A077YXK5],Trichuris trichiura (PRJEB535),protein_coding,trtricprjeb535
TTRE9687,TTRE9687_t1,302,protein_coding,,Trichuris trichiura (PRJEB535),protein_coding,trtricprjeb535
TTRE5640,TTRE5640_t1,134,protein_coding,,Trichuris trichiura (PRJEB535),protein_coding,trtricprjeb535
TTRE12140,TTRE12140_t1,244,protein_coding,Differentially expressed in FDCP 6 homolog  [Source:UniProtKB/TrEMBL;Acc:A0A077ZEH7],Trichuris trichiura (PRJEB535),protein_coding,trtricprjeb535
TTRE3972,TTRE3972_t1,476,protein_coding,,Trichuris trichiura (PRJEB535),protein_coding,trtricprjeb535
TTRE5307,TTRE5307_t1,129,protein_coding,,Trichuris trichiura (PRJEB535),protein_coding,trtricprjeb535
TTRE8553,TTRE8553_t1,518,protein_coding,,Trichuris trichiura (PRJEB535),protein_coding,trtricprjeb535
TTRE11050,TTRE11050_t1,686,protein_coding,,Trichuris trichiura (PRJEB535),protein_coding,trtricprjeb535
TTRE6723,TTRE6723_t1,359,protein_coding,,Trichuris trichiura (PRJEB535),protein_coding,trtricprjeb535
TTRE9268,TTRE9268_t1,428,protein_coding,,Trichuris trichiura (PRJEB535),protein_coding,trtricprjeb535
TTRE2449,TTRE2449_t1,422,protein_coding,,Trichuris trichiura (PRJEB535),protein_coding,trtricprjeb535
TTRE5860,TTRE5860_t1,416,protein_coding,,Trichuris trichiura (PRJEB535),protein_coding,trtricprjeb535
TTRE2260,TTRE2260_t1,1649,protein_coding,DNA polymerase alpha subunit B  [Source:UniProtKB/TrEMBL;Acc:A0A077ZID1],Trichuris trichiura (PRJEB535),protein_coding,trtricprjeb535
TTRE2837,TTRE2837_t1,319,protein_coding,"39S ribosomal protein L51, mitochondrial  [Source:UniProtKB/TrEMBL;Acc:A0A077Z237]",Trichuris trichiura (PRJEB535),protein_coding,trtricprjeb535
TTRE4731,TTRE4731_t1,267,protein_coding,TBC1 domain family member 23  [Source:UniProtKB/TrEMBL;Acc:A0A077ZJA6],Trichuris trichiura (PRJEB535),protein_coding,trtricprjeb535
TTRE4034,TTRE4034_t1,212,protein_coding,,Trichuris trichiura (PRJEB535),protein_coding,trtricprjeb535
TTRE2327,TTRE2327_t1,576,protein_coding,"Lipoyl synthase, mitochondrial  [Source:UniProtKB/TrEMBL;Acc:A0A077ZJN0]",Trichuris trichiura (PRJEB535),protein_coding,trtricprjeb535
TTRE5374,TTRE5374_t1,203,protein_coding,,Trichuris trichiura (PRJEB535),protein_coding,trtricprjeb535
TTRE8824,TTRE8824_t1,201,protein_coding,,Trichuris trichiura (PRJEB535),protein_coding,trtricprjeb535
TTRE6916,TTRE6916_t1,1241,protein_coding,,Trichuris trichiura (PRJEB535),protein_coding,trtricprjeb535
TTRE3694,TTRE3694_t1,737,protein_coding,,Trichuris trichiura (PRJEB535),protein_coding,trtricprjeb535
TTRE1489,TTRE1489_t1,792,protein_coding,,Trichuris trichiura (PRJEB535),protein_coding,trtricprjeb535
TTRE1316,TTRE1316_t1,191,protein_coding,,Trichuris trichiura (PRJEB535),protein_coding,trtricprjeb535
TTRE5864,TTRE5864_t1,190,protein_coding,SWI:SNF matrix associated  [Source:UniProtKB/TrEMBL;Acc:A0A077ZGX7],Trichuris trichiura (PRJEB535),protein_coding,trtricprjeb535
TTRE1266,TTRE1266_t1,362,protein_coding,,Trichuris trichiura (PRJEB535),protein_coding,trtricprjeb535
TTRE12315,TTRE12315_t1,162,protein_coding,LRR 4 and LRR 7 domain containing protein  [Source:UniProtKB/TrEMBL;Acc:A0A077ZAP8],Trichuris trichiura (PRJEB535),protein_coding,trtricprjeb535
TTRE9943,TTRE9943_t1,431,protein_coding,,Trichuris trichiura (PRJEB535),protein_coding,trtricprjeb535
TTRE9098,TTRE9098_t1,629,protein_coding,,Trichuris trichiura (PRJEB535),protein_coding,trtricprjeb535
TTRE2500,TTRE2500_t1,383,protein_coding,Methyltransferase NSUN5  [Source:UniProtKB/TrEMBL;Acc:A0A077ZBZ4],Trichuris trichiura (PRJEB535),protein_coding,trtricprjeb535
TTRE1811,TTRE1811_t1,603,protein_coding,,Trichuris trichiura (PRJEB535),protein_coding,trtricprjeb535
TTRE3254,TTRE3254_t1,218,protein_coding,,Trichuris trichiura (PRJEB535),protein_coding,trtricprjeb535
TTRE335,TTRE335_t1,234,protein_coding,,Trichuris trichiura (PRJEB535),protein_coding,trtricprjeb535
TTRE11804,TTRE11804_t1,188,protein_coding,,Trichuris trichiura (PRJEB535),protein_coding,trtricprjeb535
TTRE8143,TTRE8143_t1,4181,protein_coding,,Trichuris trichiura (PRJEB535),protein_coding,trtricprjeb535
TTRE5723,TTRE5723_t1,1011,protein_coding,,Trichuris trichiura (PRJEB535),protein_coding,trtricprjeb535
TTRE5008,TTRE5008_t1,520,protein_coding,,Trichuris trichiura (PRJEB535),protein_coding,trtricprjeb535
TTRE4074,TTRE4074_t1,157,protein_coding,,Trichuris trichiura (PRJEB535),protein_coding,trtricprjeb535
TTRE9193,TTRE9193_t1,482,protein_coding,,Trichuris trichiura (PRJEB535),protein_coding,trtricprjeb535
TTRE5999,TTRE5999_t1,1673,protein_coding,TPR 1 and TPR 11 and Apc3 domain containing prote in  [Source:UniProtKB/TrEMBL;Acc:A0A077ZJB0],Trichuris trichiura (PRJEB535),protein_coding,trtricprjeb535
TTRE11670,TTRE11670_t1,587,protein_coding,,Trichuris trichiura (PRJEB535),protein_coding,trtricprjeb535
TTRE6931,TTRE6931_t1,773,protein_coding,,Trichuris trichiura (PRJEB535),protein_coding,trtricprjeb535
TTRE3691,TTRE3691_t1,1490,protein_coding,,Trichuris trichiura (PRJEB535),protein_coding,trtricprjeb535
TTRE10879,TTRE10879_t1,503,protein_coding,,Trichuris trichiura (PRJEB535),protein_coding,trtricprjeb535
TTRE11634,TTRE11634_t1,752,protein_coding,,Trichuris trichiura (PRJEB535),protein_coding,trtricprjeb535
TTRE6494,TTRE6494_t1,701,protein_coding,,Trichuris trichiura (PRJEB535),protein_coding,trtricprjeb535
TTRE5094,TTRE5094_t1,385,protein_coding,,Trichuris trichiura (PRJEB535),protein_coding,trtricprjeb535
TTRE10428,TTRE10428_t1,334,protein_coding,,Trichuris trichiura (PRJEB535),protein_coding,trtricprjeb535
TTRE7474,TTRE7474_t1,390,protein_coding,,Trichuris trichiura (PRJEB535),protein_coding,trtricprjeb535
TTRE8520,TTRE8520_t1,186,protein_coding,,Trichuris trichiura (PRJEB535),protein_coding,trtricprjeb535
TTRE8393,TTRE8393_t1,149,protein_coding,,Trichuris trichiura (PRJEB535),protein_coding,trtricprjeb535
TTRE12364,TTRE12364_t1,1166,protein_coding,,Trichuris trichiura (PRJEB535),protein_coding,trtricprjeb535
TTRE1914,TTRE1914_t1,491,protein_coding,BK channel  [Source:UniProtKB/TrEMBL;Acc:A0A077Z040],Trichuris trichiura (PRJEB535),protein_coding,trtricprjeb535
TTRE10508,TTRE10508_t1,686,protein_coding,,Trichuris trichiura (PRJEB535),protein_coding,trtricprjeb535
TTRE4244,TTRE4244_t1,626,protein_coding,Y phosphatase domain containing protein  [Source:UniProtKB/TrEMBL;Acc:A0A077YXV9],Trichuris trichiura (PRJEB535),protein_coding,trtricprjeb535
TTRE12201,TTRE12201_t1,1516,protein_coding,,Trichuris trichiura (PRJEB535),protein_coding,trtricprjeb535
TTRE12067,TTRE12067_t1,473,protein_coding,,Trichuris trichiura (PRJEB535),protein_coding,trtricprjeb535
TTRE3788,TTRE3788_t1,368,protein_coding,Glutamate-gated chloride channel subunit beta  [Source:UniProtKB/TrEMBL;Acc:A0A077YZ06],Trichuris trichiura (PRJEB535),protein_coding,trtricprjeb535
TTRE5419,TTRE5419_t1,320,protein_coding,"WAP domain containing protein, SLPI-like  [Source:UniProtKB/TrEMBL;Acc:A0A077YYJ8]",Trichuris trichiura (PRJEB535),protein_coding,trtricprjeb535
TTRE11343,TTRE11343_t1,297,protein_coding,,Trichuris trichiura (PRJEB535),protein_coding,trtricprjeb535
TTRE5168,TTRE5168_t1,290,protein_coding,,Trichuris trichiura (PRJEB535),protein_coding,trtricprjeb535
TTRE235,TTRE235_t1,244,protein_coding,,Trichuris trichiura (PRJEB535),protein_coding,trtricprjeb535
TTRE11177,TTRE11177_t1,242,protein_coding,,Trichuris trichiura (PRJEB535),protein_coding,trtricprjeb535
TTRE1205,TTRE1205_t1,520,protein_coding,protein disulfide-isomerase  [Source:UniProtKB/TrEMBL;Acc:A0A077Z5H0],Trichuris trichiura (PRJEB535),protein_coding,trtricprjeb535
TTRE1569,TTRE1569_t1,548,protein_coding,Clip domain-containing protein  [Source:UniProtKB/TrEMBL;Acc:A0A077ZCV3],Trichuris trichiura (PRJEB535),protein_coding,trtricprjeb535
TTRE9217,TTRE9217_t1,513,protein_coding,,Trichuris trichiura (PRJEB535),protein_coding,trtricprjeb535
TTRE2550,TTRE2550_t1,344,protein_coding,E3 ubiquitin protein ligase RBX1  [Source:UniProtKB/TrEMBL;Acc:A0A077Z7R1],Trichuris trichiura (PRJEB535),protein_coding,trtricprjeb535
TTRE1342,TTRE1342_t1,714,protein_coding,Dihydrolipoyl dehydrogenase  [Source:UniProtKB/TrEMBL;Acc:A0A077Z970],Trichuris trichiura (PRJEB535),protein_coding,trtricprjeb535
TTRE5530,TTRE5530_t1,228,protein_coding,,Trichuris trichiura (PRJEB535),protein_coding,trtricprjeb535
TTRE867,TTRE867_t1,452,protein_coding,Proprotein convertase 2  [Source:UniProtKB/TrEMBL;Acc:A0A077Z4E2],Trichuris trichiura (PRJEB535),protein_coding,trtricprjeb535
TTRE499,TTRE499_t1,461,protein_coding,Twist protein  [Source:UniProtKB/TrEMBL;Acc:A0A077Z7W2],Trichuris trichiura (PRJEB535),protein_coding,trtricprjeb535
TTRE8145,TTRE8145_t1,419,protein_coding,,Trichuris trichiura (PRJEB535),protein_coding,trtricprjeb535
TTRE12240,TTRE12240_t1,280,protein_coding,,Trichuris trichiura (PRJEB535),protein_coding,trtricprjeb535
TTRE6164,TTRE6164_t1,365,protein_coding,,Trichuris trichiura (PRJEB535),protein_coding,trtricprjeb535
TTRE3129,TTRE3129_t1,228,protein_coding,,Trichuris trichiura (PRJEB535),protein_coding,trtricprjeb535
TTRE4916,TTRE4916_t1,2801,protein_coding,Integrator complex subunit 6  [Source:UniProtKB/TrEMBL;Acc:A0A077ZG73],Trichuris trichiura (PRJEB535),protein_coding,trtricprjeb535
TTRE1253,TTRE1253_t1,1151,protein_coding,Sushi domain-containing protein  [Source:UniProtKB/TrEMBL;Acc:A0A077Z443],Trichuris trichiura (PRJEB535),protein_coding,trtricprjeb535
TTRE11568,TTRE11568_t1,227,protein_coding,,Trichuris trichiura (PRJEB535),protein_coding,trtricprjeb535
TTRE5710,TTRE5710_t1,544,protein_coding,,Trichuris trichiura (PRJEB535),protein_coding,trtricprjeb535
TTRE10292,TTRE10292_t1,225,protein_coding,,Trichuris trichiura (PRJEB535),protein_coding,trtricprjeb535
TTRE10174,TTRE10174_t1,347,protein_coding,,Trichuris trichiura (PRJEB535),protein_coding,trtricprjeb535
TTRE7180,TTRE7180_t1,422,protein_coding,,Trichuris trichiura (PRJEB535),protein_coding,trtricprjeb535
TTRE913,TTRE913_t1,380,protein_coding,,Trichuris trichiura (PRJEB535),protein_coding,trtricprjeb535
TTRE10556,TTRE10556_t1,788,protein_coding,,Trichuris trichiura (PRJEB535),protein_coding,trtricprjeb535
TTRE7360,TTRE7360_t1,344,protein_coding,,Trichuris trichiura (PRJEB535),protein_coding,trtricprjeb535
TTRE1212,TTRE1212_t1,282,protein_coding,"Probable 39S ribosomal protein L49, mitochondrial  [Source:UniProtKB/TrEMBL;Acc:A0A077YXH7]",Trichuris trichiura (PRJEB535),protein_coding,trtricprjeb535
TTRE11342,TTRE11342_t1,183,protein_coding,,Trichuris trichiura (PRJEB535),protein_coding,trtricprjeb535
TTRE9053,TTRE9053_t1,1106,protein_coding,Homeobox protein SIX3  [Source:UniProtKB/TrEMBL;Acc:A0A077Z577],Trichuris trichiura (PRJEB535),protein_coding,trtricprjeb535
TTRE5815,TTRE5815_t1,445,protein_coding,protein adenylyltransferase  [Source:UniProtKB/TrEMBL;Acc:A0A077Z0U6],Trichuris trichiura (PRJEB535),protein_coding,trtricprjeb535
TTRE6050,TTRE6050_t1,296,protein_coding,,Trichuris trichiura (PRJEB535),protein_coding,trtricprjeb535
TTRE7321,TTRE7321_t1,1127,protein_coding,,Trichuris trichiura (PRJEB535),protein_coding,trtricprjeb535
TTRE4905,TTRE4905_t1,329,protein_coding,,Trichuris trichiura (PRJEB535),protein_coding,trtricprjeb535
TTRE10470,TTRE10470_t1,1010,protein_coding,,Trichuris trichiura (PRJEB535),protein_coding,trtricprjeb535
TTRE3726,TTRE3726_t1,209,protein_coding,,Trichuris trichiura (PRJEB535),protein_coding,trtricprjeb535
TTRE1721,TTRE1721_t1,109,protein_coding,,Trichuris trichiura (PRJEB535),protein_coding,trtricprjeb535
TTRE7578,TTRE7578_t1,436,protein_coding,,Trichuris trichiura (PRJEB535),protein_coding,trtricprjeb535
TTRE4462,TTRE4462_t1,771,protein_coding,,Trichuris trichiura (PRJEB535),protein_coding,trtricprjeb535
TTRE5144,TTRE5144_t1,139,protein_coding,,Trichuris trichiura (PRJEB535),protein_coding,trtricprjeb535
TTRE6197,TTRE6197_t1,429,protein_coding,RabGAP-TBC domain containing protein  [Source:UniProtKB/TrEMBL;Acc:A0A077ZAR1],Trichuris trichiura (PRJEB535),protein_coding,trtricprjeb535
TTRE288,TTRE288_t1,232,protein_coding,Cytosol aminopeptidase  [Source:UniProtKB/TrEMBL;Acc:A0A077Z3I7],Trichuris trichiura (PRJEB535),protein_coding,trtricprjeb535
TTRE1694,TTRE1694_t1,431,protein_coding,,Trichuris trichiura (PRJEB535),protein_coding,trtricprjeb535
TTRE240,TTRE240_t1,607,protein_coding,TWiK family of potassium channels protein 18  [Source:UniProtKB/TrEMBL;Acc:A0A077ZL48],Trichuris trichiura (PRJEB535),protein_coding,trtricprjeb535
TTRE11591,TTRE11591_t1,131,protein_coding,,Trichuris trichiura (PRJEB535),protein_coding,trtricprjeb535
TTRE8367,TTRE8367_t1,617,protein_coding,,Trichuris trichiura (PRJEB535),protein_coding,trtricprjeb535
TTRE5941,TTRE5941_t1,716,protein_coding,,Trichuris trichiura (PRJEB535),protein_coding,trtricprjeb535
TTRE6503,TTRE6503_t1,752,protein_coding,,Trichuris trichiura (PRJEB535),protein_coding,trtricprjeb535
TTRE10588,TTRE10588_t1,674,protein_coding,,Trichuris trichiura (PRJEB535),protein_coding,trtricprjeb535
TTRE11207,TTRE11207_t1,449,protein_coding,,Trichuris trichiura (PRJEB535),protein_coding,trtricprjeb535
TTRE286,TTRE286_t1,198,protein_coding,,Trichuris trichiura (PRJEB535),protein_coding,trtricprjeb535
TTRE1291,TTRE1291_t1,728,protein_coding,,Trichuris trichiura (PRJEB535),protein_coding,trtricprjeb535
TTRE1963,TTRE1963_t1,1186,protein_coding,,Trichuris trichiura (PRJEB535),protein_coding,trtricprjeb535
TTRE9825,TTRE9825_t1,145,protein_coding,,Trichuris trichiura (PRJEB535),protein_coding,trtricprjeb535
TTRE5720,TTRE5720_t1,196,protein_coding,,Trichuris trichiura (PRJEB535),protein_coding,trtricprjeb535
TTRE6905,TTRE6905_t1,155,protein_coding,,Trichuris trichiura (PRJEB535),protein_coding,trtricprjeb535
TTRE7218,TTRE7218_t1,374,protein_coding,,Trichuris trichiura (PRJEB535),protein_coding,trtricprjeb535
TTRE218,TTRE218_t1,299,protein_coding,,Trichuris trichiura (PRJEB535),protein_coding,trtricprjeb535
TTRE2630,TTRE2630_t1,269,protein_coding,,Trichuris trichiura (PRJEB535),protein_coding,trtricprjeb535
TTRE395,TTRE395_t1,879,protein_coding,Dystroglycan 1  [Source:UniProtKB/TrEMBL;Acc:A0A077Z4P2],Trichuris trichiura (PRJEB535),protein_coding,trtricprjeb535
TTRE1627,TTRE1627_t1,162,protein_coding,,Trichuris trichiura (PRJEB535),protein_coding,trtricprjeb535
TTRE6529,TTRE6529_t1,241,protein_coding,,Trichuris trichiura (PRJEB535),protein_coding,trtricprjeb535
TTRE8636,TTRE8636_t1,274,protein_coding,,Trichuris trichiura (PRJEB535),protein_coding,trtricprjeb535
TTRE12271,TTRE12271_t1,291,protein_coding,,Trichuris trichiura (PRJEB535),protein_coding,trtricprjeb535
TTRE4453,TTRE4453_t1,968,protein_coding,,Trichuris trichiura (PRJEB535),protein_coding,trtricprjeb535
TTRE428,TTRE428_t1,992,protein_coding,Magnesium transporter protein 1  [Source:UniProtKB/TrEMBL;Acc:A0A077Z7C6],Trichuris trichiura (PRJEB535),protein_coding,trtricprjeb535
TTRE7612,TTRE7612_t1,545,protein_coding,,Trichuris trichiura (PRJEB535),protein_coding,trtricprjeb535
TTRE3797,TTRE3797_t1,313,protein_coding,,Trichuris trichiura (PRJEB535),protein_coding,trtricprjeb535
TTRE10721,TTRE10721_t1,155,protein_coding,,Trichuris trichiura (PRJEB535),protein_coding,trtricprjeb535
TTRE5063,TTRE5063_t1,1423,protein_coding,Protein CIP2A homolog  [Source:UniProtKB/TrEMBL;Acc:A0A077ZLC0],Trichuris trichiura (PRJEB535),protein_coding,trtricprjeb535
TTRE1572,TTRE1572_t1,995,protein_coding,PID and SH2 domain containing protein  [Source:UniProtKB/TrEMBL;Acc:A0A077Z5V6],Trichuris trichiura (PRJEB535),protein_coding,trtricprjeb535
TTRE5789,TTRE5789_t1,268,protein_coding,,Trichuris trichiura (PRJEB535),protein_coding,trtricprjeb535
TTRE614,TTRE614_t1,149,protein_coding,,Trichuris trichiura (PRJEB535),protein_coding,trtricprjeb535
TTRE4617,TTRE4617_t1,240,protein_coding,Dsrm domain containing protein  [Source:UniProtKB/TrEMBL;Acc:A0A077ZCW3],Trichuris trichiura (PRJEB535),protein_coding,trtricprjeb535
TTRE11936,TTRE11936_t1,371,protein_coding,,Trichuris trichiura (PRJEB535),protein_coding,trtricprjeb535
TTRE10925,TTRE10925_t1,972,protein_coding,,Trichuris trichiura (PRJEB535),protein_coding,trtricprjeb535
TTRE10130,TTRE10130_t1,449,protein_coding,,Trichuris trichiura (PRJEB535),protein_coding,trtricprjeb535
TTRE6707,TTRE6707_t1,407,protein_coding,,Trichuris trichiura (PRJEB535),protein_coding,trtricprjeb535
TTRE6320,TTRE6320_t1,826,protein_coding,G_PROTEIN_RECEP_F1_2 domain-containing protein  [Source:UniProtKB/TrEMBL;Acc:A0A077YY93],Trichuris trichiura (PRJEB535),protein_coding,trtricprjeb535
TTRE2108,TTRE2108_t1,155,protein_coding,,Trichuris trichiura (PRJEB535),protein_coding,trtricprjeb535
TTRE1436,TTRE1436_t1,180,protein_coding,Anamorsin homolog  [Source:UniProtKB/TrEMBL;Acc:A0A077Z1A1],Trichuris trichiura (PRJEB535),protein_coding,trtricprjeb535
TTRE3997,TTRE3997_t1,1823,protein_coding,Smith Magenis syndrome chromosomal region  [Source:UniProtKB/TrEMBL;Acc:A0A077ZMJ2],Trichuris trichiura (PRJEB535),protein_coding,trtricprjeb535
TTRE4780,TTRE4780_t1,404,protein_coding,,Trichuris trichiura (PRJEB535),protein_coding,trtricprjeb535
TTRE6672,TTRE6672_t1,669,protein_coding,,Trichuris trichiura (PRJEB535),protein_coding,trtricprjeb535
TTRE8906,TTRE8906_t1,272,protein_coding,,Trichuris trichiura (PRJEB535),protein_coding,trtricprjeb535
TTRE4026,TTRE4026_t1,452,protein_coding,Solute carrier family 12  [Source:UniProtKB/TrEMBL;Acc:A0A077ZAG4],Trichuris trichiura (PRJEB535),protein_coding,trtricprjeb535
TTRE2083,TTRE2083_t1,2021,protein_coding,Guanylate cyc domain containing protein  [Source:UniProtKB/TrEMBL;Acc:A0A077ZIZ4],Trichuris trichiura (PRJEB535),protein_coding,trtricprjeb535
TTRE11700,TTRE11700_t1,913,protein_coding,,Trichuris trichiura (PRJEB535),protein_coding,trtricprjeb535
TTRE1861,TTRE1861_t1,215,protein_coding,carnitine O-palmitoyltransferase  [Source:UniProtKB/TrEMBL;Acc:A0A077ZFK3],Trichuris trichiura (PRJEB535),protein_coding,trtricprjeb535
TTRE9211,TTRE9211_t1,1037,protein_coding,Exo endo phos domain containing protein  [Source:UniProtKB/TrEMBL;Acc:A0A077YZ15],Trichuris trichiura (PRJEB535),protein_coding,trtricprjeb535
TTRE7835,TTRE7835_t1,395,protein_coding,,Trichuris trichiura (PRJEB535),protein_coding,trtricprjeb535
TTRE3814,TTRE3814_t1,158,protein_coding,,Trichuris trichiura (PRJEB535),protein_coding,trtricprjeb535
TTRE7473,TTRE7473_t1,335,protein_coding,,Trichuris trichiura (PRJEB535),protein_coding,trtricprjeb535
TTRE1664,TTRE1664_t1,222,protein_coding,Geranylgeranyl transferase type-2 subunit beta  [Source:UniProtKB/TrEMBL;Acc:A0A077YX34],Trichuris trichiura (PRJEB535),protein_coding,trtricprjeb535
TTRE3658,TTRE3658_t1,688,protein_coding,ULP_PROTEASE domain-containing protein  [Source:UniProtKB/TrEMBL;Acc:A0A077YXL7],Trichuris trichiura (PRJEB535),protein_coding,trtricprjeb535
TTRE2116,TTRE2116_t1,951,protein_coding,,Trichuris trichiura (PRJEB535),protein_coding,trtricprjeb535
TTRE6956,TTRE6956_t1,419,protein_coding,,Trichuris trichiura (PRJEB535),protein_coding,trtricprjeb535
TTRE5902,TTRE5902_t1,335,protein_coding,,Trichuris trichiura (PRJEB535),protein_coding,trtricprjeb535
TTRE1323,TTRE1323_t2,304,protein_coding,,Trichuris trichiura (PRJEB535),protein_coding,trtricprjeb535
TTRE8215,TTRE8215_t1,226,protein_coding,,Trichuris trichiura (PRJEB535),protein_coding,trtricprjeb535
TTRE4208,TTRE4208_t1,1629,protein_coding,,Trichuris trichiura (PRJEB535),protein_coding,trtricprjeb535
TTRE1583,TTRE1583_t1,249,protein_coding,,Trichuris trichiura (PRJEB535),protein_coding,trtricprjeb535
TTRE2900,TTRE2900_t1,1094,protein_coding,Carnosine N-methyltransferase  [Source:UniProtKB/TrEMBL;Acc:A0A077Z607],Trichuris trichiura (PRJEB535),protein_coding,trtricprjeb535
TTRE4511,TTRE4511_t1,155,protein_coding,,Trichuris trichiura (PRJEB535),protein_coding,trtricprjeb535
TTRE8949,TTRE8949_t1,389,protein_coding,Major sperm protein  [Source:UniProtKB/TrEMBL;Acc:A0A077YXN6],Trichuris trichiura (PRJEB535),protein_coding,trtricprjeb535
TTRE1156,TTRE1156_t1,221,protein_coding,Differentially expressed in FDCP 8  [Source:UniProtKB/TrEMBL;Acc:A0A077ZA90],Trichuris trichiura (PRJEB535),protein_coding,trtricprjeb535
TTRE1357,TTRE1357_t1,215,protein_coding,,Trichuris trichiura (PRJEB535),protein_coding,trtricprjeb535
TTRE11701,TTRE11701_t1,140,protein_coding,,Trichuris trichiura (PRJEB535),protein_coding,trtricprjeb535
TTRE6578,TTRE6578_t1,1679,protein_coding,TRAF3 interacting protein 1  [Source:UniProtKB/TrEMBL;Acc:A0A077Z2C4],Trichuris trichiura (PRJEB535),protein_coding,trtricprjeb535
TTRE11899,TTRE11899_t1,686,protein_coding,,Trichuris trichiura (PRJEB535),protein_coding,trtricprjeb535
TTRE9706,TTRE9706_t1,458,protein_coding,,Trichuris trichiura (PRJEB535),protein_coding,trtricprjeb535
TTRE4375,TTRE4375_t1,182,protein_coding,Protein slowmo  [Source:UniProtKB/TrEMBL;Acc:A0A077Z9I7],Trichuris trichiura (PRJEB535),protein_coding,trtricprjeb535
TTRE1046,TTRE1046_t1,135,protein_coding,,Trichuris trichiura (PRJEB535),protein_coding,trtricprjeb535
TTRE7538,TTRE7538_t1,238,protein_coding,,Trichuris trichiura (PRJEB535),protein_coding,trtricprjeb535
TTRE1245,TTRE1245_t1,1148,protein_coding,,Trichuris trichiura (PRJEB535),protein_coding,trtricprjeb535
TTRE596,TTRE596_t1,241,protein_coding,,Trichuris trichiura (PRJEB535),protein_coding,trtricprjeb535
TTRE6917,TTRE6917_t1,836,protein_coding,,Trichuris trichiura (PRJEB535),protein_coding,trtricprjeb535
TTRE9516,TTRE9516_t1,326,protein_coding,,Trichuris trichiura (PRJEB535),protein_coding,trtricprjeb535
TTRE5256,TTRE5256_t1,279,protein_coding,Purine nucleoside phosphorylase  [Source:UniProtKB/TrEMBL;Acc:A0A077ZJT1],Trichuris trichiura (PRJEB535),protein_coding,trtricprjeb535
TTRE4733,TTRE4733_t1,676,protein_coding,Regulator of G protein signaling loco  [Source:UniProtKB/TrEMBL;Acc:A0A077ZFU6],Trichuris trichiura (PRJEB535),protein_coding,trtricprjeb535
TTRE7438,TTRE7438_t1,590,protein_coding,,Trichuris trichiura (PRJEB535),protein_coding,trtricprjeb535
TTRE12473,TTRE12473_t1,362,protein_coding,,Trichuris trichiura (PRJEB535),protein_coding,trtricprjeb535
TTRE3440,TTRE3440_t1,197,protein_coding,,Trichuris trichiura (PRJEB535),protein_coding,trtricprjeb535
TTRE9478,TTRE9478_t1,488,protein_coding,,Trichuris trichiura (PRJEB535),protein_coding,trtricprjeb535
TTRE10413,TTRE10413_t1,326,protein_coding,,Trichuris trichiura (PRJEB535),protein_coding,trtricprjeb535
TTRE4335,TTRE4335_t1,302,protein_coding,Cyclin N domain containing protein  [Source:UniProtKB/TrEMBL;Acc:A0A077Z6N7],Trichuris trichiura (PRJEB535),protein_coding,trtricprjeb535
TTRE12050,TTRE12050_t1,255,protein_coding,,Trichuris trichiura (PRJEB535),protein_coding,trtricprjeb535
TTRE12419,TTRE12419_t1,782,protein_coding,,Trichuris trichiura (PRJEB535),protein_coding,trtricprjeb535
TTRE652,TTRE652_t1,1781,protein_coding,Potassium voltage-gated channel subfamily KQT mem ber 1  [Source:UniProtKB/TrEMBL;Acc:A0A077ZBL2],Trichuris trichiura (PRJEB535),protein_coding,trtricprjeb535
TTRE4272,TTRE4272_t1,266,protein_coding,,Trichuris trichiura (PRJEB535),protein_coding,trtricprjeb535
TTRE4911,TTRE4911_t1,288,protein_coding,,Trichuris trichiura (PRJEB535),protein_coding,trtricprjeb535
TTRE4155,TTRE4155_t1,264,protein_coding,Protein asteroid  [Source:UniProtKB/TrEMBL;Acc:A0A077Z2C7],Trichuris trichiura (PRJEB535),protein_coding,trtricprjeb535
TTRE6943,TTRE6943_t1,243,protein_coding,,Trichuris trichiura (PRJEB535),protein_coding,trtricprjeb535
TTRE1407,TTRE1407_t1,2154,protein_coding,,Trichuris trichiura (PRJEB535),protein_coding,trtricprjeb535
TTRE12287,TTRE12287_t1,1268,protein_coding,,Trichuris trichiura (PRJEB535),protein_coding,trtricprjeb535
TTRE311,TTRE311_t1,291,protein_coding,,Trichuris trichiura (PRJEB535),protein_coding,trtricprjeb535
TTRE9895,TTRE9895_t1,284,protein_coding,,Trichuris trichiura (PRJEB535),protein_coding,trtricprjeb535
TTRE11615,TTRE11615_t1,1490,protein_coding,,Trichuris trichiura (PRJEB535),protein_coding,trtricprjeb535
TTRE10944,TTRE10944_t1,221,protein_coding,,Trichuris trichiura (PRJEB535),protein_coding,trtricprjeb535
TTRE8912,TTRE8912_t1,779,protein_coding,,Trichuris trichiura (PRJEB535),protein_coding,trtricprjeb535
TTRE11451,TTRE11451_t1,454,protein_coding,Histone H2A  [Source:UniProtKB/TrEMBL;Acc:A0A077ZIY1],Trichuris trichiura (PRJEB535),protein_coding,trtricprjeb535
TTRE1214,TTRE1214_t1,245,protein_coding,,Trichuris trichiura (PRJEB535),protein_coding,trtricprjeb535
TTRE4786,TTRE4786_t1,245,protein_coding,,Trichuris trichiura (PRJEB535),protein_coding,trtricprjeb535
TTRE8335,TTRE8335_t1,289,protein_coding,,Trichuris trichiura (PRJEB535),protein_coding,trtricprjeb535
TTRE460,TTRE460_t1,466,protein_coding,,Trichuris trichiura (PRJEB535),protein_coding,trtricprjeb535
TTRE9085,TTRE9085_t1,1202,protein_coding,,Trichuris trichiura (PRJEB535),protein_coding,trtricprjeb535
TTRE3449,TTRE3449_t1,236,protein_coding,,Trichuris trichiura (PRJEB535),protein_coding,trtricprjeb535
TTRE2535,TTRE2535_t1,2339,protein_coding,Notch and Ank 2 and EGF and NOD domain containing protein  [Source:UniProtKB/TrEMBL;Acc:A0A077Z639],Trichuris trichiura (PRJEB535),protein_coding,trtricprjeb535
TTRE3183,TTRE3183_t1,704,protein_coding,PI3K/PI4K domain-containing protein  [Source:UniProtKB/TrEMBL;Acc:A0A077Z0A3],Trichuris trichiura (PRJEB535),protein_coding,trtricprjeb535
TTRE7759,TTRE7759_t1,485,protein_coding,,Trichuris trichiura (PRJEB535),protein_coding,trtricprjeb535
TTRE2806,TTRE2806_t1,169,protein_coding,,Trichuris trichiura (PRJEB535),protein_coding,trtricprjeb535
TTRE1438,TTRE1438_t1,150,protein_coding,Protein LSM12  [Source:UniProtKB/TrEMBL;Acc:A0A077Z9I8],Trichuris trichiura (PRJEB535),protein_coding,trtricprjeb535
TTRE1685,TTRE1685_t1,436,protein_coding,,Trichuris trichiura (PRJEB535),protein_coding,trtricprjeb535
TTRE5705,TTRE5705_t1,900,protein_coding,His Phos 1 domain containing protein  [Source:UniProtKB/TrEMBL;Acc:A0A077ZCV0],Trichuris trichiura (PRJEB535),protein_coding,trtricprjeb535
TTRE4561,TTRE4561_t1,320,protein_coding,ATP binding cassette sub family F  [Source:UniProtKB/TrEMBL;Acc:A0A077Z9Q1],Trichuris trichiura (PRJEB535),protein_coding,trtricprjeb535
TTRE9090,TTRE9090_t1,263,protein_coding,Cystatin domain containing protein  [Source:UniProtKB/TrEMBL;Acc:A0A077Z143],Trichuris trichiura (PRJEB535),protein_coding,trtricprjeb535
TTRE1803,TTRE1803_t1,110,protein_coding,,Trichuris trichiura (PRJEB535),protein_coding,trtricprjeb535
TTRE6363,TTRE6363_t1,1487,protein_coding,,Trichuris trichiura (PRJEB535),protein_coding,trtricprjeb535
TTRE1003,TTRE1003_t1,315,protein_coding,Tyrosine protein kinase dnt  [Source:UniProtKB/TrEMBL;Acc:A0A077Z0R9],Trichuris trichiura (PRJEB535),protein_coding,trtricprjeb535
TTRE12301,TTRE12301_t1,553,protein_coding,,Trichuris trichiura (PRJEB535),protein_coding,trtricprjeb535
TTRE7052,TTRE7052_t1,2411,protein_coding,,Trichuris trichiura (PRJEB535),protein_coding,trtricprjeb535
TTRE11850,TTRE11850_t1,740,protein_coding,,Trichuris trichiura (PRJEB535),protein_coding,trtricprjeb535
TTRE3438,TTRE3438_t1,389,protein_coding,Histone H2A  [Source:UniProtKB/TrEMBL;Acc:A0A077Z9Y3],Trichuris trichiura (PRJEB535),protein_coding,trtricprjeb535
TTRE9933,TTRE9933_t1,413,protein_coding,,Trichuris trichiura (PRJEB535),protein_coding,trtricprjeb535
TTRE10498,TTRE10498_t1,410,protein_coding,,Trichuris trichiura (PRJEB535),protein_coding,trtricprjeb535
TTRE3629,TTRE3629_t1,290,protein_coding,,Trichuris trichiura (PRJEB535),protein_coding,trtricprjeb535
TTRE4328,TTRE4328_t1,128,protein_coding,,Trichuris trichiura (PRJEB535),protein_coding,trtricprjeb535
TTRE3532,TTRE3532_t1,244,protein_coding,Nuclear hormone receptor HR3  [Source:UniProtKB/TrEMBL;Acc:A0A077Z0C5],Trichuris trichiura (PRJEB535),protein_coding,trtricprjeb535
TTRE5676,TTRE5676_t1,1544,protein_coding,5 hydroxytryptamine receptor 1D  [Source:UniProtKB/TrEMBL;Acc:A0A077Z613],Trichuris trichiura (PRJEB535),protein_coding,trtricprjeb535
TTRE1148,TTRE1148_t1,1022,protein_coding,Tau tubulin kinase 1  [Source:UniProtKB/TrEMBL;Acc:A0A077YX25],Trichuris trichiura (PRJEB535),protein_coding,trtricprjeb535
TTRE8968,TTRE8968_t1,634,protein_coding,,Trichuris trichiura (PRJEB535),protein_coding,trtricprjeb535
TTRE133,TTRE133_t1,170,protein_coding,,Trichuris trichiura (PRJEB535),protein_coding,trtricprjeb535
TTRE8423,TTRE8423_t1,788,protein_coding,,Trichuris trichiura (PRJEB535),protein_coding,trtricprjeb535
TTRE9693,TTRE9693_t1,197,protein_coding,Chromosome transmission fidelity protein 8  [Source:UniProtKB/TrEMBL;Acc:A0A077Z129],Trichuris trichiura (PRJEB535),protein_coding,trtricprjeb535
TTRE1541,TTRE1541_t1,464,protein_coding,,Trichuris trichiura (PRJEB535),protein_coding,trtricprjeb535
TTRE1312,TTRE1312_t1,1220,protein_coding,Patched family protein  [Source:UniProtKB/TrEMBL;Acc:A0A077Z844],Trichuris trichiura (PRJEB535),protein_coding,trtricprjeb535
TTRE2720,TTRE2720_t1,268,protein_coding,Transforming acidic coiled-coil-containing protei n 3  [Source:UniProtKB/TrEMBL;Acc:A0A077ZHT8],Trichuris trichiura (PRJEB535),protein_coding,trtricprjeb535
TTRE11863,TTRE11863_t1,255,protein_coding,,Trichuris trichiura (PRJEB535),protein_coding,trtricprjeb535
TTRE11749,TTRE11749_t1,273,protein_coding,,Trichuris trichiura (PRJEB535),protein_coding,trtricprjeb535
TTRE10605,TTRE10605_t1,404,protein_coding,,Trichuris trichiura (PRJEB535),protein_coding,trtricprjeb535
TTRE4696,TTRE4696_t1,188,protein_coding,Nuclear pore complex protein Nup88  [Source:UniProtKB/TrEMBL;Acc:A0A077ZBV8],Trichuris trichiura (PRJEB535),protein_coding,trtricprjeb535
TTRE2090,TTRE2090_t1,323,protein_coding,Pro isomerase domain containing protein  [Source:UniProtKB/TrEMBL;Acc:A0A077Z7Q8],Trichuris trichiura (PRJEB535),protein_coding,trtricprjeb535
TTRE7028,TTRE7028_t1,800,protein_coding,,Trichuris trichiura (PRJEB535),protein_coding,trtricprjeb535
TTRE1720,TTRE1720_t1,779,protein_coding,Ttbk family protein kinase protein serine threon ine kinase  [Source:UniProtKB/TrEMBL;Acc:A0A077ZD93],Trichuris trichiura (PRJEB535),protein_coding,trtricprjeb535
TTRE3513,TTRE3513_t1,154,protein_coding,Inositol-1-monophosphatase  [Source:UniProtKB/TrEMBL;Acc:A0A077Z1R2],Trichuris trichiura (PRJEB535),protein_coding,trtricprjeb535
TTRE10995,TTRE10995_t1,99,protein_coding,,Trichuris trichiura (PRJEB535),protein_coding,trtricprjeb535
TTRE6288,TTRE6288_t1,129,protein_coding,Actin-related protein 2/3 complex subunit 3  [Source:UniProtKB/TrEMBL;Acc:A0A077ZDS1],Trichuris trichiura (PRJEB535),protein_coding,trtricprjeb535
TTRE2945,TTRE2945_t1,309,protein_coding,MRG and Tudor-knot domain containing protein  [Source:UniProtKB/TrEMBL;Acc:A0A077Z1K2],Trichuris trichiura (PRJEB535),protein_coding,trtricprjeb535
TTRE10165,TTRE10165_t1,182,protein_coding,,Trichuris trichiura (PRJEB535),protein_coding,trtricprjeb535
TTRE9658,TTRE9658_t1,1311,protein_coding,,Trichuris trichiura (PRJEB535),protein_coding,trtricprjeb535
TTRE7549,TTRE7549_t1,248,protein_coding,,Trichuris trichiura (PRJEB535),protein_coding,trtricprjeb535
TTRE3991,TTRE3991_t1,409,protein_coding,,Trichuris trichiura (PRJEB535),protein_coding,trtricprjeb535
TTRE4464,TTRE4464_t1,97,protein_coding,,Trichuris trichiura (PRJEB535),protein_coding,trtricprjeb535
TTRE11846,TTRE11846_t1,1619,protein_coding,,Trichuris trichiura (PRJEB535),protein_coding,trtricprjeb535
TTRE2268,TTRE2268_t1,902,protein_coding,Adh short domain containing protein  [Source:UniProtKB/TrEMBL;Acc:A0A077Z2B1],Trichuris trichiura (PRJEB535),protein_coding,trtricprjeb535
TTRE12025,TTRE12025_t1,370,protein_coding,Small nuclear ribonucleoprotein Sm D1  [Source:UniProtKB/TrEMBL;Acc:A0A077ZAE6],Trichuris trichiura (PRJEB535),protein_coding,trtricprjeb535
TTRE45,TTRE45_t1,227,protein_coding,,Trichuris trichiura (PRJEB535),protein_coding,trtricprjeb535
TTRE4847,TTRE4847_t1,409,protein_coding,,Trichuris trichiura (PRJEB535),protein_coding,trtricprjeb535
TTRE5908,TTRE5908_t1,265,protein_coding,DUF1387 domain containing protein  [Source:UniProtKB/TrEMBL;Acc:A0A077ZMZ6],Trichuris trichiura (PRJEB535),protein_coding,trtricprjeb535
TTRE9914,TTRE9914_t1,282,protein_coding,,Trichuris trichiura (PRJEB535),protein_coding,trtricprjeb535
TTRE912,TTRE912_t1,211,protein_coding,F-actin-capping protein subunit beta  [Source:UniProtKB/TrEMBL;Acc:A0A077ZBH6],Trichuris trichiura (PRJEB535),protein_coding,trtricprjeb535
TTRE7840,TTRE7840_t1,2493,protein_coding,,Trichuris trichiura (PRJEB535),protein_coding,trtricprjeb535
TTRE12103,TTRE12103_t1,1067,protein_coding,,Trichuris trichiura (PRJEB535),protein_coding,trtricprjeb535
TTRE4396,TTRE4396_t1,457,protein_coding,,Trichuris trichiura (PRJEB535),protein_coding,trtricprjeb535
TTRE3466,TTRE3466_t1,289,protein_coding,,Trichuris trichiura (PRJEB535),protein_coding,trtricprjeb535
TTRE706,TTRE706_t2,181,protein_coding,,Trichuris trichiura (PRJEB535),protein_coding,trtricprjeb535
TTRE9969,TTRE9969_t1,1460,protein_coding,,Trichuris trichiura (PRJEB535),protein_coding,trtricprjeb535
TTRE1195,TTRE1195_t1,952,protein_coding,,Trichuris trichiura (PRJEB535),protein_coding,trtricprjeb535
TTRE4013,TTRE4013_t1,259,protein_coding,,Trichuris trichiura (PRJEB535),protein_coding,trtricprjeb535
TTRE8375,TTRE8375_t1,785,protein_coding,,Trichuris trichiura (PRJEB535),protein_coding,trtricprjeb535
TTRE11511,TTRE11511_t1,1904,protein_coding,,Trichuris trichiura (PRJEB535),protein_coding,trtricprjeb535
TTRE2957,TTRE2957_t1,221,protein_coding,,Trichuris trichiura (PRJEB535),protein_coding,trtricprjeb535
TTRE2891,TTRE2891_t1,935,protein_coding,,Trichuris trichiura (PRJEB535),protein_coding,trtricprjeb535
TTRE10056,TTRE10056_t1,198,protein_coding,,Trichuris trichiura (PRJEB535),protein_coding,trtricprjeb535
TTRE2866,TTRE2866_t1,1568,protein_coding,Anillin-like protein 1  [Source:UniProtKB/TrEMBL;Acc:A0A077ZJW5],Trichuris trichiura (PRJEB535),protein_coding,trtricprjeb535
TTRE3483,TTRE3483_t1,1486,protein_coding,Ank 2 domain containing protein  [Source:UniProtKB/TrEMBL;Acc:A0A077Z7Z1],Trichuris trichiura (PRJEB535),protein_coding,trtricprjeb535
TTRE5643,TTRE5643_t1,174,protein_coding,,Trichuris trichiura (PRJEB535),protein_coding,trtricprjeb535
TTRE2667,TTRE2667_t1,240,protein_coding,,Trichuris trichiura (PRJEB535),protein_coding,trtricprjeb535
TTRE9743,TTRE9743_t1,138,protein_coding,,Trichuris trichiura (PRJEB535),protein_coding,trtricprjeb535
TTRE4669,TTRE4669_t1,587,protein_coding,I-set domain containing protein  [Source:UniProtKB/TrEMBL;Acc:A0A077Z8Q3],Trichuris trichiura (PRJEB535),protein_coding,trtricprjeb535
TTRE1479,TTRE1479_t1,449,protein_coding,,Trichuris trichiura (PRJEB535),protein_coding,trtricprjeb535
TTRE665,TTRE665_t1,212,protein_coding,,Trichuris trichiura (PRJEB535),protein_coding,trtricprjeb535
TTRE9490,TTRE9490_t1,282,protein_coding,,Trichuris trichiura (PRJEB535),protein_coding,trtricprjeb535
TTRE4969,TTRE4969_t1,611,protein_coding,,Trichuris trichiura (PRJEB535),protein_coding,trtricprjeb535
TTRE44,TTRE44_t1,438,protein_coding,,Trichuris trichiura (PRJEB535),protein_coding,trtricprjeb535
TTRE9815,TTRE9815_t1,794,protein_coding,Nucleolar protein 56-like  [Source:UniProtKB/TrEMBL;Acc:A0A077Z321],Trichuris trichiura (PRJEB535),protein_coding,trtricprjeb535
TTRE9475,TTRE9475_t1,376,protein_coding,Sulfotransfer 2 domain containing protein  [Source:UniProtKB/TrEMBL;Acc:A0A077ZCG6],Trichuris trichiura (PRJEB535),protein_coding,trtricprjeb535
TTRE2313,TTRE2313_t1,748,protein_coding,,Trichuris trichiura (PRJEB535),protein_coding,trtricprjeb535
TTRE5388,TTRE5388_t1,620,protein_coding,Bcl 2:adenovirus E1B 19K interacting protein 3  [Source:UniProtKB/TrEMBL;Acc:A0A077ZEY8],Trichuris trichiura (PRJEB535),protein_coding,trtricprjeb535
TTRE10124,TTRE10124_t1,225,protein_coding,,Trichuris trichiura (PRJEB535),protein_coding,trtricprjeb535
TTRE10490,TTRE10490_t1,630,protein_coding,,Trichuris trichiura (PRJEB535),protein_coding,trtricprjeb535
TTRE5758,TTRE5758_t1,212,protein_coding,RING-type domain-containing protein  [Source:UniProtKB/TrEMBL;Acc:A0A077ZH66],Trichuris trichiura (PRJEB535),protein_coding,trtricprjeb535
TTRE5190,TTRE5190_t1,175,protein_coding,,Trichuris trichiura (PRJEB535),protein_coding,trtricprjeb535
TTRE4658,TTRE4658_t1,208,protein_coding,,Trichuris trichiura (PRJEB535),protein_coding,trtricprjeb535
TTRE936,TTRE936_t1,1255,protein_coding,,Trichuris trichiura (PRJEB535),protein_coding,trtricprjeb535
TTRE7236,TTRE7236_t1,545,protein_coding,,Trichuris trichiura (PRJEB535),protein_coding,trtricprjeb535
TTRE6694,TTRE6694_t1,476,protein_coding,,Trichuris trichiura (PRJEB535),protein_coding,trtricprjeb535
TTRE11137,TTRE11137_t1,445,protein_coding,,Trichuris trichiura (PRJEB535),protein_coding,trtricprjeb535
TTRE12486,TTRE12486_t1,445,protein_coding,,Trichuris trichiura (PRJEB535),protein_coding,trtricprjeb535
TTRE5552,TTRE5552_t1,650,protein_coding,,Trichuris trichiura (PRJEB535),protein_coding,trtricprjeb535
TTRE5071,TTRE5071_t1,512,protein_coding,,Trichuris trichiura (PRJEB535),protein_coding,trtricprjeb535
TTRE12578,TTRE12578_t1,443,protein_coding,,Trichuris trichiura (PRJEB535),protein_coding,trtricprjeb535
TTRE10798,TTRE10798_t1,1616,protein_coding,,Trichuris trichiura (PRJEB535),protein_coding,trtricprjeb535
TTRE47,TTRE47_t2,337,protein_coding,,Trichuris trichiura (PRJEB535),protein_coding,trtricprjeb535
TTRE9362,TTRE9362_t1,986,protein_coding,,Trichuris trichiura (PRJEB535),protein_coding,trtricprjeb535
TTRE8132,TTRE8132_t1,230,protein_coding,,Trichuris trichiura (PRJEB535),protein_coding,trtricprjeb535
TTRE9089,TTRE9089_t1,1132,protein_coding,Leucine Rich Repeat family protein  [Source:UniProtKB/TrEMBL;Acc:A0A077Z1K5],Trichuris trichiura (PRJEB535),protein_coding,trtricprjeb535
TTRE2325,TTRE2325_t1,548,protein_coding,Golgi to ER traffic protein 4 homolog  [Source:UniProtKB/TrEMBL;Acc:A0A077Z3F3],Trichuris trichiura (PRJEB535),protein_coding,trtricprjeb535
TTRE980,TTRE980_t1,314,protein_coding,,Trichuris trichiura (PRJEB535),protein_coding,trtricprjeb535
TTRE10989,TTRE10989_t1,205,protein_coding,,Trichuris trichiura (PRJEB535),protein_coding,trtricprjeb535
TTRE5163,TTRE5163_t1,264,protein_coding,,Trichuris trichiura (PRJEB535),protein_coding,trtricprjeb535
TTRE6686,TTRE6686_t1,882,protein_coding,Forkhead box protein J1  [Source:UniProtKB/TrEMBL;Acc:A0A077YZC3],Trichuris trichiura (PRJEB535),protein_coding,trtricprjeb535
TTRE8995,TTRE8995_t1,236,protein_coding,,Trichuris trichiura (PRJEB535),protein_coding,trtricprjeb535
TTRE8149,TTRE8149_t1,231,protein_coding,,Trichuris trichiura (PRJEB535),protein_coding,trtricprjeb535
TTRE7042,TTRE7042_t1,157,protein_coding,,Trichuris trichiura (PRJEB535),protein_coding,trtricprjeb535
TTRE3840,TTRE3840_t1,71,protein_coding,,Trichuris trichiura (PRJEB535),protein_coding,trtricprjeb535
TTRE6512,TTRE6512_t1,226,protein_coding,,Trichuris trichiura (PRJEB535),protein_coding,trtricprjeb535
TTRE6004,TTRE6004_t1,334,protein_coding,Aldose 1-epimerase  [Source:UniProtKB/TrEMBL;Acc:A0A077Z073],Trichuris trichiura (PRJEB535),protein_coding,trtricprjeb535
TTRE6018,TTRE6018_t1,165,protein_coding,,Trichuris trichiura (PRJEB535),protein_coding,trtricprjeb535
TTRE1774,TTRE1774_t1,900,protein_coding,His Phos 1 domain containing protein  [Source:UniProtKB/TrEMBL;Acc:A0A077ZD23],Trichuris trichiura (PRJEB535),protein_coding,trtricprjeb535
TTRE4883,TTRE4883_t1,380,protein_coding,,Trichuris trichiura (PRJEB535),protein_coding,trtricprjeb535
TTRE10576,TTRE10576_t1,1679,protein_coding,,Trichuris trichiura (PRJEB535),protein_coding,trtricprjeb535
TTRE9374,TTRE9374_t1,311,protein_coding,Histone H4  [Source:UniProtKB/TrEMBL;Acc:A0A077ZJC5],Trichuris trichiura (PRJEB535),protein_coding,trtricprjeb535
TTRE8417,TTRE8417_t1,600,protein_coding,non-specific serine/threonine protein kinase  [Source:UniProtKB/TrEMBL;Acc:A0A077YYZ9],Trichuris trichiura (PRJEB535),protein_coding,trtricprjeb535
TTRE1454,TTRE1454_t1,545,protein_coding,Protein AAR2 homolog  [Source:UniProtKB/TrEMBL;Acc:A0A077Z6S9],Trichuris trichiura (PRJEB535),protein_coding,trtricprjeb535
TTRE7014,TTRE7014_t1,1040,protein_coding,,Trichuris trichiura (PRJEB535),protein_coding,trtricprjeb535
TTRE11998,TTRE11998_t1,347,protein_coding,,Trichuris trichiura (PRJEB535),protein_coding,trtricprjeb535
TTRE3013,TTRE3013_t1,140,protein_coding,,Trichuris trichiura (PRJEB535),protein_coding,trtricprjeb535
TTRE22,TTRE22_t1,420,protein_coding,,Trichuris trichiura (PRJEB535),protein_coding,trtricprjeb535
TTRE4807,TTRE4807_t1,1244,protein_coding,LBP  [Source:UniProtKB/TrEMBL;Acc:A0A077ZH11],Trichuris trichiura (PRJEB535),protein_coding,trtricprjeb535
TTRE11334,TTRE11334_t1,1154,protein_coding,,Trichuris trichiura (PRJEB535),protein_coding,trtricprjeb535
TTRE2827,TTRE2827_t1,295,protein_coding,,Trichuris trichiura (PRJEB535),protein_coding,trtricprjeb535
TTRE9003,TTRE9003_t2,3009,protein_coding,,Trichuris trichiura (PRJEB535),protein_coding,trtricprjeb535
TTRE3084,TTRE3084_t1,749,protein_coding,,Trichuris trichiura (PRJEB535),protein_coding,trtricprjeb535
TTRE6225,TTRE6225_t2,1901,protein_coding,,Trichuris trichiura (PRJEB535),protein_coding,trtricprjeb535
TTRE10127,TTRE10127_t1,607,protein_coding,,Trichuris trichiura (PRJEB535),protein_coding,trtricprjeb535
TTRE12171,TTRE12171_t1,799,protein_coding,Major sperm protein  [Source:UniProtKB/TrEMBL;Acc:A0A077ZBD8],Trichuris trichiura (PRJEB535),protein_coding,trtricprjeb535
TTRE11521,TTRE11521_t1,307,protein_coding,,Trichuris trichiura (PRJEB535),protein_coding,trtricprjeb535
TTRE3571,TTRE3571_t1,251,protein_coding,Transmembrane protein  [Source:UniProtKB/TrEMBL;Acc:A0A077Z4R1],Trichuris trichiura (PRJEB535),protein_coding,trtricprjeb535
TTRE5880,TTRE5880_t1,689,protein_coding,,Trichuris trichiura (PRJEB535),protein_coding,trtricprjeb535
TTRE7025,TTRE7025_t1,238,protein_coding,,Trichuris trichiura (PRJEB535),protein_coding,trtricprjeb535
TTRE2291,TTRE2291_t1,201,protein_coding,,Trichuris trichiura (PRJEB535),protein_coding,trtricprjeb535
TTRE2413,TTRE2413_t1,323,protein_coding,,Trichuris trichiura (PRJEB535),protein_coding,trtricprjeb535
TTRE1575,TTRE1575_t1,267,protein_coding,Membrane associated progesterone receptor  [Source:UniProtKB/TrEMBL;Acc:A0A077ZKP3],Trichuris trichiura (PRJEB535),protein_coding,trtricprjeb535
TTRE8404,TTRE8404_t1,243,protein_coding,,Trichuris trichiura (PRJEB535),protein_coding,trtricprjeb535
TTRE877,TTRE877_t1,236,protein_coding,Mediator of RNA polymerase II transcription subunit 20  [Source:UniProtKB/TrEMBL;Acc:A0A077Z392],Trichuris trichiura (PRJEB535),protein_coding,trtricprjeb535
TTRE11248,TTRE11248_t1,368,protein_coding,,Trichuris trichiura (PRJEB535),protein_coding,trtricprjeb535
TTRE1825,TTRE1825_t1,1202,protein_coding,CRAL TRIO domain containing protein  [Source:UniProtKB/TrEMBL;Acc:A0A077ZKJ5],Trichuris trichiura (PRJEB535),protein_coding,trtricprjeb535
TTRE12531,TTRE12531_t1,379,protein_coding,,Trichuris trichiura (PRJEB535),protein_coding,trtricprjeb535
TTRE6505,TTRE6505_t1,720,protein_coding,,Trichuris trichiura (PRJEB535),protein_coding,trtricprjeb535
TTRE10088,TTRE10088_t1,168,protein_coding,,Trichuris trichiura (PRJEB535),protein_coding,trtricprjeb535
TTRE10201,TTRE10201_t1,176,protein_coding,,Trichuris trichiura (PRJEB535),protein_coding,trtricprjeb535
TTRE6281,TTRE6281_t1,349,protein_coding,,Trichuris trichiura (PRJEB535),protein_coding,trtricprjeb535
TTRE8377,TTRE8377_t1,581,protein_coding,Serpin domain containing protein  [Source:UniProtKB/TrEMBL;Acc:A0A077Z3A4],Trichuris trichiura (PRJEB535),protein_coding,trtricprjeb535
TTRE410,TTRE410_t1,581,protein_coding,Gluconokinase  [Source:UniProtKB/TrEMBL;Acc:A0A077Z2S3],Trichuris trichiura (PRJEB535),protein_coding,trtricprjeb535
TTRE569,TTRE569_t1,271,protein_coding,Oxysterol-binding protein  [Source:UniProtKB/TrEMBL;Acc:A0A077ZK00],Trichuris trichiura (PRJEB535),protein_coding,trtricprjeb535
TTRE90,TTRE90_t1,308,protein_coding,Ribosomal protein L15  [Source:UniProtKB/TrEMBL;Acc:A0A077ZB92],Trichuris trichiura (PRJEB535),protein_coding,trtricprjeb535
TTRE3148,TTRE3148_t1,345,protein_coding,,Trichuris trichiura (PRJEB535),protein_coding,trtricprjeb535
TTRE3187,TTRE3187_t1,779,protein_coding,,Trichuris trichiura (PRJEB535),protein_coding,trtricprjeb535
TTRE10487,TTRE10487_t1,433,protein_coding,,Trichuris trichiura (PRJEB535),protein_coding,trtricprjeb535
TTRE11039,TTRE11039_t1,1206,protein_coding,,Trichuris trichiura (PRJEB535),protein_coding,trtricprjeb535
TTRE10023,TTRE10023_t1,116,protein_coding,,Trichuris trichiura (PRJEB535),protein_coding,trtricprjeb535
TTRE8743,TTRE8743_t1,2212,protein_coding,,Trichuris trichiura (PRJEB535),protein_coding,trtricprjeb535
TTRE10868,TTRE10868_t1,503,protein_coding,,Trichuris trichiura (PRJEB535),protein_coding,trtricprjeb535
TTRE4447,TTRE4447_t1,1442,protein_coding,Rsm22 domain containing protein  [Source:UniProtKB/TrEMBL;Acc:A0A077Z431],Trichuris trichiura (PRJEB535),protein_coding,trtricprjeb535
TTRE12058,TTRE12058_t1,635,protein_coding,,Trichuris trichiura (PRJEB535),protein_coding,trtricprjeb535
TTRE434,TTRE434_t1,459,protein_coding,,Trichuris trichiura (PRJEB535),protein_coding,trtricprjeb535
TTRE7502,TTRE7502_t1,362,protein_coding,,Trichuris trichiura (PRJEB535),protein_coding,trtricprjeb535
TTRE11027,TTRE11027_t1,380,protein_coding,,Trichuris trichiura (PRJEB535),protein_coding,trtricprjeb535
TTRE3565,TTRE3565_t1,221,protein_coding,,Trichuris trichiura (PRJEB535),protein_coding,trtricprjeb535
TTRE1339,TTRE1339_t1,661,protein_coding,,Trichuris trichiura (PRJEB535),protein_coding,trtricprjeb535
TTRE11420,TTRE11420_t1,289,protein_coding,,Trichuris trichiura (PRJEB535),protein_coding,trtricprjeb535
TTRE1430,TTRE1430_t1,391,protein_coding,vesicle-fusing ATPase  [Source:UniProtKB/TrEMBL;Acc:A0A077ZLV1],Trichuris trichiura (PRJEB535),protein_coding,trtricprjeb535
TTRE976,TTRE976_t1,3041,protein_coding,,Trichuris trichiura (PRJEB535),protein_coding,trtricprjeb535
TTRE7532,TTRE7532_t1,1702,protein_coding,,Trichuris trichiura (PRJEB535),protein_coding,trtricprjeb535
TTRE7755,TTRE7755_t1,701,protein_coding,Phosphopantothenoylcysteine decarboxylase  [Source:UniProtKB/TrEMBL;Acc:A0A077ZDC5],Trichuris trichiura (PRJEB535),protein_coding,trtricprjeb535
TTRE5956,TTRE5956_t1,764,protein_coding,CK1:TTBK protein kinase  [Source:UniProtKB/TrEMBL;Acc:A0A077YXU0],Trichuris trichiura (PRJEB535),protein_coding,trtricprjeb535
TTRE10125,TTRE10125_t1,326,protein_coding,,Trichuris trichiura (PRJEB535),protein_coding,trtricprjeb535
TTRE106,TTRE106_t1,197,protein_coding,4HBT 3 domain containing protein  [Source:UniProtKB/TrEMBL;Acc:A0A077Z1G1],Trichuris trichiura (PRJEB535),protein_coding,trtricprjeb535
TTRE11671,TTRE11671_t1,773,protein_coding,,Trichuris trichiura (PRJEB535),protein_coding,trtricprjeb535
TTRE11296,TTRE11296_t1,79,protein_coding,,Trichuris trichiura (PRJEB535),protein_coding,trtricprjeb535
TTRE11959,TTRE11959_t1,3970,protein_coding,,Trichuris trichiura (PRJEB535),protein_coding,trtricprjeb535
TTRE2809,TTRE2809_t1,1046,protein_coding,CTP synthase  [Source:UniProtKB/TrEMBL;Acc:A0A077ZDX3],Trichuris trichiura (PRJEB535),protein_coding,trtricprjeb535
TTRE5781,TTRE5781_t1,308,protein_coding,,Trichuris trichiura (PRJEB535),protein_coding,trtricprjeb535
TTRE11442,TTRE11442_t1,521,protein_coding,,Trichuris trichiura (PRJEB535),protein_coding,trtricprjeb535
TTRE12059,TTRE12059_t1,191,protein_coding,,Trichuris trichiura (PRJEB535),protein_coding,trtricprjeb535
TTRE6986,TTRE6986_t1,326,protein_coding,,Trichuris trichiura (PRJEB535),protein_coding,trtricprjeb535
TTRE7106,TTRE7106_t1,590,protein_coding,Secreted protein  [Source:UniProtKB/TrEMBL;Acc:A0A077ZLL8],Trichuris trichiura (PRJEB535),protein_coding,trtricprjeb535
TTRE11630,TTRE11630_t1,302,protein_coding,,Trichuris trichiura (PRJEB535),protein_coding,trtricprjeb535
TTRE1352,TTRE1352_t1,191,protein_coding,,Trichuris trichiura (PRJEB535),protein_coding,trtricprjeb535
TTRE4958,TTRE4958_t1,188,protein_coding,,Trichuris trichiura (PRJEB535),protein_coding,trtricprjeb535
TTRE3524,TTRE3524_t1,149,protein_coding,,Trichuris trichiura (PRJEB535),protein_coding,trtricprjeb535
TTRE3263,TTRE3263_t1,275,protein_coding,,Trichuris trichiura (PRJEB535),protein_coding,trtricprjeb535
TTRE2076,TTRE2076_t1,195,protein_coding,,Trichuris trichiura (PRJEB535),protein_coding,trtricprjeb535
TTRE207,TTRE207_t1,324,protein_coding,,Trichuris trichiura (PRJEB535),protein_coding,trtricprjeb535
TTRE949,TTRE949_t1,461,protein_coding,Protein nhr isoform  [Source:UniProtKB/TrEMBL;Acc:A0A077ZLN9],Trichuris trichiura (PRJEB535),protein_coding,trtricprjeb535
TTRE11295,TTRE11295_t1,198,protein_coding,,Trichuris trichiura (PRJEB535),protein_coding,trtricprjeb535
TTRE1036,TTRE1036_t1,508,protein_coding,,Trichuris trichiura (PRJEB535),protein_coding,trtricprjeb535
TTRE5648,TTRE5648_t1,239,protein_coding,,Trichuris trichiura (PRJEB535),protein_coding,trtricprjeb535
TTRE2082,TTRE2082_t1,1257,protein_coding,,Trichuris trichiura (PRJEB535),protein_coding,trtricprjeb535
TTRE5370,TTRE5370_t1,878,protein_coding,,Trichuris trichiura (PRJEB535),protein_coding,trtricprjeb535
TTRE8477,TTRE8477_t1,428,protein_coding,Dynamin N and EF-hand 4 domain containing protein  [Source:UniProtKB/TrEMBL;Acc:A0A077Z0P3],Trichuris trichiura (PRJEB535),protein_coding,trtricprjeb535
TTRE2185,TTRE2185_t1,179,protein_coding,Thymidylate synthase  [Source:UniProtKB/TrEMBL;Acc:A0A077Z3J6],Trichuris trichiura (PRJEB535),protein_coding,trtricprjeb535
TTRE11046,TTRE11046_t1,284,protein_coding,,Trichuris trichiura (PRJEB535),protein_coding,trtricprjeb535
TTRE6881,TTRE6881_t1,392,protein_coding,,Trichuris trichiura (PRJEB535),protein_coding,trtricprjeb535
TTRE2479,TTRE2479_t1,317,protein_coding,,Trichuris trichiura (PRJEB535),protein_coding,trtricprjeb535
TTRE5175,TTRE5175_t1,302,protein_coding,,Trichuris trichiura (PRJEB535),protein_coding,trtricprjeb535
TTRE270,TTRE270_t1,944,protein_coding,Palmitoyltransferase  [Source:UniProtKB/TrEMBL;Acc:A0A077Z7X7],Trichuris trichiura (PRJEB535),protein_coding,trtricprjeb535
TTRE7111,TTRE7111_t1,350,protein_coding,,Trichuris trichiura (PRJEB535),protein_coding,trtricprjeb535
TTRE7662,TTRE7662_t1,277,protein_coding,,Trichuris trichiura (PRJEB535),protein_coding,trtricprjeb535
TTRE8052,TTRE8052_t1,326,protein_coding,,Trichuris trichiura (PRJEB535),protein_coding,trtricprjeb535
TTRE9596,TTRE9596_t1,1166,protein_coding,,Trichuris trichiura (PRJEB535),protein_coding,trtricprjeb535
TTRE7893,TTRE7893_t1,389,protein_coding,40S ribosomal protein S12  [Source:UniProtKB/TrEMBL;Acc:A0A077ZFS5],Trichuris trichiura (PRJEB535),protein_coding,trtricprjeb535
TTRE10262,TTRE10262_t1,263,protein_coding,,Trichuris trichiura (PRJEB535),protein_coding,trtricprjeb535
TTRE6531,TTRE6531_t1,308,protein_coding,,Trichuris trichiura (PRJEB535),protein_coding,trtricprjeb535
TTRE4825,TTRE4825_t1,196,protein_coding,Lactoylglutathione lyase  [Source:UniProtKB/TrEMBL;Acc:A0A077Z5J4],Trichuris trichiura (PRJEB535),protein_coding,trtricprjeb535
TTRE11130,TTRE11130_t1,230,protein_coding,,Trichuris trichiura (PRJEB535),protein_coding,trtricprjeb535
TTRE2592,TTRE2592_t1,932,protein_coding,Potassium voltage gated channel protein Shab  [Source:UniProtKB/TrEMBL;Acc:A0A077ZDS6],Trichuris trichiura (PRJEB535),protein_coding,trtricprjeb535
TTRE3432,TTRE3432_t1,1187,protein_coding,,Trichuris trichiura (PRJEB535),protein_coding,trtricprjeb535
TTRE11864,TTRE11864_t1,293,protein_coding,,Trichuris trichiura (PRJEB535),protein_coding,trtricprjeb535
TTRE9052,TTRE9052_t1,443,protein_coding,,Trichuris trichiura (PRJEB535),protein_coding,trtricprjeb535
TTRE15,TTRE15_t1,389,protein_coding,,Trichuris trichiura (PRJEB535),protein_coding,trtricprjeb535
TTRE1161,TTRE1161_t1,681,protein_coding,,Trichuris trichiura (PRJEB535),protein_coding,trtricprjeb535
TTRE5376,TTRE5376_t1,798,protein_coding,,Trichuris trichiura (PRJEB535),protein_coding,trtricprjeb535
TTRE8347,TTRE8347_t1,4061,protein_coding,,Trichuris trichiura (PRJEB535),protein_coding,trtricprjeb535
TTRE1451,TTRE1451_t1,1622,protein_coding,,Trichuris trichiura (PRJEB535),protein_coding,trtricprjeb535
TTRE3018,TTRE3018_t1,279,protein_coding,,Trichuris trichiura (PRJEB535),protein_coding,trtricprjeb535
TTRE6145,TTRE6145_t1,278,protein_coding,,Trichuris trichiura (PRJEB535),protein_coding,trtricprjeb535
TTRE8523,TTRE8523_t1,1122,protein_coding,,Trichuris trichiura (PRJEB535),protein_coding,trtricprjeb535
TTRE739,TTRE739_t1,1028,protein_coding,Hepatocyte nuclear factor 3 beta  [Source:UniProtKB/TrEMBL;Acc:A0A077Z0D9],Trichuris trichiura (PRJEB535),protein_coding,trtricprjeb535
TTRE2643,TTRE2643_t1,566,protein_coding,UPF0669 protein C6orf120 homolog  [Source:UniProtKB/TrEMBL;Acc:A0A077Z631],Trichuris trichiura (PRJEB535),protein_coding,trtricprjeb535
TTRE1367,TTRE1367_t1,565,protein_coding,,Trichuris trichiura (PRJEB535),protein_coding,trtricprjeb535
TTRE192,TTRE192_t1,325,protein_coding,,Trichuris trichiura (PRJEB535),protein_coding,trtricprjeb535
TTRE2596,TTRE2596_t1,323,protein_coding,Conserved membrane protein  [Source:UniProtKB/TrEMBL;Acc:A0A077Z4Z8],Trichuris trichiura (PRJEB535),protein_coding,trtricprjeb535
TTRE10861,TTRE10861_t1,255,protein_coding,,Trichuris trichiura (PRJEB535),protein_coding,trtricprjeb535
TTRE8697,TTRE8697_t1,2030,protein_coding,,Trichuris trichiura (PRJEB535),protein_coding,trtricprjeb535
TTRE12256,TTRE12256_t1,1615,protein_coding,CTD bind domain containing protein  [Source:UniProtKB/TrEMBL;Acc:A0A077Z3T0],Trichuris trichiura (PRJEB535),protein_coding,trtricprjeb535
TTRE421,TTRE421_t1,399,protein_coding,Trypsin domain containing protein  [Source:UniProtKB/TrEMBL;Acc:A0A077Z2J8],Trichuris trichiura (PRJEB535),protein_coding,trtricprjeb535
TTRE1996,TTRE1996_t1,210,protein_coding,,Trichuris trichiura (PRJEB535),protein_coding,trtricprjeb535
TTRE12133,TTRE12133_t1,697,protein_coding,Myelin transcription factor 1  [Source:UniProtKB/TrEMBL;Acc:A0A077Z5A1],Trichuris trichiura (PRJEB535),protein_coding,trtricprjeb535
TTRE11629,TTRE11629_t1,302,protein_coding,,Trichuris trichiura (PRJEB535),protein_coding,trtricprjeb535
TTRE7415,TTRE7415_t1,278,protein_coding,,Trichuris trichiura (PRJEB535),protein_coding,trtricprjeb535
TTRE2726,TTRE2726_t1,152,protein_coding,,Trichuris trichiura (PRJEB535),protein_coding,trtricprjeb535
TTRE3602,TTRE3602_t1,2657,protein_coding,,Trichuris trichiura (PRJEB535),protein_coding,trtricprjeb535
TTRE5435,TTRE5435_t1,553,protein_coding,,Trichuris trichiura (PRJEB535),protein_coding,trtricprjeb535
TTRE96,TTRE96_t1,409,protein_coding,,Trichuris trichiura (PRJEB535),protein_coding,trtricprjeb535
TTRE8616,TTRE8616_t1,266,protein_coding,,Trichuris trichiura (PRJEB535),protein_coding,trtricprjeb535
TTRE10747,TTRE10747_t1,189,protein_coding,,Trichuris trichiura (PRJEB535),protein_coding,trtricprjeb535
TTRE2208,TTRE2208_t1,521,protein_coding,,Trichuris trichiura (PRJEB535),protein_coding,trtricprjeb535
TTRE9418,TTRE9418_t1,439,protein_coding,,Trichuris trichiura (PRJEB535),protein_coding,trtricprjeb535
TTRE8180,TTRE8180_t1,216,protein_coding,Mediator of RNA polymerase II transcription subunit 18  [Source:UniProtKB/TrEMBL;Acc:A0A077ZFS9],Trichuris trichiura (PRJEB535),protein_coding,trtricprjeb535
TTRE8033,TTRE8033_t1,419,protein_coding,,Trichuris trichiura (PRJEB535),protein_coding,trtricprjeb535
TTRE11085,TTRE11085_t1,314,protein_coding,,Trichuris trichiura (PRJEB535),protein_coding,trtricprjeb535
TTRE8496,TTRE8496_t1,169,protein_coding,,Trichuris trichiura (PRJEB535),protein_coding,trtricprjeb535
TTRE5493,TTRE5493_t1,164,protein_coding,,Trichuris trichiura (PRJEB535),protein_coding,trtricprjeb535
TTRE3780,TTRE3780_t1,1420,protein_coding,,Trichuris trichiura (PRJEB535),protein_coding,trtricprjeb535
TTRE2560,TTRE2560_t1,392,protein_coding,,Trichuris trichiura (PRJEB535),protein_coding,trtricprjeb535
TTRE4895,TTRE4895_t1,165,protein_coding,,Trichuris trichiura (PRJEB535),protein_coding,trtricprjeb535
TTRE5728,TTRE5728_t1,201,protein_coding,"Cytochrome c oxidase subunit 5A, mitochondrial  [Source:UniProtKB/TrEMBL;Acc:A0A077ZFN4]",Trichuris trichiura (PRJEB535),protein_coding,trtricprjeb535
TTRE10164,TTRE10164_t1,239,protein_coding,LSM domain containing protein  [Source:UniProtKB/TrEMBL;Acc:A0A077ZP00],Trichuris trichiura (PRJEB535),protein_coding,trtricprjeb535
TTRE5114,TTRE5114_t1,252,protein_coding,,Trichuris trichiura (PRJEB535),protein_coding,trtricprjeb535
TTRE2176,TTRE2176_t1,247,protein_coding,Protein quiver  [Source:UniProtKB/TrEMBL;Acc:A0A077Z4Q0],Trichuris trichiura (PRJEB535),protein_coding,trtricprjeb535
TTRE11716,TTRE11716_t1,440,protein_coding,,Trichuris trichiura (PRJEB535),protein_coding,trtricprjeb535
TTRE2724,TTRE2724_t1,271,protein_coding,,Trichuris trichiura (PRJEB535),protein_coding,trtricprjeb535
TTRE2640,TTRE2640_t1,149,protein_coding,,Trichuris trichiura (PRJEB535),protein_coding,trtricprjeb535
TTRE3687,TTRE3687_t1,369,protein_coding,GDT1 family protein  [Source:UniProtKB/TrEMBL;Acc:A0A077ZIU3],Trichuris trichiura (PRJEB535),protein_coding,trtricprjeb535
TTRE7256,TTRE7256_t1,560,protein_coding,,Trichuris trichiura (PRJEB535),protein_coding,trtricprjeb535
TTRE2389,TTRE2389_t1,386,protein_coding,,Trichuris trichiura (PRJEB535),protein_coding,trtricprjeb535
TTRE1871,TTRE1871_t1,901,protein_coding,Ras GTP binding protein A  [Source:UniProtKB/TrEMBL;Acc:A0A077Z6W0],Trichuris trichiura (PRJEB535),protein_coding,trtricprjeb535
TTRE10294,TTRE10294_t1,203,protein_coding,,Trichuris trichiura (PRJEB535),protein_coding,trtricprjeb535
TTRE1595,TTRE1595_t1,194,protein_coding,,Trichuris trichiura (PRJEB535),protein_coding,trtricprjeb535
TTRE7927,TTRE7927_t1,186,protein_coding,,Trichuris trichiura (PRJEB535),protein_coding,trtricprjeb535
TTRE11424,TTRE11424_t1,280,protein_coding,Protein lin isoform c protein lin isoform b pro tein lin isoform a  [Source:UniProtKB/TrEMBL;Acc:A0A077Z4Y5],Trichuris trichiura (PRJEB535),protein_coding,trtricprjeb535
TTRE8156,TTRE8156_t1,763,protein_coding,tRNA (guanine(37)-N1)-methyltransferase  [Source:UniProtKB/TrEMBL;Acc:A0A077Z475],Trichuris trichiura (PRJEB535),protein_coding,trtricprjeb535
TTRE7422,TTRE7422_t1,629,protein_coding,,Trichuris trichiura (PRJEB535),protein_coding,trtricprjeb535
TTRE9095,TTRE9095_t1,413,protein_coding,Ephrin domain containing protein  [Source:UniProtKB/TrEMBL;Acc:A0A077Z131],Trichuris trichiura (PRJEB535),protein_coding,trtricprjeb535
TTRE3655,TTRE3655_t1,141,protein_coding,,Trichuris trichiura (PRJEB535),protein_coding,trtricprjeb535
TTRE10334,TTRE10334_t1,182,protein_coding,,Trichuris trichiura (PRJEB535),protein_coding,trtricprjeb535
TTRE2141,TTRE2141_t1,95,protein_coding,,Trichuris trichiura (PRJEB535),protein_coding,trtricprjeb535
TTRE11955,TTRE11955_t1,308,protein_coding,,Trichuris trichiura (PRJEB535),protein_coding,trtricprjeb535
TTRE10308,TTRE10308_t1,1185,protein_coding,,Trichuris trichiura (PRJEB535),protein_coding,trtricprjeb535
TTRE4008,TTRE4008_t1,227,protein_coding,NADH dehydrogenase 1 alpha subcomplex subunit 5  [Source:UniProtKB/TrEMBL;Acc:A0A077YXZ6],Trichuris trichiura (PRJEB535),protein_coding,trtricprjeb535
TTRE1464,TTRE1464_t1,136,protein_coding,RNA-binding protein 8A  [Source:UniProtKB/TrEMBL;Acc:A0A077ZD19],Trichuris trichiura (PRJEB535),protein_coding,trtricprjeb535
TTRE8108,TTRE8108_t1,605,protein_coding,,Trichuris trichiura (PRJEB535),protein_coding,trtricprjeb535
TTRE10546,TTRE10546_t1,520,protein_coding,,Trichuris trichiura (PRJEB535),protein_coding,trtricprjeb535
TTRE12617,TTRE12617_t1,455,protein_coding,,Trichuris trichiura (PRJEB535),protein_coding,trtricprjeb535
TTRE11238,TTRE11238_t1,231,protein_coding,,Trichuris trichiura (PRJEB535),protein_coding,trtricprjeb535
TTRE11924,TTRE11924_t1,500,protein_coding,,Trichuris trichiura (PRJEB535),protein_coding,trtricprjeb535
TTRE10559,TTRE10559_t1,912,protein_coding,,Trichuris trichiura (PRJEB535),protein_coding,trtricprjeb535
TTRE7900,TTRE7900_t1,405,protein_coding,,Trichuris trichiura (PRJEB535),protein_coding,trtricprjeb535
TTRE4591,TTRE4591_t1,242,protein_coding,,Trichuris trichiura (PRJEB535),protein_coding,trtricprjeb535
TTRE7094,TTRE7094_t1,443,protein_coding,,Trichuris trichiura (PRJEB535),protein_coding,trtricprjeb535
TTRE4492,TTRE4492_t1,339,protein_coding,,Trichuris trichiura (PRJEB535),protein_coding,trtricprjeb535
TTRE7213,TTRE7213_t1,479,protein_coding,,Trichuris trichiura (PRJEB535),protein_coding,trtricprjeb535
TTRE169,TTRE169_t1,223,protein_coding,,Trichuris trichiura (PRJEB535),protein_coding,trtricprjeb535
TTRE9072,TTRE9072_t1,196,protein_coding,,Trichuris trichiura (PRJEB535),protein_coding,trtricprjeb535
TTRE10021,TTRE10021_t1,188,protein_coding,,Trichuris trichiura (PRJEB535),protein_coding,trtricprjeb535
TTRE11336,TTRE11336_t1,286,protein_coding,,Trichuris trichiura (PRJEB535),protein_coding,trtricprjeb535
TTRE2513,TTRE2513_t1,437,protein_coding,26S proteasome non-ATPase regulatory subunit 1  [Source:UniProtKB/TrEMBL;Acc:A0A077Z2N1],Trichuris trichiura (PRJEB535),protein_coding,trtricprjeb535
TTRE4399,TTRE4399_t2,230,protein_coding,Endoribonuclease  [Source:UniProtKB/TrEMBL;Acc:A0A077ZIZ5],Trichuris trichiura (PRJEB535),protein_coding,trtricprjeb535
TTRE8419,TTRE8419_t1,538,protein_coding,Retinoid X receptor  [Source:UniProtKB/TrEMBL;Acc:A0A077YXA7],Trichuris trichiura (PRJEB535),protein_coding,trtricprjeb535
TTRE6958,TTRE6958_t1,917,protein_coding,,Trichuris trichiura (PRJEB535),protein_coding,trtricprjeb535
TTRE1418,TTRE1418_t1,263,protein_coding,Endoplasmic reticulum Golgi intermediate  [Source:UniProtKB/TrEMBL;Acc:A0A077ZFG0],Trichuris trichiura (PRJEB535),protein_coding,trtricprjeb535
TTRE7220,TTRE7220_t1,2534,protein_coding,,Trichuris trichiura (PRJEB535),protein_coding,trtricprjeb535
TTRE1974,TTRE1974_t1,112,protein_coding,,Trichuris trichiura (PRJEB535),protein_coding,trtricprjeb535
TTRE9108,TTRE9108_t1,175,protein_coding,,Trichuris trichiura (PRJEB535),protein_coding,trtricprjeb535
TTRE3240,TTRE3240_t1,779,protein_coding,,Trichuris trichiura (PRJEB535),protein_coding,trtricprjeb535
TTRE5001,TTRE5001_t1,1472,protein_coding,(S)-3-amino-2-methylpropionate transaminase  [Source:UniProtKB/TrEMBL;Acc:A0A077Z5K2],Trichuris trichiura (PRJEB535),protein_coding,trtricprjeb535
TTRE3430,TTRE3430_t1,148,protein_coding,Palmitoyl-protein thioesterase 1  [Source:UniProtKB/TrEMBL;Acc:A0A077Z837],Trichuris trichiura (PRJEB535),protein_coding,trtricprjeb535
TTRE3767,TTRE3767_t1,341,protein_coding,,Trichuris trichiura (PRJEB535),protein_coding,trtricprjeb535
TTRE8513,TTRE8513_t1,550,protein_coding,,Trichuris trichiura (PRJEB535),protein_coding,trtricprjeb535
TTRE6837,TTRE6837_t1,341,protein_coding,,Trichuris trichiura (PRJEB535),protein_coding,trtricprjeb535
TTRE6828,TTRE6828_t1,353,protein_coding,,Trichuris trichiura (PRJEB535),protein_coding,trtricprjeb535
TTRE1836,TTRE1836_t1,923,protein_coding,tRNA (adenine(58)-N(1))-methyltransferase catalytic subunit TRMT61A  [Source:UniProtKB/TrEMBL;Acc:A0A077ZEH9],Trichuris trichiura (PRJEB535),protein_coding,trtricprjeb535
TTRE12452,TTRE12452_t1,471,protein_coding,,Trichuris trichiura (PRJEB535),protein_coding,trtricprjeb535
TTRE8432,TTRE8432_t1,1037,protein_coding,N-acetyl-D-glucosamine kinase  [Source:UniProtKB/TrEMBL;Acc:A0A077YYG4],Trichuris trichiura (PRJEB535),protein_coding,trtricprjeb535
TTRE8779,TTRE8779_t1,812,protein_coding,EGL 46  [Source:UniProtKB/TrEMBL;Acc:A0A077Z4I4],Trichuris trichiura (PRJEB535),protein_coding,trtricprjeb535
TTRE1641,TTRE1641_t1,182,protein_coding,,Trichuris trichiura (PRJEB535),protein_coding,trtricprjeb535
TTRE5736,TTRE5736_t1,1928,protein_coding,"Apoptosis inducing factor 1, mitochondrial  [Source:UniProtKB/TrEMBL;Acc:A0A077Z007]",Trichuris trichiura (PRJEB535),protein_coding,trtricprjeb535
TTRE2233,TTRE2233_t1,305,protein_coding,T-complex protein 1 subunit epsilon  [Source:UniProtKB/TrEMBL;Acc:A0A077ZI54],Trichuris trichiura (PRJEB535),protein_coding,trtricprjeb535
TTRE482,TTRE482_t1,281,protein_coding,Leucine rich repeats and immunoglobulin  [Source:UniProtKB/TrEMBL;Acc:A0A077Z4Q2],Trichuris trichiura (PRJEB535),protein_coding,trtricprjeb535
TTRE7253,TTRE7253_t1,366,protein_coding,,Trichuris trichiura (PRJEB535),protein_coding,trtricprjeb535
TTRE1936,TTRE1936_t1,337,protein_coding,Transmembrane protein 229b  [Source:UniProtKB/TrEMBL;Acc:A0A077YWW1],Trichuris trichiura (PRJEB535),protein_coding,trtricprjeb535
TTRE4442,TTRE4442_t1,616,protein_coding,,Trichuris trichiura (PRJEB535),protein_coding,trtricprjeb535
TTRE927,TTRE927_t1,731,protein_coding,DnaJ domain containing protein  [Source:UniProtKB/TrEMBL;Acc:A0A077ZN98],Trichuris trichiura (PRJEB535),protein_coding,trtricprjeb535
TTRE4616,TTRE4616_t1,254,protein_coding,Amidophosphoribosyltransferase  [Source:UniProtKB/TrEMBL;Acc:A0A077Z730],Trichuris trichiura (PRJEB535),protein_coding,trtricprjeb535
TTRE2901,TTRE2901_t1,146,protein_coding,,Trichuris trichiura (PRJEB535),protein_coding,trtricprjeb535
TTRE9951,TTRE9951_t1,518,protein_coding,,Trichuris trichiura (PRJEB535),protein_coding,trtricprjeb535
TTRE6291,TTRE6291_t1,884,protein_coding,DNA directed RNA polymerase III subunit RPC6  [Source:UniProtKB/TrEMBL;Acc:A0A077ZFD4],Trichuris trichiura (PRJEB535),protein_coding,trtricprjeb535
TTRE8279,TTRE8279_t1,279,protein_coding,,Trichuris trichiura (PRJEB535),protein_coding,trtricprjeb535
TTRE1865,TTRE1865_t1,337,protein_coding,Peptidase C1 domain containing protein  [Source:UniProtKB/TrEMBL;Acc:A0A077ZGN1],Trichuris trichiura (PRJEB535),protein_coding,trtricprjeb535
TTRE4823,TTRE4823_t1,1424,protein_coding,,Trichuris trichiura (PRJEB535),protein_coding,trtricprjeb535
TTRE1058,TTRE1058_t1,332,protein_coding,Protein pellino  [Source:UniProtKB/TrEMBL;Acc:A0A077Z773],Trichuris trichiura (PRJEB535),protein_coding,trtricprjeb535
TTRE11948,TTRE11948_t1,629,protein_coding,,Trichuris trichiura (PRJEB535),protein_coding,trtricprjeb535
TTRE6655,TTRE6655_t1,250,protein_coding,,Trichuris trichiura (PRJEB535),protein_coding,trtricprjeb535
TTRE5228,TTRE5228_t1,606,protein_coding,RPE spondin  [Source:UniProtKB/TrEMBL;Acc:A0A077Z3F4],Trichuris trichiura (PRJEB535),protein_coding,trtricprjeb535
TTRE3846,TTRE3846_t1,166,protein_coding,Mesencephalic astrocyte-derived neurotrophic factor homolog  [Source:UniProtKB/TrEMBL;Acc:A0A077YZ13],Trichuris trichiura (PRJEB535),protein_coding,trtricprjeb535
TTRE4703,TTRE4703_t1,130,protein_coding,Homeobox domain containing protein  [Source:UniProtKB/TrEMBL;Acc:A0A077Z4W5],Trichuris trichiura (PRJEB535),protein_coding,trtricprjeb535
TTRE9736,TTRE9736_t1,107,protein_coding,,Trichuris trichiura (PRJEB535),protein_coding,trtricprjeb535
TTRE2143,TTRE2143_t1,262,protein_coding,,Trichuris trichiura (PRJEB535),protein_coding,trtricprjeb535
TTRE3778,TTRE3778_t1,944,protein_coding,Peptidase C13 domain containing protein  [Source:UniProtKB/TrEMBL;Acc:A0A077Z6S5],Trichuris trichiura (PRJEB535),protein_coding,trtricprjeb535
TTRE12128,TTRE12128_t1,533,protein_coding,,Trichuris trichiura (PRJEB535),protein_coding,trtricprjeb535
TTRE7032,TTRE7032_t1,1106,protein_coding,,Trichuris trichiura (PRJEB535),protein_coding,trtricprjeb535
TTRE8812,TTRE8812_t1,518,protein_coding,,Trichuris trichiura (PRJEB535),protein_coding,trtricprjeb535
TTRE5555,TTRE5555_t1,233,protein_coding,,Trichuris trichiura (PRJEB535),protein_coding,trtricprjeb535
TTRE1794,TTRE1794_t1,196,protein_coding,,Trichuris trichiura (PRJEB535),protein_coding,trtricprjeb535
TTRE3262,TTRE3262_t1,224,protein_coding,,Trichuris trichiura (PRJEB535),protein_coding,trtricprjeb535
TTRE1676,TTRE1676_t1,485,protein_coding,,Trichuris trichiura (PRJEB535),protein_coding,trtricprjeb535
TTRE11309,TTRE11309_t1,621,protein_coding,,Trichuris trichiura (PRJEB535),protein_coding,trtricprjeb535
TTRE3969,TTRE3969_t1,1241,protein_coding,Fucosyltransferase  [Source:UniProtKB/TrEMBL;Acc:A0A077Z7X6],Trichuris trichiura (PRJEB535),protein_coding,trtricprjeb535
TTRE6162,TTRE6162_t1,433,protein_coding,DUF3453 domain-containing protein  [Source:UniProtKB/TrEMBL;Acc:A0A077Z0G5],Trichuris trichiura (PRJEB535),protein_coding,trtricprjeb535
TTRE2505,TTRE2505_t1,1226,protein_coding,Inositol-pentakisphosphate 2-kinase  [Source:UniProtKB/TrEMBL;Acc:A0A077Z1Y0],Trichuris trichiura (PRJEB535),protein_coding,trtricprjeb535
TTRE3324,TTRE3324_t1,1039,protein_coding,Leucine Rich Repeat family protein  [Source:UniProtKB/TrEMBL;Acc:A0A077Z529],Trichuris trichiura (PRJEB535),protein_coding,trtricprjeb535
TTRE7678,TTRE7678_t1,306,protein_coding,Lig chan and SBP bac 3 domain containing protein  [Source:UniProtKB/TrEMBL;Acc:A0A077YYX9],Trichuris trichiura (PRJEB535),protein_coding,trtricprjeb535
TTRE3258,TTRE3258_t1,298,protein_coding,Ribonucleoside-diphosphate reductase  [Source:UniProtKB/TrEMBL;Acc:A0A077Z0D4],Trichuris trichiura (PRJEB535),protein_coding,trtricprjeb535
TTRE938,TTRE938_t1,557,protein_coding,EF-hand 4 and Dynamin N domain containing protein  [Source:UniProtKB/TrEMBL;Acc:A0A077ZEW5],Trichuris trichiura (PRJEB535),protein_coding,trtricprjeb535
TTRE11590,TTRE11590_t1,1018,protein_coding,,Trichuris trichiura (PRJEB535),protein_coding,trtricprjeb535
TTRE10187,TTRE10187_t1,2885,protein_coding,,Trichuris trichiura (PRJEB535),protein_coding,trtricprjeb535
TTRE1428,TTRE1428_t1,333,protein_coding,,Trichuris trichiura (PRJEB535),protein_coding,trtricprjeb535
TTRE530,TTRE530_t1,319,protein_coding,Fn3 and C2-set 2 and I-set and Ig 2 domain contai ning protein  [Source:UniProtKB/TrEMBL;Acc:A0A077Z2G9],Trichuris trichiura (PRJEB535),protein_coding,trtricprjeb535
TTRE399,TTRE399_t1,221,protein_coding,,Trichuris trichiura (PRJEB535),protein_coding,trtricprjeb535
TTRE11404,TTRE11404_t1,261,protein_coding,Heterogeneous nuclear ribonucleoprotein Q  [Source:UniProtKB/TrEMBL;Acc:A0A077Z4F6],Trichuris trichiura (PRJEB535),protein_coding,trtricprjeb535
TTRE2613,TTRE2613_t1,179,protein_coding,,Trichuris trichiura (PRJEB535),protein_coding,trtricprjeb535
TTRE6591,TTRE6591_t1,151,protein_coding,,Trichuris trichiura (PRJEB535),protein_coding,trtricprjeb535
TTRE4,TTRE4_t1,1280,protein_coding,,Trichuris trichiura (PRJEB535),protein_coding,trtricprjeb535
TTRE3049,TTRE3049_t1,496,protein_coding,3-dehydrosphinganine reductase  [Source:UniProtKB/TrEMBL;Acc:A0A077Z391],Trichuris trichiura (PRJEB535),protein_coding,trtricprjeb535
TTRE6889,TTRE6889_t1,1488,protein_coding,,Trichuris trichiura (PRJEB535),protein_coding,trtricprjeb535
TTRE7735,TTRE7735_t1,806,protein_coding,,Trichuris trichiura (PRJEB535),protein_coding,trtricprjeb535
TTRE8175,TTRE8175_t1,720,protein_coding,,Trichuris trichiura (PRJEB535),protein_coding,trtricprjeb535
TTRE12435,TTRE12435_t1,193,protein_coding,,Trichuris trichiura (PRJEB535),protein_coding,trtricprjeb535
TTRE6303,TTRE6303_t1,239,protein_coding,,Trichuris trichiura (PRJEB535),protein_coding,trtricprjeb535
TTRE3348,TTRE3348_t1,190,protein_coding,,Trichuris trichiura (PRJEB535),protein_coding,trtricprjeb535
TTRE8935,TTRE8935_t1,608,protein_coding,,Trichuris trichiura (PRJEB535),protein_coding,trtricprjeb535
TTRE4295,TTRE4295_t1,161,protein_coding,,Trichuris trichiura (PRJEB535),protein_coding,trtricprjeb535
TTRE9314,TTRE9314_t1,127,protein_coding,,Trichuris trichiura (PRJEB535),protein_coding,trtricprjeb535
TTRE7926,TTRE7926_t1,680,protein_coding,,Trichuris trichiura (PRJEB535),protein_coding,trtricprjeb535
TTRE10620,TTRE10620_t1,413,protein_coding,,Trichuris trichiura (PRJEB535),protein_coding,trtricprjeb535
TTRE11621,TTRE11621_t1,1085,protein_coding,,Trichuris trichiura (PRJEB535),protein_coding,trtricprjeb535
TTRE11423,TTRE11423_t1,269,protein_coding,,Trichuris trichiura (PRJEB535),protein_coding,trtricprjeb535
TTRE12613,TTRE12613_t1,3164,protein_coding,,Trichuris trichiura (PRJEB535),protein_coding,trtricprjeb535
TTRE1707,TTRE1707_t1,288,protein_coding,,Trichuris trichiura (PRJEB535),protein_coding,trtricprjeb535
TTRE5802,TTRE5802_t1,1877,protein_coding,Armadillo repeat-containing protein 8  [Source:UniProtKB/TrEMBL;Acc:A0A077ZPG1],Trichuris trichiura (PRJEB535),protein_coding,trtricprjeb535
TTRE11661,TTRE11661_t1,230,protein_coding,,Trichuris trichiura (PRJEB535),protein_coding,trtricprjeb535
TTRE1749,TTRE1749_t1,313,protein_coding,Glycerol-3-phosphate dehydrogenase  [Source:UniProtKB/TrEMBL;Acc:A0A077Z4W8],Trichuris trichiura (PRJEB535),protein_coding,trtricprjeb535
TTRE7408,TTRE7408_t1,278,protein_coding,,Trichuris trichiura (PRJEB535),protein_coding,trtricprjeb535
TTRE6794,TTRE6794_t1,593,protein_coding,,Trichuris trichiura (PRJEB535),protein_coding,trtricprjeb535
TTRE7232,TTRE7232_t1,257,protein_coding,,Trichuris trichiura (PRJEB535),protein_coding,trtricprjeb535
TTRE2991,TTRE2991_t1,215,protein_coding,,Trichuris trichiura (PRJEB535),protein_coding,trtricprjeb535
TTRE11477,TTRE11477_t1,937,protein_coding,,Trichuris trichiura (PRJEB535),protein_coding,trtricprjeb535
TTRE3777,TTRE3777_t1,871,protein_coding,,Trichuris trichiura (PRJEB535),protein_coding,trtricprjeb535
TTRE1935,TTRE1935_t1,504,protein_coding,,Trichuris trichiura (PRJEB535),protein_coding,trtricprjeb535
TTRE3670,TTRE3670_t1,457,protein_coding,Tyrosine-protein kinase  [Source:UniProtKB/TrEMBL;Acc:A0A077ZBB1],Trichuris trichiura (PRJEB535),protein_coding,trtricprjeb535
TTRE6563,TTRE6563_t1,771,protein_coding,,Trichuris trichiura (PRJEB535),protein_coding,trtricprjeb535
TTRE8546,TTRE8546_t1,566,protein_coding,,Trichuris trichiura (PRJEB535),protein_coding,trtricprjeb535
TTRE2704,TTRE2704_t1,206,protein_coding,,Trichuris trichiura (PRJEB535),protein_coding,trtricprjeb535
TTRE12097,TTRE12097_t1,659,protein_coding,,Trichuris trichiura (PRJEB535),protein_coding,trtricprjeb535
TTRE2985,TTRE2985_t1,363,protein_coding,,Trichuris trichiura (PRJEB535),protein_coding,trtricprjeb535
TTRE1885,TTRE1885_t1,229,protein_coding,Tar rna binding protein isoform  [Source:UniProtKB/TrEMBL;Acc:A0A077ZDW1],Trichuris trichiura (PRJEB535),protein_coding,trtricprjeb535
TTRE5755,TTRE5755_t1,143,protein_coding,Protein YIPF3  [Source:UniProtKB/TrEMBL;Acc:A0A077YXM8],Trichuris trichiura (PRJEB535),protein_coding,trtricprjeb535
TTRE3735,TTRE3735_t1,1485,protein_coding,,Trichuris trichiura (PRJEB535),protein_coding,trtricprjeb535
TTRE8992,TTRE8992_t1,278,protein_coding,Myb DNA-binding domain containing protein  [Source:UniProtKB/TrEMBL;Acc:A0A077YXU2],Trichuris trichiura (PRJEB535),protein_coding,trtricprjeb535
TTRE4917,TTRE4917_t1,180,protein_coding,,Trichuris trichiura (PRJEB535),protein_coding,trtricprjeb535
TTRE7432,TTRE7432_t1,239,protein_coding,,Trichuris trichiura (PRJEB535),protein_coding,trtricprjeb535
TTRE448,TTRE448_t1,461,protein_coding,Protein Wnt  [Source:UniProtKB/TrEMBL;Acc:A0A077ZDM3],Trichuris trichiura (PRJEB535),protein_coding,trtricprjeb535
TTRE7863,TTRE7863_t1,407,protein_coding,,Trichuris trichiura (PRJEB535),protein_coding,trtricprjeb535
TTRE11860,TTRE11860_t1,1468,protein_coding,,Trichuris trichiura (PRJEB535),protein_coding,trtricprjeb535
TTRE6350,TTRE6350_t1,154,protein_coding,,Trichuris trichiura (PRJEB535),protein_coding,trtricprjeb535
TTRE8797,TTRE8797_t1,239,protein_coding,,Trichuris trichiura (PRJEB535),protein_coding,trtricprjeb535
TTRE502,TTRE502_t1,729,protein_coding,,Trichuris trichiura (PRJEB535),protein_coding,trtricprjeb535
TTRE11810,TTRE11810_t1,326,protein_coding,,Trichuris trichiura (PRJEB535),protein_coding,trtricprjeb535
TTRE2408,TTRE2408_t1,227,protein_coding,,Trichuris trichiura (PRJEB535),protein_coding,trtricprjeb535
TTRE10295,TTRE10295_t1,2214,protein_coding,,Trichuris trichiura (PRJEB535),protein_coding,trtricprjeb535
TTRE278,TTRE278_t1,390,protein_coding,Ubiquitin conjugating enzyme E2 R1  [Source:UniProtKB/TrEMBL;Acc:A0A077YYV0],Trichuris trichiura (PRJEB535),protein_coding,trtricprjeb535
TTRE11415,TTRE11415_t1,292,protein_coding,,Trichuris trichiura (PRJEB535),protein_coding,trtricprjeb535
TTRE12460,TTRE12460_t1,169,protein_coding,,Trichuris trichiura (PRJEB535),protein_coding,trtricprjeb535
TTRE8990,TTRE8990_t1,377,protein_coding,,Trichuris trichiura (PRJEB535),protein_coding,trtricprjeb535
TTRE8330,TTRE8330_t1,104,protein_coding,60S ribosomal protein L38  [Source:UniProtKB/TrEMBL;Acc:A0A077Z099],Trichuris trichiura (PRJEB535),protein_coding,trtricprjeb535
TTRE2401,TTRE2401_t1,665,protein_coding,,Trichuris trichiura (PRJEB535),protein_coding,trtricprjeb535
TTRE7529,TTRE7529_t1,774,protein_coding,,Trichuris trichiura (PRJEB535),protein_coding,trtricprjeb535
TTRE9919,TTRE9919_t1,213,protein_coding,,Trichuris trichiura (PRJEB535),protein_coding,trtricprjeb535
TTRE3897,TTRE3897_t1,2427,protein_coding,,Trichuris trichiura (PRJEB535),protein_coding,trtricprjeb535
TTRE3741,TTRE3741_t1,396,protein_coding,,Trichuris trichiura (PRJEB535),protein_coding,trtricprjeb535
TTRE12218,TTRE12218_t1,207,protein_coding,Adenosylhomocysteinase  [Source:UniProtKB/TrEMBL;Acc:A0A077ZF21],Trichuris trichiura (PRJEB535),protein_coding,trtricprjeb535
TTRE1103,TTRE1103_t5,273,protein_coding,,Trichuris trichiura (PRJEB535),protein_coding,trtricprjeb535
TTRE10317,TTRE10317_t1,129,protein_coding,,Trichuris trichiura (PRJEB535),protein_coding,trtricprjeb535
TTRE3134,TTRE3134_t1,488,protein_coding,,Trichuris trichiura (PRJEB535),protein_coding,trtricprjeb535
TTRE422,TTRE422_t1,665,protein_coding,Membrane-spanning 4-domains subfamily A member 15-like  [Source:UniProtKB/TrEMBL;Acc:A0A077Z7J5],Trichuris trichiura (PRJEB535),protein_coding,trtricprjeb535
TTRE9259,TTRE9259_t1,339,protein_coding,,Trichuris trichiura (PRJEB535),protein_coding,trtricprjeb535
TTRE785,TTRE785_t1,174,protein_coding,,Trichuris trichiura (PRJEB535),protein_coding,trtricprjeb535
TTRE6631,TTRE6631_t1,1772,protein_coding,,Trichuris trichiura (PRJEB535),protein_coding,trtricprjeb535
TTRE9677,TTRE9677_t1,341,protein_coding,,Trichuris trichiura (PRJEB535),protein_coding,trtricprjeb535
TTRE740,TTRE740_t1,506,protein_coding,UQ con domain containing protein  [Source:UniProtKB/TrEMBL;Acc:A0A077ZC16],Trichuris trichiura (PRJEB535),protein_coding,trtricprjeb535
TTRE7508,TTRE7508_t1,830,protein_coding,,Trichuris trichiura (PRJEB535),protein_coding,trtricprjeb535
TTRE5454,TTRE5454_t1,441,protein_coding,,Trichuris trichiura (PRJEB535),protein_coding,trtricprjeb535
TTRE4803,TTRE4803_t1,207,protein_coding,,Trichuris trichiura (PRJEB535),protein_coding,trtricprjeb535
TTRE2995,TTRE2995_t1,277,protein_coding,,Trichuris trichiura (PRJEB535),protein_coding,trtricprjeb535
TTRE3269,TTRE3269_t1,288,protein_coding,,Trichuris trichiura (PRJEB535),protein_coding,trtricprjeb535
TTRE10350,TTRE10350_t1,956,protein_coding,,Trichuris trichiura (PRJEB535),protein_coding,trtricprjeb535
TTRE229,TTRE229_t1,252,protein_coding,,Trichuris trichiura (PRJEB535),protein_coding,trtricprjeb535
TTRE7078,TTRE7078_t1,4844,protein_coding,,Trichuris trichiura (PRJEB535),protein_coding,trtricprjeb535
TTRE1867,TTRE1867_t1,657,protein_coding,,Trichuris trichiura (PRJEB535),protein_coding,trtricprjeb535
TTRE1453,TTRE1453_t1,1220,protein_coding,,Trichuris trichiura (PRJEB535),protein_coding,trtricprjeb535
TTRE5919,TTRE5919_t1,353,protein_coding,,Trichuris trichiura (PRJEB535),protein_coding,trtricprjeb535
TTRE8303,TTRE8303_t1,630,protein_coding,,Trichuris trichiura (PRJEB535),protein_coding,trtricprjeb535
TTRE5539,TTRE5539_t1,1073,protein_coding,RNA helicase  [Source:UniProtKB/TrEMBL;Acc:A0A077ZI10],Trichuris trichiura (PRJEB535),protein_coding,trtricprjeb535
TTRE8441,TTRE8441_t1,1008,protein_coding,Exocyst complex component  [Source:UniProtKB/TrEMBL;Acc:A0A077YZE0],Trichuris trichiura (PRJEB535),protein_coding,trtricprjeb535
TTRE12004,TTRE12004_t1,367,protein_coding,,Trichuris trichiura (PRJEB535),protein_coding,trtricprjeb535
TTRE7193,TTRE7193_t1,610,protein_coding,,Trichuris trichiura (PRJEB535),protein_coding,trtricprjeb535
TTRE5521,TTRE5521_t1,1784,protein_coding,,Trichuris trichiura (PRJEB535),protein_coding,trtricprjeb535
TTRE6558,TTRE6558_t1,226,protein_coding,,Trichuris trichiura (PRJEB535),protein_coding,trtricprjeb535
TTRE858,TTRE858_t1,389,protein_coding,Histone H2A  [Source:UniProtKB/TrEMBL;Acc:A0A077Z9Y3],Trichuris trichiura (PRJEB535),protein_coding,trtricprjeb535
TTRE1016,TTRE1016_t1,216,protein_coding,,Trichuris trichiura (PRJEB535),protein_coding,trtricprjeb535
TTRE3140,TTRE3140_t1,833,protein_coding,TOX high mobility group box family member  [Source:UniProtKB/TrEMBL;Acc:A0A077YXK4],Trichuris trichiura (PRJEB535),protein_coding,trtricprjeb535
TTRE8283,TTRE8283_t1,710,protein_coding,,Trichuris trichiura (PRJEB535),protein_coding,trtricprjeb535
TTRE11967,TTRE11967_t1,4252,protein_coding,,Trichuris trichiura (PRJEB535),protein_coding,trtricprjeb535
TTRE10903,TTRE10903_t1,440,protein_coding,,Trichuris trichiura (PRJEB535),protein_coding,trtricprjeb535
TTRE8583,TTRE8583_t1,307,protein_coding,,Trichuris trichiura (PRJEB535),protein_coding,trtricprjeb535
TTRE5459,TTRE5459_t1,5222,protein_coding,,Trichuris trichiura (PRJEB535),protein_coding,trtricprjeb535
TTRE2904,TTRE2904_t1,2195,protein_coding,Zinc finger protein  [Source:UniProtKB/TrEMBL;Acc:A0A077Z0G2],Trichuris trichiura (PRJEB535),protein_coding,trtricprjeb535
TTRE8760,TTRE8760_t1,284,protein_coding,,Trichuris trichiura (PRJEB535),protein_coding,trtricprjeb535
TTRE10,TTRE10_t1,603,protein_coding,,Trichuris trichiura (PRJEB535),protein_coding,trtricprjeb535
TTRE3202,TTRE3202_t1,393,protein_coding,Mitogen-activated protein kinase  [Source:UniProtKB/TrEMBL;Acc:A0A077Z3M2],Trichuris trichiura (PRJEB535),protein_coding,trtricprjeb535
TTRE51,TTRE51_t1,269,protein_coding,Ribosome maturation protein SBDS  [Source:UniProtKB/TrEMBL;Acc:A0A077Z7U3],Trichuris trichiura (PRJEB535),protein_coding,trtricprjeb535
TTRE4788,TTRE4788_t1,587,protein_coding,,Trichuris trichiura (PRJEB535),protein_coding,trtricprjeb535
TTRE1493,TTRE1493_t1,485,protein_coding,,Trichuris trichiura (PRJEB535),protein_coding,trtricprjeb535
TTRE3349,TTRE3349_t1,143,protein_coding,H:aca ribonucleoprotein complex subunit  [Source:UniProtKB/TrEMBL;Acc:A0A077Z1B8],Trichuris trichiura (PRJEB535),protein_coding,trtricprjeb535
TTRE1748,TTRE1748_t1,283,protein_coding,Interleukin enhancer binding factor 2  [Source:UniProtKB/TrEMBL;Acc:A0A077ZFB0],Trichuris trichiura (PRJEB535),protein_coding,trtricprjeb535
TTRE1020,TTRE1020_t1,296,protein_coding,Serine:threonine protein kinase Chk1  [Source:UniProtKB/TrEMBL;Acc:A0A077Z532],Trichuris trichiura (PRJEB535),protein_coding,trtricprjeb535
TTRE4598,TTRE4598_t1,135,protein_coding,,Trichuris trichiura (PRJEB535),protein_coding,trtricprjeb535
TTRE2202,TTRE2202_t1,551,protein_coding,,Trichuris trichiura (PRJEB535),protein_coding,trtricprjeb535
TTRE3169,TTRE3169_t1,344,protein_coding,Glutathione dependent  [Source:UniProtKB/TrEMBL;Acc:A0A077Z6A0],Trichuris trichiura (PRJEB535),protein_coding,trtricprjeb535
TTRE4323,TTRE4323_t1,457,protein_coding,,Trichuris trichiura (PRJEB535),protein_coding,trtricprjeb535
TTRE9776,TTRE9776_t1,335,protein_coding,,Trichuris trichiura (PRJEB535),protein_coding,trtricprjeb535
TTRE9296,TTRE9296_t1,372,protein_coding,E3 ubiquitin-protein ligase  [Source:UniProtKB/TrEMBL;Acc:A0A077Z739],Trichuris trichiura (PRJEB535),protein_coding,trtricprjeb535
TTRE4276,TTRE4276_t1,309,protein_coding,ARGLU domain containing protein  [Source:UniProtKB/TrEMBL;Acc:A0A077Z7Z7],Trichuris trichiura (PRJEB535),protein_coding,trtricprjeb535
TTRE4032,TTRE4032_t1,479,protein_coding,Small heat shock protein  [Source:UniProtKB/TrEMBL;Acc:A0A077ZD68],Trichuris trichiura (PRJEB535),protein_coding,trtricprjeb535
TTRE7254,TTRE7254_t1,323,protein_coding,,Trichuris trichiura (PRJEB535),protein_coding,trtricprjeb535
TTRE9587,TTRE9587_t1,1079,protein_coding,,Trichuris trichiura (PRJEB535),protein_coding,trtricprjeb535
TTRE11141,TTRE11141_t1,4007,protein_coding,,Trichuris trichiura (PRJEB535),protein_coding,trtricprjeb535
TTRE12606,TTRE12606_t1,102,protein_coding,,Trichuris trichiura (PRJEB535),protein_coding,trtricprjeb535
TTRE12189,TTRE12189_t1,100,protein_coding,,Trichuris trichiura (PRJEB535),protein_coding,trtricprjeb535
TTRE8761,TTRE8761_t1,609,protein_coding,,Trichuris trichiura (PRJEB535),protein_coding,trtricprjeb535
TTRE5508,TTRE5508_t1,1016,protein_coding,,Trichuris trichiura (PRJEB535),protein_coding,trtricprjeb535
TTRE4666,TTRE4666_t1,474,protein_coding,,Trichuris trichiura (PRJEB535),protein_coding,trtricprjeb535
TTRE9309,TTRE9309_t1,128,protein_coding,60S ribosomal protein L23  [Source:UniProtKB/TrEMBL;Acc:A0A077Z4U6],Trichuris trichiura (PRJEB535),protein_coding,trtricprjeb535
TTRE11030,TTRE11030_t1,2609,protein_coding,,Trichuris trichiura (PRJEB535),protein_coding,trtricprjeb535
TTRE4710,TTRE4710_t1,423,protein_coding,,Trichuris trichiura (PRJEB535),protein_coding,trtricprjeb535
TTRE5330,TTRE5330_t1,203,protein_coding,,Trichuris trichiura (PRJEB535),protein_coding,trtricprjeb535
TTRE5207,TTRE5207_t1,404,protein_coding,FCH and SH3 1 domain containing protein  [Source:UniProtKB/TrEMBL;Acc:A0A077YYP8],Trichuris trichiura (PRJEB535),protein_coding,trtricprjeb535
TTRE10976,TTRE10976_t1,354,protein_coding,,Trichuris trichiura (PRJEB535),protein_coding,trtricprjeb535
TTRE11386,TTRE11386_t1,1271,protein_coding,,Trichuris trichiura (PRJEB535),protein_coding,trtricprjeb535
TTRE12257,TTRE12257_t1,257,protein_coding,,Trichuris trichiura (PRJEB535),protein_coding,trtricprjeb535
TTRE386,TTRE386_t1,119,protein_coding,,Trichuris trichiura (PRJEB535),protein_coding,trtricprjeb535
TTRE4714,TTRE4714_t1,210,protein_coding,,Trichuris trichiura (PRJEB535),protein_coding,trtricprjeb535
TTRE2343,TTRE2343_t1,212,protein_coding,,Trichuris trichiura (PRJEB535),protein_coding,trtricprjeb535
TTRE11494,TTRE11494_t1,1781,protein_coding,,Trichuris trichiura (PRJEB535),protein_coding,trtricprjeb535
TTRE10734,TTRE10734_t1,700,protein_coding,,Trichuris trichiura (PRJEB535),protein_coding,trtricprjeb535
TTRE1465,TTRE1465_t1,774,protein_coding,,Trichuris trichiura (PRJEB535),protein_coding,trtricprjeb535
TTRE7643,TTRE7643_t1,308,protein_coding,,Trichuris trichiura (PRJEB535),protein_coding,trtricprjeb535
TTRE2025,TTRE2025_t1,505,protein_coding,,Trichuris trichiura (PRJEB535),protein_coding,trtricprjeb535
TTRE12357,TTRE12357_t1,347,protein_coding,,Trichuris trichiura (PRJEB535),protein_coding,trtricprjeb535
TTRE1410,TTRE1410_t1,569,protein_coding,Probable RNA-binding protein EIF1AD  [Source:UniProtKB/TrEMBL;Acc:A0A077ZHZ8],Trichuris trichiura (PRJEB535),protein_coding,trtricprjeb535
TTRE5090,TTRE5090_t1,284,protein_coding,,Trichuris trichiura (PRJEB535),protein_coding,trtricprjeb535
TTRE10607,TTRE10607_t1,265,protein_coding,,Trichuris trichiura (PRJEB535),protein_coding,trtricprjeb535
TTRE7030,TTRE7030_t1,132,protein_coding,,Trichuris trichiura (PRJEB535),protein_coding,trtricprjeb535
TTRE11677,TTRE11677_t1,596,protein_coding,,Trichuris trichiura (PRJEB535),protein_coding,trtricprjeb535
TTRE744,TTRE744_t1,702,protein_coding,Structure-specific endonuclease subunit SLX4  [Source:UniProtKB/TrEMBL;Acc:A0A077ZHM4],Trichuris trichiura (PRJEB535),protein_coding,trtricprjeb535
TTRE6200,TTRE6200_t1,319,protein_coding,,Trichuris trichiura (PRJEB535),protein_coding,trtricprjeb535
TTRE12402,TTRE12402_t1,248,protein_coding,,Trichuris trichiura (PRJEB535),protein_coding,trtricprjeb535
TTRE9372,TTRE9372_t1,227,protein_coding,,Trichuris trichiura (PRJEB535),protein_coding,trtricprjeb535
TTRE5440,TTRE5440_t1,440,protein_coding,General transcription factor 3C polypeptide 2  [Source:UniProtKB/TrEMBL;Acc:A0A077Z251],Trichuris trichiura (PRJEB535),protein_coding,trtricprjeb535
TTRE10966,TTRE10966_t1,116,protein_coding,,Trichuris trichiura (PRJEB535),protein_coding,trtricprjeb535
TTRE11455,TTRE11455_t1,141,protein_coding,,Trichuris trichiura (PRJEB535),protein_coding,trtricprjeb535
TTRE3523,TTRE3523_t1,317,protein_coding,,Trichuris trichiura (PRJEB535),protein_coding,trtricprjeb535
TTRE6212,TTRE6212_t1,1019,protein_coding,LBP BPI CETP C and LBP BPI CETP domain containing protein  [Source:UniProtKB/TrEMBL;Acc:A0A077Z5F9],Trichuris trichiura (PRJEB535),protein_coding,trtricprjeb535
TTRE10793,TTRE10793_t1,311,protein_coding,,Trichuris trichiura (PRJEB535),protein_coding,trtricprjeb535
TTRE5015,TTRE5015_t1,325,protein_coding,,Trichuris trichiura (PRJEB535),protein_coding,trtricprjeb535
TTRE8653,TTRE8653_t1,296,protein_coding,,Trichuris trichiura (PRJEB535),protein_coding,trtricprjeb535
TTRE10618,TTRE10618_t1,460,protein_coding,,Trichuris trichiura (PRJEB535),protein_coding,trtricprjeb535
TTRE6644,TTRE6644_t1,335,protein_coding,Dolichyl-diphosphooligosaccharide--protein glycosyltransferase subunit DAD1  [Source:UniProtKB/TrEMBL;Acc:A0A077Z740],Trichuris trichiura (PRJEB535),protein_coding,trtricprjeb535
TTRE1139,TTRE1139_t1,1368,protein_coding,KH 1 domain containing protein  [Source:UniProtKB/TrEMBL;Acc:A0A077ZGV0],Trichuris trichiura (PRJEB535),protein_coding,trtricprjeb535
TTRE12445,TTRE12445_t1,1112,protein_coding,,Trichuris trichiura (PRJEB535),protein_coding,trtricprjeb535
TTRE5580,TTRE5580_t1,263,protein_coding,,Trichuris trichiura (PRJEB535),protein_coding,trtricprjeb535
TTRE3626,TTRE3626_t1,1796,protein_coding,,Trichuris trichiura (PRJEB535),protein_coding,trtricprjeb535
TTRE11814,TTRE11814_t1,290,protein_coding,Dynein light chain  [Source:UniProtKB/TrEMBL;Acc:A0A077Z468],Trichuris trichiura (PRJEB535),protein_coding,trtricprjeb535
TTRE8206,TTRE8206_t1,713,protein_coding,Sec20 domain containing protein  [Source:UniProtKB/TrEMBL;Acc:A0A077Z4T2],Trichuris trichiura (PRJEB535),protein_coding,trtricprjeb535
TTRE6839,TTRE6839_t1,677,protein_coding,,Trichuris trichiura (PRJEB535),protein_coding,trtricprjeb535
TTRE1725,TTRE1725_t1,257,protein_coding,,Trichuris trichiura (PRJEB535),protein_coding,trtricprjeb535
TTRE10849,TTRE10849_t1,212,protein_coding,,Trichuris trichiura (PRJEB535),protein_coding,trtricprjeb535
TTRE5455,TTRE5455_t1,331,protein_coding,,Trichuris trichiura (PRJEB535),protein_coding,trtricprjeb535
TTRE3392,TTRE3392_t1,180,protein_coding,,Trichuris trichiura (PRJEB535),protein_coding,trtricprjeb535
TTRE10784,TTRE10784_t1,614,protein_coding,,Trichuris trichiura (PRJEB535),protein_coding,trtricprjeb535
TTRE6863,TTRE6863_t1,513,protein_coding,,Trichuris trichiura (PRJEB535),protein_coding,trtricprjeb535
TTRE9575,TTRE9575_t1,328,protein_coding,,Trichuris trichiura (PRJEB535),protein_coding,trtricprjeb535
TTRE7251,TTRE7251_t1,387,protein_coding,,Trichuris trichiura (PRJEB535),protein_coding,trtricprjeb535
TTRE4135,TTRE4135_t1,258,protein_coding,,Trichuris trichiura (PRJEB535),protein_coding,trtricprjeb535
TTRE3340,TTRE3340_t1,233,protein_coding,,Trichuris trichiura (PRJEB535),protein_coding,trtricprjeb535
TTRE4397,TTRE4397_t1,225,protein_coding,Proteasome subunit alpha type  [Source:UniProtKB/TrEMBL;Acc:A0A077ZAK6],Trichuris trichiura (PRJEB535),protein_coding,trtricprjeb535
TTRE11281,TTRE11281_t1,148,protein_coding,,Trichuris trichiura (PRJEB535),protein_coding,trtricprjeb535
TTRE11432,TTRE11432_t1,407,protein_coding,Thioredoxin-like protein  [Source:UniProtKB/TrEMBL;Acc:A0A077Z017],Trichuris trichiura (PRJEB535),protein_coding,trtricprjeb535
TTRE514,TTRE514_t1,612,protein_coding,,Trichuris trichiura (PRJEB535),protein_coding,trtricprjeb535
TTRE1247,TTRE1247_t1,1652,protein_coding,LBP  [Source:UniProtKB/TrEMBL;Acc:A0A077Z0L0],Trichuris trichiura (PRJEB535),protein_coding,trtricprjeb535
TTRE4817,TTRE4817_t1,118,protein_coding,,Trichuris trichiura (PRJEB535),protein_coding,trtricprjeb535
TTRE1304,TTRE1304_t1,446,protein_coding,,Trichuris trichiura (PRJEB535),protein_coding,trtricprjeb535
TTRE4742,TTRE4742_t1,400,protein_coding,,Trichuris trichiura (PRJEB535),protein_coding,trtricprjeb535
TTRE7314,TTRE7314_t1,257,protein_coding,,Trichuris trichiura (PRJEB535),protein_coding,trtricprjeb535
TTRE5686,TTRE5686_t1,547,protein_coding,Mito carr domain containing protein  [Source:UniProtKB/TrEMBL;Acc:A0A077Z3W8],Trichuris trichiura (PRJEB535),protein_coding,trtricprjeb535
TTRE1567,TTRE1567_t1,1712,protein_coding,LBP  [Source:UniProtKB/TrEMBL;Acc:A0A077ZJA1],Trichuris trichiura (PRJEB535),protein_coding,trtricprjeb535
TTRE4833,TTRE4833_t1,1073,protein_coding,,Trichuris trichiura (PRJEB535),protein_coding,trtricprjeb535
TTRE5872,TTRE5872_t1,322,protein_coding,,Trichuris trichiura (PRJEB535),protein_coding,trtricprjeb535
TTRE6414,TTRE6414_t1,154,protein_coding,,Trichuris trichiura (PRJEB535),protein_coding,trtricprjeb535
TTRE7225,TTRE7225_t1,788,protein_coding,,Trichuris trichiura (PRJEB535),protein_coding,trtricprjeb535
TTRE1198,TTRE1198_t1,197,protein_coding,,Trichuris trichiura (PRJEB535),protein_coding,trtricprjeb535
TTRE6857,TTRE6857_t1,864,protein_coding,,Trichuris trichiura (PRJEB535),protein_coding,trtricprjeb535
TTRE617,TTRE617_t1,213,protein_coding,,Trichuris trichiura (PRJEB535),protein_coding,trtricprjeb535
TTRE4640,TTRE4640_t1,647,protein_coding,,Trichuris trichiura (PRJEB535),protein_coding,trtricprjeb535
TTRE9194,TTRE9194_t1,740,protein_coding,Translation initiation factor 4E  [Source:UniProtKB/TrEMBL;Acc:A0A077YZ41],Trichuris trichiura (PRJEB535),protein_coding,trtricprjeb535
TTRE1207,TTRE1207_t1,245,protein_coding,,Trichuris trichiura (PRJEB535),protein_coding,trtricprjeb535
TTRE12602,TTRE12602_t1,116,protein_coding,,Trichuris trichiura (PRJEB535),protein_coding,trtricprjeb535
TTRE7553,TTRE7553_t1,529,protein_coding,,Trichuris trichiura (PRJEB535),protein_coding,trtricprjeb535
TTRE5672,TTRE5672_t1,1128,protein_coding,,Trichuris trichiura (PRJEB535),protein_coding,trtricprjeb535
TTRE9493,TTRE9493_t1,860,protein_coding,,Trichuris trichiura (PRJEB535),protein_coding,trtricprjeb535
TTRE4639,TTRE4639_t1,1221,protein_coding,dual-specificity kinase  [Source:UniProtKB/TrEMBL;Acc:A0A077Z0P9],Trichuris trichiura (PRJEB535),protein_coding,trtricprjeb535
TTRE830,TTRE830_t1,1237,protein_coding,,Trichuris trichiura (PRJEB535),protein_coding,trtricprjeb535
TTRE8300,TTRE8300_t1,815,protein_coding,,Trichuris trichiura (PRJEB535),protein_coding,trtricprjeb535
TTRE10674,TTRE10674_t1,291,protein_coding,,Trichuris trichiura (PRJEB535),protein_coding,trtricprjeb535
TTRE3264,TTRE3264_t1,221,protein_coding,,Trichuris trichiura (PRJEB535),protein_coding,trtricprjeb535
TTRE7262,TTRE7262_t1,349,protein_coding,,Trichuris trichiura (PRJEB535),protein_coding,trtricprjeb535
TTRE6780,TTRE6780_t1,507,protein_coding,,Trichuris trichiura (PRJEB535),protein_coding,trtricprjeb535
TTRE8861,TTRE8861_t1,1340,protein_coding,,Trichuris trichiura (PRJEB535),protein_coding,trtricprjeb535
TTRE4326,TTRE4326_t1,247,protein_coding,,Trichuris trichiura (PRJEB535),protein_coding,trtricprjeb535
TTRE3156,TTRE3156_t1,221,protein_coding,,Trichuris trichiura (PRJEB535),protein_coding,trtricprjeb535
TTRE10430,TTRE10430_t1,362,protein_coding,,Trichuris trichiura (PRJEB535),protein_coding,trtricprjeb535
TTRE1629,TTRE1629_t1,737,protein_coding,Eukaryotic translation initiation factor 6  [Source:UniProtKB/TrEMBL;Acc:A0A077Z2N0],Trichuris trichiura (PRJEB535),protein_coding,trtricprjeb535
TTRE9188,TTRE9188_t1,239,protein_coding,,Trichuris trichiura (PRJEB535),protein_coding,trtricprjeb535
TTRE5147,TTRE5147_t1,152,protein_coding,,Trichuris trichiura (PRJEB535),protein_coding,trtricprjeb535
TTRE10646,TTRE10646_t1,917,protein_coding,,Trichuris trichiura (PRJEB535),protein_coding,trtricprjeb535
TTRE8607,TTRE8607_t1,603,protein_coding,Octanoyltransferase  [Source:UniProtKB/TrEMBL;Acc:A0A077YZ12],Trichuris trichiura (PRJEB535),protein_coding,trtricprjeb535
TTRE12499,TTRE12499_t1,407,protein_coding,,Trichuris trichiura (PRJEB535),protein_coding,trtricprjeb535
TTRE1576,TTRE1576_t1,494,protein_coding,,Trichuris trichiura (PRJEB535),protein_coding,trtricprjeb535
TTRE6941,TTRE6941_t1,611,protein_coding,,Trichuris trichiura (PRJEB535),protein_coding,trtricprjeb535
TTRE11845,TTRE11845_t1,326,protein_coding,,Trichuris trichiura (PRJEB535),protein_coding,trtricprjeb535
TTRE10599,TTRE10599_t1,2984,protein_coding,,Trichuris trichiura (PRJEB535),protein_coding,trtricprjeb535
TTRE7875,TTRE7875_t1,867,protein_coding,,Trichuris trichiura (PRJEB535),protein_coding,trtricprjeb535
TTRE9107,TTRE9107_t1,566,protein_coding,,Trichuris trichiura (PRJEB535),protein_coding,trtricprjeb535
TTRE5740,TTRE5740_t1,330,protein_coding,Nucleolar complex protein 3 homolog  [Source:UniProtKB/TrEMBL;Acc:A0A077ZIA1],Trichuris trichiura (PRJEB535),protein_coding,trtricprjeb535
TTRE6496,TTRE6496_t1,269,protein_coding,,Trichuris trichiura (PRJEB535),protein_coding,trtricprjeb535
TTRE11023,TTRE11023_t1,227,protein_coding,,Trichuris trichiura (PRJEB535),protein_coding,trtricprjeb535
TTRE8454,TTRE8454_t1,168,protein_coding,,Trichuris trichiura (PRJEB535),protein_coding,trtricprjeb535
TTRE4647,TTRE4647_t1,785,protein_coding,,Trichuris trichiura (PRJEB535),protein_coding,trtricprjeb535
TTRE11836,TTRE11836_t1,176,protein_coding,,Trichuris trichiura (PRJEB535),protein_coding,trtricprjeb535
TTRE6409,TTRE6409_t1,141,protein_coding,Vacuolar-sorting protein SNF8  [Source:UniProtKB/TrEMBL;Acc:A0A077ZBK9],Trichuris trichiura (PRJEB535),protein_coding,trtricprjeb535
TTRE12174,TTRE12174_t1,248,protein_coding,,Trichuris trichiura (PRJEB535),protein_coding,trtricprjeb535
TTRE10902,TTRE10902_t1,141,protein_coding,,Trichuris trichiura (PRJEB535),protein_coding,trtricprjeb535
TTRE12289,TTRE12289_t1,470,protein_coding,ferroxidase  [Source:UniProtKB/TrEMBL;Acc:A0A077YZF6],Trichuris trichiura (PRJEB535),protein_coding,trtricprjeb535
TTRE8579,TTRE8579_t1,1814,protein_coding,,Trichuris trichiura (PRJEB535),protein_coding,trtricprjeb535
TTRE7457,TTRE7457_t1,563,protein_coding,Gag pol polyprotein  [Source:UniProtKB/TrEMBL;Acc:A0A077Z5I2],Trichuris trichiura (PRJEB535),protein_coding,trtricprjeb535
TTRE5342,TTRE5342_t1,219,protein_coding,,Trichuris trichiura (PRJEB535),protein_coding,trtricprjeb535
TTRE9354,TTRE9354_t1,254,protein_coding,,Trichuris trichiura (PRJEB535),protein_coding,trtricprjeb535
TTRE1343,TTRE1343_t1,1301,protein_coding,Forkhead box protein O  [Source:UniProtKB/TrEMBL;Acc:A0A077ZAS8],Trichuris trichiura (PRJEB535),protein_coding,trtricprjeb535
TTRE12417,TTRE12417_t1,148,protein_coding,Vacuolar ATP synthase subunit H  [Source:UniProtKB/TrEMBL;Acc:A0A077ZAB5],Trichuris trichiura (PRJEB535),protein_coding,trtricprjeb535
TTRE7132,TTRE7132_t1,2699,protein_coding,,Trichuris trichiura (PRJEB535),protein_coding,trtricprjeb535
TTRE10742,TTRE10742_t1,359,protein_coding,,Trichuris trichiura (PRJEB535),protein_coding,trtricprjeb535
TTRE6203,TTRE6203_t1,1271,protein_coding,Cleavage stimulation factor 50 kDa subunit  [Source:UniProtKB/TrEMBL;Acc:A0A077ZAG2],Trichuris trichiura (PRJEB535),protein_coding,trtricprjeb535
TTRE9696,TTRE9696_t1,331,protein_coding,,Trichuris trichiura (PRJEB535),protein_coding,trtricprjeb535
TTRE10643,TTRE10643_t1,190,protein_coding,,Trichuris trichiura (PRJEB535),protein_coding,trtricprjeb535
TTRE2261,TTRE2261_t1,631,protein_coding,,Trichuris trichiura (PRJEB535),protein_coding,trtricprjeb535
TTRE10988,TTRE10988_t1,137,protein_coding,,Trichuris trichiura (PRJEB535),protein_coding,trtricprjeb535
TTRE6692,TTRE6692_t1,205,protein_coding,,Trichuris trichiura (PRJEB535),protein_coding,trtricprjeb535
TTRE2289,TTRE2289_t1,1979,protein_coding,RING finger protein nhl 1  [Source:UniProtKB/TrEMBL;Acc:A0A077ZCI2],Trichuris trichiura (PRJEB535),protein_coding,trtricprjeb535
TTRE3633,TTRE3633_t1,323,protein_coding,,Trichuris trichiura (PRJEB535),protein_coding,trtricprjeb535
TTRE10565,TTRE10565_t1,452,protein_coding,,Trichuris trichiura (PRJEB535),protein_coding,trtricprjeb535
TTRE1644,TTRE1644_t1,965,protein_coding,Y phosphatase domain containing protein  [Source:UniProtKB/TrEMBL;Acc:A0A077Z1H9],Trichuris trichiura (PRJEB535),protein_coding,trtricprjeb535
TTRE3089,TTRE3089_t1,298,protein_coding,,Trichuris trichiura (PRJEB535),protein_coding,trtricprjeb535
TTRE12422,TTRE12422_t1,217,protein_coding,,Trichuris trichiura (PRJEB535),protein_coding,trtricprjeb535
TTRE12014,TTRE12014_t1,356,protein_coding,,Trichuris trichiura (PRJEB535),protein_coding,trtricprjeb535
TTRE11575,TTRE11575_t1,833,protein_coding,,Trichuris trichiura (PRJEB535),protein_coding,trtricprjeb535
TTRE10184,TTRE10184_t1,214,protein_coding,,Trichuris trichiura (PRJEB535),protein_coding,trtricprjeb535
TTRE1599,TTRE1599_t1,197,protein_coding,,Trichuris trichiura (PRJEB535),protein_coding,trtricprjeb535
TTRE9322,TTRE9322_t1,716,protein_coding,,Trichuris trichiura (PRJEB535),protein_coding,trtricprjeb535
TTRE10063,TTRE10063_t1,518,protein_coding,,Trichuris trichiura (PRJEB535),protein_coding,trtricprjeb535
TTRE6179,TTRE6179_t1,182,protein_coding,,Trichuris trichiura (PRJEB535),protein_coding,trtricprjeb535
TTRE9186,TTRE9186_t1,432,protein_coding,,Trichuris trichiura (PRJEB535),protein_coding,trtricprjeb535
TTRE4072,TTRE4072_t1,127,protein_coding,40S ribosomal protein S21  [Source:UniProtKB/TrEMBL;Acc:A0A077ZE43],Trichuris trichiura (PRJEB535),protein_coding,trtricprjeb535
TTRE8368,TTRE8368_t1,518,protein_coding,,Trichuris trichiura (PRJEB535),protein_coding,trtricprjeb535
TTRE563,TTRE563_t1,146,protein_coding,,Trichuris trichiura (PRJEB535),protein_coding,trtricprjeb535
TTRE4935,TTRE4935_t1,407,protein_coding,Bromodomain domain containing protein  [Source:UniProtKB/TrEMBL;Acc:A0A077ZBQ9],Trichuris trichiura (PRJEB535),protein_coding,trtricprjeb535
TTRE6016,TTRE6016_t1,392,protein_coding,,Trichuris trichiura (PRJEB535),protein_coding,trtricprjeb535
TTRE3327,TTRE3327_t1,116,protein_coding,,Trichuris trichiura (PRJEB535),protein_coding,trtricprjeb535
TTRE4016,TTRE4016_t1,721,protein_coding,,Trichuris trichiura (PRJEB535),protein_coding,trtricprjeb535
TTRE183,TTRE183_t1,509,protein_coding,,Trichuris trichiura (PRJEB535),protein_coding,trtricprjeb535
TTRE11838,TTRE11838_t1,167,protein_coding,,Trichuris trichiura (PRJEB535),protein_coding,trtricprjeb535
TTRE314,TTRE314_t1,1064,protein_coding,,Trichuris trichiura (PRJEB535),protein_coding,trtricprjeb535
TTRE4584,TTRE4584_t1,180,protein_coding,,Trichuris trichiura (PRJEB535),protein_coding,trtricprjeb535
TTRE1555,TTRE1555_t1,235,protein_coding,Ribosome biogenesis protein BOP1  [Source:UniProtKB/TrEMBL;Acc:A0A077YVZ3],Trichuris trichiura (PRJEB535),protein_coding,trtricprjeb535
TTRE4368,TTRE4368_t1,553,protein_coding,,Trichuris trichiura (PRJEB535),protein_coding,trtricprjeb535
TTRE7436,TTRE7436_t1,292,protein_coding,,Trichuris trichiura (PRJEB535),protein_coding,trtricprjeb535
TTRE6737,TTRE6737_t1,165,protein_coding,,Trichuris trichiura (PRJEB535),protein_coding,trtricprjeb535
TTRE9143,TTRE9143_t1,2714,protein_coding,Catenin alpha  [Source:UniProtKB/TrEMBL;Acc:A0A077Z7Z2],Trichuris trichiura (PRJEB535),protein_coding,trtricprjeb535
TTRE9310,TTRE9310_t1,287,protein_coding,,Trichuris trichiura (PRJEB535),protein_coding,trtricprjeb535
TTRE2700,TTRE2700_t1,427,protein_coding,Protein cereblon  [Source:UniProtKB/TrEMBL;Acc:A0A077YYF0],Trichuris trichiura (PRJEB535),protein_coding,trtricprjeb535
TTRE7017,TTRE7017_t1,135,protein_coding,,Trichuris trichiura (PRJEB535),protein_coding,trtricprjeb535
TTRE6191,TTRE6191_t1,155,protein_coding,Nbl1_Borealin_N domain-containing protein  [Source:UniProtKB/TrEMBL;Acc:A0A077Z7V1],Trichuris trichiura (PRJEB535),protein_coding,trtricprjeb535
TTRE7861,TTRE7861_t1,2426,protein_coding,Nsp7 replicase family protein  [Source:UniProtKB/TrEMBL;Acc:A0A077Z6T5],Trichuris trichiura (PRJEB535),protein_coding,trtricprjeb535
TTRE6221,TTRE6221_t1,299,protein_coding,"Molybdopterin converting factor, subunits 1:2  [Source:UniProtKB/TrEMBL;Acc:A0A077Z4X3]",Trichuris trichiura (PRJEB535),protein_coding,trtricprjeb535
TTRE547,TTRE547_t2,191,protein_coding,,Trichuris trichiura (PRJEB535),protein_coding,trtricprjeb535
TTRE12634,TTRE12634_t1,1098,protein_coding,,Trichuris trichiura (PRJEB535),protein_coding,trtricprjeb535
TTRE4254,TTRE4254_t1,144,protein_coding,proteasome endopeptidase complex  [Source:UniProtKB/TrEMBL;Acc:A0A077Z059],Trichuris trichiura (PRJEB535),protein_coding,trtricprjeb535
TTRE5652,TTRE5652_t1,333,protein_coding,ELMO CED12 domain containing protein  [Source:UniProtKB/TrEMBL;Acc:A0A077YXW2],Trichuris trichiura (PRJEB535),protein_coding,trtricprjeb535
TTRE12538,TTRE12538_t1,152,protein_coding,,Trichuris trichiura (PRJEB535),protein_coding,trtricprjeb535
TTRE9724,TTRE9724_t1,763,protein_coding,,Trichuris trichiura (PRJEB535),protein_coding,trtricprjeb535
TTRE11702,TTRE11702_t1,428,protein_coding,DNA polymerase sigma  [Source:UniProtKB/TrEMBL;Acc:A0A077ZGL3],Trichuris trichiura (PRJEB535),protein_coding,trtricprjeb535
TTRE9282,TTRE9282_t1,353,protein_coding,,Trichuris trichiura (PRJEB535),protein_coding,trtricprjeb535
TTRE7602,TTRE7602_t1,744,protein_coding,,Trichuris trichiura (PRJEB535),protein_coding,trtricprjeb535
TTRE5945,TTRE5945_t1,459,protein_coding,,Trichuris trichiura (PRJEB535),protein_coding,trtricprjeb535
TTRE7832,TTRE7832_t1,288,protein_coding,,Trichuris trichiura (PRJEB535),protein_coding,trtricprjeb535
TTRE7447,TTRE7447_t1,806,protein_coding,,Trichuris trichiura (PRJEB535),protein_coding,trtricprjeb535
TTRE7520,TTRE7520_t1,324,protein_coding,,Trichuris trichiura (PRJEB535),protein_coding,trtricprjeb535
TTRE10788,TTRE10788_t1,2442,protein_coding,,Trichuris trichiura (PRJEB535),protein_coding,trtricprjeb535
TTRE12594,TTRE12594_t1,1449,protein_coding,,Trichuris trichiura (PRJEB535),protein_coding,trtricprjeb535
TTRE10960,TTRE10960_t1,1154,protein_coding,,Trichuris trichiura (PRJEB535),protein_coding,trtricprjeb535
TTRE1197,TTRE1197_t1,911,protein_coding,,Trichuris trichiura (PRJEB535),protein_coding,trtricprjeb535
TTRE11727,TTRE11727_t1,524,protein_coding,,Trichuris trichiura (PRJEB535),protein_coding,trtricprjeb535
TTRE2324,TTRE2324_t1,337,protein_coding,,Trichuris trichiura (PRJEB535),protein_coding,trtricprjeb535
TTRE9642,TTRE9642_t1,1991,protein_coding,DUF1759 and DUF1758 domain containing protein  [Source:UniProtKB/TrEMBL;Acc:A0A077ZMB1],Trichuris trichiura (PRJEB535),protein_coding,trtricprjeb535
TTRE3481,TTRE3481_t1,242,protein_coding,alanine transaminase  [Source:UniProtKB/TrEMBL;Acc:A0A077ZCV8],Trichuris trichiura (PRJEB535),protein_coding,trtricprjeb535
TTRE8216,TTRE8216_t1,199,protein_coding,,Trichuris trichiura (PRJEB535),protein_coding,trtricprjeb535
TTRE2984,TTRE2984_t1,182,protein_coding,,Trichuris trichiura (PRJEB535),protein_coding,trtricprjeb535
TTRE1239,TTRE1239_t1,192,protein_coding,,Trichuris trichiura (PRJEB535),protein_coding,trtricprjeb535
TTRE3255,TTRE3255_t1,180,protein_coding,Ras protein Rab 2  [Source:UniProtKB/TrEMBL;Acc:A0A077Z693],Trichuris trichiura (PRJEB535),protein_coding,trtricprjeb535
TTRE7794,TTRE7794_t1,3292,protein_coding,,Trichuris trichiura (PRJEB535),protein_coding,trtricprjeb535
TTRE2752,TTRE2752_t1,950,protein_coding,Y phosphatase domain containing protein  [Source:UniProtKB/TrEMBL;Acc:A0A077Z783],Trichuris trichiura (PRJEB535),protein_coding,trtricprjeb535
TTRE6462,TTRE6462_t1,452,protein_coding,,Trichuris trichiura (PRJEB535),protein_coding,trtricprjeb535
TTRE7746,TTRE7746_t1,390,protein_coding,,Trichuris trichiura (PRJEB535),protein_coding,trtricprjeb535
TTRE3920,TTRE3920_t1,257,protein_coding,Mediator of RNA polymerase II transcription subun it 27  [Source:UniProtKB/TrEMBL;Acc:A0A077Z7S4],Trichuris trichiura (PRJEB535),protein_coding,trtricprjeb535
TTRE5900,TTRE5900_t1,383,protein_coding,,Trichuris trichiura (PRJEB535),protein_coding,trtricprjeb535
TTRE2032,TTRE2032_t1,164,protein_coding,Unconventional prefoldin RPB5 interactor  [Source:UniProtKB/TrEMBL;Acc:A0A077Z1M3],Trichuris trichiura (PRJEB535),protein_coding,trtricprjeb535
TTRE1374,TTRE1374_t1,145,protein_coding,,Trichuris trichiura (PRJEB535),protein_coding,trtricprjeb535
TTRE182,TTRE182_t1,189,protein_coding,VEFS-Box domain containing protein  [Source:UniProtKB/TrEMBL;Acc:A0A077Z3S7],Trichuris trichiura (PRJEB535),protein_coding,trtricprjeb535
TTRE1515,TTRE1515_t1,1073,protein_coding,Ubiquitin associated and SH3  [Source:UniProtKB/TrEMBL;Acc:A0A077ZFQ2],Trichuris trichiura (PRJEB535),protein_coding,trtricprjeb535
TTRE12381,TTRE12381_t1,173,protein_coding,Ribosomal 60s domain containing protein  [Source:UniProtKB/TrEMBL;Acc:A0A077Z0E6],Trichuris trichiura (PRJEB535),protein_coding,trtricprjeb535
TTRE10626,TTRE10626_t1,445,protein_coding,,Trichuris trichiura (PRJEB535),protein_coding,trtricprjeb535
TTRE10020,TTRE10020_t1,236,protein_coding,,Trichuris trichiura (PRJEB535),protein_coding,trtricprjeb535
TTRE12477,TTRE12477_t1,563,protein_coding,,Trichuris trichiura (PRJEB535),protein_coding,trtricprjeb535
TTRE4159,TTRE4159_t1,197,protein_coding,,Trichuris trichiura (PRJEB535),protein_coding,trtricprjeb535
TTRE3075,TTRE3075_t1,1163,protein_coding,Mab-21 domain-containing protein  [Source:UniProtKB/TrEMBL;Acc:A0A077Z0J7],Trichuris trichiura (PRJEB535),protein_coding,trtricprjeb535
TTRE5326,TTRE5326_t1,295,protein_coding,,Trichuris trichiura (PRJEB535),protein_coding,trtricprjeb535
TTRE10493,TTRE10493_t1,707,protein_coding,,Trichuris trichiura (PRJEB535),protein_coding,trtricprjeb535
TTRE3978,TTRE3978_t1,1013,protein_coding,,Trichuris trichiura (PRJEB535),protein_coding,trtricprjeb535
TTRE7427,TTRE7427_t1,461,protein_coding,,Trichuris trichiura (PRJEB535),protein_coding,trtricprjeb535
TTRE8204,TTRE8204_t1,452,protein_coding,Consortin_C domain-containing protein  [Source:UniProtKB/TrEMBL;Acc:A0A077Z4S8],Trichuris trichiura (PRJEB535),protein_coding,trtricprjeb535
TTRE9882,TTRE9882_t1,902,protein_coding,DNA helicase  [Source:UniProtKB/TrEMBL;Acc:A0A077Z370],Trichuris trichiura (PRJEB535),protein_coding,trtricprjeb535
TTRE7904,TTRE7904_t1,406,protein_coding,,Trichuris trichiura (PRJEB535),protein_coding,trtricprjeb535
TTRE3024,TTRE3024_t1,347,protein_coding,,Trichuris trichiura (PRJEB535),protein_coding,trtricprjeb535
TTRE1520,TTRE1520_t1,333,protein_coding,,Trichuris trichiura (PRJEB535),protein_coding,trtricprjeb535
TTRE7243,TTRE7243_t1,326,protein_coding,,Trichuris trichiura (PRJEB535),protein_coding,trtricprjeb535
TTRE21,TTRE21_t1,328,protein_coding,Ribosomal protein mitochondrial putative mitocho ndrial ribosomal protein  [Source:UniProtKB/TrEMBL;Acc:A0A077ZB81],Trichuris trichiura (PRJEB535),protein_coding,trtricprjeb535
TTRE12671,TTRE12671_t1,302,protein_coding,,Trichuris trichiura (PRJEB535),protein_coding,trtricprjeb535
TTRE7943,TTRE7943_t1,299,protein_coding,,Trichuris trichiura (PRJEB535),protein_coding,trtricprjeb535
TTRE11549,TTRE11549_t1,245,protein_coding,,Trichuris trichiura (PRJEB535),protein_coding,trtricprjeb535
TTRE9752,TTRE9752_t1,245,protein_coding,,Trichuris trichiura (PRJEB535),protein_coding,trtricprjeb535
TTRE2396,TTRE2396_t1,155,protein_coding,,Trichuris trichiura (PRJEB535),protein_coding,trtricprjeb535
TTRE8345,TTRE8345_t1,326,protein_coding,GTPaseactivator protein for Ras-like GTPase  [Source:UniProtKB/TrEMBL;Acc:A0A077Z8M7],Trichuris trichiura (PRJEB535),protein_coding,trtricprjeb535
TTRE9294,TTRE9294_t1,142,protein_coding,,Trichuris trichiura (PRJEB535),protein_coding,trtricprjeb535
TTRE9250,TTRE9250_t1,177,protein_coding,,Trichuris trichiura (PRJEB535),protein_coding,trtricprjeb535
TTRE10804,TTRE10804_t1,518,protein_coding,,Trichuris trichiura (PRJEB535),protein_coding,trtricprjeb535
TTRE9593,TTRE9593_t1,352,protein_coding,,Trichuris trichiura (PRJEB535),protein_coding,trtricprjeb535
TTRE3707,TTRE3707_t1,179,protein_coding,,Trichuris trichiura (PRJEB535),protein_coding,trtricprjeb535
TTRE5429,TTRE5429_t1,322,protein_coding,,Trichuris trichiura (PRJEB535),protein_coding,trtricprjeb535
TTRE9610,TTRE9610_t1,5129,protein_coding,,Trichuris trichiura (PRJEB535),protein_coding,trtricprjeb535
TTRE9049,TTRE9049_t1,314,protein_coding,,Trichuris trichiura (PRJEB535),protein_coding,trtricprjeb535
TTRE12438,TTRE12438_t1,1556,protein_coding,,Trichuris trichiura (PRJEB535),protein_coding,trtricprjeb535
TTRE7995,TTRE7995_t1,1328,protein_coding,,Trichuris trichiura (PRJEB535),protein_coding,trtricprjeb535
TTRE10786,TTRE10786_t1,356,protein_coding,,Trichuris trichiura (PRJEB535),protein_coding,trtricprjeb535
TTRE9486,TTRE9486_t1,221,protein_coding,,Trichuris trichiura (PRJEB535),protein_coding,trtricprjeb535
TTRE10466,TTRE10466_t1,650,protein_coding,,Trichuris trichiura (PRJEB535),protein_coding,trtricprjeb535
TTRE2489,TTRE2489_t1,371,protein_coding,,Trichuris trichiura (PRJEB535),protein_coding,trtricprjeb535
TTRE3021,TTRE3021_t1,364,protein_coding,,Trichuris trichiura (PRJEB535),protein_coding,trtricprjeb535
TTRE211,TTRE211_t1,1154,protein_coding,,Trichuris trichiura (PRJEB535),protein_coding,trtricprjeb535
TTRE2098,TTRE2098_t1,458,protein_coding,,Trichuris trichiura (PRJEB535),protein_coding,trtricprjeb535
TTRE6023,TTRE6023_t1,342,protein_coding,,Trichuris trichiura (PRJEB535),protein_coding,trtricprjeb535
TTRE9756,TTRE9756_t1,203,protein_coding,,Trichuris trichiura (PRJEB535),protein_coding,trtricprjeb535
TTRE5548,TTRE5548_t1,278,protein_coding,,Trichuris trichiura (PRJEB535),protein_coding,trtricprjeb535
TTRE7982,TTRE7982_t1,280,protein_coding,,Trichuris trichiura (PRJEB535),protein_coding,trtricprjeb535
TTRE676,TTRE676_t1,1053,protein_coding,,Trichuris trichiura (PRJEB535),protein_coding,trtricprjeb535
TTRE5792,TTRE5792_t1,692,protein_coding,Tetraspannin domain containing protein  [Source:UniProtKB/TrEMBL;Acc:A0A077Z9Z4],Trichuris trichiura (PRJEB535),protein_coding,trtricprjeb535
TTRE3908,TTRE3908_t1,159,protein_coding,,Trichuris trichiura (PRJEB535),protein_coding,trtricprjeb535
TTRE1202,TTRE1202_t1,175,protein_coding,,Trichuris trichiura (PRJEB535),protein_coding,trtricprjeb535
TTRE1071,TTRE1071_t1,714,protein_coding,,Trichuris trichiura (PRJEB535),protein_coding,trtricprjeb535
TTRE11372,TTRE11372_t1,316,protein_coding,5'-deoxynucleotidase HDDC2  [Source:UniProtKB/TrEMBL;Acc:A0A077Z9V5],Trichuris trichiura (PRJEB535),protein_coding,trtricprjeb535
TTRE557,TTRE557_t1,185,protein_coding,Mitochondrial thiamine pyrophosphate carrier  [Source:UniProtKB/TrEMBL;Acc:A0A077ZI60],Trichuris trichiura (PRJEB535),protein_coding,trtricprjeb535
TTRE3520,TTRE3520_t1,262,protein_coding,,Trichuris trichiura (PRJEB535),protein_coding,trtricprjeb535
TTRE7710,TTRE7710_t1,781,protein_coding,,Trichuris trichiura (PRJEB535),protein_coding,trtricprjeb535
TTRE4040,TTRE4040_t1,785,protein_coding,Serpin domain containing protein  [Source:UniProtKB/TrEMBL;Acc:A0A077ZLD1],Trichuris trichiura (PRJEB535),protein_coding,trtricprjeb535
TTRE9170,TTRE9170_t1,518,protein_coding,,Trichuris trichiura (PRJEB535),protein_coding,trtricprjeb535
TTRE3284,TTRE3284_t1,363,protein_coding,Vacuolar protein sorting-associated protein 35  [Source:UniProtKB/TrEMBL;Acc:A0A077ZCT5],Trichuris trichiura (PRJEB535),protein_coding,trtricprjeb535
TTRE969,TTRE969_t1,339,protein_coding,Protein phosphatase 2C  [Source:UniProtKB/TrEMBL;Acc:A0A077ZBJ3],Trichuris trichiura (PRJEB535),protein_coding,trtricprjeb535
TTRE9172,TTRE9172_t1,205,protein_coding,,Trichuris trichiura (PRJEB535),protein_coding,trtricprjeb535
TTRE540,TTRE540_t1,377,protein_coding,,Trichuris trichiura (PRJEB535),protein_coding,trtricprjeb535
TTRE3828,TTRE3828_t1,285,protein_coding,,Trichuris trichiura (PRJEB535),protein_coding,trtricprjeb535
TTRE9260,TTRE9260_t1,290,protein_coding,,Trichuris trichiura (PRJEB535),protein_coding,trtricprjeb535
TTRE11427,TTRE11427_t1,406,protein_coding,,Trichuris trichiura (PRJEB535),protein_coding,trtricprjeb535
TTRE6664,TTRE6664_t1,254,protein_coding,Ubiquitin conjugating enzyme E2 1  [Source:UniProtKB/TrEMBL;Acc:A0A077ZK61],Trichuris trichiura (PRJEB535),protein_coding,trtricprjeb535
TTRE7456,TTRE7456_t1,689,protein_coding,,Trichuris trichiura (PRJEB535),protein_coding,trtricprjeb535
TTRE7894,TTRE7894_t1,108,protein_coding,"DNA-directed RNA polymerases I, II, and III subunit RPABC5  [Source:UniProtKB/TrEMBL;Acc:A0A077ZKT1]",Trichuris trichiura (PRJEB535),protein_coding,trtricprjeb535
TTRE8917,TTRE8917_t1,614,protein_coding,Protein lin-32  [Source:UniProtKB/TrEMBL;Acc:A0A077Z3V9],Trichuris trichiura (PRJEB535),protein_coding,trtricprjeb535
TTRE2483,TTRE2483_t1,617,protein_coding,,Trichuris trichiura (PRJEB535),protein_coding,trtricprjeb535
TTRE62,TTRE62_t1,491,protein_coding,,Trichuris trichiura (PRJEB535),protein_coding,trtricprjeb535
TTRE7386,TTRE7386_t1,335,protein_coding,,Trichuris trichiura (PRJEB535),protein_coding,trtricprjeb535
TTRE11061,TTRE11061_t1,1205,protein_coding,,Trichuris trichiura (PRJEB535),protein_coding,trtricprjeb535
TTRE1427,TTRE1427_t1,369,protein_coding,,Trichuris trichiura (PRJEB535),protein_coding,trtricprjeb535
TTRE6572,TTRE6572_t1,3504,protein_coding,,Trichuris trichiura (PRJEB535),protein_coding,trtricprjeb535
TTRE11985,TTRE11985_t1,1199,protein_coding,,Trichuris trichiura (PRJEB535),protein_coding,trtricprjeb535
TTRE11192,TTRE11192_t1,446,protein_coding,,Trichuris trichiura (PRJEB535),protein_coding,trtricprjeb535
TTRE8288,TTRE8288_t1,728,protein_coding,,Trichuris trichiura (PRJEB535),protein_coding,trtricprjeb535
TTRE1392,TTRE1392_t1,299,protein_coding,,Trichuris trichiura (PRJEB535),protein_coding,trtricprjeb535
TTRE11263,TTRE11263_t1,203,protein_coding,,Trichuris trichiura (PRJEB535),protein_coding,trtricprjeb535
TTRE4087,TTRE4087_t1,785,protein_coding,Serpin-like protein  [Source:UniProtKB/TrEMBL;Acc:A0A077ZGK8],Trichuris trichiura (PRJEB535),protein_coding,trtricprjeb535
TTRE6976,TTRE6976_t1,370,protein_coding,,Trichuris trichiura (PRJEB535),protein_coding,trtricprjeb535
TTRE8268,TTRE8268_t1,989,protein_coding,Nucleosome assembly protein 1 1  [Source:UniProtKB/TrEMBL;Acc:A0A077YWU6],Trichuris trichiura (PRJEB535),protein_coding,trtricprjeb535
TTRE7192,TTRE7192_t1,596,protein_coding,,Trichuris trichiura (PRJEB535),protein_coding,trtricprjeb535
TTRE3502,TTRE3502_t1,202,protein_coding,,Trichuris trichiura (PRJEB535),protein_coding,trtricprjeb535
TTRE1100,TTRE1100_t1,489,protein_coding,,Trichuris trichiura (PRJEB535),protein_coding,trtricprjeb535
TTRE11608,TTRE11608_t1,1432,protein_coding,,Trichuris trichiura (PRJEB535),protein_coding,trtricprjeb535
TTRE7102,TTRE7102_t1,443,protein_coding,,Trichuris trichiura (PRJEB535),protein_coding,trtricprjeb535
TTRE8853,TTRE8853_t1,166,protein_coding,,Trichuris trichiura (PRJEB535),protein_coding,trtricprjeb535
TTRE5915,TTRE5915_t1,3028,protein_coding,,Trichuris trichiura (PRJEB535),protein_coding,trtricprjeb535
TTRE2368,TTRE2368_t1,377,protein_coding,,Trichuris trichiura (PRJEB535),protein_coding,trtricprjeb535
TTRE5205,TTRE5205_t1,317,protein_coding,Globin  [Source:UniProtKB/TrEMBL;Acc:A0A077Z0R2],Trichuris trichiura (PRJEB535),protein_coding,trtricprjeb535
TTRE2232,TTRE2232_t1,326,protein_coding,,Trichuris trichiura (PRJEB535),protein_coding,trtricprjeb535
TTRE6715,TTRE6715_t1,236,protein_coding,,Trichuris trichiura (PRJEB535),protein_coding,trtricprjeb535
TTRE4887,TTRE4887_t1,259,protein_coding,"Nucleolar protein,Nop52 containing protein  [Source:UniProtKB/TrEMBL;Acc:A0A077ZK67]",Trichuris trichiura (PRJEB535),protein_coding,trtricprjeb535
TTRE3283,TTRE3283_t1,127,protein_coding,,Trichuris trichiura (PRJEB535),protein_coding,trtricprjeb535
TTRE5805,TTRE5805_t1,145,protein_coding,,Trichuris trichiura (PRJEB535),protein_coding,trtricprjeb535
TTRE6231,TTRE6231_t1,395,protein_coding,,Trichuris trichiura (PRJEB535),protein_coding,trtricprjeb535
TTRE9271,TTRE9271_t1,265,protein_coding,,Trichuris trichiura (PRJEB535),protein_coding,trtricprjeb535
TTRE5068,TTRE5068_t1,326,protein_coding,,Trichuris trichiura (PRJEB535),protein_coding,trtricprjeb535
TTRE4420,TTRE4420_t1,203,protein_coding,,Trichuris trichiura (PRJEB535),protein_coding,trtricprjeb535
TTRE4196,TTRE4196_t1,170,protein_coding,,Trichuris trichiura (PRJEB535),protein_coding,trtricprjeb535
TTRE9811,TTRE9811_t1,367,protein_coding,SMEK protein  [Source:UniProtKB/TrEMBL;Acc:A0A077Z0T9],Trichuris trichiura (PRJEB535),protein_coding,trtricprjeb535
TTRE5935,TTRE5935_t1,791,protein_coding,,Trichuris trichiura (PRJEB535),protein_coding,trtricprjeb535
TTRE9035,TTRE9035_t1,536,protein_coding,"Succinate dehydrogenase [ubiquinone] flavoprotein subunit, mitochondrial  [Source:UniProtKB/TrEMBL;Acc:A0A077YWE3]",Trichuris trichiura (PRJEB535),protein_coding,trtricprjeb535
TTRE2123,TTRE2123_t1,823,protein_coding,,Trichuris trichiura (PRJEB535),protein_coding,trtricprjeb535
TTRE3281,TTRE3281_t1,405,protein_coding,,Trichuris trichiura (PRJEB535),protein_coding,trtricprjeb535
TTRE11180,TTRE11180_t1,225,protein_coding,,Trichuris trichiura (PRJEB535),protein_coding,trtricprjeb535
TTRE2154,TTRE2154_t1,1640,protein_coding,Ank 2 domain containing protein  [Source:UniProtKB/TrEMBL;Acc:A0A077Z8I4],Trichuris trichiura (PRJEB535),protein_coding,trtricprjeb535
TTRE3203,TTRE3203_t1,913,protein_coding,DNA mismatch repair protein Mlh1  [Source:UniProtKB/TrEMBL;Acc:A0A077ZC15],Trichuris trichiura (PRJEB535),protein_coding,trtricprjeb535
TTRE1842,TTRE1842_t1,300,protein_coding,Glycerophosphodiester phosphodiesterase  [Source:UniProtKB/TrEMBL;Acc:A0A077Z3H3],Trichuris trichiura (PRJEB535),protein_coding,trtricprjeb535
TTRE4352,TTRE4352_t1,277,protein_coding,,Trichuris trichiura (PRJEB535),protein_coding,trtricprjeb535
TTRE2836,TTRE2836_t1,914,protein_coding,,Trichuris trichiura (PRJEB535),protein_coding,trtricprjeb535
TTRE1770,TTRE1770_t1,963,protein_coding,,Trichuris trichiura (PRJEB535),protein_coding,trtricprjeb535
TTRE8758,TTRE8758_t1,243,protein_coding,,Trichuris trichiura (PRJEB535),protein_coding,trtricprjeb535
TTRE11144,TTRE11144_t1,215,protein_coding,,Trichuris trichiura (PRJEB535),protein_coding,trtricprjeb535
TTRE2192,TTRE2192_t1,589,protein_coding,,Trichuris trichiura (PRJEB535),protein_coding,trtricprjeb535
TTRE4851,TTRE4851_t1,2074,protein_coding,,Trichuris trichiura (PRJEB535),protein_coding,trtricprjeb535
TTRE11032,TTRE11032_t1,596,protein_coding,,Trichuris trichiura (PRJEB535),protein_coding,trtricprjeb535
TTRE9588,TTRE9588_t1,544,protein_coding,,Trichuris trichiura (PRJEB535),protein_coding,trtricprjeb535
TTRE10792,TTRE10792_t1,332,protein_coding,,Trichuris trichiura (PRJEB535),protein_coding,trtricprjeb535
TTRE5534,TTRE5534_t1,320,protein_coding,,Trichuris trichiura (PRJEB535),protein_coding,trtricprjeb535
TTRE10751,TTRE10751_t1,266,protein_coding,,Trichuris trichiura (PRJEB535),protein_coding,trtricprjeb535
TTRE5946,TTRE5946_t1,98,protein_coding,,Trichuris trichiura (PRJEB535),protein_coding,trtricprjeb535
TTRE2910,TTRE2910_t1,208,protein_coding,,Trichuris trichiura (PRJEB535),protein_coding,trtricprjeb535
TTRE10896,TTRE10896_t1,155,protein_coding,,Trichuris trichiura (PRJEB535),protein_coding,trtricprjeb535
TTRE7547,TTRE7547_t1,140,protein_coding,,Trichuris trichiura (PRJEB535),protein_coding,trtricprjeb535
TTRE1600,TTRE1600_t1,235,protein_coding,,Trichuris trichiura (PRJEB535),protein_coding,trtricprjeb535
TTRE11193,TTRE11193_t1,785,protein_coding,,Trichuris trichiura (PRJEB535),protein_coding,trtricprjeb535
TTRE1269,TTRE1269_t1,601,protein_coding,La protein 1  [Source:UniProtKB/TrEMBL;Acc:A0A077Z3I1],Trichuris trichiura (PRJEB535),protein_coding,trtricprjeb535
TTRE124,TTRE124_t1,545,protein_coding,Polyhomeotic protein 1 like  [Source:UniProtKB/TrEMBL;Acc:A0A077ZDT5],Trichuris trichiura (PRJEB535),protein_coding,trtricprjeb535
TTRE11807,TTRE11807_t1,1664,protein_coding,,Trichuris trichiura (PRJEB535),protein_coding,trtricprjeb535
TTRE2994,TTRE2994_t1,213,protein_coding,Galectin  [Source:UniProtKB/TrEMBL;Acc:A0A077ZBA2],Trichuris trichiura (PRJEB535),protein_coding,trtricprjeb535
TTRE4709,TTRE4709_t1,252,protein_coding,,Trichuris trichiura (PRJEB535),protein_coding,trtricprjeb535
TTRE9958,TTRE9958_t1,1832,protein_coding,,Trichuris trichiura (PRJEB535),protein_coding,trtricprjeb535
TTRE8639,TTRE8639_t1,496,protein_coding,Nuclear cap-binding protein subunit 3  [Source:UniProtKB/TrEMBL;Acc:A0A077Z2V0],Trichuris trichiura (PRJEB535),protein_coding,trtricprjeb535
TTRE5920,TTRE5920_t1,182,protein_coding,,Trichuris trichiura (PRJEB535),protein_coding,trtricprjeb535
TTRE12186,TTRE12186_t1,809,protein_coding,,Trichuris trichiura (PRJEB535),protein_coding,trtricprjeb535
TTRE7231,TTRE7231_t1,674,protein_coding,,Trichuris trichiura (PRJEB535),protein_coding,trtricprjeb535
TTRE9032,TTRE9032_t1,389,protein_coding,Potassium voltage gated channel subfamily KQT  [Source:UniProtKB/TrEMBL;Acc:A0A077YWR2],Trichuris trichiura (PRJEB535),protein_coding,trtricprjeb535
TTRE1714,TTRE1714_t1,308,protein_coding,Resistance to inhibitors of  [Source:UniProtKB/TrEMBL;Acc:A0A077Z141],Trichuris trichiura (PRJEB535),protein_coding,trtricprjeb535
TTRE5057,TTRE5057_t1,482,protein_coding,Receptor expression-enhancing protein  [Source:UniProtKB/TrEMBL;Acc:A0A077Z4Z4],Trichuris trichiura (PRJEB535),protein_coding,trtricprjeb535
TTRE358,TTRE358_t1,481,protein_coding,NADPH--cytochrome P450 reductase  [Source:UniProtKB/TrEMBL;Acc:A0A077Z7S6],Trichuris trichiura (PRJEB535),protein_coding,trtricprjeb535
TTRE9196,TTRE9196_t1,319,protein_coding,,Trichuris trichiura (PRJEB535),protein_coding,trtricprjeb535
TTRE6336,TTRE6336_t1,165,protein_coding,,Trichuris trichiura (PRJEB535),protein_coding,trtricprjeb535
TTRE7069,TTRE7069_t1,1484,protein_coding,,Trichuris trichiura (PRJEB535),protein_coding,trtricprjeb535
TTRE5158,TTRE5158_t1,603,protein_coding,,Trichuris trichiura (PRJEB535),protein_coding,trtricprjeb535
TTRE2799,TTRE2799_t1,324,protein_coding,,Trichuris trichiura (PRJEB535),protein_coding,trtricprjeb535
TTRE2286,TTRE2286_t1,196,protein_coding,40 kDa peptidyl prolyl cis trans isomerase  [Source:UniProtKB/TrEMBL;Acc:A0A077ZQ87],Trichuris trichiura (PRJEB535),protein_coding,trtricprjeb535
TTRE9153,TTRE9153_t1,104,protein_coding,,Trichuris trichiura (PRJEB535),protein_coding,trtricprjeb535
TTRE12627,TTRE12627_t1,1133,protein_coding,,Trichuris trichiura (PRJEB535),protein_coding,trtricprjeb535
TTRE864,TTRE864_t1,259,protein_coding,,Trichuris trichiura (PRJEB535),protein_coding,trtricprjeb535
TTRE7783,TTRE7783_t1,812,protein_coding,,Trichuris trichiura (PRJEB535),protein_coding,trtricprjeb535
TTRE7704,TTRE7704_t1,530,protein_coding,,Trichuris trichiura (PRJEB535),protein_coding,trtricprjeb535
TTRE5492,TTRE5492_t1,240,protein_coding,,Trichuris trichiura (PRJEB535),protein_coding,trtricprjeb535
TTRE2100,TTRE2100_t1,938,protein_coding,,Trichuris trichiura (PRJEB535),protein_coding,trtricprjeb535
TTRE11127,TTRE11127_t1,255,protein_coding,,Trichuris trichiura (PRJEB535),protein_coding,trtricprjeb535
TTRE9185,TTRE9185_t1,754,protein_coding,,Trichuris trichiura (PRJEB535),protein_coding,trtricprjeb535
TTRE3400,TTRE3400_t1,833,protein_coding,,Trichuris trichiura (PRJEB535),protein_coding,trtricprjeb535
TTRE2699,TTRE2699_t1,928,protein_coding,,Trichuris trichiura (PRJEB535),protein_coding,trtricprjeb535
TTRE5198,TTRE5198_t1,1109,protein_coding,,Trichuris trichiura (PRJEB535),protein_coding,trtricprjeb535
TTRE2198,TTRE2198_t1,402,protein_coding,,Trichuris trichiura (PRJEB535),protein_coding,trtricprjeb535
TTRE11044,TTRE11044_t1,566,protein_coding,,Trichuris trichiura (PRJEB535),protein_coding,trtricprjeb535
TTRE1649,TTRE1649_t1,938,protein_coding,,Trichuris trichiura (PRJEB535),protein_coding,trtricprjeb535
TTRE6927,TTRE6927_t1,1688,protein_coding,,Trichuris trichiura (PRJEB535),protein_coding,trtricprjeb535
TTRE7774,TTRE7774_t1,806,protein_coding,,Trichuris trichiura (PRJEB535),protein_coding,trtricprjeb535
TTRE4765,TTRE4765_t1,274,protein_coding,,Trichuris trichiura (PRJEB535),protein_coding,trtricprjeb535
TTRE824,TTRE824_t1,217,protein_coding,,Trichuris trichiura (PRJEB535),protein_coding,trtricprjeb535
TTRE3873,TTRE3873_t1,209,protein_coding,,Trichuris trichiura (PRJEB535),protein_coding,trtricprjeb535
TTRE7929,TTRE7929_t1,192,protein_coding,,Trichuris trichiura (PRJEB535),protein_coding,trtricprjeb535
TTRE707,TTRE707_t1,273,protein_coding,,Trichuris trichiura (PRJEB535),protein_coding,trtricprjeb535
TTRE6499,TTRE6499_t1,560,protein_coding,FH2 domain-containing protein  [Source:UniProtKB/TrEMBL;Acc:A0A077ZID0],Trichuris trichiura (PRJEB535),protein_coding,trtricprjeb535
TTRE12143,TTRE12143_t1,1799,protein_coding,,Trichuris trichiura (PRJEB535),protein_coding,trtricprjeb535
TTRE8597,TTRE8597_t1,878,protein_coding,HLH domain containing protein  [Source:UniProtKB/TrEMBL;Acc:A0A077YZ32],Trichuris trichiura (PRJEB535),protein_coding,trtricprjeb535
TTRE12642,TTRE12642_t1,1493,protein_coding,,Trichuris trichiura (PRJEB535),protein_coding,trtricprjeb535
TTRE10539,TTRE10539_t1,123,protein_coding,,Trichuris trichiura (PRJEB535),protein_coding,trtricprjeb535
TTRE8348,TTRE8348_t1,5435,protein_coding,,Trichuris trichiura (PRJEB535),protein_coding,trtricprjeb535
TTRE1868,TTRE1868_t1,263,protein_coding,,Trichuris trichiura (PRJEB535),protein_coding,trtricprjeb535
TTRE729,TTRE729_t1,1655,protein_coding,Selenocysteine specific elongation factor  [Source:UniProtKB/TrEMBL;Acc:A0A077Z806],Trichuris trichiura (PRJEB535),protein_coding,trtricprjeb535
TTRE10627,TTRE10627_t1,1252,protein_coding,,Trichuris trichiura (PRJEB535),protein_coding,trtricprjeb535
TTRE11100,TTRE11100_t1,464,protein_coding,,Trichuris trichiura (PRJEB535),protein_coding,trtricprjeb535
TTRE7119,TTRE7119_t1,461,protein_coding,,Trichuris trichiura (PRJEB535),protein_coding,trtricprjeb535
TTRE11834,TTRE11834_t1,434,protein_coding,,Trichuris trichiura (PRJEB535),protein_coding,trtricprjeb535
TTRE6138,TTRE6138_t1,536,protein_coding,,Trichuris trichiura (PRJEB535),protein_coding,trtricprjeb535
TTRE7938,TTRE7938_t1,344,protein_coding,Spaetzle domain-containing protein  [Source:UniProtKB/TrEMBL;Acc:A0A077ZGI9],Trichuris trichiura (PRJEB535),protein_coding,trtricprjeb535
TTRE7074,TTRE7074_t1,277,protein_coding,,Trichuris trichiura (PRJEB535),protein_coding,trtricprjeb535
TTRE7827,TTRE7827_t1,326,protein_coding,,Trichuris trichiura (PRJEB535),protein_coding,trtricprjeb535
TTRE1992,TTRE1992_t1,275,protein_coding,Collagen protein 48  [Source:UniProtKB/TrEMBL;Acc:A0A077Z124],Trichuris trichiura (PRJEB535),protein_coding,trtricprjeb535
TTRE11610,TTRE11610_t1,383,protein_coding,,Trichuris trichiura (PRJEB535),protein_coding,trtricprjeb535
TTRE5183,TTRE5183_t1,241,protein_coding,,Trichuris trichiura (PRJEB535),protein_coding,trtricprjeb535
TTRE10538,TTRE10538_t1,815,protein_coding,,Trichuris trichiura (PRJEB535),protein_coding,trtricprjeb535
TTRE5746,TTRE5746_t2,360,protein_coding,,Trichuris trichiura (PRJEB535),protein_coding,trtricprjeb535
TTRE852,TTRE852_t1,331,protein_coding,,Trichuris trichiura (PRJEB535),protein_coding,trtricprjeb535
TTRE11182,TTRE11182_t1,575,protein_coding,,Trichuris trichiura (PRJEB535),protein_coding,trtricprjeb535
TTRE5060,TTRE5060_t1,472,protein_coding,,Trichuris trichiura (PRJEB535),protein_coding,trtricprjeb535
TTRE8319,TTRE8319_t1,130,protein_coding,RRM 1 domain containing protein  [Source:UniProtKB/TrEMBL;Acc:A0A077Z075],Trichuris trichiura (PRJEB535),protein_coding,trtricprjeb535
TTRE8557,TTRE8557_t1,816,protein_coding,,Trichuris trichiura (PRJEB535),protein_coding,trtricprjeb535
TTRE11559,TTRE11559_t1,144,protein_coding,,Trichuris trichiura (PRJEB535),protein_coding,trtricprjeb535
TTRE6034,TTRE6034_t1,167,protein_coding,,Trichuris trichiura (PRJEB535),protein_coding,trtricprjeb535
TTRE6492,TTRE6492_t1,1152,protein_coding,,Trichuris trichiura (PRJEB535),protein_coding,trtricprjeb535
TTRE5128,TTRE5128_t1,247,protein_coding,,Trichuris trichiura (PRJEB535),protein_coding,trtricprjeb535
TTRE9678,TTRE9678_t1,458,protein_coding,,Trichuris trichiura (PRJEB535),protein_coding,trtricprjeb535
TTRE5513,TTRE5513_t1,896,protein_coding,,Trichuris trichiura (PRJEB535),protein_coding,trtricprjeb535
TTRE4298,TTRE4298_t1,737,protein_coding,,Trichuris trichiura (PRJEB535),protein_coding,trtricprjeb535
TTRE2038,TTRE2038_t1,374,protein_coding,Ribonucleoside diphosphate reductase subunit  [Source:UniProtKB/TrEMBL;Acc:A0A077YX22],Trichuris trichiura (PRJEB535),protein_coding,trtricprjeb535
TTRE3575,TTRE3575_t1,793,protein_coding,,Trichuris trichiura (PRJEB535),protein_coding,trtricprjeb535
TTRE7873,TTRE7873_t1,467,protein_coding,,Trichuris trichiura (PRJEB535),protein_coding,trtricprjeb535
TTRE3292,TTRE3292_t1,346,protein_coding,alpha-L-fucosidase  [Source:UniProtKB/TrEMBL;Acc:A0A077Z127],Trichuris trichiura (PRJEB535),protein_coding,trtricprjeb535
TTRE3530,TTRE3530_t1,1702,protein_coding,Transcription factor BTF3 4  [Source:UniProtKB/TrEMBL;Acc:A0A077Z286],Trichuris trichiura (PRJEB535),protein_coding,trtricprjeb535
TTRE3747,TTRE3747_t1,178,protein_coding,Adp ribosylation factor  [Source:UniProtKB/TrEMBL;Acc:A0A077Z9B1],Trichuris trichiura (PRJEB535),protein_coding,trtricprjeb535
TTRE1474,TTRE1474_t1,167,protein_coding,,Trichuris trichiura (PRJEB535),protein_coding,trtricprjeb535
TTRE2004,TTRE2004_t1,322,protein_coding,,Trichuris trichiura (PRJEB535),protein_coding,trtricprjeb535
TTRE5392,TTRE5392_t1,1541,protein_coding,Protein FAM134B  [Source:UniProtKB/TrEMBL;Acc:A0A077Z794],Trichuris trichiura (PRJEB535),protein_coding,trtricprjeb535
TTRE1305,TTRE1305_t1,759,protein_coding,,Trichuris trichiura (PRJEB535),protein_coding,trtricprjeb535
TTRE3912,TTRE3912_t1,207,protein_coding,cAMP-dependent protein kinase regulatory subunit  [Source:UniProtKB/TrEMBL;Acc:A0A077ZK85],Trichuris trichiura (PRJEB535),protein_coding,trtricprjeb535
TTRE4581,TTRE4581_t1,2063,protein_coding,,Trichuris trichiura (PRJEB535),protein_coding,trtricprjeb535
TTRE2101,TTRE2101_t1,416,protein_coding,Cyclin dependent kinase 9  [Source:UniProtKB/TrEMBL;Acc:A0A077YYQ2],Trichuris trichiura (PRJEB535),protein_coding,trtricprjeb535
TTRE6098,TTRE6098_t1,575,protein_coding,PH domain containing protein  [Source:UniProtKB/TrEMBL;Acc:A0A077Z038],Trichuris trichiura (PRJEB535),protein_coding,trtricprjeb535
TTRE5825,TTRE5825_t1,692,protein_coding,Flavin-containing monooxygenase  [Source:UniProtKB/TrEMBL;Acc:A0A077Z9H7],Trichuris trichiura (PRJEB535),protein_coding,trtricprjeb535
TTRE9778,TTRE9778_t1,395,protein_coding,NT-C2 and CH and DUF3585 domain containing protei n  [Source:UniProtKB/TrEMBL;Acc:A0A077YYD2],Trichuris trichiura (PRJEB535),protein_coding,trtricprjeb535
TTRE6526,TTRE6526_t1,367,protein_coding,,Trichuris trichiura (PRJEB535),protein_coding,trtricprjeb535
TTRE7075,TTRE7075_t1,751,protein_coding,,Trichuris trichiura (PRJEB535),protein_coding,trtricprjeb535
TTRE10600,TTRE10600_t1,497,protein_coding,,Trichuris trichiura (PRJEB535),protein_coding,trtricprjeb535
TTRE8342,TTRE8342_t1,457,protein_coding,Lzipper-MIP1 domain-containing protein  [Source:UniProtKB/TrEMBL;Acc:A0A077ZBW8],Trichuris trichiura (PRJEB535),protein_coding,trtricprjeb535
TTRE10391,TTRE10391_t1,940,protein_coding,,Trichuris trichiura (PRJEB535),protein_coding,trtricprjeb535
TTRE1812,TTRE1812_t1,350,protein_coding,,Trichuris trichiura (PRJEB535),protein_coding,trtricprjeb535
TTRE5363,TTRE5363_t2,364,protein_coding,Mito morph reg domain containing protein  [Source:UniProtKB/TrEMBL;Acc:A0A077ZAU5],Trichuris trichiura (PRJEB535),protein_coding,trtricprjeb535
TTRE4112,TTRE4112_t1,341,protein_coding,,Trichuris trichiura (PRJEB535),protein_coding,trtricprjeb535
TTRE1551,TTRE1551_t1,281,protein_coding,,Trichuris trichiura (PRJEB535),protein_coding,trtricprjeb535
TTRE1234,TTRE1234_t1,249,protein_coding,,Trichuris trichiura (PRJEB535),protein_coding,trtricprjeb535
TTRE6374,TTRE6374_t1,530,protein_coding,Major sperm protein  [Source:UniProtKB/TrEMBL;Acc:A0A077ZDP0],Trichuris trichiura (PRJEB535),protein_coding,trtricprjeb535
TTRE10386,TTRE10386_t1,362,protein_coding,,Trichuris trichiura (PRJEB535),protein_coding,trtricprjeb535
TTRE12298,TTRE12298_t1,341,protein_coding,,Trichuris trichiura (PRJEB535),protein_coding,trtricprjeb535
TTRE4590,TTRE4590_t1,445,protein_coding,Retinol dehydrogenase 14  [Source:UniProtKB/TrEMBL;Acc:A0A077Z1N1],Trichuris trichiura (PRJEB535),protein_coding,trtricprjeb535
TTRE10206,TTRE10206_t1,755,protein_coding,,Trichuris trichiura (PRJEB535),protein_coding,trtricprjeb535
TTRE1456,TTRE1456_t1,1253,protein_coding,tryptophan--tRNA ligase  [Source:UniProtKB/TrEMBL;Acc:A0A077Z9I1],Trichuris trichiura (PRJEB535),protein_coding,trtricprjeb535
TTRE7763,TTRE7763_t1,737,protein_coding,,Trichuris trichiura (PRJEB535),protein_coding,trtricprjeb535
TTRE4959,TTRE4959_t1,785,protein_coding,Tyrosine-protein phosphatase non-receptor type 9  [Source:UniProtKB/TrEMBL;Acc:A0A077YXW5],Trichuris trichiura (PRJEB535),protein_coding,trtricprjeb535
TTRE1030,TTRE1030_t1,285,protein_coding,,Trichuris trichiura (PRJEB535),protein_coding,trtricprjeb535
TTRE11847,TTRE11847_t1,557,protein_coding,Protein CBG12556  [Source:UniProtKB/TrEMBL;Acc:A0A077Z9E0],Trichuris trichiura (PRJEB535),protein_coding,trtricprjeb535
TTRE8450,TTRE8450_t1,229,protein_coding,Glutaredoxin and Thioredoxin domain containing pr otein  [Source:UniProtKB/TrEMBL;Acc:A0A077YWN9],Trichuris trichiura (PRJEB535),protein_coding,trtricprjeb535
TTRE823,TTRE823_t1,609,protein_coding,,Trichuris trichiura (PRJEB535),protein_coding,trtricprjeb535
TTRE3210,TTRE3210_t1,461,protein_coding,DUF2358 domain containing protein  [Source:UniProtKB/TrEMBL;Acc:A0A077YX12],Trichuris trichiura (PRJEB535),protein_coding,trtricprjeb535
TTRE5491,TTRE5491_t1,225,protein_coding,,Trichuris trichiura (PRJEB535),protein_coding,trtricprjeb535
TTRE7985,TTRE7985_t1,182,protein_coding,,Trichuris trichiura (PRJEB535),protein_coding,trtricprjeb535
TTRE6890,TTRE6890_t1,1538,protein_coding,,Trichuris trichiura (PRJEB535),protein_coding,trtricprjeb535
TTRE948,TTRE948_t1,167,protein_coding,Ras protein Rab 8A  [Source:UniProtKB/TrEMBL;Acc:A0A077Z9V4],Trichuris trichiura (PRJEB535),protein_coding,trtricprjeb535
TTRE3549,TTRE3549_t1,323,protein_coding,,Trichuris trichiura (PRJEB535),protein_coding,trtricprjeb535
TTRE4031,TTRE4031_t1,251,protein_coding,Acidic mammalian chitinase  [Source:UniProtKB/TrEMBL;Acc:A0A077Z8H9],Trichuris trichiura (PRJEB535),protein_coding,trtricprjeb535
TTRE10309,TTRE10309_t1,1145,protein_coding,,Trichuris trichiura (PRJEB535),protein_coding,trtricprjeb535
TTRE2137,TTRE2137_t1,217,protein_coding,,Trichuris trichiura (PRJEB535),protein_coding,trtricprjeb535
TTRE8503,TTRE8503_t1,278,protein_coding,,Trichuris trichiura (PRJEB535),protein_coding,trtricprjeb535
TTRE11614,TTRE11614_t1,203,protein_coding,,Trichuris trichiura (PRJEB535),protein_coding,trtricprjeb535
TTRE8408,TTRE8408_t1,141,protein_coding,,Trichuris trichiura (PRJEB535),protein_coding,trtricprjeb535
TTRE12660,TTRE12660_t1,744,protein_coding,,Trichuris trichiura (PRJEB535),protein_coding,trtricprjeb535
TTRE3743,TTRE3743_t1,146,protein_coding,,Trichuris trichiura (PRJEB535),protein_coding,trtricprjeb535
TTRE11198,TTRE11198_t1,474,protein_coding,,Trichuris trichiura (PRJEB535),protein_coding,trtricprjeb535
TTRE6420,TTRE6420_t1,635,protein_coding,Cleavage and polyadenylation specificity factor subunit 2  [Source:UniProtKB/TrEMBL;Acc:A0A077ZGR2],Trichuris trichiura (PRJEB535),protein_coding,trtricprjeb535
TTRE5877,TTRE5877_t1,410,protein_coding,,Trichuris trichiura (PRJEB535),protein_coding,trtricprjeb535
TTRE4150,TTRE4150_t1,799,protein_coding,MARVEL domain-containing protein  [Source:UniProtKB/TrEMBL;Acc:A0A077Z0Z6],Trichuris trichiura (PRJEB535),protein_coding,trtricprjeb535
TTRE11545,TTRE11545_t1,945,protein_coding,,Trichuris trichiura (PRJEB535),protein_coding,trtricprjeb535
TTRE1078,TTRE1078_t1,209,protein_coding,Transmembrane BAX inhibitor motif containing  [Source:UniProtKB/TrEMBL;Acc:A0A077Z5V2],Trichuris trichiura (PRJEB535),protein_coding,trtricprjeb535
TTRE12220,TTRE12220_t1,233,protein_coding,,Trichuris trichiura (PRJEB535),protein_coding,trtricprjeb535
TTRE12022,TTRE12022_t1,350,protein_coding,,Trichuris trichiura (PRJEB535),protein_coding,trtricprjeb535
TTRE2145,TTRE2145_t1,217,protein_coding,Dna repair protein rad51  [Source:UniProtKB/TrEMBL;Acc:A0A077Z1E0],Trichuris trichiura (PRJEB535),protein_coding,trtricprjeb535
TTRE6038,TTRE6038_t1,940,protein_coding,,Trichuris trichiura (PRJEB535),protein_coding,trtricprjeb535
TTRE9017,TTRE9017_t1,273,protein_coding,,Trichuris trichiura (PRJEB535),protein_coding,trtricprjeb535
TTRE12193,TTRE12193_t1,3944,protein_coding,,Trichuris trichiura (PRJEB535),protein_coding,trtricprjeb535
TTRE6099,TTRE6099_t1,940,protein_coding,,Trichuris trichiura (PRJEB535),protein_coding,trtricprjeb535
TTRE3495,TTRE3495_t1,265,protein_coding,DUF1387 domain containing protein  [Source:UniProtKB/TrEMBL;Acc:A0A077ZMZ6],Trichuris trichiura (PRJEB535),protein_coding,trtricprjeb535
TTRE2337,TTRE2337_t1,214,protein_coding,,Trichuris trichiura (PRJEB535),protein_coding,trtricprjeb535
TTRE4587,TTRE4587_t1,791,protein_coding,WD40 domain containing protein  [Source:UniProtKB/TrEMBL;Acc:A0A077Z710],Trichuris trichiura (PRJEB535),protein_coding,trtricprjeb535
TTRE2104,TTRE2104_t1,637,protein_coding,,Trichuris trichiura (PRJEB535),protein_coding,trtricprjeb535
TTRE11529,TTRE11529_t1,266,protein_coding,,Trichuris trichiura (PRJEB535),protein_coding,trtricprjeb535
TTRE12205,TTRE12205_t1,157,protein_coding,Ubiquitin fusion degradation protein 1 like prote in  [Source:UniProtKB/TrEMBL;Acc:A0A077Z554],Trichuris trichiura (PRJEB535),protein_coding,trtricprjeb535
TTRE9424,TTRE9424_t1,2087,protein_coding,GRIP domain-containing protein  [Source:UniProtKB/TrEMBL;Acc:A0A077Z3S8],Trichuris trichiura (PRJEB535),protein_coding,trtricprjeb535
TTRE5901,TTRE5901_t1,1778,protein_coding,,Trichuris trichiura (PRJEB535),protein_coding,trtricprjeb535
TTRE7897,TTRE7897_t1,813,protein_coding,,Trichuris trichiura (PRJEB535),protein_coding,trtricprjeb535
TTRE7871,TTRE7871_t1,743,protein_coding,,Trichuris trichiura (PRJEB535),protein_coding,trtricprjeb535
TTRE4218,TTRE4218_t1,604,protein_coding,Krueppel factor 5  [Source:UniProtKB/TrEMBL;Acc:A0A077Z9D1],Trichuris trichiura (PRJEB535),protein_coding,trtricprjeb535
TTRE11870,TTRE11870_t1,1184,protein_coding,Ankyrin repeat protein  [Source:UniProtKB/TrEMBL;Acc:A0A077ZCR0],Trichuris trichiura (PRJEB535),protein_coding,trtricprjeb535
TTRE9625,TTRE9625_t1,338,protein_coding,,Trichuris trichiura (PRJEB535),protein_coding,trtricprjeb535
TTRE608,TTRE608_t1,259,protein_coding,Zf-met domain containing protein  [Source:UniProtKB/TrEMBL;Acc:A0A077Z0V8],Trichuris trichiura (PRJEB535),protein_coding,trtricprjeb535
TTRE9884,TTRE9884_t1,375,protein_coding,,Trichuris trichiura (PRJEB535),protein_coding,trtricprjeb535
TTRE10773,TTRE10773_t1,197,protein_coding,,Trichuris trichiura (PRJEB535),protein_coding,trtricprjeb535
TTRE5412,TTRE5412_t1,170,protein_coding,,Trichuris trichiura (PRJEB535),protein_coding,trtricprjeb535
TTRE457,TTRE457_t1,167,protein_coding,,Trichuris trichiura (PRJEB535),protein_coding,trtricprjeb535
TTRE149,TTRE149_t1,162,protein_coding,60S ribosomal protein L10  [Source:UniProtKB/TrEMBL;Acc:A0A077ZA65],Trichuris trichiura (PRJEB535),protein_coding,trtricprjeb535
TTRE1647,TTRE1647_t1,214,protein_coding,T-complex protein 1 subunit gamma  [Source:UniProtKB/TrEMBL;Acc:A0A077Z662],Trichuris trichiura (PRJEB535),protein_coding,trtricprjeb535
TTRE7268,TTRE7268_t1,305,protein_coding,,Trichuris trichiura (PRJEB535),protein_coding,trtricprjeb535
TTRE9865,TTRE9865_t1,696,protein_coding,,Trichuris trichiura (PRJEB535),protein_coding,trtricprjeb535
TTRE770,TTRE770_t1,383,protein_coding,,Trichuris trichiura (PRJEB535),protein_coding,trtricprjeb535
TTRE5504,TTRE5504_t1,1056,protein_coding,,Trichuris trichiura (PRJEB535),protein_coding,trtricprjeb535
TTRE5136,TTRE5136_t1,305,protein_coding,Zinc finger protein  [Source:UniProtKB/TrEMBL;Acc:A0A077ZB54],Trichuris trichiura (PRJEB535),protein_coding,trtricprjeb535
TTRE1931,TTRE1931_t1,713,protein_coding,,Trichuris trichiura (PRJEB535),protein_coding,trtricprjeb535
TTRE9716,TTRE9716_t1,248,protein_coding,,Trichuris trichiura (PRJEB535),protein_coding,trtricprjeb535
TTRE2906,TTRE2906_t1,629,protein_coding,Parathyroid hormone 2 receptor  [Source:UniProtKB/TrEMBL;Acc:A0A077YV10],Trichuris trichiura (PRJEB535),protein_coding,trtricprjeb535
TTRE9896,TTRE9896_t1,1097,protein_coding,WD_REPEATS_REGION domain-containing protein  [Source:UniProtKB/TrEMBL;Acc:A0A077ZAG1],Trichuris trichiura (PRJEB535),protein_coding,trtricprjeb535
TTRE5351,TTRE5351_t1,377,protein_coding,,Trichuris trichiura (PRJEB535),protein_coding,trtricprjeb535
TTRE733,TTRE733_t1,492,protein_coding,Chromo shadow domain containing protein  [Source:UniProtKB/TrEMBL;Acc:A0A077YZK5],Trichuris trichiura (PRJEB535),protein_coding,trtricprjeb535
TTRE907,TTRE907_t1,256,protein_coding,BACK and BTB domain containing protein  [Source:UniProtKB/TrEMBL;Acc:A0A077YWI7],Trichuris trichiura (PRJEB535),protein_coding,trtricprjeb535
TTRE11395,TTRE11395_t1,113,protein_coding,,Trichuris trichiura (PRJEB535),protein_coding,trtricprjeb535
TTRE10333,TTRE10333_t1,2656,protein_coding,,Trichuris trichiura (PRJEB535),protein_coding,trtricprjeb535
TTRE129,TTRE129_t1,196,protein_coding,,Trichuris trichiura (PRJEB535),protein_coding,trtricprjeb535
TTRE447,TTRE447_t1,330,protein_coding,Transketolase protein 2 like  [Source:UniProtKB/TrEMBL;Acc:A0A077YWH4],Trichuris trichiura (PRJEB535),protein_coding,trtricprjeb535
TTRE11573,TTRE11573_t1,604,protein_coding,,Trichuris trichiura (PRJEB535),protein_coding,trtricprjeb535
TTRE10246,TTRE10246_t1,308,protein_coding,,Trichuris trichiura (PRJEB535),protein_coding,trtricprjeb535
TTRE11341,TTRE11341_t1,740,protein_coding,rRNA-processing protein CGR1  [Source:UniProtKB/TrEMBL;Acc:A0A077Z7P0],Trichuris trichiura (PRJEB535),protein_coding,trtricprjeb535
TTRE11538,TTRE11538_t1,664,protein_coding,Hedgehog protein  [Source:UniProtKB/TrEMBL;Acc:A0A077ZAM7],Trichuris trichiura (PRJEB535),protein_coding,trtricprjeb535
TTRE5576,TTRE5576_t1,354,protein_coding,,Trichuris trichiura (PRJEB535),protein_coding,trtricprjeb535
TTRE78,TTRE78_t1,318,protein_coding,,Trichuris trichiura (PRJEB535),protein_coding,trtricprjeb535
TTRE55,TTRE55_t1,213,protein_coding,,Trichuris trichiura (PRJEB535),protein_coding,trtricprjeb535
TTRE4096,TTRE4096_t1,279,protein_coding,Small nuclear ribonucleoprotein associated  [Source:UniProtKB/TrEMBL;Acc:A0A077YZJ6],Trichuris trichiura (PRJEB535),protein_coding,trtricprjeb535
TTRE10456,TTRE10456_t1,614,protein_coding,,Trichuris trichiura (PRJEB535),protein_coding,trtricprjeb535
TTRE524,TTRE524_t1,1962,protein_coding,,Trichuris trichiura (PRJEB535),protein_coding,trtricprjeb535
TTRE2164,TTRE2164_t1,344,protein_coding,,Trichuris trichiura (PRJEB535),protein_coding,trtricprjeb535
TTRE8980,TTRE8980_t1,363,protein_coding,,Trichuris trichiura (PRJEB535),protein_coding,trtricprjeb535
TTRE8723,TTRE8723_t1,272,protein_coding,,Trichuris trichiura (PRJEB535),protein_coding,trtricprjeb535
TTRE12614,TTRE12614_t1,222,protein_coding,Myoglobin  [Source:UniProtKB/TrEMBL;Acc:A0A077ZJ83],Trichuris trichiura (PRJEB535),protein_coding,trtricprjeb535
TTRE4853,TTRE4853_t1,724,protein_coding,RhoGEF domain containing protein  [Source:UniProtKB/TrEMBL;Acc:A0A077ZG52],Trichuris trichiura (PRJEB535),protein_coding,trtricprjeb535
TTRE5270,TTRE5270_t1,1287,protein_coding,HTH La-type RNA-binding domain-containing protein  [Source:UniProtKB/TrEMBL;Acc:A0A077YW20],Trichuris trichiura (PRJEB535),protein_coding,trtricprjeb535
TTRE4438,TTRE4438_t1,479,protein_coding,Nicotinic acetylcholine receptor alpha 30D  [Source:UniProtKB/TrEMBL;Acc:A0A077Z1F3],Trichuris trichiura (PRJEB535),protein_coding,trtricprjeb535
TTRE12,TTRE12_t1,246,protein_coding,,Trichuris trichiura (PRJEB535),protein_coding,trtricprjeb535
TTRE4567,TTRE4567_t1,248,protein_coding,,Trichuris trichiura (PRJEB535),protein_coding,trtricprjeb535
TTRE4210,TTRE4210_t1,150,protein_coding,Putative tumor protein d52 family  [Source:UniProtKB/TrEMBL;Acc:A0A077Z173],Trichuris trichiura (PRJEB535),protein_coding,trtricprjeb535
TTRE7820,TTRE7820_t1,518,protein_coding,,Trichuris trichiura (PRJEB535),protein_coding,trtricprjeb535
TTRE7091,TTRE7091_t1,662,protein_coding,,Trichuris trichiura (PRJEB535),protein_coding,trtricprjeb535
TTRE1894,TTRE1894_t1,1157,protein_coding,,Trichuris trichiura (PRJEB535),protein_coding,trtricprjeb535
TTRE8070,TTRE8070_t1,515,protein_coding,,Trichuris trichiura (PRJEB535),protein_coding,trtricprjeb535
TTRE2552,TTRE2552_t1,185,protein_coding,,Trichuris trichiura (PRJEB535),protein_coding,trtricprjeb535
TTRE11586,TTRE11586_t1,371,protein_coding,,Trichuris trichiura (PRJEB535),protein_coding,trtricprjeb535
TTRE4855,TTRE4855_t1,266,protein_coding,S-adenosylmethionine decarboxylase proenzyme  [Source:UniProtKB/TrEMBL;Acc:A0A077Z9K0],Trichuris trichiura (PRJEB535),protein_coding,trtricprjeb535
TTRE4826,TTRE4826_t1,273,protein_coding,,Trichuris trichiura (PRJEB535),protein_coding,trtricprjeb535
TTRE12624,TTRE12624_t1,495,protein_coding,,Trichuris trichiura (PRJEB535),protein_coding,trtricprjeb535
TTRE11732,TTRE11732_t1,162,protein_coding,TrmE N domain containing protein  [Source:UniProtKB/TrEMBL;Acc:A0A077Z7F4],Trichuris trichiura (PRJEB535),protein_coding,trtricprjeb535
TTRE4205,TTRE4205_t1,199,protein_coding,,Trichuris trichiura (PRJEB535),protein_coding,trtricprjeb535
TTRE678,TTRE678_t1,188,protein_coding,,Trichuris trichiura (PRJEB535),protein_coding,trtricprjeb535
TTRE5524,TTRE5524_t1,830,protein_coding,Trypsin domain containing protein  [Source:UniProtKB/TrEMBL;Acc:A0A077Z2Z8],Trichuris trichiura (PRJEB535),protein_coding,trtricprjeb535
TTRE6706,TTRE6706_t1,1614,protein_coding,,Trichuris trichiura (PRJEB535),protein_coding,trtricprjeb535
TTRE886,TTRE886_t1,401,protein_coding,,Trichuris trichiura (PRJEB535),protein_coding,trtricprjeb535
TTRE2064,TTRE2064_t1,215,protein_coding,Gut specific cysteine proteinase  [Source:UniProtKB/TrEMBL;Acc:A0A077ZGY4],Trichuris trichiura (PRJEB535),protein_coding,trtricprjeb535
TTRE5582,TTRE5582_t1,686,protein_coding,,Trichuris trichiura (PRJEB535),protein_coding,trtricprjeb535
TTRE4178,TTRE4178_t1,947,protein_coding,7TM GPCR Srsx domain containing protein  [Source:UniProtKB/TrEMBL;Acc:A0A077Z7H8],Trichuris trichiura (PRJEB535),protein_coding,trtricprjeb535
TTRE4889,TTRE4889_t1,643,protein_coding,,Trichuris trichiura (PRJEB535),protein_coding,trtricprjeb535
TTRE12622,TTRE12622_t1,380,protein_coding,,Trichuris trichiura (PRJEB535),protein_coding,trtricprjeb535
TTRE9476,TTRE9476_t1,289,protein_coding,,Trichuris trichiura (PRJEB535),protein_coding,trtricprjeb535
TTRE4199,TTRE4199_t1,1042,protein_coding,Signal recognition particle receptor subunit  [Source:UniProtKB/TrEMBL;Acc:A0A077Z718],Trichuris trichiura (PRJEB535),protein_coding,trtricprjeb535
TTRE3613,TTRE3613_t1,342,protein_coding,,Trichuris trichiura (PRJEB535),protein_coding,trtricprjeb535
TTRE7379,TTRE7379_t1,293,protein_coding,,Trichuris trichiura (PRJEB535),protein_coding,trtricprjeb535
TTRE9433,TTRE9433_t1,479,protein_coding,,Trichuris trichiura (PRJEB535),protein_coding,trtricprjeb535
TTRE9327,TTRE9327_t1,389,protein_coding,,Trichuris trichiura (PRJEB535),protein_coding,trtricprjeb535
TTRE8826,TTRE8826_t1,692,protein_coding,High affinity choline transporter 1  [Source:UniProtKB/TrEMBL;Acc:A0A077ZB02],Trichuris trichiura (PRJEB535),protein_coding,trtricprjeb535
TTRE742,TTRE742_t1,929,protein_coding,PID 2 domain containing protein  [Source:UniProtKB/TrEMBL;Acc:A0A077Z7S1],Trichuris trichiura (PRJEB535),protein_coding,trtricprjeb535
TTRE3647,TTRE3647_t1,779,protein_coding,Serpin domain containing protein  [Source:UniProtKB/TrEMBL;Acc:A0A2K9UYS4],Trichuris trichiura (PRJEB535),protein_coding,trtricprjeb535
TTRE4085,TTRE4085_t1,1355,protein_coding,,Trichuris trichiura (PRJEB535),protein_coding,trtricprjeb535
TTRE1637,TTRE1637_t1,758,protein_coding,"C-1-tetrahydrofolate synthase, cytoplasmic  [Source:UniProtKB/TrEMBL;Acc:A0A077Z6H2]",Trichuris trichiura (PRJEB535),protein_coding,trtricprjeb535
TTRE6187,TTRE6187_t1,326,protein_coding,,Trichuris trichiura (PRJEB535),protein_coding,trtricprjeb535
TTRE7448,TTRE7448_t2,530,protein_coding,,Trichuris trichiura (PRJEB535),protein_coding,trtricprjeb535
TTRE1053,TTRE1053_t1,1071,protein_coding,Riboflavin transporter  [Source:UniProtKB/TrEMBL;Acc:A0A077ZD89],Trichuris trichiura (PRJEB535),protein_coding,trtricprjeb535
TTRE2531,TTRE2531_t1,383,protein_coding,,Trichuris trichiura (PRJEB535),protein_coding,trtricprjeb535
TTRE12105,TTRE12105_t1,229,protein_coding,Collagen and Col cuticle N domain containing prot ein  [Source:UniProtKB/TrEMBL;Acc:A0A077ZFH0],Trichuris trichiura (PRJEB535),protein_coding,trtricprjeb535
TTRE5399,TTRE5399_t1,316,protein_coding,,Trichuris trichiura (PRJEB535),protein_coding,trtricprjeb535
TTRE6877,TTRE6877_t1,608,protein_coding,,Trichuris trichiura (PRJEB535),protein_coding,trtricprjeb535
TTRE2959,TTRE2959_t1,406,protein_coding,Fn3 and I-set and Ig 2 domain containing protein  [Source:UniProtKB/TrEMBL;Acc:A0A077Z8W1],Trichuris trichiura (PRJEB535),protein_coding,trtricprjeb535
TTRE10863,TTRE10863_t1,503,protein_coding,,Trichuris trichiura (PRJEB535),protein_coding,trtricprjeb535
TTRE3157,TTRE3157_t1,884,protein_coding,Protein YIPF3  [Source:UniProtKB/TrEMBL;Acc:A0A077Z2U3],Trichuris trichiura (PRJEB535),protein_coding,trtricprjeb535
TTRE1942,TTRE1942_t1,218,protein_coding,,Trichuris trichiura (PRJEB535),protein_coding,trtricprjeb535
TTRE8289,TTRE8289_t1,303,protein_coding,,Trichuris trichiura (PRJEB535),protein_coding,trtricprjeb535
TTRE195,TTRE195_t1,288,protein_coding,,Trichuris trichiura (PRJEB535),protein_coding,trtricprjeb535
TTRE9045,TTRE9045_t1,464,protein_coding,,Trichuris trichiura (PRJEB535),protein_coding,trtricprjeb535
TTRE12019,TTRE12019_t1,356,protein_coding,,Trichuris trichiura (PRJEB535),protein_coding,trtricprjeb535
TTRE1388,TTRE1388_t1,2786,protein_coding,,Trichuris trichiura (PRJEB535),protein_coding,trtricprjeb535
TTRE3268,TTRE3268_t1,116,protein_coding,,Trichuris trichiura (PRJEB535),protein_coding,trtricprjeb535
TTRE526,TTRE526_t1,370,protein_coding,,Trichuris trichiura (PRJEB535),protein_coding,trtricprjeb535
TTRE1696,TTRE1696_t1,538,protein_coding,,Trichuris trichiura (PRJEB535),protein_coding,trtricprjeb535
TTRE11843,TTRE11843_t1,983,protein_coding,,Trichuris trichiura (PRJEB535),protein_coding,trtricprjeb535
TTRE4089,TTRE4089_t1,175,protein_coding,,Trichuris trichiura (PRJEB535),protein_coding,trtricprjeb535
TTRE221,TTRE221_t1,283,protein_coding,,Trichuris trichiura (PRJEB535),protein_coding,trtricprjeb535
TTRE6497,TTRE6497_t1,1421,protein_coding,,Trichuris trichiura (PRJEB535),protein_coding,trtricprjeb535
TTRE8547,TTRE8547_t1,871,protein_coding,POU domain protein  [Source:UniProtKB/TrEMBL;Acc:A0A077Z1W0],Trichuris trichiura (PRJEB535),protein_coding,trtricprjeb535
TTRE7165,TTRE7165_t1,1664,protein_coding,,Trichuris trichiura (PRJEB535),protein_coding,trtricprjeb535
TTRE6383,TTRE6383_t1,326,protein_coding,,Trichuris trichiura (PRJEB535),protein_coding,trtricprjeb535
TTRE193,TTRE193_t1,249,protein_coding,,Trichuris trichiura (PRJEB535),protein_coding,trtricprjeb535
TTRE10967,TTRE10967_t1,356,protein_coding,,Trichuris trichiura (PRJEB535),protein_coding,trtricprjeb535
TTRE6544,TTRE6544_t1,464,protein_coding,,Trichuris trichiura (PRJEB535),protein_coding,trtricprjeb535
TTRE4594,TTRE4594_t1,275,protein_coding,,Trichuris trichiura (PRJEB535),protein_coding,trtricprjeb535
TTRE4813,TTRE4813_t1,267,protein_coding,,Trichuris trichiura (PRJEB535),protein_coding,trtricprjeb535
TTRE3478,TTRE3478_t1,303,protein_coding,Pyruvate kinase  [Source:UniProtKB/TrEMBL;Acc:A0A077ZEA4],Trichuris trichiura (PRJEB535),protein_coding,trtricprjeb535
TTRE6611,TTRE6611_t1,835,protein_coding,,Trichuris trichiura (PRJEB535),protein_coding,trtricprjeb535
TTRE1747,TTRE1747_t1,737,protein_coding,,Trichuris trichiura (PRJEB535),protein_coding,trtricprjeb535
TTRE12183,TTRE12183_t1,446,protein_coding,,Trichuris trichiura (PRJEB535),protein_coding,trtricprjeb535
TTRE3051,TTRE3051_t1,301,protein_coding,,Trichuris trichiura (PRJEB535),protein_coding,trtricprjeb535
TTRE5510,TTRE5510_t1,281,protein_coding,,Trichuris trichiura (PRJEB535),protein_coding,trtricprjeb535
TTRE1552,TTRE1552_t1,275,protein_coding,Cyclin dependent kinase 2 associated protein 2  [Source:UniProtKB/TrEMBL;Acc:A0A077ZCM5],Trichuris trichiura (PRJEB535),protein_coding,trtricprjeb535
TTRE1916,TTRE1916_t1,242,protein_coding,,Trichuris trichiura (PRJEB535),protein_coding,trtricprjeb535
TTRE1667,TTRE1667_t1,230,protein_coding,GTP cyclohydrolase 1  [Source:UniProtKB/TrEMBL;Acc:A0A077ZD42],Trichuris trichiura (PRJEB535),protein_coding,trtricprjeb535
TTRE3678,TTRE3678_t1,500,protein_coding,,Trichuris trichiura (PRJEB535),protein_coding,trtricprjeb535
TTRE246,TTRE246_t1,1207,protein_coding,Nucleosomal histone kinase 1  [Source:UniProtKB/TrEMBL;Acc:A0A077Z941],Trichuris trichiura (PRJEB535),protein_coding,trtricprjeb535
TTRE12340,TTRE12340_t1,1541,protein_coding,,Trichuris trichiura (PRJEB535),protein_coding,trtricprjeb535
TTRE185,TTRE185_t1,191,protein_coding,,Trichuris trichiura (PRJEB535),protein_coding,trtricprjeb535
TTRE4183,TTRE4183_t1,166,protein_coding,,Trichuris trichiura (PRJEB535),protein_coding,trtricprjeb535
TTRE8392,TTRE8392_t1,4,protein_coding,,Trichuris trichiura (PRJEB535),protein_coding,trtricprjeb535
TTRE11098,TTRE11098_t1,468,protein_coding,,Trichuris trichiura (PRJEB535),protein_coding,trtricprjeb535
TTRE7137,TTRE7137_t1,662,protein_coding,,Trichuris trichiura (PRJEB535),protein_coding,trtricprjeb535
TTRE293,TTRE293_t1,550,protein_coding,,Trichuris trichiura (PRJEB535),protein_coding,trtricprjeb535
TTRE10038,TTRE10038_t1,221,protein_coding,,Trichuris trichiura (PRJEB535),protein_coding,trtricprjeb535
TTRE6891,TTRE6891_t1,710,protein_coding,,Trichuris trichiura (PRJEB535),protein_coding,trtricprjeb535
TTRE11555,TTRE11555_t1,161,protein_coding,,Trichuris trichiura (PRJEB535),protein_coding,trtricprjeb535
TTRE1060,TTRE1060_t1,293,protein_coding,,Trichuris trichiura (PRJEB535),protein_coding,trtricprjeb535
TTRE7356,TTRE7356_t1,764,protein_coding,,Trichuris trichiura (PRJEB535),protein_coding,trtricprjeb535
TTRE10969,TTRE10969_t1,326,protein_coding,DUF4773 domain-containing protein  [Source:UniProtKB/TrEMBL;Acc:A0A077YXM5],Trichuris trichiura (PRJEB535),protein_coding,trtricprjeb535
TTRE792,TTRE792_t1,163,protein_coding,,Trichuris trichiura (PRJEB535),protein_coding,trtricprjeb535
TTRE1318,TTRE1318_t1,266,protein_coding,Lysine specific histone demethylase 1B  [Source:UniProtKB/TrEMBL;Acc:A0A077YYL2],Trichuris trichiura (PRJEB535),protein_coding,trtricprjeb535
TTRE1909,TTRE1909_t1,215,protein_coding,,Trichuris trichiura (PRJEB535),protein_coding,trtricprjeb535
TTRE11816,TTRE11816_t1,1640,protein_coding,,Trichuris trichiura (PRJEB535),protein_coding,trtricprjeb535
TTRE9012,TTRE9012_t1,932,protein_coding,Fucosyltransferase  [Source:UniProtKB/TrEMBL;Acc:A0A077YYT0],Trichuris trichiura (PRJEB535),protein_coding,trtricprjeb535
TTRE3301,TTRE3301_t1,480,protein_coding,DNA polymerase kappa  [Source:UniProtKB/TrEMBL;Acc:A0A077ZFW4],Trichuris trichiura (PRJEB535),protein_coding,trtricprjeb535
TTRE7064,TTRE7064_t1,827,protein_coding,,Trichuris trichiura (PRJEB535),protein_coding,trtricprjeb535
TTRE3401,TTRE3401_t1,252,protein_coding,Anaerobic ribonucleoside triphosphate reductase  [Source:UniProtKB/TrEMBL;Acc:A0A077Z6Y4],Trichuris trichiura (PRJEB535),protein_coding,trtricprjeb535
TTRE2448,TTRE2448_t1,536,protein_coding,PIP49 C domain containing protein  [Source:UniProtKB/TrEMBL;Acc:A0A077Z5L1],Trichuris trichiura (PRJEB535),protein_coding,trtricprjeb535
TTRE7569,TTRE7569_t1,465,protein_coding,,Trichuris trichiura (PRJEB535),protein_coding,trtricprjeb535
TTRE10777,TTRE10777_t1,1195,protein_coding,,Trichuris trichiura (PRJEB535),protein_coding,trtricprjeb535
TTRE4114,TTRE4114_t1,476,protein_coding,,Trichuris trichiura (PRJEB535),protein_coding,trtricprjeb535
TTRE11431,TTRE11431_t1,272,protein_coding,,Trichuris trichiura (PRJEB535),protein_coding,trtricprjeb535
TTRE12465,TTRE12465_t1,368,protein_coding,proline--tRNA ligase  [Source:UniProtKB/TrEMBL;Acc:A0A077ZMG2],Trichuris trichiura (PRJEB535),protein_coding,trtricprjeb535
TTRE11060,TTRE11060_t1,1137,protein_coding,,Trichuris trichiura (PRJEB535),protein_coding,trtricprjeb535
TTRE2625,TTRE2625_t1,1254,protein_coding,DUF229 domain containing protein  [Source:UniProtKB/TrEMBL;Acc:A0A077ZKN9],Trichuris trichiura (PRJEB535),protein_coding,trtricprjeb535
TTRE12504,TTRE12504_t1,329,protein_coding,,Trichuris trichiura (PRJEB535),protein_coding,trtricprjeb535
TTRE9345,TTRE9345_t1,322,protein_coding,EB domain containing protein  [Source:UniProtKB/TrEMBL;Acc:A0A077ZE54],Trichuris trichiura (PRJEB535),protein_coding,trtricprjeb535
TTRE5373,TTRE5373_t1,319,protein_coding,Synaptotagmin 4  [Source:UniProtKB/TrEMBL;Acc:A0A077YWS4],Trichuris trichiura (PRJEB535),protein_coding,trtricprjeb535
TTRE126,TTRE126_t1,539,protein_coding,,Trichuris trichiura (PRJEB535),protein_coding,trtricprjeb535
TTRE11963,TTRE11963_t1,280,protein_coding,,Trichuris trichiura (PRJEB535),protein_coding,trtricprjeb535
TTRE5779,TTRE5779_t1,335,protein_coding,,Trichuris trichiura (PRJEB535),protein_coding,trtricprjeb535
TTRE10242,TTRE10242_t1,638,protein_coding,,Trichuris trichiura (PRJEB535),protein_coding,trtricprjeb535
TTRE9761,TTRE9761_t1,198,protein_coding,,Trichuris trichiura (PRJEB535),protein_coding,trtricprjeb535
TTRE7818,TTRE7818_t1,503,protein_coding,,Trichuris trichiura (PRJEB535),protein_coding,trtricprjeb535
TTRE6353,TTRE6353_t1,339,protein_coding,,Trichuris trichiura (PRJEB535),protein_coding,trtricprjeb535
TTRE9416,TTRE9416_t1,698,protein_coding,Pseudouridine 5' monophosphatase  [Source:UniProtKB/TrEMBL;Acc:A0A077ZGE1],Trichuris trichiura (PRJEB535),protein_coding,trtricprjeb535
TTRE11215,TTRE11215_t1,416,protein_coding,,Trichuris trichiura (PRJEB535),protein_coding,trtricprjeb535
TTRE4629,TTRE4629_t1,137,protein_coding,Mediator of RNA polymerase II transcription subun it 22  [Source:UniProtKB/TrEMBL;Acc:A0A077Z5M8],Trichuris trichiura (PRJEB535),protein_coding,trtricprjeb535
TTRE7385,TTRE7385_t1,392,protein_coding,Spt5-NGN domain-containing protein  [Source:UniProtKB/TrEMBL;Acc:A0A077ZHC7],Trichuris trichiura (PRJEB535),protein_coding,trtricprjeb535
TTRE10113,TTRE10113_t1,596,protein_coding,,Trichuris trichiura (PRJEB535),protein_coding,trtricprjeb535
TTRE3953,TTRE3953_t1,212,protein_coding,,Trichuris trichiura (PRJEB535),protein_coding,trtricprjeb535
TTRE4527,TTRE4527_t1,206,protein_coding,,Trichuris trichiura (PRJEB535),protein_coding,trtricprjeb535
TTRE1064,TTRE1064_t1,863,protein_coding,Purine nucleoside phosphorylase  [Source:UniProtKB/TrEMBL;Acc:A0A077YZ86],Trichuris trichiura (PRJEB535),protein_coding,trtricprjeb535
TTRE1671,TTRE1671_t1,503,protein_coding,,Trichuris trichiura (PRJEB535),protein_coding,trtricprjeb535
TTRE11951,TTRE11951_t1,1307,protein_coding,,Trichuris trichiura (PRJEB535),protein_coding,trtricprjeb535
TTRE11950,TTRE11950_t1,353,protein_coding,,Trichuris trichiura (PRJEB535),protein_coding,trtricprjeb535
TTRE12568,TTRE12568_t1,363,protein_coding,,Trichuris trichiura (PRJEB535),protein_coding,trtricprjeb535
TTRE987,TTRE987_t1,139,protein_coding,,Trichuris trichiura (PRJEB535),protein_coding,trtricprjeb535
TTRE5423,TTRE5423_t1,1358,protein_coding,Gal mutarotas 2 and Glyco hydro 31 domain contain ing protein  [Source:UniProtKB/TrEMBL;Acc:A0A077Z0Q6],Trichuris trichiura (PRJEB535),protein_coding,trtricprjeb535
TTRE7922,TTRE7922_t1,432,protein_coding,,Trichuris trichiura (PRJEB535),protein_coding,trtricprjeb535
TTRE10463,TTRE10463_t1,648,protein_coding,,Trichuris trichiura (PRJEB535),protein_coding,trtricprjeb535
TTRE2862,TTRE2862_t1,358,protein_coding,,Trichuris trichiura (PRJEB535),protein_coding,trtricprjeb535
TTRE71,TTRE71_t1,540,protein_coding,,Trichuris trichiura (PRJEB535),protein_coding,trtricprjeb535
TTRE720,TTRE720_t1,153,protein_coding,"ATP synthase, H+ transporting, mitochondrial F1 c omplex, delta subunit  [Source:UniProtKB/TrEMBL;Acc:A0A077Z8I2]",Trichuris trichiura (PRJEB535),protein_coding,trtricprjeb535
TTRE10221,TTRE10221_t1,742,protein_coding,,Trichuris trichiura (PRJEB535),protein_coding,trtricprjeb535
TTRE2055,TTRE2055_t1,149,protein_coding,,Trichuris trichiura (PRJEB535),protein_coding,trtricprjeb535
TTRE340,TTRE340_t1,347,protein_coding,DUF4476 domain-containing protein  [Source:UniProtKB/TrEMBL;Acc:A0A077ZJU5],Trichuris trichiura (PRJEB535),protein_coding,trtricprjeb535
TTRE10479,TTRE10479_t1,250,protein_coding,,Trichuris trichiura (PRJEB535),protein_coding,trtricprjeb535
TTRE653,TTRE653_t1,521,protein_coding,,Trichuris trichiura (PRJEB535),protein_coding,trtricprjeb535
TTRE9092,TTRE9092_t1,320,protein_coding,,Trichuris trichiura (PRJEB535),protein_coding,trtricprjeb535
TTRE2706,TTRE2706_t2,362,protein_coding,Mitochondrial import inner membrane translocase subunit Tim21  [Source:UniProtKB/TrEMBL;Acc:A0A077ZFZ9],Trichuris trichiura (PRJEB535),protein_coding,trtricprjeb535
TTRE718,TTRE718_t1,291,protein_coding,,Trichuris trichiura (PRJEB535),protein_coding,trtricprjeb535
TTRE10927,TTRE10927_t1,163,protein_coding,,Trichuris trichiura (PRJEB535),protein_coding,trtricprjeb535
TTRE4778,TTRE4778_t1,1067,protein_coding,,Trichuris trichiura (PRJEB535),protein_coding,trtricprjeb535
TTRE5873,TTRE5873_t1,1703,protein_coding,Zinc finger protein 423  [Source:UniProtKB/TrEMBL;Acc:A0A077Z6W4],Trichuris trichiura (PRJEB535),protein_coding,trtricprjeb535
TTRE6389,TTRE6389_t1,302,protein_coding,,Trichuris trichiura (PRJEB535),protein_coding,trtricprjeb535
TTRE4041,TTRE4041_t1,299,protein_coding,,Trichuris trichiura (PRJEB535),protein_coding,trtricprjeb535
TTRE6735,TTRE6735_t1,699,protein_coding,,Trichuris trichiura (PRJEB535),protein_coding,trtricprjeb535
TTRE7806,TTRE7806_t1,266,protein_coding,CDP-OH P transf domain containing protein  [Source:UniProtKB/TrEMBL;Acc:A0A077ZKD9],Trichuris trichiura (PRJEB535),protein_coding,trtricprjeb535
TTRE2651,TTRE2651_t1,232,protein_coding,,Trichuris trichiura (PRJEB535),protein_coding,trtricprjeb535
TTRE2796,TTRE2796_t1,262,protein_coding,,Trichuris trichiura (PRJEB535),protein_coding,trtricprjeb535
TTRE7038,TTRE7038_t1,695,protein_coding,,Trichuris trichiura (PRJEB535),protein_coding,trtricprjeb535
TTRE1813,TTRE1813_t1,547,protein_coding,,Trichuris trichiura (PRJEB535),protein_coding,trtricprjeb535
TTRE2937,TTRE2937_t1,2290,protein_coding,,Trichuris trichiura (PRJEB535),protein_coding,trtricprjeb535
TTRE9785,TTRE9785_t1,314,protein_coding,,Trichuris trichiura (PRJEB535),protein_coding,trtricprjeb535
TTRE9979,TTRE9979_t1,524,protein_coding,,Trichuris trichiura (PRJEB535),protein_coding,trtricprjeb535
TTRE10837,TTRE10837_t1,320,protein_coding,,Trichuris trichiura (PRJEB535),protein_coding,trtricprjeb535
TTRE9900,TTRE9900_t1,365,protein_coding,,Trichuris trichiura (PRJEB535),protein_coding,trtricprjeb535
TTRE4248,TTRE4248_t1,299,protein_coding,,Trichuris trichiura (PRJEB535),protein_coding,trtricprjeb535
TTRE12092,TTRE12092_t1,530,protein_coding,,Trichuris trichiura (PRJEB535),protein_coding,trtricprjeb535
TTRE12633,TTRE12633_t1,383,protein_coding,Ribonucloprotein  [Source:UniProtKB/TrEMBL;Acc:A0A077ZB64],Trichuris trichiura (PRJEB535),protein_coding,trtricprjeb535
TTRE2475,TTRE2475_t1,262,protein_coding,,Trichuris trichiura (PRJEB535),protein_coding,trtricprjeb535
TTRE2493,TTRE2493_t1,259,protein_coding,,Trichuris trichiura (PRJEB535),protein_coding,trtricprjeb535
TTRE11900,TTRE11900_t1,233,protein_coding,,Trichuris trichiura (PRJEB535),protein_coding,trtricprjeb535
TTRE4682,TTRE4682_t2,174,protein_coding,,Trichuris trichiura (PRJEB535),protein_coding,trtricprjeb535
TTRE215,TTRE215_t1,352,protein_coding,CHCH domain containing protein  [Source:UniProtKB/TrEMBL;Acc:A0A077YYW2],Trichuris trichiura (PRJEB535),protein_coding,trtricprjeb535
TTRE120,TTRE120_t1,110,protein_coding,,Trichuris trichiura (PRJEB535),protein_coding,trtricprjeb535
TTRE10343,TTRE10343_t1,326,protein_coding,,Trichuris trichiura (PRJEB535),protein_coding,trtricprjeb535
TTRE9823,TTRE9823_t1,133,protein_coding,,Trichuris trichiura (PRJEB535),protein_coding,trtricprjeb535
TTRE7442,TTRE7442_t1,760,protein_coding,,Trichuris trichiura (PRJEB535),protein_coding,trtricprjeb535
TTRE11021,TTRE11021_t1,734,protein_coding,,Trichuris trichiura (PRJEB535),protein_coding,trtricprjeb535
TTRE6671,TTRE6671_t1,669,protein_coding,,Trichuris trichiura (PRJEB535),protein_coding,trtricprjeb535
TTRE9513,TTRE9513_t1,455,protein_coding,,Trichuris trichiura (PRJEB535),protein_coding,trtricprjeb535
TTRE8129,TTRE8129_t1,443,protein_coding,,Trichuris trichiura (PRJEB535),protein_coding,trtricprjeb535
TTRE10441,TTRE10441_t1,336,protein_coding,,Trichuris trichiura (PRJEB535),protein_coding,trtricprjeb535
TTRE11232,TTRE11232_t1,123,protein_coding,,Trichuris trichiura (PRJEB535),protein_coding,trtricprjeb535
TTRE8953,TTRE8953_t1,1118,protein_coding,EFF-AFF domain containing protein  [Source:UniProtKB/TrEMBL;Acc:A0A077YXM7],Trichuris trichiura (PRJEB535),protein_coding,trtricprjeb535
TTRE10917,TTRE10917_t1,479,protein_coding,,Trichuris trichiura (PRJEB535),protein_coding,trtricprjeb535
TTRE9635,TTRE9635_t1,257,protein_coding,,Trichuris trichiura (PRJEB535),protein_coding,trtricprjeb535
TTRE3649,TTRE3649_t1,216,protein_coding,,Trichuris trichiura (PRJEB535),protein_coding,trtricprjeb535
TTRE6749,TTRE6749_t1,193,protein_coding,,Trichuris trichiura (PRJEB535),protein_coding,trtricprjeb535
TTRE9304,TTRE9304_t1,191,protein_coding,,Trichuris trichiura (PRJEB535),protein_coding,trtricprjeb535
TTRE8025,TTRE8025_t1,176,protein_coding,,Trichuris trichiura (PRJEB535),protein_coding,trtricprjeb535
TTRE5532,TTRE5532_t1,127,protein_coding,Nucleoside diphosphate kinase  [Source:UniProtKB/TrEMBL;Acc:A0A077YZ73],Trichuris trichiura (PRJEB535),protein_coding,trtricprjeb535
TTRE9549,TTRE9549_t1,878,protein_coding,,Trichuris trichiura (PRJEB535),protein_coding,trtricprjeb535
TTRE11482,TTRE11482_t1,221,protein_coding,,Trichuris trichiura (PRJEB535),protein_coding,trtricprjeb535
TTRE3955,TTRE3955_t1,410,protein_coding,,Trichuris trichiura (PRJEB535),protein_coding,trtricprjeb535
TTRE3066,TTRE3066_t1,185,protein_coding,,Trichuris trichiura (PRJEB535),protein_coding,trtricprjeb535
TTRE10981,TTRE10981_t1,160,protein_coding,,Trichuris trichiura (PRJEB535),protein_coding,trtricprjeb535
TTRE2993,TTRE2993_t1,916,protein_coding,,Trichuris trichiura (PRJEB535),protein_coding,trtricprjeb535
TTRE6327,TTRE6327_t1,1787,protein_coding,,Trichuris trichiura (PRJEB535),protein_coding,trtricprjeb535
TTRE6457,TTRE6457_t1,305,protein_coding,,Trichuris trichiura (PRJEB535),protein_coding,trtricprjeb535
TTRE3800,TTRE3800_t1,197,protein_coding,,Trichuris trichiura (PRJEB535),protein_coding,trtricprjeb535
TTRE1923,TTRE1923_t1,188,protein_coding,,Trichuris trichiura (PRJEB535),protein_coding,trtricprjeb535
TTRE2817,TTRE2817_t1,413,protein_coding,,Trichuris trichiura (PRJEB535),protein_coding,trtricprjeb535
TTRE9140,TTRE9140_t1,315,protein_coding,,Trichuris trichiura (PRJEB535),protein_coding,trtricprjeb535
TTRE4706,TTRE4706_t1,221,protein_coding,,Trichuris trichiura (PRJEB535),protein_coding,trtricprjeb535
TTRE5684,TTRE5684_t1,702,protein_coding,Dickkopf_N domain-containing protein  [Source:UniProtKB/TrEMBL;Acc:A0A077Z0D2],Trichuris trichiura (PRJEB535),protein_coding,trtricprjeb535
TTRE1259,TTRE1259_t1,2246,protein_coding,,Trichuris trichiura (PRJEB535),protein_coding,trtricprjeb535
TTRE5536,TTRE5536_t1,239,protein_coding,,Trichuris trichiura (PRJEB535),protein_coding,trtricprjeb535
TTRE9771,TTRE9771_t1,1220,protein_coding,,Trichuris trichiura (PRJEB535),protein_coding,trtricprjeb535
TTRE3679,TTRE3679_t1,341,protein_coding,Ig-like domain-containing protein  [Source:UniProtKB/TrEMBL;Acc:A0A077ZCM4],Trichuris trichiura (PRJEB535),protein_coding,trtricprjeb535
TTRE10656,TTRE10656_t1,785,protein_coding,,Trichuris trichiura (PRJEB535),protein_coding,trtricprjeb535
TTRE1223,TTRE1223_t1,245,protein_coding,Calsequestrin  [Source:UniProtKB/TrEMBL;Acc:A0A077ZEY0],Trichuris trichiura (PRJEB535),protein_coding,trtricprjeb535
TTRE8702,TTRE8702_t1,326,protein_coding,,Trichuris trichiura (PRJEB535),protein_coding,trtricprjeb535
TTRE7170,TTRE7170_t1,302,protein_coding,,Trichuris trichiura (PRJEB535),protein_coding,trtricprjeb535
TTRE11186,TTRE11186_t1,1619,protein_coding,,Trichuris trichiura (PRJEB535),protein_coding,trtricprjeb535
TTRE1570,TTRE1570_t1,675,protein_coding,Cullin associated NEDD8 dissociated protein  [Source:UniProtKB/TrEMBL;Acc:A0A077Z6L7],Trichuris trichiura (PRJEB535),protein_coding,trtricprjeb535
TTRE9952,TTRE9952_t1,109,protein_coding,,Trichuris trichiura (PRJEB535),protein_coding,trtricprjeb535
TTRE8269,TTRE8269_t1,647,protein_coding,G_PROTEIN_RECEP_F1_2 domain-containing protein  [Source:UniProtKB/TrEMBL;Acc:A0A077YV18],Trichuris trichiura (PRJEB535),protein_coding,trtricprjeb535
TTRE6086,TTRE6086_t1,458,protein_coding,,Trichuris trichiura (PRJEB535),protein_coding,trtricprjeb535
TTRE7277,TTRE7277_t1,1253,protein_coding,,Trichuris trichiura (PRJEB535),protein_coding,trtricprjeb535
TTRE4384,TTRE4384_t1,318,protein_coding,Cathepsin D aspartic protease  [Source:UniProtKB/TrEMBL;Acc:A0A077ZAI4],Trichuris trichiura (PRJEB535),protein_coding,trtricprjeb535
TTRE7026,TTRE7026_t1,410,protein_coding,,Trichuris trichiura (PRJEB535),protein_coding,trtricprjeb535
TTRE3664,TTRE3664_t1,186,protein_coding,,Trichuris trichiura (PRJEB535),protein_coding,trtricprjeb535
TTRE1984,TTRE1984_t1,718,protein_coding,O-acyltransferase  [Source:UniProtKB/TrEMBL;Acc:A0A077YYJ2],Trichuris trichiura (PRJEB535),protein_coding,trtricprjeb535
TTRE7801,TTRE7801_t1,192,protein_coding,,Trichuris trichiura (PRJEB535),protein_coding,trtricprjeb535
TTRE9263,TTRE9263_t1,332,protein_coding,,Trichuris trichiura (PRJEB535),protein_coding,trtricprjeb535
TTRE8379,TTRE8379_t1,391,protein_coding,,Trichuris trichiura (PRJEB535),protein_coding,trtricprjeb535
TTRE3397,TTRE3397_t1,431,protein_coding,,Trichuris trichiura (PRJEB535),protein_coding,trtricprjeb535
TTRE633,TTRE633_t1,276,protein_coding,Choline:ethanolamine kinase  [Source:UniProtKB/TrEMBL;Acc:A0A077Z6S1],Trichuris trichiura (PRJEB535),protein_coding,trtricprjeb535
TTRE5197,TTRE5197_t1,1420,protein_coding,DNA repair endonuclease XPF  [Source:UniProtKB/TrEMBL;Acc:A0A077ZLN5],Trichuris trichiura (PRJEB535),protein_coding,trtricprjeb535
TTRE4996,TTRE4996_t1,507,protein_coding,Zf-RING 2 domain containing protein  [Source:UniProtKB/TrEMBL;Acc:A0A077ZBM0],Trichuris trichiura (PRJEB535),protein_coding,trtricprjeb535
TTRE1946,TTRE1946_t1,180,protein_coding,DNA directed RNA polymerase II subunit RPB4  [Source:UniProtKB/TrEMBL;Acc:A0A077Z3C3],Trichuris trichiura (PRJEB535),protein_coding,trtricprjeb535
TTRE8214,TTRE8214_t1,253,protein_coding,,Trichuris trichiura (PRJEB535),protein_coding,trtricprjeb535
TTRE10736,TTRE10736_t1,764,protein_coding,,Trichuris trichiura (PRJEB535),protein_coding,trtricprjeb535
TTRE1965,TTRE1965_t1,821,protein_coding,Protein KTI12 homolog  [Source:UniProtKB/TrEMBL;Acc:A0A077YZS3],Trichuris trichiura (PRJEB535),protein_coding,trtricprjeb535
TTRE7850,TTRE7850_t1,323,protein_coding,,Trichuris trichiura (PRJEB535),protein_coding,trtricprjeb535
TTRE4339,TTRE4339_t1,978,protein_coding,,Trichuris trichiura (PRJEB535),protein_coding,trtricprjeb535
TTRE1166,TTRE1166_t2,349,protein_coding,,Trichuris trichiura (PRJEB535),protein_coding,trtricprjeb535
TTRE1372,TTRE1372_t1,322,protein_coding,Globin domain containing protein  [Source:UniProtKB/TrEMBL;Acc:A0A077Z7R6],Trichuris trichiura (PRJEB535),protein_coding,trtricprjeb535
TTRE12212,TTRE12212_t1,218,protein_coding,,Trichuris trichiura (PRJEB535),protein_coding,trtricprjeb535
TTRE5862,TTRE5862_t1,202,protein_coding,,Trichuris trichiura (PRJEB535),protein_coding,trtricprjeb535
TTRE10318,TTRE10318_t1,682,protein_coding,,Trichuris trichiura (PRJEB535),protein_coding,trtricprjeb535
TTRE5693,TTRE5693_t1,253,protein_coding,,Trichuris trichiura (PRJEB535),protein_coding,trtricprjeb535
TTRE8298,TTRE8298_t1,286,protein_coding,,Trichuris trichiura (PRJEB535),protein_coding,trtricprjeb535
TTRE7518,TTRE7518_t1,291,protein_coding,Protein clc isoform  [Source:UniProtKB/TrEMBL;Acc:A0A077ZAT7],Trichuris trichiura (PRJEB535),protein_coding,trtricprjeb535
TTRE10973,TTRE10973_t1,136,protein_coding,,Trichuris trichiura (PRJEB535),protein_coding,trtricprjeb535
TTRE11390,TTRE11390_t1,323,protein_coding,,Trichuris trichiura (PRJEB535),protein_coding,trtricprjeb535
TTRE1153,TTRE1153_t1,310,protein_coding,,Trichuris trichiura (PRJEB535),protein_coding,trtricprjeb535
TTRE5411,TTRE5411_t1,277,protein_coding,,Trichuris trichiura (PRJEB535),protein_coding,trtricprjeb535
TTRE1843,TTRE1843_t1,321,protein_coding,,Trichuris trichiura (PRJEB535),protein_coding,trtricprjeb535
TTRE3448,TTRE3448_t1,172,protein_coding,,Trichuris trichiura (PRJEB535),protein_coding,trtricprjeb535
TTRE7173,TTRE7173_t1,356,protein_coding,,Trichuris trichiura (PRJEB535),protein_coding,trtricprjeb535
TTRE8438,TTRE8438_t1,158,protein_coding,Galectin  [Source:UniProtKB/TrEMBL;Acc:A0A077YZH6],Trichuris trichiura (PRJEB535),protein_coding,trtricprjeb535
TTRE6498,TTRE6498_t1,134,protein_coding,,Trichuris trichiura (PRJEB535),protein_coding,trtricprjeb535
TTRE9195,TTRE9195_t1,274,protein_coding,,Trichuris trichiura (PRJEB535),protein_coding,trtricprjeb535
TTRE10215,TTRE10215_t1,1037,protein_coding,,Trichuris trichiura (PRJEB535),protein_coding,trtricprjeb535
TTRE3922,TTRE3922_t1,491,protein_coding,Histone domain containing protein  [Source:UniProtKB/TrEMBL;Acc:A0A077ZHL9],Trichuris trichiura (PRJEB535),protein_coding,trtricprjeb535
TTRE4209,TTRE4209_t1,152,protein_coding,,Trichuris trichiura (PRJEB535),protein_coding,trtricprjeb535
TTRE5559,TTRE5559_t1,1829,protein_coding,,Trichuris trichiura (PRJEB535),protein_coding,trtricprjeb535
TTRE11942,TTRE11942_t1,444,protein_coding,,Trichuris trichiura (PRJEB535),protein_coding,trtricprjeb535
TTRE9875,TTRE9875_t1,413,protein_coding,,Trichuris trichiura (PRJEB535),protein_coding,trtricprjeb535
TTRE8228,TTRE8228_t1,1244,protein_coding,RNA exonuclease  [Source:UniProtKB/TrEMBL;Acc:A0A077Z8L6],Trichuris trichiura (PRJEB535),protein_coding,trtricprjeb535
TTRE3328,TTRE3328_t1,1481,protein_coding,Membrane-bound transcription factor site-2 protease  [Source:UniProtKB/TrEMBL;Acc:A0A077Z9D0],Trichuris trichiura (PRJEB535),protein_coding,trtricprjeb535
TTRE5697,TTRE5697_t1,1235,protein_coding,,Trichuris trichiura (PRJEB535),protein_coding,trtricprjeb535
TTRE4827,TTRE4827_t1,1735,protein_coding,,Trichuris trichiura (PRJEB535),protein_coding,trtricprjeb535
TTRE2245,TTRE2245_t1,419,protein_coding,"Myosin heavy chain, non muscle  [Source:UniProtKB/TrEMBL;Acc:A0A077Z5K1]",Trichuris trichiura (PRJEB535),protein_coding,trtricprjeb535
TTRE7504,TTRE7504_t1,1065,protein_coding,,Trichuris trichiura (PRJEB535),protein_coding,trtricprjeb535
TTRE8416,TTRE8416_t1,227,protein_coding,Lymphoid specific helicase  [Source:UniProtKB/TrEMBL;Acc:A0A077YY16],Trichuris trichiura (PRJEB535),protein_coding,trtricprjeb535
TTRE1455,TTRE1455_t3,792,protein_coding,,Trichuris trichiura (PRJEB535),protein_coding,trtricprjeb535
TTRE3387,TTRE3387_t1,135,protein_coding,,Trichuris trichiura (PRJEB535),protein_coding,trtricprjeb535
TTRE8151,TTRE8151_t1,464,protein_coding,,Trichuris trichiura (PRJEB535),protein_coding,trtricprjeb535
TTRE616,TTRE616_t1,1646,protein_coding,Beta-hexosaminidase  [Source:UniProtKB/TrEMBL;Acc:A0A077Z072],Trichuris trichiura (PRJEB535),protein_coding,trtricprjeb535
TTRE4747,TTRE4747_t1,305,protein_coding,Signal transducer and activator of transcription  [Source:UniProtKB/TrEMBL;Acc:A0A077YY66],Trichuris trichiura (PRJEB535),protein_coding,trtricprjeb535
TTRE9582,TTRE9582_t1,512,protein_coding,,Trichuris trichiura (PRJEB535),protein_coding,trtricprjeb535
TTRE123,TTRE123_t1,411,protein_coding,,Trichuris trichiura (PRJEB535),protein_coding,trtricprjeb535
TTRE3118,TTRE3118_t1,184,protein_coding,,Trichuris trichiura (PRJEB535),protein_coding,trtricprjeb535
TTRE5982,TTRE5982_t1,870,protein_coding,Mannosyl-oligosaccharide glucosidase  [Source:UniProtKB/TrEMBL;Acc:A0A077Z4K9],Trichuris trichiura (PRJEB535),protein_coding,trtricprjeb535
TTRE2206,TTRE2206_t1,862,protein_coding,,Trichuris trichiura (PRJEB535),protein_coding,trtricprjeb535
TTRE11440,TTRE11440_t1,195,protein_coding,Ornithine decarboxylase antizyme  [Source:UniProtKB/TrEMBL;Acc:A0A077ZCS4],Trichuris trichiura (PRJEB535),protein_coding,trtricprjeb535
TTRE8150,TTRE8150_t1,473,protein_coding,,Trichuris trichiura (PRJEB535),protein_coding,trtricprjeb535
TTRE11326,TTRE11326_t1,221,protein_coding,,Trichuris trichiura (PRJEB535),protein_coding,trtricprjeb535
TTRE6025,TTRE6025_t1,1955,protein_coding,,Trichuris trichiura (PRJEB535),protein_coding,trtricprjeb535
TTRE962,TTRE962_t1,852,protein_coding,MFS 1 and MFS 1 like domain containing protein  [Source:UniProtKB/TrEMBL;Acc:A0A077ZKZ3],Trichuris trichiura (PRJEB535),protein_coding,trtricprjeb535
TTRE5445,TTRE5445_t1,808,protein_coding,,Trichuris trichiura (PRJEB535),protein_coding,trtricprjeb535
TTRE7477,TTRE7477_t1,138,protein_coding,,Trichuris trichiura (PRJEB535),protein_coding,trtricprjeb535
TTRE9425,TTRE9425_t1,439,protein_coding,,Trichuris trichiura (PRJEB535),protein_coding,trtricprjeb535
TTRE4477,TTRE4477_t1,413,protein_coding,,Trichuris trichiura (PRJEB535),protein_coding,trtricprjeb535
TTRE4592,TTRE4592_t1,347,protein_coding,Polypeptide N-acetylgalactosaminyltransferase  [Source:UniProtKB/TrEMBL;Acc:A0A077Z3L7],Trichuris trichiura (PRJEB535),protein_coding,trtricprjeb535
TTRE9465,TTRE9465_t1,1162,protein_coding,,Trichuris trichiura (PRJEB535),protein_coding,trtricprjeb535
TTRE1040,TTRE1040_t1,934,protein_coding,Cyclin G associated kinase  [Source:UniProtKB/TrEMBL;Acc:A0A077YZU9],Trichuris trichiura (PRJEB535),protein_coding,trtricprjeb535
TTRE6478,TTRE6478_t1,451,protein_coding,,Trichuris trichiura (PRJEB535),protein_coding,trtricprjeb535
TTRE412,TTRE412_t1,692,protein_coding,Rho GTP binding protein RhoU  [Source:UniProtKB/TrEMBL;Acc:A0A077Z8L9],Trichuris trichiura (PRJEB535),protein_coding,trtricprjeb535
TTRE5208,TTRE5208_t1,304,protein_coding,OV 16 antigen  [Source:UniProtKB/TrEMBL;Acc:A0A077ZPX5],Trichuris trichiura (PRJEB535),protein_coding,trtricprjeb535
TTRE11978,TTRE11978_t1,326,protein_coding,,Trichuris trichiura (PRJEB535),protein_coding,trtricprjeb535
TTRE4307,TTRE4307_t1,268,protein_coding,Voltage-dependent L-type calcium channel subunit alpha  [Source:UniProtKB/TrEMBL;Acc:A0A077Z0W2],Trichuris trichiura (PRJEB535),protein_coding,trtricprjeb535
TTRE606,TTRE606_t1,235,protein_coding,,Trichuris trichiura (PRJEB535),protein_coding,trtricprjeb535
TTRE908,TTRE908_t1,706,protein_coding,EB module family protein  [Source:UniProtKB/TrEMBL;Acc:A0A077ZK19],Trichuris trichiura (PRJEB535),protein_coding,trtricprjeb535
TTRE2839,TTRE2839_t1,365,protein_coding,,Trichuris trichiura (PRJEB535),protein_coding,trtricprjeb535
TTRE12270,TTRE12270_t1,362,protein_coding,,Trichuris trichiura (PRJEB535),protein_coding,trtricprjeb535
TTRE6395,TTRE6395_t1,839,protein_coding,,Trichuris trichiura (PRJEB535),protein_coding,trtricprjeb535
TTRE1580,TTRE1580_t1,327,protein_coding,I-set domain containing protein  [Source:UniProtKB/TrEMBL;Acc:A0A077Z4T7],Trichuris trichiura (PRJEB535),protein_coding,trtricprjeb535
TTRE6348,TTRE6348_t1,155,protein_coding,,Trichuris trichiura (PRJEB535),protein_coding,trtricprjeb535
TTRE1228,TTRE1228_t1,313,protein_coding,,Trichuris trichiura (PRJEB535),protein_coding,trtricprjeb535
TTRE9414,TTRE9414_t1,240,protein_coding,,Trichuris trichiura (PRJEB535),protein_coding,trtricprjeb535
TTRE10075,TTRE10075_t1,971,protein_coding,,Trichuris trichiura (PRJEB535),protein_coding,trtricprjeb535
TTRE3665,TTRE3665_t1,292,protein_coding,,Trichuris trichiura (PRJEB535),protein_coding,trtricprjeb535
TTRE7654,TTRE7654_t1,133,protein_coding,,Trichuris trichiura (PRJEB535),protein_coding,trtricprjeb535
TTRE3511,TTRE3511_t1,302,protein_coding,,Trichuris trichiura (PRJEB535),protein_coding,trtricprjeb535
TTRE5819,TTRE5819_t1,873,protein_coding,,Trichuris trichiura (PRJEB535),protein_coding,trtricprjeb535
TTRE1276,TTRE1276_t1,1019,protein_coding,Tau tubulin kinase 1  [Source:UniProtKB/TrEMBL;Acc:A0A077ZPC3],Trichuris trichiura (PRJEB535),protein_coding,trtricprjeb535
TTRE11314,TTRE11314_t1,218,protein_coding,,Trichuris trichiura (PRJEB535),protein_coding,trtricprjeb535
TTRE6475,TTRE6475_t1,978,protein_coding,EI24 domain containing protein  [Source:UniProtKB/TrEMBL;Acc:A0A077Z7X0],Trichuris trichiura (PRJEB535),protein_coding,trtricprjeb535
TTRE290,TTRE290_t1,348,protein_coding,,Trichuris trichiura (PRJEB535),protein_coding,trtricprjeb535
TTRE4222,TTRE4222_t1,1250,protein_coding,,Trichuris trichiura (PRJEB535),protein_coding,trtricprjeb535
TTRE4867,TTRE4867_t1,348,protein_coding,,Trichuris trichiura (PRJEB535),protein_coding,trtricprjeb535
TTRE4093,TTRE4093_t1,246,protein_coding,Ribosome assembly protein 3  [Source:UniProtKB/TrEMBL;Acc:A0A077Z2U8],Trichuris trichiura (PRJEB535),protein_coding,trtricprjeb535
TTRE1178,TTRE1178_t1,220,protein_coding,,Trichuris trichiura (PRJEB535),protein_coding,trtricprjeb535
TTRE443,TTRE443_t1,129,protein_coding,26S proteasome complex subunit dss-1  [Source:UniProtKB/TrEMBL;Acc:A0A077Z681],Trichuris trichiura (PRJEB535),protein_coding,trtricprjeb535
TTRE11119,TTRE11119_t1,503,protein_coding,,Trichuris trichiura (PRJEB535),protein_coding,trtricprjeb535
TTRE12299,TTRE12299_t1,27,protein_coding,,Trichuris trichiura (PRJEB535),protein_coding,trtricprjeb535
TTRE11659,TTRE11659_t1,2773,protein_coding,,Trichuris trichiura (PRJEB535),protein_coding,trtricprjeb535
TTRE4271,TTRE4271_t1,1621,protein_coding,,Trichuris trichiura (PRJEB535),protein_coding,trtricprjeb535
TTRE3952,TTRE3952_t1,751,protein_coding,"Stackhouse genomic scaffold, scaffold 140  [Source:UniProtKB/TrEMBL;Acc:A0A077ZCA3]",Trichuris trichiura (PRJEB535),protein_coding,trtricprjeb535
TTRE12051,TTRE12051_t1,1244,protein_coding,,Trichuris trichiura (PRJEB535),protein_coding,trtricprjeb535
TTRE6439,TTRE6439_t1,321,protein_coding,Dentin matrix protein 4  [Source:UniProtKB/TrEMBL;Acc:A0A077Z2I1],Trichuris trichiura (PRJEB535),protein_coding,trtricprjeb535
TTRE6974,TTRE6974_t1,422,protein_coding,,Trichuris trichiura (PRJEB535),protein_coding,trtricprjeb535
TTRE3683,TTRE3683_t1,316,protein_coding,,Trichuris trichiura (PRJEB535),protein_coding,trtricprjeb535
TTRE9590,TTRE9590_t1,258,protein_coding,,Trichuris trichiura (PRJEB535),protein_coding,trtricprjeb535
TTRE11869,TTRE11869_t1,275,protein_coding,,Trichuris trichiura (PRJEB535),protein_coding,trtricprjeb535
TTRE4880,TTRE4880_t1,522,protein_coding,Glucose-6-phosphate 1-dehydrogenase  [Source:UniProtKB/TrEMBL;Acc:A0A077Z8B9],Trichuris trichiura (PRJEB535),protein_coding,trtricprjeb535
TTRE11449,TTRE11449_t1,812,protein_coding,purine-nucleoside phosphorylase  [Source:UniProtKB/TrEMBL;Acc:A0A077Z5A4],Trichuris trichiura (PRJEB535),protein_coding,trtricprjeb535
TTRE8957,TTRE8957_t1,196,protein_coding,,Trichuris trichiura (PRJEB535),protein_coding,trtricprjeb535
TTRE4684,TTRE4684_t1,223,protein_coding,26S proteasome non ATPase regulatory subunit 3  [Source:UniProtKB/TrEMBL;Acc:A0A077ZDU4],Trichuris trichiura (PRJEB535),protein_coding,trtricprjeb535
TTRE283,TTRE283_t1,237,protein_coding,,Trichuris trichiura (PRJEB535),protein_coding,trtricprjeb535
TTRE6808,TTRE6808_t1,614,protein_coding,,Trichuris trichiura (PRJEB535),protein_coding,trtricprjeb535
TTRE438,TTRE438_t1,1976,protein_coding,Transcription initiation factor TFIID subunit 5  [Source:UniProtKB/TrEMBL;Acc:A0A077ZEV2],Trichuris trichiura (PRJEB535),protein_coding,trtricprjeb535
TTRE1605,TTRE1605_t1,851,protein_coding,,Trichuris trichiura (PRJEB535),protein_coding,trtricprjeb535
TTRE8828,TTRE8828_t1,175,protein_coding,,Trichuris trichiura (PRJEB535),protein_coding,trtricprjeb535
TTRE2737,TTRE2737_t1,127,protein_coding,,Trichuris trichiura (PRJEB535),protein_coding,trtricprjeb535
TTRE274,TTRE274_t1,177,protein_coding,,Trichuris trichiura (PRJEB535),protein_coding,trtricprjeb535
TTRE12199,TTRE12199_t1,136,protein_coding,,Trichuris trichiura (PRJEB535),protein_coding,trtricprjeb535
TTRE9717,TTRE9717_t1,129,protein_coding,,Trichuris trichiura (PRJEB535),protein_coding,trtricprjeb535
TTRE9142,TTRE9142_t1,275,protein_coding,,Trichuris trichiura (PRJEB535),protein_coding,trtricprjeb535
TTRE1622,TTRE1622_t1,1239,protein_coding,,Trichuris trichiura (PRJEB535),protein_coding,trtricprjeb535
TTRE4028,TTRE4028_t1,366,protein_coding,Chromatin remodeling complex ATPase chain Iswi  [Source:UniProtKB/TrEMBL;Acc:A0A077ZI43],Trichuris trichiura (PRJEB535),protein_coding,trtricprjeb535
TTRE4663,TTRE4663_t1,236,protein_coding,,Trichuris trichiura (PRJEB535),protein_coding,trtricprjeb535
TTRE3692,TTRE3692_t1,240,protein_coding,,Trichuris trichiura (PRJEB535),protein_coding,trtricprjeb535
TTRE8973,TTRE8973_t1,313,protein_coding,,Trichuris trichiura (PRJEB535),protein_coding,trtricprjeb535
TTRE10100,TTRE10100_t1,965,protein_coding,,Trichuris trichiura (PRJEB535),protein_coding,trtricprjeb535
TTRE7140,TTRE7140_t1,461,protein_coding,Regulator of rDNA transcription protein 15  [Source:UniProtKB/TrEMBL;Acc:A0A077ZMJ6],Trichuris trichiura (PRJEB535),protein_coding,trtricprjeb535
TTRE9125,TTRE9125_t1,434,protein_coding,,Trichuris trichiura (PRJEB535),protein_coding,trtricprjeb535
TTRE2330,TTRE2330_t1,833,protein_coding,,Trichuris trichiura (PRJEB535),protein_coding,trtricprjeb535
TTRE12318,TTRE12318_t1,1388,protein_coding,,Trichuris trichiura (PRJEB535),protein_coding,trtricprjeb535
TTRE10315,TTRE10315_t1,731,protein_coding,,Trichuris trichiura (PRJEB535),protein_coding,trtricprjeb535
TTRE12196,TTRE12196_t1,658,protein_coding,,Trichuris trichiura (PRJEB535),protein_coding,trtricprjeb535
TTRE4134,TTRE4134_t1,422,protein_coding,,Trichuris trichiura (PRJEB535),protein_coding,trtricprjeb535
TTRE8121,TTRE8121_t1,163,protein_coding,,Trichuris trichiura (PRJEB535),protein_coding,trtricprjeb535
TTRE10251,TTRE10251_t1,1342,protein_coding,,Trichuris trichiura (PRJEB535),protein_coding,trtricprjeb535
TTRE5401,TTRE5401_t1,148,protein_coding,,Trichuris trichiura (PRJEB535),protein_coding,trtricprjeb535
TTRE3580,TTRE3580_t1,413,protein_coding,Histidine-rich glycoprotein-like  [Source:UniProtKB/TrEMBL;Acc:A0A077Z6V4],Trichuris trichiura (PRJEB535),protein_coding,trtricprjeb535
TTRE2929,TTRE2929_t1,174,protein_coding,,Trichuris trichiura (PRJEB535),protein_coding,trtricprjeb535
TTRE7461,TTRE7461_t1,177,protein_coding,,Trichuris trichiura (PRJEB535),protein_coding,trtricprjeb535
TTRE565,TTRE565_t1,937,protein_coding,,Trichuris trichiura (PRJEB535),protein_coding,trtricprjeb535
TTRE5292,TTRE5292_t1,355,protein_coding,,Trichuris trichiura (PRJEB535),protein_coding,trtricprjeb535
TTRE2831,TTRE2831_t1,465,protein_coding,,Trichuris trichiura (PRJEB535),protein_coding,trtricprjeb535
TTRE3127,TTRE3127_t1,204,protein_coding,,Trichuris trichiura (PRJEB535),protein_coding,trtricprjeb535
TTRE5923,TTRE5923_t1,473,protein_coding,,Trichuris trichiura (PRJEB535),protein_coding,trtricprjeb535
TTRE8711,TTRE8711_t1,895,protein_coding,,Trichuris trichiura (PRJEB535),protein_coding,trtricprjeb535
TTRE1995,TTRE1995_t1,407,protein_coding,RRP15-like protein  [Source:UniProtKB/TrEMBL;Acc:A0A077Z5B2],Trichuris trichiura (PRJEB535),protein_coding,trtricprjeb535
TTRE9432,TTRE9432_t1,1808,protein_coding,,Trichuris trichiura (PRJEB535),protein_coding,trtricprjeb535
TTRE10030,TTRE10030_t1,305,protein_coding,,Trichuris trichiura (PRJEB535),protein_coding,trtricprjeb535
TTRE9020,TTRE9020_t1,182,protein_coding,,Trichuris trichiura (PRJEB535),protein_coding,trtricprjeb535
TTRE4623,TTRE4623_t1,363,protein_coding,Stress-activated protein kinase JNK  [Source:UniProtKB/TrEMBL;Acc:A0A077Z580],Trichuris trichiura (PRJEB535),protein_coding,trtricprjeb535
TTRE9504,TTRE9504_t1,162,protein_coding,,Trichuris trichiura (PRJEB535),protein_coding,trtricprjeb535
TTRE10893,TTRE10893_t1,740,protein_coding,,Trichuris trichiura (PRJEB535),protein_coding,trtricprjeb535
TTRE11294,TTRE11294_t1,268,protein_coding,,Trichuris trichiura (PRJEB535),protein_coding,trtricprjeb535
TTRE5375,TTRE5375_t1,209,protein_coding,,Trichuris trichiura (PRJEB535),protein_coding,trtricprjeb535
TTRE11466,TTRE11466_t1,239,protein_coding,,Trichuris trichiura (PRJEB535),protein_coding,trtricprjeb535
TTRE11435,TTRE11435_t1,204,protein_coding,,Trichuris trichiura (PRJEB535),protein_coding,trtricprjeb535
TTRE10322,TTRE10322_t1,440,protein_coding,,Trichuris trichiura (PRJEB535),protein_coding,trtricprjeb535
TTRE4362,TTRE4362_t1,428,protein_coding,,Trichuris trichiura (PRJEB535),protein_coding,trtricprjeb535
TTRE9760,TTRE9760_t1,324,protein_coding,Homeobox domain containing protein  [Source:UniProtKB/TrEMBL;Acc:A0A077Z9V0],Trichuris trichiura (PRJEB535),protein_coding,trtricprjeb535
TTRE3161,TTRE3161_t1,471,protein_coding,,Trichuris trichiura (PRJEB535),protein_coding,trtricprjeb535
TTRE5061,TTRE5061_t1,467,protein_coding,Protein Wnt  [Source:UniProtKB/TrEMBL;Acc:A0A077Z879],Trichuris trichiura (PRJEB535),protein_coding,trtricprjeb535
TTRE4048,TTRE4048_t1,1249,protein_coding,,Trichuris trichiura (PRJEB535),protein_coding,trtricprjeb535
TTRE4441,TTRE4441_t1,129,protein_coding,,Trichuris trichiura (PRJEB535),protein_coding,trtricprjeb535
TTRE8670,TTRE8670_t1,295,protein_coding,,Trichuris trichiura (PRJEB535),protein_coding,trtricprjeb535
TTRE8213,TTRE8213_t1,335,protein_coding,FAA hydrolase domain containing protein  [Source:UniProtKB/TrEMBL;Acc:A0A077Z8L3],Trichuris trichiura (PRJEB535),protein_coding,trtricprjeb535
TTRE4923,TTRE4923_t1,1001,protein_coding,"Outer membrane protein, OMP85 family  [Source:UniProtKB/TrEMBL;Acc:A0A077Z8P2]",Trichuris trichiura (PRJEB535),protein_coding,trtricprjeb535
TTRE10623,TTRE10623_t1,165,protein_coding,,Trichuris trichiura (PRJEB535),protein_coding,trtricprjeb535
TTRE582,TTRE582_t1,572,protein_coding,,Trichuris trichiura (PRJEB535),protein_coding,trtricprjeb535
TTRE3504,TTRE3504_t1,205,protein_coding,,Trichuris trichiura (PRJEB535),protein_coding,trtricprjeb535
TTRE9735,TTRE9735_t1,257,protein_coding,,Trichuris trichiura (PRJEB535),protein_coding,trtricprjeb535
TTRE8446,TTRE8446_t1,226,protein_coding,,Trichuris trichiura (PRJEB535),protein_coding,trtricprjeb535
TTRE4945,TTRE4945_t1,582,protein_coding,Zf-MYND domain containing protein  [Source:UniProtKB/TrEMBL;Acc:A0A077YWC1],Trichuris trichiura (PRJEB535),protein_coding,trtricprjeb535
TTRE7577,TTRE7577_t1,1152,protein_coding,,Trichuris trichiura (PRJEB535),protein_coding,trtricprjeb535
TTRE3675,TTRE3675_t1,983,protein_coding,Pkinase domain containing protein  [Source:UniProtKB/TrEMBL;Acc:A0A077Z3G2],Trichuris trichiura (PRJEB535),protein_coding,trtricprjeb535
TTRE10111,TTRE10111_t1,494,protein_coding,,Trichuris trichiura (PRJEB535),protein_coding,trtricprjeb535
TTRE11129,TTRE11129_t1,785,protein_coding,,Trichuris trichiura (PRJEB535),protein_coding,trtricprjeb535
TTRE10260,TTRE10260_t1,1106,protein_coding,,Trichuris trichiura (PRJEB535),protein_coding,trtricprjeb535
TTRE12204,TTRE12204_t1,344,protein_coding,DUF4313 domain-containing protein  [Source:UniProtKB/TrEMBL;Acc:A0A077Z275],Trichuris trichiura (PRJEB535),protein_coding,trtricprjeb535
TTRE7135,TTRE7135_t1,590,protein_coding,Secreted protein  [Source:UniProtKB/TrEMBL;Acc:A0A077ZLL8],Trichuris trichiura (PRJEB535),protein_coding,trtricprjeb535
TTRE11713,TTRE11713_t1,527,protein_coding,,Trichuris trichiura (PRJEB535),protein_coding,trtricprjeb535
TTRE6322,TTRE6322_t1,590,protein_coding,Transmembrane protein 186  [Source:UniProtKB/TrEMBL;Acc:A0A077Z076],Trichuris trichiura (PRJEB535),protein_coding,trtricprjeb535
TTRE10825,TTRE10825_t1,143,protein_coding,,Trichuris trichiura (PRJEB535),protein_coding,trtricprjeb535
TTRE1613,TTRE1613_t2,218,protein_coding,,Trichuris trichiura (PRJEB535),protein_coding,trtricprjeb535
TTRE2701,TTRE2701_t1,224,protein_coding,,Trichuris trichiura (PRJEB535),protein_coding,trtricprjeb535
TTRE1782,TTRE1782_t1,176,protein_coding,NADH Ubiquinone oxidoreductase Fe S protein  [Source:UniProtKB/TrEMBL;Acc:A0A077Z6G2],Trichuris trichiura (PRJEB535),protein_coding,trtricprjeb535
TTRE8684,TTRE8684_t1,2759,protein_coding,,Trichuris trichiura (PRJEB535),protein_coding,trtricprjeb535
TTRE567,TTRE567_t1,303,protein_coding,,Trichuris trichiura (PRJEB535),protein_coding,trtricprjeb535
TTRE846,TTRE846_t1,277,protein_coding,,Trichuris trichiura (PRJEB535),protein_coding,trtricprjeb535
TTRE801,TTRE801_t1,380,protein_coding,Small nuclear ribonucleoprotein Sm D3  [Source:UniProtKB/TrEMBL;Acc:A0A077ZGZ0],Trichuris trichiura (PRJEB535),protein_coding,trtricprjeb535
TTRE11891,TTRE11891_t1,524,protein_coding,,Trichuris trichiura (PRJEB535),protein_coding,trtricprjeb535
TTRE8666,TTRE8666_t1,359,protein_coding,,Trichuris trichiura (PRJEB535),protein_coding,trtricprjeb535
TTRE3939,TTRE3939_t1,282,protein_coding,,Trichuris trichiura (PRJEB535),protein_coding,trtricprjeb535
TTRE3622,TTRE3622_t1,405,protein_coding,,Trichuris trichiura (PRJEB535),protein_coding,trtricprjeb535
TTRE8095,TTRE8095_t1,395,protein_coding,Ring box 1 RING box protein 1 regulator of  [Source:UniProtKB/TrEMBL;Acc:A0A077Z9H0],Trichuris trichiura (PRJEB535),protein_coding,trtricprjeb535
TTRE4129,TTRE4129_t1,213,protein_coding,Malic enzyme  [Source:UniProtKB/TrEMBL;Acc:A0A077Z5U2],Trichuris trichiura (PRJEB535),protein_coding,trtricprjeb535
TTRE6937,TTRE6937_t1,548,protein_coding,,Trichuris trichiura (PRJEB535),protein_coding,trtricprjeb535
TTRE5444,TTRE5444_t1,203,protein_coding,,Trichuris trichiura (PRJEB535),protein_coding,trtricprjeb535
TTRE11509,TTRE11509_t1,1775,protein_coding,,Trichuris trichiura (PRJEB535),protein_coding,trtricprjeb535
TTRE4256,TTRE4256_t1,1388,protein_coding,,Trichuris trichiura (PRJEB535),protein_coding,trtricprjeb535
TTRE12570,TTRE12570_t1,332,protein_coding,,Trichuris trichiura (PRJEB535),protein_coding,trtricprjeb535
TTRE9990,TTRE9990_t1,212,protein_coding,,Trichuris trichiura (PRJEB535),protein_coding,trtricprjeb535
TTRE9447,TTRE9447_t1,650,protein_coding,,Trichuris trichiura (PRJEB535),protein_coding,trtricprjeb535
TTRE11872,TTRE11872_t1,389,protein_coding,COG complex subunit 6  [Source:UniProtKB/TrEMBL;Acc:A0A077ZES7],Trichuris trichiura (PRJEB535),protein_coding,trtricprjeb535
TTRE7798,TTRE7798_t1,848,protein_coding,,Trichuris trichiura (PRJEB535),protein_coding,trtricprjeb535
TTRE1586,TTRE1586_t1,172,protein_coding,histidine--tRNA ligase  [Source:UniProtKB/TrEMBL;Acc:A0A077ZI64],Trichuris trichiura (PRJEB535),protein_coding,trtricprjeb535
TTRE11969,TTRE11969_t1,1838,protein_coding,,Trichuris trichiura (PRJEB535),protein_coding,trtricprjeb535
TTRE4195,TTRE4195_t2,1106,protein_coding,Supervillin  [Source:UniProtKB/TrEMBL;Acc:A0A077ZC24],Trichuris trichiura (PRJEB535),protein_coding,trtricprjeb535
TTRE9813,TTRE9813_t1,503,protein_coding,Secreted protein  [Source:UniProtKB/TrEMBL;Acc:A0A077Z0V9],Trichuris trichiura (PRJEB535),protein_coding,trtricprjeb535
TTRE6583,TTRE6583_t1,437,protein_coding,,Trichuris trichiura (PRJEB535),protein_coding,trtricprjeb535
TTRE4964,TTRE4964_t1,380,protein_coding,,Trichuris trichiura (PRJEB535),protein_coding,trtricprjeb535
TTRE9317,TTRE9317_t1,190,protein_coding,,Trichuris trichiura (PRJEB535),protein_coding,trtricprjeb535
TTRE12611,TTRE12611_t1,837,protein_coding,,Trichuris trichiura (PRJEB535),protein_coding,trtricprjeb535
TTRE1998,TTRE1998_t1,212,protein_coding,,Trichuris trichiura (PRJEB535),protein_coding,trtricprjeb535
TTRE3909,TTRE3909_t1,817,protein_coding,"Potassium channels protein 7, TWiK family  [Source:UniProtKB/TrEMBL;Acc:A0A077YW62]",Trichuris trichiura (PRJEB535),protein_coding,trtricprjeb535
TTRE8219,TTRE8219_t1,1799,protein_coding,,Trichuris trichiura (PRJEB535),protein_coding,trtricprjeb535
TTRE11934,TTRE11934_t1,467,protein_coding,,Trichuris trichiura (PRJEB535),protein_coding,trtricprjeb535
TTRE10410,TTRE10410_t1,2354,protein_coding,,Trichuris trichiura (PRJEB535),protein_coding,trtricprjeb535
TTRE11478,TTRE11478_t1,419,protein_coding,,Trichuris trichiura (PRJEB535),protein_coding,trtricprjeb535
TTRE1912,TTRE1912_t1,617,protein_coding,,Trichuris trichiura (PRJEB535),protein_coding,trtricprjeb535
TTRE5820,TTRE5820_t1,303,protein_coding,,Trichuris trichiura (PRJEB535),protein_coding,trtricprjeb535
TTRE7525,TTRE7525_t1,434,protein_coding,,Trichuris trichiura (PRJEB535),protein_coding,trtricprjeb535
TTRE6697,TTRE6697_t1,206,protein_coding,,Trichuris trichiura (PRJEB535),protein_coding,trtricprjeb535
TTRE11242,TTRE11242_t1,496,protein_coding,,Trichuris trichiura (PRJEB535),protein_coding,trtricprjeb535
TTRE2668,TTRE2668_t1,272,protein_coding,,Trichuris trichiura (PRJEB535),protein_coding,trtricprjeb535
TTRE12290,TTRE12290_t1,287,protein_coding,,Trichuris trichiura (PRJEB535),protein_coding,trtricprjeb535
TTRE11256,TTRE11256_t1,1788,protein_coding,,Trichuris trichiura (PRJEB535),protein_coding,trtricprjeb535
TTRE2480,TTRE2480_t1,1018,protein_coding,,Trichuris trichiura (PRJEB535),protein_coding,trtricprjeb535
TTRE3671,TTRE3671_t1,356,protein_coding,Replication factor C subunit 1  [Source:UniProtKB/TrEMBL;Acc:A0A077ZFU2],Trichuris trichiura (PRJEB535),protein_coding,trtricprjeb535
TTRE5161,TTRE5161_t1,762,protein_coding,,Trichuris trichiura (PRJEB535),protein_coding,trtricprjeb535
TTRE12344,TTRE12344_t1,520,protein_coding,DNA repair protein XRCC1  [Source:UniProtKB/TrEMBL;Acc:A0A077ZD25],Trichuris trichiura (PRJEB535),protein_coding,trtricprjeb535
TTRE1603,TTRE1603_t1,240,protein_coding,,Trichuris trichiura (PRJEB535),protein_coding,trtricprjeb535
TTRE12670,TTRE12670_t1,365,protein_coding,,Trichuris trichiura (PRJEB535),protein_coding,trtricprjeb535
TTRE10053,TTRE10053_t1,1360,protein_coding,Protein unc h protein unc g protein unc f prot ein unc d protein unc b  [Source:UniProtKB/TrEMBL;Acc:A0A077YYI4],Trichuris trichiura (PRJEB535),protein_coding,trtricprjeb535
TTRE709,TTRE709_t1,513,protein_coding,Tumor necrosis factor receptor superfamily  [Source:UniProtKB/TrEMBL;Acc:A0A077YWJ8],Trichuris trichiura (PRJEB535),protein_coding,trtricprjeb535
TTRE4532,TTRE4532_t1,782,protein_coding,RNA helicase  [Source:UniProtKB/TrEMBL;Acc:A0A077Z3X2],Trichuris trichiura (PRJEB535),protein_coding,trtricprjeb535
TTRE3801,TTRE3801_t1,169,protein_coding,,Trichuris trichiura (PRJEB535),protein_coding,trtricprjeb535
TTRE10766,TTRE10766_t1,908,protein_coding,,Trichuris trichiura (PRJEB535),protein_coding,trtricprjeb535
TTRE11010,TTRE11010_t1,221,protein_coding,,Trichuris trichiura (PRJEB535),protein_coding,trtricprjeb535
TTRE12242,TTRE12242_t1,956,protein_coding,Transcriptional repressor scratch 2  [Source:UniProtKB/TrEMBL;Acc:A0A077Z6V0],Trichuris trichiura (PRJEB535),protein_coding,trtricprjeb535
TTRE762,TTRE762_t1,766,protein_coding,RING-type E3 ubiquitin transferase  [Source:UniProtKB/TrEMBL;Acc:A0A077YZ68],Trichuris trichiura (PRJEB535),protein_coding,trtricprjeb535
TTRE5970,TTRE5970_t1,1033,protein_coding,,Trichuris trichiura (PRJEB535),protein_coding,trtricprjeb535
TTRE1023,TTRE1023_t1,1250,protein_coding,MIF4G domain containing protein  [Source:UniProtKB/TrEMBL;Acc:A0A077ZDG0],Trichuris trichiura (PRJEB535),protein_coding,trtricprjeb535
TTRE10550,TTRE10550_t1,1166,protein_coding,,Trichuris trichiura (PRJEB535),protein_coding,trtricprjeb535
TTRE8515,TTRE8515_t1,153,protein_coding,,Trichuris trichiura (PRJEB535),protein_coding,trtricprjeb535
TTRE3690,TTRE3690_t1,26,protein_coding,,Trichuris trichiura (PRJEB535),protein_coding,trtricprjeb535
TTRE3403,TTRE3403_t1,942,protein_coding,,Trichuris trichiura (PRJEB535),protein_coding,trtricprjeb535
TTRE7957,TTRE7957_t1,1160,protein_coding,,Trichuris trichiura (PRJEB535),protein_coding,trtricprjeb535
TTRE10873,TTRE10873_t1,255,protein_coding,,Trichuris trichiura (PRJEB535),protein_coding,trtricprjeb535
TTRE4293,TTRE4293_t1,365,protein_coding,V-type proton ATPase subunit F  [Source:UniProtKB/TrEMBL;Acc:A0A077ZKU0],Trichuris trichiura (PRJEB535),protein_coding,trtricprjeb535
TTRE2818,TTRE2818_t1,1119,protein_coding,Putative heat shock binding protein  [Source:UniProtKB/TrEMBL;Acc:A0A077ZJG0],Trichuris trichiura (PRJEB535),protein_coding,trtricprjeb535
TTRE5192,TTRE5192_t1,329,protein_coding,Hypoxanthine phosphoribosyltransferase  [Source:UniProtKB/TrEMBL;Acc:A0A077ZBM1],Trichuris trichiura (PRJEB535),protein_coding,trtricprjeb535
TTRE1362,TTRE1362_t1,324,protein_coding,,Trichuris trichiura (PRJEB535),protein_coding,trtricprjeb535
TTRE622,TTRE622_t1,484,protein_coding,MRP-S28 domain containing protein  [Source:UniProtKB/TrEMBL;Acc:A0A077ZAA5],Trichuris trichiura (PRJEB535),protein_coding,trtricprjeb535
TTRE12367,TTRE12367_t1,1132,protein_coding,,Trichuris trichiura (PRJEB535),protein_coding,trtricprjeb535
TTRE11827,TTRE11827_t1,413,protein_coding,,Trichuris trichiura (PRJEB535),protein_coding,trtricprjeb535
TTRE11389,TTRE11389_t1,176,protein_coding,,Trichuris trichiura (PRJEB535),protein_coding,trtricprjeb535
TTRE6352,TTRE6352_t1,668,protein_coding,,Trichuris trichiura (PRJEB535),protein_coding,trtricprjeb535
TTRE110,TTRE110_t1,466,protein_coding,,Trichuris trichiura (PRJEB535),protein_coding,trtricprjeb535
TTRE9054,TTRE9054_t1,521,protein_coding,,Trichuris trichiura (PRJEB535),protein_coding,trtricprjeb535
TTRE6224,TTRE6224_t1,326,protein_coding,,Trichuris trichiura (PRJEB535),protein_coding,trtricprjeb535
TTRE734,TTRE734_t1,271,protein_coding,SprT-like domain containing protein  [Source:UniProtKB/TrEMBL;Acc:A0A077Z859],Trichuris trichiura (PRJEB535),protein_coding,trtricprjeb535
TTRE4674,TTRE4674_t1,151,protein_coding,,Trichuris trichiura (PRJEB535),protein_coding,trtricprjeb535
TTRE2779,TTRE2779_t1,759,protein_coding,Elongation factor 2  [Source:UniProtKB/TrEMBL;Acc:A0A077Z0M0],Trichuris trichiura (PRJEB535),protein_coding,trtricprjeb535
TTRE3830,TTRE3830_t1,238,protein_coding,Deoxyribonuclease (DNase) II  [Source:UniProtKB/TrEMBL;Acc:A0A077Z3Q2],Trichuris trichiura (PRJEB535),protein_coding,trtricprjeb535
TTRE6454,TTRE6454_t1,463,protein_coding,,Trichuris trichiura (PRJEB535),protein_coding,trtricprjeb535
TTRE2359,TTRE2359_t1,356,protein_coding,,Trichuris trichiura (PRJEB535),protein_coding,trtricprjeb535
TTRE4364,TTRE4364_t1,331,protein_coding,,Trichuris trichiura (PRJEB535),protein_coding,trtricprjeb535
TTRE3467,TTRE3467_t1,186,protein_coding,,Trichuris trichiura (PRJEB535),protein_coding,trtricprjeb535
TTRE4169,TTRE4169_t1,299,protein_coding,,Trichuris trichiura (PRJEB535),protein_coding,trtricprjeb535
TTRE8680,TTRE8680_t1,182,protein_coding,Kunitz/Bovine pancreatic trypsin inhibitor domain protein  [Source:UniProtKB/TrEMBL;Acc:A0A077Z8T4],Trichuris trichiura (PRJEB535),protein_coding,trtricprjeb535
TTRE3618,TTRE3618_t1,264,protein_coding,,Trichuris trichiura (PRJEB535),protein_coding,trtricprjeb535
TTRE5033,TTRE5033_t1,225,protein_coding,,Trichuris trichiura (PRJEB535),protein_coding,trtricprjeb535
TTRE4486,TTRE4486_t1,1373,protein_coding,,Trichuris trichiura (PRJEB535),protein_coding,trtricprjeb535
TTRE11140,TTRE11140_t1,155,protein_coding,,Trichuris trichiura (PRJEB535),protein_coding,trtricprjeb535
TTRE7490,TTRE7490_t1,554,protein_coding,Protein FAM206A  [Source:UniProtKB/TrEMBL;Acc:A0A077ZGZ4],Trichuris trichiura (PRJEB535),protein_coding,trtricprjeb535
TTRE9337,TTRE9337_t1,473,protein_coding,,Trichuris trichiura (PRJEB535),protein_coding,trtricprjeb535
TTRE12277,TTRE12277_t1,740,protein_coding,,Trichuris trichiura (PRJEB535),protein_coding,trtricprjeb535
TTRE6240,TTRE6240_t1,506,protein_coding,Protein EFR3 A  [Source:UniProtKB/TrEMBL;Acc:A0A077Z7V8],Trichuris trichiura (PRJEB535),protein_coding,trtricprjeb535
TTRE4027,TTRE4027_t1,1652,protein_coding,,Trichuris trichiura (PRJEB535),protein_coding,trtricprjeb535
TTRE206,TTRE206_t1,582,protein_coding,,Trichuris trichiura (PRJEB535),protein_coding,trtricprjeb535
TTRE9891,TTRE9891_t1,270,protein_coding,,Trichuris trichiura (PRJEB535),protein_coding,trtricprjeb535
TTRE1866,TTRE1866_t1,258,protein_coding,Kazal 1 domain containing protein  [Source:UniProtKB/TrEMBL;Acc:A0A077YW27],Trichuris trichiura (PRJEB535),protein_coding,trtricprjeb535
TTRE3158,TTRE3158_t1,98,protein_coding,,Trichuris trichiura (PRJEB535),protein_coding,trtricprjeb535
TTRE11323,TTRE11323_t1,989,protein_coding,,Trichuris trichiura (PRJEB535),protein_coding,trtricprjeb535
TTRE8100,TTRE8100_t1,851,protein_coding,,Trichuris trichiura (PRJEB535),protein_coding,trtricprjeb535
TTRE9789,TTRE9789_t1,537,protein_coding,,Trichuris trichiura (PRJEB535),protein_coding,trtricprjeb535
TTRE5765,TTRE5765_t1,372,protein_coding,His Phos 1 domain containing protein  [Source:UniProtKB/TrEMBL;Acc:A0A077Z5N7],Trichuris trichiura (PRJEB535),protein_coding,trtricprjeb535
TTRE2903,TTRE2903_t1,244,protein_coding,Conserved secreted protein  [Source:UniProtKB/TrEMBL;Acc:A0A077YZT7],Trichuris trichiura (PRJEB535),protein_coding,trtricprjeb535
TTRE7542,TTRE7542_t1,238,protein_coding,,Trichuris trichiura (PRJEB535),protein_coding,trtricprjeb535
TTRE3961,TTRE3961_t1,418,protein_coding,Nol1 Nop2 Fmu domain containing protein  [Source:UniProtKB/TrEMBL;Acc:A0A077Z551],Trichuris trichiura (PRJEB535),protein_coding,trtricprjeb535
TTRE297,TTRE297_t1,266,protein_coding,N-acetylphosphatidylethanolamine-hydrolyzing phospholipase D  [Source:UniProtKB/TrEMBL;Acc:A0A077ZF93],Trichuris trichiura (PRJEB535),protein_coding,trtricprjeb535
TTRE8318,TTRE8318_t1,2632,protein_coding,,Trichuris trichiura (PRJEB535),protein_coding,trtricprjeb535
TTRE8650,TTRE8650_t1,219,protein_coding,Adapter molecule Crk  [Source:UniProtKB/TrEMBL;Acc:A0A077Z0Q7],Trichuris trichiura (PRJEB535),protein_coding,trtricprjeb535
TTRE5975,TTRE5975_t1,1754,protein_coding,,Trichuris trichiura (PRJEB535),protein_coding,trtricprjeb535
TTRE9115,TTRE9115_t1,1394,protein_coding,Methyltransf 32 domain containing protein  [Source:UniProtKB/TrEMBL;Acc:A0A077YVN1],Trichuris trichiura (PRJEB535),protein_coding,trtricprjeb535
TTRE3941,TTRE3941_t1,912,protein_coding,,Trichuris trichiura (PRJEB535),protein_coding,trtricprjeb535
TTRE2009,TTRE2009_t1,153,protein_coding,,Trichuris trichiura (PRJEB535),protein_coding,trtricprjeb535
TTRE5623,TTRE5623_t1,644,protein_coding,IDO domain containing protein  [Source:UniProtKB/TrEMBL;Acc:A0A077ZDE9],Trichuris trichiura (PRJEB535),protein_coding,trtricprjeb535
TTRE11453,TTRE11453_t1,533,protein_coding,,Trichuris trichiura (PRJEB535),protein_coding,trtricprjeb535
TTRE11507,TTRE11507_t1,197,protein_coding,,Trichuris trichiura (PRJEB535),protein_coding,trtricprjeb535
TTRE9672,TTRE9672_t1,229,protein_coding,,Trichuris trichiura (PRJEB535),protein_coding,trtricprjeb535
TTRE10506,TTRE10506_t1,455,protein_coding,,Trichuris trichiura (PRJEB535),protein_coding,trtricprjeb535
TTRE8159,TTRE8159_t1,203,protein_coding,CS domain containing protein  [Source:UniProtKB/TrEMBL;Acc:A0A077Z368],Trichuris trichiura (PRJEB535),protein_coding,trtricprjeb535
TTRE11469,TTRE11469_t1,168,protein_coding,,Trichuris trichiura (PRJEB535),protein_coding,trtricprjeb535
TTRE10687,TTRE10687_t1,718,protein_coding,,Trichuris trichiura (PRJEB535),protein_coding,trtricprjeb535
TTRE3868,TTRE3868_t1,232,protein_coding,Protein cbg17277  [Source:UniProtKB/TrEMBL;Acc:A0A077Z642],Trichuris trichiura (PRJEB535),protein_coding,trtricprjeb535
TTRE8196,TTRE8196_t1,341,protein_coding,,Trichuris trichiura (PRJEB535),protein_coding,trtricprjeb535
TTRE4386,TTRE4386_t1,803,protein_coding,Toll interacting protein  [Source:UniProtKB/TrEMBL;Acc:A0A077Z8G6],Trichuris trichiura (PRJEB535),protein_coding,trtricprjeb535
TTRE9800,TTRE9800_t1,3698,protein_coding,,Trichuris trichiura (PRJEB535),protein_coding,trtricprjeb535
TTRE5749,TTRE5749_t1,298,protein_coding,,Trichuris trichiura (PRJEB535),protein_coding,trtricprjeb535
TTRE4885,TTRE4885_t1,266,protein_coding,BC10 domain containing protein  [Source:UniProtKB/TrEMBL;Acc:A0A077YX93],Trichuris trichiura (PRJEB535),protein_coding,trtricprjeb535
TTRE5667,TTRE5667_t1,225,protein_coding,,Trichuris trichiura (PRJEB535),protein_coding,trtricprjeb535
TTRE8208,TTRE8208_t1,205,protein_coding,TIA 1 ue  [Source:UniProtKB/TrEMBL;Acc:A0A077ZER1],Trichuris trichiura (PRJEB535),protein_coding,trtricprjeb535
TTRE10979,TTRE10979_t1,143,protein_coding,,Trichuris trichiura (PRJEB535),protein_coding,trtricprjeb535
TTRE6253,TTRE6253_t1,623,protein_coding,,Trichuris trichiura (PRJEB535),protein_coding,trtricprjeb535
TTRE3497,TTRE3497_t1,163,protein_coding,Proteasome subunit alpha type  [Source:UniProtKB/TrEMBL;Acc:A0A077Z826],Trichuris trichiura (PRJEB535),protein_coding,trtricprjeb535
TTRE10383,TTRE10383_t1,133,protein_coding,,Trichuris trichiura (PRJEB535),protein_coding,trtricprjeb535
TTRE3621,TTRE3621_t1,887,protein_coding,Tubulin specific chaperone C  [Source:UniProtKB/TrEMBL;Acc:A0A077Z5U5],Trichuris trichiura (PRJEB535),protein_coding,trtricprjeb535
TTRE4343,TTRE4343_t1,1293,protein_coding,,Trichuris trichiura (PRJEB535),protein_coding,trtricprjeb535
TTRE469,TTRE469_t1,141,protein_coding,Acylphosphatase  [Source:UniProtKB/TrEMBL;Acc:A0A077Z9X3],Trichuris trichiura (PRJEB535),protein_coding,trtricprjeb535
TTRE5957,TTRE5957_t1,383,protein_coding,Major sperm protein  [Source:UniProtKB/TrEMBL;Acc:A0A077Z0Z2],Trichuris trichiura (PRJEB535),protein_coding,trtricprjeb535
TTRE4235,TTRE4235_t1,337,protein_coding,Protein ssu isoform c protein ssu isoform b pro tein ssu isoform a  [Source:UniProtKB/TrEMBL;Acc:A0A077Z109],Trichuris trichiura (PRJEB535),protein_coding,trtricprjeb535
TTRE10058,TTRE10058_t1,419,protein_coding,HLH domain containing protein  [Source:UniProtKB/TrEMBL;Acc:A0A077YWT9],Trichuris trichiura (PRJEB535),protein_coding,trtricprjeb535
TTRE9222,TTRE9222_t1,315,protein_coding,Serine/threonine-protein phosphatase  [Source:UniProtKB/TrEMBL;Acc:A0A077YWG4],Trichuris trichiura (PRJEB535),protein_coding,trtricprjeb535
TTRE11373,TTRE11373_t1,341,protein_coding,,Trichuris trichiura (PRJEB535),protein_coding,trtricprjeb535
TTRE10384,TTRE10384_t1,560,protein_coding,,Trichuris trichiura (PRJEB535),protein_coding,trtricprjeb535
TTRE4954,TTRE4954_t1,968,protein_coding,G-patch domain containing protein  [Source:UniProtKB/TrEMBL;Acc:A0A077ZH07],Trichuris trichiura (PRJEB535),protein_coding,trtricprjeb535
TTRE8628,TTRE8628_t1,537,protein_coding,,Trichuris trichiura (PRJEB535),protein_coding,trtricprjeb535
TTRE9076,TTRE9076_t1,744,protein_coding,,Trichuris trichiura (PRJEB535),protein_coding,trtricprjeb535
TTRE2496,TTRE2496_t2,378,protein_coding,Abhydrolase 6 domain containing protein  [Source:UniProtKB/TrEMBL;Acc:A0A077Z875],Trichuris trichiura (PRJEB535),protein_coding,trtricprjeb535
TTRE11104,TTRE11104_t1,5210,protein_coding,,Trichuris trichiura (PRJEB535),protein_coding,trtricprjeb535
TTRE6791,TTRE6791_t1,1421,protein_coding,,Trichuris trichiura (PRJEB535),protein_coding,trtricprjeb535
TTRE8141,TTRE8141_t1,214,protein_coding,,Trichuris trichiura (PRJEB535),protein_coding,trtricprjeb535
TTRE8191,TTRE8191_t1,618,protein_coding,,Trichuris trichiura (PRJEB535),protein_coding,trtricprjeb535
TTRE9267,TTRE9267_t1,268,protein_coding,,Trichuris trichiura (PRJEB535),protein_coding,trtricprjeb535
TTRE12489,TTRE12489_t1,761,protein_coding,Major sperm protein  [Source:UniProtKB/TrEMBL;Acc:A0A077ZNE2],Trichuris trichiura (PRJEB535),protein_coding,trtricprjeb535
TTRE2367,TTRE2367_t1,2198,protein_coding,ZP domain-containing protein  [Source:UniProtKB/TrEMBL;Acc:A0A077ZBK5],Trichuris trichiura (PRJEB535),protein_coding,trtricprjeb535
TTRE5391,TTRE5391_t1,1142,protein_coding,,Trichuris trichiura (PRJEB535),protein_coding,trtricprjeb535
TTRE2951,TTRE2951_t1,220,protein_coding,,Trichuris trichiura (PRJEB535),protein_coding,trtricprjeb535
TTRE6894,TTRE6894_t1,1622,protein_coding,,Trichuris trichiura (PRJEB535),protein_coding,trtricprjeb535
TTRE7914,TTRE7914_t1,479,protein_coding,,Trichuris trichiura (PRJEB535),protein_coding,trtricprjeb535
TTRE4530,TTRE4530_t1,190,protein_coding,,Trichuris trichiura (PRJEB535),protein_coding,trtricprjeb535
TTRE9826,TTRE9826_t1,158,protein_coding,,Trichuris trichiura (PRJEB535),protein_coding,trtricprjeb535
TTRE10931,TTRE10931_t1,893,protein_coding,,Trichuris trichiura (PRJEB535),protein_coding,trtricprjeb535
TTRE9474,TTRE9474_t1,397,protein_coding,,Trichuris trichiura (PRJEB535),protein_coding,trtricprjeb535
TTRE10311,TTRE10311_t1,326,protein_coding,,Trichuris trichiura (PRJEB535),protein_coding,trtricprjeb535
TTRE11528,TTRE11528_t1,179,protein_coding,RGS domain containing protein  [Source:UniProtKB/TrEMBL;Acc:A0A077YZU8],Trichuris trichiura (PRJEB535),protein_coding,trtricprjeb535
TTRE7907,TTRE7907_t1,617,protein_coding,,Trichuris trichiura (PRJEB535),protein_coding,trtricprjeb535
TTRE2874,TTRE2874_t1,449,protein_coding,,Trichuris trichiura (PRJEB535),protein_coding,trtricprjeb535
TTRE5210,TTRE5210_t1,338,protein_coding,E ubiquitin protein ligase march  [Source:UniProtKB/TrEMBL;Acc:A0A077Z828],Trichuris trichiura (PRJEB535),protein_coding,trtricprjeb535
TTRE9336,TTRE9336_t1,3986,protein_coding,,Trichuris trichiura (PRJEB535),protein_coding,trtricprjeb535
TTRE8574,TTRE8574_t1,205,protein_coding,OPA3 domain containing protein  [Source:UniProtKB/TrEMBL;Acc:A0A077Z1N8],Trichuris trichiura (PRJEB535),protein_coding,trtricprjeb535
TTRE2749,TTRE2749_t1,251,protein_coding,,Trichuris trichiura (PRJEB535),protein_coding,trtricprjeb535
TTRE6807,TTRE6807_t1,1250,protein_coding,,Trichuris trichiura (PRJEB535),protein_coding,trtricprjeb535
TTRE10586,TTRE10586_t1,1283,protein_coding,,Trichuris trichiura (PRJEB535),protein_coding,trtricprjeb535
TTRE4053,TTRE4053_t1,1238,protein_coding,Fucosyltransferase  [Source:UniProtKB/TrEMBL;Acc:A0A077Z7Y1],Trichuris trichiura (PRJEB535),protein_coding,trtricprjeb535
TTRE7341,TTRE7341_t1,184,protein_coding,,Trichuris trichiura (PRJEB535),protein_coding,trtricprjeb535
TTRE1452,TTRE1452_t1,1220,protein_coding,"Dihydroorotate dehydrogenase (quinone), mitochondrial  [Source:UniProtKB/TrEMBL;Acc:A0A077Z0K9]",Trichuris trichiura (PRJEB535),protein_coding,trtricprjeb535
TTRE6167,TTRE6167_t1,2316,protein_coding,,Trichuris trichiura (PRJEB535),protein_coding,trtricprjeb535
TTRE7081,TTRE7081_t1,862,protein_coding,,Trichuris trichiura (PRJEB535),protein_coding,trtricprjeb535
TTRE2648,TTRE2648_t1,299,protein_coding,,Trichuris trichiura (PRJEB535),protein_coding,trtricprjeb535
TTRE9586,TTRE9586_t1,1532,protein_coding,,Trichuris trichiura (PRJEB535),protein_coding,trtricprjeb535
TTRE845,TTRE845_t1,658,protein_coding,C2H2-type domain-containing protein  [Source:UniProtKB/TrEMBL;Acc:A0A077Z5G7],Trichuris trichiura (PRJEB535),protein_coding,trtricprjeb535
TTRE8163,TTRE8163_t1,338,protein_coding,,Trichuris trichiura (PRJEB535),protein_coding,trtricprjeb535
TTRE767,TTRE767_t1,272,protein_coding,,Trichuris trichiura (PRJEB535),protein_coding,trtricprjeb535
TTRE10029,TTRE10029_t1,347,protein_coding,,Trichuris trichiura (PRJEB535),protein_coding,trtricprjeb535
TTRE6609,TTRE6609_t1,1046,protein_coding,CTP synthase  [Source:UniProtKB/TrEMBL;Acc:A0A077ZDX3],Trichuris trichiura (PRJEB535),protein_coding,trtricprjeb535
TTRE8959,TTRE8959_t1,317,protein_coding,,Trichuris trichiura (PRJEB535),protein_coding,trtricprjeb535
TTRE10087,TTRE10087_t1,441,protein_coding,,Trichuris trichiura (PRJEB535),protein_coding,trtricprjeb535
TTRE4953,TTRE4953_t1,173,protein_coding,Phosphatidylinositol transfer protein alpha  [Source:UniProtKB/TrEMBL;Acc:A0A077Z8Y9],Trichuris trichiura (PRJEB535),protein_coding,trtricprjeb535
TTRE6466,TTRE6466_t1,1040,protein_coding,,Trichuris trichiura (PRJEB535),protein_coding,trtricprjeb535
TTRE6223,TTRE6223_t1,473,protein_coding,Predicted Bcl 2 protein  [Source:UniProtKB/TrEMBL;Acc:A0A077Z4A5],Trichuris trichiura (PRJEB535),protein_coding,trtricprjeb535
TTRE1327,TTRE1327_t1,247,protein_coding,,Trichuris trichiura (PRJEB535),protein_coding,trtricprjeb535
TTRE3482,TTRE3482_t1,293,protein_coding,,Trichuris trichiura (PRJEB535),protein_coding,trtricprjeb535
TTRE3916,TTRE3916_t1,865,protein_coding,EGF CA domain containing protein  [Source:UniProtKB/TrEMBL;Acc:A0A077YZJ0],Trichuris trichiura (PRJEB535),protein_coding,trtricprjeb535
TTRE12330,TTRE12330_t1,821,protein_coding,,Trichuris trichiura (PRJEB535),protein_coding,trtricprjeb535
TTRE994,TTRE994_t1,830,protein_coding,,Trichuris trichiura (PRJEB535),protein_coding,trtricprjeb535
TTRE12066,TTRE12066_t1,287,protein_coding,,Trichuris trichiura (PRJEB535),protein_coding,trtricprjeb535
TTRE903,TTRE903_t1,310,protein_coding,V type proton ATPase subunit D  [Source:UniProtKB/TrEMBL;Acc:A0A077Z696],Trichuris trichiura (PRJEB535),protein_coding,trtricprjeb535
TTRE5097,TTRE5097_t1,272,protein_coding,,Trichuris trichiura (PRJEB535),protein_coding,trtricprjeb535
TTRE558,TTRE558_t1,344,protein_coding,,Trichuris trichiura (PRJEB535),protein_coding,trtricprjeb535
TTRE11410,TTRE11410_t1,198,protein_coding,Galectin  [Source:UniProtKB/TrEMBL;Acc:A0A077YZM7],Trichuris trichiura (PRJEB535),protein_coding,trtricprjeb535
TTRE9398,TTRE9398_t1,311,protein_coding,,Trichuris trichiura (PRJEB535),protein_coding,trtricprjeb535
TTRE12395,TTRE12395_t1,967,protein_coding,,Trichuris trichiura (PRJEB535),protein_coding,trtricprjeb535
TTRE10256,TTRE10256_t1,893,protein_coding,,Trichuris trichiura (PRJEB535),protein_coding,trtricprjeb535
TTRE7998,TTRE7998_t1,521,protein_coding,,Trichuris trichiura (PRJEB535),protein_coding,trtricprjeb535
TTRE12366,TTRE12366_t1,388,protein_coding,histone acetyltransferase  [Source:UniProtKB/TrEMBL;Acc:A0A077Z1H8],Trichuris trichiura (PRJEB535),protein_coding,trtricprjeb535
TTRE10671,TTRE10671_t1,758,protein_coding,,Trichuris trichiura (PRJEB535),protein_coding,trtricprjeb535
TTRE5409,TTRE5409_t1,598,protein_coding,Tyrosinase domain containing protein  [Source:UniProtKB/TrEMBL;Acc:A0A077Z814],Trichuris trichiura (PRJEB535),protein_coding,trtricprjeb535
TTRE5044,TTRE5044_t1,587,protein_coding,,Trichuris trichiura (PRJEB535),protein_coding,trtricprjeb535
TTRE3585,TTRE3585_t1,149,protein_coding,,Trichuris trichiura (PRJEB535),protein_coding,trtricprjeb535
TTRE10953,TTRE10953_t1,260,protein_coding,,Trichuris trichiura (PRJEB535),protein_coding,trtricprjeb535
TTRE2427,TTRE2427_t1,575,protein_coding,SKA2 domain-containing protein  [Source:UniProtKB/TrEMBL;Acc:A0A077Z757],Trichuris trichiura (PRJEB535),protein_coding,trtricprjeb535
TTRE5200,TTRE5200_t1,466,protein_coding,Sphingomyelin synthase protein 1  [Source:UniProtKB/TrEMBL;Acc:A0A077Z425],Trichuris trichiura (PRJEB535),protein_coding,trtricprjeb535
TTRE1910,TTRE1910_t1,413,protein_coding,,Trichuris trichiura (PRJEB535),protein_coding,trtricprjeb535
TTRE10166,TTRE10166_t1,407,protein_coding,,Trichuris trichiura (PRJEB535),protein_coding,trtricprjeb535
TTRE4988,TTRE4988_t1,384,protein_coding,,Trichuris trichiura (PRJEB535),protein_coding,trtricprjeb535
TTRE6758,TTRE6758_t1,278,protein_coding,,Trichuris trichiura (PRJEB535),protein_coding,trtricprjeb535
TTRE11745,TTRE11745_t1,1223,protein_coding,,Trichuris trichiura (PRJEB535),protein_coding,trtricprjeb535
TTRE8911,TTRE8911_t1,793,protein_coding,G_PROTEIN_RECEP_F1_2 domain-containing protein  [Source:UniProtKB/TrEMBL;Acc:A0A077Z4G2],Trichuris trichiura (PRJEB535),protein_coding,trtricprjeb535
TTRE1010,TTRE1010_t1,339,protein_coding,,Trichuris trichiura (PRJEB535),protein_coding,trtricprjeb535
TTRE12585,TTRE12585_t1,527,protein_coding,,Trichuris trichiura (PRJEB535),protein_coding,trtricprjeb535
TTRE8020,TTRE8020_t1,246,protein_coding,,Trichuris trichiura (PRJEB535),protein_coding,trtricprjeb535
TTRE2838,TTRE2838_t1,1301,protein_coding,,Trichuris trichiura (PRJEB535),protein_coding,trtricprjeb535
TTRE4736,TTRE4736_t1,200,protein_coding,,Trichuris trichiura (PRJEB535),protein_coding,trtricprjeb535
TTRE6530,TTRE6530_t1,347,protein_coding,,Trichuris trichiura (PRJEB535),protein_coding,trtricprjeb535
TTRE2235,TTRE2235_t1,240,protein_coding,,Trichuris trichiura (PRJEB535),protein_coding,trtricprjeb535
TTRE6612,TTRE6612_t1,217,protein_coding,Notchless 1  [Source:UniProtKB/TrEMBL;Acc:A0A077Z7Q6],Trichuris trichiura (PRJEB535),protein_coding,trtricprjeb535
TTRE7257,TTRE7257_t1,326,protein_coding,,Trichuris trichiura (PRJEB535),protein_coding,trtricprjeb535
TTRE2859,TTRE2859_t1,195,protein_coding,60S ribosomal protein L17  [Source:UniProtKB/TrEMBL;Acc:A0A077YXA5],Trichuris trichiura (PRJEB535),protein_coding,trtricprjeb535
TTRE7029,TTRE7029_t1,1184,protein_coding,,Trichuris trichiura (PRJEB535),protein_coding,trtricprjeb535
TTRE10074,TTRE10074_t1,647,protein_coding,,Trichuris trichiura (PRJEB535),protein_coding,trtricprjeb535
TTRE5441,TTRE5441_t1,253,protein_coding,,Trichuris trichiura (PRJEB535),protein_coding,trtricprjeb535
TTRE8366,TTRE8366_t1,137,protein_coding,,Trichuris trichiura (PRJEB535),protein_coding,trtricprjeb535
TTRE5977,TTRE5977_t1,1183,protein_coding,,Trichuris trichiura (PRJEB535),protein_coding,trtricprjeb535
TTRE3653,TTRE3653_t1,217,protein_coding,Zf-CCHC domain containing protein  [Source:UniProtKB/TrEMBL;Acc:A0A077Z1K1],Trichuris trichiura (PRJEB535),protein_coding,trtricprjeb535
TTRE10852,TTRE10852_t1,287,protein_coding,,Trichuris trichiura (PRJEB535),protein_coding,trtricprjeb535
TTRE8154,TTRE8154_t1,1694,protein_coding,,Trichuris trichiura (PRJEB535),protein_coding,trtricprjeb535
TTRE4829,TTRE4829_t1,622,protein_coding,,Trichuris trichiura (PRJEB535),protein_coding,trtricprjeb535
TTRE4893,TTRE4893_t1,236,protein_coding,,Trichuris trichiura (PRJEB535),protein_coding,trtricprjeb535
TTRE675,TTRE675_t1,209,protein_coding,PARP catalytic domain-containing protein  [Source:UniProtKB/TrEMBL;Acc:A0A077ZPZ2],Trichuris trichiura (PRJEB535),protein_coding,trtricprjeb535
TTRE8462,TTRE8462_t1,249,protein_coding,,Trichuris trichiura (PRJEB535),protein_coding,trtricprjeb535
TTRE7347,TTRE7347_t1,965,protein_coding,,Trichuris trichiura (PRJEB535),protein_coding,trtricprjeb535
TTRE6206,TTRE6206_t1,1085,protein_coding,G protein gamma domain-containing protein  [Source:UniProtKB/TrEMBL;Acc:A0A077ZL31],Trichuris trichiura (PRJEB535),protein_coding,trtricprjeb535
TTRE6146,TTRE6146_t1,548,protein_coding,,Trichuris trichiura (PRJEB535),protein_coding,trtricprjeb535
TTRE3196,TTRE3196_t1,1979,protein_coding,Homeobox protein MSH-B  [Source:UniProtKB/TrEMBL;Acc:A0A077ZDF6],Trichuris trichiura (PRJEB535),protein_coding,trtricprjeb535
TTRE5038,TTRE5038_t1,435,protein_coding,,Trichuris trichiura (PRJEB535),protein_coding,trtricprjeb535
TTRE10913,TTRE10913_t1,503,protein_coding,,Trichuris trichiura (PRJEB535),protein_coding,trtricprjeb535
TTRE2916,TTRE2916_t1,227,protein_coding,60S ribosomal protein L36  [Source:UniProtKB/TrEMBL;Acc:A0A077ZMX4],Trichuris trichiura (PRJEB535),protein_coding,trtricprjeb535
TTRE11406,TTRE11406_t1,473,protein_coding,,Trichuris trichiura (PRJEB535),protein_coding,trtricprjeb535
TTRE5400,TTRE5400_t2,197,protein_coding,,Trichuris trichiura (PRJEB535),protein_coding,trtricprjeb535
TTRE9749,TTRE9749_t1,202,protein_coding,,Trichuris trichiura (PRJEB535),protein_coding,trtricprjeb535
TTRE6321,TTRE6321_t1,410,protein_coding,,Trichuris trichiura (PRJEB535),protein_coding,trtricprjeb535
TTRE10482,TTRE10482_t1,728,protein_coding,,Trichuris trichiura (PRJEB535),protein_coding,trtricprjeb535
TTRE2621,TTRE2621_t1,396,protein_coding,,Trichuris trichiura (PRJEB535),protein_coding,trtricprjeb535
TTRE9498,TTRE9498_t1,323,protein_coding,,Trichuris trichiura (PRJEB535),protein_coding,trtricprjeb535
TTRE6153,TTRE6153_t1,623,protein_coding,,Trichuris trichiura (PRJEB535),protein_coding,trtricprjeb535
TTRE7834,TTRE7834_t1,301,protein_coding,Mitogen-activated protein kinase  [Source:UniProtKB/TrEMBL;Acc:A0A077ZB67],Trichuris trichiura (PRJEB535),protein_coding,trtricprjeb535
TTRE7541,TTRE7541_t1,332,protein_coding,,Trichuris trichiura (PRJEB535),protein_coding,trtricprjeb535
TTRE585,TTRE585_t1,1012,protein_coding,PHD finger protein  [Source:UniProtKB/TrEMBL;Acc:A0A077Z1W7],Trichuris trichiura (PRJEB535),protein_coding,trtricprjeb535
TTRE9071,TTRE9071_t1,152,protein_coding,,Trichuris trichiura (PRJEB535),protein_coding,trtricprjeb535
TTRE5048,TTRE5048_t1,1115,protein_coding,"NADPH:adrenodoxin oxidoreductase, mitochondrial  [Source:UniProtKB/TrEMBL;Acc:A0A077YY30]",Trichuris trichiura (PRJEB535),protein_coding,trtricprjeb535
TTRE862,TTRE862_t1,496,protein_coding,,Trichuris trichiura (PRJEB535),protein_coding,trtricprjeb535
TTRE5631,TTRE5631_t1,1731,protein_coding,,Trichuris trichiura (PRJEB535),protein_coding,trtricprjeb535
TTRE4170,TTRE4170_t1,313,protein_coding,Laminin EGF and Kelch 6 and Kelch 3 domain contai ning protein  [Source:UniProtKB/TrEMBL;Acc:A0A077ZE42],Trichuris trichiura (PRJEB535),protein_coding,trtricprjeb535
TTRE1289,TTRE1289_t1,233,protein_coding,,Trichuris trichiura (PRJEB535),protein_coding,trtricprjeb535
TTRE638,TTRE638_t1,151,protein_coding,,Trichuris trichiura (PRJEB535),protein_coding,trtricprjeb535
TTRE5189,TTRE5189_t1,737,protein_coding,Proteasome activator pa28 beta subunit family  [Source:UniProtKB/TrEMBL;Acc:A0A077YW71],Trichuris trichiura (PRJEB535),protein_coding,trtricprjeb535
TTRE1240,TTRE1240_t1,358,protein_coding,,Trichuris trichiura (PRJEB535),protein_coding,trtricprjeb535
TTRE3839,TTRE3839_t1,318,protein_coding,GPI transamidase component PIG T  [Source:UniProtKB/TrEMBL;Acc:A0A077ZB30],Trichuris trichiura (PRJEB535),protein_coding,trtricprjeb535
TTRE959,TTRE959_t1,159,protein_coding,AP 3 complex subunit mu 1  [Source:UniProtKB/TrEMBL;Acc:A0A077Z3F6],Trichuris trichiura (PRJEB535),protein_coding,trtricprjeb535
TTRE978,TTRE978_t1,205,protein_coding,Zf-CDGSH domain containing protein  [Source:UniProtKB/TrEMBL;Acc:A0A077Z600],Trichuris trichiura (PRJEB535),protein_coding,trtricprjeb535
TTRE10137,TTRE10137_t1,734,protein_coding,,Trichuris trichiura (PRJEB535),protein_coding,trtricprjeb535
TTRE8722,TTRE8722_t1,494,protein_coding,,Trichuris trichiura (PRJEB535),protein_coding,trtricprjeb535
TTRE7273,TTRE7273_t1,260,protein_coding,,Trichuris trichiura (PRJEB535),protein_coding,trtricprjeb535
TTRE5246,TTRE5246_t1,159,protein_coding,40S ribosomal protein S23  [Source:UniProtKB/TrEMBL;Acc:A0A077ZHD1],Trichuris trichiura (PRJEB535),protein_coding,trtricprjeb535
TTRE3787,TTRE3787_t1,1189,protein_coding,,Trichuris trichiura (PRJEB535),protein_coding,trtricprjeb535
TTRE1021,TTRE1021_t1,457,protein_coding,CAP domain containing protein  [Source:UniProtKB/TrEMBL;Acc:A0A077Z8Z8],Trichuris trichiura (PRJEB535),protein_coding,trtricprjeb535
TTRE8874,TTRE8874_t1,442,protein_coding,,Trichuris trichiura (PRJEB535),protein_coding,trtricprjeb535
TTRE3343,TTRE3343_t1,782,protein_coding,Serine protease inhibitor family protein  [Source:UniProtKB/TrEMBL;Acc:A0A077Z583],Trichuris trichiura (PRJEB535),protein_coding,trtricprjeb535
TTRE3879,TTRE3879_t1,387,protein_coding,,Trichuris trichiura (PRJEB535),protein_coding,trtricprjeb535
TTRE3999,TTRE3999_t1,302,protein_coding,LIM domain containing protein  [Source:UniProtKB/TrEMBL;Acc:A0A077Z7W8],Trichuris trichiura (PRJEB535),protein_coding,trtricprjeb535
TTRE9488,TTRE9488_t1,1685,protein_coding,,Trichuris trichiura (PRJEB535),protein_coding,trtricprjeb535
TTRE10314,TTRE10314_t1,710,protein_coding,,Trichuris trichiura (PRJEB535),protein_coding,trtricprjeb535
TTRE10833,TTRE10833_t1,566,protein_coding,,Trichuris trichiura (PRJEB535),protein_coding,trtricprjeb535
TTRE2311,TTRE2311_t1,296,protein_coding,,Trichuris trichiura (PRJEB535),protein_coding,trtricprjeb535
TTRE8078,TTRE8078_t1,260,protein_coding,,Trichuris trichiura (PRJEB535),protein_coding,trtricprjeb535
TTRE1880,TTRE1880_t1,1058,protein_coding,Brain protein 44 protein 2 like  [Source:UniProtKB/TrEMBL;Acc:A0A077ZGK2],Trichuris trichiura (PRJEB535),protein_coding,trtricprjeb535
TTRE10341,TTRE10341_t1,635,protein_coding,,Trichuris trichiura (PRJEB535),protein_coding,trtricprjeb535
TTRE5424,TTRE5424_t1,198,protein_coding,Nebulin and LIM and SH3 1 domain containing prote in  [Source:UniProtKB/TrEMBL;Acc:A0A077ZBP6],Trichuris trichiura (PRJEB535),protein_coding,trtricprjeb535
TTRE5476,TTRE5476_t1,412,protein_coding,,Trichuris trichiura (PRJEB535),protein_coding,trtricprjeb535
TTRE3341,TTRE3341_t1,352,protein_coding,,Trichuris trichiura (PRJEB535),protein_coding,trtricprjeb535
TTRE8400,TTRE8400_t1,212,protein_coding,,Trichuris trichiura (PRJEB535),protein_coding,trtricprjeb535
TTRE954,TTRE954_t1,211,protein_coding,,Trichuris trichiura (PRJEB535),protein_coding,trtricprjeb535
TTRE4082,TTRE4082_t1,252,protein_coding,ribose-phosphate diphosphokinase  [Source:UniProtKB/TrEMBL;Acc:A0A077Z3R4],Trichuris trichiura (PRJEB535),protein_coding,trtricprjeb535
TTRE8226,TTRE8226_t1,347,protein_coding,,Trichuris trichiura (PRJEB535),protein_coding,trtricprjeb535
TTRE9039,TTRE9039_t1,376,protein_coding,Myofilin  [Source:UniProtKB/TrEMBL;Acc:A0A077Z0I9],Trichuris trichiura (PRJEB535),protein_coding,trtricprjeb535
TTRE574,TTRE574_t1,238,protein_coding,,Trichuris trichiura (PRJEB535),protein_coding,trtricprjeb535
TTRE10529,TTRE10529_t1,5225,protein_coding,,Trichuris trichiura (PRJEB535),protein_coding,trtricprjeb535
TTRE11269,TTRE11269_t1,82,protein_coding,,Trichuris trichiura (PRJEB535),protein_coding,trtricprjeb535
TTRE11554,TTRE11554_t1,273,protein_coding,,Trichuris trichiura (PRJEB535),protein_coding,trtricprjeb535
TTRE1681,TTRE1681_t1,747,protein_coding,Glyco trans 2 3 domain containing protein  [Source:UniProtKB/TrEMBL;Acc:A0A077ZMC4],Trichuris trichiura (PRJEB535),protein_coding,trtricprjeb535
TTRE2211,TTRE2211_t1,416,protein_coding,,Trichuris trichiura (PRJEB535),protein_coding,trtricprjeb535
TTRE8280,TTRE8280_t1,633,protein_coding,,Trichuris trichiura (PRJEB535),protein_coding,trtricprjeb535
TTRE6753,TTRE6753_t1,248,protein_coding,DM13 domain containing protein  [Source:UniProtKB/TrEMBL;Acc:A0A077Z7A6],Trichuris trichiura (PRJEB535),protein_coding,trtricprjeb535
TTRE8657,TTRE8657_t1,195,protein_coding,,Trichuris trichiura (PRJEB535),protein_coding,trtricprjeb535
TTRE7791,TTRE7791_t1,494,protein_coding,HSP20 domain containing protein  [Source:UniProtKB/TrEMBL;Acc:A0A077ZEM2],Trichuris trichiura (PRJEB535),protein_coding,trtricprjeb535
TTRE4257,TTRE4257_t2,409,protein_coding,,Trichuris trichiura (PRJEB535),protein_coding,trtricprjeb535
TTRE10351,TTRE10351_t1,290,protein_coding,Histone H2A  [Source:UniProtKB/TrEMBL;Acc:A0A077ZLW0],Trichuris trichiura (PRJEB535),protein_coding,trtricprjeb535
TTRE11322,TTRE11322_t1,1293,protein_coding,Adenomatous polyposis coli protein  [Source:UniProtKB/TrEMBL;Acc:A0A077ZMW9],Trichuris trichiura (PRJEB535),protein_coding,trtricprjeb535
TTRE11362,TTRE11362_t1,311,protein_coding,,Trichuris trichiura (PRJEB535),protein_coding,trtricprjeb535
TTRE1027,TTRE1027_t1,1476,protein_coding,,Trichuris trichiura (PRJEB535),protein_coding,trtricprjeb535
TTRE2719,TTRE2719_t1,461,protein_coding,,Trichuris trichiura (PRJEB535),protein_coding,trtricprjeb535
TTRE236,TTRE236_t1,265,protein_coding,,Trichuris trichiura (PRJEB535),protein_coding,trtricprjeb535
TTRE2407,TTRE2407_t1,540,protein_coding,,Trichuris trichiura (PRJEB535),protein_coding,trtricprjeb535
TTRE3545,TTRE3545_t1,215,protein_coding,,Trichuris trichiura (PRJEB535),protein_coding,trtricprjeb535
TTRE5868,TTRE5868_t1,653,protein_coding,,Trichuris trichiura (PRJEB535),protein_coding,trtricprjeb535
TTRE4635,TTRE4635_t1,335,protein_coding,,Trichuris trichiura (PRJEB535),protein_coding,trtricprjeb535
TTRE7145,TTRE7145_t1,2760,protein_coding,,Trichuris trichiura (PRJEB535),protein_coding,trtricprjeb535
TTRE10609,TTRE10609_t1,326,protein_coding,,Trichuris trichiura (PRJEB535),protein_coding,trtricprjeb535
TTRE3619,TTRE3619_t1,298,protein_coding,KH 1 domain containing protein  [Source:UniProtKB/TrEMBL;Acc:A0A077Z815],Trichuris trichiura (PRJEB535),protein_coding,trtricprjeb535
TTRE1545,TTRE1545_t1,279,protein_coding,,Trichuris trichiura (PRJEB535),protein_coding,trtricprjeb535
TTRE5331,TTRE5331_t1,79,protein_coding,,Trichuris trichiura (PRJEB535),protein_coding,trtricprjeb535
TTRE11902,TTRE11902_t1,266,protein_coding,,Trichuris trichiura (PRJEB535),protein_coding,trtricprjeb535
TTRE6408,TTRE6408_t1,420,protein_coding,,Trichuris trichiura (PRJEB535),protein_coding,trtricprjeb535
TTRE8954,TTRE8954_t1,587,protein_coding,,Trichuris trichiura (PRJEB535),protein_coding,trtricprjeb535
TTRE6813,TTRE6813_t1,112,protein_coding,,Trichuris trichiura (PRJEB535),protein_coding,trtricprjeb535
TTRE9683,TTRE9683_t1,299,protein_coding,,Trichuris trichiura (PRJEB535),protein_coding,trtricprjeb535
TTRE10906,TTRE10906_t1,326,protein_coding,,Trichuris trichiura (PRJEB535),protein_coding,trtricprjeb535
TTRE1389,TTRE1389_t1,696,protein_coding,,Trichuris trichiura (PRJEB535),protein_coding,trtricprjeb535
TTRE11553,TTRE11553_t1,451,protein_coding,,Trichuris trichiura (PRJEB535),protein_coding,trtricprjeb535
TTRE3615,TTRE3615_t1,119,protein_coding,,Trichuris trichiura (PRJEB535),protein_coding,trtricprjeb535
TTRE8040,TTRE8040_t1,1217,protein_coding,,Trichuris trichiura (PRJEB535),protein_coding,trtricprjeb535
TTRE11073,TTRE11073_t1,413,protein_coding,,Trichuris trichiura (PRJEB535),protein_coding,trtricprjeb535
TTRE12211,TTRE12211_t1,590,protein_coding,,Trichuris trichiura (PRJEB535),protein_coding,trtricprjeb535
TTRE4772,TTRE4772_t1,430,protein_coding,,Trichuris trichiura (PRJEB535),protein_coding,trtricprjeb535
TTRE4206,TTRE4206_t1,950,protein_coding,Protein giant  [Source:UniProtKB/TrEMBL;Acc:A0A077ZAT9],Trichuris trichiura (PRJEB535),protein_coding,trtricprjeb535
TTRE8750,TTRE8750_t1,725,protein_coding,,Trichuris trichiura (PRJEB535),protein_coding,trtricprjeb535
TTRE1423,TTRE1423_t1,539,protein_coding,,Trichuris trichiura (PRJEB535),protein_coding,trtricprjeb535
TTRE1086,TTRE1086_t1,605,protein_coding,,Trichuris trichiura (PRJEB535),protein_coding,trtricprjeb535
TTRE9269,TTRE9269_t1,102,protein_coding,,Trichuris trichiura (PRJEB535),protein_coding,trtricprjeb535
TTRE4850,TTRE4850_t1,345,protein_coding,,Trichuris trichiura (PRJEB535),protein_coding,trtricprjeb535
TTRE9857,TTRE9857_t1,2567,protein_coding,,Trichuris trichiura (PRJEB535),protein_coding,trtricprjeb535
TTRE7657,TTRE7657_t1,204,protein_coding,,Trichuris trichiura (PRJEB535),protein_coding,trtricprjeb535
TTRE3685,TTRE3685_t1,231,protein_coding,,Trichuris trichiura (PRJEB535),protein_coding,trtricprjeb535
TTRE8430,TTRE8430_t1,192,protein_coding,,Trichuris trichiura (PRJEB535),protein_coding,trtricprjeb535
TTRE10157,TTRE10157_t1,744,protein_coding,,Trichuris trichiura (PRJEB535),protein_coding,trtricprjeb535
TTRE12507,TTRE12507_t1,617,protein_coding,,Trichuris trichiura (PRJEB535),protein_coding,trtricprjeb535
TTRE10511,TTRE10511_t1,1670,protein_coding,,Trichuris trichiura (PRJEB535),protein_coding,trtricprjeb535
TTRE9205,TTRE9205_t1,496,protein_coding,,Trichuris trichiura (PRJEB535),protein_coding,trtricprjeb535
TTRE847,TTRE847_t1,852,protein_coding,,Trichuris trichiura (PRJEB535),protein_coding,trtricprjeb535
TTRE5020,TTRE5020_t1,697,protein_coding,,Trichuris trichiura (PRJEB535),protein_coding,trtricprjeb535
TTRE5317,TTRE5317_t1,327,protein_coding,,Trichuris trichiura (PRJEB535),protein_coding,trtricprjeb535
TTRE8548,TTRE8548_t1,320,protein_coding,,Trichuris trichiura (PRJEB535),protein_coding,trtricprjeb535
TTRE9495,TTRE9495_t1,1594,protein_coding,,Trichuris trichiura (PRJEB535),protein_coding,trtricprjeb535
TTRE12001,TTRE12001_t1,900,protein_coding,Regulator of G protein signaling 20  [Source:UniProtKB/TrEMBL;Acc:A0A077Z0F5],Trichuris trichiura (PRJEB535),protein_coding,trtricprjeb535
TTRE2358,TTRE2358_t1,269,protein_coding,,Trichuris trichiura (PRJEB535),protein_coding,trtricprjeb535
TTRE11307,TTRE11307_t1,120,protein_coding,Autophagy act C domain containing protein  [Source:UniProtKB/TrEMBL;Acc:A0A077Z7A4],Trichuris trichiura (PRJEB535),protein_coding,trtricprjeb535
TTRE1851,TTRE1851_t1,227,protein_coding,sphingolipid 4-desaturase  [Source:UniProtKB/TrEMBL;Acc:A0A077Z5R1],Trichuris trichiura (PRJEB535),protein_coding,trtricprjeb535
TTRE484,TTRE484_t1,187,protein_coding,,Trichuris trichiura (PRJEB535),protein_coding,trtricprjeb535
TTRE1929,TTRE1929_t1,200,protein_coding,Integral membrane protein 2  [Source:UniProtKB/TrEMBL;Acc:A0A077Z1L4],Trichuris trichiura (PRJEB535),protein_coding,trtricprjeb535
TTRE6545,TTRE6545_t1,1184,protein_coding,,Trichuris trichiura (PRJEB535),protein_coding,trtricprjeb535
TTRE160,TTRE160_t1,110,protein_coding,,Trichuris trichiura (PRJEB535),protein_coding,trtricprjeb535
TTRE3307,TTRE3307_t1,253,protein_coding,RNA helicase  [Source:UniProtKB/TrEMBL;Acc:A0A077YY59],Trichuris trichiura (PRJEB535),protein_coding,trtricprjeb535
TTRE5108,TTRE5108_t1,1343,protein_coding,,Trichuris trichiura (PRJEB535),protein_coding,trtricprjeb535
TTRE9991,TTRE9991_t1,1801,protein_coding,,Trichuris trichiura (PRJEB535),protein_coding,trtricprjeb535
TTRE7182,TTRE7182_t1,1665,protein_coding,,Trichuris trichiura (PRJEB535),protein_coding,trtricprjeb535
TTRE5647,TTRE5647_t1,458,protein_coding,Collagen alpha (Iv) chain  [Source:UniProtKB/TrEMBL;Acc:A0A077Z512],Trichuris trichiura (PRJEB535),protein_coding,trtricprjeb535
TTRE1815,TTRE1815_t1,419,protein_coding,,Trichuris trichiura (PRJEB535),protein_coding,trtricprjeb535
TTRE8795,TTRE8795_t1,230,protein_coding,,Trichuris trichiura (PRJEB535),protein_coding,trtricprjeb535
TTRE3558,TTRE3558_t1,157,protein_coding,,Trichuris trichiura (PRJEB535),protein_coding,trtricprjeb535
TTRE3359,TTRE3359_t1,1190,protein_coding,,Trichuris trichiura (PRJEB535),protein_coding,trtricprjeb535
TTRE10842,TTRE10842_t1,644,protein_coding,,Trichuris trichiura (PRJEB535),protein_coding,trtricprjeb535
TTRE12182,TTRE12182_t1,187,protein_coding,,Trichuris trichiura (PRJEB535),protein_coding,trtricprjeb535
TTRE6482,TTRE6482_t1,509,protein_coding,,Trichuris trichiura (PRJEB535),protein_coding,trtricprjeb535
TTRE493,TTRE493_t1,250,protein_coding,Metalloendopeptidase  [Source:UniProtKB/TrEMBL;Acc:A0A077YY83],Trichuris trichiura (PRJEB535),protein_coding,trtricprjeb535
TTRE6555,TTRE6555_t1,337,protein_coding,,Trichuris trichiura (PRJEB535),protein_coding,trtricprjeb535
TTRE1846,TTRE1846_t2,289,protein_coding,,Trichuris trichiura (PRJEB535),protein_coding,trtricprjeb535
TTRE1381,TTRE1381_t1,143,protein_coding,,Trichuris trichiura (PRJEB535),protein_coding,trtricprjeb535
TTRE7181,TTRE7181_t1,171,protein_coding,,Trichuris trichiura (PRJEB535),protein_coding,trtricprjeb535
TTRE95,TTRE95_t2,3504,protein_coding,RNA-dependent RNA polymerase  [Source:UniProtKB/TrEMBL;Acc:A0A077ZKK4],Trichuris trichiura (PRJEB535),protein_coding,trtricprjeb535
TTRE3220,TTRE3220_t1,758,protein_coding,NEFA-interacting nuclear protein NIP30  [Source:UniProtKB/TrEMBL;Acc:A0A077ZDJ2],Trichuris trichiura (PRJEB535),protein_coding,trtricprjeb535
TTRE10688,TTRE10688_t1,520,protein_coding,,Trichuris trichiura (PRJEB535),protein_coding,trtricprjeb535
TTRE9697,TTRE9697_t1,243,protein_coding,SHNi-TPR domain-containing protein  [Source:UniProtKB/TrEMBL;Acc:A0A077Z2A0],Trichuris trichiura (PRJEB535),protein_coding,trtricprjeb535
TTRE3852,TTRE3852_t1,1127,protein_coding,,Trichuris trichiura (PRJEB535),protein_coding,trtricprjeb535
TTRE8122,TTRE8122_t1,362,protein_coding,,Trichuris trichiura (PRJEB535),protein_coding,trtricprjeb535
TTRE250,TTRE250_t1,863,protein_coding,Acetyltransferase  [Source:UniProtKB/TrEMBL;Acc:A0A077Z4K3],Trichuris trichiura (PRJEB535),protein_coding,trtricprjeb535
TTRE6575,TTRE6575_t1,162,protein_coding,,Trichuris trichiura (PRJEB535),protein_coding,trtricprjeb535
TTRE7294,TTRE7294_t1,305,protein_coding,,Trichuris trichiura (PRJEB535),protein_coding,trtricprjeb535
TTRE6047,TTRE6047_t1,241,protein_coding,Cytoplasmic FMR1-interacting protein  [Source:UniProtKB/TrEMBL;Acc:A0A077ZH20],Trichuris trichiura (PRJEB535),protein_coding,trtricprjeb535
TTRE2195,TTRE2195_t1,867,protein_coding,,Trichuris trichiura (PRJEB535),protein_coding,trtricprjeb535
TTRE453,TTRE453_t1,152,protein_coding,,Trichuris trichiura (PRJEB535),protein_coding,trtricprjeb535
TTRE486,TTRE486_t1,112,protein_coding,,Trichuris trichiura (PRJEB535),protein_coding,trtricprjeb535
TTRE10045,TTRE10045_t1,632,protein_coding,,Trichuris trichiura (PRJEB535),protein_coding,trtricprjeb535
TTRE6384,TTRE6384_t1,1520,protein_coding,,Trichuris trichiura (PRJEB535),protein_coding,trtricprjeb535
TTRE9833,TTRE9833_t1,365,protein_coding,,Trichuris trichiura (PRJEB535),protein_coding,trtricprjeb535
TTRE3990,TTRE3990_t1,509,protein_coding,,Trichuris trichiura (PRJEB535),protein_coding,trtricprjeb535
TTRE8571,TTRE8571_t1,187,protein_coding,,Trichuris trichiura (PRJEB535),protein_coding,trtricprjeb535
TTRE3103,TTRE3103_t1,197,protein_coding,,Trichuris trichiura (PRJEB535),protein_coding,trtricprjeb535
TTRE10287,TTRE10287_t1,503,protein_coding,,Trichuris trichiura (PRJEB535),protein_coding,trtricprjeb535
TTRE4621,TTRE4621_t2,221,protein_coding,,Trichuris trichiura (PRJEB535),protein_coding,trtricprjeb535
TTRE9306,TTRE9306_t1,425,protein_coding,,Trichuris trichiura (PRJEB535),protein_coding,trtricprjeb535
TTRE3918,TTRE3918_t1,335,protein_coding,,Trichuris trichiura (PRJEB535),protein_coding,trtricprjeb535
TTRE10994,TTRE10994_t1,144,protein_coding,,Trichuris trichiura (PRJEB535),protein_coding,trtricprjeb535
TTRE7899,TTRE7899_t1,368,protein_coding,,Trichuris trichiura (PRJEB535),protein_coding,trtricprjeb535
TTRE2452,TTRE2452_t1,299,protein_coding,,Trichuris trichiura (PRJEB535),protein_coding,trtricprjeb535
TTRE12102,TTRE12102_t1,278,protein_coding,,Trichuris trichiura (PRJEB535),protein_coding,trtricprjeb535
TTRE5776,TTRE5776_t1,944,protein_coding,,Trichuris trichiura (PRJEB535),protein_coding,trtricprjeb535
TTRE5856,TTRE5856_t1,164,protein_coding,,Trichuris trichiura (PRJEB535),protein_coding,trtricprjeb535
TTRE11815,TTRE11815_t1,152,protein_coding,,Trichuris trichiura (PRJEB535),protein_coding,trtricprjeb535
TTRE1858,TTRE1858_t1,657,protein_coding,,Trichuris trichiura (PRJEB535),protein_coding,trtricprjeb535
TTRE2189,TTRE2189_t1,226,protein_coding,,Trichuris trichiura (PRJEB535),protein_coding,trtricprjeb535
TTRE9732,TTRE9732_t1,138,protein_coding,,Trichuris trichiura (PRJEB535),protein_coding,trtricprjeb535
TTRE4186,TTRE4186_t1,833,protein_coding,,Trichuris trichiura (PRJEB535),protein_coding,trtricprjeb535
TTRE6428,TTRE6428_t1,608,protein_coding,,Trichuris trichiura (PRJEB535),protein_coding,trtricprjeb535
TTRE174,TTRE174_t1,371,protein_coding,,Trichuris trichiura (PRJEB535),protein_coding,trtricprjeb535
TTRE7945,TTRE7945_t1,365,protein_coding,,Trichuris trichiura (PRJEB535),protein_coding,trtricprjeb535
TTRE4906,TTRE4906_t1,654,protein_coding,,Trichuris trichiura (PRJEB535),protein_coding,trtricprjeb535
TTRE1751,TTRE1751_t1,191,protein_coding,,Trichuris trichiura (PRJEB535),protein_coding,trtricprjeb535
TTRE7162,TTRE7162_t1,680,protein_coding,Ribosomal RNA methyltransferase 2  [Source:UniProtKB/TrEMBL;Acc:A0A077Z9Y0],Trichuris trichiura (PRJEB535),protein_coding,trtricprjeb535
TTRE10547,TTRE10547_t1,124,protein_coding,,Trichuris trichiura (PRJEB535),protein_coding,trtricprjeb535
TTRE267,TTRE267_t1,1626,protein_coding,,Trichuris trichiura (PRJEB535),protein_coding,trtricprjeb535
TTRE4102,TTRE4102_t1,208,protein_coding,,Trichuris trichiura (PRJEB535),protein_coding,trtricprjeb535
TTRE3928,TTRE3928_t1,166,protein_coding,Ubiquitin domain containing protein  [Source:UniProtKB/TrEMBL;Acc:A0A077Z4U2],Trichuris trichiura (PRJEB535),protein_coding,trtricprjeb535
TTRE2077,TTRE2077_t1,208,protein_coding,Calpain 5  [Source:UniProtKB/TrEMBL;Acc:A0A077Z2M0],Trichuris trichiura (PRJEB535),protein_coding,trtricprjeb535
TTRE5212,TTRE5212_t1,559,protein_coding,,Trichuris trichiura (PRJEB535),protein_coding,trtricprjeb535
TTRE1535,TTRE1535_t1,394,protein_coding,,Trichuris trichiura (PRJEB535),protein_coding,trtricprjeb535
TTRE1082,TTRE1082_t3,284,protein_coding,WD40 and TLE N domain containing protein  [Source:UniProtKB/TrEMBL;Acc:A0A077ZBH1],Trichuris trichiura (PRJEB535),protein_coding,trtricprjeb535
TTRE273,TTRE273_t1,195,protein_coding,COX assembly mitochondrial protein  [Source:UniProtKB/TrEMBL;Acc:A0A077Z1N4],Trichuris trichiura (PRJEB535),protein_coding,trtricprjeb535
TTRE3567,TTRE3567_t1,192,protein_coding,,Trichuris trichiura (PRJEB535),protein_coding,trtricprjeb535
TTRE4220,TTRE4220_t1,883,protein_coding,,Trichuris trichiura (PRJEB535),protein_coding,trtricprjeb535
TTRE4021,TTRE4021_t1,1700,protein_coding,Vacuolar protein sorting associated protein 45  [Source:UniProtKB/TrEMBL;Acc:A0A077ZBB2],Trichuris trichiura (PRJEB535),protein_coding,trtricprjeb535
TTRE6201,TTRE6201_t1,217,protein_coding,EMP24 GP25L domain containing protein  [Source:UniProtKB/TrEMBL;Acc:A0A077ZFF4],Trichuris trichiura (PRJEB535),protein_coding,trtricprjeb535
TTRE2070,TTRE2070_t1,1058,protein_coding,DUF3421 domain containing protein  [Source:UniProtKB/TrEMBL;Acc:A0A077Z0M9],Trichuris trichiura (PRJEB535),protein_coding,trtricprjeb535
TTRE7676,TTRE7676_t1,1406,protein_coding,GPI mannosyltransferase 2  [Source:UniProtKB/TrEMBL;Acc:A0A077YZN7],Trichuris trichiura (PRJEB535),protein_coding,trtricprjeb535
TTRE8504,TTRE8504_t1,272,protein_coding,,Trichuris trichiura (PRJEB535),protein_coding,trtricprjeb535
TTRE5123,TTRE5123_t1,159,protein_coding,,Trichuris trichiura (PRJEB535),protein_coding,trtricprjeb535
TTRE512,TTRE512_t1,547,protein_coding,Protein ovo  [Source:UniProtKB/TrEMBL;Acc:A0A077ZGG3],Trichuris trichiura (PRJEB535),protein_coding,trtricprjeb535
TTRE6761,TTRE6761_t1,713,protein_coding,,Trichuris trichiura (PRJEB535),protein_coding,trtricprjeb535
TTRE8706,TTRE8706_t1,803,protein_coding,Glyco hydro 19 domain containing protein  [Source:UniProtKB/TrEMBL;Acc:A0A077Z915],Trichuris trichiura (PRJEB535),protein_coding,trtricprjeb535
TTRE413,TTRE413_t1,692,protein_coding,,Trichuris trichiura (PRJEB535),protein_coding,trtricprjeb535
TTRE3337,TTRE3337_t1,371,protein_coding,Histone H2B  [Source:UniProtKB/TrEMBL;Acc:A0A077ZJU3],Trichuris trichiura (PRJEB535),protein_coding,trtricprjeb535
TTRE5265,TTRE5265_t1,948,protein_coding,,Trichuris trichiura (PRJEB535),protein_coding,trtricprjeb535
TTRE649,TTRE649_t1,322,protein_coding,,Trichuris trichiura (PRJEB535),protein_coding,trtricprjeb535
TTRE5415,TTRE5415_t1,218,protein_coding,,Trichuris trichiura (PRJEB535),protein_coding,trtricprjeb535
TTRE2023,TTRE2023_t1,180,protein_coding,N-alpha-acetyltransferase 50  [Source:UniProtKB/TrEMBL;Acc:A0A077ZG25],Trichuris trichiura (PRJEB535),protein_coding,trtricprjeb535
TTRE1955,TTRE1955_t1,281,protein_coding,,Trichuris trichiura (PRJEB535),protein_coding,trtricprjeb535
TTRE736,TTRE736_t1,195,protein_coding,,Trichuris trichiura (PRJEB535),protein_coding,trtricprjeb535
TTRE11057,TTRE11057_t1,610,protein_coding,,Trichuris trichiura (PRJEB535),protein_coding,trtricprjeb535
TTRE3934,TTRE3934_t1,365,protein_coding,,Trichuris trichiura (PRJEB535),protein_coding,trtricprjeb535
TTRE11280,TTRE11280_t1,545,protein_coding,,Trichuris trichiura (PRJEB535),protein_coding,trtricprjeb535
TTRE6688,TTRE6688_t1,937,protein_coding,,Trichuris trichiura (PRJEB535),protein_coding,trtricprjeb535
TTRE10348,TTRE10348_t1,835,protein_coding,,Trichuris trichiura (PRJEB535),protein_coding,trtricprjeb535
TTRE9746,TTRE9746_t1,424,protein_coding,,Trichuris trichiura (PRJEB535),protein_coding,trtricprjeb535
TTRE4749,TTRE4749_t1,602,protein_coding,Homeobox protein Dlx1a  [Source:UniProtKB/TrEMBL;Acc:A0A077ZDN9],Trichuris trichiura (PRJEB535),protein_coding,trtricprjeb535
TTRE4358,TTRE4358_t1,314,protein_coding,Tetraspanin family protein  [Source:UniProtKB/TrEMBL;Acc:A0A077Z295],Trichuris trichiura (PRJEB535),protein_coding,trtricprjeb535
TTRE2534,TTRE2534_t1,928,protein_coding,3-oxoacyl-[acyl-carrier-protein] synthase  [Source:UniProtKB/TrEMBL;Acc:A0A077YWM3],Trichuris trichiura (PRJEB535),protein_coding,trtricprjeb535
TTRE10443,TTRE10443_t1,245,protein_coding,,Trichuris trichiura (PRJEB535),protein_coding,trtricprjeb535
TTRE10570,TTRE10570_t1,899,protein_coding,,Trichuris trichiura (PRJEB535),protein_coding,trtricprjeb535
TTRE12166,TTRE12166_t1,374,protein_coding,,Trichuris trichiura (PRJEB535),protein_coding,trtricprjeb535
TTRE10667,TTRE10667_t1,225,protein_coding,,Trichuris trichiura (PRJEB535),protein_coding,trtricprjeb535
TTRE4246,TTRE4246_t1,292,protein_coding,,Trichuris trichiura (PRJEB535),protein_coding,trtricprjeb535
TTRE8161,TTRE8161_t1,199,protein_coding,Vacuolar membrane protein pep3  [Source:UniProtKB/TrEMBL;Acc:A0A077ZAQ4],Trichuris trichiura (PRJEB535),protein_coding,trtricprjeb535
TTRE7349,TTRE7349_t1,530,protein_coding,,Trichuris trichiura (PRJEB535),protein_coding,trtricprjeb535
TTRE1143,TTRE1143_t1,164,protein_coding,,Trichuris trichiura (PRJEB535),protein_coding,trtricprjeb535
TTRE11067,TTRE11067_t1,851,protein_coding,,Trichuris trichiura (PRJEB535),protein_coding,trtricprjeb535
TTRE1728,TTRE1728_t1,254,protein_coding,Prenyltrans 2 domain containing protein  [Source:UniProtKB/TrEMBL;Acc:A0A077Z4S7],Trichuris trichiura (PRJEB535),protein_coding,trtricprjeb535
TTRE12104,TTRE12104_t1,156,protein_coding,,Trichuris trichiura (PRJEB535),protein_coding,trtricprjeb535
TTRE5604,TTRE5604_t1,296,protein_coding,,Trichuris trichiura (PRJEB535),protein_coding,trtricprjeb535
TTRE2855,TTRE2855_t1,338,protein_coding,,Trichuris trichiura (PRJEB535),protein_coding,trtricprjeb535
TTRE359,TTRE359_t1,197,protein_coding,60S ribosomal protein L34  [Source:UniProtKB/TrEMBL;Acc:A0A077Z4I7],Trichuris trichiura (PRJEB535),protein_coding,trtricprjeb535
TTRE7787,TTRE7787_t1,755,protein_coding,,Trichuris trichiura (PRJEB535),protein_coding,trtricprjeb535
TTRE4200,TTRE4200_t1,380,protein_coding,,Trichuris trichiura (PRJEB535),protein_coding,trtricprjeb535
TTRE7604,TTRE7604_t1,200,protein_coding,,Trichuris trichiura (PRJEB535),protein_coding,trtricprjeb535
TTRE11695,TTRE11695_t1,506,protein_coding,,Trichuris trichiura (PRJEB535),protein_coding,trtricprjeb535
TTRE9276,TTRE9276_t1,356,protein_coding,,Trichuris trichiura (PRJEB535),protein_coding,trtricprjeb535
TTRE6232,TTRE6232_t1,174,protein_coding,,Trichuris trichiura (PRJEB535),protein_coding,trtricprjeb535
TTRE2766,TTRE2766_t1,842,protein_coding,,Trichuris trichiura (PRJEB535),protein_coding,trtricprjeb535
TTRE11148,TTRE11148_t1,221,protein_coding,,Trichuris trichiura (PRJEB535),protein_coding,trtricprjeb535
TTRE9533,TTRE9533_t1,284,protein_coding,,Trichuris trichiura (PRJEB535),protein_coding,trtricprjeb535
TTRE3274,TTRE3274_t1,890,protein_coding,Beclin 1-associated autophagy-related key regulat or  [Source:UniProtKB/TrEMBL;Acc:A0A077YX41],Trichuris trichiura (PRJEB535),protein_coding,trtricprjeb535
TTRE12295,TTRE12295_t1,246,protein_coding,,Trichuris trichiura (PRJEB535),protein_coding,trtricprjeb535
TTRE11191,TTRE11191_t1,440,protein_coding,,Trichuris trichiura (PRJEB535),protein_coding,trtricprjeb535
TTRE12571,TTRE12571_t1,675,protein_coding,,Trichuris trichiura (PRJEB535),protein_coding,trtricprjeb535
TTRE1939,TTRE1939_t1,209,protein_coding,,Trichuris trichiura (PRJEB535),protein_coding,trtricprjeb535
TTRE369,TTRE369_t1,187,protein_coding,GTP-binding nuclear protein  [Source:UniProtKB/TrEMBL;Acc:A0A077Z7J0],Trichuris trichiura (PRJEB535),protein_coding,trtricprjeb535
TTRE5297,TTRE5297_t1,204,protein_coding,,Trichuris trichiura (PRJEB535),protein_coding,trtricprjeb535
TTRE11775,TTRE11775_t1,362,protein_coding,,Trichuris trichiura (PRJEB535),protein_coding,trtricprjeb535
TTRE11957,TTRE11957_t1,880,protein_coding,,Trichuris trichiura (PRJEB535),protein_coding,trtricprjeb535
TTRE8195,TTRE8195_t1,554,protein_coding,Signal peptidase complex catalytic subunit SEC11  [Source:UniProtKB/TrEMBL;Acc:A0A077ZFD1],Trichuris trichiura (PRJEB535),protein_coding,trtricprjeb535
TTRE3985,TTRE3985_t1,315,protein_coding,,Trichuris trichiura (PRJEB535),protein_coding,trtricprjeb535
TTRE8975,TTRE8975_t1,311,protein_coding,General transcription and DNA repair factor IIH helicase subunit XPD  [Source:UniProtKB/TrEMBL;Acc:A0A077ZCK2],Trichuris trichiura (PRJEB535),protein_coding,trtricprjeb535
TTRE1897,TTRE1897_t1,744,protein_coding,,Trichuris trichiura (PRJEB535),protein_coding,trtricprjeb535
TTRE2459,TTRE2459_t1,528,protein_coding,Src substrate cortactin repeat in hs cortactin  [Source:UniProtKB/TrEMBL;Acc:A0A077YVI8],Trichuris trichiura (PRJEB535),protein_coding,trtricprjeb535
TTRE2713,TTRE2713_t1,656,protein_coding,,Trichuris trichiura (PRJEB535),protein_coding,trtricprjeb535
TTRE4010,TTRE4010_t1,150,protein_coding,,Trichuris trichiura (PRJEB535),protein_coding,trtricprjeb535
TTRE961,TTRE961_t1,203,protein_coding,,Trichuris trichiura (PRJEB535),protein_coding,trtricprjeb535
TTRE5243,TTRE5243_t1,261,protein_coding,Phospholipid-transporting ATPase  [Source:UniProtKB/TrEMBL;Acc:A0A077ZCQ0],Trichuris trichiura (PRJEB535),protein_coding,trtricprjeb535
TTRE2005,TTRE2005_t1,530,protein_coding,ATP dependent RNA helicase DDX51  [Source:UniProtKB/TrEMBL;Acc:A0A077YWX8],Trichuris trichiura (PRJEB535),protein_coding,trtricprjeb535
TTRE3834,TTRE3834_t1,273,protein_coding,Queuosine salvage protein  [Source:UniProtKB/TrEMBL;Acc:A0A077ZD61],Trichuris trichiura (PRJEB535),protein_coding,trtricprjeb535
TTRE11858,TTRE11858_t1,560,protein_coding,,Trichuris trichiura (PRJEB535),protein_coding,trtricprjeb535
TTRE4642,TTRE4642_t1,393,protein_coding,F-box-like and TPR 1 domain containing protein  [Source:UniProtKB/TrEMBL;Acc:A0A077ZA31],Trichuris trichiura (PRJEB535),protein_coding,trtricprjeb535
TTRE3023,TTRE3023_t1,196,protein_coding,,Trichuris trichiura (PRJEB535),protein_coding,trtricprjeb535
TTRE3521,TTRE3521_t1,1100,protein_coding,,Trichuris trichiura (PRJEB535),protein_coding,trtricprjeb535
TTRE878,TTRE878_t1,324,protein_coding,,Trichuris trichiura (PRJEB535),protein_coding,trtricprjeb535
TTRE2870,TTRE2870_t1,145,protein_coding,Tropomodulin  [Source:UniProtKB/TrEMBL;Acc:A0A077Z9E1],Trichuris trichiura (PRJEB535),protein_coding,trtricprjeb535
TTRE1263,TTRE1263_t1,836,protein_coding,RRM 1 domain containing protein  [Source:UniProtKB/TrEMBL;Acc:A0A077Z876],Trichuris trichiura (PRJEB535),protein_coding,trtricprjeb535
TTRE2029,TTRE2029_t1,245,protein_coding,Preprotein translocase SecG subunit  [Source:UniProtKB/TrEMBL;Acc:A0A077Z0J8],Trichuris trichiura (PRJEB535),protein_coding,trtricprjeb535
TTRE7171,TTRE7171_t1,470,protein_coding,DDE_Tnp_1_7 domain-containing protein  [Source:UniProtKB/TrEMBL;Acc:A0A077ZGL7],Trichuris trichiura (PRJEB535),protein_coding,trtricprjeb535
TTRE6060,TTRE6060_t1,3032,protein_coding,,Trichuris trichiura (PRJEB535),protein_coding,trtricprjeb535
TTRE6918,TTRE6918_t1,476,protein_coding,,Trichuris trichiura (PRJEB535),protein_coding,trtricprjeb535
TTRE12297,TTRE12297_t1,272,protein_coding,,Trichuris trichiura (PRJEB535),protein_coding,trtricprjeb535
TTRE8958,TTRE8958_t1,898,protein_coding,,Trichuris trichiura (PRJEB535),protein_coding,trtricprjeb535
TTRE12216,TTRE12216_t1,968,protein_coding,,Trichuris trichiura (PRJEB535),protein_coding,trtricprjeb535
TTRE10986,TTRE10986_t1,281,protein_coding,ShK and CAP domain containing protein  [Source:UniProtKB/TrEMBL;Acc:A0A077YYJ9],Trichuris trichiura (PRJEB535),protein_coding,trtricprjeb535
TTRE8263,TTRE8263_t1,223,protein_coding,,Trichuris trichiura (PRJEB535),protein_coding,trtricprjeb535
TTRE4524,TTRE4524_t1,221,protein_coding,TIMELESS-interacting protein  [Source:UniProtKB/TrEMBL;Acc:A0A077ZGQ9],Trichuris trichiura (PRJEB535),protein_coding,trtricprjeb535
TTRE320,TTRE320_t1,190,protein_coding,,Trichuris trichiura (PRJEB535),protein_coding,trtricprjeb535
TTRE2987,TTRE2987_t1,762,protein_coding,,Trichuris trichiura (PRJEB535),protein_coding,trtricprjeb535
TTRE1368,TTRE1368_t1,1622,protein_coding,Transcription initiation factor tfiid subunit 1  [Source:UniProtKB/TrEMBL;Acc:A0A077YZ21],Trichuris trichiura (PRJEB535),protein_coding,trtricprjeb535
TTRE1991,TTRE1991_t1,169,protein_coding,Cuticle collagen rol 6  [Source:UniProtKB/TrEMBL;Acc:A0A077Z0B0],Trichuris trichiura (PRJEB535),protein_coding,trtricprjeb535
TTRE10195,TTRE10195_t1,650,protein_coding,,Trichuris trichiura (PRJEB535),protein_coding,trtricprjeb535
TTRE2512,TTRE2512_t1,335,protein_coding,,Trichuris trichiura (PRJEB535),protein_coding,trtricprjeb535
TTRE11605,TTRE11605_t1,223,protein_coding,,Trichuris trichiura (PRJEB535),protein_coding,trtricprjeb535
TTRE10375,TTRE10375_t1,761,protein_coding,,Trichuris trichiura (PRJEB535),protein_coding,trtricprjeb535
TTRE6396,TTRE6396_t1,1043,protein_coding,,Trichuris trichiura (PRJEB535),protein_coding,trtricprjeb535
TTRE9762,TTRE9762_t1,279,protein_coding,,Trichuris trichiura (PRJEB535),protein_coding,trtricprjeb535
TTRE134,TTRE134_t1,221,protein_coding,Decaprenyl diphosphate synthase subunit 1  [Source:UniProtKB/TrEMBL;Acc:A0A077ZCH7],Trichuris trichiura (PRJEB535),protein_coding,trtricprjeb535
TTRE3688,TTRE3688_t1,687,protein_coding,,Trichuris trichiura (PRJEB535),protein_coding,trtricprjeb535
TTRE2053,TTRE2053_t1,436,protein_coding,,Trichuris trichiura (PRJEB535),protein_coding,trtricprjeb535
TTRE7963,TTRE7963_t1,707,protein_coding,,Trichuris trichiura (PRJEB535),protein_coding,trtricprjeb535
TTRE11930,TTRE11930_t1,815,protein_coding,,Trichuris trichiura (PRJEB535),protein_coding,trtricprjeb535
TTRE4999,TTRE4999_t1,291,protein_coding,,Trichuris trichiura (PRJEB535),protein_coding,trtricprjeb535
TTRE8800,TTRE8800_t1,198,protein_coding,,Trichuris trichiura (PRJEB535),protein_coding,trtricprjeb535
TTRE7398,TTRE7398_t1,202,protein_coding,,Trichuris trichiura (PRJEB535),protein_coding,trtricprjeb535
TTRE2467,TTRE2467_t1,758,protein_coding,,Trichuris trichiura (PRJEB535),protein_coding,trtricprjeb535
TTRE10454,TTRE10454_t1,644,protein_coding,,Trichuris trichiura (PRJEB535),protein_coding,trtricprjeb535
TTRE5782,TTRE5782_t1,474,protein_coding,,Trichuris trichiura (PRJEB535),protein_coding,trtricprjeb535
TTRE8532,TTRE8532_t1,485,protein_coding,Glutamyl tRNA(Gln) amidotransferase subunit C  [Source:UniProtKB/TrEMBL;Acc:A0A077YWY6],Trichuris trichiura (PRJEB535),protein_coding,trtricprjeb535
TTRE6140,TTRE6140_t1,404,protein_coding,,Trichuris trichiura (PRJEB535),protein_coding,trtricprjeb535
TTRE5633,TTRE5633_t1,225,protein_coding,Sodium and chloride dependent GABA transporter  [Source:UniProtKB/TrEMBL;Acc:A0A077ZEP5],Trichuris trichiura (PRJEB535),protein_coding,trtricprjeb535
TTRE8230,TTRE8230_t1,195,protein_coding,,Trichuris trichiura (PRJEB535),protein_coding,trtricprjeb535
TTRE12239,TTRE12239_t1,207,protein_coding,"40S ribosomal protein S27A, ubiquitin fusion prot ein  [Source:UniProtKB/TrEMBL;Acc:A0A077Z6V9]",Trichuris trichiura (PRJEB535),protein_coding,trtricprjeb535
TTRE1371,TTRE1371_t1,161,protein_coding,,Trichuris trichiura (PRJEB535),protein_coding,trtricprjeb535
TTRE6774,TTRE6774_t1,276,protein_coding,,Trichuris trichiura (PRJEB535),protein_coding,trtricprjeb535
TTRE8857,TTRE8857_t1,1294,protein_coding,CPSase L D2 and Biotin lipoyl and Biotin carb C a nd CPSase L chain domain containing protein  [Source:UniProtKB/TrEMBL;Acc:A0A077Z0H4],Trichuris trichiura (PRJEB535),protein_coding,trtricprjeb535
TTRE9302,TTRE9302_t1,180,protein_coding,,Trichuris trichiura (PRJEB535),protein_coding,trtricprjeb535
TTRE3560,TTRE3560_t1,1230,protein_coding,,Trichuris trichiura (PRJEB535),protein_coding,trtricprjeb535
TTRE10427,TTRE10427_t1,431,protein_coding,,Trichuris trichiura (PRJEB535),protein_coding,trtricprjeb535
TTRE6830,TTRE6830_t1,5198,protein_coding,,Trichuris trichiura (PRJEB535),protein_coding,trtricprjeb535
TTRE8080,TTRE8080_t1,1205,protein_coding,,Trichuris trichiura (PRJEB535),protein_coding,trtricprjeb535
TTRE5519,TTRE5519_t1,866,protein_coding,Ubiquitin conjugating enzyme E2 J1  [Source:UniProtKB/TrEMBL;Acc:A0A077ZEE5],Trichuris trichiura (PRJEB535),protein_coding,trtricprjeb535
TTRE10465,TTRE10465_t1,363,protein_coding,,Trichuris trichiura (PRJEB535),protein_coding,trtricprjeb535
TTRE6272,TTRE6272_t1,326,protein_coding,,Trichuris trichiura (PRJEB535),protein_coding,trtricprjeb535
TTRE5333,TTRE5333_t1,499,protein_coding,,Trichuris trichiura (PRJEB535),protein_coding,trtricprjeb535
TTRE6553,TTRE6553_t1,611,protein_coding,Serine:threonine protein phosphatase 2A  [Source:UniProtKB/TrEMBL;Acc:A0A077ZCP7],Trichuris trichiura (PRJEB535),protein_coding,trtricprjeb535
TTRE7796,TTRE7796_t1,332,protein_coding,,Trichuris trichiura (PRJEB535),protein_coding,trtricprjeb535
TTRE7823,TTRE7823_t1,332,protein_coding,,Trichuris trichiura (PRJEB535),protein_coding,trtricprjeb535
TTRE5991,TTRE5991_t1,716,protein_coding,,Trichuris trichiura (PRJEB535),protein_coding,trtricprjeb535
TTRE2965,TTRE2965_t3,523,protein_coding,,Trichuris trichiura (PRJEB535),protein_coding,trtricprjeb535
TTRE7910,TTRE7910_t1,491,protein_coding,,Trichuris trichiura (PRJEB535),protein_coding,trtricprjeb535
TTRE10997,TTRE10997_t1,146,protein_coding,,Trichuris trichiura (PRJEB535),protein_coding,trtricprjeb535
TTRE935,TTRE935_t1,544,protein_coding,,Trichuris trichiura (PRJEB535),protein_coding,trtricprjeb535
TTRE7290,TTRE7290_t1,503,protein_coding,,Trichuris trichiura (PRJEB535),protein_coding,trtricprjeb535
TTRE6270,TTRE6270_t1,364,protein_coding,,Trichuris trichiura (PRJEB535),protein_coding,trtricprjeb535
TTRE6745,TTRE6745_t1,290,protein_coding,,Trichuris trichiura (PRJEB535),protein_coding,trtricprjeb535
TTRE8225,TTRE8225_t1,177,protein_coding,,Trichuris trichiura (PRJEB535),protein_coding,trtricprjeb535
TTRE6286,TTRE6286_t1,220,protein_coding,Clusterin associated protein 1  [Source:UniProtKB/TrEMBL;Acc:A0A077ZJX2],Trichuris trichiura (PRJEB535),protein_coding,trtricprjeb535
TTRE589,TTRE589_t1,215,protein_coding,,Trichuris trichiura (PRJEB535),protein_coding,trtricprjeb535
TTRE10118,TTRE10118_t1,184,protein_coding,"Succinate dehydrogenase assembly factor 2, mitoch ondrial  [Source:UniProtKB/TrEMBL;Acc:A0A077Z5J8]",Trichuris trichiura (PRJEB535),protein_coding,trtricprjeb535
TTRE1242,TTRE1242_t1,153,protein_coding,Thioredoxin-like protein  [Source:UniProtKB/TrEMBL;Acc:A0A077Z5Z7],Trichuris trichiura (PRJEB535),protein_coding,trtricprjeb535
TTRE4398,TTRE4398_t1,814,protein_coding,L-Fucosyltransferase  [Source:UniProtKB/TrEMBL;Acc:A0A077ZA74],Trichuris trichiura (PRJEB535),protein_coding,trtricprjeb535
TTRE3582,TTRE3582_t1,550,protein_coding,,Trichuris trichiura (PRJEB535),protein_coding,trtricprjeb535
TTRE11599,TTRE11599_t1,578,protein_coding,,Trichuris trichiura (PRJEB535),protein_coding,trtricprjeb535
TTRE12535,TTRE12535_t1,490,protein_coding,,Trichuris trichiura (PRJEB535),protein_coding,trtricprjeb535
TTRE294,TTRE294_t1,364,protein_coding,,Trichuris trichiura (PRJEB535),protein_coding,trtricprjeb535
TTRE3100,TTRE3100_t1,365,protein_coding,FYVE zinc finger family protein  [Source:UniProtKB/TrEMBL;Acc:A0A077Z0P8],Trichuris trichiura (PRJEB535),protein_coding,trtricprjeb535
TTRE9657,TTRE9657_t1,361,protein_coding,,Trichuris trichiura (PRJEB535),protein_coding,trtricprjeb535
TTRE11349,TTRE11349_t1,212,protein_coding,,Trichuris trichiura (PRJEB535),protein_coding,trtricprjeb535
TTRE5249,TTRE5249_t1,559,protein_coding,Ubiquitin domain containing protein  [Source:UniProtKB/TrEMBL;Acc:A0A077ZAV1],Trichuris trichiura (PRJEB535),protein_coding,trtricprjeb535
TTRE1657,TTRE1657_t1,222,protein_coding,Tyrosine-protein kinase  [Source:UniProtKB/TrEMBL;Acc:A0A077Z922],Trichuris trichiura (PRJEB535),protein_coding,trtricprjeb535
TTRE11131,TTRE11131_t1,1102,protein_coding,,Trichuris trichiura (PRJEB535),protein_coding,trtricprjeb535
TTRE7562,TTRE7562_t1,368,protein_coding,,Trichuris trichiura (PRJEB535),protein_coding,trtricprjeb535
TTRE807,TTRE807_t1,283,protein_coding,,Trichuris trichiura (PRJEB535),protein_coding,trtricprjeb535
TTRE5546,TTRE5546_t1,440,protein_coding,Ras domain containing protein  [Source:UniProtKB/TrEMBL;Acc:A0A077Z9G2],Trichuris trichiura (PRJEB535),protein_coding,trtricprjeb535
TTRE7470,TTRE7470_t1,506,protein_coding,,Trichuris trichiura (PRJEB535),protein_coding,trtricprjeb535
TTRE12391,TTRE12391_t1,218,protein_coding,,Trichuris trichiura (PRJEB535),protein_coding,trtricprjeb535
TTRE6313,TTRE6313_t1,873,protein_coding,,Trichuris trichiura (PRJEB535),protein_coding,trtricprjeb535
TTRE48,TTRE48_t2,233,protein_coding,,Trichuris trichiura (PRJEB535),protein_coding,trtricprjeb535
TTRE2574,TTRE2574_t1,188,protein_coding,,Trichuris trichiura (PRJEB535),protein_coding,trtricprjeb535
TTRE6470,TTRE6470_t1,1799,protein_coding,,Trichuris trichiura (PRJEB535),protein_coding,trtricprjeb535
TTRE198,TTRE198_t1,161,protein_coding,ADP ribosylation factor protein 8B  [Source:UniProtKB/TrEMBL;Acc:A0A077YVF6],Trichuris trichiura (PRJEB535),protein_coding,trtricprjeb535
TTRE3008,TTRE3008_t1,731,protein_coding,WHIM1 domain-containing protein  [Source:UniProtKB/TrEMBL;Acc:A0A077ZGP6],Trichuris trichiura (PRJEB535),protein_coding,trtricprjeb535
TTRE5769,TTRE5769_t1,1708,protein_coding,Exocyst complex component Sec8  [Source:UniProtKB/TrEMBL;Acc:A0A077YY54],Trichuris trichiura (PRJEB535),protein_coding,trtricprjeb535
TTRE10024,TTRE10024_t1,157,protein_coding,,Trichuris trichiura (PRJEB535),protein_coding,trtricprjeb535
TTRE10815,TTRE10815_t1,151,protein_coding,HMA domain containing protein  [Source:UniProtKB/TrEMBL;Acc:A0A077ZKP7],Trichuris trichiura (PRJEB535),protein_coding,trtricprjeb535
TTRE11577,TTRE11577_t1,320,protein_coding,,Trichuris trichiura (PRJEB535),protein_coding,trtricprjeb535
TTRE12052,TTRE12052_t1,424,protein_coding,,Trichuris trichiura (PRJEB535),protein_coding,trtricprjeb535
TTRE6817,TTRE6817_t1,1578,protein_coding,,Trichuris trichiura (PRJEB535),protein_coding,trtricprjeb535
TTRE6020,TTRE6020_t1,150,protein_coding,,Trichuris trichiura (PRJEB535),protein_coding,trtricprjeb535
TTRE10617,TTRE10617_t1,3068,protein_coding,,Trichuris trichiura (PRJEB535),protein_coding,trtricprjeb535
TTRE11837,TTRE11837_t1,1097,protein_coding,G-protein coupled octopamine receptor  [Source:UniProtKB/TrEMBL;Acc:A0A077Z975],Trichuris trichiura (PRJEB535),protein_coding,trtricprjeb535
TTRE2881,TTRE2881_t1,998,protein_coding,Metalloendopeptidase  [Source:UniProtKB/TrEMBL;Acc:A0A077ZHJ9],Trichuris trichiura (PRJEB535),protein_coding,trtricprjeb535
TTRE11596,TTRE11596_t1,255,protein_coding,,Trichuris trichiura (PRJEB535),protein_coding,trtricprjeb535
TTRE5737,TTRE5737_t1,221,protein_coding,COP9 signalosome complex subunit 1  [Source:UniProtKB/TrEMBL;Acc:A0A077ZL00],Trichuris trichiura (PRJEB535),protein_coding,trtricprjeb535
TTRE1074,TTRE1074_t1,169,protein_coding,26S proteasome non-ATPase regulatory subunit 10  [Source:UniProtKB/TrEMBL;Acc:A0A077YX39],Trichuris trichiura (PRJEB535),protein_coding,trtricprjeb535
TTRE3461,TTRE3461_t1,280,protein_coding,,Trichuris trichiura (PRJEB535),protein_coding,trtricprjeb535
TTRE3311,TTRE3311_t1,178,protein_coding,,Trichuris trichiura (PRJEB535),protein_coding,trtricprjeb535
TTRE6566,TTRE6566_t1,524,protein_coding,,Trichuris trichiura (PRJEB535),protein_coding,trtricprjeb535
TTRE8749,TTRE8749_t1,797,protein_coding,Bursicon  [Source:UniProtKB/TrEMBL;Acc:A0A077ZEX6],Trichuris trichiura (PRJEB535),protein_coding,trtricprjeb535
TTRE97,TTRE97_t3,98,protein_coding,,Trichuris trichiura (PRJEB535),protein_coding,trtricprjeb535
TTRE12604,TTRE12604_t1,236,protein_coding,,Trichuris trichiura (PRJEB535),protein_coding,trtricprjeb535
TTRE796,TTRE796_t1,212,protein_coding,,Trichuris trichiura (PRJEB535),protein_coding,trtricprjeb535
TTRE3959,TTRE3959_t1,158,protein_coding,,Trichuris trichiura (PRJEB535),protein_coding,trtricprjeb535
TTRE3895,TTRE3895_t1,125,protein_coding,Elongation factor 1 beta  [Source:UniProtKB/TrEMBL;Acc:A0A077Z782],Trichuris trichiura (PRJEB535),protein_coding,trtricprjeb535
TTRE1683,TTRE1683_t1,200,protein_coding,,Trichuris trichiura (PRJEB535),protein_coding,trtricprjeb535
TTRE1145,TTRE1145_t1,360,protein_coding,,Trichuris trichiura (PRJEB535),protein_coding,trtricprjeb535
TTRE4407,TTRE4407_t1,848,protein_coding,Translocon-associated protein subunit alpha  [Source:UniProtKB/TrEMBL;Acc:A0A077YXI4],Trichuris trichiura (PRJEB535),protein_coding,trtricprjeb535
TTRE9489,TTRE9489_t1,322,protein_coding,,Trichuris trichiura (PRJEB535),protein_coding,trtricprjeb535
TTRE6193,TTRE6193_t1,304,protein_coding,,Trichuris trichiura (PRJEB535),protein_coding,trtricprjeb535
TTRE8177,TTRE8177_t1,206,protein_coding,,Trichuris trichiura (PRJEB535),protein_coding,trtricprjeb535
TTRE4811,TTRE4811_t1,1958,protein_coding,SEFIR domain containing protein  [Source:UniProtKB/TrEMBL;Acc:A0A077Z7X5],Trichuris trichiura (PRJEB535),protein_coding,trtricprjeb535
TTRE1783,TTRE1783_t1,521,protein_coding,"Splicing factor, arginine:serine rich 8  [Source:UniProtKB/TrEMBL;Acc:A0A077Z755]",Trichuris trichiura (PRJEB535),protein_coding,trtricprjeb535
TTRE2326,TTRE2326_t1,826,protein_coding,,Trichuris trichiura (PRJEB535),protein_coding,trtricprjeb535
TTRE11132,TTRE11132_t1,272,protein_coding,,Trichuris trichiura (PRJEB535),protein_coding,trtricprjeb535
TTRE11794,TTRE11794_t1,192,protein_coding,Protein lin 52  [Source:UniProtKB/TrEMBL;Acc:A0A077Z650],Trichuris trichiura (PRJEB535),protein_coding,trtricprjeb535
TTRE9456,TTRE9456_t1,2278,protein_coding,,Trichuris trichiura (PRJEB535),protein_coding,trtricprjeb535
TTRE11666,TTRE11666_t1,581,protein_coding,,Trichuris trichiura (PRJEB535),protein_coding,trtricprjeb535
TTRE6161,TTRE6161_t1,225,protein_coding,,Trichuris trichiura (PRJEB535),protein_coding,trtricprjeb535
TTRE11174,TTRE11174_t1,184,protein_coding,,Trichuris trichiura (PRJEB535),protein_coding,trtricprjeb535
TTRE3835,TTRE3835_t1,150,protein_coding,,Trichuris trichiura (PRJEB535),protein_coding,trtricprjeb535
TTRE10440,TTRE10440_t1,596,protein_coding,,Trichuris trichiura (PRJEB535),protein_coding,trtricprjeb535
TTRE10325,TTRE10325_t1,4229,protein_coding,,Trichuris trichiura (PRJEB535),protein_coding,trtricprjeb535
TTRE6319,TTRE6319_t1,2128,protein_coding,Homeobox protein prospero  [Source:UniProtKB/TrEMBL;Acc:A0A077Z303],Trichuris trichiura (PRJEB535),protein_coding,trtricprjeb535
TTRE12378,TTRE12378_t1,324,protein_coding,"Paired box protein, putative  [Source:UniProtKB/TrEMBL;Acc:A0A077Z1F8]",Trichuris trichiura (PRJEB535),protein_coding,trtricprjeb535
TTRE7269,TTRE7269_t1,311,protein_coding,,Trichuris trichiura (PRJEB535),protein_coding,trtricprjeb535
TTRE5204,TTRE5204_t1,311,protein_coding,,Trichuris trichiura (PRJEB535),protein_coding,trtricprjeb535
TTRE3490,TTRE3490_t1,283,protein_coding,,Trichuris trichiura (PRJEB535),protein_coding,trtricprjeb535
TTRE5715,TTRE5715_t1,260,protein_coding,LAG1 longevity assurance-like protein 6  [Source:UniProtKB/TrEMBL;Acc:A0A077Z6M0],Trichuris trichiura (PRJEB535),protein_coding,trtricprjeb535
TTRE208,TTRE208_t1,628,protein_coding,,Trichuris trichiura (PRJEB535),protein_coding,trtricprjeb535
TTRE12122,TTRE12122_t1,477,protein_coding,C3H1-type domain-containing protein  [Source:UniProtKB/TrEMBL;Acc:A0A077Z402],Trichuris trichiura (PRJEB535),protein_coding,trtricprjeb535
TTRE10321,TTRE10321_t1,1281,protein_coding,,Trichuris trichiura (PRJEB535),protein_coding,trtricprjeb535
TTRE4158,TTRE4158_t1,254,protein_coding,,Trichuris trichiura (PRJEB535),protein_coding,trtricprjeb535
TTRE12310,TTRE12310_t1,346,protein_coding,,Trichuris trichiura (PRJEB535),protein_coding,trtricprjeb535
TTRE837,TTRE837_t1,344,protein_coding,Ubiquitin carboxyl-terminal hydrolase  [Source:UniProtKB/TrEMBL;Acc:A0A077Z927],Trichuris trichiura (PRJEB535),protein_coding,trtricprjeb535
TTRE10011,TTRE10011_t1,216,protein_coding,,Trichuris trichiura (PRJEB535),protein_coding,trtricprjeb535
TTRE1968,TTRE1968_t1,368,protein_coding,Heterogeneous nuclear ribonucleoprotein U  [Source:UniProtKB/TrEMBL;Acc:A0A077ZE40],Trichuris trichiura (PRJEB535),protein_coding,trtricprjeb535
TTRE11766,TTRE11766_t1,278,protein_coding,,Trichuris trichiura (PRJEB535),protein_coding,trtricprjeb535
TTRE11071,TTRE11071_t1,601,protein_coding,,Trichuris trichiura (PRJEB535),protein_coding,trtricprjeb535
TTRE10147,TTRE10147_t1,1031,protein_coding,,Trichuris trichiura (PRJEB535),protein_coding,trtricprjeb535
TTRE5075,TTRE5075_t1,404,protein_coding,17 beta hydroxysteroid dehydrogenase type 6  [Source:UniProtKB/TrEMBL;Acc:A0A077Z114],Trichuris trichiura (PRJEB535),protein_coding,trtricprjeb535
TTRE2246,TTRE2246_t1,811,protein_coding,,Trichuris trichiura (PRJEB535),protein_coding,trtricprjeb535
TTRE10272,TTRE10272_t1,425,protein_coding,,Trichuris trichiura (PRJEB535),protein_coding,trtricprjeb535
TTRE3136,TTRE3136_t1,214,protein_coding,"Alpha-1,3-glucosyltransferase  [Source:UniProtKB/TrEMBL;Acc:A0A077ZBX5]",Trichuris trichiura (PRJEB535),protein_coding,trtricprjeb535
TTRE3452,TTRE3452_t1,256,protein_coding,,Trichuris trichiura (PRJEB535),protein_coding,trtricprjeb535
TTRE6130,TTRE6130_t1,398,protein_coding,,Trichuris trichiura (PRJEB535),protein_coding,trtricprjeb535
TTRE1937,TTRE1937_t1,213,protein_coding,,Trichuris trichiura (PRJEB535),protein_coding,trtricprjeb535
TTRE3597,TTRE3597_t1,769,protein_coding,,Trichuris trichiura (PRJEB535),protein_coding,trtricprjeb535
TTRE9376,TTRE9376_t1,367,protein_coding,,Trichuris trichiura (PRJEB535),protein_coding,trtricprjeb535
TTRE5324,TTRE5324_t1,197,protein_coding,Cell division control protein 42 homolog  [Source:UniProtKB/TrEMBL;Acc:A0A077Z343],Trichuris trichiura (PRJEB535),protein_coding,trtricprjeb535
TTRE12498,TTRE12498_t1,491,protein_coding,,Trichuris trichiura (PRJEB535),protein_coding,trtricprjeb535
TTRE11289,TTRE11289_t1,323,protein_coding,,Trichuris trichiura (PRJEB535),protein_coding,trtricprjeb535
TTRE403,TTRE403_t1,330,protein_coding,,Trichuris trichiura (PRJEB535),protein_coding,trtricprjeb535
TTRE11413,TTRE11413_t1,800,protein_coding,Ank 2 domain containing protein  [Source:UniProtKB/TrEMBL;Acc:A0A077Z0K7],Trichuris trichiura (PRJEB535),protein_coding,trtricprjeb535
TTRE3252,TTRE3252_t1,685,protein_coding,,Trichuris trichiura (PRJEB535),protein_coding,trtricprjeb535
TTRE2138,TTRE2138_t2,359,protein_coding,,Trichuris trichiura (PRJEB535),protein_coding,trtricprjeb535
TTRE10942,TTRE10942_t1,1010,protein_coding,,Trichuris trichiura (PRJEB535),protein_coding,trtricprjeb535
TTRE9352,TTRE9352_t1,3292,protein_coding,,Trichuris trichiura (PRJEB535),protein_coding,trtricprjeb535
TTRE8189,TTRE8189_t1,130,protein_coding,,Trichuris trichiura (PRJEB535),protein_coding,trtricprjeb535
TTRE6588,TTRE6588_t1,205,protein_coding,60S ribosomal protein L9  [Source:UniProtKB/TrEMBL;Acc:A0A077ZF43],Trichuris trichiura (PRJEB535),protein_coding,trtricprjeb535
TTRE4387,TTRE4387_t1,169,protein_coding,Syntaxin 12  [Source:UniProtKB/TrEMBL;Acc:A0A077Z5W5],Trichuris trichiura (PRJEB535),protein_coding,trtricprjeb535
TTRE11987,TTRE11987_t1,188,protein_coding,,Trichuris trichiura (PRJEB535),protein_coding,trtricprjeb535
TTRE4820,TTRE4820_t1,1243,protein_coding,,Trichuris trichiura (PRJEB535),protein_coding,trtricprjeb535
TTRE11531,TTRE11531_t1,434,protein_coding,,Trichuris trichiura (PRJEB535),protein_coding,trtricprjeb535
TTRE10198,TTRE10198_t1,364,protein_coding,,Trichuris trichiura (PRJEB535),protein_coding,trtricprjeb535
TTRE4376,TTRE4376_t1,207,protein_coding,Multifunctional protein ADE2  [Source:UniProtKB/TrEMBL;Acc:A0A077ZCJ9],Trichuris trichiura (PRJEB535),protein_coding,trtricprjeb535
TTRE8490,TTRE8490_t1,1558,protein_coding,"Probable glutamate--tRNA ligase, mitochondrial  [Source:UniProtKB/TrEMBL;Acc:A0A077YXR2]",Trichuris trichiura (PRJEB535),protein_coding,trtricprjeb535
TTRE2547,TTRE2547_t1,690,protein_coding,,Trichuris trichiura (PRJEB535),protein_coding,trtricprjeb535
TTRE2833,TTRE2833_t1,833,protein_coding,Endonuclease III homolog  [Source:UniProtKB/TrEMBL;Acc:A0A077ZAK9],Trichuris trichiura (PRJEB535),protein_coding,trtricprjeb535
TTRE6730,TTRE6730_t1,204,protein_coding,Mitochondrial import inner membrane translocase  [Source:UniProtKB/TrEMBL;Acc:A0A077ZD00],Trichuris trichiura (PRJEB535),protein_coding,trtricprjeb535
TTRE12470,TTRE12470_t1,755,protein_coding,,Trichuris trichiura (PRJEB535),protein_coding,trtricprjeb535
TTRE10921,TTRE10921_t1,474,protein_coding,,Trichuris trichiura (PRJEB535),protein_coding,trtricprjeb535
TTRE769,TTRE769_t1,787,protein_coding,,Trichuris trichiura (PRJEB535),protein_coding,trtricprjeb535
TTRE1011,TTRE1011_t1,251,protein_coding,,Trichuris trichiura (PRJEB535),protein_coding,trtricprjeb535
TTRE5167,TTRE5167_t1,347,protein_coding,,Trichuris trichiura (PRJEB535),protein_coding,trtricprjeb535
TTRE5895,TTRE5895_t1,3009,protein_coding,,Trichuris trichiura (PRJEB535),protein_coding,trtricprjeb535
TTRE4346,TTRE4346_t1,279,protein_coding,,Trichuris trichiura (PRJEB535),protein_coding,trtricprjeb535
TTRE3378,TTRE3378_t1,496,protein_coding,,Trichuris trichiura (PRJEB535),protein_coding,trtricprjeb535
TTRE6003,TTRE6003_t1,355,protein_coding,BTB domain containing protein  [Source:UniProtKB/TrEMBL;Acc:A0A077YW42],Trichuris trichiura (PRJEB535),protein_coding,trtricprjeb535
TTRE2130,TTRE2130_t1,150,protein_coding,RPB5 homolog  [Source:UniProtKB/TrEMBL;Acc:A0A077Z6B3],Trichuris trichiura (PRJEB535),protein_coding,trtricprjeb535
TTRE2405,TTRE2405_t1,2166,protein_coding,Rap guanine nucleotide exchange factor 2  [Source:UniProtKB/TrEMBL;Acc:A0A077YZF4],Trichuris trichiura (PRJEB535),protein_coding,trtricprjeb535
TTRE17,TTRE17_t1,580,protein_coding,,Trichuris trichiura (PRJEB535),protein_coding,trtricprjeb535
TTRE3422,TTRE3422_t1,396,protein_coding,,Trichuris trichiura (PRJEB535),protein_coding,trtricprjeb535
TTRE8478,TTRE8478_t1,269,protein_coding,,Trichuris trichiura (PRJEB535),protein_coding,trtricprjeb535
TTRE7551,TTRE7551_t1,669,protein_coding,,Trichuris trichiura (PRJEB535),protein_coding,trtricprjeb535
TTRE1280,TTRE1280_t1,1836,protein_coding,Zinc finger protein  [Source:UniProtKB/TrEMBL;Acc:A0A077YWL4],Trichuris trichiura (PRJEB535),protein_coding,trtricprjeb535
TTRE12481,TTRE12481_t1,239,protein_coding,,Trichuris trichiura (PRJEB535),protein_coding,trtricprjeb535
TTRE1523,TTRE1523_t1,2489,protein_coding,CBM 14 domain containing protein  [Source:UniProtKB/TrEMBL;Acc:A0A077ZC62],Trichuris trichiura (PRJEB535),protein_coding,trtricprjeb535
TTRE9484,TTRE9484_t1,1169,protein_coding,,Trichuris trichiura (PRJEB535),protein_coding,trtricprjeb535
TTRE9442,TTRE9442_t1,234,protein_coding,,Trichuris trichiura (PRJEB535),protein_coding,trtricprjeb535
TTRE11832,TTRE11832_t1,169,protein_coding,,Trichuris trichiura (PRJEB535),protein_coding,trtricprjeb535
TTRE3983,TTRE3983_t1,580,protein_coding,Mediator of RNA polymerase II transcription subunit 7  [Source:UniProtKB/TrEMBL;Acc:A0A077ZIM8],Trichuris trichiura (PRJEB535),protein_coding,trtricprjeb535
TTRE4903,TTRE4903_t1,248,protein_coding,Cullin 3  [Source:UniProtKB/TrEMBL;Acc:A0A077YWV0],Trichuris trichiura (PRJEB535),protein_coding,trtricprjeb535
TTRE10015,TTRE10015_t1,1237,protein_coding,,Trichuris trichiura (PRJEB535),protein_coding,trtricprjeb535
TTRE11926,TTRE11926_t1,950,protein_coding,,Trichuris trichiura (PRJEB535),protein_coding,trtricprjeb535
TTRE2237,TTRE2237_t1,578,protein_coding,,Trichuris trichiura (PRJEB535),protein_coding,trtricprjeb535
TTRE5624,TTRE5624_t1,1069,protein_coding,,Trichuris trichiura (PRJEB535),protein_coding,trtricprjeb535
TTRE542,TTRE542_t1,218,protein_coding,Actin domain containing protein  [Source:UniProtKB/TrEMBL;Acc:A0A077Z5X0],Trichuris trichiura (PRJEB535),protein_coding,trtricprjeb535
TTRE5702,TTRE5702_t1,718,protein_coding,,Trichuris trichiura (PRJEB535),protein_coding,trtricprjeb535
TTRE11649,TTRE11649_t1,147,protein_coding,,Trichuris trichiura (PRJEB535),protein_coding,trtricprjeb535
TTRE11769,TTRE11769_t1,1543,protein_coding,Protein transport protein sec16  [Source:UniProtKB/TrEMBL;Acc:A0A077Z598],Trichuris trichiura (PRJEB535),protein_coding,trtricprjeb535
TTRE5386,TTRE5386_t1,199,protein_coding,DUF1356 domain containing protein  [Source:UniProtKB/TrEMBL;Acc:A0A077ZHN6],Trichuris trichiura (PRJEB535),protein_coding,trtricprjeb535
TTRE3025,TTRE3025_t1,485,protein_coding,,Trichuris trichiura (PRJEB535),protein_coding,trtricprjeb535
TTRE2986,TTRE2986_t1,328,protein_coding,,Trichuris trichiura (PRJEB535),protein_coding,trtricprjeb535
TTRE11639,TTRE11639_t1,310,protein_coding,,Trichuris trichiura (PRJEB535),protein_coding,trtricprjeb535
TTRE7153,TTRE7153_t1,390,protein_coding,,Trichuris trichiura (PRJEB535),protein_coding,trtricprjeb535
TTRE10211,TTRE10211_t1,2114,protein_coding,,Trichuris trichiura (PRJEB535),protein_coding,trtricprjeb535
TTRE841,TTRE841_t1,232,protein_coding,,Trichuris trichiura (PRJEB535),protein_coding,trtricprjeb535
TTRE5251,TTRE5251_t2,146,protein_coding,,Trichuris trichiura (PRJEB535),protein_coding,trtricprjeb535
TTRE5621,TTRE5621_t1,557,protein_coding,,Trichuris trichiura (PRJEB535),protein_coding,trtricprjeb535
TTRE10972,TTRE10972_t1,323,protein_coding,,Trichuris trichiura (PRJEB535),protein_coding,trtricprjeb535
TTRE8895,TTRE8895_t1,368,protein_coding,,Trichuris trichiura (PRJEB535),protein_coding,trtricprjeb535
TTRE6309,TTRE6309_t1,212,protein_coding,,Trichuris trichiura (PRJEB535),protein_coding,trtricprjeb535
TTRE2763,TTRE2763_t1,1178,protein_coding,,Trichuris trichiura (PRJEB535),protein_coding,trtricprjeb535
TTRE9154,TTRE9154_t1,673,protein_coding,,Trichuris trichiura (PRJEB535),protein_coding,trtricprjeb535
TTRE10026,TTRE10026_t1,299,protein_coding,,Trichuris trichiura (PRJEB535),protein_coding,trtricprjeb535
TTRE8955,TTRE8955_t1,206,protein_coding,,Trichuris trichiura (PRJEB535),protein_coding,trtricprjeb535
TTRE331,TTRE331_t1,383,protein_coding,AAA domain containing protein  [Source:UniProtKB/TrEMBL;Acc:A0A077Z4X4],Trichuris trichiura (PRJEB535),protein_coding,trtricprjeb535
TTRE6721,TTRE6721_t1,599,protein_coding,Histone deacetylase  [Source:UniProtKB/TrEMBL;Acc:A0A077ZKC7],Trichuris trichiura (PRJEB535),protein_coding,trtricprjeb535
TTRE5986,TTRE5986_t1,190,protein_coding,,Trichuris trichiura (PRJEB535),protein_coding,trtricprjeb535
TTRE3041,TTRE3041_t1,527,protein_coding,LIM domain containing protein  [Source:UniProtKB/TrEMBL;Acc:A0A077ZIR8],Trichuris trichiura (PRJEB535),protein_coding,trtricprjeb535
TTRE7289,TTRE7289_t1,1565,protein_coding,,Trichuris trichiura (PRJEB535),protein_coding,trtricprjeb535
TTRE4432,TTRE4432_t1,897,protein_coding,,Trichuris trichiura (PRJEB535),protein_coding,trtricprjeb535
TTRE8012,TTRE8012_t1,797,protein_coding,,Trichuris trichiura (PRJEB535),protein_coding,trtricprjeb535
TTRE4944,TTRE4944_t1,605,protein_coding,,Trichuris trichiura (PRJEB535),protein_coding,trtricprjeb535
TTRE9910,TTRE9910_t1,740,protein_coding,,Trichuris trichiura (PRJEB535),protein_coding,trtricprjeb535
TTRE11927,TTRE11927_t1,1277,protein_coding,,Trichuris trichiura (PRJEB535),protein_coding,trtricprjeb535
TTRE819,TTRE819_t1,1178,protein_coding,Cytoplasmic tRNA 2-thiolation protein 2  [Source:UniProtKB/TrEMBL;Acc:A0A077YW87],Trichuris trichiura (PRJEB535),protein_coding,trtricprjeb535
TTRE6080,TTRE6080_t1,1034,protein_coding,,Trichuris trichiura (PRJEB535),protein_coding,trtricprjeb535
TTRE10533,TTRE10533_t1,771,protein_coding,,Trichuris trichiura (PRJEB535),protein_coding,trtricprjeb535
TTRE7393,TTRE7393_t1,346,protein_coding,,Trichuris trichiura (PRJEB535),protein_coding,trtricprjeb535
TTRE8483,TTRE8483_t1,323,protein_coding,,Trichuris trichiura (PRJEB535),protein_coding,trtricprjeb535
TTRE12135,TTRE12135_t1,1340,protein_coding,,Trichuris trichiura (PRJEB535),protein_coding,trtricprjeb535
TTRE2785,TTRE2785_t1,349,protein_coding,,Trichuris trichiura (PRJEB535),protein_coding,trtricprjeb535
TTRE1039,TTRE1039_t1,290,protein_coding,Ubiquitin domain containing protein  [Source:UniProtKB/TrEMBL;Acc:A0A077Z8H8],Trichuris trichiura (PRJEB535),protein_coding,trtricprjeb535
TTRE6746,TTRE6746_t1,290,protein_coding,,Trichuris trichiura (PRJEB535),protein_coding,trtricprjeb535
TTRE5254,TTRE5254_t1,205,protein_coding,,Trichuris trichiura (PRJEB535),protein_coding,trtricprjeb535
TTRE2174,TTRE2174_t1,179,protein_coding,Far-17a AIG1 domain containing protein  [Source:UniProtKB/TrEMBL;Acc:A0A077YXI2],Trichuris trichiura (PRJEB535),protein_coding,trtricprjeb535
TTRE3151,TTRE3151_t1,265,protein_coding,DUF1387 domain containing protein  [Source:UniProtKB/TrEMBL;Acc:A0A077ZMZ6],Trichuris trichiura (PRJEB535),protein_coding,trtricprjeb535
TTRE3715,TTRE3715_t1,185,protein_coding,Arfaptin domain containing protein  [Source:UniProtKB/TrEMBL;Acc:A0A077Z3R7],Trichuris trichiura (PRJEB535),protein_coding,trtricprjeb535
TTRE2778,TTRE2778_t1,196,protein_coding,,Trichuris trichiura (PRJEB535),protein_coding,trtricprjeb535
TTRE12249,TTRE12249_t1,1371,protein_coding,,Trichuris trichiura (PRJEB535),protein_coding,trtricprjeb535
TTRE10658,TTRE10658_t1,145,protein_coding,,Trichuris trichiura (PRJEB535),protein_coding,trtricprjeb535
TTRE10429,TTRE10429_t1,458,protein_coding,,Trichuris trichiura (PRJEB535),protein_coding,trtricprjeb535
TTRE7946,TTRE7946_t1,428,protein_coding,,Trichuris trichiura (PRJEB535),protein_coding,trtricprjeb535
TTRE9385,TTRE9385_t1,245,protein_coding,,Trichuris trichiura (PRJEB535),protein_coding,trtricprjeb535
TTRE9200,TTRE9200_t1,131,protein_coding,,Trichuris trichiura (PRJEB535),protein_coding,trtricprjeb535
TTRE901,TTRE901_t1,959,protein_coding,,Trichuris trichiura (PRJEB535),protein_coding,trtricprjeb535
TTRE11844,TTRE11844_t1,250,protein_coding,,Trichuris trichiura (PRJEB535),protein_coding,trtricprjeb535
TTRE1596,TTRE1596_t1,262,protein_coding,,Trichuris trichiura (PRJEB535),protein_coding,trtricprjeb535
TTRE12433,TTRE12433_t1,359,protein_coding,,Trichuris trichiura (PRJEB535),protein_coding,trtricprjeb535
TTRE3439,TTRE3439_t1,606,protein_coding,Pre mRNA splicing factor ATP dependent  [Source:UniProtKB/TrEMBL;Acc:A0A077Z743],Trichuris trichiura (PRJEB535),protein_coding,trtricprjeb535
TTRE7511,TTRE7511_t1,482,protein_coding,,Trichuris trichiura (PRJEB535),protein_coding,trtricprjeb535
TTRE6150,TTRE6150_t1,527,protein_coding,,Trichuris trichiura (PRJEB535),protein_coding,trtricprjeb535
TTRE7172,TTRE7172_t1,473,protein_coding,,Trichuris trichiura (PRJEB535),protein_coding,trtricprjeb535
TTRE3963,TTRE3963_t1,452,protein_coding,Sushi domain containing protein  [Source:UniProtKB/TrEMBL;Acc:A0A077Z866],Trichuris trichiura (PRJEB535),protein_coding,trtricprjeb535
TTRE10274,TTRE10274_t1,445,protein_coding,,Trichuris trichiura (PRJEB535),protein_coding,trtricprjeb535
TTRE2887,TTRE2887_t1,608,protein_coding,,Trichuris trichiura (PRJEB535),protein_coding,trtricprjeb535
TTRE1395,TTRE1395_t1,538,protein_coding,,Trichuris trichiura (PRJEB535),protein_coding,trtricprjeb535
TTRE190,TTRE190_t1,203,protein_coding,5'-nucleotidase  [Source:UniProtKB/TrEMBL;Acc:A0A077Z6Y3],Trichuris trichiura (PRJEB535),protein_coding,trtricprjeb535
TTRE1360,TTRE1360_t1,189,protein_coding,,Trichuris trichiura (PRJEB535),protein_coding,trtricprjeb535
TTRE43,TTRE43_t1,119,protein_coding,,Trichuris trichiura (PRJEB535),protein_coding,trtricprjeb535
TTRE2277,TTRE2277_t1,569,protein_coding,,Trichuris trichiura (PRJEB535),protein_coding,trtricprjeb535
TTRE8266,TTRE8266_t1,328,protein_coding,Mesocentin  [Source:UniProtKB/TrEMBL;Acc:A0A077Z003],Trichuris trichiura (PRJEB535),protein_coding,trtricprjeb535
TTRE7471,TTRE7471_t1,540,protein_coding,,Trichuris trichiura (PRJEB535),protein_coding,trtricprjeb535
TTRE7679,TTRE7679_t1,121,protein_coding,,Trichuris trichiura (PRJEB535),protein_coding,trtricprjeb535
TTRE8762,TTRE8762_t1,217,protein_coding,U3 small nucleolar RNA-associated protein 15 homolog  [Source:UniProtKB/TrEMBL;Acc:A0A077ZIR2],Trichuris trichiura (PRJEB535),protein_coding,trtricprjeb535
TTRE4377,TTRE4377_t1,1032,protein_coding,,Trichuris trichiura (PRJEB535),protein_coding,trtricprjeb535
TTRE5735,TTRE5735_t1,624,protein_coding,,Trichuris trichiura (PRJEB535),protein_coding,trtricprjeb535
TTRE8788,TTRE8788_t1,512,protein_coding,,Trichuris trichiura (PRJEB535),protein_coding,trtricprjeb535
TTRE9343,TTRE9343_t1,230,protein_coding,Coiled-coil domain-containing protein 150  [Source:UniProtKB/TrEMBL;Acc:A0A077ZGA5],Trichuris trichiura (PRJEB535),protein_coding,trtricprjeb535
TTRE12371,TTRE12371_t1,426,protein_coding,,Trichuris trichiura (PRJEB535),protein_coding,trtricprjeb535
TTRE9502,TTRE9502_t1,189,protein_coding,,Trichuris trichiura (PRJEB535),protein_coding,trtricprjeb535
TTRE5339,TTRE5339_t1,222,protein_coding,,Trichuris trichiura (PRJEB535),protein_coding,trtricprjeb535
TTRE3338,TTRE3338_t1,548,protein_coding,,Trichuris trichiura (PRJEB535),protein_coding,trtricprjeb535
TTRE2658,TTRE2658_t1,327,protein_coding,,Trichuris trichiura (PRJEB535),protein_coding,trtricprjeb535
TTRE357,TTRE357_t1,776,protein_coding,,Trichuris trichiura (PRJEB535),protein_coding,trtricprjeb535
TTRE10471,TTRE10471_t1,1148,protein_coding,,Trichuris trichiura (PRJEB535),protein_coding,trtricprjeb535
TTRE6982,TTRE6982_t1,2553,protein_coding,,Trichuris trichiura (PRJEB535),protein_coding,trtricprjeb535
TTRE3627,TTRE3627_t1,1139,protein_coding,Caldesmon-like  [Source:UniProtKB/TrEMBL;Acc:A0A077ZDH2],Trichuris trichiura (PRJEB535),protein_coding,trtricprjeb535
TTRE6019,TTRE6019_t1,360,protein_coding,Homeobox protein CDX 4  [Source:UniProtKB/TrEMBL;Acc:A0A077YV51],Trichuris trichiura (PRJEB535),protein_coding,trtricprjeb535
TTRE7642,TTRE7642_t1,320,protein_coding,,Trichuris trichiura (PRJEB535),protein_coding,trtricprjeb535
TTRE8373,TTRE8373_t1,458,protein_coding,,Trichuris trichiura (PRJEB535),protein_coding,trtricprjeb535
TTRE8972,TTRE8972_t1,340,protein_coding,,Trichuris trichiura (PRJEB535),protein_coding,trtricprjeb535
TTRE3472,TTRE3472_t1,209,protein_coding,KRR1 small subunit processome component homolog  [Source:UniProtKB/TrEMBL;Acc:A0A077ZJR7],Trichuris trichiura (PRJEB535),protein_coding,trtricprjeb535
TTRE5096,TTRE5096_t1,902,protein_coding,Casein kinase II subunit alpha  [Source:UniProtKB/TrEMBL;Acc:A0A077ZBH5],Trichuris trichiura (PRJEB535),protein_coding,trtricprjeb535
TTRE1068,TTRE1068_t1,272,protein_coding,,Trichuris trichiura (PRJEB535),protein_coding,trtricprjeb535
TTRE10330,TTRE10330_t1,689,protein_coding,,Trichuris trichiura (PRJEB535),protein_coding,trtricprjeb535
TTRE4204,TTRE4204_t1,255,protein_coding,Dipeptidyl peptidase family  [Source:UniProtKB/TrEMBL;Acc:A0A077ZBQ2],Trichuris trichiura (PRJEB535),protein_coding,trtricprjeb535
TTRE4410,TTRE4410_t1,133,protein_coding,,Trichuris trichiura (PRJEB535),protein_coding,trtricprjeb535
TTRE1005,TTRE1005_t1,574,protein_coding,,Trichuris trichiura (PRJEB535),protein_coding,trtricprjeb535
TTRE7156,TTRE7156_t1,797,protein_coding,,Trichuris trichiura (PRJEB535),protein_coding,trtricprjeb535
TTRE122,TTRE122_t1,260,protein_coding,,Trichuris trichiura (PRJEB535),protein_coding,trtricprjeb535
TTRE7556,TTRE7556_t1,302,protein_coding,,Trichuris trichiura (PRJEB535),protein_coding,trtricprjeb535
TTRE8295,TTRE8295_t1,223,protein_coding,,Trichuris trichiura (PRJEB535),protein_coding,trtricprjeb535
TTRE672,TTRE672_t1,294,protein_coding,,Trichuris trichiura (PRJEB535),protein_coding,trtricprjeb535
TTRE909,TTRE909_t1,232,protein_coding,,Trichuris trichiura (PRJEB535),protein_coding,trtricprjeb535
TTRE12363,TTRE12363_t1,1649,protein_coding,,Trichuris trichiura (PRJEB535),protein_coding,trtricprjeb535
TTRE3782,TTRE3782_t1,335,protein_coding,Abhydrolase 6 domain containing protein  [Source:UniProtKB/TrEMBL;Acc:A0A077Z1P6],Trichuris trichiura (PRJEB535),protein_coding,trtricprjeb535
TTRE11734,TTRE11734_t1,365,protein_coding,,Trichuris trichiura (PRJEB535),protein_coding,trtricprjeb535
TTRE5447,TTRE5447_t1,1256,protein_coding,,Trichuris trichiura (PRJEB535),protein_coding,trtricprjeb535
TTRE7376,TTRE7376_t1,392,protein_coding,,Trichuris trichiura (PRJEB535),protein_coding,trtricprjeb535
TTRE5188,TTRE5188_t1,369,protein_coding,GDT1 family protein  [Source:UniProtKB/TrEMBL;Acc:A0A077ZIU3],Trichuris trichiura (PRJEB535),protein_coding,trtricprjeb535
TTRE1115,TTRE1115_t2,279,protein_coding,Glyco hydro 31 and Gal mutarotas 2 domain contain ing protein  [Source:UniProtKB/TrEMBL;Acc:A0A077YZY3],Trichuris trichiura (PRJEB535),protein_coding,trtricprjeb535
TTRE8125,TTRE8125_t1,278,protein_coding,U6 snRNA-associated Sm-like protein LSm5  [Source:UniProtKB/TrEMBL;Acc:A0A077ZAI7],Trichuris trichiura (PRJEB535),protein_coding,trtricprjeb535
TTRE5497,TTRE5497_t1,178,protein_coding,,Trichuris trichiura (PRJEB535),protein_coding,trtricprjeb535
TTRE10243,TTRE10243_t1,170,protein_coding,,Trichuris trichiura (PRJEB535),protein_coding,trtricprjeb535
TTRE3386,TTRE3386_t1,1232,protein_coding,Speckle type POZ protein  [Source:UniProtKB/TrEMBL;Acc:A0A077Z7P2],Trichuris trichiura (PRJEB535),protein_coding,trtricprjeb535
TTRE3293,TTRE3293_t1,991,protein_coding,,Trichuris trichiura (PRJEB535),protein_coding,trtricprjeb535
TTRE7057,TTRE7057_t1,5180,protein_coding,,Trichuris trichiura (PRJEB535),protein_coding,trtricprjeb535
TTRE11209,TTRE11209_t1,291,protein_coding,,Trichuris trichiura (PRJEB535),protein_coding,trtricprjeb535
TTRE593,TTRE593_t1,1919,protein_coding,,Trichuris trichiura (PRJEB535),protein_coding,trtricprjeb535
TTRE1983,TTRE1983_t1,2345,protein_coding,Protein slowmo  [Source:UniProtKB/TrEMBL;Acc:A0A077Z1M8],Trichuris trichiura (PRJEB535),protein_coding,trtricprjeb535
TTRE10170,TTRE10170_t1,410,protein_coding,,Trichuris trichiura (PRJEB535),protein_coding,trtricprjeb535
TTRE3876,TTRE3876_t1,389,protein_coding,,Trichuris trichiura (PRJEB535),protein_coding,trtricprjeb535
TTRE4571,TTRE4571_t1,316,protein_coding,,Trichuris trichiura (PRJEB535),protein_coding,trtricprjeb535
TTRE881,TTRE881_t1,219,protein_coding,,Trichuris trichiura (PRJEB535),protein_coding,trtricprjeb535
TTRE12404,TTRE12404_t1,136,protein_coding,,Trichuris trichiura (PRJEB535),protein_coding,trtricprjeb535
TTRE6854,TTRE6854_t1,530,protein_coding,,Trichuris trichiura (PRJEB535),protein_coding,trtricprjeb535
TTRE6717,TTRE6717_t1,2085,protein_coding,,Trichuris trichiura (PRJEB535),protein_coding,trtricprjeb535
TTRE12221,TTRE12221_t1,797,protein_coding,Noggin  [Source:UniProtKB/TrEMBL;Acc:A0A077ZDL2],Trichuris trichiura (PRJEB535),protein_coding,trtricprjeb535
TTRE1890,TTRE1890_t1,268,protein_coding,GN3L Grn1 domain containing protein  [Source:UniProtKB/TrEMBL;Acc:A0A077Z428],Trichuris trichiura (PRJEB535),protein_coding,trtricprjeb535
TTRE5851,TTRE5851_t1,509,protein_coding,,Trichuris trichiura (PRJEB535),protein_coding,trtricprjeb535
TTRE10817,TTRE10817_t1,458,protein_coding,,Trichuris trichiura (PRJEB535),protein_coding,trtricprjeb535
TTRE407,TTRE407_t1,1076,protein_coding,7TM GPCR Srsx domain containing protein  [Source:UniProtKB/TrEMBL;Acc:A0A077YWQ2],Trichuris trichiura (PRJEB535),protein_coding,trtricprjeb535
TTRE10507,TTRE10507_t1,455,protein_coding,,Trichuris trichiura (PRJEB535),protein_coding,trtricprjeb535
TTRE10331,TTRE10331_t1,575,protein_coding,,Trichuris trichiura (PRJEB535),protein_coding,trtricprjeb535
TTRE104,TTRE104_t1,635,protein_coding,G protein-coupled receptor  [Source:UniProtKB/TrEMBL;Acc:A0A077ZC18],Trichuris trichiura (PRJEB535),protein_coding,trtricprjeb535
TTRE2709,TTRE2709_t1,810,protein_coding,Neurogenic differentiation factor 1  [Source:UniProtKB/TrEMBL;Acc:A0A077ZF89],Trichuris trichiura (PRJEB535),protein_coding,trtricprjeb535
TTRE5138,TTRE5138_t1,170,protein_coding,Actin-related protein 2/3 complex subunit 4  [Source:UniProtKB/TrEMBL;Acc:A0A077ZCE0],Trichuris trichiura (PRJEB535),protein_coding,trtricprjeb535
TTRE2616,TTRE2616_t1,603,protein_coding,Spliced leader 175 kDa protein  [Source:UniProtKB/TrEMBL;Acc:A0A077Z6B6],Trichuris trichiura (PRJEB535),protein_coding,trtricprjeb535
TTRE11114,TTRE11114_t1,332,protein_coding,,Trichuris trichiura (PRJEB535),protein_coding,trtricprjeb535
TTRE6194,TTRE6194_t1,410,protein_coding,,Trichuris trichiura (PRJEB535),protein_coding,trtricprjeb535
TTRE10601,TTRE10601_t1,610,protein_coding,,Trichuris trichiura (PRJEB535),protein_coding,trtricprjeb535
TTRE522,TTRE522_t1,430,protein_coding,,Trichuris trichiura (PRJEB535),protein_coding,trtricprjeb535
TTRE10363,TTRE10363_t1,340,protein_coding,,Trichuris trichiura (PRJEB535),protein_coding,trtricprjeb535
TTRE6534,TTRE6534_t1,290,protein_coding,,Trichuris trichiura (PRJEB535),protein_coding,trtricprjeb535
TTRE12110,TTRE12110_t1,827,protein_coding,,Trichuris trichiura (PRJEB535),protein_coding,trtricprjeb535
TTRE10421,TTRE10421_t1,425,protein_coding,,Trichuris trichiura (PRJEB535),protein_coding,trtricprjeb535
TTRE12064,TTRE12064_t1,457,protein_coding,,Trichuris trichiura (PRJEB535),protein_coding,trtricprjeb535
TTRE1378,TTRE1378_t1,278,protein_coding,Emp24:gp25L:p24 family protein  [Source:UniProtKB/TrEMBL;Acc:A0A077ZFR6],Trichuris trichiura (PRJEB535),protein_coding,trtricprjeb535
TTRE10168,TTRE10168_t1,4216,protein_coding,,Trichuris trichiura (PRJEB535),protein_coding,trtricprjeb535
TTRE9439,TTRE9439_t1,170,protein_coding,,Trichuris trichiura (PRJEB535),protein_coding,trtricprjeb535
TTRE5783,TTRE5783_t1,223,protein_coding,,Trichuris trichiura (PRJEB535),protein_coding,trtricprjeb535
TTRE6810,TTRE6810_t1,446,protein_coding,,Trichuris trichiura (PRJEB535),protein_coding,trtricprjeb535
TTRE3185,TTRE3185_t1,194,protein_coding,,Trichuris trichiura (PRJEB535),protein_coding,trtricprjeb535
TTRE4282,TTRE4282_t1,167,protein_coding,,Trichuris trichiura (PRJEB535),protein_coding,trtricprjeb535
TTRE5699,TTRE5699_t1,221,protein_coding,,Trichuris trichiura (PRJEB535),protein_coding,trtricprjeb535
TTRE7430,TTRE7430_t1,251,protein_coding,,Trichuris trichiura (PRJEB535),protein_coding,trtricprjeb535
TTRE1971,TTRE1971_t1,1861,protein_coding,Sterol regulatory element-binding protein cleavage-activating protein  [Source:UniProtKB/TrEMBL;Acc:A0A077Z154],Trichuris trichiura (PRJEB535),protein_coding,trtricprjeb535
TTRE5893,TTRE5893_t1,1205,protein_coding,MFS 1 domain containing protein  [Source:UniProtKB/TrEMBL;Acc:A0A077ZC42],Trichuris trichiura (PRJEB535),protein_coding,trtricprjeb535
TTRE6743,TTRE6743_t1,238,protein_coding,,Trichuris trichiura (PRJEB535),protein_coding,trtricprjeb535
TTRE8799,TTRE8799_t1,165,protein_coding,Tim17 domain containing protein  [Source:UniProtKB/TrEMBL;Acc:A0A077YZB2],Trichuris trichiura (PRJEB535),protein_coding,trtricprjeb535
TTRE7812,TTRE7812_t1,137,protein_coding,,Trichuris trichiura (PRJEB535),protein_coding,trtricprjeb535
TTRE11912,TTRE11912_t1,563,protein_coding,,Trichuris trichiura (PRJEB535),protein_coding,trtricprjeb535
TTRE2276,TTRE2276_t1,272,protein_coding,,Trichuris trichiura (PRJEB535),protein_coding,trtricprjeb535
TTRE2433,TTRE2433_t1,163,protein_coding,Polymerase delta interacting protein 2  [Source:UniProtKB/TrEMBL;Acc:A0A077ZJ90],Trichuris trichiura (PRJEB535),protein_coding,trtricprjeb535
TTRE12076,TTRE12076_t1,299,protein_coding,,Trichuris trichiura (PRJEB535),protein_coding,trtricprjeb535
TTRE11981,TTRE11981_t1,184,protein_coding,,Trichuris trichiura (PRJEB535),protein_coding,trtricprjeb535
TTRE6718,TTRE6718_t1,926,protein_coding,,Trichuris trichiura (PRJEB535),protein_coding,trtricprjeb535
TTRE11901,TTRE11901_t1,1076,protein_coding,,Trichuris trichiura (PRJEB535),protein_coding,trtricprjeb535
TTRE12401,TTRE12401_t1,914,protein_coding,,Trichuris trichiura (PRJEB535),protein_coding,trtricprjeb535
TTRE4915,TTRE4915_t1,773,protein_coding,Major sperm protein  [Source:UniProtKB/TrEMBL;Acc:A0A077Z9L6],Trichuris trichiura (PRJEB535),protein_coding,trtricprjeb535
TTRE2292,TTRE2292_t1,372,protein_coding,Heat shock protein 40  [Source:UniProtKB/TrEMBL;Acc:A0A077Z477],Trichuris trichiura (PRJEB535),protein_coding,trtricprjeb535
TTRE4162,TTRE4162_t1,1706,protein_coding,PID domain-containing protein  [Source:UniProtKB/TrEMBL;Acc:A0A077ZC17],Trichuris trichiura (PRJEB535),protein_coding,trtricprjeb535
TTRE6461,TTRE6461_t1,356,protein_coding,,Trichuris trichiura (PRJEB535),protein_coding,trtricprjeb535
TTRE5906,TTRE5906_t1,449,protein_coding,BrkDBD and HTH Tnp Tc5 domain containing protein  [Source:UniProtKB/TrEMBL;Acc:A0A077ZK04],Trichuris trichiura (PRJEB535),protein_coding,trtricprjeb535
TTRE8926,TTRE8926_t1,165,protein_coding,,Trichuris trichiura (PRJEB535),protein_coding,trtricprjeb535
TTRE2635,TTRE2635_t1,289,protein_coding,,Trichuris trichiura (PRJEB535),protein_coding,trtricprjeb535
TTRE3074,TTRE3074_t1,532,protein_coding,Putative paired box protein Pax-2  [Source:UniProtKB/TrEMBL;Acc:A0A077Z3S4],Trichuris trichiura (PRJEB535),protein_coding,trtricprjeb535
TTRE4379,TTRE4379_t1,296,protein_coding,Breast carcinoma amplified sequence 3  [Source:UniProtKB/TrEMBL;Acc:A0A077ZE07],Trichuris trichiura (PRJEB535),protein_coding,trtricprjeb535
TTRE2419,TTRE2419_t1,157,protein_coding,,Trichuris trichiura (PRJEB535),protein_coding,trtricprjeb535
TTRE307,TTRE307_t1,421,protein_coding,,Trichuris trichiura (PRJEB535),protein_coding,trtricprjeb535
TTRE6431,TTRE6431_t1,410,protein_coding,,Trichuris trichiura (PRJEB535),protein_coding,trtricprjeb535
TTRE69,TTRE69_t1,463,protein_coding,,Trichuris trichiura (PRJEB535),protein_coding,trtricprjeb535
TTRE7459,TTRE7459_t1,3965,protein_coding,,Trichuris trichiura (PRJEB535),protein_coding,trtricprjeb535
TTRE7460,TTRE7460_t1,1589,protein_coding,,Trichuris trichiura (PRJEB535),protein_coding,trtricprjeb535
TTRE8620,TTRE8620_t1,287,protein_coding,,Trichuris trichiura (PRJEB535),protein_coding,trtricprjeb535
TTRE8140,TTRE8140_t1,707,protein_coding,,Trichuris trichiura (PRJEB535),protein_coding,trtricprjeb535
TTRE63,TTRE63_t1,843,protein_coding,,Trichuris trichiura (PRJEB535),protein_coding,trtricprjeb535
TTRE10755,TTRE10755_t1,5281,protein_coding,,Trichuris trichiura (PRJEB535),protein_coding,trtricprjeb535
TTRE5014,TTRE5014_t1,206,protein_coding,Elongation factor 1 gamma  [Source:UniProtKB/TrEMBL;Acc:A0A077YXD4],Trichuris trichiura (PRJEB535),protein_coding,trtricprjeb535
TTRE7758,TTRE7758_t1,548,protein_coding,Cyclin-dependent kinase 2-interacting protein  [Source:UniProtKB/TrEMBL;Acc:A0A077ZI80],Trichuris trichiura (PRJEB535),protein_coding,trtricprjeb535
TTRE6884,TTRE6884_t1,326,protein_coding,,Trichuris trichiura (PRJEB535),protein_coding,trtricprjeb535
TTRE4337,TTRE4337_t1,440,protein_coding,,Trichuris trichiura (PRJEB535),protein_coding,trtricprjeb535
TTRE11094,TTRE11094_t1,432,protein_coding,,Trichuris trichiura (PRJEB535),protein_coding,trtricprjeb535
TTRE8792,TTRE8792_t1,763,protein_coding,,Trichuris trichiura (PRJEB535),protein_coding,trtricprjeb535
TTRE7077,TTRE7077_t1,323,protein_coding,,Trichuris trichiura (PRJEB535),protein_coding,trtricprjeb535
TTRE3464,TTRE3464_t1,1207,protein_coding,,Trichuris trichiura (PRJEB535),protein_coding,trtricprjeb535
TTRE12468,TTRE12468_t1,302,protein_coding,,Trichuris trichiura (PRJEB535),protein_coding,trtricprjeb535
TTRE11279,TTRE11279_t1,148,protein_coding,Pyridoxal kinase  [Source:UniProtKB/TrEMBL;Acc:A0A077YWQ3],Trichuris trichiura (PRJEB535),protein_coding,trtricprjeb535
TTRE9804,TTRE9804_t1,323,protein_coding,"Protein phosphatase 1, regulatory (Inhibitor) subunit 1B  [Source:UniProtKB/TrEMBL;Acc:A0A077Z1R4]",Trichuris trichiura (PRJEB535),protein_coding,trtricprjeb535
TTRE5784,TTRE5784_t1,279,protein_coding,,Trichuris trichiura (PRJEB535),protein_coding,trtricprjeb535
TTRE7716,TTRE7716_t1,801,protein_coding,,Trichuris trichiura (PRJEB535),protein_coding,trtricprjeb535
TTRE8176,TTRE8176_t1,983,protein_coding,,Trichuris trichiura (PRJEB535),protein_coding,trtricprjeb535
TTRE12390,TTRE12390_t1,258,protein_coding,,Trichuris trichiura (PRJEB535),protein_coding,trtricprjeb535
TTRE1978,TTRE1978_t1,1084,protein_coding,,Trichuris trichiura (PRJEB535),protein_coding,trtricprjeb535
TTRE6256,TTRE6256_t1,409,protein_coding,,Trichuris trichiura (PRJEB535),protein_coding,trtricprjeb535
TTRE8045,TTRE8045_t1,496,protein_coding,,Trichuris trichiura (PRJEB535),protein_coding,trtricprjeb535
TTRE6117,TTRE6117_t1,278,protein_coding,,Trichuris trichiura (PRJEB535),protein_coding,trtricprjeb535
TTRE6896,TTRE6896_t1,296,protein_coding,,Trichuris trichiura (PRJEB535),protein_coding,trtricprjeb535
TTRE10839,TTRE10839_t1,728,protein_coding,,Trichuris trichiura (PRJEB535),protein_coding,trtricprjeb535
TTRE4960,TTRE4960_t1,152,protein_coding,,Trichuris trichiura (PRJEB535),protein_coding,trtricprjeb535
TTRE8231,TTRE8231_t1,2231,protein_coding,,Trichuris trichiura (PRJEB535),protein_coding,trtricprjeb535
TTRE10895,TTRE10895_t1,740,protein_coding,,Trichuris trichiura (PRJEB535),protein_coding,trtricprjeb535
TTRE4474,TTRE4474_t1,205,protein_coding,,Trichuris trichiura (PRJEB535),protein_coding,trtricprjeb535
TTRE259,TTRE259_t1,140,protein_coding,General transcription factor IIF subunit 2  [Source:UniProtKB/TrEMBL;Acc:A0A077ZBP8],Trichuris trichiura (PRJEB535),protein_coding,trtricprjeb535
TTRE745,TTRE745_t1,460,protein_coding,CAP domain containing protein  [Source:UniProtKB/TrEMBL;Acc:A0A077Z0T8],Trichuris trichiura (PRJEB535),protein_coding,trtricprjeb535
TTRE7086,TTRE7086_t1,517,protein_coding,Regulator of rDNA transcription protein 15  [Source:UniProtKB/TrEMBL;Acc:A0A077ZMJ6],Trichuris trichiura (PRJEB535),protein_coding,trtricprjeb535
TTRE10864,TTRE10864_t1,202,protein_coding,,Trichuris trichiura (PRJEB535),protein_coding,trtricprjeb535
TTRE6449,TTRE6449_t1,239,protein_coding,,Trichuris trichiura (PRJEB535),protein_coding,trtricprjeb535
TTRE2758,TTRE2758_t1,251,protein_coding,,Trichuris trichiura (PRJEB535),protein_coding,trtricprjeb535
TTRE6844,TTRE6844_t1,4160,protein_coding,,Trichuris trichiura (PRJEB535),protein_coding,trtricprjeb535
TTRE10219,TTRE10219_t1,872,protein_coding,,Trichuris trichiura (PRJEB535),protein_coding,trtricprjeb535
TTRE1711,TTRE1711_t1,446,protein_coding,Carboxylesterase  [Source:UniProtKB/TrEMBL;Acc:A0A077YWI3],Trichuris trichiura (PRJEB535),protein_coding,trtricprjeb535
TTRE3486,TTRE3486_t1,374,protein_coding,U6 snRNA-associated Sm-like protein LSm4  [Source:UniProtKB/TrEMBL;Acc:A0A077ZAU7],Trichuris trichiura (PRJEB535),protein_coding,trtricprjeb535
TTRE755,TTRE755_t1,182,protein_coding,,Trichuris trichiura (PRJEB535),protein_coding,trtricprjeb535
TTRE6326,TTRE6326_t1,644,protein_coding,,Trichuris trichiura (PRJEB535),protein_coding,trtricprjeb535
TTRE8480,TTRE8480_t1,264,protein_coding,,Trichuris trichiura (PRJEB535),protein_coding,trtricprjeb535
TTRE11102,TTRE11102_t1,191,protein_coding,,Trichuris trichiura (PRJEB535),protein_coding,trtricprjeb535
TTRE7616,TTRE7616_t1,725,protein_coding,phosphomevalonate kinase  [Source:UniProtKB/TrEMBL;Acc:A0A077ZF44],Trichuris trichiura (PRJEB535),protein_coding,trtricprjeb535
TTRE2832,TTRE2832_t1,173,protein_coding,ORM1 protein 3  [Source:UniProtKB/TrEMBL;Acc:A0A077Z2H8],Trichuris trichiura (PRJEB535),protein_coding,trtricprjeb535
TTRE9561,TTRE9561_t1,1342,protein_coding,,Trichuris trichiura (PRJEB535),protein_coding,trtricprjeb535
TTRE492,TTRE492_t1,503,protein_coding,,Trichuris trichiura (PRJEB535),protein_coding,trtricprjeb535
TTRE7950,TTRE7950_t1,289,protein_coding,,Trichuris trichiura (PRJEB535),protein_coding,trtricprjeb535
TTRE4934,TTRE4934_t1,190,protein_coding,Sm protein F  [Source:UniProtKB/TrEMBL;Acc:A0A077Z4A7],Trichuris trichiura (PRJEB535),protein_coding,trtricprjeb535
TTRE8526,TTRE8526_t1,836,protein_coding,,Trichuris trichiura (PRJEB535),protein_coding,trtricprjeb535
TTRE2436,TTRE2436_t1,256,protein_coding,,Trichuris trichiura (PRJEB535),protein_coding,trtricprjeb535
TTRE2969,TTRE2969_t1,286,protein_coding,,Trichuris trichiura (PRJEB535),protein_coding,trtricprjeb535
TTRE8566,TTRE8566_t1,277,protein_coding,,Trichuris trichiura (PRJEB535),protein_coding,trtricprjeb535
TTRE8302,TTRE8302_t1,229,protein_coding,,Trichuris trichiura (PRJEB535),protein_coding,trtricprjeb535
TTRE4835,TTRE4835_t1,600,protein_coding,,Trichuris trichiura (PRJEB535),protein_coding,trtricprjeb535
TTRE260,TTRE260_t1,637,protein_coding,WH2 motif protein  [Source:UniProtKB/TrEMBL;Acc:A0A077ZE96],Trichuris trichiura (PRJEB535),protein_coding,trtricprjeb535
TTRE2269,TTRE2269_t1,186,protein_coding,,Trichuris trichiura (PRJEB535),protein_coding,trtricprjeb535
TTRE3795,TTRE3795_t1,360,protein_coding,,Trichuris trichiura (PRJEB535),protein_coding,trtricprjeb535
TTRE5211,TTRE5211_t1,182,protein_coding,,Trichuris trichiura (PRJEB535),protein_coding,trtricprjeb535
TTRE2639,TTRE2639_t1,294,protein_coding,,Trichuris trichiura (PRJEB535),protein_coding,trtricprjeb535
TTRE8123,TTRE8123_t1,756,protein_coding,,Trichuris trichiura (PRJEB535),protein_coding,trtricprjeb535
TTRE6930,TTRE6930_t1,518,protein_coding,,Trichuris trichiura (PRJEB535),protein_coding,trtricprjeb535
TTRE9479,TTRE9479_t1,303,protein_coding,,Trichuris trichiura (PRJEB535),protein_coding,trtricprjeb535
TTRE11282,TTRE11282_t1,209,protein_coding,Ribonuclease kappa  [Source:UniProtKB/TrEMBL;Acc:A0A077YUV9],Trichuris trichiura (PRJEB535),protein_coding,trtricprjeb535
TTRE4348,TTRE4348_t1,723,protein_coding,ABC tran and ABC membrane domain containing prote in  [Source:UniProtKB/TrEMBL;Acc:A0A077Z192],Trichuris trichiura (PRJEB535),protein_coding,trtricprjeb535
TTRE3367,TTRE3367_t1,216,protein_coding,,Trichuris trichiura (PRJEB535),protein_coding,trtricprjeb535
TTRE4947,TTRE4947_t1,490,protein_coding,Eukaryotic translation initiation factor 3 subunit I  [Source:UniProtKB/TrEMBL;Acc:A0A077Z4B1],Trichuris trichiura (PRJEB535),protein_coding,trtricprjeb535
TTRE9281,TTRE9281_t1,856,protein_coding,,Trichuris trichiura (PRJEB535),protein_coding,trtricprjeb535
TTRE3600,TTRE3600_t1,194,protein_coding,Tetraspanin  [Source:UniProtKB/TrEMBL;Acc:A0A077ZHP8],Trichuris trichiura (PRJEB535),protein_coding,trtricprjeb535
TTRE6417,TTRE6417_t1,447,protein_coding,,Trichuris trichiura (PRJEB535),protein_coding,trtricprjeb535
TTRE9375,TTRE9375_t1,386,protein_coding,Histone H2A  [Source:UniProtKB/TrEMBL;Acc:A0A077ZHJ7],Trichuris trichiura (PRJEB535),protein_coding,trtricprjeb535
TTRE3538,TTRE3538_t1,310,protein_coding,,Trichuris trichiura (PRJEB535),protein_coding,trtricprjeb535
TTRE1319,TTRE1319_t1,1493,protein_coding,PNK3P and AAA 33 domain containing protein  [Source:UniProtKB/TrEMBL;Acc:A0A077ZGA0],Trichuris trichiura (PRJEB535),protein_coding,trtricprjeb535
TTRE6521,TTRE6521_t1,459,protein_coding,Innexin  [Source:UniProtKB/TrEMBL;Acc:A0A077ZBD9],Trichuris trichiura (PRJEB535),protein_coding,trtricprjeb535
TTRE11828,TTRE11828_t1,590,protein_coding,,Trichuris trichiura (PRJEB535),protein_coding,trtricprjeb535
TTRE1800,TTRE1800_t1,273,protein_coding,,Trichuris trichiura (PRJEB535),protein_coding,trtricprjeb535
TTRE7495,TTRE7495_t1,749,protein_coding,,Trichuris trichiura (PRJEB535),protein_coding,trtricprjeb535
TTRE3181,TTRE3181_t1,422,protein_coding,,Trichuris trichiura (PRJEB535),protein_coding,trtricprjeb535
TTRE8514,TTRE8514_t1,385,protein_coding,,Trichuris trichiura (PRJEB535),protein_coding,trtricprjeb535
TTRE7266,TTRE7266_t1,312,protein_coding,,Trichuris trichiura (PRJEB535),protein_coding,trtricprjeb535
TTRE7195,TTRE7195_t1,194,protein_coding,,Trichuris trichiura (PRJEB535),protein_coding,trtricprjeb535
TTRE5027,TTRE5027_t1,236,protein_coding,,Trichuris trichiura (PRJEB535),protein_coding,trtricprjeb535
TTRE352,TTRE352_t1,479,protein_coding,"Genome assembly, chromosome: II  [Source:UniProtKB/TrEMBL;Acc:A0A077ZIG5]",Trichuris trichiura (PRJEB535),protein_coding,trtricprjeb535
TTRE8437,TTRE8437_t1,181,protein_coding,,Trichuris trichiura (PRJEB535),protein_coding,trtricprjeb535
TTRE1684,TTRE1684_t1,245,protein_coding,,Trichuris trichiura (PRJEB535),protein_coding,trtricprjeb535
TTRE10032,TTRE10032_t1,298,protein_coding,,Trichuris trichiura (PRJEB535),protein_coding,trtricprjeb535
TTRE8836,TTRE8836_t1,707,protein_coding,,Trichuris trichiura (PRJEB535),protein_coding,trtricprjeb535
TTRE10776,TTRE10776_t1,582,protein_coding,,Trichuris trichiura (PRJEB535),protein_coding,trtricprjeb535
TTRE5289,TTRE5289_t1,1076,protein_coding,UV excision repair protein RAD23  [Source:UniProtKB/TrEMBL;Acc:A0A077ZP79],Trichuris trichiura (PRJEB535),protein_coding,trtricprjeb535
TTRE8690,TTRE8690_t1,248,protein_coding,,Trichuris trichiura (PRJEB535),protein_coding,trtricprjeb535
TTRE6826,TTRE6826_t1,1970,protein_coding,,Trichuris trichiura (PRJEB535),protein_coding,trtricprjeb535
TTRE1544,TTRE1544_t1,172,protein_coding,Peptidyl-prolyl cis-trans isomerase  [Source:UniProtKB/TrEMBL;Acc:A0A077YZV4],Trichuris trichiura (PRJEB535),protein_coding,trtricprjeb535
TTRE4078,TTRE4078_t1,171,protein_coding,,Trichuris trichiura (PRJEB535),protein_coding,trtricprjeb535
TTRE1491,TTRE1491_t1,605,protein_coding,Serine/threonine-protein phosphatase  [Source:UniProtKB/TrEMBL;Acc:A0A077Z761],Trichuris trichiura (PRJEB535),protein_coding,trtricprjeb535
TTRE8905,TTRE8905_t1,980,protein_coding,,Trichuris trichiura (PRJEB535),protein_coding,trtricprjeb535
TTRE4528,TTRE4528_t1,187,protein_coding,Translationally controlled tumor protein  [Source:UniProtKB/TrEMBL;Acc:A0A077Z8S9],Trichuris trichiura (PRJEB535),protein_coding,trtricprjeb535
TTRE1125,TTRE1125_t1,162,protein_coding,,Trichuris trichiura (PRJEB535),protein_coding,trtricprjeb535
TTRE1486,TTRE1486_t1,271,protein_coding,,Trichuris trichiura (PRJEB535),protein_coding,trtricprjeb535
TTRE8936,TTRE8936_t1,334,protein_coding,Zinc metalloproteinase nas 13  [Source:UniProtKB/TrEMBL;Acc:A0A077YYS1],Trichuris trichiura (PRJEB535),protein_coding,trtricprjeb535
TTRE6361,TTRE6361_t1,135,protein_coding,,Trichuris trichiura (PRJEB535),protein_coding,trtricprjeb535
TTRE11217,TTRE11217_t1,163,protein_coding,,Trichuris trichiura (PRJEB535),protein_coding,trtricprjeb535
TTRE5384,TTRE5384_t1,440,protein_coding,,Trichuris trichiura (PRJEB535),protein_coding,trtricprjeb535
TTRE12159,TTRE12159_t1,389,protein_coding,,Trichuris trichiura (PRJEB535),protein_coding,trtricprjeb535
TTRE6354,TTRE6354_t1,320,protein_coding,,Trichuris trichiura (PRJEB535),protein_coding,trtricprjeb535
TTRE11378,TTRE11378_t1,265,protein_coding,,Trichuris trichiura (PRJEB535),protein_coding,trtricprjeb535
TTRE7841,TTRE7841_t1,488,protein_coding,,Trichuris trichiura (PRJEB535),protein_coding,trtricprjeb535
TTRE9807,TTRE9807_t1,1468,protein_coding,,Trichuris trichiura (PRJEB535),protein_coding,trtricprjeb535
TTRE3877,TTRE3877_t1,155,protein_coding,,Trichuris trichiura (PRJEB535),protein_coding,trtricprjeb535
TTRE2607,TTRE2607_t1,344,protein_coding,,Trichuris trichiura (PRJEB535),protein_coding,trtricprjeb535
TTRE6865,TTRE6865_t1,2151,protein_coding,,Trichuris trichiura (PRJEB535),protein_coding,trtricprjeb535
TTRE8002,TTRE8002_t1,374,protein_coding,,Trichuris trichiura (PRJEB535),protein_coding,trtricprjeb535
TTRE4427,TTRE4427_t1,215,protein_coding,,Trichuris trichiura (PRJEB535),protein_coding,trtricprjeb535
TTRE2491,TTRE2491_t1,490,protein_coding,,Trichuris trichiura (PRJEB535),protein_coding,trtricprjeb535
TTRE10001,TTRE10001_t1,193,protein_coding,Transmembrane protein  [Source:UniProtKB/TrEMBL;Acc:A0A077Z4F1],Trichuris trichiura (PRJEB535),protein_coding,trtricprjeb535
TTRE425,TTRE425_t1,446,protein_coding,DNA excision repair protein ERCC-8  [Source:UniProtKB/TrEMBL;Acc:A0A077YW09],Trichuris trichiura (PRJEB535),protein_coding,trtricprjeb535
TTRE10404,TTRE10404_t1,805,protein_coding,,Trichuris trichiura (PRJEB535),protein_coding,trtricprjeb535
TTRE10604,TTRE10604_t1,707,protein_coding,,Trichuris trichiura (PRJEB535),protein_coding,trtricprjeb535
TTRE10303,TTRE10303_t1,326,protein_coding,,Trichuris trichiura (PRJEB535),protein_coding,trtricprjeb535
TTRE9517,TTRE9517_t1,659,protein_coding,,Trichuris trichiura (PRJEB535),protein_coding,trtricprjeb535
TTRE11081,TTRE11081_t1,413,protein_coding,,Trichuris trichiura (PRJEB535),protein_coding,trtricprjeb535
TTRE9644,TTRE9644_t1,350,protein_coding,,Trichuris trichiura (PRJEB535),protein_coding,trtricprjeb535
TTRE8309,TTRE8309_t1,1778,protein_coding,DUF4371 domain-containing protein  [Source:UniProtKB/TrEMBL;Acc:A0A077ZJN4],Trichuris trichiura (PRJEB535),protein_coding,trtricprjeb535
TTRE9998,TTRE9998_t1,1268,protein_coding,,Trichuris trichiura (PRJEB535),protein_coding,trtricprjeb535
TTRE6091,TTRE6091_t1,1520,protein_coding,,Trichuris trichiura (PRJEB535),protein_coding,trtricprjeb535
TTRE7223,TTRE7223_t1,299,protein_coding,,Trichuris trichiura (PRJEB535),protein_coding,trtricprjeb535
TTRE7279,TTRE7279_t1,521,protein_coding,,Trichuris trichiura (PRJEB535),protein_coding,trtricprjeb535
TTRE8331,TTRE8331_t1,400,protein_coding,,Trichuris trichiura (PRJEB535),protein_coding,trtricprjeb535
TTRE7973,TTRE7973_t1,398,protein_coding,,Trichuris trichiura (PRJEB535),protein_coding,trtricprjeb535
TTRE29,TTRE29_t1,365,protein_coding,,Trichuris trichiura (PRJEB535),protein_coding,trtricprjeb535
TTRE2056,TTRE2056_t1,163,protein_coding,,Trichuris trichiura (PRJEB535),protein_coding,trtricprjeb535
TTRE5882,TTRE5882_t1,479,protein_coding,,Trichuris trichiura (PRJEB535),protein_coding,trtricprjeb535
TTRE295,TTRE295_t1,839,protein_coding,"Ubiquinone biosynthesis O-methyltransferase, mitochondrial  [Source:UniProtKB/TrEMBL;Acc:A0A077ZDA3]",Trichuris trichiura (PRJEB535),protein_coding,trtricprjeb535
TTRE6626,TTRE6626_t1,292,protein_coding,"Cysteine desulfurase, mitochondrial  [Source:UniProtKB/TrEMBL;Acc:A0A077Z8J2]",Trichuris trichiura (PRJEB535),protein_coding,trtricprjeb535
TTRE4610,TTRE4610_t1,604,protein_coding,Tyrosine protein phosphatase non receptor type  [Source:UniProtKB/TrEMBL;Acc:A0A077YX99],Trichuris trichiura (PRJEB535),protein_coding,trtricprjeb535
TTRE5537,TTRE5537_t1,1622,protein_coding,,Trichuris trichiura (PRJEB535),protein_coding,trtricprjeb535
TTRE757,TTRE757_t1,399,protein_coding,,Trichuris trichiura (PRJEB535),protein_coding,trtricprjeb535
TTRE9348,TTRE9348_t1,1163,protein_coding,,Trichuris trichiura (PRJEB535),protein_coding,trtricprjeb535
TTRE9853,TTRE9853_t1,379,protein_coding,,Trichuris trichiura (PRJEB535),protein_coding,trtricprjeb535
TTRE5127,TTRE5127_t1,845,protein_coding,Transcription factor SUM 1  [Source:UniProtKB/TrEMBL;Acc:A0A077YWF7],Trichuris trichiura (PRJEB535),protein_coding,trtricprjeb535
TTRE10189,TTRE10189_t1,162,protein_coding,,Trichuris trichiura (PRJEB535),protein_coding,trtricprjeb535
TTRE12348,TTRE12348_t1,815,protein_coding,,Trichuris trichiura (PRJEB535),protein_coding,trtricprjeb535
TTRE490,TTRE490_t1,222,protein_coding,,Trichuris trichiura (PRJEB535),protein_coding,trtricprjeb535
TTRE602,TTRE602_t1,249,protein_coding,,Trichuris trichiura (PRJEB535),protein_coding,trtricprjeb535
TTRE8509,TTRE8509_t1,646,protein_coding,PAN 1 domain containing protein  [Source:UniProtKB/TrEMBL;Acc:A0A077YY03],Trichuris trichiura (PRJEB535),protein_coding,trtricprjeb535
TTRE8017,TTRE8017_t1,190,protein_coding,,Trichuris trichiura (PRJEB535),protein_coding,trtricprjeb535
TTRE6266,TTRE6266_t1,551,protein_coding,Prefoldin subunit 3  [Source:UniProtKB/TrEMBL;Acc:A0A077Z958],Trichuris trichiura (PRJEB535),protein_coding,trtricprjeb535
TTRE6898,TTRE6898_t1,1262,protein_coding,,Trichuris trichiura (PRJEB535),protein_coding,trtricprjeb535
TTRE577,TTRE577_t1,264,protein_coding,Lethal(3)malignant brain tumor protein 2  [Source:UniProtKB/TrEMBL;Acc:A0A077ZEP7],Trichuris trichiura (PRJEB535),protein_coding,trtricprjeb535
TTRE8904,TTRE8904_t1,346,protein_coding,"Elongation factor G, mitochondrial  [Source:UniProtKB/TrEMBL;Acc:A0A077Z7P3]",Trichuris trichiura (PRJEB535),protein_coding,trtricprjeb535
TTRE9471,TTRE9471_t1,202,protein_coding,,Trichuris trichiura (PRJEB535),protein_coding,trtricprjeb535
TTRE4460,TTRE4460_t1,867,protein_coding,,Trichuris trichiura (PRJEB535),protein_coding,trtricprjeb535
TTRE12545,TTRE12545_t1,99,protein_coding,,Trichuris trichiura (PRJEB535),protein_coding,trtricprjeb535
TTRE1349,TTRE1349_t1,398,protein_coding,,Trichuris trichiura (PRJEB535),protein_coding,trtricprjeb535
TTRE12317,TTRE12317_t1,301,protein_coding,Ly-6 related domain containing protein  [Source:UniProtKB/TrEMBL;Acc:A0A077ZC77],Trichuris trichiura (PRJEB535),protein_coding,trtricprjeb535
TTRE2656,TTRE2656_t1,128,protein_coding,Troponin I 2  [Source:UniProtKB/TrEMBL;Acc:A0A077ZDB6],Trichuris trichiura (PRJEB535),protein_coding,trtricprjeb535
TTRE9915,TTRE9915_t1,124,protein_coding,,Trichuris trichiura (PRJEB535),protein_coding,trtricprjeb535
TTRE10851,TTRE10851_t1,446,protein_coding,,Trichuris trichiura (PRJEB535),protein_coding,trtricprjeb535
TTRE2212,TTRE2212_t1,295,protein_coding,Serine/threonine-protein phosphatase  [Source:UniProtKB/TrEMBL;Acc:A0A077Z2W3],Trichuris trichiura (PRJEB535),protein_coding,trtricprjeb535
TTRE8311,TTRE8311_t1,243,protein_coding,UDP-N-acetylglucosamine--dolichyl-phosphate N-acetylglucosaminephosphotransferase  [Source:UniProtKB/TrEMBL;Acc:A0A077ZJG4],Trichuris trichiura (PRJEB535),protein_coding,trtricprjeb535
TTRE11622,TTRE11622_t1,225,protein_coding,,Trichuris trichiura (PRJEB535),protein_coding,trtricprjeb535
TTRE7152,TTRE7152_t1,901,protein_coding,,Trichuris trichiura (PRJEB535),protein_coding,trtricprjeb535
TTRE11421,TTRE11421_t1,135,protein_coding,,Trichuris trichiura (PRJEB535),protein_coding,trtricprjeb535
TTRE8389,TTRE8389_t1,290,protein_coding,,Trichuris trichiura (PRJEB535),protein_coding,trtricprjeb535
TTRE3697,TTRE3697_t1,839,protein_coding,,Trichuris trichiura (PRJEB535),protein_coding,trtricprjeb535
TTRE11473,TTRE11473_t1,325,protein_coding,,Trichuris trichiura (PRJEB535),protein_coding,trtricprjeb535
TTRE6987,TTRE6987_t1,1145,protein_coding,,Trichuris trichiura (PRJEB535),protein_coding,trtricprjeb535
TTRE12351,TTRE12351_t1,212,protein_coding,,Trichuris trichiura (PRJEB535),protein_coding,trtricprjeb535
TTRE5344,TTRE5344_t1,173,protein_coding,,Trichuris trichiura (PRJEB535),protein_coding,trtricprjeb535
TTRE6600,TTRE6600_t1,304,protein_coding,,Trichuris trichiura (PRJEB535),protein_coding,trtricprjeb535
TTRE8714,TTRE8714_t1,848,protein_coding,,Trichuris trichiura (PRJEB535),protein_coding,trtricprjeb535
TTRE1820,TTRE1820_t1,621,protein_coding,CECR6 TMEM121 domain containing protein  [Source:UniProtKB/TrEMBL;Acc:A0A077ZIA5],Trichuris trichiura (PRJEB535),protein_coding,trtricprjeb535
TTRE1019,TTRE1019_t1,659,protein_coding,,Trichuris trichiura (PRJEB535),protein_coding,trtricprjeb535
TTRE12055,TTRE12055_t1,574,protein_coding,,Trichuris trichiura (PRJEB535),protein_coding,trtricprjeb535
TTRE10503,TTRE10503_t1,701,protein_coding,,Trichuris trichiura (PRJEB535),protein_coding,trtricprjeb535
TTRE7749,TTRE7749_t1,386,protein_coding,Histone H2A  [Source:UniProtKB/TrEMBL;Acc:A0A077ZHJ7],Trichuris trichiura (PRJEB535),protein_coding,trtricprjeb535
TTRE5273,TTRE5273_t1,285,protein_coding,,Trichuris trichiura (PRJEB535),protein_coding,trtricprjeb535
TTRE7837,TTRE7837_t1,496,protein_coding,,Trichuris trichiura (PRJEB535),protein_coding,trtricprjeb535
TTRE7370,TTRE7370_t1,366,protein_coding,,Trichuris trichiura (PRJEB535),protein_coding,trtricprjeb535
TTRE9899,TTRE9899_t1,184,protein_coding,,Trichuris trichiura (PRJEB535),protein_coding,trtricprjeb535
TTRE11691,TTRE11691_t1,635,protein_coding,E3 ubiquitin-protein transferase MAEA  [Source:UniProtKB/TrEMBL;Acc:A0A077YXB7],Trichuris trichiura (PRJEB535),protein_coding,trtricprjeb535
TTRE8024,TTRE8024_t1,634,protein_coding,,Trichuris trichiura (PRJEB535),protein_coding,trtricprjeb535
TTRE1620,TTRE1620_t1,335,protein_coding,"RNA binding motif, single stranded interacting  [Source:UniProtKB/TrEMBL;Acc:A0A077ZL20]",Trichuris trichiura (PRJEB535),protein_coding,trtricprjeb535
TTRE3019,TTRE3019_t1,844,protein_coding,Sodium dependent phosphate transporter  [Source:UniProtKB/TrEMBL;Acc:A0A077YX70],Trichuris trichiura (PRJEB535),protein_coding,trtricprjeb535
TTRE11582,TTRE11582_t1,1436,protein_coding,,Trichuris trichiura (PRJEB535),protein_coding,trtricprjeb535
TTRE282,TTRE282_t1,302,protein_coding,,Trichuris trichiura (PRJEB535),protein_coding,trtricprjeb535
TTRE6133,TTRE6133_t1,241,protein_coding,,Trichuris trichiura (PRJEB535),protein_coding,trtricprjeb535
TTRE12441,TTRE12441_t1,5750,protein_coding,,Trichuris trichiura (PRJEB535),protein_coding,trtricprjeb535
TTRE1947,TTRE1947_t1,179,protein_coding,ORF020  [Source:UniProtKB/TrEMBL;Acc:A0A077ZQF4],Trichuris trichiura (PRJEB535),protein_coding,trtricprjeb535
TTRE2161,TTRE2161_t1,173,protein_coding,AP complex subunit sigma  [Source:UniProtKB/TrEMBL;Acc:A0A077ZE53],Trichuris trichiura (PRJEB535),protein_coding,trtricprjeb535
TTRE6792,TTRE6792_t1,614,protein_coding,,Trichuris trichiura (PRJEB535),protein_coding,trtricprjeb535
TTRE8665,TTRE8665_t1,161,protein_coding,,Trichuris trichiura (PRJEB535),protein_coding,trtricprjeb535
TTRE9067,TTRE9067_t1,1076,protein_coding,,Trichuris trichiura (PRJEB535),protein_coding,trtricprjeb535
TTRE10212,TTRE10212_t1,947,protein_coding,,Trichuris trichiura (PRJEB535),protein_coding,trtricprjeb535
TTRE6722,TTRE6722_t1,724,protein_coding,,Trichuris trichiura (PRJEB535),protein_coding,trtricprjeb535
TTRE11339,TTRE11339_t1,671,protein_coding,Na/Pi cotransporter family protein  [Source:UniProtKB/TrEMBL;Acc:A0A077Z7N4],Trichuris trichiura (PRJEB535),protein_coding,trtricprjeb535
TTRE2669,TTRE2669_t1,135,protein_coding,Trafficking protein particle complex subunit  [Source:UniProtKB/TrEMBL;Acc:A0A077Z5L5],Trichuris trichiura (PRJEB535),protein_coding,trtricprjeb535
TTRE11530,TTRE11530_t1,420,protein_coding,Zf-H2C2 2 and zf-C2H2 6 and zf-C2H2 and zf-C2H2 4 domain containing protein  [Source:UniProtKB/TrEMBL;Acc:A0A077YZV5],Trichuris trichiura (PRJEB535),protein_coding,trtricprjeb535
TTRE9612,TTRE9612_t1,305,protein_coding,CCHC-type domain-containing protein  [Source:UniProtKB/TrEMBL;Acc:A0A077ZIM4],Trichuris trichiura (PRJEB535),protein_coding,trtricprjeb535
TTRE3838,TTRE3838_t1,115,protein_coding,,Trichuris trichiura (PRJEB535),protein_coding,trtricprjeb535
TTRE6152,TTRE6152_t1,494,protein_coding,,Trichuris trichiura (PRJEB535),protein_coding,trtricprjeb535
TTRE2423,TTRE2423_t1,300,protein_coding,Serine:threonine protein phosphatase 2A 65 kDa  [Source:UniProtKB/TrEMBL;Acc:A0A077ZF23],Trichuris trichiura (PRJEB535),protein_coding,trtricprjeb535
TTRE8885,TTRE8885_t1,335,protein_coding,,Trichuris trichiura (PRJEB535),protein_coding,trtricprjeb535
TTRE9594,TTRE9594_t1,1952,protein_coding,,Trichuris trichiura (PRJEB535),protein_coding,trtricprjeb535
TTRE9859,TTRE9859_t1,227,protein_coding,,Trichuris trichiura (PRJEB535),protein_coding,trtricprjeb535
TTRE6190,TTRE6190_t1,197,protein_coding,,Trichuris trichiura (PRJEB535),protein_coding,trtricprjeb535
TTRE9284,TTRE9284_t1,221,protein_coding,,Trichuris trichiura (PRJEB535),protein_coding,trtricprjeb535
TTRE4976,TTRE4976_t1,560,protein_coding,,Trichuris trichiura (PRJEB535),protein_coding,trtricprjeb535
TTRE8027,TTRE8027_t1,974,protein_coding,Lipocalin  [Source:UniProtKB/TrEMBL;Acc:A0A077ZL88],Trichuris trichiura (PRJEB535),protein_coding,trtricprjeb535
TTRE6906,TTRE6906_t1,356,protein_coding,,Trichuris trichiura (PRJEB535),protein_coding,trtricprjeb535
TTRE1509,TTRE1509_t1,240,protein_coding,,Trichuris trichiura (PRJEB535),protein_coding,trtricprjeb535
TTRE9791,TTRE9791_t1,177,protein_coding,,Trichuris trichiura (PRJEB535),protein_coding,trtricprjeb535
TTRE7021,TTRE7021_t1,870,protein_coding,,Trichuris trichiura (PRJEB535),protein_coding,trtricprjeb535
TTRE327,TTRE327_t1,224,protein_coding,,Trichuris trichiura (PRJEB535),protein_coding,trtricprjeb535
TTRE12085,TTRE12085_t1,425,protein_coding,Fibrous sheath-interacting protein 1  [Source:UniProtKB/TrEMBL;Acc:A0A077ZKX0],Trichuris trichiura (PRJEB535),protein_coding,trtricprjeb535
TTRE7131,TTRE7131_t1,818,protein_coding,,Trichuris trichiura (PRJEB535),protein_coding,trtricprjeb535
TTRE9487,TTRE9487_t1,194,protein_coding,,Trichuris trichiura (PRJEB535),protein_coding,trtricprjeb535
TTRE6292,TTRE6292_t1,221,protein_coding,Rpp14 family protein  [Source:UniProtKB/TrEMBL;Acc:A0A077ZKB8],Trichuris trichiura (PRJEB535),protein_coding,trtricprjeb535
TTRE11842,TTRE11842_t1,896,protein_coding,,Trichuris trichiura (PRJEB535),protein_coding,trtricprjeb535
TTRE8237,TTRE8237_t1,1058,protein_coding,,Trichuris trichiura (PRJEB535),protein_coding,trtricprjeb535
TTRE5169,TTRE5169_t1,563,protein_coding,,Trichuris trichiura (PRJEB535),protein_coding,trtricprjeb535
TTRE4250,TTRE4250_t1,885,protein_coding,,Trichuris trichiura (PRJEB535),protein_coding,trtricprjeb535
TTRE10459,TTRE10459_t1,266,protein_coding,,Trichuris trichiura (PRJEB535),protein_coding,trtricprjeb535
TTRE613,TTRE613_t1,276,protein_coding,,Trichuris trichiura (PRJEB535),protein_coding,trtricprjeb535
TTRE4812,TTRE4812_t1,677,protein_coding,Protein bicaudal D  [Source:UniProtKB/TrEMBL;Acc:A0A077Z593],Trichuris trichiura (PRJEB535),protein_coding,trtricprjeb535
TTRE11767,TTRE11767_t1,392,protein_coding,,Trichuris trichiura (PRJEB535),protein_coding,trtricprjeb535
TTRE3124,TTRE3124_t1,268,protein_coding,Mediator of RNA polymerase II transcription subunit 4  [Source:UniProtKB/TrEMBL;Acc:A0A077Z632],Trichuris trichiura (PRJEB535),protein_coding,trtricprjeb535
TTRE396,TTRE396_t1,455,protein_coding,RNA helicase  [Source:UniProtKB/TrEMBL;Acc:A0A077ZEN5],Trichuris trichiura (PRJEB535),protein_coding,trtricprjeb535
TTRE8586,TTRE8586_t1,193,protein_coding,Nsp1 C domain containing protein  [Source:UniProtKB/TrEMBL;Acc:A0A077YZ56],Trichuris trichiura (PRJEB535),protein_coding,trtricprjeb535
TTRE2411,TTRE2411_t1,184,protein_coding,,Trichuris trichiura (PRJEB535),protein_coding,trtricprjeb535
TTRE2205,TTRE2205_t1,245,protein_coding,Aha1 N and AHSA1 domain containing protein  [Source:UniProtKB/TrEMBL;Acc:A0A077Z253],Trichuris trichiura (PRJEB535),protein_coding,trtricprjeb535
TTRE4309,TTRE4309_t1,439,protein_coding,,Trichuris trichiura (PRJEB535),protein_coding,trtricprjeb535
TTRE9380,TTRE9380_t1,545,protein_coding,Protein Mpv17  [Source:UniProtKB/TrEMBL;Acc:A0A077Z5M5],Trichuris trichiura (PRJEB535),protein_coding,trtricprjeb535
TTRE3172,TTRE3172_t1,1122,protein_coding,,Trichuris trichiura (PRJEB535),protein_coding,trtricprjeb535
TTRE4854,TTRE4854_t1,800,protein_coding,,Trichuris trichiura (PRJEB535),protein_coding,trtricprjeb535
TTRE1536,TTRE1536_t1,368,protein_coding,Transcription elongation factor SPT4  [Source:UniProtKB/TrEMBL;Acc:A0A077ZH51],Trichuris trichiura (PRJEB535),protein_coding,trtricprjeb535
TTRE4215,TTRE4215_t1,111,protein_coding,Mitochondrial pyruvate carrier  [Source:UniProtKB/TrEMBL;Acc:A0A077ZEI2],Trichuris trichiura (PRJEB535),protein_coding,trtricprjeb535
TTRE2722,TTRE2722_t1,1082,protein_coding,,Trichuris trichiura (PRJEB535),protein_coding,trtricprjeb535
TTRE11868,TTRE11868_t1,494,protein_coding,,Trichuris trichiura (PRJEB535),protein_coding,trtricprjeb535
TTRE5955,TTRE5955_t1,201,protein_coding,,Trichuris trichiura (PRJEB535),protein_coding,trtricprjeb535
TTRE5179,TTRE5179_t1,197,protein_coding,,Trichuris trichiura (PRJEB535),protein_coding,trtricprjeb535
TTRE11306,TTRE11306_t1,721,protein_coding,Cysteine protease  [Source:UniProtKB/TrEMBL;Acc:A0A077Z811],Trichuris trichiura (PRJEB535),protein_coding,trtricprjeb535
TTRE5430,TTRE5430_t1,325,protein_coding,,Trichuris trichiura (PRJEB535),protein_coding,trtricprjeb535
TTRE9621,TTRE9621_t1,1007,protein_coding,,Trichuris trichiura (PRJEB535),protein_coding,trtricprjeb535
TTRE6910,TTRE6910_t1,891,protein_coding,,Trichuris trichiura (PRJEB535),protein_coding,trtricprjeb535
TTRE1257,TTRE1257_t1,296,protein_coding,,Trichuris trichiura (PRJEB535),protein_coding,trtricprjeb535
TTRE10048,TTRE10048_t1,333,protein_coding,Cysteine and tyrosine-rich protein 1  [Source:UniProtKB/TrEMBL;Acc:A0A077YYI8],Trichuris trichiura (PRJEB535),protein_coding,trtricprjeb535
TTRE1957,TTRE1957_t1,272,protein_coding,,Trichuris trichiura (PRJEB535),protein_coding,trtricprjeb535
TTRE7098,TTRE7098_t1,917,protein_coding,,Trichuris trichiura (PRJEB535),protein_coding,trtricprjeb535
TTRE8756,TTRE8756_t1,500,protein_coding,,Trichuris trichiura (PRJEB535),protein_coding,trtricprjeb535
TTRE7768,TTRE7768_t1,138,protein_coding,,Trichuris trichiura (PRJEB535),protein_coding,trtricprjeb535
TTRE7672,TTRE7672_t1,782,protein_coding,,Trichuris trichiura (PRJEB535),protein_coding,trtricprjeb535
TTRE11273,TTRE11273_t1,192,protein_coding,,Trichuris trichiura (PRJEB535),protein_coding,trtricprjeb535
TTRE12619,TTRE12619_t1,177,protein_coding,,Trichuris trichiura (PRJEB535),protein_coding,trtricprjeb535
TTRE541,TTRE541_t1,174,protein_coding,,Trichuris trichiura (PRJEB535),protein_coding,trtricprjeb535
TTRE7045,TTRE7045_t1,1247,protein_coding,,Trichuris trichiura (PRJEB535),protein_coding,trtricprjeb535
TTRE2353,TTRE2353_t1,287,protein_coding,Amino acid transporter  [Source:UniProtKB/TrEMBL;Acc:A0A077ZJL8],Trichuris trichiura (PRJEB535),protein_coding,trtricprjeb535
TTRE334,TTRE334_t1,1409,protein_coding,,Trichuris trichiura (PRJEB535),protein_coding,trtricprjeb535
TTRE10235,TTRE10235_t1,413,protein_coding,,Trichuris trichiura (PRJEB535),protein_coding,trtricprjeb535
TTRE6554,TTRE6554_t1,581,protein_coding,,Trichuris trichiura (PRJEB535),protein_coding,trtricprjeb535
TTRE9734,TTRE9734_t1,227,protein_coding,,Trichuris trichiura (PRJEB535),protein_coding,trtricprjeb535
TTRE647,TTRE647_t1,210,protein_coding,,Trichuris trichiura (PRJEB535),protein_coding,trtricprjeb535
TTRE10510,TTRE10510_t1,721,protein_coding,,Trichuris trichiura (PRJEB535),protein_coding,trtricprjeb535
TTRE12279,TTRE12279_t1,521,protein_coding,MENTAL domain-containing protein  [Source:UniProtKB/TrEMBL;Acc:A0A077YUJ8],Trichuris trichiura (PRJEB535),protein_coding,trtricprjeb535
TTRE7237,TTRE7237_t1,356,protein_coding,,Trichuris trichiura (PRJEB535),protein_coding,trtricprjeb535
TTRE9127,TTRE9127_t1,204,protein_coding,,Trichuris trichiura (PRJEB535),protein_coding,trtricprjeb535
TTRE1726,TTRE1726_t1,157,protein_coding,,Trichuris trichiura (PRJEB535),protein_coding,trtricprjeb535
TTRE10374,TTRE10374_t1,755,protein_coding,,Trichuris trichiura (PRJEB535),protein_coding,trtricprjeb535
TTRE5596,TTRE5596_t1,995,protein_coding,Flavin-containing monooxygenase  [Source:UniProtKB/TrEMBL;Acc:A0A077YYU9],Trichuris trichiura (PRJEB535),protein_coding,trtricprjeb535
TTRE3354,TTRE3354_t1,402,protein_coding,,Trichuris trichiura (PRJEB535),protein_coding,trtricprjeb535
TTRE7044,TTRE7044_t1,653,protein_coding,,Trichuris trichiura (PRJEB535),protein_coding,trtricprjeb535
TTRE9541,TTRE9541_t1,572,protein_coding,,Trichuris trichiura (PRJEB535),protein_coding,trtricprjeb535
TTRE8914,TTRE8914_t1,5186,protein_coding,Nucleolar pre ribosomal associated protein  [Source:UniProtKB/TrEMBL;Acc:A0A077Z3V7],Trichuris trichiura (PRJEB535),protein_coding,trtricprjeb535
TTRE9288,TTRE9288_t1,128,protein_coding,,Trichuris trichiura (PRJEB535),protein_coding,trtricprjeb535
TTRE607,TTRE607_t1,1059,protein_coding,,Trichuris trichiura (PRJEB535),protein_coding,trtricprjeb535
TTRE930,TTRE930_t1,1631,protein_coding,LBP  [Source:UniProtKB/TrEMBL;Acc:A0A077ZHA2],Trichuris trichiura (PRJEB535),protein_coding,trtricprjeb535
TTRE6953,TTRE6953_t1,410,protein_coding,,Trichuris trichiura (PRJEB535),protein_coding,trtricprjeb535
TTRE8139,TTRE8139_t1,1445,protein_coding,FLYWCH and MULE domain containing protein  [Source:UniProtKB/TrEMBL;Acc:A0A077ZFH3],Trichuris trichiura (PRJEB535),protein_coding,trtricprjeb535
TTRE9184,TTRE9184_t1,524,protein_coding,,Trichuris trichiura (PRJEB535),protein_coding,trtricprjeb535
TTRE9189,TTRE9189_t1,523,protein_coding,,Trichuris trichiura (PRJEB535),protein_coding,trtricprjeb535
TTRE12237,TTRE12237_t1,369,protein_coding,,Trichuris trichiura (PRJEB535),protein_coding,trtricprjeb535
TTRE2440,TTRE2440_t1,662,protein_coding,,Trichuris trichiura (PRJEB535),protein_coding,trtricprjeb535
TTRE2386,TTRE2386_t1,228,protein_coding,,Trichuris trichiura (PRJEB535),protein_coding,trtricprjeb535
TTRE14,TTRE14_t1,1370,protein_coding,Intramembrane protease 2  [Source:UniProtKB/TrEMBL;Acc:A0A077YWS6],Trichuris trichiura (PRJEB535),protein_coding,trtricprjeb535
TTRE4197,TTRE4197_t1,1013,protein_coding,,Trichuris trichiura (PRJEB535),protein_coding,trtricprjeb535
TTRE2042,TTRE2042_t1,884,protein_coding,Cuticle collagen 34 protein  [Source:UniProtKB/TrEMBL;Acc:A0A077Z3P9],Trichuris trichiura (PRJEB535),protein_coding,trtricprjeb535
TTRE11425,TTRE11425_t1,266,protein_coding,,Trichuris trichiura (PRJEB535),protein_coding,trtricprjeb535
TTRE4084,TTRE4084_t2,334,protein_coding,Periodic tryptophan protein 2  [Source:UniProtKB/TrEMBL;Acc:A0A077ZAB8],Trichuris trichiura (PRJEB535),protein_coding,trtricprjeb535
TTRE6433,TTRE6433_t1,217,protein_coding,Cytochrome c oxidase polypeptide VIb  [Source:UniProtKB/TrEMBL;Acc:A0A077Z344],Trichuris trichiura (PRJEB535),protein_coding,trtricprjeb535
TTRE842,TTRE842_t1,2726,protein_coding,SOSS complex subunit A homolog  [Source:UniProtKB/TrEMBL;Acc:A0A077Z7X4],Trichuris trichiura (PRJEB535),protein_coding,trtricprjeb535
TTRE9764,TTRE9764_t1,482,protein_coding,,Trichuris trichiura (PRJEB535),protein_coding,trtricprjeb535
TTRE1873,TTRE1873_t1,485,protein_coding,BAR domain containing protein  [Source:UniProtKB/TrEMBL;Acc:A0A077ZH88],Trichuris trichiura (PRJEB535),protein_coding,trtricprjeb535
TTRE6351,TTRE6351_t1,330,protein_coding,,Trichuris trichiura (PRJEB535),protein_coding,trtricprjeb535
TTRE10821,TTRE10821_t1,237,protein_coding,,Trichuris trichiura (PRJEB535),protein_coding,trtricprjeb535
TTRE12037,TTRE12037_t1,146,protein_coding,,Trichuris trichiura (PRJEB535),protein_coding,trtricprjeb535
TTRE6056,TTRE6056_t1,302,protein_coding,,Trichuris trichiura (PRJEB535),protein_coding,trtricprjeb535
TTRE7908,TTRE7908_t1,422,protein_coding,,Trichuris trichiura (PRJEB535),protein_coding,trtricprjeb535
TTRE12329,TTRE12329_t1,344,protein_coding,,Trichuris trichiura (PRJEB535),protein_coding,trtricprjeb535
TTRE7635,TTRE7635_t1,389,protein_coding,Transposase  [Source:UniProtKB/TrEMBL;Acc:A0A077ZHA9],Trichuris trichiura (PRJEB535),protein_coding,trtricprjeb535
TTRE11840,TTRE11840_t1,260,protein_coding,,Trichuris trichiura (PRJEB535),protein_coding,trtricprjeb535
TTRE8370,TTRE8370_t1,877,protein_coding,,Trichuris trichiura (PRJEB535),protein_coding,trtricprjeb535
TTRE1553,TTRE1553_t2,739,protein_coding,,Trichuris trichiura (PRJEB535),protein_coding,trtricprjeb535
TTRE9227,TTRE9227_t1,208,protein_coding,,Trichuris trichiura (PRJEB535),protein_coding,trtricprjeb535
TTRE7784,TTRE7784_t1,1793,protein_coding,,Trichuris trichiura (PRJEB535),protein_coding,trtricprjeb535
TTRE1740,TTRE1740_t1,294,protein_coding,,Trichuris trichiura (PRJEB535),protein_coding,trtricprjeb535
TTRE3417,TTRE3417_t1,200,protein_coding,,Trichuris trichiura (PRJEB535),protein_coding,trtricprjeb535
TTRE7730,TTRE7730_t1,314,protein_coding,,Trichuris trichiura (PRJEB535),protein_coding,trtricprjeb535
TTRE6501,TTRE6501_t1,279,protein_coding,,Trichuris trichiura (PRJEB535),protein_coding,trtricprjeb535
TTRE6464,TTRE6464_t1,746,protein_coding,,Trichuris trichiura (PRJEB535),protein_coding,trtricprjeb535
TTRE8944,TTRE8944_t1,329,protein_coding,Putative Zn(II)2Cys6 transcription factor (Eurofu ng)  [Source:UniProtKB/TrEMBL;Acc:A0A077YYQ6],Trichuris trichiura (PRJEB535),protein_coding,trtricprjeb535
TTRE7323,TTRE7323_t1,164,protein_coding,,Trichuris trichiura (PRJEB535),protein_coding,trtricprjeb535
TTRE6416,TTRE6416_t1,587,protein_coding,,Trichuris trichiura (PRJEB535),protein_coding,trtricprjeb535
TTRE5690,TTRE5690_t1,135,protein_coding,Ribosomal protein L37  [Source:UniProtKB/TrEMBL;Acc:A0A077ZIT2],Trichuris trichiura (PRJEB535),protein_coding,trtricprjeb535
TTRE9237,TTRE9237_t1,297,protein_coding,,Trichuris trichiura (PRJEB535),protein_coding,trtricprjeb535
TTRE11382,TTRE11382_t1,385,protein_coding,,Trichuris trichiura (PRJEB535),protein_coding,trtricprjeb535
TTRE11222,TTRE11222_t1,1111,protein_coding,,Trichuris trichiura (PRJEB535),protein_coding,trtricprjeb535
TTRE1827,TTRE1827_t1,1826,protein_coding,,Trichuris trichiura (PRJEB535),protein_coding,trtricprjeb535
TTRE2362,TTRE2362_t1,631,protein_coding,,Trichuris trichiura (PRJEB535),protein_coding,trtricprjeb535
TTRE12285,TTRE12285_t1,545,protein_coding,Similar to  [Source:UniProtKB/TrEMBL;Acc:A0A077YWF1],Trichuris trichiura (PRJEB535),protein_coding,trtricprjeb535
TTRE12235,TTRE12235_t1,326,protein_coding,,Trichuris trichiura (PRJEB535),protein_coding,trtricprjeb535
TTRE6666,TTRE6666_t1,264,protein_coding,,Trichuris trichiura (PRJEB535),protein_coding,trtricprjeb535
TTRE6528,TTRE6528_t1,525,protein_coding,Alpha-amylase  [Source:UniProtKB/TrEMBL;Acc:A0A077ZAH3],Trichuris trichiura (PRJEB535),protein_coding,trtricprjeb535
TTRE3720,TTRE3720_t1,218,protein_coding,Ras-related protein Rab-3  [Source:UniProtKB/TrEMBL;Acc:A0A077YZM2],Trichuris trichiura (PRJEB535),protein_coding,trtricprjeb535
TTRE12148,TTRE12148_t1,215,protein_coding,,Trichuris trichiura (PRJEB535),protein_coding,trtricprjeb535
TTRE4334,TTRE4334_t1,116,protein_coding,Mitochondrial import inner membrane translocase subunit  [Source:UniProtKB/TrEMBL;Acc:A0A077ZJM3],Trichuris trichiura (PRJEB535),protein_coding,trtricprjeb535
TTRE2650,TTRE2650_t1,1237,protein_coding,"Ecdysone induced protein 75B,s C:D  [Source:UniProtKB/TrEMBL;Acc:A0A077ZGY2]",Trichuris trichiura (PRJEB535),protein_coding,trtricprjeb535
TTRE8637,TTRE8637_t1,680,protein_coding,Innexin  [Source:UniProtKB/TrEMBL;Acc:A0A077Z3E1],Trichuris trichiura (PRJEB535),protein_coding,trtricprjeb535
TTRE10370,TTRE10370_t1,599,protein_coding,,Trichuris trichiura (PRJEB535),protein_coding,trtricprjeb535
TTRE166,TTRE166_t1,269,protein_coding,,Trichuris trichiura (PRJEB535),protein_coding,trtricprjeb535
TTRE6287,TTRE6287_t1,171,protein_coding,,Trichuris trichiura (PRJEB535),protein_coding,trtricprjeb535
TTRE330,TTRE330_t1,609,protein_coding,,Trichuris trichiura (PRJEB535),protein_coding,trtricprjeb535
TTRE6031,TTRE6031_t1,167,protein_coding,,Trichuris trichiura (PRJEB535),protein_coding,trtricprjeb535
TTRE7613,TTRE7613_t1,2744,protein_coding,Xpo1 domain containing protein  [Source:UniProtKB/TrEMBL;Acc:A0A077ZFA4],Trichuris trichiura (PRJEB535),protein_coding,trtricprjeb535
TTRE3345,TTRE3345_t1,314,protein_coding,,Trichuris trichiura (PRJEB535),protein_coding,trtricprjeb535
TTRE1712,TTRE1712_t1,242,protein_coding,,Trichuris trichiura (PRJEB535),protein_coding,trtricprjeb535
TTRE773,TTRE773_t2,202,protein_coding,,Trichuris trichiura (PRJEB535),protein_coding,trtricprjeb535
TTRE735,TTRE735_t1,2303,protein_coding,6-phosphofructokinase  [Source:UniProtKB/TrEMBL;Acc:A0A077Z464],Trichuris trichiura (PRJEB535),protein_coding,trtricprjeb535
TTRE4822,TTRE4822_t1,873,protein_coding,Rho GTPase activating protein 44  [Source:UniProtKB/TrEMBL;Acc:A0A077YWS1],Trichuris trichiura (PRJEB535),protein_coding,trtricprjeb535
TTRE10813,TTRE10813_t1,1043,protein_coding,,Trichuris trichiura (PRJEB535),protein_coding,trtricprjeb535
TTRE8424,TTRE8424_t1,720,protein_coding,,Trichuris trichiura (PRJEB535),protein_coding,trtricprjeb535
TTRE7668,TTRE7668_t1,4160,protein_coding,,Trichuris trichiura (PRJEB535),protein_coding,trtricprjeb535
TTRE9653,TTRE9653_t1,359,protein_coding,,Trichuris trichiura (PRJEB535),protein_coding,trtricprjeb535
TTRE9748,TTRE9748_t1,308,protein_coding,,Trichuris trichiura (PRJEB535),protein_coding,trtricprjeb535
TTRE8152,TTRE8152_t1,284,protein_coding,,Trichuris trichiura (PRJEB535),protein_coding,trtricprjeb535
TTRE1446,TTRE1446_t1,390,protein_coding,,Trichuris trichiura (PRJEB535),protein_coding,trtricprjeb535
TTRE7247,TTRE7247_t1,317,protein_coding,,Trichuris trichiura (PRJEB535),protein_coding,trtricprjeb535
TTRE9542,TTRE9542_t1,837,protein_coding,,Trichuris trichiura (PRJEB535),protein_coding,trtricprjeb535
TTRE8626,TTRE8626_t1,239,protein_coding,,Trichuris trichiura (PRJEB535),protein_coding,trtricprjeb535
TTRE6574,TTRE6574_t1,236,protein_coding,Spindle-pole body protein (Pcp1)  [Source:UniProtKB/TrEMBL;Acc:A0A077Z7F9],Trichuris trichiura (PRJEB535),protein_coding,trtricprjeb535
TTRE2843,TTRE2843_t1,758,protein_coding,EGF domain containing protein  [Source:UniProtKB/TrEMBL;Acc:A0A077ZKM8],Trichuris trichiura (PRJEB535),protein_coding,trtricprjeb535
TTRE5468,TTRE5468_t1,201,protein_coding,PAP2 superfamily protein  [Source:UniProtKB/TrEMBL;Acc:A0A077ZEA0],Trichuris trichiura (PRJEB535),protein_coding,trtricprjeb535
TTRE9218,TTRE9218_t1,426,protein_coding,Sphere organelles protein SPH-1  [Source:UniProtKB/TrEMBL;Acc:A0A077YWE8],Trichuris trichiura (PRJEB535),protein_coding,trtricprjeb535
TTRE7707,TTRE7707_t1,811,protein_coding,,Trichuris trichiura (PRJEB535),protein_coding,trtricprjeb535
TTRE9436,TTRE9436_t1,509,protein_coding,"Adrenodoxin protein, mitochondrial like  [Source:UniProtKB/TrEMBL;Acc:A0A077ZGB2]",Trichuris trichiura (PRJEB535),protein_coding,trtricprjeb535
TTRE6769,TTRE6769_t1,175,protein_coding,,Trichuris trichiura (PRJEB535),protein_coding,trtricprjeb535
TTRE2301,TTRE2301_t1,230,protein_coding,MAM domain containing protein  [Source:UniProtKB/TrEMBL;Acc:A0A077Z0S3],Trichuris trichiura (PRJEB535),protein_coding,trtricprjeb535
TTRE5924,TTRE5924_t1,209,protein_coding,,Trichuris trichiura (PRJEB535),protein_coding,trtricprjeb535
TTRE10557,TTRE10557_t1,4926,protein_coding,,Trichuris trichiura (PRJEB535),protein_coding,trtricprjeb535
TTRE11825,TTRE11825_t1,265,protein_coding,,Trichuris trichiura (PRJEB535),protein_coding,trtricprjeb535
TTRE5377,TTRE5377_t1,962,protein_coding,,Trichuris trichiura (PRJEB535),protein_coding,trtricprjeb535
TTRE6689,TTRE6689_t1,389,protein_coding,,Trichuris trichiura (PRJEB535),protein_coding,trtricprjeb535
TTRE7667,TTRE7667_t1,144,protein_coding,,Trichuris trichiura (PRJEB535),protein_coding,trtricprjeb535
TTRE11753,TTRE11753_t1,1034,protein_coding,,Trichuris trichiura (PRJEB535),protein_coding,trtricprjeb535
TTRE12176,TTRE12176_t1,187,protein_coding,,Trichuris trichiura (PRJEB535),protein_coding,trtricprjeb535
TTRE370,TTRE370_t1,500,protein_coding,Paramyosin  [Source:UniProtKB/TrEMBL;Acc:A0A077Z8E1],Trichuris trichiura (PRJEB535),protein_coding,trtricprjeb535
TTRE11499,TTRE11499_t1,374,protein_coding,,Trichuris trichiura (PRJEB535),protein_coding,trtricprjeb535
TTRE8425,TTRE8425_t1,747,protein_coding,,Trichuris trichiura (PRJEB535),protein_coding,trtricprjeb535
TTRE6480,TTRE6480_t1,570,protein_coding,,Trichuris trichiura (PRJEB535),protein_coding,trtricprjeb535
TTRE7084,TTRE7084_t1,1223,protein_coding,,Trichuris trichiura (PRJEB535),protein_coding,trtricprjeb535
TTRE10909,TTRE10909_t1,917,protein_coding,,Trichuris trichiura (PRJEB535),protein_coding,trtricprjeb535
TTRE3317,TTRE3317_t1,200,protein_coding,,Trichuris trichiura (PRJEB535),protein_coding,trtricprjeb535
TTRE10644,TTRE10644_t1,141,protein_coding,,Trichuris trichiura (PRJEB535),protein_coding,trtricprjeb535
TTRE9714,TTRE9714_t1,178,protein_coding,,Trichuris trichiura (PRJEB535),protein_coding,trtricprjeb535
TTRE3228,TTRE3228_t1,251,protein_coding,,Trichuris trichiura (PRJEB535),protein_coding,trtricprjeb535
TTRE3455,TTRE3455_t1,479,protein_coding,Ribosomal protein L15  [Source:UniProtKB/TrEMBL;Acc:A0A077YZY9],Trichuris trichiura (PRJEB535),protein_coding,trtricprjeb535
TTRE1724,TTRE1724_t1,451,protein_coding,,Trichuris trichiura (PRJEB535),protein_coding,trtricprjeb535
TTRE5695,TTRE5695_t1,253,protein_coding,Nicastrin  [Source:UniProtKB/TrEMBL;Acc:A0A077YVT0],Trichuris trichiura (PRJEB535),protein_coding,trtricprjeb535
TTRE8451,TTRE8451_t1,211,protein_coding,,Trichuris trichiura (PRJEB535),protein_coding,trtricprjeb535
TTRE3310,TTRE3310_t1,180,protein_coding,,Trichuris trichiura (PRJEB535),protein_coding,trtricprjeb535
TTRE3682,TTRE3682_t1,313,protein_coding,,Trichuris trichiura (PRJEB535),protein_coding,trtricprjeb535
TTRE12198,TTRE12198_t1,813,protein_coding,,Trichuris trichiura (PRJEB535),protein_coding,trtricprjeb535
TTRE11973,TTRE11973_t1,326,protein_coding,,Trichuris trichiura (PRJEB535),protein_coding,trtricprjeb535
TTRE2842,TTRE2842_t1,227,protein_coding,,Trichuris trichiura (PRJEB535),protein_coding,trtricprjeb535
TTRE6405,TTRE6405_t1,1124,protein_coding,,Trichuris trichiura (PRJEB535),protein_coding,trtricprjeb535
TTRE11809,TTRE11809_t1,294,protein_coding,,Trichuris trichiura (PRJEB535),protein_coding,trtricprjeb535
TTRE6347,TTRE6347_t1,568,protein_coding,3Beta HSD domain containing protein  [Source:UniProtKB/TrEMBL;Acc:A0A077ZM40],Trichuris trichiura (PRJEB535),protein_coding,trtricprjeb535
TTRE6790,TTRE6790_t1,2618,protein_coding,,Trichuris trichiura (PRJEB535),protein_coding,trtricprjeb535
TTRE828,TTRE828_t1,173,protein_coding,,Trichuris trichiura (PRJEB535),protein_coding,trtricprjeb535
TTRE1756,TTRE1756_t1,1333,protein_coding,Otud7a protein  [Source:UniProtKB/TrEMBL;Acc:A0A077Z1H6],Trichuris trichiura (PRJEB535),protein_coding,trtricprjeb535
TTRE5717,TTRE5717_t1,343,protein_coding,Integrin linked protein kinase  [Source:UniProtKB/TrEMBL;Acc:A0A077Z4S3],Trichuris trichiura (PRJEB535),protein_coding,trtricprjeb535
TTRE1556,TTRE1556_t1,296,protein_coding,NADH dehydrogenase [ubiquinone] 1 beta subcomplex subunit 4  [Source:UniProtKB/TrEMBL;Acc:A0A077YX63],Trichuris trichiura (PRJEB535),protein_coding,trtricprjeb535
TTRE8042,TTRE8042_t1,259,protein_coding,Utp12 and WD40 domain containing protein  [Source:UniProtKB/TrEMBL;Acc:A0A077Z317],Trichuris trichiura (PRJEB535),protein_coding,trtricprjeb535
TTRE539,TTRE539_t1,363,protein_coding,,Trichuris trichiura (PRJEB535),protein_coding,trtricprjeb535
TTRE7395,TTRE7395_t1,291,protein_coding,,Trichuris trichiura (PRJEB535),protein_coding,trtricprjeb535
TTRE12385,TTRE12385_t1,328,protein_coding,,Trichuris trichiura (PRJEB535),protein_coding,trtricprjeb535
TTRE5005,TTRE5005_t1,1115,protein_coding,,Trichuris trichiura (PRJEB535),protein_coding,trtricprjeb535
TTRE4019,TTRE4019_t1,425,protein_coding,,Trichuris trichiura (PRJEB535),protein_coding,trtricprjeb535
TTRE12127,TTRE12127_t1,277,protein_coding,,Trichuris trichiura (PRJEB535),protein_coding,trtricprjeb535
TTRE9632,TTRE9632_t1,266,protein_coding,,Trichuris trichiura (PRJEB535),protein_coding,trtricprjeb535
TTRE956,TTRE956_t1,204,protein_coding,,Trichuris trichiura (PRJEB535),protein_coding,trtricprjeb535
TTRE645,TTRE645_t1,485,protein_coding,Timeless protein  [Source:UniProtKB/TrEMBL;Acc:A0A077ZD48],Trichuris trichiura (PRJEB535),protein_coding,trtricprjeb535
TTRE9077,TTRE9077_t1,109,protein_coding,,Trichuris trichiura (PRJEB535),protein_coding,trtricprjeb535
TTRE473,TTRE473_t1,197,protein_coding,,Trichuris trichiura (PRJEB535),protein_coding,trtricprjeb535
TTRE9087,TTRE9087_t1,205,protein_coding,Ribosomal S17 domain containing protein  [Source:UniProtKB/TrEMBL;Acc:A0A077Z535],Trichuris trichiura (PRJEB535),protein_coding,trtricprjeb535
TTRE5486,TTRE5486_t1,2324,protein_coding,,Trichuris trichiura (PRJEB535),protein_coding,trtricprjeb535
TTRE3603,TTRE3603_t1,294,protein_coding,Activating signal cointegrator 1  [Source:UniProtKB/TrEMBL;Acc:A0A077ZMD7],Trichuris trichiura (PRJEB535),protein_coding,trtricprjeb535
TTRE12492,TTRE12492_t1,410,protein_coding,,Trichuris trichiura (PRJEB535),protein_coding,trtricprjeb535
TTRE4475,TTRE4475_t1,315,protein_coding,,Trichuris trichiura (PRJEB535),protein_coding,trtricprjeb535
TTRE7776,TTRE7776_t1,373,protein_coding,,Trichuris trichiura (PRJEB535),protein_coding,trtricprjeb535
TTRE7951,TTRE7951_t1,494,protein_coding,,Trichuris trichiura (PRJEB535),protein_coding,trtricprjeb535
TTRE10534,TTRE10534_t1,653,protein_coding,,Trichuris trichiura (PRJEB535),protein_coding,trtricprjeb535
TTRE10229,TTRE10229_t1,524,protein_coding,,Trichuris trichiura (PRJEB535),protein_coding,trtricprjeb535
TTRE11458,TTRE11458_t1,676,protein_coding,,Trichuris trichiura (PRJEB535),protein_coding,trtricprjeb535
TTRE6143,TTRE6143_t1,309,protein_coding,,Trichuris trichiura (PRJEB535),protein_coding,trtricprjeb535
TTRE1162,TTRE1162_t1,254,protein_coding,Protein MEMO1  [Source:UniProtKB/TrEMBL;Acc:A0A077Z2R7],Trichuris trichiura (PRJEB535),protein_coding,trtricprjeb535
TTRE216,TTRE216_t1,1277,protein_coding,,Trichuris trichiura (PRJEB535),protein_coding,trtricprjeb535
TTRE2967,TTRE2967_t1,204,protein_coding,,Trichuris trichiura (PRJEB535),protein_coding,trtricprjeb535
TTRE4006,TTRE4006_t1,197,protein_coding,,Trichuris trichiura (PRJEB535),protein_coding,trtricprjeb535
TTRE11918,TTRE11918_t1,248,protein_coding,,Trichuris trichiura (PRJEB535),protein_coding,trtricprjeb535
TTRE10411,TTRE10411_t1,2579,protein_coding,,Trichuris trichiura (PRJEB535),protein_coding,trtricprjeb535
TTRE9326,TTRE9326_t1,434,protein_coding,Ion trans and BTB 2 domain containing protein  [Source:UniProtKB/TrEMBL;Acc:A0A077Z7Y8],Trichuris trichiura (PRJEB535),protein_coding,trtricprjeb535
TTRE9080,TTRE9080_t1,277,protein_coding,Coatomer subunit epsilon  [Source:UniProtKB/TrEMBL;Acc:A0A077ZBE0],Trichuris trichiura (PRJEB535),protein_coding,trtricprjeb535
TTRE226,TTRE226_t1,309,protein_coding,,Trichuris trichiura (PRJEB535),protein_coding,trtricprjeb535
TTRE4393,TTRE4393_t1,403,protein_coding,Leucine rich repeat receptor-like protein kinase  [Source:UniProtKB/TrEMBL;Acc:A0A077YYF5],Trichuris trichiura (PRJEB535),protein_coding,trtricprjeb535
TTRE10444,TTRE10444_t1,202,protein_coding,,Trichuris trichiura (PRJEB535),protein_coding,trtricprjeb535
TTRE3332,TTRE3332_t1,177,protein_coding,,Trichuris trichiura (PRJEB535),protein_coding,trtricprjeb535
TTRE11019,TTRE11019_t1,769,protein_coding,,Trichuris trichiura (PRJEB535),protein_coding,trtricprjeb535
TTRE11742,TTRE11742_t1,284,protein_coding,,Trichuris trichiura (PRJEB535),protein_coding,trtricprjeb535
TTRE365,TTRE365_t1,1049,protein_coding,DUF3421 domain containing protein  [Source:UniProtKB/TrEMBL;Acc:A0A077ZKW7],Trichuris trichiura (PRJEB535),protein_coding,trtricprjeb535
TTRE1519,TTRE1519_t1,218,protein_coding,DCP1 domain containing protein  [Source:UniProtKB/TrEMBL;Acc:A0A077YVD3],Trichuris trichiura (PRJEB535),protein_coding,trtricprjeb535
TTRE1558,TTRE1558_t2,109,protein_coding,DUF866 domain containing protein  [Source:UniProtKB/TrEMBL;Acc:A0A077YVQ0],Trichuris trichiura (PRJEB535),protein_coding,trtricprjeb535
TTRE5813,TTRE5813_t1,618,protein_coding,,Trichuris trichiura (PRJEB535),protein_coding,trtricprjeb535
TTRE11907,TTRE11907_t1,650,protein_coding,,Trichuris trichiura (PRJEB535),protein_coding,trtricprjeb535
TTRE11354,TTRE11354_t1,544,protein_coding,,Trichuris trichiura (PRJEB535),protein_coding,trtricprjeb535
TTRE6305,TTRE6305_t1,473,protein_coding,,Trichuris trichiura (PRJEB535),protein_coding,trtricprjeb535
TTRE11682,TTRE11682_t1,350,protein_coding,,Trichuris trichiura (PRJEB535),protein_coding,trtricprjeb535
TTRE11779,TTRE11779_t1,329,protein_coding,,Trichuris trichiura (PRJEB535),protein_coding,trtricprjeb535
TTRE8272,TTRE8272_t1,638,protein_coding,,Trichuris trichiura (PRJEB535),protein_coding,trtricprjeb535
TTRE11705,TTRE11705_t1,302,protein_coding,,Trichuris trichiura (PRJEB535),protein_coding,trtricprjeb535
TTRE6198,TTRE6198_t1,379,protein_coding,,Trichuris trichiura (PRJEB535),protein_coding,trtricprjeb535
TTRE668,TTRE668_t1,395,protein_coding,,Trichuris trichiura (PRJEB535),protein_coding,trtricprjeb535
TTRE5801,TTRE5801_t1,240,protein_coding,,Trichuris trichiura (PRJEB535),protein_coding,trtricprjeb535
TTRE4249,TTRE4249_t1,191,protein_coding,,Trichuris trichiura (PRJEB535),protein_coding,trtricprjeb535
TTRE6677,TTRE6677_t1,184,protein_coding,,Trichuris trichiura (PRJEB535),protein_coding,trtricprjeb535
TTRE10650,TTRE10650_t1,1532,protein_coding,,Trichuris trichiura (PRJEB535),protein_coding,trtricprjeb535
TTRE4009,TTRE4009_t1,1335,protein_coding,,Trichuris trichiura (PRJEB535),protein_coding,trtricprjeb535
TTRE10955,TTRE10955_t1,1042,protein_coding,,Trichuris trichiura (PRJEB535),protein_coding,trtricprjeb535
TTRE2890,TTRE2890_t1,980,protein_coding,Serine/threonine-protein phosphatase  [Source:UniProtKB/TrEMBL;Acc:A0A077ZFC8],Trichuris trichiura (PRJEB535),protein_coding,trtricprjeb535
TTRE2707,TTRE2707_t1,958,protein_coding,,Trichuris trichiura (PRJEB535),protein_coding,trtricprjeb535
TTRE10055,TTRE10055_t1,438,protein_coding,,Trichuris trichiura (PRJEB535),protein_coding,trtricprjeb535
TTRE7301,TTRE7301_t1,571,protein_coding,,Trichuris trichiura (PRJEB535),protein_coding,trtricprjeb535
TTRE3132,TTRE3132_t1,325,protein_coding,L51 S25 CI-B8 domain containing protein  [Source:UniProtKB/TrEMBL;Acc:A0A077YUL5],Trichuris trichiura (PRJEB535),protein_coding,trtricprjeb535
TTRE2976,TTRE2976_t1,665,protein_coding,Charged multivesicular body protein 3  [Source:UniProtKB/TrEMBL;Acc:A0A077Z992],Trichuris trichiura (PRJEB535),protein_coding,trtricprjeb535
TTRE6066,TTRE6066_t1,146,protein_coding,,Trichuris trichiura (PRJEB535),protein_coding,trtricprjeb535
TTRE1379,TTRE1379_t1,929,protein_coding,,Trichuris trichiura (PRJEB535),protein_coding,trtricprjeb535
TTRE12360,TTRE12360_t1,1395,protein_coding,KH_dom_type_1 domain-containing protein  [Source:UniProtKB/TrEMBL;Acc:A0A077ZLH9],Trichuris trichiura (PRJEB535),protein_coding,trtricprjeb535
TTRE7103,TTRE7103_t1,3473,protein_coding,,Trichuris trichiura (PRJEB535),protein_coding,trtricprjeb535
TTRE4067,TTRE4067_t1,945,protein_coding,,Trichuris trichiura (PRJEB535),protein_coding,trtricprjeb535
TTRE9832,TTRE9832_t1,537,protein_coding,,Trichuris trichiura (PRJEB535),protein_coding,trtricprjeb535
TTRE8787,TTRE8787_t1,225,protein_coding,,Trichuris trichiura (PRJEB535),protein_coding,trtricprjeb535
TTRE4127,TTRE4127_t1,878,protein_coding,Dual specificity phosphatase  [Source:UniProtKB/TrEMBL;Acc:A0A077Z4L6],Trichuris trichiura (PRJEB535),protein_coding,trtricprjeb535
TTRE6168,TTRE6168_t1,365,protein_coding,HIG 1 N domain containing protein  [Source:UniProtKB/TrEMBL;Acc:A0A077Z2H4],Trichuris trichiura (PRJEB535),protein_coding,trtricprjeb535
TTRE4139,TTRE4139_t1,127,protein_coding,ECH domain containing protein  [Source:UniProtKB/TrEMBL;Acc:A0A077Z1N9],Trichuris trichiura (PRJEB535),protein_coding,trtricprjeb535
TTRE7221,TTRE7221_t1,782,protein_coding,,Trichuris trichiura (PRJEB535),protein_coding,trtricprjeb535
TTRE11525,TTRE11525_t1,175,protein_coding,,Trichuris trichiura (PRJEB535),protein_coding,trtricprjeb535
TTRE3112,TTRE3112_t1,889,protein_coding,,Trichuris trichiura (PRJEB535),protein_coding,trtricprjeb535
TTRE2384,TTRE2384_t1,428,protein_coding,Zf-CpG bind C domain containing protein  [Source:UniProtKB/TrEMBL;Acc:A0A077ZJ56],Trichuris trichiura (PRJEB535),protein_coding,trtricprjeb535
TTRE4011,TTRE4011_t1,301,protein_coding,,Trichuris trichiura (PRJEB535),protein_coding,trtricprjeb535
TTRE12428,TTRE12428_t1,731,protein_coding,,Trichuris trichiura (PRJEB535),protein_coding,trtricprjeb535
TTRE31,TTRE31_t1,239,protein_coding,,Trichuris trichiura (PRJEB535),protein_coding,trtricprjeb535
TTRE9378,TTRE9378_t1,584,protein_coding,,Trichuris trichiura (PRJEB535),protein_coding,trtricprjeb535
TTRE214,TTRE214_t1,195,protein_coding,,Trichuris trichiura (PRJEB535),protein_coding,trtricprjeb535
TTRE4237,TTRE4237_t1,258,protein_coding,2-hydroxyacyl-CoA lyase 2  [Source:UniProtKB/TrEMBL;Acc:A0A077Z4N7],Trichuris trichiura (PRJEB535),protein_coding,trtricprjeb535
TTRE6593,TTRE6593_t1,434,protein_coding,,Trichuris trichiura (PRJEB535),protein_coding,trtricprjeb535
TTRE6141,TTRE6141_t1,1505,protein_coding,,Trichuris trichiura (PRJEB535),protein_coding,trtricprjeb535
TTRE1621,TTRE1621_t1,168,protein_coding,Cysteine-rich PDZ-binding protein  [Source:UniProtKB/TrEMBL;Acc:A0A077YYJ3],Trichuris trichiura (PRJEB535),protein_coding,trtricprjeb535
TTRE8699,TTRE8699_t1,212,protein_coding,,Trichuris trichiura (PRJEB535),protein_coding,trtricprjeb535
TTRE12495,TTRE12495_t1,248,protein_coding,,Trichuris trichiura (PRJEB535),protein_coding,trtricprjeb535
TTRE9854,TTRE9854_t1,294,protein_coding,,Trichuris trichiura (PRJEB535),protein_coding,trtricprjeb535
TTRE8134,TTRE8134_t1,272,protein_coding,,Trichuris trichiura (PRJEB535),protein_coding,trtricprjeb535
TTRE943,TTRE943_t1,761,protein_coding,,Trichuris trichiura (PRJEB535),protein_coding,trtricprjeb535
TTRE5268,TTRE5268_t1,333,protein_coding,,Trichuris trichiura (PRJEB535),protein_coding,trtricprjeb535
TTRE906,TTRE906_t1,1215,protein_coding,,Trichuris trichiura (PRJEB535),protein_coding,trtricprjeb535
TTRE12121,TTRE12121_t1,270,protein_coding,,Trichuris trichiura (PRJEB535),protein_coding,trtricprjeb535
TTRE9013,TTRE9013_t1,221,protein_coding,,Trichuris trichiura (PRJEB535),protein_coding,trtricprjeb535
TTRE2373,TTRE2373_t1,320,protein_coding,,Trichuris trichiura (PRJEB535),protein_coding,trtricprjeb535
TTRE1238,TTRE1238_t1,274,protein_coding,,Trichuris trichiura (PRJEB535),protein_coding,trtricprjeb535
TTRE12048,TTRE12048_t1,575,protein_coding,,Trichuris trichiura (PRJEB535),protein_coding,trtricprjeb535
TTRE5833,TTRE5833_t1,191,protein_coding,,Trichuris trichiura (PRJEB535),protein_coding,trtricprjeb535
TTRE7928,TTRE7928_t1,586,protein_coding,Collagen protein  [Source:UniProtKB/TrEMBL;Acc:A0A077Z6T3],Trichuris trichiura (PRJEB535),protein_coding,trtricprjeb535
TTRE11623,TTRE11623_t1,212,protein_coding,,Trichuris trichiura (PRJEB535),protein_coding,trtricprjeb535
TTRE2637,TTRE2637_t1,1634,protein_coding,Lateral signaling target protein 2  [Source:UniProtKB/TrEMBL;Acc:A0A077ZGR1],Trichuris trichiura (PRJEB535),protein_coding,trtricprjeb535
TTRE8643,TTRE8643_t1,818,protein_coding,,Trichuris trichiura (PRJEB535),protein_coding,trtricprjeb535
TTRE4030,TTRE4030_t1,596,protein_coding,Peroxiredoxin-2  [Source:UniProtKB/TrEMBL;Acc:A0A077ZNK7],Trichuris trichiura (PRJEB535),protein_coding,trtricprjeb535
TTRE1429,TTRE1429_t1,296,protein_coding,Cystatin domain containing protein  [Source:UniProtKB/TrEMBL;Acc:A0A077Z0W3],Trichuris trichiura (PRJEB535),protein_coding,trtricprjeb535
TTRE764,TTRE764_t1,1598,protein_coding,Beta-hexosaminidase  [Source:UniProtKB/TrEMBL;Acc:A0A077Z5B1],Trichuris trichiura (PRJEB535),protein_coding,trtricprjeb535
TTRE5494,TTRE5494_t1,726,protein_coding,,Trichuris trichiura (PRJEB535),protein_coding,trtricprjeb535
TTRE7967,TTRE7967_t1,1793,protein_coding,,Trichuris trichiura (PRJEB535),protein_coding,trtricprjeb535
TTRE11158,TTRE11158_t1,744,protein_coding,,Trichuris trichiura (PRJEB535),protein_coding,trtricprjeb535
TTRE11474,TTRE11474_t1,314,protein_coding,,Trichuris trichiura (PRJEB535),protein_coding,trtricprjeb535
TTRE11795,TTRE11795_t1,252,protein_coding,,Trichuris trichiura (PRJEB535),protein_coding,trtricprjeb535
TTRE5039,TTRE5039_t1,392,protein_coding,,Trichuris trichiura (PRJEB535),protein_coding,trtricprjeb535
TTRE8519,TTRE8519_t1,242,protein_coding,,Trichuris trichiura (PRJEB535),protein_coding,trtricprjeb535
TTRE11292,TTRE11292_t1,162,protein_coding,Ras protein Rab 5C  [Source:UniProtKB/TrEMBL;Acc:A0A077YUU2],Trichuris trichiura (PRJEB535),protein_coding,trtricprjeb535
TTRE9182,TTRE9182_t1,415,protein_coding,,Trichuris trichiura (PRJEB535),protein_coding,trtricprjeb535
TTRE10037,TTRE10037_t1,200,protein_coding,Coronin  [Source:UniProtKB/TrEMBL;Acc:A0A077ZFS4],Trichuris trichiura (PRJEB535),protein_coding,trtricprjeb535
TTRE2422,TTRE2422_t1,535,protein_coding,,Trichuris trichiura (PRJEB535),protein_coding,trtricprjeb535
TTRE9273,TTRE9273_t1,599,protein_coding,,Trichuris trichiura (PRJEB535),protein_coding,trtricprjeb535
TTRE4419,TTRE4419_t1,301,protein_coding,Eukaryotic peptide chain release factor  [Source:UniProtKB/TrEMBL;Acc:A0A077ZHW7],Trichuris trichiura (PRJEB535),protein_coding,trtricprjeb535
TTRE7591,TTRE7591_t1,135,protein_coding,,Trichuris trichiura (PRJEB535),protein_coding,trtricprjeb535
TTRE4929,TTRE4929_t1,1781,protein_coding,Caseinolytic peptidase B protein  [Source:UniProtKB/TrEMBL;Acc:A0A077ZHW8],Trichuris trichiura (PRJEB535),protein_coding,trtricprjeb535
TTRE11498,TTRE11498_t1,1484,protein_coding,,Trichuris trichiura (PRJEB535),protein_coding,trtricprjeb535
TTRE12608,TTRE12608_t1,946,protein_coding,,Trichuris trichiura (PRJEB535),protein_coding,trtricprjeb535
TTRE696,TTRE696_t1,513,protein_coding,,Trichuris trichiura (PRJEB535),protein_coding,trtricprjeb535
TTRE8719,TTRE8719_t1,203,protein_coding,Abf2p  [Source:UniProtKB/TrEMBL;Acc:A0A077ZD51],Trichuris trichiura (PRJEB535),protein_coding,trtricprjeb535
TTRE6628,TTRE6628_t1,165,protein_coding,RPB6 homolog  [Source:UniProtKB/TrEMBL;Acc:A0A077ZLY5],Trichuris trichiura (PRJEB535),protein_coding,trtricprjeb535
TTRE9913,TTRE9913_t1,380,protein_coding,Transcription initiation factor IIA subunit 2  [Source:UniProtKB/TrEMBL;Acc:A0A077YZ55],Trichuris trichiura (PRJEB535),protein_coding,trtricprjeb535
TTRE6445,TTRE6445_t1,246,protein_coding,,Trichuris trichiura (PRJEB535),protein_coding,trtricprjeb535
TTRE4001,TTRE4001_t1,916,protein_coding,,Trichuris trichiura (PRJEB535),protein_coding,trtricprjeb535
TTRE1718,TTRE1718_t1,194,protein_coding,Protein rogdi protein  [Source:UniProtKB/TrEMBL;Acc:A0A077Z2X4],Trichuris trichiura (PRJEB535),protein_coding,trtricprjeb535
TTRE8144,TTRE8144_t1,289,protein_coding,,Trichuris trichiura (PRJEB535),protein_coding,trtricprjeb535
TTRE11916,TTRE11916_t1,308,protein_coding,,Trichuris trichiura (PRJEB535),protein_coding,trtricprjeb535
TTRE2464,TTRE2464_t1,157,protein_coding,Y phosphatase domain containing protein  [Source:UniProtKB/TrEMBL;Acc:A0A077ZG23],Trichuris trichiura (PRJEB535),protein_coding,trtricprjeb535
TTRE8470,TTRE8470_t1,455,protein_coding,,Trichuris trichiura (PRJEB535),protein_coding,trtricprjeb535
TTRE8522,TTRE8522_t1,1128,protein_coding,,Trichuris trichiura (PRJEB535),protein_coding,trtricprjeb535
TTRE7061,TTRE7061_t1,761,protein_coding,,Trichuris trichiura (PRJEB535),protein_coding,trtricprjeb535
TTRE10911,TTRE10911_t1,5162,protein_coding,,Trichuris trichiura (PRJEB535),protein_coding,trtricprjeb535
TTRE6407,TTRE6407_t1,298,protein_coding,,Trichuris trichiura (PRJEB535),protein_coding,trtricprjeb535
TTRE1656,TTRE1656_t1,187,protein_coding,RING-type E3 ubiquitin transferase  [Source:UniProtKB/TrEMBL;Acc:A0A077ZKR6],Trichuris trichiura (PRJEB535),protein_coding,trtricprjeb535
TTRE1814,TTRE1814_t1,274,protein_coding,Transcription factor Ash2  [Source:UniProtKB/TrEMBL;Acc:A0A077ZJ65],Trichuris trichiura (PRJEB535),protein_coding,trtricprjeb535
TTRE3082,TTRE3082_t1,145,protein_coding,60S ribosomal protein L30  [Source:UniProtKB/TrEMBL;Acc:A0A077YY12],Trichuris trichiura (PRJEB535),protein_coding,trtricprjeb535
TTRE3351,TTRE3351_t1,410,protein_coding,,Trichuris trichiura (PRJEB535),protein_coding,trtricprjeb535
TTRE5878,TTRE5878_t1,372,protein_coding,Cuticle collagen 6 (Protein roller 8)  [Source:UniProtKB/TrEMBL;Acc:A0A077Z8C7],Trichuris trichiura (PRJEB535),protein_coding,trtricprjeb535
TTRE6669,TTRE6669_t1,1340,protein_coding,,Trichuris trichiura (PRJEB535),protein_coding,trtricprjeb535
TTRE304,TTRE304_t3,274,protein_coding,CAP GLY domain containing protein  [Source:UniProtKB/TrEMBL;Acc:A0A077ZI45],Trichuris trichiura (PRJEB535),protein_coding,trtricprjeb535
TTRE2769,TTRE2769_t1,151,protein_coding,"Complement component 1 Q subcomponent-binding pro tein, mitochondrial  [Source:UniProtKB/TrEMBL;Acc:A0A077ZC92]",Trichuris trichiura (PRJEB535),protein_coding,trtricprjeb535
TTRE5844,TTRE5844_t1,4301,protein_coding,,Trichuris trichiura (PRJEB535),protein_coding,trtricprjeb535
TTRE7318,TTRE7318_t1,743,protein_coding,,Trichuris trichiura (PRJEB535),protein_coding,trtricprjeb535
TTRE6979,TTRE6979_t1,3431,protein_coding,,Trichuris trichiura (PRJEB535),protein_coding,trtricprjeb535
TTRE4650,TTRE4650_t1,281,protein_coding,Peptide chain release factor 1  [Source:UniProtKB/TrEMBL;Acc:A0A077Z1T1],Trichuris trichiura (PRJEB535),protein_coding,trtricprjeb535
TTRE7688,TTRE7688_t1,412,protein_coding,Protein col protein cbr col-109 protein cbr bli-6 protein bli cre col-109 protein  [Source:UniProtKB/TrEMBL;Acc:A0A077Z8H0],Trichuris trichiura (PRJEB535),protein_coding,trtricprjeb535
TTRE9848,TTRE9848_t1,610,protein_coding,Serpentine receptor class alpha  [Source:UniProtKB/TrEMBL;Acc:A0A077ZA09],Trichuris trichiura (PRJEB535),protein_coding,trtricprjeb535
TTRE2127,TTRE2127_t1,446,protein_coding,Acyl carrier protein  [Source:UniProtKB/TrEMBL;Acc:A0A077ZC49],Trichuris trichiura (PRJEB535),protein_coding,trtricprjeb535
TTRE11433,TTRE11433_t1,290,protein_coding,,Trichuris trichiura (PRJEB535),protein_coding,trtricprjeb535
TTRE2199,TTRE2199_t1,144,protein_coding,Ribosome production factor 2 homolog  [Source:UniProtKB/TrEMBL;Acc:A0A077YXV7],Trichuris trichiura (PRJEB535),protein_coding,trtricprjeb535
TTRE6156,TTRE6156_t1,602,protein_coding,,Trichuris trichiura (PRJEB535),protein_coding,trtricprjeb535
TTRE8540,TTRE8540_t1,1848,protein_coding,Mucin-5AC  [Source:UniProtKB/TrEMBL;Acc:A0A077YXT2],Trichuris trichiura (PRJEB535),protein_coding,trtricprjeb535
TTRE10237,TTRE10237_t1,412,protein_coding,,Trichuris trichiura (PRJEB535),protein_coding,trtricprjeb535
TTRE11472,TTRE11472_t1,1691,protein_coding,,Trichuris trichiura (PRJEB535),protein_coding,trtricprjeb535
TTRE3616,TTRE3616_t1,461,protein_coding,,Trichuris trichiura (PRJEB535),protein_coding,trtricprjeb535
TTRE4848,TTRE4848_t1,375,protein_coding,,Trichuris trichiura (PRJEB535),protein_coding,trtricprjeb535
TTRE8224,TTRE8224_t1,361,protein_coding,,Trichuris trichiura (PRJEB535),protein_coding,trtricprjeb535
TTRE8573,TTRE8573_t1,357,protein_coding,CC domain-containing protein  [Source:UniProtKB/TrEMBL;Acc:A0A077Z5P5],Trichuris trichiura (PRJEB535),protein_coding,trtricprjeb535
TTRE8663,TTRE8663_t1,299,protein_coding,,Trichuris trichiura (PRJEB535),protein_coding,trtricprjeb535
TTRE3315,TTRE3315_t1,212,protein_coding,glycine hydroxymethyltransferase  [Source:UniProtKB/TrEMBL;Acc:A0A077Z0T7],Trichuris trichiura (PRJEB535),protein_coding,trtricprjeb535
TTRE6013,TTRE6013_t1,176,protein_coding,,Trichuris trichiura (PRJEB535),protein_coding,trtricprjeb535
TTRE11782,TTRE11782_t1,614,protein_coding,,Trichuris trichiura (PRJEB535),protein_coding,trtricprjeb535
TTRE5533,TTRE5533_t1,298,protein_coding,,Trichuris trichiura (PRJEB535),protein_coding,trtricprjeb535
TTRE5305,TTRE5305_t1,370,protein_coding,,Trichuris trichiura (PRJEB535),protein_coding,trtricprjeb535
TTRE11196,TTRE11196_t1,255,protein_coding,,Trichuris trichiura (PRJEB535),protein_coding,trtricprjeb535
TTRE1855,TTRE1855_t1,164,protein_coding,,Trichuris trichiura (PRJEB535),protein_coding,trtricprjeb535
TTRE9744,TTRE9744_t1,328,protein_coding,,Trichuris trichiura (PRJEB535),protein_coding,trtricprjeb535
TTRE9959,TTRE9959_t1,526,protein_coding,,Trichuris trichiura (PRJEB535),protein_coding,trtricprjeb535
TTRE9064,TTRE9064_t1,1016,protein_coding,7TM GPCR Srsx domain containing protein  [Source:UniProtKB/TrEMBL;Acc:A0A077YXH6],Trichuris trichiura (PRJEB535),protein_coding,trtricprjeb535
TTRE890,TTRE890_t1,219,protein_coding,D 3 phosphoglycerate dehydrogenase  [Source:UniProtKB/TrEMBL;Acc:A0A077Z3I5],Trichuris trichiura (PRJEB535),protein_coding,trtricprjeb535
TTRE7534,TTRE7534_t1,554,protein_coding,,Trichuris trichiura (PRJEB535),protein_coding,trtricprjeb535
TTRE712,TTRE712_t1,594,protein_coding,,Trichuris trichiura (PRJEB535),protein_coding,trtricprjeb535
TTRE659,TTRE659_t1,149,protein_coding,,Trichuris trichiura (PRJEB535),protein_coding,trtricprjeb535
TTRE9866,TTRE9866_t1,461,protein_coding,,Trichuris trichiura (PRJEB535),protein_coding,trtricprjeb535
TTRE8981,TTRE8981_t1,290,protein_coding,,Trichuris trichiura (PRJEB535),protein_coding,trtricprjeb535
TTRE3304,TTRE3304_t1,128,protein_coding,,Trichuris trichiura (PRJEB535),protein_coding,trtricprjeb535
TTRE7661,TTRE7661_t1,393,protein_coding,,Trichuris trichiura (PRJEB535),protein_coding,trtricprjeb535
TTRE4939,TTRE4939_t1,2270,protein_coding,,Trichuris trichiura (PRJEB535),protein_coding,trtricprjeb535
TTRE6594,TTRE6594_t1,326,protein_coding,,Trichuris trichiura (PRJEB535),protein_coding,trtricprjeb535
TTRE6182,TTRE6182_t1,282,protein_coding,,Trichuris trichiura (PRJEB535),protein_coding,trtricprjeb535
TTRE9634,TTRE9634_t1,299,protein_coding,,Trichuris trichiura (PRJEB535),protein_coding,trtricprjeb535
TTRE7429,TTRE7429_t1,204,protein_coding,,Trichuris trichiura (PRJEB535),protein_coding,trtricprjeb535
TTRE10280,TTRE10280_t1,362,protein_coding,,Trichuris trichiura (PRJEB535),protein_coding,trtricprjeb535
TTRE2944,TTRE2944_t1,636,protein_coding,,Trichuris trichiura (PRJEB535),protein_coding,trtricprjeb535
TTRE9124,TTRE9124_t1,591,protein_coding,,Trichuris trichiura (PRJEB535),protein_coding,trtricprjeb535
TTRE2078,TTRE2078_t1,316,protein_coding,Acetyl-CoA hydrolase  [Source:UniProtKB/TrEMBL;Acc:A0A077ZC52],Trichuris trichiura (PRJEB535),protein_coding,trtricprjeb535
TTRE2166,TTRE2166_t1,260,protein_coding,,Trichuris trichiura (PRJEB535),protein_coding,trtricprjeb535
TTRE8771,TTRE8771_t1,379,protein_coding,,Trichuris trichiura (PRJEB535),protein_coding,trtricprjeb535
TTRE3663,TTRE3663_t1,1198,protein_coding,KH_dom_type_1 domain-containing protein  [Source:UniProtKB/TrEMBL;Acc:A0A077ZMI6],Trichuris trichiura (PRJEB535),protein_coding,trtricprjeb535
TTRE2540,TTRE2540_t1,167,protein_coding,,Trichuris trichiura (PRJEB535),protein_coding,trtricprjeb535
TTRE4507,TTRE4507_t1,189,protein_coding,,Trichuris trichiura (PRJEB535),protein_coding,trtricprjeb535
TTRE1525,TTRE1525_t1,173,protein_coding,L-lactate dehydrogenase  [Source:UniProtKB/TrEMBL;Acc:A0A077ZFV3],Trichuris trichiura (PRJEB535),protein_coding,trtricprjeb535
TTRE6665,TTRE6665_t1,1988,protein_coding,,Trichuris trichiura (PRJEB535),protein_coding,trtricprjeb535
TTRE5846,TTRE5846_t1,1409,protein_coding,,Trichuris trichiura (PRJEB535),protein_coding,trtricprjeb535
TTRE2456,TTRE2456_t1,225,protein_coding,40S ribosomal protein S27  [Source:UniProtKB/TrEMBL;Acc:A0A077Z3J0],Trichuris trichiura (PRJEB535),protein_coding,trtricprjeb535
TTRE2861,TTRE2861_t2,145,protein_coding,,Trichuris trichiura (PRJEB535),protein_coding,trtricprjeb535
TTRE6234,TTRE6234_t1,377,protein_coding,,Trichuris trichiura (PRJEB535),protein_coding,trtricprjeb535
TTRE4725,TTRE4725_t1,788,protein_coding,,Trichuris trichiura (PRJEB535),protein_coding,trtricprjeb535
TTRE9781,TTRE9781_t1,439,protein_coding,Cuticle collagen rol-6  [Source:UniProtKB/TrEMBL;Acc:A0A077YXF0],Trichuris trichiura (PRJEB535),protein_coding,trtricprjeb535
TTRE9982,TTRE9982_t1,171,protein_coding,NADH dehydrogenase [ubiquinone] 1 alpha subcomplex subunit 12  [Source:UniProtKB/TrEMBL;Acc:A0A077YX55],Trichuris trichiura (PRJEB535),protein_coding,trtricprjeb535
TTRE3890,TTRE3890_t1,739,protein_coding,,Trichuris trichiura (PRJEB535),protein_coding,trtricprjeb535
TTRE9797,TTRE9797_t1,268,protein_coding,,Trichuris trichiura (PRJEB535),protein_coding,trtricprjeb535
TTRE217,TTRE217_t1,262,protein_coding,,Trichuris trichiura (PRJEB535),protein_coding,trtricprjeb535
TTRE3820,TTRE3820_t1,590,protein_coding,"Probable 39S ribosomal protein L11, mitochondrial  [Source:UniProtKB/TrEMBL;Acc:A0A077ZB50]",Trichuris trichiura (PRJEB535),protein_coding,trtricprjeb535
TTRE5379,TTRE5379_t1,1277,protein_coding,PALP domain containing protein  [Source:UniProtKB/TrEMBL;Acc:A0A077Z955],Trichuris trichiura (PRJEB535),protein_coding,trtricprjeb535
TTRE12657,TTRE12657_t1,263,protein_coding,,Trichuris trichiura (PRJEB535),protein_coding,trtricprjeb535
TTRE5312,TTRE5312_t1,529,protein_coding,E3 ubiquitin-protein ligase CBL  [Source:UniProtKB/TrEMBL;Acc:A0A077ZFZ1],Trichuris trichiura (PRJEB535),protein_coding,trtricprjeb535
TTRE4224,TTRE4224_t1,170,protein_coding,,Trichuris trichiura (PRJEB535),protein_coding,trtricprjeb535
TTRE8234,TTRE8234_t1,490,protein_coding,,Trichuris trichiura (PRJEB535),protein_coding,trtricprjeb535
TTRE3133,TTRE3133_t1,156,protein_coding,,Trichuris trichiura (PRJEB535),protein_coding,trtricprjeb535
TTRE2177,TTRE2177_t1,268,protein_coding,GCFC domain containing protein  [Source:UniProtKB/TrEMBL;Acc:A0A077YX17],Trichuris trichiura (PRJEB535),protein_coding,trtricprjeb535
TTRE6072,TTRE6072_t1,991,protein_coding,,Trichuris trichiura (PRJEB535),protein_coding,trtricprjeb535
TTRE10365,TTRE10365_t1,1205,protein_coding,,Trichuris trichiura (PRJEB535),protein_coding,trtricprjeb535
TTRE12518,TTRE12518_t1,458,protein_coding,Integrase_H2C2 domain-containing protein  [Source:UniProtKB/TrEMBL;Acc:A0A077ZP74],Trichuris trichiura (PRJEB535),protein_coding,trtricprjeb535
TTRE7418,TTRE7418_t1,305,protein_coding,DDE_Tnp_1_7 domain-containing protein  [Source:UniProtKB/TrEMBL;Acc:A0A077ZI71],Trichuris trichiura (PRJEB535),protein_coding,trtricprjeb535
TTRE1405,TTRE1405_t1,264,protein_coding,,Trichuris trichiura (PRJEB535),protein_coding,trtricprjeb535
TTRE8155,TTRE8155_t1,256,protein_coding,MHD1 domain-containing protein  [Source:UniProtKB/TrEMBL;Acc:A0A077Z358],Trichuris trichiura (PRJEB535),protein_coding,trtricprjeb535
TTRE7089,TTRE7089_t1,590,protein_coding,Secreted protein  [Source:UniProtKB/TrEMBL;Acc:A0A077ZLL8],Trichuris trichiura (PRJEB535),protein_coding,trtricprjeb535
TTRE4521,TTRE4521_t1,644,protein_coding,,Trichuris trichiura (PRJEB535),protein_coding,trtricprjeb535
TTRE10694,TTRE10694_t1,1154,protein_coding,,Trichuris trichiura (PRJEB535),protein_coding,trtricprjeb535
TTRE11908,TTRE11908_t1,693,protein_coding,,Trichuris trichiura (PRJEB535),protein_coding,trtricprjeb535
TTRE2777,TTRE2777_t2,661,protein_coding,,Trichuris trichiura (PRJEB535),protein_coding,trtricprjeb535
TTRE11776,TTRE11776_t1,1340,protein_coding,,Trichuris trichiura (PRJEB535),protein_coding,trtricprjeb535
TTRE6024,TTRE6024_t1,342,protein_coding,Voltage gated hydrogen channel 1  [Source:UniProtKB/TrEMBL;Acc:A0A077ZCE9],Trichuris trichiura (PRJEB535),protein_coding,trtricprjeb535
TTRE9646,TTRE9646_t1,118,protein_coding,,Trichuris trichiura (PRJEB535),protein_coding,trtricprjeb535
TTRE2682,TTRE2682_t1,221,protein_coding,,Trichuris trichiura (PRJEB535),protein_coding,trtricprjeb535
TTRE11194,TTRE11194_t1,445,protein_coding,,Trichuris trichiura (PRJEB535),protein_coding,trtricprjeb535
TTRE8549,TTRE8549_t1,3947,protein_coding,ATP-binding cassette transporter abc4 Short=ABC t ransporter abc4  [Source:UniProtKB/TrEMBL;Acc:A0A077YXQ4],Trichuris trichiura (PRJEB535),protein_coding,trtricprjeb535
TTRE2747,TTRE2747_t1,193,protein_coding,,Trichuris trichiura (PRJEB535),protein_coding,trtricprjeb535
TTRE7199,TTRE7199_t1,635,protein_coding,,Trichuris trichiura (PRJEB535),protein_coding,trtricprjeb535
TTRE1448,TTRE1448_t1,204,protein_coding,V-type proton ATPase proteolipid subunit  [Source:UniProtKB/TrEMBL;Acc:A0A077ZAC9],Trichuris trichiura (PRJEB535),protein_coding,trtricprjeb535
TTRE10637,TTRE10637_t1,353,protein_coding,,Trichuris trichiura (PRJEB535),protein_coding,trtricprjeb535
TTRE12574,TTRE12574_t1,620,protein_coding,,Trichuris trichiura (PRJEB535),protein_coding,trtricprjeb535
TTRE4554,TTRE4554_t1,2031,protein_coding,Inositol polyphosphate 5 phosphatase  [Source:UniProtKB/TrEMBL;Acc:A0A077ZE81],Trichuris trichiura (PRJEB535),protein_coding,trtricprjeb535
TTRE5903,TTRE5903_t1,1454,protein_coding,,Trichuris trichiura (PRJEB535),protein_coding,trtricprjeb535
TTRE12559,TTRE12559_t1,470,protein_coding,,Trichuris trichiura (PRJEB535),protein_coding,trtricprjeb535
TTRE11392,TTRE11392_t1,362,protein_coding,,Trichuris trichiura (PRJEB535),protein_coding,trtricprjeb535
TTRE4122,TTRE4122_t1,368,protein_coding,,Trichuris trichiura (PRJEB535),protein_coding,trtricprjeb535
TTRE11962,TTRE11962_t1,280,protein_coding,,Trichuris trichiura (PRJEB535),protein_coding,trtricprjeb535
TTRE8,TTRE8_t1,506,protein_coding,,Trichuris trichiura (PRJEB535),protein_coding,trtricprjeb535
TTRE12181,TTRE12181_t1,332,protein_coding,,Trichuris trichiura (PRJEB535),protein_coding,trtricprjeb535
TTRE12463,TTRE12463_t1,232,protein_coding,,Trichuris trichiura (PRJEB535),protein_coding,trtricprjeb535
TTRE9485,TTRE9485_t1,386,protein_coding,,Trichuris trichiura (PRJEB535),protein_coding,trtricprjeb535
TTRE10475,TTRE10475_t1,3468,protein_coding,,Trichuris trichiura (PRJEB535),protein_coding,trtricprjeb535
TTRE11206,TTRE11206_t1,103,protein_coding,,Trichuris trichiura (PRJEB535),protein_coding,trtricprjeb535
TTRE10190,TTRE10190_t1,184,protein_coding,,Trichuris trichiura (PRJEB535),protein_coding,trtricprjeb535
TTRE1425,TTRE1425_t1,536,protein_coding,,Trichuris trichiura (PRJEB535),protein_coding,trtricprjeb535
TTRE5569,TTRE5569_t1,400,protein_coding,Angiomotin  [Source:UniProtKB/TrEMBL;Acc:A0A077YYU1],Trichuris trichiura (PRJEB535),protein_coding,trtricprjeb535
TTRE11941,TTRE11941_t1,1340,protein_coding,,Trichuris trichiura (PRJEB535),protein_coding,trtricprjeb535
TTRE5704,TTRE5704_t1,666,protein_coding,Threonylcarbamoyl-AMP synthase  [Source:UniProtKB/TrEMBL;Acc:A0A077ZLB4],Trichuris trichiura (PRJEB535),protein_coding,trtricprjeb535
TTRE6502,TTRE6502_t1,1102,protein_coding,,Trichuris trichiura (PRJEB535),protein_coding,trtricprjeb535
TTRE2119,TTRE2119_t1,451,protein_coding,Bacteriocin  [Source:UniProtKB/TrEMBL;Acc:A0A077ZGG0],Trichuris trichiura (PRJEB535),protein_coding,trtricprjeb535
TTRE10993,TTRE10993_t1,359,protein_coding,,Trichuris trichiura (PRJEB535),protein_coding,trtricprjeb535
TTRE3742,TTRE3742_t1,262,protein_coding,,Trichuris trichiura (PRJEB535),protein_coding,trtricprjeb535
TTRE1121,TTRE1121_t1,269,protein_coding,,Trichuris trichiura (PRJEB535),protein_coding,trtricprjeb535
TTRE7739,TTRE7739_t1,422,protein_coding,,Trichuris trichiura (PRJEB535),protein_coding,trtricprjeb535
TTRE11176,TTRE11176_t1,225,protein_coding,,Trichuris trichiura (PRJEB535),protein_coding,trtricprjeb535
TTRE8611,TTRE8611_t1,387,protein_coding,,Trichuris trichiura (PRJEB535),protein_coding,trtricprjeb535
TTRE6592,TTRE6592_t1,122,protein_coding,,Trichuris trichiura (PRJEB535),protein_coding,trtricprjeb535
TTRE10787,TTRE10787_t1,645,protein_coding,,Trichuris trichiura (PRJEB535),protein_coding,trtricprjeb535
TTRE1713,TTRE1713_t1,276,protein_coding,,Trichuris trichiura (PRJEB535),protein_coding,trtricprjeb535
TTRE5187,TTRE5187_t1,239,protein_coding,Gastric triacylglycerol lipase  [Source:UniProtKB/TrEMBL;Acc:A0A077ZR22],Trichuris trichiura (PRJEB535),protein_coding,trtricprjeb535
TTRE1017,TTRE1017_t1,408,protein_coding,,Trichuris trichiura (PRJEB535),protein_coding,trtricprjeb535
TTRE6569,TTRE6569_t1,1055,protein_coding,,Trichuris trichiura (PRJEB535),protein_coding,trtricprjeb535
TTRE1735,TTRE1735_t1,127,protein_coding,,Trichuris trichiura (PRJEB535),protein_coding,trtricprjeb535
TTRE8246,TTRE8246_t1,385,protein_coding,,Trichuris trichiura (PRJEB535),protein_coding,trtricprjeb535
TTRE9837,TTRE9837_t1,471,protein_coding,,Trichuris trichiura (PRJEB535),protein_coding,trtricprjeb535
TTRE4423,TTRE4423_t1,253,protein_coding,,Trichuris trichiura (PRJEB535),protein_coding,trtricprjeb535
TTRE5259,TTRE5259_t1,1090,protein_coding,,Trichuris trichiura (PRJEB535),protein_coding,trtricprjeb535
TTRE3333,TTRE3333_t1,184,protein_coding,,Trichuris trichiura (PRJEB535),protein_coding,trtricprjeb535
TTRE3313,TTRE3313_t1,145,protein_coding,Short coiled-coil protein  [Source:UniProtKB/TrEMBL;Acc:A0A077ZBI5],Trichuris trichiura (PRJEB535),protein_coding,trtricprjeb535
TTRE5787,TTRE5787_t1,448,protein_coding,,Trichuris trichiura (PRJEB535),protein_coding,trtricprjeb535
TTRE8107,TTRE8107_t1,953,protein_coding,,Trichuris trichiura (PRJEB535),protein_coding,trtricprjeb535
TTRE8962,TTRE8962_t1,506,protein_coding,,Trichuris trichiura (PRJEB535),protein_coding,trtricprjeb535
TTRE4818,TTRE4818_t1,279,protein_coding,,Trichuris trichiura (PRJEB535),protein_coding,trtricprjeb535
TTRE10299,TTRE10299_t1,226,protein_coding,,Trichuris trichiura (PRJEB535),protein_coding,trtricprjeb535
TTRE5110,TTRE5110_t1,1088,protein_coding,,Trichuris trichiura (PRJEB535),protein_coding,trtricprjeb535
TTRE7435,TTRE7435_t1,3769,protein_coding,,Trichuris trichiura (PRJEB535),protein_coding,trtricprjeb535
TTRE10530,TTRE10530_t1,1358,protein_coding,,Trichuris trichiura (PRJEB535),protein_coding,trtricprjeb535
TTRE9383,TTRE9383_t1,869,protein_coding,,Trichuris trichiura (PRJEB535),protein_coding,trtricprjeb535
TTRE9924,TTRE9924_t1,473,protein_coding,Inner membrane protein  [Source:UniProtKB/TrEMBL;Acc:A0A077Z2C6],Trichuris trichiura (PRJEB535),protein_coding,trtricprjeb535
TTRE4995,TTRE4995_t1,203,protein_coding,,Trichuris trichiura (PRJEB535),protein_coding,trtricprjeb535
TTRE905,TTRE905_t1,792,protein_coding,,Trichuris trichiura (PRJEB535),protein_coding,trtricprjeb535
TTRE2867,TTRE2867_t1,434,protein_coding,53 kDa excretory  [Source:UniProtKB/TrEMBL;Acc:A0A077ZDP1],Trichuris trichiura (PRJEB535),protein_coding,trtricprjeb535
TTRE4785,TTRE4785_t1,623,protein_coding,,Trichuris trichiura (PRJEB535),protein_coding,trtricprjeb535
TTRE11866,TTRE11866_t1,2387,protein_coding,,Trichuris trichiura (PRJEB535),protein_coding,trtricprjeb535
TTRE6945,TTRE6945_t1,1154,protein_coding,,Trichuris trichiura (PRJEB535),protein_coding,trtricprjeb535
TTRE11796,TTRE11796_t1,896,protein_coding,,Trichuris trichiura (PRJEB535),protein_coding,trtricprjeb535
TTRE3372,TTRE3372_t1,542,protein_coding,,Trichuris trichiura (PRJEB535),protein_coding,trtricprjeb535
TTRE7298,TTRE7298_t1,4821,protein_coding,,Trichuris trichiura (PRJEB535),protein_coding,trtricprjeb535
TTRE4769,TTRE4769_t1,247,protein_coding,,Trichuris trichiura (PRJEB535),protein_coding,trtricprjeb535
TTRE74,TTRE74_t1,1136,protein_coding,DUF4507 domain containing protein  [Source:UniProtKB/TrEMBL;Acc:A0A077ZAG5],Trichuris trichiura (PRJEB535),protein_coding,trtricprjeb535
TTRE8241,TTRE8241_t1,294,protein_coding,,Trichuris trichiura (PRJEB535),protein_coding,trtricprjeb535
TTRE2925,TTRE2925_t1,893,protein_coding,Serine:threonine protein kinase LATS1  [Source:UniProtKB/TrEMBL;Acc:A0A077Z5R6],Trichuris trichiura (PRJEB535),protein_coding,trtricprjeb535
TTRE9636,TTRE9636_t1,452,protein_coding,,Trichuris trichiura (PRJEB535),protein_coding,trtricprjeb535
TTRE11892,TTRE11892_t1,467,protein_coding,,Trichuris trichiura (PRJEB535),protein_coding,trtricprjeb535
TTRE10453,TTRE10453_t1,197,protein_coding,,Trichuris trichiura (PRJEB535),protein_coding,trtricprjeb535
TTRE252,TTRE252_t1,654,protein_coding,FHA and dsrm domain containing protein  [Source:UniProtKB/TrEMBL;Acc:A0A077Z0F9],Trichuris trichiura (PRJEB535),protein_coding,trtricprjeb535
TTRE2420,TTRE2420_t1,725,protein_coding,"Protein ETHE1, mitochondrial  [Source:UniProtKB/TrEMBL;Acc:A0A077Z5Y3]",Trichuris trichiura (PRJEB535),protein_coding,trtricprjeb535
TTRE1533,TTRE1533_t1,283,protein_coding,Secreted protein  [Source:UniProtKB/TrEMBL;Acc:A0A077Z1X9],Trichuris trichiura (PRJEB535),protein_coding,trtricprjeb535
TTRE7709,TTRE7709_t1,634,protein_coding,,Trichuris trichiura (PRJEB535),protein_coding,trtricprjeb535
TTRE10039,TTRE10039_t1,127,protein_coding,,Trichuris trichiura (PRJEB535),protein_coding,trtricprjeb535
TTRE1574,TTRE1574_t1,308,protein_coding,,Trichuris trichiura (PRJEB535),protein_coding,trtricprjeb535
TTRE3083,TTRE3083_t1,658,protein_coding,,Trichuris trichiura (PRJEB535),protein_coding,trtricprjeb535
TTRE12650,TTRE12650_t1,296,protein_coding,,Trichuris trichiura (PRJEB535),protein_coding,trtricprjeb535
TTRE12147,TTRE12147_t1,743,protein_coding,,Trichuris trichiura (PRJEB535),protein_coding,trtricprjeb535
TTRE1496,TTRE1496_t1,314,protein_coding,,Trichuris trichiura (PRJEB535),protein_coding,trtricprjeb535
TTRE6089,TTRE6089_t1,645,protein_coding,,Trichuris trichiura (PRJEB535),protein_coding,trtricprjeb535
TTRE480,TTRE480_t1,557,protein_coding,,Trichuris trichiura (PRJEB535),protein_coding,trtricprjeb535
TTRE11459,TTRE11459_t1,196,protein_coding,phenylalanine 4-monooxygenase  [Source:UniProtKB/TrEMBL;Acc:A0A077Z594],Trichuris trichiura (PRJEB535),protein_coding,trtricprjeb535
TTRE6093,TTRE6093_t1,173,protein_coding,,Trichuris trichiura (PRJEB535),protein_coding,trtricprjeb535
TTRE2385,TTRE2385_t1,148,protein_coding,,Trichuris trichiura (PRJEB535),protein_coding,trtricprjeb535
TTRE6729,TTRE6729_t1,620,protein_coding,,Trichuris trichiura (PRJEB535),protein_coding,trtricprjeb535
TTRE7554,TTRE7554_t1,620,protein_coding,,Trichuris trichiura (PRJEB535),protein_coding,trtricprjeb535
TTRE11204,TTRE11204_t1,445,protein_coding,,Trichuris trichiura (PRJEB535),protein_coding,trtricprjeb535
TTRE353,TTRE353_t1,237,protein_coding,Stromal interaction molecule  [Source:UniProtKB/TrEMBL;Acc:A0A077ZMT4],Trichuris trichiura (PRJEB535),protein_coding,trtricprjeb535
TTRE9810,TTRE9810_t1,691,protein_coding,Adhesion G protein-coupled receptor L3  [Source:UniProtKB/TrEMBL;Acc:A0A077Z1T3],Trichuris trichiura (PRJEB535),protein_coding,trtricprjeb535
TTRE2695,TTRE2695_t1,695,protein_coding,Tyrosine-protein phosphatase non-receptor type 9  [Source:UniProtKB/TrEMBL;Acc:A0A077Z2Z0],Trichuris trichiura (PRJEB535),protein_coding,trtricprjeb535
TTRE10573,TTRE10573_t1,1009,protein_coding,,Trichuris trichiura (PRJEB535),protein_coding,trtricprjeb535
TTRE4042,TTRE4042_t1,175,protein_coding,,Trichuris trichiura (PRJEB535),protein_coding,trtricprjeb535
TTRE9438,TTRE9438_t1,238,protein_coding,,Trichuris trichiura (PRJEB535),protein_coding,trtricprjeb535
TTRE1052,TTRE1052_t1,774,protein_coding,,Trichuris trichiura (PRJEB535),protein_coding,trtricprjeb535
TTRE10880,TTRE10880_t1,255,protein_coding,,Trichuris trichiura (PRJEB535),protein_coding,trtricprjeb535
TTRE5180,TTRE5180_t1,254,protein_coding,RNA binding protein Luc7 2 like  [Source:UniProtKB/TrEMBL;Acc:A0A077ZC39],Trichuris trichiura (PRJEB535),protein_coding,trtricprjeb535
TTRE4051,TTRE4051_t1,207,protein_coding,,Trichuris trichiura (PRJEB535),protein_coding,trtricprjeb535
TTRE4389,TTRE4389_t1,623,protein_coding,,Trichuris trichiura (PRJEB535),protein_coding,trtricprjeb535
TTRE4744,TTRE4744_t1,168,protein_coding,Metaxin 2  [Source:UniProtKB/TrEMBL;Acc:A0A077ZA10],Trichuris trichiura (PRJEB535),protein_coding,trtricprjeb535
TTRE1173,TTRE1173_t1,201,protein_coding,,Trichuris trichiura (PRJEB535),protein_coding,trtricprjeb535
TTRE5304,TTRE5304_t1,2216,protein_coding,EGF CA and hEGF and EGF domain containing protein  [Source:UniProtKB/TrEMBL;Acc:A0A077ZEB3],Trichuris trichiura (PRJEB535),protein_coding,trtricprjeb535
TTRE3114,TTRE3114_t1,438,protein_coding,,Trichuris trichiura (PRJEB535),protein_coding,trtricprjeb535
TTRE4649,TTRE4649_t1,389,protein_coding,Actin  [Source:UniProtKB/TrEMBL;Acc:A0A077ZE37],Trichuris trichiura (PRJEB535),protein_coding,trtricprjeb535
TTRE5974,TTRE5974_t1,254,protein_coding,,Trichuris trichiura (PRJEB535),protein_coding,trtricprjeb535
TTRE82,TTRE82_t1,494,protein_coding,Sugar tr domain containing protein  [Source:UniProtKB/TrEMBL;Acc:A0A077Z2G8],Trichuris trichiura (PRJEB535),protein_coding,trtricprjeb535
TTRE3396,TTRE3396_t1,1211,protein_coding,Pseudouridine synthase  [Source:UniProtKB/TrEMBL;Acc:A0A077ZCD5],Trichuris trichiura (PRJEB535),protein_coding,trtricprjeb535
TTRE10098,TTRE10098_t1,1160,protein_coding,,Trichuris trichiura (PRJEB535),protein_coding,trtricprjeb535
TTRE4578,TTRE4578_t1,186,protein_coding,,Trichuris trichiura (PRJEB535),protein_coding,trtricprjeb535
TTRE8606,TTRE8606_t1,270,protein_coding,,Trichuris trichiura (PRJEB535),protein_coding,trtricprjeb535
TTRE11468,TTRE11468_t1,255,protein_coding,,Trichuris trichiura (PRJEB535),protein_coding,trtricprjeb535
TTRE3875,TTRE3875_t1,197,protein_coding,,Trichuris trichiura (PRJEB535),protein_coding,trtricprjeb535
TTRE2971,TTRE2971_t1,183,protein_coding,,Trichuris trichiura (PRJEB535),protein_coding,trtricprjeb535
TTRE8059,TTRE8059_t1,1400,protein_coding,UDP-glucuronosyltransferase  [Source:UniProtKB/TrEMBL;Acc:A0A077Z5U4],Trichuris trichiura (PRJEB535),protein_coding,trtricprjeb535
TTRE7101,TTRE7101_t1,480,protein_coding,,Trichuris trichiura (PRJEB535),protein_coding,trtricprjeb535
TTRE9025,TTRE9025_t1,196,protein_coding,,Trichuris trichiura (PRJEB535),protein_coding,trtricprjeb535
TTRE11245,TTRE11245_t1,1028,protein_coding,,Trichuris trichiura (PRJEB535),protein_coding,trtricprjeb535
TTRE1522,TTRE1522_t1,629,protein_coding,,Trichuris trichiura (PRJEB535),protein_coding,trtricprjeb535
TTRE9600,TTRE9600_t1,176,protein_coding,,Trichuris trichiura (PRJEB535),protein_coding,trtricprjeb535
TTRE2490,TTRE2490_t1,806,protein_coding,Protein YIPF3  [Source:UniProtKB/TrEMBL;Acc:A0A077Z330],Trichuris trichiura (PRJEB535),protein_coding,trtricprjeb535
TTRE8414,TTRE8414_t1,260,protein_coding,,Trichuris trichiura (PRJEB535),protein_coding,trtricprjeb535
TTRE6385,TTRE6385_t1,206,protein_coding,,Trichuris trichiura (PRJEB535),protein_coding,trtricprjeb535
TTRE5507,TTRE5507_t1,1064,protein_coding,---NA  [Source:UniProtKB/TrEMBL;Acc:A0A077ZQ60],Trichuris trichiura (PRJEB535),protein_coding,trtricprjeb535
TTRE11787,TTRE11787_t1,287,protein_coding,,Trichuris trichiura (PRJEB535),protein_coding,trtricprjeb535
TTRE7312,TTRE7312_t1,383,protein_coding,,Trichuris trichiura (PRJEB535),protein_coding,trtricprjeb535
TTRE4941,TTRE4941_t1,425,protein_coding,,Trichuris trichiura (PRJEB535),protein_coding,trtricprjeb535
TTRE4991,TTRE4991_t1,511,protein_coding,Clathrin heavy chain  [Source:UniProtKB/TrEMBL;Acc:A0A077Z9Q9],Trichuris trichiura (PRJEB535),protein_coding,trtricprjeb535
TTRE6419,TTRE6419_t1,1064,protein_coding,mRNA cap guanine-N7 methyltransferase  [Source:UniProtKB/TrEMBL;Acc:A0A077ZBP3],Trichuris trichiura (PRJEB535),protein_coding,trtricprjeb535
TTRE364,TTRE364_t1,589,protein_coding,Intermediate filament protein ifa 1  [Source:UniProtKB/TrEMBL;Acc:A0A077Z6U0],Trichuris trichiura (PRJEB535),protein_coding,trtricprjeb535
TTRE1691,TTRE1691_t1,180,protein_coding,,Trichuris trichiura (PRJEB535),protein_coding,trtricprjeb535
TTRE7750,TTRE7750_t1,422,protein_coding,,Trichuris trichiura (PRJEB535),protein_coding,trtricprjeb535
TTRE9775,TTRE9775_t1,1316,protein_coding,,Trichuris trichiura (PRJEB535),protein_coding,trtricprjeb535
TTRE1932,TTRE1932_t1,953,protein_coding,Hsp90 co-chaperone cdc37  [Source:UniProtKB/TrEMBL;Acc:A0A077ZCG7],Trichuris trichiura (PRJEB535),protein_coding,trtricprjeb535
TTRE8740,TTRE8740_t1,151,protein_coding,,Trichuris trichiura (PRJEB535),protein_coding,trtricprjeb535
TTRE8386,TTRE8386_t1,128,protein_coding,,Trichuris trichiura (PRJEB535),protein_coding,trtricprjeb535
TTRE2140,TTRE2140_t1,310,protein_coding,,Trichuris trichiura (PRJEB535),protein_coding,trtricprjeb535
TTRE8613,TTRE8613_t1,703,protein_coding,,Trichuris trichiura (PRJEB535),protein_coding,trtricprjeb535
TTRE576,TTRE576_t1,1245,protein_coding,Geranylgeranyl transferase type-2 subunit alpha  [Source:UniProtKB/TrEMBL;Acc:A0A077Z297],Trichuris trichiura (PRJEB535),protein_coding,trtricprjeb535
TTRE7684,TTRE7684_t1,452,protein_coding,,Trichuris trichiura (PRJEB535),protein_coding,trtricprjeb535
TTRE5719,TTRE5719_t1,413,protein_coding,,Trichuris trichiura (PRJEB535),protein_coding,trtricprjeb535
TTRE266,TTRE266_t1,275,protein_coding,,Trichuris trichiura (PRJEB535),protein_coding,trtricprjeb535
TTRE488,TTRE488_t1,456,protein_coding,,Trichuris trichiura (PRJEB535),protein_coding,trtricprjeb535
TTRE759,TTRE759_t1,215,protein_coding,,Trichuris trichiura (PRJEB535),protein_coding,trtricprjeb535
TTRE5023,TTRE5023_t1,1326,protein_coding,,Trichuris trichiura (PRJEB535),protein_coding,trtricprjeb535
TTRE9199,TTRE9199_t1,236,protein_coding,,Trichuris trichiura (PRJEB535),protein_coding,trtricprjeb535
TTRE11723,TTRE11723_t1,209,protein_coding,,Trichuris trichiura (PRJEB535),protein_coding,trtricprjeb535
TTRE12079,TTRE12079_t1,1959,protein_coding,,Trichuris trichiura (PRJEB535),protein_coding,trtricprjeb535
TTRE6084,TTRE6084_t1,378,protein_coding,MOR2-PAG1 N domain containing protein  [Source:UniProtKB/TrEMBL;Acc:A0A077ZG85],Trichuris trichiura (PRJEB535),protein_coding,trtricprjeb535
TTRE11567,TTRE11567_t1,503,protein_coding,,Trichuris trichiura (PRJEB535),protein_coding,trtricprjeb535
TTRE3866,TTRE3866_t1,772,protein_coding,Oxysterol-binding protein  [Source:UniProtKB/TrEMBL;Acc:A0A077ZC61],Trichuris trichiura (PRJEB535),protein_coding,trtricprjeb535
TTRE5490,TTRE5490_t1,196,protein_coding,,Trichuris trichiura (PRJEB535),protein_coding,trtricprjeb535
TTRE3241,TTRE3241_t1,1243,protein_coding,,Trichuris trichiura (PRJEB535),protein_coding,trtricprjeb535
TTRE2399,TTRE2399_t1,1373,protein_coding,Transcription factor SOX 2  [Source:UniProtKB/TrEMBL;Acc:A0A077Z5Y7],Trichuris trichiura (PRJEB535),protein_coding,trtricprjeb535
TTRE345,TTRE345_t1,203,protein_coding,,Trichuris trichiura (PRJEB535),protein_coding,trtricprjeb535
TTRE4582,TTRE4582_t1,1007,protein_coding,Casein kinase II subunit alpha  [Source:UniProtKB/TrEMBL;Acc:A0A077ZEQ7],Trichuris trichiura (PRJEB535),protein_coding,trtricprjeb535
TTRE4163,TTRE4163_t1,770,protein_coding,"Epithelium specific ets factor 3, ese3  [Source:UniProtKB/TrEMBL;Acc:A0A077Z139]",Trichuris trichiura (PRJEB535),protein_coding,trtricprjeb535
TTRE6392,TTRE6392_t1,319,protein_coding,,Trichuris trichiura (PRJEB535),protein_coding,trtricprjeb535
TTRE8258,TTRE8258_t1,306,protein_coding,Tubulin beta chain  [Source:UniProtKB/TrEMBL;Acc:A0A077YV01],Trichuris trichiura (PRJEB535),protein_coding,trtricprjeb535
TTRE9907,TTRE9907_t1,199,protein_coding,USP8 dimer and JAB domain containing protein  [Source:UniProtKB/TrEMBL;Acc:A0A077Z8B5],Trichuris trichiura (PRJEB535),protein_coding,trtricprjeb535
TTRE8182,TTRE8182_t1,375,protein_coding,,Trichuris trichiura (PRJEB535),protein_coding,trtricprjeb535
TTRE8064,TTRE8064_t1,129,protein_coding,,Trichuris trichiura (PRJEB535),protein_coding,trtricprjeb535
TTRE2117,TTRE2117_t1,186,protein_coding,,Trichuris trichiura (PRJEB535),protein_coding,trtricprjeb535
TTRE11871,TTRE11871_t1,190,protein_coding,,Trichuris trichiura (PRJEB535),protein_coding,trtricprjeb535
TTRE9548,TTRE9548_t2,3313,protein_coding,,Trichuris trichiura (PRJEB535),protein_coding,trtricprjeb535
TTRE719,TTRE719_t2,767,protein_coding,,Trichuris trichiura (PRJEB535),protein_coding,trtricprjeb535
TTRE5870,TTRE5870_t1,374,protein_coding,,Trichuris trichiura (PRJEB535),protein_coding,trtricprjeb535
TTRE7097,TTRE7097_t1,590,protein_coding,Secreted protein  [Source:UniProtKB/TrEMBL;Acc:A0A077ZLL8],Trichuris trichiura (PRJEB535),protein_coding,trtricprjeb535
TTRE12616,TTRE12616_t1,311,protein_coding,,Trichuris trichiura (PRJEB535),protein_coding,trtricprjeb535
TTRE3499,TTRE3499_t1,611,protein_coding,CABIT domain-containing protein  [Source:UniProtKB/TrEMBL;Acc:A0A077ZDM4],Trichuris trichiura (PRJEB535),protein_coding,trtricprjeb535
TTRE2775,TTRE2775_t1,285,protein_coding,,Trichuris trichiura (PRJEB535),protein_coding,trtricprjeb535
TTRE12618,TTRE12618_t1,147,protein_coding,,Trichuris trichiura (PRJEB535),protein_coding,trtricprjeb535
TTRE3536,TTRE3536_t1,560,protein_coding,MRAS2 family protein  [Source:UniProtKB/TrEMBL;Acc:A0A077YYL3],Trichuris trichiura (PRJEB535),protein_coding,trtricprjeb535
TTRE6635,TTRE6635_t1,1136,protein_coding,,Trichuris trichiura (PRJEB535),protein_coding,trtricprjeb535
TTRE4227,TTRE4227_t1,758,protein_coding,Rho GTPase activating protein syd 1  [Source:UniProtKB/TrEMBL;Acc:A0A077Z9Q5],Trichuris trichiura (PRJEB535),protein_coding,trtricprjeb535
TTRE7777,TTRE7777_t1,386,protein_coding,,Trichuris trichiura (PRJEB535),protein_coding,trtricprjeb535
TTRE1993,TTRE1993_t1,363,protein_coding,,Trichuris trichiura (PRJEB535),protein_coding,trtricprjeb535
TTRE8713,TTRE8713_t1,216,protein_coding,,Trichuris trichiura (PRJEB535),protein_coding,trtricprjeb535
TTRE11367,TTRE11367_t1,275,protein_coding,,Trichuris trichiura (PRJEB535),protein_coding,trtricprjeb535
TTRE11547,TTRE11547_t1,271,protein_coding,,Trichuris trichiura (PRJEB535),protein_coding,trtricprjeb535
TTRE9400,TTRE9400_t1,467,protein_coding,Protein SPT2 homolog  [Source:UniProtKB/TrEMBL;Acc:A0A077Z6L4],Trichuris trichiura (PRJEB535),protein_coding,trtricprjeb535
TTRE441,TTRE441_t2,206,protein_coding,Methyltransf 23 domain containing protein  [Source:UniProtKB/TrEMBL;Acc:A0A077ZED6],Trichuris trichiura (PRJEB535),protein_coding,trtricprjeb535
TTRE1469,TTRE1469_t1,274,protein_coding,DUF1682 domain containing protein  [Source:UniProtKB/TrEMBL;Acc:A0A077Z315],Trichuris trichiura (PRJEB535),protein_coding,trtricprjeb535
TTRE6490,TTRE6490_t1,656,protein_coding,,Trichuris trichiura (PRJEB535),protein_coding,trtricprjeb535
TTRE501,TTRE501_t1,1109,protein_coding,ANK_REP_REGION domain-containing protein  [Source:UniProtKB/TrEMBL;Acc:A0A077Z3F1],Trichuris trichiura (PRJEB535),protein_coding,trtricprjeb535
TTRE11613,TTRE11613_t1,374,protein_coding,,Trichuris trichiura (PRJEB535),protein_coding,trtricprjeb535
TTRE5630,TTRE5630_t1,373,protein_coding,,Trichuris trichiura (PRJEB535),protein_coding,trtricprjeb535
TTRE2780,TTRE2780_t1,890,protein_coding,EF hand family protein  [Source:UniProtKB/TrEMBL;Acc:A0A077Z8X9],Trichuris trichiura (PRJEB535),protein_coding,trtricprjeb535
TTRE2369,TTRE2369_t1,202,protein_coding,60S ribosomal protein L5  [Source:UniProtKB/TrEMBL;Acc:A0A077ZPB6],Trichuris trichiura (PRJEB535),protein_coding,trtricprjeb535
TTRE10585,TTRE10585_t1,635,protein_coding,,Trichuris trichiura (PRJEB535),protein_coding,trtricprjeb535
TTRE6823,TTRE6823_t1,347,protein_coding,,Trichuris trichiura (PRJEB535),protein_coding,trtricprjeb535
TTRE9290,TTRE9290_t1,254,protein_coding,,Trichuris trichiura (PRJEB535),protein_coding,trtricprjeb535
TTRE7497,TTRE7497_t1,771,protein_coding,Protein Skeletor  [Source:UniProtKB/TrEMBL;Acc:A0A077Z6Y7],Trichuris trichiura (PRJEB535),protein_coding,trtricprjeb535
TTRE151,TTRE151_t1,493,protein_coding,,Trichuris trichiura (PRJEB535),protein_coding,trtricprjeb535
TTRE7107,TTRE7107_t1,517,protein_coding,Regulator of rDNA transcription protein 15  [Source:UniProtKB/TrEMBL;Acc:A0A077ZMJ6],Trichuris trichiura (PRJEB535),protein_coding,trtricprjeb535
TTRE9232,TTRE9232_t1,343,protein_coding,,Trichuris trichiura (PRJEB535),protein_coding,trtricprjeb535
TTRE10726,TTRE10726_t1,503,protein_coding,,Trichuris trichiura (PRJEB535),protein_coding,trtricprjeb535
TTRE11400,TTRE11400_t1,146,protein_coding,,Trichuris trichiura (PRJEB535),protein_coding,trtricprjeb535
TTRE732,TTRE732_t1,147,protein_coding,Calcium and integrin binding family  [Source:UniProtKB/TrEMBL;Acc:A0A077ZCW8],Trichuris trichiura (PRJEB535),protein_coding,trtricprjeb535
TTRE2982,TTRE2982_t1,617,protein_coding,,Trichuris trichiura (PRJEB535),protein_coding,trtricprjeb535
TTRE10820,TTRE10820_t1,1082,protein_coding,,Trichuris trichiura (PRJEB535),protein_coding,trtricprjeb535
TTRE9663,TTRE9663_t1,209,protein_coding,,Trichuris trichiura (PRJEB535),protein_coding,trtricprjeb535
TTRE1733,TTRE1733_t1,1264,protein_coding,,Trichuris trichiura (PRJEB535),protein_coding,trtricprjeb535
TTRE3355,TTRE3355_t1,197,protein_coding,,Trichuris trichiura (PRJEB535),protein_coding,trtricprjeb535
TTRE12149,TTRE12149_t1,5129,protein_coding,,Trichuris trichiura (PRJEB535),protein_coding,trtricprjeb535
TTRE3635,TTRE3635_t1,822,protein_coding,,Trichuris trichiura (PRJEB535),protein_coding,trtricprjeb535
TTRE8674,TTRE8674_t1,307,protein_coding,,Trichuris trichiura (PRJEB535),protein_coding,trtricprjeb535
TTRE11065,TTRE11065_t1,986,protein_coding,,Trichuris trichiura (PRJEB535),protein_coding,trtricprjeb535
TTRE9597,TTRE9597_t1,524,protein_coding,Protein aurora borealis  [Source:UniProtKB/TrEMBL;Acc:A0A077ZK59],Trichuris trichiura (PRJEB535),protein_coding,trtricprjeb535
TTRE479,TTRE479_t1,336,protein_coding,E2F associated phosphoprotein  [Source:UniProtKB/TrEMBL;Acc:A0A077ZA85],Trichuris trichiura (PRJEB535),protein_coding,trtricprjeb535
TTRE9877,TTRE9877_t1,173,protein_coding,,Trichuris trichiura (PRJEB535),protein_coding,trtricprjeb535
TTRE8354,TTRE8354_t1,243,protein_coding,,Trichuris trichiura (PRJEB535),protein_coding,trtricprjeb535
TTRE7993,TTRE7993_t1,650,protein_coding,,Trichuris trichiura (PRJEB535),protein_coding,trtricprjeb535
TTRE1589,TTRE1589_t1,1088,protein_coding,,Trichuris trichiura (PRJEB535),protein_coding,trtricprjeb535
TTRE6834,TTRE6834_t1,778,protein_coding,,Trichuris trichiura (PRJEB535),protein_coding,trtricprjeb535
TTRE5227,TTRE5227_t1,312,protein_coding,,Trichuris trichiura (PRJEB535),protein_coding,trtricprjeb535
TTRE12273,TTRE12273_t1,171,protein_coding,,Trichuris trichiura (PRJEB535),protein_coding,trtricprjeb535
TTRE10845,TTRE10845_t1,266,protein_coding,,Trichuris trichiura (PRJEB535),protein_coding,trtricprjeb535
TTRE8305,TTRE8305_t1,243,protein_coding,,Trichuris trichiura (PRJEB535),protein_coding,trtricprjeb535
TTRE9075,TTRE9075_t1,744,protein_coding,,Trichuris trichiura (PRJEB535),protein_coding,trtricprjeb535
TTRE5703,TTRE5703_t1,290,protein_coding,PAN 1 domain containing protein  [Source:UniProtKB/TrEMBL;Acc:A0A077YVM8],Trichuris trichiura (PRJEB535),protein_coding,trtricprjeb535
TTRE3791,TTRE3791_t1,1696,protein_coding,"Protein UNC 41, b  [Source:UniProtKB/TrEMBL;Acc:A0A077Z8L4]",Trichuris trichiura (PRJEB535),protein_coding,trtricprjeb535
TTRE1329,TTRE1329_t1,493,protein_coding,7 transmembrane receptor  [Source:UniProtKB/TrEMBL;Acc:A0A077YZK8],Trichuris trichiura (PRJEB535),protein_coding,trtricprjeb535
TTRE5051,TTRE5051_t1,495,protein_coding,,Trichuris trichiura (PRJEB535),protein_coding,trtricprjeb535
TTRE2236,TTRE2236_t1,1003,protein_coding,EGF-like domain-containing protein  [Source:UniProtKB/TrEMBL;Acc:A0A077YZH5],Trichuris trichiura (PRJEB535),protein_coding,trtricprjeb535
TTRE10590,TTRE10590_t1,761,protein_coding,,Trichuris trichiura (PRJEB535),protein_coding,trtricprjeb535
TTRE6131,TTRE6131_t1,254,protein_coding,,Trichuris trichiura (PRJEB535),protein_coding,trtricprjeb535
TTRE8060,TTRE8060_t1,1010,protein_coding,UDP-glucuronosyltransferase  [Source:UniProtKB/TrEMBL;Acc:A0A077Z5B9],Trichuris trichiura (PRJEB535),protein_coding,trtricprjeb535
TTRE5488,TTRE5488_t1,445,protein_coding,,Trichuris trichiura (PRJEB535),protein_coding,trtricprjeb535
TTRE1408,TTRE1408_t1,298,protein_coding,,Trichuris trichiura (PRJEB535),protein_coding,trtricprjeb535
TTRE6617,TTRE6617_t1,200,protein_coding,,Trichuris trichiura (PRJEB535),protein_coding,trtricprjeb535
TTRE3589,TTRE3589_t1,1444,protein_coding,non-specific serine/threonine protein kinase  [Source:UniProtKB/TrEMBL;Acc:A0A077ZHE8],Trichuris trichiura (PRJEB535),protein_coding,trtricprjeb535
TTRE7248,TTRE7248_t1,383,protein_coding,,Trichuris trichiura (PRJEB535),protein_coding,trtricprjeb535
TTRE6340,TTRE6340_t1,185,protein_coding,,Trichuris trichiura (PRJEB535),protein_coding,trtricprjeb535
TTRE9126,TTRE9126_t1,302,protein_coding,MBD C domain containing protein  [Source:UniProtKB/TrEMBL;Acc:A0A077YWK1],Trichuris trichiura (PRJEB535),protein_coding,trtricprjeb535
TTRE12191,TTRE12191_t1,668,protein_coding,,Trichuris trichiura (PRJEB535),protein_coding,trtricprjeb535
TTRE6997,TTRE6997_t1,552,protein_coding,,Trichuris trichiura (PRJEB535),protein_coding,trtricprjeb535
TTRE10122,TTRE10122_t1,225,protein_coding,,Trichuris trichiura (PRJEB535),protein_coding,trtricprjeb535
TTRE7446,TTRE7446_t1,758,protein_coding,,Trichuris trichiura (PRJEB535),protein_coding,trtricprjeb535
TTRE5953,TTRE5953_t1,431,protein_coding,,Trichuris trichiura (PRJEB535),protein_coding,trtricprjeb535
TTRE4463,TTRE4463_t1,219,protein_coding,,Trichuris trichiura (PRJEB535),protein_coding,trtricprjeb535
TTRE8271,TTRE8271_t1,109,protein_coding,,Trichuris trichiura (PRJEB535),protein_coding,trtricprjeb535
TTRE9058,TTRE9058_t1,422,protein_coding,,Trichuris trichiura (PRJEB535),protein_coding,trtricprjeb535
TTRE8647,TTRE8647_t1,187,protein_coding,Protein shisa-4  [Source:UniProtKB/TrEMBL;Acc:A0A077YZN3],Trichuris trichiura (PRJEB535),protein_coding,trtricprjeb535
TTRE3581,TTRE3581_t1,854,protein_coding,,Trichuris trichiura (PRJEB535),protein_coding,trtricprjeb535
TTRE656,TTRE656_t1,1119,protein_coding,,Trichuris trichiura (PRJEB535),protein_coding,trtricprjeb535
TTRE12238,TTRE12238_t1,827,protein_coding,DNA-3-methyladenine glycosylase II  [Source:UniProtKB/TrEMBL;Acc:A0A077Z6W3],Trichuris trichiura (PRJEB535),protein_coding,trtricprjeb535
TTRE7491,TTRE7491_t1,470,protein_coding,,Trichuris trichiura (PRJEB535),protein_coding,trtricprjeb535
TTRE2546,TTRE2546_t1,1188,protein_coding,,Trichuris trichiura (PRJEB535),protein_coding,trtricprjeb535
TTRE8550,TTRE8550_t1,357,protein_coding,MCRS N domain containing protein  [Source:UniProtKB/TrEMBL;Acc:A0A077Z1V1],Trichuris trichiura (PRJEB535),protein_coding,trtricprjeb535
TTRE10434,TTRE10434_t1,848,protein_coding,,Trichuris trichiura (PRJEB535),protein_coding,trtricprjeb535
TTRE3882,TTRE3882_t1,768,protein_coding,Arrestin C and Arrestin N domain containing prote in  [Source:UniProtKB/TrEMBL;Acc:A0A077Z3G3],Trichuris trichiura (PRJEB535),protein_coding,trtricprjeb535
TTRE11658,TTRE11658_t1,605,protein_coding,,Trichuris trichiura (PRJEB535),protein_coding,trtricprjeb535
TTRE2846,TTRE2846_t1,1304,protein_coding,,Trichuris trichiura (PRJEB535),protein_coding,trtricprjeb535
TTRE6960,TTRE6960_t1,751,protein_coding,,Trichuris trichiura (PRJEB535),protein_coding,trtricprjeb535
TTRE6550,TTRE6550_t1,602,protein_coding,,Trichuris trichiura (PRJEB535),protein_coding,trtricprjeb535
TTRE7608,TTRE7608_t1,530,protein_coding,,Trichuris trichiura (PRJEB535),protein_coding,trtricprjeb535
TTRE10085,TTRE10085_t1,454,protein_coding,,Trichuris trichiura (PRJEB535),protein_coding,trtricprjeb535
TTRE6259,TTRE6259_t1,416,protein_coding,,Trichuris trichiura (PRJEB535),protein_coding,trtricprjeb535
TTRE12074,TTRE12074_t1,740,protein_coding,,Trichuris trichiura (PRJEB535),protein_coding,trtricprjeb535
TTRE966,TTRE966_t1,399,protein_coding,,Trichuris trichiura (PRJEB535),protein_coding,trtricprjeb535
TTRE2750,TTRE2750_t1,273,protein_coding,,Trichuris trichiura (PRJEB535),protein_coding,trtricprjeb535
TTRE3030,TTRE3030_t1,882,protein_coding,,Trichuris trichiura (PRJEB535),protein_coding,trtricprjeb535
TTRE9709,TTRE9709_t1,386,protein_coding,,Trichuris trichiura (PRJEB535),protein_coding,trtricprjeb535
TTRE3204,TTRE3204_t1,191,protein_coding,,Trichuris trichiura (PRJEB535),protein_coding,trtricprjeb535
TTRE1244,TTRE1244_t1,470,protein_coding,Superkiller viralicidic activity 2 2 like  [Source:UniProtKB/TrEMBL;Acc:A0A077ZEZ1],Trichuris trichiura (PRJEB535),protein_coding,trtricprjeb535
TTRE6625,TTRE6625_t1,363,protein_coding,,Trichuris trichiura (PRJEB535),protein_coding,trtricprjeb535
TTRE2167,TTRE2167_t1,541,protein_coding,Abundant larval transcript 2 (Alt2) protein  [Source:UniProtKB/TrEMBL;Acc:A0A077YY61],Trichuris trichiura (PRJEB535),protein_coding,trtricprjeb535
TTRE5378,TTRE5378_t1,354,protein_coding,26S protease regulatory subunit 6A  [Source:UniProtKB/TrEMBL;Acc:A0A077Z8N0],Trichuris trichiura (PRJEB535),protein_coding,trtricprjeb535
TTRE5713,TTRE5713_t1,575,protein_coding,Major sperm protein  [Source:UniProtKB/TrEMBL;Acc:A0A077ZHT4],Trichuris trichiura (PRJEB535),protein_coding,trtricprjeb535
TTRE11640,TTRE11640_t1,359,protein_coding,,Trichuris trichiura (PRJEB535),protein_coding,trtricprjeb535
TTRE1956,TTRE1956_t1,268,protein_coding,Serine protease  [Source:UniProtKB/TrEMBL;Acc:A0A077ZDA7],Trichuris trichiura (PRJEB535),protein_coding,trtricprjeb535
TTRE12233,TTRE12233_t1,552,protein_coding,,Trichuris trichiura (PRJEB535),protein_coding,trtricprjeb535
TTRE2344,TTRE2344_t1,205,protein_coding,,Trichuris trichiura (PRJEB535),protein_coding,trtricprjeb535
TTRE4355,TTRE4355_t1,665,protein_coding,Cleavage and polyadenylation specificity factor subunit 5  [Source:UniProtKB/TrEMBL;Acc:A0A077YWI5],Trichuris trichiura (PRJEB535),protein_coding,trtricprjeb535
TTRE4881,TTRE4881_t1,553,protein_coding,,Trichuris trichiura (PRJEB535),protein_coding,trtricprjeb535
TTRE7275,TTRE7275_t1,479,protein_coding,,Trichuris trichiura (PRJEB535),protein_coding,trtricprjeb535
TTRE3686,TTRE3686_t1,258,protein_coding,,Trichuris trichiura (PRJEB535),protein_coding,trtricprjeb535
TTRE8051,TTRE8051_t1,198,protein_coding,,Trichuris trichiura (PRJEB535),protein_coding,trtricprjeb535
TTRE10663,TTRE10663_t1,711,protein_coding,,Trichuris trichiura (PRJEB535),protein_coding,trtricprjeb535
TTRE11330,TTRE11330_t1,448,protein_coding,Protein phosphatase 1 regulatory subunit 15A  [Source:UniProtKB/TrEMBL;Acc:A0A077Z6Z5],Trichuris trichiura (PRJEB535),protein_coding,trtricprjeb535
TTRE6920,TTRE6920_t1,383,protein_coding,,Trichuris trichiura (PRJEB535),protein_coding,trtricprjeb535
TTRE144,TTRE144_t1,203,protein_coding,,Trichuris trichiura (PRJEB535),protein_coding,trtricprjeb535
TTRE5884,TTRE5884_t1,362,protein_coding,,Trichuris trichiura (PRJEB535),protein_coding,trtricprjeb535
TTRE3576,TTRE3576_t1,671,protein_coding,26S proteasome non-ATPase regulatory subunit 13  [Source:UniProtKB/TrEMBL;Acc:A0A077Z0E2],Trichuris trichiura (PRJEB535),protein_coding,trtricprjeb535
TTRE12509,TTRE12509_t1,120,protein_coding,,Trichuris trichiura (PRJEB535),protein_coding,trtricprjeb535
TTRE8708,TTRE8708_t1,848,protein_coding,Glyco hydro 19 domain containing protein  [Source:UniProtKB/TrEMBL;Acc:A0A077ZLY8],Trichuris trichiura (PRJEB535),protein_coding,trtricprjeb535
TTRE6312,TTRE6312_t1,678,protein_coding,,Trichuris trichiura (PRJEB535),protein_coding,trtricprjeb535
TTRE10614,TTRE10614_t1,335,protein_coding,Dolichyl-diphosphooligosaccharide--protein glycosyltransferase subunit DAD1  [Source:UniProtKB/TrEMBL;Acc:A0A077Z740],Trichuris trichiura (PRJEB535),protein_coding,trtricprjeb535
TTRE893,TTRE893_t1,457,protein_coding,,Trichuris trichiura (PRJEB535),protein_coding,trtricprjeb535
TTRE1972,TTRE1972_t1,397,protein_coding,Ser:Thr protein phosphatase family protein  [Source:UniProtKB/TrEMBL;Acc:A0A077Z372],Trichuris trichiura (PRJEB535),protein_coding,trtricprjeb535
TTRE7691,TTRE7691_t1,237,protein_coding,PHD-type domain-containing protein  [Source:UniProtKB/TrEMBL;Acc:A0A077Z6F4],Trichuris trichiura (PRJEB535),protein_coding,trtricprjeb535
TTRE11504,TTRE11504_t1,158,protein_coding,,Trichuris trichiura (PRJEB535),protein_coding,trtricprjeb535
TTRE4073,TTRE4073_t1,202,protein_coding,,Trichuris trichiura (PRJEB535),protein_coding,trtricprjeb535
TTRE3966,TTRE3966_t2,558,protein_coding,,Trichuris trichiura (PRJEB535),protein_coding,trtricprjeb535
TTRE2499,TTRE2499_t1,1859,protein_coding,Serologically defined colon cancer antigen  [Source:UniProtKB/TrEMBL;Acc:A0A077Z628],Trichuris trichiura (PRJEB535),protein_coding,trtricprjeb535
TTRE3977,TTRE3977_t1,177,protein_coding,,Trichuris trichiura (PRJEB535),protein_coding,trtricprjeb535
TTRE11664,TTRE11664_t1,506,protein_coding,,Trichuris trichiura (PRJEB535),protein_coding,trtricprjeb535
TTRE3987,TTRE3987_t1,698,protein_coding,,Trichuris trichiura (PRJEB535),protein_coding,trtricprjeb535
TTRE3652,TTRE3652_t1,345,protein_coding,TK protein kinase  [Source:UniProtKB/TrEMBL;Acc:A0A077Z082],Trichuris trichiura (PRJEB535),protein_coding,trtricprjeb535
TTRE5841,TTRE5841_t1,440,protein_coding,,Trichuris trichiura (PRJEB535),protein_coding,trtricprjeb535
TTRE6290,TTRE6290_t1,365,protein_coding,,Trichuris trichiura (PRJEB535),protein_coding,trtricprjeb535
TTRE8117,TTRE8117_t1,173,protein_coding,,Trichuris trichiura (PRJEB535),protein_coding,trtricprjeb535
TTRE6249,TTRE6249_t1,101,protein_coding,"ATP synthase subunit e, mitochondrial  [Source:UniProtKB/TrEMBL;Acc:A0A077Z715]",Trichuris trichiura (PRJEB535),protein_coding,trtricprjeb535
TTRE9280,TTRE9280_t1,338,protein_coding,,Trichuris trichiura (PRJEB535),protein_coding,trtricprjeb535
TTRE5791,TTRE5791_t1,2387,protein_coding,,Trichuris trichiura (PRJEB535),protein_coding,trtricprjeb535
TTRE10799,TTRE10799_t1,744,protein_coding,,Trichuris trichiura (PRJEB535),protein_coding,trtricprjeb535
TTRE5365,TTRE5365_t1,292,protein_coding,,Trichuris trichiura (PRJEB535),protein_coding,trtricprjeb535
TTRE5689,TTRE5689_t1,1916,protein_coding,,Trichuris trichiura (PRJEB535),protein_coding,trtricprjeb535
TTRE10818,TTRE10818_t1,1877,protein_coding,,Trichuris trichiura (PRJEB535),protein_coding,trtricprjeb535
TTRE3012,TTRE3012_t1,840,protein_coding,,Trichuris trichiura (PRJEB535),protein_coding,trtricprjeb535
TTRE343,TTRE343_t1,610,protein_coding,,Trichuris trichiura (PRJEB535),protein_coding,trtricprjeb535
TTRE10814,TTRE10814_t1,267,protein_coding,,Trichuris trichiura (PRJEB535),protein_coding,trtricprjeb535
TTRE8210,TTRE8210_t1,290,protein_coding,,Trichuris trichiura (PRJEB535),protein_coding,trtricprjeb535
TTRE8728,TTRE8728_t1,227,protein_coding,,Trichuris trichiura (PRJEB535),protein_coding,trtricprjeb535
TTRE3646,TTRE3646_t1,448,protein_coding,DUF4789 domain-containing protein  [Source:UniProtKB/TrEMBL;Acc:A0A077Z6T7],Trichuris trichiura (PRJEB535),protein_coding,trtricprjeb535
TTRE6208,TTRE6208_t1,203,protein_coding,,Trichuris trichiura (PRJEB535),protein_coding,trtricprjeb535
TTRE9320,TTRE9320_t1,343,protein_coding,,Trichuris trichiura (PRJEB535),protein_coding,trtricprjeb535
TTRE8179,TTRE8179_t1,242,protein_coding,,Trichuris trichiura (PRJEB535),protein_coding,trtricprjeb535
TTRE7286,TTRE7286_t1,528,protein_coding,,Trichuris trichiura (PRJEB535),protein_coding,trtricprjeb535
TTRE1295,TTRE1295_t1,2122,protein_coding,Peroxidasin  [Source:UniProtKB/TrEMBL;Acc:A0A077Z1Z5],Trichuris trichiura (PRJEB535),protein_coding,trtricprjeb535
TTRE4394,TTRE4394_t1,971,protein_coding,transaldolase  [Source:UniProtKB/TrEMBL;Acc:A0A077Z325],Trichuris trichiura (PRJEB535),protein_coding,trtricprjeb535
TTRE4479,TTRE4479_t1,328,protein_coding,TatD DNase domain containing protein  [Source:UniProtKB/TrEMBL;Acc:A0A077ZG02],Trichuris trichiura (PRJEB535),protein_coding,trtricprjeb535
TTRE7400,TTRE7400_t1,174,protein_coding,,Trichuris trichiura (PRJEB535),protein_coding,trtricprjeb535
TTRE5988,TTRE5988_t1,765,protein_coding,,Trichuris trichiura (PRJEB535),protein_coding,trtricprjeb535
TTRE691,TTRE691_t1,215,protein_coding,,Trichuris trichiura (PRJEB535),protein_coding,trtricprjeb535
TTRE8580,TTRE8580_t1,299,protein_coding,,Trichuris trichiura (PRJEB535),protein_coding,trtricprjeb535
TTRE9953,TTRE9953_t1,448,protein_coding,,Trichuris trichiura (PRJEB535),protein_coding,trtricprjeb535
TTRE4543,TTRE4543_t1,1281,protein_coding,,Trichuris trichiura (PRJEB535),protein_coding,trtricprjeb535
TTRE11711,TTRE11711_t1,293,protein_coding,,Trichuris trichiura (PRJEB535),protein_coding,trtricprjeb535
TTRE11405,TTRE11405_t1,317,protein_coding,,Trichuris trichiura (PRJEB535),protein_coding,trtricprjeb535
TTRE2134,TTRE2134_t1,244,protein_coding,,Trichuris trichiura (PRJEB535),protein_coding,trtricprjeb535
TTRE3960,TTRE3960_t1,207,protein_coding,Phosphatidylethanolamine-binding protein  [Source:UniProtKB/TrEMBL;Acc:A0A077YYR7],Trichuris trichiura (PRJEB535),protein_coding,trtricprjeb535
TTRE10562,TTRE10562_t1,473,protein_coding,,Trichuris trichiura (PRJEB535),protein_coding,trtricprjeb535
TTRE6850,TTRE6850_t1,1799,protein_coding,,Trichuris trichiura (PRJEB535),protein_coding,trtricprjeb535
TTRE1272,TTRE1272_t1,402,protein_coding,,Trichuris trichiura (PRJEB535),protein_coding,trtricprjeb535
TTRE10963,TTRE10963_t1,367,protein_coding,,Trichuris trichiura (PRJEB535),protein_coding,trtricprjeb535
TTRE7472,TTRE7472_t1,278,protein_coding,,Trichuris trichiura (PRJEB535),protein_coding,trtricprjeb535
TTRE967,TTRE967_t1,275,protein_coding,,Trichuris trichiura (PRJEB535),protein_coding,trtricprjeb535
TTRE9251,TTRE9251_t1,270,protein_coding,,Trichuris trichiura (PRJEB535),protein_coding,trtricprjeb535
TTRE8314,TTRE8314_t1,261,protein_coding,,Trichuris trichiura (PRJEB535),protein_coding,trtricprjeb535
TTRE7475,TTRE7475_t1,1054,protein_coding,,Trichuris trichiura (PRJEB535),protein_coding,trtricprjeb535
TTRE3637,TTRE3637_t1,538,protein_coding,,Trichuris trichiura (PRJEB535),protein_coding,trtricprjeb535
TTRE1945,TTRE1945_t1,418,protein_coding,,Trichuris trichiura (PRJEB535),protein_coding,trtricprjeb535
TTRE5218,TTRE5218_t1,747,protein_coding,,Trichuris trichiura (PRJEB535),protein_coding,trtricprjeb535
TTRE7775,TTRE7775_t1,221,protein_coding,,Trichuris trichiura (PRJEB535),protein_coding,trtricprjeb535
TTRE5240,TTRE5240_t1,203,protein_coding,,Trichuris trichiura (PRJEB535),protein_coding,trtricprjeb535
TTRE1090,TTRE1090_t1,200,protein_coding,Trifunctional enzyme subunit beta  [Source:UniProtKB/TrEMBL;Acc:A0A077ZBD5],Trichuris trichiura (PRJEB535),protein_coding,trtricprjeb535
TTRE6329,TTRE6329_t1,140,protein_coding,,Trichuris trichiura (PRJEB535),protein_coding,trtricprjeb535
TTRE10857,TTRE10857_t1,503,protein_coding,,Trichuris trichiura (PRJEB535),protein_coding,trtricprjeb535
TTRE4258,TTRE4258_t1,341,protein_coding,,Trichuris trichiura (PRJEB535),protein_coding,trtricprjeb535
TTRE4232,TTRE4232_t1,207,protein_coding,RUN and PX domain containing protein  [Source:UniProtKB/TrEMBL;Acc:A0A077ZD82],Trichuris trichiura (PRJEB535),protein_coding,trtricprjeb535
TTRE977,TTRE977_t1,2300,protein_coding,Xenotropic and polytropic retrovirus receptor 1  [Source:UniProtKB/TrEMBL;Acc:A0A077ZJ59],Trichuris trichiura (PRJEB535),protein_coding,trtricprjeb535
TTRE11853,TTRE11853_t1,395,protein_coding,,Trichuris trichiura (PRJEB535),protein_coding,trtricprjeb535
TTRE10010,TTRE10010_t1,945,protein_coding,RabGAP-TBC domain containing protein  [Source:UniProtKB/TrEMBL;Acc:A0A077Z0S6],Trichuris trichiura (PRJEB535),protein_coding,trtricprjeb535
TTRE1422,TTRE1422_t1,1429,protein_coding,,Trichuris trichiura (PRJEB535),protein_coding,trtricprjeb535
TTRE6995,TTRE6995_t1,514,protein_coding,Peptidase A2 domain-containing protein  [Source:UniProtKB/TrEMBL;Acc:A0A077ZKP2],Trichuris trichiura (PRJEB535),protein_coding,trtricprjeb535
TTRE2948,TTRE2948_t1,189,protein_coding,Mannose 1 phosphate guanyltransferase alpha A  [Source:UniProtKB/TrEMBL;Acc:A0A077Z7N6],Trichuris trichiura (PRJEB535),protein_coding,trtricprjeb535
TTRE9073,TTRE9073_t1,275,protein_coding,Ank 5 and ArfGap and SH3 2 domain containing prot ein  [Source:UniProtKB/TrEMBL;Acc:A0A077YYI6],Trichuris trichiura (PRJEB535),protein_coding,trtricprjeb535
TTRE5774,TTRE5774_t1,101,protein_coding,,Trichuris trichiura (PRJEB535),protein_coding,trtricprjeb535
TTRE6867,TTRE6867_t1,1322,protein_coding,,Trichuris trichiura (PRJEB535),protein_coding,trtricprjeb535
TTRE11481,TTRE11481_t1,806,protein_coding,Sepiapterin reductase  [Source:UniProtKB/TrEMBL;Acc:A0A077ZC53],Trichuris trichiura (PRJEB535),protein_coding,trtricprjeb535
TTRE11074,TTRE11074_t1,806,protein_coding,,Trichuris trichiura (PRJEB535),protein_coding,trtricprjeb535
TTRE680,TTRE680_t1,262,protein_coding,,Trichuris trichiura (PRJEB535),protein_coding,trtricprjeb535
TTRE12455,TTRE12455_t1,414,protein_coding,,Trichuris trichiura (PRJEB535),protein_coding,trtricprjeb535
TTRE10612,TTRE10612_t1,163,protein_coding,,Trichuris trichiura (PRJEB535),protein_coding,trtricprjeb535
TTRE3704,TTRE3704_t1,392,protein_coding,,Trichuris trichiura (PRJEB535),protein_coding,trtricprjeb535
TTRE11450,TTRE11450_t1,225,protein_coding,non-specific protein-tyrosine kinase  [Source:UniProtKB/TrEMBL;Acc:A0A077Z5R5],Trichuris trichiura (PRJEB535),protein_coding,trtricprjeb535
TTRE5264,TTRE5264_t1,157,protein_coding,,Trichuris trichiura (PRJEB535),protein_coding,trtricprjeb535
TTRE2597,TTRE2597_t1,899,protein_coding,F-box domain containing protein  [Source:UniProtKB/TrEMBL;Acc:A0A077Z1D7],Trichuris trichiura (PRJEB535),protein_coding,trtricprjeb535
TTRE10915,TTRE10915_t1,242,protein_coding,,Trichuris trichiura (PRJEB535),protein_coding,trtricprjeb535
TTRE6983,TTRE6983_t1,183,protein_coding,,Trichuris trichiura (PRJEB535),protein_coding,trtricprjeb535
TTRE1163,TTRE1163_t1,589,protein_coding,,Trichuris trichiura (PRJEB535),protein_coding,trtricprjeb535
TTRE960,TTRE960_t1,1541,protein_coding,WD40 domain containing protein  [Source:UniProtKB/TrEMBL;Acc:A0A077ZJP6],Trichuris trichiura (PRJEB535),protein_coding,trtricprjeb535
TTRE7187,TTRE7187_t1,797,protein_coding,,Trichuris trichiura (PRJEB535),protein_coding,trtricprjeb535
TTRE8610,TTRE8610_t1,212,protein_coding,Malate dehydrogenase  [Source:UniProtKB/TrEMBL;Acc:A0A077YZW9],Trichuris trichiura (PRJEB535),protein_coding,trtricprjeb535
TTRE8913,TTRE8913_t1,407,protein_coding,,Trichuris trichiura (PRJEB535),protein_coding,trtricprjeb535
TTRE942,TTRE942_t1,244,protein_coding,,Trichuris trichiura (PRJEB535),protein_coding,trtricprjeb535
TTRE11874,TTRE11874_t1,897,protein_coding,,Trichuris trichiura (PRJEB535),protein_coding,trtricprjeb535
TTRE10680,TTRE10680_t1,197,protein_coding,,Trichuris trichiura (PRJEB535),protein_coding,trtricprjeb535
TTRE3562,TTRE3562_t1,452,protein_coding,,Trichuris trichiura (PRJEB535),protein_coding,trtricprjeb535
TTRE12453,TTRE12453_t1,462,protein_coding,,Trichuris trichiura (PRJEB535),protein_coding,trtricprjeb535
TTRE1494,TTRE1494_t1,237,protein_coding,non-specific serine/threonine protein kinase  [Source:UniProtKB/TrEMBL;Acc:A0A077Z968],Trichuris trichiura (PRJEB535),protein_coding,trtricprjeb535
TTRE84,TTRE84_t1,737,protein_coding,Protein Sh2d3c  [Source:UniProtKB/TrEMBL;Acc:A0A077YX36],Trichuris trichiura (PRJEB535),protein_coding,trtricprjeb535
TTRE8352,TTRE8352_t1,283,protein_coding,,Trichuris trichiura (PRJEB535),protein_coding,trtricprjeb535
TTRE1911,TTRE1911_t1,239,protein_coding,,Trichuris trichiura (PRJEB535),protein_coding,trtricprjeb535
TTRE9829,TTRE9829_t1,1223,protein_coding,Mediator of RNA polymerase II transcription subunit 14  [Source:UniProtKB/TrEMBL;Acc:A0A077ZAX8],Trichuris trichiura (PRJEB535),protein_coding,trtricprjeb535
TTRE4876,TTRE4876_t1,1107,protein_coding,Fuz_longin_1 domain-containing protein  [Source:UniProtKB/TrEMBL;Acc:A0A077Z7C8],Trichuris trichiura (PRJEB535),protein_coding,trtricprjeb535
TTRE7819,TTRE7819_t1,392,protein_coding,,Trichuris trichiura (PRJEB535),protein_coding,trtricprjeb535
TTRE12532,TTRE12532_t1,2309,protein_coding,,Trichuris trichiura (PRJEB535),protein_coding,trtricprjeb535
TTRE6386,TTRE6386_t1,740,protein_coding,RING-type E3 ubiquitin transferase  [Source:UniProtKB/TrEMBL;Acc:A0A077ZDM6],Trichuris trichiura (PRJEB535),protein_coding,trtricprjeb535
TTRE6915,TTRE6915_t1,383,protein_coding,,Trichuris trichiura (PRJEB535),protein_coding,trtricprjeb535
TTRE8221,TTRE8221_t1,1057,protein_coding,SpoU_methylase domain-containing protein  [Source:UniProtKB/TrEMBL;Acc:A0A077Z8N1],Trichuris trichiura (PRJEB535),protein_coding,trtricprjeb535
TTRE2568,TTRE2568_t1,149,protein_coding,,Trichuris trichiura (PRJEB535),protein_coding,trtricprjeb535
TTRE11235,TTRE11235_t1,1004,protein_coding,ATP binding cassette sub family A  [Source:UniProtKB/TrEMBL;Acc:A0A077Z1D0],Trichuris trichiura (PRJEB535),protein_coding,trtricprjeb535
TTRE7264,TTRE7264_t1,803,protein_coding,,Trichuris trichiura (PRJEB535),protein_coding,trtricprjeb535
TTRE9137,TTRE9137_t1,1416,protein_coding,,Trichuris trichiura (PRJEB535),protein_coding,trtricprjeb535
TTRE8793,TTRE8793_t1,1291,protein_coding,malate synthase  [Source:UniProtKB/TrEMBL;Acc:A0A077YZB9],Trichuris trichiura (PRJEB535),protein_coding,trtricprjeb535
TTRE8034,TTRE8034_t1,399,protein_coding,,Trichuris trichiura (PRJEB535),protein_coding,trtricprjeb535
TTRE9159,TTRE9159_t1,2865,protein_coding,,Trichuris trichiura (PRJEB535),protein_coding,trtricprjeb535
TTRE8499,TTRE8499_t1,205,protein_coding,,Trichuris trichiura (PRJEB535),protein_coding,trtricprjeb535
TTRE10584,TTRE10584_t1,1158,protein_coding,,Trichuris trichiura (PRJEB535),protein_coding,trtricprjeb535
TTRE1271,TTRE1271_t1,141,protein_coding,C4-dicarboxylate ABC transporter  [Source:UniProtKB/TrEMBL;Acc:A0A077ZBF0],Trichuris trichiura (PRJEB535),protein_coding,trtricprjeb535
TTRE5589,TTRE5589_t1,462,protein_coding,,Trichuris trichiura (PRJEB535),protein_coding,trtricprjeb535
TTRE8217,TTRE8217_t1,839,protein_coding,,Trichuris trichiura (PRJEB535),protein_coding,trtricprjeb535
TTRE12195,TTRE12195_t1,1178,protein_coding,,Trichuris trichiura (PRJEB535),protein_coding,trtricprjeb535
TTRE2374,TTRE2374_t1,1646,protein_coding,,Trichuris trichiura (PRJEB535),protein_coding,trtricprjeb535
TTRE11416,TTRE11416_t1,419,protein_coding,,Trichuris trichiura (PRJEB535),protein_coding,trtricprjeb535
TTRE9355,TTRE9355_t1,140,protein_coding,,Trichuris trichiura (PRJEB535),protein_coding,trtricprjeb535
TTRE70,TTRE70_t1,322,protein_coding,Rho GTPase activating protein 29  [Source:UniProtKB/TrEMBL;Acc:A0A077Z0J9],Trichuris trichiura (PRJEB535),protein_coding,trtricprjeb535
TTRE10771,TTRE10771_t1,522,protein_coding,,Trichuris trichiura (PRJEB535),protein_coding,trtricprjeb535
TTRE9070,TTRE9070_t1,192,protein_coding,,Trichuris trichiura (PRJEB535),protein_coding,trtricprjeb535
TTRE12265,TTRE12265_t1,140,protein_coding,,Trichuris trichiura (PRJEB535),protein_coding,trtricprjeb535
TTRE1795,TTRE1795_t1,1780,protein_coding,,Trichuris trichiura (PRJEB535),protein_coding,trtricprjeb535
TTRE1484,TTRE1484_t1,1599,protein_coding,,Trichuris trichiura (PRJEB535),protein_coding,trtricprjeb535
TTRE11852,TTRE11852_t1,509,protein_coding,,Trichuris trichiura (PRJEB535),protein_coding,trtricprjeb535
TTRE10532,TTRE10532_t1,752,protein_coding,,Trichuris trichiura (PRJEB535),protein_coding,trtricprjeb535
TTRE3329,TTRE3329_t1,451,protein_coding,Solute carrier family 12  [Source:UniProtKB/TrEMBL;Acc:A0A077ZGV7],Trichuris trichiura (PRJEB535),protein_coding,trtricprjeb535
TTRE1122,TTRE1122_t1,1286,protein_coding,FMRFamide receptor  [Source:UniProtKB/TrEMBL;Acc:A0A077ZB07],Trichuris trichiura (PRJEB535),protein_coding,trtricprjeb535
TTRE761,TTRE761_t1,259,protein_coding,,Trichuris trichiura (PRJEB535),protein_coding,trtricprjeb535
TTRE8043,TTRE8043_t1,637,protein_coding,,Trichuris trichiura (PRJEB535),protein_coding,trtricprjeb535
TTRE8351,TTRE8351_t1,170,protein_coding,,Trichuris trichiura (PRJEB535),protein_coding,trtricprjeb535
TTRE2509,TTRE2509_t1,783,protein_coding,,Trichuris trichiura (PRJEB535),protein_coding,trtricprjeb535
TTRE7807,TTRE7807_t1,831,protein_coding,,Trichuris trichiura (PRJEB535),protein_coding,trtricprjeb535
TTRE5303,TTRE5303_t1,452,protein_coding,AMP binding enzyme family protein  [Source:UniProtKB/TrEMBL;Acc:A0A077Z2L2],Trichuris trichiura (PRJEB535),protein_coding,trtricprjeb535
TTRE1299,TTRE1299_t1,798,protein_coding,,Trichuris trichiura (PRJEB535),protein_coding,trtricprjeb535
TTRE4602,TTRE4602_t1,773,protein_coding,,Trichuris trichiura (PRJEB535),protein_coding,trtricprjeb535
TTRE12598,TTRE12598_t1,342,protein_coding,,Trichuris trichiura (PRJEB535),protein_coding,trtricprjeb535
TTRE7336,TTRE7336_t1,186,protein_coding,,Trichuris trichiura (PRJEB535),protein_coding,trtricprjeb535
TTRE7067,TTRE7067_t1,1649,protein_coding,,Trichuris trichiura (PRJEB535),protein_coding,trtricprjeb535
TTRE3996,TTRE3996_t1,577,protein_coding,,Trichuris trichiura (PRJEB535),protein_coding,trtricprjeb535
TTRE9351,TTRE9351_t1,278,protein_coding,,Trichuris trichiura (PRJEB535),protein_coding,trtricprjeb535
TTRE11371,TTRE11371_t1,185,protein_coding,,Trichuris trichiura (PRJEB535),protein_coding,trtricprjeb535
TTRE9971,TTRE9971_t1,265,protein_coding,,Trichuris trichiura (PRJEB535),protein_coding,trtricprjeb535
TTRE11418,TTRE11418_t1,227,protein_coding,,Trichuris trichiura (PRJEB535),protein_coding,trtricprjeb535
TTRE1581,TTRE1581_t1,580,protein_coding,,Trichuris trichiura (PRJEB535),protein_coding,trtricprjeb535
TTRE8575,TTRE8575_t1,181,protein_coding,tRNA (guanine-N(7)-)-methyltransferase  [Source:UniProtKB/TrEMBL;Acc:A0A077Z0P0],Trichuris trichiura (PRJEB535),protein_coding,trtricprjeb535
TTRE3815,TTRE3815_t1,239,protein_coding,"28S ribosomal protein S27, mitochondrial  [Source:UniProtKB/TrEMBL;Acc:A0A077Z7T4]",Trichuris trichiura (PRJEB535),protein_coding,trtricprjeb535
TTRE11213,TTRE11213_t1,611,protein_coding,,Trichuris trichiura (PRJEB535),protein_coding,trtricprjeb535
TTRE1672,TTRE1672_t1,342,protein_coding,,Trichuris trichiura (PRJEB535),protein_coding,trtricprjeb535
TTRE9827,TTRE9827_t1,419,protein_coding,60S ribosomal protein L14  [Source:UniProtKB/TrEMBL;Acc:A0A077ZDL3],Trichuris trichiura (PRJEB535),protein_coding,trtricprjeb535
TTRE2250,TTRE2250_t1,1295,protein_coding,DUF4470 domain-containing protein  [Source:UniProtKB/TrEMBL;Acc:A0A077ZLK5],Trichuris trichiura (PRJEB535),protein_coding,trtricprjeb535
TTRE11443,TTRE11443_t1,205,protein_coding,Lethal(2)neighbour of Tid protein  [Source:UniProtKB/TrEMBL;Acc:A0A077ZC26],Trichuris trichiura (PRJEB535),protein_coding,trtricprjeb535
TTRE1943,TTRE1943_t1,785,protein_coding,,Trichuris trichiura (PRJEB535),protein_coding,trtricprjeb535
TTRE3146,TTRE3146_t1,2294,protein_coding,7 transmembrane receptor  [Source:UniProtKB/TrEMBL;Acc:A0A077ZBF3],Trichuris trichiura (PRJEB535),protein_coding,trtricprjeb535
TTRE3824,TTRE3824_t1,399,protein_coding,,Trichuris trichiura (PRJEB535),protein_coding,trtricprjeb535
TTRE6242,TTRE6242_t1,292,protein_coding,,Trichuris trichiura (PRJEB535),protein_coding,trtricprjeb535
TTRE3208,TTRE3208_t1,1093,protein_coding,,Trichuris trichiura (PRJEB535),protein_coding,trtricprjeb535
TTRE3880,TTRE3880_t1,2237,protein_coding,,Trichuris trichiura (PRJEB535),protein_coding,trtricprjeb535
TTRE8524,TTRE8524_t1,978,protein_coding,,Trichuris trichiura (PRJEB535),protein_coding,trtricprjeb535
TTRE9942,TTRE9942_t1,955,protein_coding,TGF beta and TGFb propeptide domain containing pr otein  [Source:UniProtKB/TrEMBL;Acc:A0A077Z3K0],Trichuris trichiura (PRJEB535),protein_coding,trtricprjeb535
TTRE4367,TTRE4367_t1,673,protein_coding,DNA repair protein RAD51 homolog  [Source:UniProtKB/TrEMBL;Acc:A0A077YZT8],Trichuris trichiura (PRJEB535),protein_coding,trtricprjeb535
TTRE12304,TTRE12304_t1,880,protein_coding,,Trichuris trichiura (PRJEB535),protein_coding,trtricprjeb535
TTRE1383,TTRE1383_t1,300,protein_coding,Rab GDP dissociation inhibitor  [Source:UniProtKB/TrEMBL;Acc:A0A077YYH2],Trichuris trichiura (PRJEB535),protein_coding,trtricprjeb535
TTRE1606,TTRE1606_t1,152,protein_coding,,Trichuris trichiura (PRJEB535),protein_coding,trtricprjeb535
TTRE9303,TTRE9303_t1,242,protein_coding,,Trichuris trichiura (PRJEB535),protein_coding,trtricprjeb535
TTRE6565,TTRE6565_t1,217,protein_coding,,Trichuris trichiura (PRJEB535),protein_coding,trtricprjeb535
TTRE11033,TTRE11033_t1,563,protein_coding,,Trichuris trichiura (PRJEB535),protein_coding,trtricprjeb535
TTRE5639,TTRE5639_t1,1355,protein_coding,WD40 domain containing protein  [Source:UniProtKB/TrEMBL;Acc:A0A077Z5B4],Trichuris trichiura (PRJEB535),protein_coding,trtricprjeb535
TTRE9606,TTRE9606_t1,516,protein_coding,,Trichuris trichiura (PRJEB535),protein_coding,trtricprjeb535
TTRE570,TTRE570_t1,274,protein_coding,,Trichuris trichiura (PRJEB535),protein_coding,trtricprjeb535
TTRE7978,TTRE7978_t1,275,protein_coding,,Trichuris trichiura (PRJEB535),protein_coding,trtricprjeb535
TTRE4943,TTRE4943_t1,122,protein_coding,,Trichuris trichiura (PRJEB535),protein_coding,trtricprjeb535
TTRE6045,TTRE6045_t1,1343,protein_coding,,Trichuris trichiura (PRJEB535),protein_coding,trtricprjeb535
TTRE12663,TTRE12663_t1,654,protein_coding,Gag pol polyprotein  [Source:UniProtKB/TrEMBL;Acc:A0A077ZKS8],Trichuris trichiura (PRJEB535),protein_coding,trtricprjeb535
TTRE5449,TTRE5449_t1,179,protein_coding,,Trichuris trichiura (PRJEB535),protein_coding,trtricprjeb535
TTRE11718,TTRE11718_t1,364,protein_coding,,Trichuris trichiura (PRJEB535),protein_coding,trtricprjeb535
TTRE5084,TTRE5084_t1,353,protein_coding,Protein TFG  [Source:UniProtKB/TrEMBL;Acc:A0A077Z1I2],Trichuris trichiura (PRJEB535),protein_coding,trtricprjeb535
TTRE9419,TTRE9419_t1,509,protein_coding,,Trichuris trichiura (PRJEB535),protein_coding,trtricprjeb535
TTRE4921,TTRE4921_t1,181,protein_coding,Interferon inducible double stranded rna-dependen t protein kinase activator homolog  [Source:UniProtKB/TrEMBL;Acc:A0A077ZB63],Trichuris trichiura (PRJEB535),protein_coding,trtricprjeb535
TTRE9389,TTRE9389_t1,401,protein_coding,,Trichuris trichiura (PRJEB535),protein_coding,trtricprjeb535
TTRE9240,TTRE9240_t1,151,protein_coding,,Trichuris trichiura (PRJEB535),protein_coding,trtricprjeb535
TTRE5323,TTRE5323_t1,497,protein_coding,,Trichuris trichiura (PRJEB535),protein_coding,trtricprjeb535
TTRE1450,TTRE1450_t1,224,protein_coding,,Trichuris trichiura (PRJEB535),protein_coding,trtricprjeb535
TTRE4083,TTRE4083_t1,959,protein_coding,WD repeat containing protein 5  [Source:UniProtKB/TrEMBL;Acc:A0A077YVT8],Trichuris trichiura (PRJEB535),protein_coding,trtricprjeb535
TTRE9883,TTRE9883_t1,455,protein_coding,,Trichuris trichiura (PRJEB535),protein_coding,trtricprjeb535
TTRE3967,TTRE3967_t1,1739,protein_coding,,Trichuris trichiura (PRJEB535),protein_coding,trtricprjeb535
TTRE4583,TTRE4583_t1,266,protein_coding,ubiquitinyl hydrolase 1  [Source:UniProtKB/TrEMBL;Acc:A0A077Z7E3],Trichuris trichiura (PRJEB535),protein_coding,trtricprjeb535
TTRE11261,TTRE11261_t1,196,protein_coding,PAS 11 and HLH domain containing protein  [Source:UniProtKB/TrEMBL;Acc:A0A077Z2I8],Trichuris trichiura (PRJEB535),protein_coding,trtricprjeb535
TTRE674,TTRE674_t1,1112,protein_coding,,Trichuris trichiura (PRJEB535),protein_coding,trtricprjeb535
TTRE12655,TTRE12655_t1,2150,protein_coding,,Trichuris trichiura (PRJEB535),protein_coding,trtricprjeb535
TTRE5503,TTRE5503_t1,304,protein_coding,,Trichuris trichiura (PRJEB535),protein_coding,trtricprjeb535
TTRE5822,TTRE5822_t1,541,protein_coding,,Trichuris trichiura (PRJEB535),protein_coding,trtricprjeb535
TTRE9786,TTRE9786_t1,553,protein_coding,,Trichuris trichiura (PRJEB535),protein_coding,trtricprjeb535
TTRE4149,TTRE4149_t1,1502,protein_coding,"Zinc finger, C2H2 type family protein  [Source:UniProtKB/TrEMBL;Acc:A0A077ZM18]",Trichuris trichiura (PRJEB535),protein_coding,trtricprjeb535
TTRE7003,TTRE7003_t1,497,protein_coding,,Trichuris trichiura (PRJEB535),protein_coding,trtricprjeb535
TTRE7814,TTRE7814_t1,577,protein_coding,Lectin C domain containing protein  [Source:UniProtKB/TrEMBL;Acc:A0A077ZE49],Trichuris trichiura (PRJEB535),protein_coding,trtricprjeb535
TTRE3149,TTRE3149_t1,241,protein_coding,,Trichuris trichiura (PRJEB535),protein_coding,trtricprjeb535
TTRE11674,TTRE11674_t1,304,protein_coding,,Trichuris trichiura (PRJEB535),protein_coding,trtricprjeb535
TTRE1642,TTRE1642_t1,213,protein_coding,,Trichuris trichiura (PRJEB535),protein_coding,trtricprjeb535
TTRE2086,TTRE2086_t1,203,protein_coding,,Trichuris trichiura (PRJEB535),protein_coding,trtricprjeb535
TTRE694,TTRE694_t1,156,protein_coding,,Trichuris trichiura (PRJEB535),protein_coding,trtricprjeb535
TTRE56,TTRE56_t1,1125,protein_coding,,Trichuris trichiura (PRJEB535),protein_coding,trtricprjeb535
TTRE75,TTRE75_t1,254,protein_coding,,Trichuris trichiura (PRJEB535),protein_coding,trtricprjeb535
TTRE11617,TTRE11617_t1,332,protein_coding,,Trichuris trichiura (PRJEB535),protein_coding,trtricprjeb535
TTRE6603,TTRE6603_t1,144,protein_coding,,Trichuris trichiura (PRJEB535),protein_coding,trtricprjeb535
TTRE5635,TTRE5635_t1,148,protein_coding,"39S ribosomal protein L53, mitochondrial  [Source:UniProtKB/TrEMBL;Acc:A0A077YWM7]",Trichuris trichiura (PRJEB535),protein_coding,trtricprjeb535
TTRE632,TTRE632_t1,684,protein_coding,CCR4-NOT transcription complex subunit 9  [Source:UniProtKB/TrEMBL;Acc:A0A077Z651],Trichuris trichiura (PRJEB535),protein_coding,trtricprjeb535
TTRE5853,TTRE5853_t1,292,protein_coding,,Trichuris trichiura (PRJEB535),protein_coding,trtricprjeb535
TTRE5226,TTRE5226_t1,807,protein_coding,,Trichuris trichiura (PRJEB535),protein_coding,trtricprjeb535
TTRE7891,TTRE7891_t1,701,protein_coding,,Trichuris trichiura (PRJEB535),protein_coding,trtricprjeb535
TTRE3699,TTRE3699_t1,605,protein_coding,U3 small nucleolar RNA associated protein 14  [Source:UniProtKB/TrEMBL;Acc:A0A077ZBH3],Trichuris trichiura (PRJEB535),protein_coding,trtricprjeb535
TTRE10298,TTRE10298_t1,117,protein_coding,,Trichuris trichiura (PRJEB535),protein_coding,trtricprjeb535
TTRE8426,TTRE8426_t1,720,protein_coding,,Trichuris trichiura (PRJEB535),protein_coding,trtricprjeb535
TTRE6670,TTRE6670_t1,566,protein_coding,,Trichuris trichiura (PRJEB535),protein_coding,trtricprjeb535
TTRE6437,TTRE6437_t1,1050,protein_coding,,Trichuris trichiura (PRJEB535),protein_coding,trtricprjeb535
TTRE1141,TTRE1141_t2,448,protein_coding,NADH dependent fumarate reductase  [Source:UniProtKB/TrEMBL;Acc:A0A077ZIT3],Trichuris trichiura (PRJEB535),protein_coding,trtricprjeb535
TTRE7933,TTRE7933_t1,281,protein_coding,,Trichuris trichiura (PRJEB535),protein_coding,trtricprjeb535
TTRE7658,TTRE7658_t1,278,protein_coding,Phage protein  [Source:UniProtKB/TrEMBL;Acc:A0A077Z6I4],Trichuris trichiura (PRJEB535),protein_coding,trtricprjeb535
TTRE10387,TTRE10387_t1,536,protein_coding,,Trichuris trichiura (PRJEB535),protein_coding,trtricprjeb535
TTRE11208,TTRE11208_t1,155,protein_coding,,Trichuris trichiura (PRJEB535),protein_coding,trtricprjeb535
TTRE289,TTRE289_t1,275,protein_coding,,Trichuris trichiura (PRJEB535),protein_coding,trtricprjeb535
TTRE6630,TTRE6630_t1,1165,protein_coding,,Trichuris trichiura (PRJEB535),protein_coding,trtricprjeb535
TTRE12406,TTRE12406_t1,721,protein_coding,,Trichuris trichiura (PRJEB535),protein_coding,trtricprjeb535
TTRE3454,TTRE3454_t1,296,protein_coding,,Trichuris trichiura (PRJEB535),protein_coding,trtricprjeb535
TTRE2507,TTRE2507_t1,1271,protein_coding,ornithine aminotransferase  [Source:UniProtKB/TrEMBL;Acc:A0A077Z4V5],Trichuris trichiura (PRJEB535),protein_coding,trtricprjeb535
TTRE7958,TTRE7958_t1,748,protein_coding,,Trichuris trichiura (PRJEB535),protein_coding,trtricprjeb535
TTRE3408,TTRE3408_t1,397,protein_coding,Very low-density lipoprotein receptor  [Source:UniProtKB/TrEMBL;Acc:A0A077Z1B5],Trichuris trichiura (PRJEB535),protein_coding,trtricprjeb535
TTRE1490,TTRE1490_t1,212,protein_coding,,Trichuris trichiura (PRJEB535),protein_coding,trtricprjeb535
TTRE4467,TTRE4467_t2,458,protein_coding,Claspin  [Source:UniProtKB/TrEMBL;Acc:A0A077YWY4],Trichuris trichiura (PRJEB535),protein_coding,trtricprjeb535
TTRE5028,TTRE5028_t1,660,protein_coding,"ditrans,polycis-polyprenyl diphosphate synthase [(2E,6E)-farnesyldiphosphate specific]  [Source:UniProtKB/TrEMBL;Acc:A0A077ZMA3]",Trichuris trichiura (PRJEB535),protein_coding,trtricprjeb535
TTRE2317,TTRE2317_t1,531,protein_coding,Polyadenylate-binding protein  [Source:UniProtKB/TrEMBL;Acc:A0A077Z349],Trichuris trichiura (PRJEB535),protein_coding,trtricprjeb535
TTRE9793,TTRE9793_t1,207,protein_coding,,Trichuris trichiura (PRJEB535),protein_coding,trtricprjeb535
TTRE3898,TTRE3898_t2,408,protein_coding,,Trichuris trichiura (PRJEB535),protein_coding,trtricprjeb535
TTRE8458,TTRE8458_t1,361,protein_coding,,Trichuris trichiura (PRJEB535),protein_coding,trtricprjeb535
TTRE1235,TTRE1235_t1,2149,protein_coding,TSP 1 and CBM 14 domain containing protein  [Source:UniProtKB/TrEMBL;Acc:A0A077Z3K5],Trichuris trichiura (PRJEB535),protein_coding,trtricprjeb535
TTRE6436,TTRE6436_t1,809,protein_coding,,Trichuris trichiura (PRJEB535),protein_coding,trtricprjeb535
TTRE3098,TTRE3098_t1,1442,protein_coding,FLYWCH and MULE domain containing protein  [Source:UniProtKB/TrEMBL;Acc:A0A077Z4V8],Trichuris trichiura (PRJEB535),protein_coding,trtricprjeb535
TTRE11609,TTRE11609_t1,545,protein_coding,,Trichuris trichiura (PRJEB535),protein_coding,trtricprjeb535
TTRE1930,TTRE1930_t1,205,protein_coding,,Trichuris trichiura (PRJEB535),protein_coding,trtricprjeb535
TTRE6803,TTRE6803_t1,317,protein_coding,,Trichuris trichiura (PRJEB535),protein_coding,trtricprjeb535
TTRE5540,TTRE5540_t1,186,protein_coding,Ribosome biogenesis protein RLP24  [Source:UniProtKB/TrEMBL;Acc:A0A077Z667],Trichuris trichiura (PRJEB535),protein_coding,trtricprjeb535
TTRE11218,TTRE11218_t1,445,protein_coding,,Trichuris trichiura (PRJEB535),protein_coding,trtricprjeb535
TTRE34,TTRE34_t1,915,protein_coding,Nucleobindin 1  [Source:UniProtKB/TrEMBL;Acc:A0A077ZAK1],Trichuris trichiura (PRJEB535),protein_coding,trtricprjeb535
TTRE7068,TTRE7068_t1,3314,protein_coding,,Trichuris trichiura (PRJEB535),protein_coding,trtricprjeb535
TTRE5821,TTRE5821_t1,209,protein_coding,DnaJ subfamily B 2  [Source:UniProtKB/TrEMBL;Acc:A0A077Z819],Trichuris trichiura (PRJEB535),protein_coding,trtricprjeb535
TTRE6752,TTRE6752_t1,376,protein_coding,,Trichuris trichiura (PRJEB535),protein_coding,trtricprjeb535
TTRE7733,TTRE7733_t2,4859,protein_coding,,Trichuris trichiura (PRJEB535),protein_coding,trtricprjeb535
TTRE6700,TTRE6700_t1,389,protein_coding,p450 domain containing protein  [Source:UniProtKB/TrEMBL;Acc:A0A077ZGA8],Trichuris trichiura (PRJEB535),protein_coding,trtricprjeb535
TTRE9986,TTRE9986_t1,476,protein_coding,,Trichuris trichiura (PRJEB535),protein_coding,trtricprjeb535
TTRE5770,TTRE5770_t1,224,protein_coding,RuvB-like helicase  [Source:UniProtKB/TrEMBL;Acc:A0A077ZJP1],Trichuris trichiura (PRJEB535),protein_coding,trtricprjeb535
TTRE10379,TTRE10379_t1,169,protein_coding,,Trichuris trichiura (PRJEB535),protein_coding,trtricprjeb535
TTRE4291,TTRE4291_t1,248,protein_coding,,Trichuris trichiura (PRJEB535),protein_coding,trtricprjeb535
TTRE3507,TTRE3507_t1,458,protein_coding,,Trichuris trichiura (PRJEB535),protein_coding,trtricprjeb535
TTRE11692,TTRE11692_t1,347,protein_coding,,Trichuris trichiura (PRJEB535),protein_coding,trtricprjeb535
TTRE5828,TTRE5828_t1,185,protein_coding,LanC protein 2  [Source:UniProtKB/TrEMBL;Acc:A0A077Z032],Trichuris trichiura (PRJEB535),protein_coding,trtricprjeb535
TTRE11533,TTRE11533_t1,227,protein_coding,,Trichuris trichiura (PRJEB535),protein_coding,trtricprjeb535
TTRE5947,TTRE5947_t1,168,protein_coding,,Trichuris trichiura (PRJEB535),protein_coding,trtricprjeb535
TTRE4171,TTRE4171_t1,164,protein_coding,,Trichuris trichiura (PRJEB535),protein_coding,trtricprjeb535
TTRE4025,TTRE4025_t2,225,protein_coding,NIF domain containing protein  [Source:UniProtKB/TrEMBL;Acc:A0A077ZEV3],Trichuris trichiura (PRJEB535),protein_coding,trtricprjeb535
TTRE8061,TTRE8061_t1,1526,protein_coding,,Trichuris trichiura (PRJEB535),protein_coding,trtricprjeb535
TTRE12321,TTRE12321_t1,587,protein_coding,,Trichuris trichiura (PRJEB535),protein_coding,trtricprjeb535
TTRE213,TTRE213_t1,197,protein_coding,Glucose-induced degradation protein 8 homolog  [Source:UniProtKB/TrEMBL;Acc:A0A077YXY0],Trichuris trichiura (PRJEB535),protein_coding,trtricprjeb535
TTRE5279,TTRE5279_t1,616,protein_coding,Basic region leucine zipper family protein  [Source:UniProtKB/TrEMBL;Acc:A0A077Z2P0],Trichuris trichiura (PRJEB535),protein_coding,trtricprjeb535
TTRE11007,TTRE11007_t1,167,protein_coding,,Trichuris trichiura (PRJEB535),protein_coding,trtricprjeb535
TTRE10398,TTRE10398_t1,637,protein_coding,,Trichuris trichiura (PRJEB535),protein_coding,trtricprjeb535
TTRE10844,TTRE10844_t1,608,protein_coding,,Trichuris trichiura (PRJEB535),protein_coding,trtricprjeb535
TTRE10425,TTRE10425_t1,234,protein_coding,,Trichuris trichiura (PRJEB535),protein_coding,trtricprjeb535
TTRE5030,TTRE5030_t1,130,protein_coding,,Trichuris trichiura (PRJEB535),protein_coding,trtricprjeb535
TTRE8746,TTRE8746_t1,211,protein_coding,,Trichuris trichiura (PRJEB535),protein_coding,trtricprjeb535
TTRE9981,TTRE9981_t1,459,protein_coding,Laminin G 3 and EGF and FXa inhibition and EGF 3 and CUB and hEGF and EGF CA and GCC2 GCC3 and Sushi and HYR domain containing protein  [Source:UniProtKB/TrEMBL;Acc:A0A077YYS3],Trichuris trichiura (PRJEB535),protein_coding,trtricprjeb535
TTRE6866,TTRE6866_t1,974,protein_coding,,Trichuris trichiura (PRJEB535),protein_coding,trtricprjeb535
TTRE506,TTRE506_t1,192,protein_coding,,Trichuris trichiura (PRJEB535),protein_coding,trtricprjeb535
TTRE6451,TTRE6451_t1,857,protein_coding,Nicotinamide N methyltransferase  [Source:UniProtKB/TrEMBL;Acc:A0A077ZEE9],Trichuris trichiura (PRJEB535),protein_coding,trtricprjeb535
TTRE7206,TTRE7206_t1,410,protein_coding,,Trichuris trichiura (PRJEB535),protein_coding,trtricprjeb535
TTRE2907,TTRE2907_t1,260,protein_coding,,Trichuris trichiura (PRJEB535),protein_coding,trtricprjeb535
TTRE9040,TTRE9040_t1,647,protein_coding,Pentatricopeptide repeat-containing protein  [Source:UniProtKB/TrEMBL;Acc:A0A077YVM0],Trichuris trichiura (PRJEB535),protein_coding,trtricprjeb535
TTRE5983,TTRE5983_t1,851,protein_coding,,Trichuris trichiura (PRJEB535),protein_coding,trtricprjeb535
TTRE4110,TTRE4110_t1,325,protein_coding,,Trichuris trichiura (PRJEB535),protein_coding,trtricprjeb535
TTRE6467,TTRE6467_t1,138,protein_coding,,Trichuris trichiura (PRJEB535),protein_coding,trtricprjeb535
TTRE5366,TTRE5366_t1,328,protein_coding,Proprotein convertase subtilisin:kexin type 4  [Source:UniProtKB/TrEMBL;Acc:A0A077Z5N0],Trichuris trichiura (PRJEB535),protein_coding,trtricprjeb535
TTRE8357,TTRE8357_t1,588,protein_coding,,Trichuris trichiura (PRJEB535),protein_coding,trtricprjeb535
TTRE3188,TTRE3188_t1,380,protein_coding,,Trichuris trichiura (PRJEB535),protein_coding,trtricprjeb535
TTRE1004,TTRE1004_t1,590,protein_coding,,Trichuris trichiura (PRJEB535),protein_coding,trtricprjeb535
TTRE12552,TTRE12552_t1,289,protein_coding,,Trichuris trichiura (PRJEB535),protein_coding,trtricprjeb535
TTRE11399,TTRE11399_t1,396,protein_coding,,Trichuris trichiura (PRJEB535),protein_coding,trtricprjeb535
TTRE11274,TTRE11274_t1,187,protein_coding,,Trichuris trichiura (PRJEB535),protein_coding,trtricprjeb535
TTRE12592,TTRE12592_t1,641,protein_coding,,Trichuris trichiura (PRJEB535),protein_coding,trtricprjeb535
TTRE2052,TTRE2052_t1,886,protein_coding,,Trichuris trichiura (PRJEB535),protein_coding,trtricprjeb535
TTRE8046,TTRE8046_t1,478,protein_coding,,Trichuris trichiura (PRJEB535),protein_coding,trtricprjeb535
TTRE11150,TTRE11150_t1,461,protein_coding,,Trichuris trichiura (PRJEB535),protein_coding,trtricprjeb535
TTRE8092,TTRE8092_t1,320,protein_coding,PC4 domain-containing protein  [Source:UniProtKB/TrEMBL;Acc:A0A077ZDY4],Trichuris trichiura (PRJEB535),protein_coding,trtricprjeb535
TTRE4897,TTRE4897_t1,260,protein_coding,,Trichuris trichiura (PRJEB535),protein_coding,trtricprjeb535
TTRE5997,TTRE5997_t1,348,protein_coding,,Trichuris trichiura (PRJEB535),protein_coding,trtricprjeb535
TTRE1268,TTRE1268_t1,921,protein_coding,,Trichuris trichiura (PRJEB535),protein_coding,trtricprjeb535
TTRE9674,TTRE9674_t1,497,protein_coding,,Trichuris trichiura (PRJEB535),protein_coding,trtricprjeb535
TTRE9803,TTRE9803_t1,522,protein_coding,,Trichuris trichiura (PRJEB535),protein_coding,trtricprjeb535
TTRE8359,TTRE8359_t1,153,protein_coding,,Trichuris trichiura (PRJEB535),protein_coding,trtricprjeb535
TTRE12106,TTRE12106_t1,332,protein_coding,Secreted RxLR effector peptide protein  [Source:UniProtKB/TrEMBL;Acc:A0A077ZI51],Trichuris trichiura (PRJEB535),protein_coding,trtricprjeb535
TTRE10468,TTRE10468_t1,1342,protein_coding,,Trichuris trichiura (PRJEB535),protein_coding,trtricprjeb535
TTRE1830,TTRE1830_t1,341,protein_coding,,Trichuris trichiura (PRJEB535),protein_coding,trtricprjeb535
TTRE6772,TTRE6772_t1,614,protein_coding,,Trichuris trichiura (PRJEB535),protein_coding,trtricprjeb535
TTRE3382,TTRE3382_t1,337,protein_coding,,Trichuris trichiura (PRJEB535),protein_coding,trtricprjeb535
TTRE8296,TTRE8296_t1,221,protein_coding,,Trichuris trichiura (PRJEB535),protein_coding,trtricprjeb535
TTRE6742,TTRE6742_t1,2865,protein_coding,,Trichuris trichiura (PRJEB535),protein_coding,trtricprjeb535
TTRE8031,TTRE8031_t1,572,protein_coding,Ganglioside GM2 activator  [Source:UniProtKB/TrEMBL;Acc:A0A077ZBC2],Trichuris trichiura (PRJEB535),protein_coding,trtricprjeb535
TTRE11516,TTRE11516_t1,1100,protein_coding,,Trichuris trichiura (PRJEB535),protein_coding,trtricprjeb535
TTRE6787,TTRE6787_t1,3921,protein_coding,,Trichuris trichiura (PRJEB535),protein_coding,trtricprjeb535
TTRE2265,TTRE2265_t1,248,protein_coding,,Trichuris trichiura (PRJEB535),protein_coding,trtricprjeb535
TTRE1796,TTRE1796_t1,339,protein_coding,Lysosomal acid phosphatase  [Source:UniProtKB/TrEMBL;Acc:A0A077Z1M2],Trichuris trichiura (PRJEB535),protein_coding,trtricprjeb535
TTRE6261,TTRE6261_t1,145,protein_coding,,Trichuris trichiura (PRJEB535),protein_coding,trtricprjeb535
TTRE5785,TTRE5785_t1,971,protein_coding,Citrate lyase beta  [Source:UniProtKB/TrEMBL;Acc:A0A077Z010],Trichuris trichiura (PRJEB535),protein_coding,trtricprjeb535
TTRE5475,TTRE5475_t1,395,protein_coding,,Trichuris trichiura (PRJEB535),protein_coding,trtricprjeb535
TTRE11619,TTRE11619_t1,199,protein_coding,,Trichuris trichiura (PRJEB535),protein_coding,trtricprjeb535
TTRE6284,TTRE6284_t1,294,protein_coding,,Trichuris trichiura (PRJEB535),protein_coding,trtricprjeb535
TTRE1503,TTRE1503_t1,113,protein_coding,,Trichuris trichiura (PRJEB535),protein_coding,trtricprjeb535
TTRE7631,TTRE7631_t1,391,protein_coding,,Trichuris trichiura (PRJEB535),protein_coding,trtricprjeb535
TTRE8158,TTRE8158_t1,602,protein_coding,Autophagy protein 13  [Source:UniProtKB/TrEMBL;Acc:A0A077Z735],Trichuris trichiura (PRJEB535),protein_coding,trtricprjeb535
TTRE611,TTRE611_t1,760,protein_coding,,Trichuris trichiura (PRJEB535),protein_coding,trtricprjeb535
TTRE1033,TTRE1033_t1,1223,protein_coding,,Trichuris trichiura (PRJEB535),protein_coding,trtricprjeb535
TTRE6401,TTRE6401_t1,305,protein_coding,,Trichuris trichiura (PRJEB535),protein_coding,trtricprjeb535
TTRE4004,TTRE4004_t1,299,protein_coding,,Trichuris trichiura (PRJEB535),protein_coding,trtricprjeb535
TTRE5004,TTRE5004_t1,554,protein_coding,ADP ribosylation factor protein 2 like  [Source:UniProtKB/TrEMBL;Acc:A0A077Z4L4],Trichuris trichiura (PRJEB535),protein_coding,trtricprjeb535
TTRE7000,TTRE7000_t1,281,protein_coding,,Trichuris trichiura (PRJEB535),protein_coding,trtricprjeb535
TTRE7194,TTRE7194_t1,1455,protein_coding,,Trichuris trichiura (PRJEB535),protein_coding,trtricprjeb535
TTRE1611,TTRE1611_t1,475,protein_coding,,Trichuris trichiura (PRJEB535),protein_coding,trtricprjeb535
TTRE5159,TTRE5159_t1,269,protein_coding,Signal recognition particle 54 kDa protein  [Source:UniProtKB/TrEMBL;Acc:A0A077Z137],Trichuris trichiura (PRJEB535),protein_coding,trtricprjeb535
TTRE8984,TTRE8984_t1,1283,protein_coding,Actin protein 6  [Source:UniProtKB/TrEMBL;Acc:A0A077Z9I9],Trichuris trichiura (PRJEB535),protein_coding,trtricprjeb535
TTRE4167,TTRE4167_t1,228,protein_coding,Cubilin  [Source:UniProtKB/TrEMBL;Acc:A0A077Z754],Trichuris trichiura (PRJEB535),protein_coding,trtricprjeb535
TTRE1802,TTRE1802_t1,283,protein_coding,,Trichuris trichiura (PRJEB535),protein_coding,trtricprjeb535
TTRE2153,TTRE2153_t1,371,protein_coding,DNA-directed RNA polymerase III subunit RPC9  [Source:UniProtKB/TrEMBL;Acc:A0A077ZEF8],Trichuris trichiura (PRJEB535),protein_coding,trtricprjeb535
TTRE10461,TTRE10461_t1,635,protein_coding,,Trichuris trichiura (PRJEB535),protein_coding,trtricprjeb535
TTRE12161,TTRE12161_t1,194,protein_coding,,Trichuris trichiura (PRJEB535),protein_coding,trtricprjeb535
TTRE2096,TTRE2096_t1,568,protein_coding,,Trichuris trichiura (PRJEB535),protein_coding,trtricprjeb535
TTRE12459,TTRE12459_t1,489,protein_coding,,Trichuris trichiura (PRJEB535),protein_coding,trtricprjeb535
TTRE9156,TTRE9156_t1,274,protein_coding,,Trichuris trichiura (PRJEB535),protein_coding,trtricprjeb535
TTRE2397,TTRE2397_t1,578,protein_coding,Transmembrane protein 199  [Source:UniProtKB/TrEMBL;Acc:A0A077ZKU4],Trichuris trichiura (PRJEB535),protein_coding,trtricprjeb535
TTRE4989,TTRE4989_t1,416,protein_coding,Cyclin dependent kinase 9  [Source:UniProtKB/TrEMBL;Acc:A0A077YYQ2],Trichuris trichiura (PRJEB535),protein_coding,trtricprjeb535
TTRE3733,TTRE3733_t1,543,protein_coding,,Trichuris trichiura (PRJEB535),protein_coding,trtricprjeb535
TTRE3044,TTRE3044_t1,1299,protein_coding,,Trichuris trichiura (PRJEB535),protein_coding,trtricprjeb535
TTRE6597,TTRE6597_t1,208,protein_coding,,Trichuris trichiura (PRJEB535),protein_coding,trtricprjeb535
TTRE1359,TTRE1359_t1,215,protein_coding,J domain-containing protein  [Source:UniProtKB/TrEMBL;Acc:A0A077Z4Y4],Trichuris trichiura (PRJEB535),protein_coding,trtricprjeb535
TTRE10081,TTRE10081_t1,1220,protein_coding,TWiK family of potassium channels protein 9  [Source:UniProtKB/TrEMBL;Acc:A0A077Z264],Trichuris trichiura (PRJEB535),protein_coding,trtricprjeb535
TTRE6725,TTRE6725_t1,1138,protein_coding,,Trichuris trichiura (PRJEB535),protein_coding,trtricprjeb535
TTRE2430,TTRE2430_t1,361,protein_coding,,Trichuris trichiura (PRJEB535),protein_coding,trtricprjeb535
TTRE6127,TTRE6127_t1,257,protein_coding,,Trichuris trichiura (PRJEB535),protein_coding,trtricprjeb535
TTRE1182,TTRE1182_t1,176,protein_coding,,Trichuris trichiura (PRJEB535),protein_coding,trtricprjeb535
TTRE10289,TTRE10289_t1,186,protein_coding,,Trichuris trichiura (PRJEB535),protein_coding,trtricprjeb535
TTRE6033,TTRE6033_t1,167,protein_coding,,Trichuris trichiura (PRJEB535),protein_coding,trtricprjeb535
TTRE10930,TTRE10930_t1,830,protein_coding,,Trichuris trichiura (PRJEB535),protein_coding,trtricprjeb535
TTRE10512,TTRE10512_t1,461,protein_coding,,Trichuris trichiura (PRJEB535),protein_coding,trtricprjeb535
TTRE7576,TTRE7576_t1,385,protein_coding,,Trichuris trichiura (PRJEB535),protein_coding,trtricprjeb535
TTRE4659,TTRE4659_t1,224,protein_coding,,Trichuris trichiura (PRJEB535),protein_coding,trtricprjeb535
TTRE3249,TTRE3249_t1,152,protein_coding,,Trichuris trichiura (PRJEB535),protein_coding,trtricprjeb535
TTRE8985,TTRE8985_t1,802,protein_coding,,Trichuris trichiura (PRJEB535),protein_coding,trtricprjeb535
TTRE2898,TTRE2898_t3,880,protein_coding,,Trichuris trichiura (PRJEB535),protein_coding,trtricprjeb535
TTRE4680,TTRE4680_t1,152,protein_coding,,Trichuris trichiura (PRJEB535),protein_coding,trtricprjeb535
TTRE7921,TTRE7921_t1,1255,protein_coding,,Trichuris trichiura (PRJEB535),protein_coding,trtricprjeb535
TTRE7999,TTRE7999_t1,464,protein_coding,,Trichuris trichiura (PRJEB535),protein_coding,trtricprjeb535
TTRE1702,TTRE1702_t1,217,protein_coding,,Trichuris trichiura (PRJEB535),protein_coding,trtricprjeb535
TTRE7197,TTRE7197_t1,300,protein_coding,,Trichuris trichiura (PRJEB535),protein_coding,trtricprjeb535
TTRE77,TTRE77_t1,198,protein_coding,Diacylglycerol kinase  [Source:UniProtKB/TrEMBL;Acc:A0A077Z2Z5],Trichuris trichiura (PRJEB535),protein_coding,trtricprjeb535
TTRE1445,TTRE1445_t1,2336,protein_coding,,Trichuris trichiura (PRJEB535),protein_coding,trtricprjeb535
TTRE2046,TTRE2046_t1,865,protein_coding,,Trichuris trichiura (PRJEB535),protein_coding,trtricprjeb535
TTRE9788,TTRE9788_t1,243,protein_coding,,Trichuris trichiura (PRJEB535),protein_coding,trtricprjeb535
TTRE1457,TTRE1457_t1,1019,protein_coding,Protein phosphatase 1 regulatory subunit 3  [Source:UniProtKB/TrEMBL;Acc:A0A077Z9Q8],Trichuris trichiura (PRJEB535),protein_coding,trtricprjeb535
TTRE10560,TTRE10560_t1,1196,protein_coding,,Trichuris trichiura (PRJEB535),protein_coding,trtricprjeb535
TTRE9500,TTRE9500_t1,174,protein_coding,,Trichuris trichiura (PRJEB535),protein_coding,trtricprjeb535
TTRE1400,TTRE1400_t1,334,protein_coding,,Trichuris trichiura (PRJEB535),protein_coding,trtricprjeb535
TTRE8833,TTRE8833_t1,132,protein_coding,,Trichuris trichiura (PRJEB535),protein_coding,trtricprjeb535
TTRE1355,TTRE1355_t1,158,protein_coding,60S ribosomal protein L8  [Source:UniProtKB/TrEMBL;Acc:A0A077ZC94],Trichuris trichiura (PRJEB535),protein_coding,trtricprjeb535
TTRE9856,TTRE9856_t1,758,protein_coding,,Trichuris trichiura (PRJEB535),protein_coding,trtricprjeb535
TTRE10446,TTRE10446_t1,368,protein_coding,,Trichuris trichiura (PRJEB535),protein_coding,trtricprjeb535
TTRE4751,TTRE4751_t1,287,protein_coding,,Trichuris trichiura (PRJEB535),protein_coding,trtricprjeb535
TTRE2173,TTRE2173_t1,180,protein_coding,,Trichuris trichiura (PRJEB535),protein_coding,trtricprjeb535
TTRE5993,TTRE5993_t1,258,protein_coding,Mitochondrial ornithine transporter  [Source:UniProtKB/TrEMBL;Acc:A0A077Z747],Trichuris trichiura (PRJEB535),protein_coding,trtricprjeb535
TTRE8877,TTRE8877_t1,265,protein_coding,G2/mitotic-specific cyclin-B3  [Source:UniProtKB/TrEMBL;Acc:A0A077Z4N1],Trichuris trichiura (PRJEB535),protein_coding,trtricprjeb535
TTRE10059,TTRE10059_t1,721,protein_coding,,Trichuris trichiura (PRJEB535),protein_coding,trtricprjeb535
TTRE7990,TTRE7990_t1,1372,protein_coding,Transmembrane protein 209  [Source:UniProtKB/TrEMBL;Acc:A0A077Z9A3],Trichuris trichiura (PRJEB535),protein_coding,trtricprjeb535
TTRE11266,TTRE11266_t1,226,protein_coding,,Trichuris trichiura (PRJEB535),protein_coding,trtricprjeb535
TTRE1441,TTRE1441_t1,845,protein_coding,His Phos 1 domain containing protein  [Source:UniProtKB/TrEMBL;Acc:A0A077Z8U4],Trichuris trichiura (PRJEB535),protein_coding,trtricprjeb535
TTRE5195,TTRE5195_t1,1567,protein_coding,Zinc finger protein  [Source:UniProtKB/TrEMBL;Acc:A0A077Z4T4],Trichuris trichiura (PRJEB535),protein_coding,trtricprjeb535
TTRE2171,TTRE2171_t2,381,protein_coding,,Trichuris trichiura (PRJEB535),protein_coding,trtricprjeb535
TTRE6176,TTRE6176_t1,551,protein_coding,protein O-GlcNAc transferase  [Source:UniProtKB/TrEMBL;Acc:A0A077Z8Y4],Trichuris trichiura (PRJEB535),protein_coding,trtricprjeb535
TTRE10531,TTRE10531_t1,323,protein_coding,,Trichuris trichiura (PRJEB535),protein_coding,trtricprjeb535
TTRE4311,TTRE4311_t1,261,protein_coding,5-formyltetrahydrofolate cyclo-ligase  [Source:UniProtKB/TrEMBL;Acc:A0A077ZA77],Trichuris trichiura (PRJEB535),protein_coding,trtricprjeb535
TTRE9970,TTRE9970_t1,239,protein_coding,,Trichuris trichiura (PRJEB535),protein_coding,trtricprjeb535
TTRE1262,TTRE1262_t1,314,protein_coding,,Trichuris trichiura (PRJEB535),protein_coding,trtricprjeb535
TTRE11693,TTRE11693_t1,1655,protein_coding,,Trichuris trichiura (PRJEB535),protein_coding,trtricprjeb535
TTRE487,TTRE487_t1,243,protein_coding,MFS 1 domain containing protein  [Source:UniProtKB/TrEMBL;Acc:A0A077ZDN0],Trichuris trichiura (PRJEB535),protein_coding,trtricprjeb535
TTRE2027,TTRE2027_t1,224,protein_coding,GRIP domain-containing protein  [Source:UniProtKB/TrEMBL;Acc:A0A077YXC3],Trichuris trichiura (PRJEB535),protein_coding,trtricprjeb535
TTRE11042,TTRE11042_t1,744,protein_coding,,Trichuris trichiura (PRJEB535),protein_coding,trtricprjeb535
TTRE771,TTRE771_t1,262,protein_coding,Putative phospholipase d3 protein  [Source:UniProtKB/TrEMBL;Acc:A0A077Z996],Trichuris trichiura (PRJEB535),protein_coding,trtricprjeb535
TTRE3831,TTRE3831_t1,743,protein_coding,,Trichuris trichiura (PRJEB535),protein_coding,trtricprjeb535
TTRE2209,TTRE2209_t1,313,protein_coding,,Trichuris trichiura (PRJEB535),protein_coding,trtricprjeb535
TTRE8709,TTRE8709_t1,2024,protein_coding,,Trichuris trichiura (PRJEB535),protein_coding,trtricprjeb535
TTRE6077,TTRE6077_t1,536,protein_coding,,Trichuris trichiura (PRJEB535),protein_coding,trtricprjeb535
TTRE9407,TTRE9407_t1,213,protein_coding,,Trichuris trichiura (PRJEB535),protein_coding,trtricprjeb535
TTRE2850,TTRE2850_t1,620,protein_coding,,Trichuris trichiura (PRJEB535),protein_coding,trtricprjeb535
TTRE5543,TTRE5543_t1,325,protein_coding,Transportin 1  [Source:UniProtKB/TrEMBL;Acc:A0A077Z919],Trichuris trichiura (PRJEB535),protein_coding,trtricprjeb535
TTRE5823,TTRE5823_t1,257,protein_coding,,Trichuris trichiura (PRJEB535),protein_coding,trtricprjeb535
TTRE12573,TTRE12573_t1,1505,protein_coding,"Transporter, major facilitator family  [Source:UniProtKB/TrEMBL;Acc:A0A077ZDP2]",Trichuris trichiura (PRJEB535),protein_coding,trtricprjeb535
TTRE11058,TTRE11058_t1,986,protein_coding,,Trichuris trichiura (PRJEB535),protein_coding,trtricprjeb535
TTRE12490,TTRE12490_t1,923,protein_coding,,Trichuris trichiura (PRJEB535),protein_coding,trtricprjeb535
TTRE4052,TTRE4052_t1,214,protein_coding,,Trichuris trichiura (PRJEB535),protein_coding,trtricprjeb535
TTRE4837,TTRE4837_t1,280,protein_coding,,Trichuris trichiura (PRJEB535),protein_coding,trtricprjeb535
TTRE6799,TTRE6799_t1,1385,protein_coding,,Trichuris trichiura (PRJEB535),protein_coding,trtricprjeb535
TTRE6710,TTRE6710_t1,351,protein_coding,TUDOR domain containing protein  [Source:UniProtKB/TrEMBL;Acc:A0A077ZDW9],Trichuris trichiura (PRJEB535),protein_coding,trtricprjeb535
TTRE308,TTRE308_t1,636,protein_coding,SHR-BD domain-containing protein  [Source:UniProtKB/TrEMBL;Acc:A0A077YX94],Trichuris trichiura (PRJEB535),protein_coding,trtricprjeb535
TTRE9204,TTRE9204_t1,776,protein_coding,"NADH dehydrogenase [ubiquinone] iron-sulfur protein 3, mitochondrial  [Source:UniProtKB/TrEMBL;Acc:A0A077YZ29]",Trichuris trichiura (PRJEB535),protein_coding,trtricprjeb535
TTRE11733,TTRE11733_t1,476,protein_coding,Nucleoporin NUP35  [Source:UniProtKB/TrEMBL;Acc:A0A077Z448],Trichuris trichiura (PRJEB535),protein_coding,trtricprjeb535
TTRE6922,TTRE6922_t1,235,protein_coding,,Trichuris trichiura (PRJEB535),protein_coding,trtricprjeb535
TTRE81,TTRE81_t1,709,protein_coding,,Trichuris trichiura (PRJEB535),protein_coding,trtricprjeb535
TTRE2412,TTRE2412_t1,491,protein_coding,,Trichuris trichiura (PRJEB535),protein_coding,trtricprjeb535
TTRE2518,TTRE2518_t1,365,protein_coding,GTP binding protein 2  [Source:UniProtKB/TrEMBL;Acc:A0A077ZE73],Trichuris trichiura (PRJEB535),protein_coding,trtricprjeb535
TTRE3695,TTRE3695_t1,288,protein_coding,Actin-related protein 2  [Source:UniProtKB/TrEMBL;Acc:A0A077Z6U3],Trichuris trichiura (PRJEB535),protein_coding,trtricprjeb535
TTRE7959,TTRE7959_t1,761,protein_coding,,Trichuris trichiura (PRJEB535),protein_coding,trtricprjeb535
TTRE6875,TTRE6875_t1,629,protein_coding,,Trichuris trichiura (PRJEB535),protein_coding,trtricprjeb535
TTRE6683,TTRE6683_t1,293,protein_coding,,Trichuris trichiura (PRJEB535),protein_coding,trtricprjeb535
TTRE86,TTRE86_t1,260,protein_coding,Cystatin  [Source:UniProtKB/TrEMBL;Acc:A0A077Z044],Trichuris trichiura (PRJEB535),protein_coding,trtricprjeb535
TTRE153,TTRE153_t1,223,protein_coding,,Trichuris trichiura (PRJEB535),protein_coding,trtricprjeb535
TTRE11679,TTRE11679_t1,706,protein_coding,,Trichuris trichiura (PRJEB535),protein_coding,trtricprjeb535
TTRE5154,TTRE5154_t1,634,protein_coding,,Trichuris trichiura (PRJEB535),protein_coding,trtricprjeb535
TTRE8770,TTRE8770_t1,509,protein_coding,,Trichuris trichiura (PRJEB535),protein_coding,trtricprjeb535
TTRE3330,TTRE3330_t1,468,protein_coding,DNA primase lrg domain containing protein  [Source:UniProtKB/TrEMBL;Acc:A0A077Z1T6],Trichuris trichiura (PRJEB535),protein_coding,trtricprjeb535
TTRE9726,TTRE9726_t1,428,protein_coding,GST C 2 and GST N 3 domain containing protein  [Source:UniProtKB/TrEMBL;Acc:A0A077Z4J6],Trichuris trichiura (PRJEB535),protein_coding,trtricprjeb535
TTRE8898,TTRE8898_t1,358,protein_coding,,Trichuris trichiura (PRJEB535),protein_coding,trtricprjeb535
TTRE12081,TTRE12081_t1,1349,protein_coding,,Trichuris trichiura (PRJEB535),protein_coding,trtricprjeb535
TTRE5432,TTRE5432_t1,743,protein_coding,Major sperm protein  [Source:UniProtKB/TrEMBL;Acc:A0A077Z8Z4],Trichuris trichiura (PRJEB535),protein_coding,trtricprjeb535
TTRE8849,TTRE8849_t1,187,protein_coding,glutamine--tRNA ligase  [Source:UniProtKB/TrEMBL;Acc:A0A077YYP6],Trichuris trichiura (PRJEB535),protein_coding,trtricprjeb535
TTRE2115,TTRE2115_t1,184,protein_coding,60S ribosomal protein L6  [Source:UniProtKB/TrEMBL;Acc:A0A077ZK11],Trichuris trichiura (PRJEB535),protein_coding,trtricprjeb535
TTRE5620,TTRE5620_t1,1042,protein_coding,,Trichuris trichiura (PRJEB535),protein_coding,trtricprjeb535
TTRE12414,TTRE12414_t1,278,protein_coding,,Trichuris trichiura (PRJEB535),protein_coding,trtricprjeb535
TTRE4226,TTRE4226_t1,266,protein_coding,,Trichuris trichiura (PRJEB535),protein_coding,trtricprjeb535
TTRE505,TTRE505_t1,328,protein_coding,Cleavage and polyadenylation specificity factor subunit 4  [Source:UniProtKB/TrEMBL;Acc:A0A077YZD8],Trichuris trichiura (PRJEB535),protein_coding,trtricprjeb535
TTRE1645,TTRE1645_t1,166,protein_coding,,Trichuris trichiura (PRJEB535),protein_coding,trtricprjeb535
TTRE10018,TTRE10018_t1,245,protein_coding,DS domain containing protein  [Source:UniProtKB/TrEMBL;Acc:A0A077Z365],Trichuris trichiura (PRJEB535),protein_coding,trtricprjeb535
TTRE4933,TTRE4933_t1,209,protein_coding,,Trichuris trichiura (PRJEB535),protein_coding,trtricprjeb535
TTRE7007,TTRE7007_t1,169,protein_coding,,Trichuris trichiura (PRJEB535),protein_coding,trtricprjeb535
TTRE4327,TTRE4327_t1,1022,protein_coding,Lysophosphatidylserine lipase ABHD12  [Source:UniProtKB/TrEMBL;Acc:A0A077ZGC2],Trichuris trichiura (PRJEB535),protein_coding,trtricprjeb535
TTRE8862,TTRE8862_t1,746,protein_coding,,Trichuris trichiura (PRJEB535),protein_coding,trtricprjeb535
TTRE3614,TTRE3614_t1,387,protein_coding,Histone binding protein Caf1  [Source:UniProtKB/TrEMBL;Acc:A0A077Z198],Trichuris trichiura (PRJEB535),protein_coding,trtricprjeb535
TTRE2451,TTRE2451_t1,978,protein_coding,EI24 domain containing protein  [Source:UniProtKB/TrEMBL;Acc:A0A077Z7X0],Trichuris trichiura (PRJEB535),protein_coding,trtricprjeb535
TTRE9178,TTRE9178_t1,323,protein_coding,,Trichuris trichiura (PRJEB535),protein_coding,trtricprjeb535
TTRE3137,TTRE3137_t1,266,protein_coding,,Trichuris trichiura (PRJEB535),protein_coding,trtricprjeb535
TTRE11627,TTRE11627_t1,165,protein_coding,,Trichuris trichiura (PRJEB535),protein_coding,trtricprjeb535
TTRE1831,TTRE1831_t1,330,protein_coding,Serine:threonine protein kinase tricorner  [Source:UniProtKB/TrEMBL;Acc:A0A077Z820],Trichuris trichiura (PRJEB535),protein_coding,trtricprjeb535
TTRE7138,TTRE7138_t1,472,protein_coding,,Trichuris trichiura (PRJEB535),protein_coding,trtricprjeb535
TTRE8200,TTRE8200_t1,276,protein_coding,,Trichuris trichiura (PRJEB535),protein_coding,trtricprjeb535
TTRE2972,TTRE2972_t1,188,protein_coding,,Trichuris trichiura (PRJEB535),protein_coding,trtricprjeb535
TTRE11197,TTRE11197_t1,155,protein_coding,,Trichuris trichiura (PRJEB535),protein_coding,trtricprjeb535
TTRE8119,TTRE8119_t1,408,protein_coding,,Trichuris trichiura (PRJEB535),protein_coding,trtricprjeb535
TTRE1345,TTRE1345_t1,212,protein_coding,Dopa decarboxylase  [Source:UniProtKB/TrEMBL;Acc:A0A077Z312],Trichuris trichiura (PRJEB535),protein_coding,trtricprjeb535
TTRE165,TTRE165_t1,128,protein_coding,,Trichuris trichiura (PRJEB535),protein_coding,trtricprjeb535
TTRE2871,TTRE2871_t1,210,protein_coding,,Trichuris trichiura (PRJEB535),protein_coding,trtricprjeb535
TTRE3383,TTRE3383_t1,271,protein_coding,,Trichuris trichiura (PRJEB535),protein_coding,trtricprjeb535
TTRE11799,TTRE11799_t1,129,protein_coding,,Trichuris trichiura (PRJEB535),protein_coding,trtricprjeb535
TTRE11937,TTRE11937_t1,566,protein_coding,,Trichuris trichiura (PRJEB535),protein_coding,trtricprjeb535
TTRE387,TTRE387_t1,172,protein_coding,,Trichuris trichiura (PRJEB535),protein_coding,trtricprjeb535
TTRE4133,TTRE4133_t1,249,protein_coding,,Trichuris trichiura (PRJEB535),protein_coding,trtricprjeb535
TTRE3740,TTRE3740_t1,285,protein_coding,,Trichuris trichiura (PRJEB535),protein_coding,trtricprjeb535
TTRE2281,TTRE2281_t2,163,protein_coding,,Trichuris trichiura (PRJEB535),protein_coding,trtricprjeb535
TTRE11526,TTRE11526_t1,181,protein_coding,,Trichuris trichiura (PRJEB535),protein_coding,trtricprjeb535
TTRE7174,TTRE7174_t1,458,protein_coding,,Trichuris trichiura (PRJEB535),protein_coding,trtricprjeb535
TTRE12164,TTRE12164_t1,636,protein_coding,CCR4-NOT transcription complex subunit 9  [Source:UniProtKB/TrEMBL;Acc:A0A077ZEB6],Trichuris trichiura (PRJEB535),protein_coding,trtricprjeb535
TTRE9084,TTRE9084_t1,199,protein_coding,Mitochondrial-processing peptidase subunit beta  [Source:UniProtKB/TrEMBL;Acc:A0A077Z262],Trichuris trichiura (PRJEB535),protein_coding,trtricprjeb535
TTRE7308,TTRE7308_t1,537,protein_coding,,Trichuris trichiura (PRJEB535),protein_coding,trtricprjeb535
TTRE7517,TTRE7517_t1,446,protein_coding,,Trichuris trichiura (PRJEB535),protein_coding,trtricprjeb535
TTRE10095,TTRE10095_t1,675,protein_coding,,Trichuris trichiura (PRJEB535),protein_coding,trtricprjeb535
TTRE8494,TTRE8494_t1,331,protein_coding,,Trichuris trichiura (PRJEB535),protein_coding,trtricprjeb535
TTRE2730,TTRE2730_t1,255,protein_coding,DUF4078 domain containing protein  [Source:UniProtKB/TrEMBL;Acc:A0A077Z334],Trichuris trichiura (PRJEB535),protein_coding,trtricprjeb535
TTRE284,TTRE284_t2,249,protein_coding,,Trichuris trichiura (PRJEB535),protein_coding,trtricprjeb535
TTRE3949,TTRE3949_t1,220,protein_coding,,Trichuris trichiura (PRJEB535),protein_coding,trtricprjeb535
TTRE12635,TTRE12635_t1,4106,protein_coding,,Trichuris trichiura (PRJEB535),protein_coding,trtricprjeb535
TTRE6687,TTRE6687_t1,479,protein_coding,,Trichuris trichiura (PRJEB535),protein_coding,trtricprjeb535
TTRE6070,TTRE6070_t1,332,protein_coding,,Trichuris trichiura (PRJEB535),protein_coding,trtricprjeb535
TTRE10549,TTRE10549_t1,637,protein_coding,,Trichuris trichiura (PRJEB535),protein_coding,trtricprjeb535
TTRE2244,TTRE2244_t1,2429,protein_coding,Phospholipase A 2 activating protein  [Source:UniProtKB/TrEMBL;Acc:A0A077Z6X3],Trichuris trichiura (PRJEB535),protein_coding,trtricprjeb535
TTRE9216,TTRE9216_t1,1193,protein_coding,Moesin  [Source:UniProtKB/TrEMBL;Acc:A0A077YVC4],Trichuris trichiura (PRJEB535),protein_coding,trtricprjeb535
TTRE1920,TTRE1920_t1,945,protein_coding,Regulator of nonsense transcripts 2  [Source:UniProtKB/TrEMBL;Acc:A0A077YWY9],Trichuris trichiura (PRJEB535),protein_coding,trtricprjeb535
TTRE67,TTRE67_t1,1475,protein_coding,Protein disulfide-isomerase  [Source:UniProtKB/TrEMBL;Acc:A0A077ZJZ3],Trichuris trichiura (PRJEB535),protein_coding,trtricprjeb535
TTRE5932,TTRE5932_t1,470,protein_coding,,Trichuris trichiura (PRJEB535),protein_coding,trtricprjeb535
TTRE1941,TTRE1941_t1,285,protein_coding,,Trichuris trichiura (PRJEB535),protein_coding,trtricprjeb535
TTRE6994,TTRE6994_t1,769,protein_coding,,Trichuris trichiura (PRJEB535),protein_coding,trtricprjeb535
TTRE2696,TTRE2696_t1,261,protein_coding,,Trichuris trichiura (PRJEB535),protein_coding,trtricprjeb535
TTRE10780,TTRE10780_t1,341,protein_coding,,Trichuris trichiura (PRJEB535),protein_coding,trtricprjeb535
TTRE5224,TTRE5224_t1,615,protein_coding,ANK_REP_REGION domain-containing protein  [Source:UniProtKB/TrEMBL;Acc:A0A077Z1V8],Trichuris trichiura (PRJEB535),protein_coding,trtricprjeb535
TTRE1439,TTRE1439_t1,339,protein_coding,,Trichuris trichiura (PRJEB535),protein_coding,trtricprjeb535
TTRE3950,TTRE3950_t1,470,protein_coding,,Trichuris trichiura (PRJEB535),protein_coding,trtricprjeb535
TTRE4815,TTRE4815_t1,313,protein_coding,,Trichuris trichiura (PRJEB535),protein_coding,trtricprjeb535
TTRE8247,TTRE8247_t1,446,protein_coding,,Trichuris trichiura (PRJEB535),protein_coding,trtricprjeb535
TTRE7327,TTRE7327_t1,347,protein_coding,,Trichuris trichiura (PRJEB535),protein_coding,trtricprjeb535
TTRE7018,TTRE7018_t1,1157,protein_coding,,Trichuris trichiura (PRJEB535),protein_coding,trtricprjeb535
TTRE4569,TTRE4569_t1,123,protein_coding,,Trichuris trichiura (PRJEB535),protein_coding,trtricprjeb535
TTRE6880,TTRE6880_t1,722,protein_coding,,Trichuris trichiura (PRJEB535),protein_coding,trtricprjeb535
TTRE7881,TTRE7881_t1,922,protein_coding,,Trichuris trichiura (PRJEB535),protein_coding,trtricprjeb535
TTRE10061,TTRE10061_t1,362,protein_coding,,Trichuris trichiura (PRJEB535),protein_coding,trtricprjeb535
TTRE6132,TTRE6132_t1,353,protein_coding,,Trichuris trichiura (PRJEB535),protein_coding,trtricprjeb535
TTRE516,TTRE516_t1,167,protein_coding,,Trichuris trichiura (PRJEB535),protein_coding,trtricprjeb535
TTRE2586,TTRE2586_t1,138,protein_coding,,Trichuris trichiura (PRJEB535),protein_coding,trtricprjeb535
TTRE9449,TTRE9449_t1,193,protein_coding,,Trichuris trichiura (PRJEB535),protein_coding,trtricprjeb535
TTRE11201,TTRE11201_t1,503,protein_coding,,Trichuris trichiura (PRJEB535),protein_coding,trtricprjeb535
TTRE143,TTRE143_t1,247,protein_coding,SIR2 domain containing protein  [Source:UniProtKB/TrEMBL;Acc:A0A077ZAD6],Trichuris trichiura (PRJEB535),protein_coding,trtricprjeb535
TTRE10956,TTRE10956_t1,2025,protein_coding,,Trichuris trichiura (PRJEB535),protein_coding,trtricprjeb535
TTRE11391,TTRE11391_t1,105,protein_coding,,Trichuris trichiura (PRJEB535),protein_coding,trtricprjeb535
TTRE3951,TTRE3951_t1,233,protein_coding,,Trichuris trichiura (PRJEB535),protein_coding,trtricprjeb535
TTRE11849,TTRE11849_t1,219,protein_coding,,Trichuris trichiura (PRJEB535),protein_coding,trtricprjeb535
TTRE5466,TTRE5466_t1,425,protein_coding,,Trichuris trichiura (PRJEB535),protein_coding,trtricprjeb535
TTRE10926,TTRE10926_t1,147,protein_coding,,Trichuris trichiura (PRJEB535),protein_coding,trtricprjeb535
TTRE367,TTRE367_t1,839,protein_coding,,Trichuris trichiura (PRJEB535),protein_coding,trtricprjeb535
TTRE11638,TTRE11638_t1,787,protein_coding,,Trichuris trichiura (PRJEB535),protein_coding,trtricprjeb535
TTRE1852,TTRE1852_t1,546,protein_coding,"Sno, strawberry notch 1  [Source:UniProtKB/TrEMBL;Acc:A0A077ZK12]",Trichuris trichiura (PRJEB535),protein_coding,trtricprjeb535
TTRE225,TTRE225_t1,819,protein_coding,[histone H3]-trimethyl-L-lysine(4) demethylase  [Source:UniProtKB/TrEMBL;Acc:A0A077YX30],Trichuris trichiura (PRJEB535),protein_coding,trtricprjeb535
TTRE3659,TTRE3659_t1,267,protein_coding,,Trichuris trichiura (PRJEB535),protein_coding,trtricprjeb535
TTRE9930,TTRE9930_t1,571,protein_coding,,Trichuris trichiura (PRJEB535),protein_coding,trtricprjeb535
TTRE9145,TTRE9145_t1,174,protein_coding,,Trichuris trichiura (PRJEB535),protein_coding,trtricprjeb535
TTRE6211,TTRE6211_t1,247,protein_coding,,Trichuris trichiura (PRJEB535),protein_coding,trtricprjeb535
TTRE9002,TTRE9002_t1,221,protein_coding,,Trichuris trichiura (PRJEB535),protein_coding,trtricprjeb535
TTRE3201,TTRE3201_t1,731,protein_coding,NUDIX domain containing protein  [Source:UniProtKB/TrEMBL;Acc:A0A077Z122],Trichuris trichiura (PRJEB535),protein_coding,trtricprjeb535
TTRE7083,TTRE7083_t1,380,protein_coding,,Trichuris trichiura (PRJEB535),protein_coding,trtricprjeb535
TTRE6128,TTRE6128_t1,149,protein_coding,,Trichuris trichiura (PRJEB535),protein_coding,trtricprjeb535
TTRE3353,TTRE3353_t1,1220,protein_coding,ADP-ribosyl cyclase/cyclic ADP-ribose hydrolase  [Source:UniProtKB/TrEMBL;Acc:A0A077ZE30],Trichuris trichiura (PRJEB535),protein_coding,trtricprjeb535
TTRE1732,TTRE1732_t1,532,protein_coding,,Trichuris trichiura (PRJEB535),protein_coding,trtricprjeb535
TTRE1698,TTRE1698_t1,175,protein_coding,,Trichuris trichiura (PRJEB535),protein_coding,trtricprjeb535
TTRE2588,TTRE2588_t1,146,protein_coding,,Trichuris trichiura (PRJEB535),protein_coding,trtricprjeb535
TTRE871,TTRE871_t1,807,protein_coding,,Trichuris trichiura (PRJEB535),protein_coding,trtricprjeb535
TTRE873,TTRE873_t1,143,protein_coding,,Trichuris trichiura (PRJEB535),protein_coding,trtricprjeb535
TTRE9620,TTRE9620_t1,749,protein_coding,,Trichuris trichiura (PRJEB535),protein_coding,trtricprjeb535
TTRE8227,TTRE8227_t1,617,protein_coding,,Trichuris trichiura (PRJEB535),protein_coding,trtricprjeb535
TTRE9148,TTRE9148_t1,225,protein_coding,,Trichuris trichiura (PRJEB535),protein_coding,trtricprjeb535
TTRE9666,TTRE9666_t1,436,protein_coding,,Trichuris trichiura (PRJEB535),protein_coding,trtricprjeb535
TTRE10036,TTRE10036_t1,698,protein_coding,,Trichuris trichiura (PRJEB535),protein_coding,trtricprjeb535
TTRE9841,TTRE9841_t1,486,protein_coding,,Trichuris trichiura (PRJEB535),protein_coding,trtricprjeb535
TTRE12320,TTRE12320_t1,244,protein_coding,,Trichuris trichiura (PRJEB535),protein_coding,trtricprjeb535
TTRE9661,TTRE9661_t1,134,protein_coding,Signal recognition particle 14 kDa protein  [Source:UniProtKB/TrEMBL;Acc:A0A077Z113],Trichuris trichiura (PRJEB535),protein_coding,trtricprjeb535
TTRE12447,TTRE12447_t1,379,protein_coding,,Trichuris trichiura (PRJEB535),protein_coding,trtricprjeb535
TTRE11625,TTRE11625_t1,367,protein_coding,,Trichuris trichiura (PRJEB535),protein_coding,trtricprjeb535
TTRE5656,TTRE5656_t1,266,protein_coding,,Trichuris trichiura (PRJEB535),protein_coding,trtricprjeb535
TTRE10781,TTRE10781_t1,341,protein_coding,,Trichuris trichiura (PRJEB535),protein_coding,trtricprjeb535
TTRE6404,TTRE6404_t1,298,protein_coding,,Trichuris trichiura (PRJEB535),protein_coding,trtricprjeb535
TTRE8977,TTRE8977_t1,334,protein_coding,,Trichuris trichiura (PRJEB535),protein_coding,trtricprjeb535
TTRE11893,TTRE11893_t1,913,protein_coding,,Trichuris trichiura (PRJEB535),protein_coding,trtricprjeb535
TTRE11252,TTRE11252_t1,288,protein_coding,,Trichuris trichiura (PRJEB535),protein_coding,trtricprjeb535
TTRE2266,TTRE2266_t2,385,protein_coding,Nucleolar protein 6  [Source:UniProtKB/TrEMBL;Acc:A0A077ZIT1],Trichuris trichiura (PRJEB535),protein_coding,trtricprjeb535
TTRE2593,TTRE2593_t1,163,protein_coding,,Trichuris trichiura (PRJEB535),protein_coding,trtricprjeb535
TTRE1643,TTRE1643_t1,366,protein_coding,methylmalonyl-CoA mutase  [Source:UniProtKB/TrEMBL;Acc:A0A077ZFD3],Trichuris trichiura (PRJEB535),protein_coding,trtricprjeb535
TTRE6969,TTRE6969_t1,301,protein_coding,,Trichuris trichiura (PRJEB535),protein_coding,trtricprjeb535
TTRE3428,TTRE3428_t1,1220,protein_coding,Protein C14C6.3  [Source:UniProtKB/TrEMBL;Acc:A0A077ZB93],Trichuris trichiura (PRJEB535),protein_coding,trtricprjeb535
TTRE9629,TTRE9629_t1,3524,protein_coding,,Trichuris trichiura (PRJEB535),protein_coding,trtricprjeb535
TTRE1699,TTRE1699_t1,239,protein_coding,,Trichuris trichiura (PRJEB535),protein_coding,trtricprjeb535
TTRE10316,TTRE10316_t1,518,protein_coding,,Trichuris trichiura (PRJEB535),protein_coding,trtricprjeb535
TTRE9104,TTRE9104_t1,566,protein_coding,,Trichuris trichiura (PRJEB535),protein_coding,trtricprjeb535
TTRE11961,TTRE11961_t1,515,protein_coding,,Trichuris trichiura (PRJEB535),protein_coding,trtricprjeb535
TTRE11778,TTRE11778_t1,512,protein_coding,,Trichuris trichiura (PRJEB535),protein_coding,trtricprjeb535
TTRE8083,TTRE8083_t1,674,protein_coding,BED-type domain-containing protein  [Source:UniProtKB/TrEMBL;Acc:A0A077ZGN9],Trichuris trichiura (PRJEB535),protein_coding,trtricprjeb535
TTRE603,TTRE603_t1,315,protein_coding,E3 ubiquitin protein ligase MARCH6  [Source:UniProtKB/TrEMBL;Acc:A0A077ZJG3],Trichuris trichiura (PRJEB535),protein_coding,trtricprjeb535
TTRE2416,TTRE2416_t1,232,protein_coding,,Trichuris trichiura (PRJEB535),protein_coding,trtricprjeb535
TTRE1300,TTRE1300_t1,380,protein_coding,CCR4-NOT transcription complex subunit 7  [Source:UniProtKB/TrEMBL;Acc:A0A077Z1L3],Trichuris trichiura (PRJEB535),protein_coding,trtricprjeb535
TTRE8753,TTRE8753_t1,493,protein_coding,,Trichuris trichiura (PRJEB535),protein_coding,trtricprjeb535
TTRE855,TTRE855_t1,1094,protein_coding,Cleft lip and palate transmembrane protein  [Source:UniProtKB/TrEMBL;Acc:A0A077ZH95],Trichuris trichiura (PRJEB535),protein_coding,trtricprjeb535
TTRE8429,TTRE8429_t1,448,protein_coding,DUF4505 domain containing protein  [Source:UniProtKB/TrEMBL;Acc:A0A077YZC8],Trichuris trichiura (PRJEB535),protein_coding,trtricprjeb535
TTRE9691,TTRE9691_t1,268,protein_coding,WD40 domain containing protein  [Source:UniProtKB/TrEMBL;Acc:A0A077Z215],Trichuris trichiura (PRJEB535),protein_coding,trtricprjeb535
TTRE1338,TTRE1338_t1,219,protein_coding,SAC3 GANP domain containing protein  [Source:UniProtKB/TrEMBL;Acc:A0A077Z2N5],Trichuris trichiura (PRJEB535),protein_coding,trtricprjeb535
TTRE3998,TTRE3998_t1,200,protein_coding,,Trichuris trichiura (PRJEB535),protein_coding,trtricprjeb535
TTRE8559,TTRE8559_t1,191,protein_coding,,Trichuris trichiura (PRJEB535),protein_coding,trtricprjeb535
TTRE5382,TTRE5382_t1,158,protein_coding,Ran BP1 domain containing protein  [Source:UniProtKB/TrEMBL;Acc:A0A077Z5R3],Trichuris trichiura (PRJEB535),protein_coding,trtricprjeb535
TTRE9961,TTRE9961_t1,477,protein_coding,,Trichuris trichiura (PRJEB535),protein_coding,trtricprjeb535
TTRE10871,TTRE10871_t1,1340,protein_coding,,Trichuris trichiura (PRJEB535),protein_coding,trtricprjeb535
TTRE4651,TTRE4651_t1,1502,protein_coding,26S proteasome non ATPase regulatory subunit 12  [Source:UniProtKB/TrEMBL;Acc:A0A077Z1G3],Trichuris trichiura (PRJEB535),protein_coding,trtricprjeb535
TTRE11321,TTRE11321_t1,392,protein_coding,,Trichuris trichiura (PRJEB535),protein_coding,trtricprjeb535
TTRE3099,TTRE3099_t1,371,protein_coding,Histone H2B  [Source:UniProtKB/TrEMBL;Acc:A0A077Z6P1],Trichuris trichiura (PRJEB535),protein_coding,trtricprjeb535
TTRE11002,TTRE11002_t1,124,protein_coding,,Trichuris trichiura (PRJEB535),protein_coding,trtricprjeb535
TTRE778,TTRE778_t1,424,protein_coding,,Trichuris trichiura (PRJEB535),protein_coding,trtricprjeb535
TTRE8167,TTRE8167_t1,197,protein_coding,,Trichuris trichiura (PRJEB535),protein_coding,trtricprjeb535
TTRE1985,TTRE1985_t1,1386,protein_coding,,Trichuris trichiura (PRJEB535),protein_coding,trtricprjeb535
TTRE138,TTRE138_t1,1293,protein_coding,,Trichuris trichiura (PRJEB535),protein_coding,trtricprjeb535
TTRE8694,TTRE8694_t1,771,protein_coding,,Trichuris trichiura (PRJEB535),protein_coding,trtricprjeb535
TTRE1892,TTRE1892_t1,535,protein_coding,Neur chan LBD domain containing protein  [Source:UniProtKB/TrEMBL;Acc:A0A077YYT8],Trichuris trichiura (PRJEB535),protein_coding,trtricprjeb535
TTRE9939,TTRE9939_t1,180,protein_coding,General transcription and DNA repair factor IIH subunit TFB5  [Source:UniProtKB/TrEMBL;Acc:A0A077Z2F5],Trichuris trichiura (PRJEB535),protein_coding,trtricprjeb535
TTRE454,TTRE454_t1,1016,protein_coding,Voltage gated potassium channel  [Source:UniProtKB/TrEMBL;Acc:A0A077YXG2],Trichuris trichiura (PRJEB535),protein_coding,trtricprjeb535
TTRE9050,TTRE9050_t1,263,protein_coding,,Trichuris trichiura (PRJEB535),protein_coding,trtricprjeb535
TTRE3123,TTRE3123_t1,182,protein_coding,,Trichuris trichiura (PRJEB535),protein_coding,trtricprjeb535
TTRE8087,TTRE8087_t1,799,protein_coding,,Trichuris trichiura (PRJEB535),protein_coding,trtricprjeb535
TTRE4357,TTRE4357_t1,502,protein_coding,,Trichuris trichiura (PRJEB535),protein_coding,trtricprjeb535
TTRE10862,TTRE10862_t1,255,protein_coding,,Trichuris trichiura (PRJEB535),protein_coding,trtricprjeb535
TTRE9887,TTRE9887_t1,596,protein_coding,,Trichuris trichiura (PRJEB535),protein_coding,trtricprjeb535
TTRE11171,TTRE11171_t1,3023,protein_coding,,Trichuris trichiura (PRJEB535),protein_coding,trtricprjeb535
TTRE8956,TTRE8956_t1,226,protein_coding,,Trichuris trichiura (PRJEB535),protein_coding,trtricprjeb535
TTRE9113,TTRE9113_t1,911,protein_coding,,Trichuris trichiura (PRJEB535),protein_coding,trtricprjeb535
TTRE4097,TTRE4097_t1,295,protein_coding,Peptidyl glycine alpha amidating monooxygenase  [Source:UniProtKB/TrEMBL;Acc:A0A077ZPU6],Trichuris trichiura (PRJEB535),protein_coding,trtricprjeb535
TTRE265,TTRE265_t1,161,protein_coding,,Trichuris trichiura (PRJEB535),protein_coding,trtricprjeb535
TTRE10139,TTRE10139_t1,551,protein_coding,,Trichuris trichiura (PRJEB535),protein_coding,trtricprjeb535
TTRE5389,TTRE5389_t1,285,protein_coding,Eukaryotic peptide chain release factor subunit 1  [Source:UniProtKB/TrEMBL;Acc:A0A077Z2U5],Trichuris trichiura (PRJEB535),protein_coding,trtricprjeb535
TTRE11819,TTRE11819_t1,419,protein_coding,,Trichuris trichiura (PRJEB535),protein_coding,trtricprjeb535
TTRE7671,TTRE7671_t1,452,protein_coding,,Trichuris trichiura (PRJEB535),protein_coding,trtricprjeb535
TTRE9245,TTRE9245_t1,158,protein_coding,Mitochondrial inner membrane protease ATP23  [Source:UniProtKB/TrEMBL;Acc:A0A077Z8P8],Trichuris trichiura (PRJEB535),protein_coding,trtricprjeb535
TTRE1267,TTRE1267_t1,635,protein_coding,DNA-(apurinic or apyrimidinic site) lyase  [Source:UniProtKB/TrEMBL;Acc:A0A077YXJ2],Trichuris trichiura (PRJEB535),protein_coding,trtricprjeb535
TTRE5155,TTRE5155_t1,1088,protein_coding,LRR 5 domain containing protein  [Source:UniProtKB/TrEMBL;Acc:A0A077Z094],Trichuris trichiura (PRJEB535),protein_coding,trtricprjeb535
TTRE12244,TTRE12244_t1,929,protein_coding,HMG box domain-containing protein  [Source:UniProtKB/TrEMBL;Acc:A0A077Z8M8],Trichuris trichiura (PRJEB535),protein_coding,trtricprjeb535
TTRE4932,TTRE4932_t1,234,protein_coding,Ig 2 and I-set and fn3 domain containing protein  [Source:UniProtKB/TrEMBL;Acc:A0A077Z2W6],Trichuris trichiura (PRJEB535),protein_coding,trtricprjeb535
TTRE3323,TTRE3323_t1,1023,protein_coding,,Trichuris trichiura (PRJEB535),protein_coding,trtricprjeb535
TTRE9997,TTRE9997_t1,196,protein_coding,,Trichuris trichiura (PRJEB535),protein_coding,trtricprjeb535
TTRE866,TTRE866_t1,272,protein_coding,,Trichuris trichiura (PRJEB535),protein_coding,trtricprjeb535
TTRE1131,TTRE1131_t1,131,protein_coding,GTP binding protein SAR1b  [Source:UniProtKB/TrEMBL;Acc:A0A077Z704],Trichuris trichiura (PRJEB535),protein_coding,trtricprjeb535
TTRE203,TTRE203_t1,335,protein_coding,,Trichuris trichiura (PRJEB535),protein_coding,trtricprjeb535
TTRE10691,TTRE10691_t1,724,protein_coding,,Trichuris trichiura (PRJEB535),protein_coding,trtricprjeb535
TTRE9710,TTRE9710_t1,305,protein_coding,,Trichuris trichiura (PRJEB535),protein_coding,trtricprjeb535
TTRE11915,TTRE11915_t1,521,protein_coding,,Trichuris trichiura (PRJEB535),protein_coding,trtricprjeb535
TTRE1192,TTRE1192_t1,992,protein_coding,,Trichuris trichiura (PRJEB535),protein_coding,trtricprjeb535
TTRE7530,TTRE7530_t1,320,protein_coding,,Trichuris trichiura (PRJEB535),protein_coding,trtricprjeb535
TTRE6843,TTRE6843_t1,293,protein_coding,,Trichuris trichiura (PRJEB535),protein_coding,trtricprjeb535
TTRE895,TTRE895_t1,278,protein_coding,Pre mRNA splicing factor SYF1  [Source:UniProtKB/TrEMBL;Acc:A0A077Z4H0],Trichuris trichiura (PRJEB535),protein_coding,trtricprjeb535
TTRE1397,TTRE1397_t1,144,protein_coding,,Trichuris trichiura (PRJEB535),protein_coding,trtricprjeb535
TTRE915,TTRE915_t1,227,protein_coding,,Trichuris trichiura (PRJEB535),protein_coding,trtricprjeb535
TTRE5824,TTRE5824_t1,263,protein_coding,,Trichuris trichiura (PRJEB535),protein_coding,trtricprjeb535
TTRE1755,TTRE1755_t1,161,protein_coding,,Trichuris trichiura (PRJEB535),protein_coding,trtricprjeb535
TTRE11890,TTRE11890_t1,1100,protein_coding,Eukaryotic translation initiation factor 2-alpha kinase 4  [Source:UniProtKB/TrEMBL;Acc:A0A077ZG80],Trichuris trichiura (PRJEB535),protein_coding,trtricprjeb535
TTRE7112,TTRE7112_t1,590,protein_coding,Secreted protein  [Source:UniProtKB/TrEMBL;Acc:A0A077ZLL8],Trichuris trichiura (PRJEB535),protein_coding,trtricprjeb535
TTRE2868,TTRE2868_t1,233,protein_coding,,Trichuris trichiura (PRJEB535),protein_coding,trtricprjeb535
TTRE7050,TTRE7050_t1,1457,protein_coding,,Trichuris trichiura (PRJEB535),protein_coding,trtricprjeb535
TTRE11366,TTRE11366_t1,645,protein_coding,,Trichuris trichiura (PRJEB535),protein_coding,trtricprjeb535
TTRE10310,TTRE10310_t1,511,protein_coding,,Trichuris trichiura (PRJEB535),protein_coding,trtricprjeb535
TTRE9360,TTRE9360_t1,323,protein_coding,,Trichuris trichiura (PRJEB535),protein_coding,trtricprjeb535
TTRE2274,TTRE2274_t1,230,protein_coding,,Trichuris trichiura (PRJEB535),protein_coding,trtricprjeb535
TTRE10729,TTRE10729_t1,556,protein_coding,,Trichuris trichiura (PRJEB535),protein_coding,trtricprjeb535
TTRE3910,TTRE3910_t3,486,protein_coding,,Trichuris trichiura (PRJEB535),protein_coding,trtricprjeb535
TTRE701,TTRE701_t1,285,protein_coding,,Trichuris trichiura (PRJEB535),protein_coding,trtricprjeb535
TTRE11772,TTRE11772_t1,1346,protein_coding,,Trichuris trichiura (PRJEB535),protein_coding,trtricprjeb535
TTRE9591,TTRE9591_t1,410,protein_coding,,Trichuris trichiura (PRJEB535),protein_coding,trtricprjeb535
TTRE4574,TTRE4574_t1,269,protein_coding,,Trichuris trichiura (PRJEB535),protein_coding,trtricprjeb535
TTRE2354,TTRE2354_t1,264,protein_coding,RNA helicase  [Source:UniProtKB/TrEMBL;Acc:A0A077Z9V7],Trichuris trichiura (PRJEB535),protein_coding,trtricprjeb535
TTRE3453,TTRE3453_t1,197,protein_coding,ADP ribosylation factor protein 5B like  [Source:UniProtKB/TrEMBL;Acc:A0A077ZC54],Trichuris trichiura (PRJEB535),protein_coding,trtricprjeb535
TTRE648,TTRE648_t1,346,protein_coding,"Oxidoreductase, zinc binding dehydrogenase  [Source:UniProtKB/TrEMBL;Acc:A0A077YWA6]",Trichuris trichiura (PRJEB535),protein_coding,trtricprjeb535
TTRE8018,TTRE8018_t1,395,protein_coding,,Trichuris trichiura (PRJEB535),protein_coding,trtricprjeb535
TTRE4593,TTRE4593_t1,455,protein_coding,,Trichuris trichiura (PRJEB535),protein_coding,trtricprjeb535
TTRE1527,TTRE1527_t1,259,protein_coding,Caenorhabditis elegans ly 6 protein  [Source:UniProtKB/TrEMBL;Acc:A0A077ZJD5],Trichuris trichiura (PRJEB535),protein_coding,trtricprjeb535
TTRE5337,TTRE5337_t1,238,protein_coding,,Trichuris trichiura (PRJEB535),protein_coding,trtricprjeb535
TTRE1926,TTRE1926_t1,224,protein_coding,STE:STE20:YSK protein kinase  [Source:UniProtKB/TrEMBL;Acc:A0A077Z5A0],Trichuris trichiura (PRJEB535),protein_coding,trtricprjeb535
TTRE8581,TTRE8581_t1,741,protein_coding,,Trichuris trichiura (PRJEB535),protein_coding,trtricprjeb535
TTRE3305,TTRE3305_t1,146,protein_coding,,Trichuris trichiura (PRJEB535),protein_coding,trtricprjeb535
TTRE8193,TTRE8193_t1,914,protein_coding,,Trichuris trichiura (PRJEB535),protein_coding,trtricprjeb535
TTRE921,TTRE921_t1,232,protein_coding,Cytosol aminopeptidase  [Source:UniProtKB/TrEMBL;Acc:A0A077YZV7],Trichuris trichiura (PRJEB535),protein_coding,trtricprjeb535
TTRE555,TTRE555_t1,362,protein_coding,"Dynein light chain LC6, flagellar outer arm  [Source:UniProtKB/TrEMBL;Acc:A0A077ZJK8]",Trichuris trichiura (PRJEB535),protein_coding,trtricprjeb535
TTRE4729,TTRE4729_t1,274,protein_coding,V-type proton ATPase 116 kDa subunit a isoform 2  [Source:UniProtKB/TrEMBL;Acc:A0A077ZL51],Trichuris trichiura (PRJEB535),protein_coding,trtricprjeb535
TTRE9431,TTRE9431_t2,4396,protein_coding,,Trichuris trichiura (PRJEB535),protein_coding,trtricprjeb535
TTRE3713,TTRE3713_t1,248,protein_coding,,Trichuris trichiura (PRJEB535),protein_coding,trtricprjeb535
TTRE9638,TTRE9638_t1,153,protein_coding,,Trichuris trichiura (PRJEB535),protein_coding,trtricprjeb535
TTRE1186,TTRE1186_t1,371,protein_coding,Histone H2B  [Source:UniProtKB/TrEMBL;Acc:A0A077ZJU3],Trichuris trichiura (PRJEB535),protein_coding,trtricprjeb535
TTRE2036,TTRE2036_t1,266,protein_coding,,Trichuris trichiura (PRJEB535),protein_coding,trtricprjeb535
TTRE12253,TTRE12253_t2,876,protein_coding,Pkinase domain containing protein  [Source:UniProtKB/TrEMBL;Acc:A0A077ZMG9],Trichuris trichiura (PRJEB535),protein_coding,trtricprjeb535
TTRE10749,TTRE10749_t1,319,protein_coding,,Trichuris trichiura (PRJEB535),protein_coding,trtricprjeb535
TTRE11761,TTRE11761_t1,301,protein_coding,Transmembrane protein 170A  [Source:UniProtKB/TrEMBL;Acc:A0A077Z2E2],Trichuris trichiura (PRJEB535),protein_coding,trtricprjeb535
TTRE9763,TTRE9763_t1,228,protein_coding,Secreted from muscle stage larvae 1  [Source:UniProtKB/TrEMBL;Acc:A0A077ZA99],Trichuris trichiura (PRJEB535),protein_coding,trtricprjeb535
TTRE3346,TTRE3346_t3,1250,protein_coding,,Trichuris trichiura (PRJEB535),protein_coding,trtricprjeb535
TTRE5462,TTRE5462_t1,201,protein_coding,PH and FYVE domain containing protein  [Source:UniProtKB/TrEMBL;Acc:A0A077ZGS2],Trichuris trichiura (PRJEB535),protein_coding,trtricprjeb535
TTRE2575,TTRE2575_t1,275,protein_coding,,Trichuris trichiura (PRJEB535),protein_coding,trtricprjeb535
TTRE11113,TTRE11113_t1,349,protein_coding,AMP-binding domain containing protein  [Source:UniProtKB/TrEMBL;Acc:A0A077ZM59],Trichuris trichiura (PRJEB535),protein_coding,trtricprjeb535
TTRE9129,TTRE9129_t1,3206,protein_coding,,Trichuris trichiura (PRJEB535),protein_coding,trtricprjeb535
TTRE6878,TTRE6878_t1,1481,protein_coding,,Trichuris trichiura (PRJEB535),protein_coding,trtricprjeb535
TTRE3568,TTRE3568_t1,407,protein_coding,Ribosomal L22e domain containing protein  [Source:UniProtKB/TrEMBL;Acc:A0A077YWZ8],Trichuris trichiura (PRJEB535),protein_coding,trtricprjeb535
TTRE1041,TTRE1041_t1,962,protein_coding,,Trichuris trichiura (PRJEB535),protein_coding,trtricprjeb535
TTRE1014,TTRE1014_t1,2734,protein_coding,Neurogenic locus notch protein 2  [Source:UniProtKB/TrEMBL;Acc:A0A077Z257],Trichuris trichiura (PRJEB535),protein_coding,trtricprjeb535
TTRE7413,TTRE7413_t1,442,protein_coding,,Trichuris trichiura (PRJEB535),protein_coding,trtricprjeb535
TTRE1633,TTRE1633_t1,292,protein_coding,Sodium/hydrogen exchanger  [Source:UniProtKB/TrEMBL;Acc:A0A077YZG5],Trichuris trichiura (PRJEB535),protein_coding,trtricprjeb535
TTRE8439,TTRE8439_t1,755,protein_coding,YY1 associated factor 2  [Source:UniProtKB/TrEMBL;Acc:A0A077YZH8],Trichuris trichiura (PRJEB535),protein_coding,trtricprjeb535
TTRE865,TTRE865_t1,434,protein_coding,Neuropeptide f receptor 76f  [Source:UniProtKB/TrEMBL;Acc:A0A077Z9B9],Trichuris trichiura (PRJEB535),protein_coding,trtricprjeb535
TTRE389,TTRE389_t1,188,protein_coding,DNA repair protein rad-5  [Source:UniProtKB/TrEMBL;Acc:A0A077ZED8],Trichuris trichiura (PRJEB535),protein_coding,trtricprjeb535
TTRE7809,TTRE7809_t1,662,protein_coding,,Trichuris trichiura (PRJEB535),protein_coding,trtricprjeb535
TTRE713,TTRE713_t1,753,protein_coding,,Trichuris trichiura (PRJEB535),protein_coding,trtricprjeb535
TTRE6551,TTRE6551_t1,518,protein_coding,,Trichuris trichiura (PRJEB535),protein_coding,trtricprjeb535
TTRE6696,TTRE6696_t1,317,protein_coding,,Trichuris trichiura (PRJEB535),protein_coding,trtricprjeb535
TTRE5763,TTRE5763_t1,305,protein_coding,,Trichuris trichiura (PRJEB535),protein_coding,trtricprjeb535
TTRE9059,TTRE9059_t1,253,protein_coding,Target of rapamycin complex 2 subunit MAPKAP1  [Source:UniProtKB/TrEMBL;Acc:A0A077YYA0],Trichuris trichiura (PRJEB535),protein_coding,trtricprjeb535
TTRE2956,TTRE2956_t1,845,protein_coding,Regulator of chromosome condensation  [Source:UniProtKB/TrEMBL;Acc:A0A077Z3L0],Trichuris trichiura (PRJEB535),protein_coding,trtricprjeb535
TTRE8554,TTRE8554_t1,405,protein_coding,,Trichuris trichiura (PRJEB535),protein_coding,trtricprjeb535
TTRE11678,TTRE11678_t1,260,protein_coding,,Trichuris trichiura (PRJEB535),protein_coding,trtricprjeb535
TTRE7937,TTRE7937_t1,359,protein_coding,,Trichuris trichiura (PRJEB535),protein_coding,trtricprjeb535
TTRE12202,TTRE12202_t1,227,protein_coding,,Trichuris trichiura (PRJEB535),protein_coding,trtricprjeb535
TTRE4577,TTRE4577_t1,371,protein_coding,Amidinotransferase family protein  [Source:UniProtKB/TrEMBL;Acc:A0A077ZEL3],Trichuris trichiura (PRJEB535),protein_coding,trtricprjeb535
TTRE9820,TTRE9820_t1,287,protein_coding,,Trichuris trichiura (PRJEB535),protein_coding,trtricprjeb535
TTRE5573,TTRE5573_t1,267,protein_coding,14_3_3 domain-containing protein  [Source:UniProtKB/TrEMBL;Acc:A0A077Z7C1],Trichuris trichiura (PRJEB535),protein_coding,trtricprjeb535
TTRE5414,TTRE5414_t1,211,protein_coding,,Trichuris trichiura (PRJEB535),protein_coding,trtricprjeb535
TTRE8623,TTRE8623_t1,505,protein_coding,,Trichuris trichiura (PRJEB535),protein_coding,trtricprjeb535
TTRE7675,TTRE7675_t1,364,protein_coding,Glycos transf 2 domain containing protein  [Source:UniProtKB/TrEMBL;Acc:A0A077ZHM8],Trichuris trichiura (PRJEB535),protein_coding,trtricprjeb535
TTRE8921,TTRE8921_t1,831,protein_coding,,Trichuris trichiura (PRJEB535),protein_coding,trtricprjeb535
TTRE2686,TTRE2686_t1,236,protein_coding,,Trichuris trichiura (PRJEB535),protein_coding,trtricprjeb535
TTRE6088,TTRE6088_t1,227,protein_coding,,Trichuris trichiura (PRJEB535),protein_coding,trtricprjeb535
TTRE8468,TTRE8468_t1,641,protein_coding,,Trichuris trichiura (PRJEB535),protein_coding,trtricprjeb535
TTRE4787,TTRE4787_t1,270,protein_coding,,Trichuris trichiura (PRJEB535),protein_coding,trtricprjeb535
TTRE10489,TTRE10489_t1,567,protein_coding,,Trichuris trichiura (PRJEB535),protein_coding,trtricprjeb535
TTRE12370,TTRE12370_t1,583,protein_coding,,Trichuris trichiura (PRJEB535),protein_coding,trtricprjeb535
TTRE12355,TTRE12355_t1,244,protein_coding,,Trichuris trichiura (PRJEB535),protein_coding,trtricprjeb535
TTRE8320,TTRE8320_t1,221,protein_coding,,Trichuris trichiura (PRJEB535),protein_coding,trtricprjeb535
TTRE1241,TTRE1241_t1,497,protein_coding,Histone domain containing protein  [Source:UniProtKB/TrEMBL;Acc:A0A077ZPG5],Trichuris trichiura (PRJEB535),protein_coding,trtricprjeb535
TTRE12596,TTRE12596_t1,2297,protein_coding,,Trichuris trichiura (PRJEB535),protein_coding,trtricprjeb535
TTRE5157,TTRE5157_t1,566,protein_coding,,Trichuris trichiura (PRJEB535),protein_coding,trtricprjeb535
TTRE8700,TTRE8700_t1,2186,protein_coding,,Trichuris trichiura (PRJEB535),protein_coding,trtricprjeb535
TTRE6804,TTRE6804_t1,453,protein_coding,,Trichuris trichiura (PRJEB535),protein_coding,trtricprjeb535
TTRE7816,TTRE7816_t1,1271,protein_coding,,Trichuris trichiura (PRJEB535),protein_coding,trtricprjeb535
TTRE923,TTRE923_t1,258,protein_coding,,Trichuris trichiura (PRJEB535),protein_coding,trtricprjeb535
TTRE7151,TTRE7151_t1,536,protein_coding,,Trichuris trichiura (PRJEB535),protein_coding,trtricprjeb535
TTRE6757,TTRE6757_t1,244,protein_coding,,Trichuris trichiura (PRJEB535),protein_coding,trtricprjeb535
TTRE1151,TTRE1151_t1,2849,protein_coding,Intraflagellar transport protein 81 homolog  [Source:UniProtKB/TrEMBL;Acc:A0A077ZD05],Trichuris trichiura (PRJEB535),protein_coding,trtricprjeb535
TTRE3870,TTRE3870_t1,99,protein_coding,,Trichuris trichiura (PRJEB535),protein_coding,trtricprjeb535
TTRE8198,TTRE8198_t1,272,protein_coding,,Trichuris trichiura (PRJEB535),protein_coding,trtricprjeb535
TTRE8871,TTRE8871_t1,140,protein_coding,Ras protein Rap 1b  [Source:UniProtKB/TrEMBL;Acc:A0A077Z7Y5],Trichuris trichiura (PRJEB535),protein_coding,trtricprjeb535
TTRE1901,TTRE1901_t1,1251,protein_coding,,Trichuris trichiura (PRJEB535),protein_coding,trtricprjeb535
TTRE11583,TTRE11583_t1,820,protein_coding,,Trichuris trichiura (PRJEB535),protein_coding,trtricprjeb535
TTRE10613,TTRE10613_t1,1053,protein_coding,Reprolysin and Disintegrin and ADAM CR domain con taining protein  [Source:UniProtKB/TrEMBL;Acc:A0A077Z5N3],Trichuris trichiura (PRJEB535),protein_coding,trtricprjeb535
TTRE1578,TTRE1578_t1,174,protein_coding,,Trichuris trichiura (PRJEB535),protein_coding,trtricprjeb535
TTRE5262,TTRE5262_t1,99,protein_coding,,Trichuris trichiura (PRJEB535),protein_coding,trtricprjeb535
TTRE795,TTRE795_t1,506,protein_coding,Armadillo segment polarity protein  [Source:UniProtKB/TrEMBL;Acc:A0A077Z3U2],Trichuris trichiura (PRJEB535),protein_coding,trtricprjeb535
TTRE1776,TTRE1776_t1,285,protein_coding,,Trichuris trichiura (PRJEB535),protein_coding,trtricprjeb535
TTRE3946,TTRE3946_t1,706,protein_coding,FERM C and FERM M domain containing protein  [Source:UniProtKB/TrEMBL;Acc:A0A077Z9L1],Trichuris trichiura (PRJEB535),protein_coding,trtricprjeb535
TTRE9579,TTRE9579_t1,722,protein_coding,,Trichuris trichiura (PRJEB535),protein_coding,trtricprjeb535
TTRE9879,TTRE9879_t1,1243,protein_coding,Tachykinin  [Source:UniProtKB/TrEMBL;Acc:A0A077Z6J7],Trichuris trichiura (PRJEB535),protein_coding,trtricprjeb535
TTRE2124,TTRE2124_t1,416,protein_coding,,Trichuris trichiura (PRJEB535),protein_coding,trtricprjeb535
TTRE4412,TTRE4412_t1,497,protein_coding,Heme transporter hrg1 B  [Source:UniProtKB/TrEMBL;Acc:A0A077Z0X3],Trichuris trichiura (PRJEB535),protein_coding,trtricprjeb535
TTRE4259,TTRE4259_t1,794,protein_coding,M28 family aminopeptidase  [Source:UniProtKB/TrEMBL;Acc:A0A077Z3S1],Trichuris trichiura (PRJEB535),protein_coding,trtricprjeb535
TTRE6899,TTRE6899_t1,2645,protein_coding,,Trichuris trichiura (PRJEB535),protein_coding,trtricprjeb535
TTRE4430,TTRE4430_t1,1088,protein_coding,Piwi domain containing protein  [Source:UniProtKB/TrEMBL;Acc:A0A077ZKT4],Trichuris trichiura (PRJEB535),protein_coding,trtricprjeb535
TTRE5564,TTRE5564_t1,261,protein_coding,,Trichuris trichiura (PRJEB535),protein_coding,trtricprjeb535
TTRE9246,TTRE9246_t1,187,protein_coding,GPI maturation protein (Bst1)  [Source:UniProtKB/TrEMBL;Acc:A0A077Z6B1],Trichuris trichiura (PRJEB535),protein_coding,trtricprjeb535
TTRE2549,TTRE2549_t1,715,protein_coding,DEP domain containing protein  [Source:UniProtKB/TrEMBL;Acc:A0A077Z4W6],Trichuris trichiura (PRJEB535),protein_coding,trtricprjeb535
TTRE10268,TTRE10268_t1,2024,protein_coding,,Trichuris trichiura (PRJEB535),protein_coding,trtricprjeb535
TTRE9941,TTRE9941_t1,507,protein_coding,,Trichuris trichiura (PRJEB535),protein_coding,trtricprjeb535
TTRE3844,TTRE3844_t1,239,protein_coding,,Trichuris trichiura (PRJEB535),protein_coding,trtricprjeb535
TTRE6827,TTRE6827_t1,135,protein_coding,,Trichuris trichiura (PRJEB535),protein_coding,trtricprjeb535
TTRE6954,TTRE6954_t1,818,protein_coding,,Trichuris trichiura (PRJEB535),protein_coding,trtricprjeb535
TTRE3847,TTRE3847_t1,535,protein_coding,RNA helicase  [Source:UniProtKB/TrEMBL;Acc:A0A077Z5J7],Trichuris trichiura (PRJEB535),protein_coding,trtricprjeb535
TTRE474,TTRE474_t1,216,protein_coding,Glycoside hydrolase family 27 protein  [Source:UniProtKB/TrEMBL;Acc:A0A077ZFX2],Trichuris trichiura (PRJEB535),protein_coding,trtricprjeb535
TTRE1417,TTRE1417_t1,283,protein_coding,Protein CUTL 11  [Source:UniProtKB/TrEMBL;Acc:A0A077ZD32],Trichuris trichiura (PRJEB535),protein_coding,trtricprjeb535
TTRE11935,TTRE11935_t1,1519,protein_coding,,Trichuris trichiura (PRJEB535),protein_coding,trtricprjeb535
TTRE8382,TTRE8382_t1,735,protein_coding,Proteasome activator pa28 beta subunit family pro tein  [Source:UniProtKB/TrEMBL;Acc:A0A077Z201],Trichuris trichiura (PRJEB535),protein_coding,trtricprjeb535
TTRE11428,TTRE11428_t1,284,protein_coding,,Trichuris trichiura (PRJEB535),protein_coding,trtricprjeb535
TTRE9557,TTRE9557_t1,366,protein_coding,,Trichuris trichiura (PRJEB535),protein_coding,trtricprjeb535
TTRE10008,TTRE10008_t1,502,protein_coding,Peptidase C39 2 domain containing protein  [Source:UniProtKB/TrEMBL;Acc:A0A077YZP3],Trichuris trichiura (PRJEB535),protein_coding,trtricprjeb535
TTRE4007,TTRE4007_t1,257,protein_coding,,Trichuris trichiura (PRJEB535),protein_coding,trtricprjeb535
TTRE2478,TTRE2478_t1,227,protein_coding,Chloride intracellular channel exc 4  [Source:UniProtKB/TrEMBL;Acc:A0A077Z6X1],Trichuris trichiura (PRJEB535),protein_coding,trtricprjeb535
TTRE4289,TTRE4289_t1,662,protein_coding,,Trichuris trichiura (PRJEB535),protein_coding,trtricprjeb535
TTRE4116,TTRE4116_t1,362,protein_coding,,Trichuris trichiura (PRJEB535),protein_coding,trtricprjeb535
TTRE1420,TTRE1420_t1,345,protein_coding,,Trichuris trichiura (PRJEB535),protein_coding,trtricprjeb535
TTRE2973,TTRE2973_t1,224,protein_coding,,Trichuris trichiura (PRJEB535),protein_coding,trtricprjeb535
TTRE6487,TTRE6487_t1,1064,protein_coding,,Trichuris trichiura (PRJEB535),protein_coding,trtricprjeb535
TTRE6472,TTRE6472_t1,428,protein_coding,,Trichuris trichiura (PRJEB535),protein_coding,trtricprjeb535
TTRE11921,TTRE11921_t1,439,protein_coding,Ion trans 2 domain containing protein  [Source:UniProtKB/TrEMBL;Acc:A0A077Z790],Trichuris trichiura (PRJEB535),protein_coding,trtricprjeb535
TTRE1026,TTRE1026_t1,341,protein_coding,Multidrug resistance associated protein 1  [Source:UniProtKB/TrEMBL;Acc:A0A077ZG36],Trichuris trichiura (PRJEB535),protein_coding,trtricprjeb535
TTRE1377,TTRE1377_t1,175,protein_coding,,Trichuris trichiura (PRJEB535),protein_coding,trtricprjeb535
TTRE8686,TTRE8686_t1,251,protein_coding,,Trichuris trichiura (PRJEB535),protein_coding,trtricprjeb535
TTRE727,TTRE727_t1,436,protein_coding,,Trichuris trichiura (PRJEB535),protein_coding,trtricprjeb535
TTRE4842,TTRE4842_t1,482,protein_coding,Receptor expression-enhancing protein  [Source:UniProtKB/TrEMBL;Acc:A0A077Z831],Trichuris trichiura (PRJEB535),protein_coding,trtricprjeb535
TTRE1994,TTRE1994_t2,215,protein_coding,Pkinase domain containing protein  [Source:UniProtKB/TrEMBL;Acc:A0A077Z261],Trichuris trichiura (PRJEB535),protein_coding,trtricprjeb535
TTRE36,TTRE36_t1,294,protein_coding,,Trichuris trichiura (PRJEB535),protein_coding,trtricprjeb535
TTRE3177,TTRE3177_t1,201,protein_coding,,Trichuris trichiura (PRJEB535),protein_coding,trtricprjeb535
TTRE7348,TTRE7348_t1,989,protein_coding,,Trichuris trichiura (PRJEB535),protein_coding,trtricprjeb535
TTRE9730,TTRE9730_t1,468,protein_coding,F box only protein 11  [Source:UniProtKB/TrEMBL;Acc:A0A077Z2Q4],Trichuris trichiura (PRJEB535),protein_coding,trtricprjeb535
TTRE10743,TTRE10743_t1,559,protein_coding,,Trichuris trichiura (PRJEB535),protein_coding,trtricprjeb535
TTRE1062,TTRE1062_t1,1418,protein_coding,Zf-H2C2 2 domain containing protein  [Source:UniProtKB/TrEMBL;Acc:A0A077Z830],Trichuris trichiura (PRJEB535),protein_coding,trtricprjeb535
TTRE3874,TTRE3874_t1,683,protein_coding,EGF-like domain-containing protein  [Source:UniProtKB/TrEMBL;Acc:A0A077Z419],Trichuris trichiura (PRJEB535),protein_coding,trtricprjeb535
TTRE220,TTRE220_t1,230,protein_coding,,Trichuris trichiura (PRJEB535),protein_coding,trtricprjeb535
TTRE7601,TTRE7601_t1,449,protein_coding,,Trichuris trichiura (PRJEB535),protein_coding,trtricprjeb535
TTRE9061,TTRE9061_t1,436,protein_coding,,Trichuris trichiura (PRJEB535),protein_coding,trtricprjeb535
TTRE9244,TTRE9244_t1,482,protein_coding,,Trichuris trichiura (PRJEB535),protein_coding,trtricprjeb535
TTRE9774,TTRE9774_t1,230,protein_coding,,Trichuris trichiura (PRJEB535),protein_coding,trtricprjeb535
TTRE7328,TTRE7328_t1,504,protein_coding,,Trichuris trichiura (PRJEB535),protein_coding,trtricprjeb535
TTRE8190,TTRE8190_t1,420,protein_coding,,Trichuris trichiura (PRJEB535),protein_coding,trtricprjeb535
TTRE3456,TTRE3456_t1,164,protein_coding,,Trichuris trichiura (PRJEB535),protein_coding,trtricprjeb535
TTRE8727,TTRE8727_t1,129,protein_coding,,Trichuris trichiura (PRJEB535),protein_coding,trtricprjeb535
TTRE5803,TTRE5803_t1,239,protein_coding,,Trichuris trichiura (PRJEB535),protein_coding,trtricprjeb535
TTRE970,TTRE970_t1,1172,protein_coding,,Trichuris trichiura (PRJEB535),protein_coding,trtricprjeb535
TTRE8922,TTRE8922_t1,4007,protein_coding,,Trichuris trichiura (PRJEB535),protein_coding,trtricprjeb535
TTRE11183,TTRE11183_t1,650,protein_coding,,Trichuris trichiura (PRJEB535),protein_coding,trtricprjeb535
TTRE7228,TTRE7228_t1,311,protein_coding,,Trichuris trichiura (PRJEB535),protein_coding,trtricprjeb535
TTRE7276,TTRE7276_t1,566,protein_coding,,Trichuris trichiura (PRJEB535),protein_coding,trtricprjeb535
TTRE11673,TTRE11673_t1,312,protein_coding,,Trichuris trichiura (PRJEB535),protein_coding,trtricprjeb535
TTRE2217,TTRE2217_t1,249,protein_coding,Tyrosine protein phosphatase non receptor type  [Source:UniProtKB/TrEMBL;Acc:A0A077Z2A4],Trichuris trichiura (PRJEB535),protein_coding,trtricprjeb535
TTRE11251,TTRE11251_t1,3809,protein_coding,,Trichuris trichiura (PRJEB535),protein_coding,trtricprjeb535
TTRE3238,TTRE3238_t1,395,protein_coding,Major sperm protein  [Source:UniProtKB/TrEMBL;Acc:A0A077YYW0],Trichuris trichiura (PRJEB535),protein_coding,trtricprjeb535
TTRE9116,TTRE9116_t1,182,protein_coding,Synaptotagmin 1  [Source:UniProtKB/TrEMBL;Acc:A0A077YUP4],Trichuris trichiura (PRJEB535),protein_coding,trtricprjeb535
TTRE9358,TTRE9358_t1,581,protein_coding,,Trichuris trichiura (PRJEB535),protein_coding,trtricprjeb535
TTRE9472,TTRE9472_t1,152,protein_coding,,Trichuris trichiura (PRJEB535),protein_coding,trtricprjeb535
TTRE2787,TTRE2787_t1,252,protein_coding,,Trichuris trichiura (PRJEB535),protein_coding,trtricprjeb535
TTRE3757,TTRE3757_t1,206,protein_coding,Mannose-6-phosphate isomerase  [Source:UniProtKB/TrEMBL;Acc:A0A077Z8R6],Trichuris trichiura (PRJEB535),protein_coding,trtricprjeb535
TTRE2629,TTRE2629_t1,334,protein_coding,,Trichuris trichiura (PRJEB535),protein_coding,trtricprjeb535
TTRE4955,TTRE4955_t1,644,protein_coding,,Trichuris trichiura (PRJEB535),protein_coding,trtricprjeb535
TTRE9139,TTRE9139_t1,1030,protein_coding,,Trichuris trichiura (PRJEB535),protein_coding,trtricprjeb535
TTRE11543,TTRE11543_t1,556,protein_coding,,Trichuris trichiura (PRJEB535),protein_coding,trtricprjeb535
TTRE9230,TTRE9230_t1,428,protein_coding,,Trichuris trichiura (PRJEB535),protein_coding,trtricprjeb535
TTRE7690,TTRE7690_t1,632,protein_coding,Protein-lysine N-methyltransferase TTRE_0000433501  [Source:UniProtKB/TrEMBL;Acc:A0A077Z771],Trichuris trichiura (PRJEB535),protein_coding,trtricprjeb535
TTRE4153,TTRE4153_t1,191,protein_coding,,Trichuris trichiura (PRJEB535),protein_coding,trtricprjeb535
TTRE5600,TTRE5600_t1,899,protein_coding,,Trichuris trichiura (PRJEB535),protein_coding,trtricprjeb535
TTRE4056,TTRE4056_t1,235,protein_coding,,Trichuris trichiura (PRJEB535),protein_coding,trtricprjeb535
TTRE7238,TTRE7238_t1,479,protein_coding,,Trichuris trichiura (PRJEB535),protein_coding,trtricprjeb535
TTRE4631,TTRE4631_t1,231,protein_coding,HSF_DOMAIN domain-containing protein  [Source:UniProtKB/TrEMBL;Acc:A0A077Z3G0],Trichuris trichiura (PRJEB535),protein_coding,trtricprjeb535
TTRE4136,TTRE4136_t1,1250,protein_coding,POU domain protein  [Source:UniProtKB/TrEMBL;Acc:A0A077ZDE0],Trichuris trichiura (PRJEB535),protein_coding,trtricprjeb535
TTRE11598,TTRE11598_t1,488,protein_coding,,Trichuris trichiura (PRJEB535),protein_coding,trtricprjeb535
TTRE11311,TTRE11311_t1,1466,protein_coding,MBOAT family protein  [Source:UniProtKB/TrEMBL;Acc:A0A077Z3J3],Trichuris trichiura (PRJEB535),protein_coding,trtricprjeb535
TTRE1787,TTRE1787_t1,1243,protein_coding,Protein kibra  [Source:UniProtKB/TrEMBL;Acc:A0A077Z8K4],Trichuris trichiura (PRJEB535),protein_coding,trtricprjeb535
TTRE4715,TTRE4715_t1,607,protein_coding,MFS 1 domain containing protein  [Source:UniProtKB/TrEMBL;Acc:A0A077Z732],Trichuris trichiura (PRJEB535),protein_coding,trtricprjeb535
TTRE9676,TTRE9676_t1,1122,protein_coding,,Trichuris trichiura (PRJEB535),protein_coding,trtricprjeb535
TTRE8415,TTRE8415_t1,394,protein_coding,,Trichuris trichiura (PRJEB535),protein_coding,trtricprjeb535
TTRE9974,TTRE9974_t1,184,protein_coding,,Trichuris trichiura (PRJEB535),protein_coding,trtricprjeb535
TTRE11483,TTRE11483_t1,311,protein_coding,Tudor domain-containing protein  [Source:UniProtKB/TrEMBL;Acc:A0A077Z9J1],Trichuris trichiura (PRJEB535),protein_coding,trtricprjeb535
TTRE4992,TTRE4992_t1,133,protein_coding,,Trichuris trichiura (PRJEB535),protein_coding,trtricprjeb535
TTRE4392,TTRE4392_t1,254,protein_coding,,Trichuris trichiura (PRJEB535),protein_coding,trtricprjeb535
TTRE7721,TTRE7721_t1,234,protein_coding,,Trichuris trichiura (PRJEB535),protein_coding,trtricprjeb535
TTRE9266,TTRE9266_t1,569,protein_coding,,Trichuris trichiura (PRJEB535),protein_coding,trtricprjeb535
TTRE4305,TTRE4305_t1,944,protein_coding,Dicer dimer and Helicase C and PAZ and Ribonuclea se 3 domain containing protein  [Source:UniProtKB/TrEMBL;Acc:A0A077Z5F4],Trichuris trichiura (PRJEB535),protein_coding,trtricprjeb535
TTRE3718,TTRE3718_t1,743,protein_coding,,Trichuris trichiura (PRJEB535),protein_coding,trtricprjeb535
TTRE8500,TTRE8500_t1,129,protein_coding,,Trichuris trichiura (PRJEB535),protein_coding,trtricprjeb535
TTRE292,TTRE292_t1,854,protein_coding,,Trichuris trichiura (PRJEB535),protein_coding,trtricprjeb535
TTRE11055,TTRE11055_t1,824,protein_coding,,Trichuris trichiura (PRJEB535),protein_coding,trtricprjeb535
TTRE3541,TTRE3541_t1,237,protein_coding,,Trichuris trichiura (PRJEB535),protein_coding,trtricprjeb535
TTRE2587,TTRE2587_t1,166,protein_coding,,Trichuris trichiura (PRJEB535),protein_coding,trtricprjeb535
TTRE8484,TTRE8484_t1,198,protein_coding,,Trichuris trichiura (PRJEB535),protein_coding,trtricprjeb535
TTRE11162,TTRE11162_t1,461,protein_coding,,Trichuris trichiura (PRJEB535),protein_coding,trtricprjeb535
TTRE8278,TTRE8278_t1,632,protein_coding,,Trichuris trichiura (PRJEB535),protein_coding,trtricprjeb535
TTRE1999,TTRE1999_t1,438,protein_coding,,Trichuris trichiura (PRJEB535),protein_coding,trtricprjeb535
TTRE2638,TTRE2638_t1,578,protein_coding,78 kDa glucose regulated protein  [Source:UniProtKB/TrEMBL;Acc:A0A077Z8G8],Trichuris trichiura (PRJEB535),protein_coding,trtricprjeb535
TTRE11883,TTRE11883_t1,878,protein_coding,,Trichuris trichiura (PRJEB535),protein_coding,trtricprjeb535
TTRE3468,TTRE3468_t1,558,protein_coding,,Trichuris trichiura (PRJEB535),protein_coding,trtricprjeb535
TTRE10488,TTRE10488_t1,2438,protein_coding,,Trichuris trichiura (PRJEB535),protein_coding,trtricprjeb535
TTRE328,TTRE328_t1,1081,protein_coding,,Trichuris trichiura (PRJEB535),protein_coding,trtricprjeb535
TTRE2660,TTRE2660_t1,314,protein_coding,,Trichuris trichiura (PRJEB535),protein_coding,trtricprjeb535
TTRE3384,TTRE3384_t1,186,protein_coding,,Trichuris trichiura (PRJEB535),protein_coding,trtricprjeb535
TTRE8939,TTRE8939_t1,878,protein_coding,,Trichuris trichiura (PRJEB535),protein_coding,trtricprjeb535
TTRE9097,TTRE9097_t1,374,protein_coding,,Trichuris trichiura (PRJEB535),protein_coding,trtricprjeb535
TTRE4685,TTRE4685_t1,911,protein_coding,,Trichuris trichiura (PRJEB535),protein_coding,trtricprjeb535
TTRE2697,TTRE2697_t1,210,protein_coding,,Trichuris trichiura (PRJEB535),protein_coding,trtricprjeb535
TTRE2781,TTRE2781_t1,193,protein_coding,Putative universal minicircle sequence binding pr otein (UMSBP)  [Source:UniProtKB/TrEMBL;Acc:A0A077ZDS0],Trichuris trichiura (PRJEB535),protein_coding,trtricprjeb535
TTRE2335,TTRE2335_t1,326,protein_coding,,Trichuris trichiura (PRJEB535),protein_coding,trtricprjeb535
TTRE11316,TTRE11316_t1,479,protein_coding,,Trichuris trichiura (PRJEB535),protein_coding,trtricprjeb535
TTRE11861,TTRE11861_t1,438,protein_coding,Regulator of microtubule dynamics protein 1  [Source:UniProtKB/TrEMBL;Acc:A0A077Z6E0],Trichuris trichiura (PRJEB535),protein_coding,trtricprjeb535
TTRE442,TTRE442_t1,230,protein_coding,,Trichuris trichiura (PRJEB535),protein_coding,trtricprjeb535
TTRE7090,TTRE7090_t1,461,protein_coding,Regulator of rDNA transcription protein 15  [Source:UniProtKB/TrEMBL;Acc:A0A077ZMJ6],Trichuris trichiura (PRJEB535),protein_coding,trtricprjeb535
TTRE2288,TTRE2288_t1,381,protein_coding,KH 1 domain containing protein  [Source:UniProtKB/TrEMBL;Acc:A0A077ZA00],Trichuris trichiura (PRJEB535),protein_coding,trtricprjeb535
TTRE11446,TTRE11446_t1,899,protein_coding,,Trichuris trichiura (PRJEB535),protein_coding,trtricprjeb535
TTRE7610,TTRE7610_t1,267,protein_coding,,Trichuris trichiura (PRJEB535),protein_coding,trtricprjeb535
TTRE2447,TTRE2447_t1,473,protein_coding,,Trichuris trichiura (PRJEB535),protein_coding,trtricprjeb535
TTRE4242,TTRE4242_t1,1222,protein_coding,,Trichuris trichiura (PRJEB535),protein_coding,trtricprjeb535
TTRE2604,TTRE2604_t1,731,protein_coding,,Trichuris trichiura (PRJEB535),protein_coding,trtricprjeb535
TTRE8718,TTRE8718_t1,386,protein_coding,,Trichuris trichiura (PRJEB535),protein_coding,trtricprjeb535
TTRE12474,TTRE12474_t1,262,protein_coding,,Trichuris trichiura (PRJEB535),protein_coding,trtricprjeb535
TTRE5132,TTRE5132_t2,2554,protein_coding,,Trichuris trichiura (PRJEB535),protein_coding,trtricprjeb535
TTRE11275,TTRE11275_t1,317,protein_coding,,Trichuris trichiura (PRJEB535),protein_coding,trtricprjeb535
TTRE4588,TTRE4588_t1,1062,protein_coding,Inner nuclear membrane protein Man1  [Source:UniProtKB/TrEMBL;Acc:A0A077Z4K6],Trichuris trichiura (PRJEB535),protein_coding,trtricprjeb535
TTRE7961,TTRE7961_t1,140,protein_coding,,Trichuris trichiura (PRJEB535),protein_coding,trtricprjeb535
TTRE239,TTRE239_t1,254,protein_coding,,Trichuris trichiura (PRJEB535),protein_coding,trtricprjeb535
TTRE4180,TTRE4180_t1,316,protein_coding,,Trichuris trichiura (PRJEB535),protein_coding,trtricprjeb535
TTRE12282,TTRE12282_t1,893,protein_coding,,Trichuris trichiura (PRJEB535),protein_coding,trtricprjeb535
TTRE9656,TTRE9656_t1,193,protein_coding,Cuticlin 1  [Source:UniProtKB/TrEMBL;Acc:A0A077YZV1],Trichuris trichiura (PRJEB535),protein_coding,trtricprjeb535
TTRE7521,TTRE7521_t1,878,protein_coding,,Trichuris trichiura (PRJEB535),protein_coding,trtricprjeb535
TTRE2380,TTRE2380_t1,234,protein_coding,Phosphoglycerate kinase  [Source:UniProtKB/TrEMBL;Acc:A0A077Z3K7],Trichuris trichiura (PRJEB535),protein_coding,trtricprjeb535
TTRE2961,TTRE2961_t1,1043,protein_coding,COP9 signalosome complex subunit 5  [Source:UniProtKB/TrEMBL;Acc:A0A077Z6L2],Trichuris trichiura (PRJEB535),protein_coding,trtricprjeb535
TTRE9957,TTRE9957_t1,709,protein_coding,polyribonucleotide nucleotidyltransferase  [Source:UniProtKB/TrEMBL;Acc:A0A077YYZ3],Trichuris trichiura (PRJEB535),protein_coding,trtricprjeb535
TTRE5233,TTRE5233_t1,301,protein_coding,,Trichuris trichiura (PRJEB535),protein_coding,trtricprjeb535
TTRE306,TTRE306_t1,132,protein_coding,,Trichuris trichiura (PRJEB535),protein_coding,trtricprjeb535
TTRE8720,TTRE8720_t1,2009,protein_coding,,Trichuris trichiura (PRJEB535),protein_coding,trtricprjeb535
TTRE2019,TTRE2019_t1,300,protein_coding,Serine/threonine-protein kinase RIO3  [Source:UniProtKB/TrEMBL;Acc:A0A077Z9Z0],Trichuris trichiura (PRJEB535),protein_coding,trtricprjeb535
TTRE9539,TTRE9539_t1,371,protein_coding,,Trichuris trichiura (PRJEB535),protein_coding,trtricprjeb535
TTRE2620,TTRE2620_t1,227,protein_coding,60S ribosomal protein L36  [Source:UniProtKB/TrEMBL;Acc:A0A077ZMX4],Trichuris trichiura (PRJEB535),protein_coding,trtricprjeb535
TTRE2774,TTRE2774_t1,350,protein_coding,,Trichuris trichiura (PRJEB535),protein_coding,trtricprjeb535
TTRE1270,TTRE1270_t1,620,protein_coding,,Trichuris trichiura (PRJEB535),protein_coding,trtricprjeb535
TTRE1806,TTRE1806_t1,305,protein_coding,,Trichuris trichiura (PRJEB535),protein_coding,trtricprjeb535
TTRE2619,TTRE2619_t1,464,protein_coding,CBM 14 domain containing protein  [Source:UniProtKB/TrEMBL;Acc:A0A077Z8B3],Trichuris trichiura (PRJEB535),protein_coding,trtricprjeb535
TTRE1488,TTRE1488_t1,176,protein_coding,Phosducin domain containing protein  [Source:UniProtKB/TrEMBL;Acc:A0A077YXK1],Trichuris trichiura (PRJEB535),protein_coding,trtricprjeb535
TTRE8223,TTRE8223_t1,116,protein_coding,Mitochondrial inner membrane protease subunit  [Source:UniProtKB/TrEMBL;Acc:A0A077Z8U8],Trichuris trichiura (PRJEB535),protein_coding,trtricprjeb535
TTRE7860,TTRE7860_t1,699,protein_coding,,Trichuris trichiura (PRJEB535),protein_coding,trtricprjeb535
TTRE6075,TTRE6075_t1,1005,protein_coding,T box transcription factor tbx  [Source:UniProtKB/TrEMBL;Acc:A0A077ZD34],Trichuris trichiura (PRJEB535),protein_coding,trtricprjeb535
TTRE3855,TTRE3855_t1,268,protein_coding,,Trichuris trichiura (PRJEB535),protein_coding,trtricprjeb535
TTRE7581,TTRE7581_t1,407,protein_coding,,Trichuris trichiura (PRJEB535),protein_coding,trtricprjeb535
TTRE2822,TTRE2822_t1,314,protein_coding,,Trichuris trichiura (PRJEB535),protein_coding,trtricprjeb535
TTRE2653,TTRE2653_t1,181,protein_coding,,Trichuris trichiura (PRJEB535),protein_coding,trtricprjeb535
TTRE5588,TTRE5588_t1,1096,protein_coding,,Trichuris trichiura (PRJEB535),protein_coding,trtricprjeb535
TTRE3856,TTRE3856_t1,859,protein_coding,Fucosyltransferase  [Source:UniProtKB/TrEMBL;Acc:A0A077Z7X3],Trichuris trichiura (PRJEB535),protein_coding,trtricprjeb535
TTRE2567,TTRE2567_t1,207,protein_coding,,Trichuris trichiura (PRJEB535),protein_coding,trtricprjeb535
TTRE1096,TTRE1096_t1,1016,protein_coding,,Trichuris trichiura (PRJEB535),protein_coding,trtricprjeb535
TTRE1246,TTRE1246_t1,724,protein_coding,DIRP family protein  [Source:UniProtKB/TrEMBL;Acc:A0A077ZAT6],Trichuris trichiura (PRJEB535),protein_coding,trtricprjeb535
TTRE10169,TTRE10169_t1,398,protein_coding,,Trichuris trichiura (PRJEB535),protein_coding,trtricprjeb535
TTRE3792,TTRE3792_t1,428,protein_coding,,Trichuris trichiura (PRJEB535),protein_coding,trtricprjeb535
TTRE11153,TTRE11153_t1,265,protein_coding,,Trichuris trichiura (PRJEB535),protein_coding,trtricprjeb535
TTRE9454,TTRE9454_t1,286,protein_coding,,Trichuris trichiura (PRJEB535),protein_coding,trtricprjeb535
TTRE12302,TTRE12302_t1,374,protein_coding,,Trichuris trichiura (PRJEB535),protein_coding,trtricprjeb535
TTRE5981,TTRE5981_t1,175,protein_coding,,Trichuris trichiura (PRJEB535),protein_coding,trtricprjeb535
TTRE3936,TTRE3936_t1,151,protein_coding,,Trichuris trichiura (PRJEB535),protein_coding,trtricprjeb535
TTRE3058,TTRE3058_t1,142,protein_coding,,Trichuris trichiura (PRJEB535),protein_coding,trtricprjeb535
TTRE1988,TTRE1988_t1,315,protein_coding,,Trichuris trichiura (PRJEB535),protein_coding,trtricprjeb535
TTRE2400,TTRE2400_t1,295,protein_coding,,Trichuris trichiura (PRJEB535),protein_coding,trtricprjeb535
TTRE12338,TTRE12338_t1,176,protein_coding,,Trichuris trichiura (PRJEB535),protein_coding,trtricprjeb535
TTRE12665,TTRE12665_t1,567,protein_coding,,Trichuris trichiura (PRJEB535),protein_coding,trtricprjeb535
TTRE3303,TTRE3303_t1,395,protein_coding,,Trichuris trichiura (PRJEB535),protein_coding,trtricprjeb535
TTRE1835,TTRE1835_t1,758,protein_coding,,Trichuris trichiura (PRJEB535),protein_coding,trtricprjeb535
TTRE4288,TTRE4288_t1,175,protein_coding,,Trichuris trichiura (PRJEB535),protein_coding,trtricprjeb535
TTRE5118,TTRE5118_t1,1709,protein_coding,Phosphoglucomutase  [Source:UniProtKB/TrEMBL;Acc:A0A077YY22],Trichuris trichiura (PRJEB535),protein_coding,trtricprjeb535
TTRE5610,TTRE5610_t1,648,protein_coding,,Trichuris trichiura (PRJEB535),protein_coding,trtricprjeb535
TTRE7149,TTRE7149_t1,461,protein_coding,,Trichuris trichiura (PRJEB535),protein_coding,trtricprjeb535
TTRE38,TTRE38_t1,433,protein_coding,,Trichuris trichiura (PRJEB535),protein_coding,trtricprjeb535
TTRE12018,TTRE12018_t1,473,protein_coding,,Trichuris trichiura (PRJEB535),protein_coding,trtricprjeb535
TTRE6872,TTRE6872_t1,234,protein_coding,,Trichuris trichiura (PRJEB535),protein_coding,trtricprjeb535
TTRE768,TTRE768_t1,518,protein_coding,Mesoderm development candidate 2  [Source:UniProtKB/TrEMBL;Acc:A0A077ZAM1],Trichuris trichiura (PRJEB535),protein_coding,trtricprjeb535
TTRE2888,TTRE2888_t1,452,protein_coding,,Trichuris trichiura (PRJEB535),protein_coding,trtricprjeb535
TTRE3884,TTRE3884_t1,208,protein_coding,,Trichuris trichiura (PRJEB535),protein_coding,trtricprjeb535
TTRE1532,TTRE1532_t1,818,protein_coding,,Trichuris trichiura (PRJEB535),protein_coding,trtricprjeb535
TTRE3413,TTRE3413_t2,199,protein_coding,DDB1- and CUL4-associated factor 13  [Source:UniProtKB/TrEMBL;Acc:A0A077Z9S6],Trichuris trichiura (PRJEB535),protein_coding,trtricprjeb535
TTRE2194,TTRE2194_t1,164,protein_coding,DUF4390 domain-containing protein  [Source:UniProtKB/TrEMBL;Acc:A0A077Z3Z5],Trichuris trichiura (PRJEB535),protein_coding,trtricprjeb535
TTRE9403,TTRE9403_t1,746,protein_coding,,Trichuris trichiura (PRJEB535),protein_coding,trtricprjeb535
TTRE8452,TTRE8452_t1,403,protein_coding,Serine:threonine protein kinase MAK  [Source:UniProtKB/TrEMBL;Acc:A0A077YWV9],Trichuris trichiura (PRJEB535),protein_coding,trtricprjeb535
TTRE7764,TTRE7764_t1,437,protein_coding,,Trichuris trichiura (PRJEB535),protein_coding,trtricprjeb535
TTRE8971,TTRE8971_t1,155,protein_coding,,Trichuris trichiura (PRJEB535),protein_coding,trtricprjeb535
TTRE8102,TTRE8102_t1,297,protein_coding,,Trichuris trichiura (PRJEB535),protein_coding,trtricprjeb535
TTRE12648,TTRE12648_t1,461,protein_coding,,Trichuris trichiura (PRJEB535),protein_coding,trtricprjeb535
TTRE9556,TTRE9556_t1,626,protein_coding,,Trichuris trichiura (PRJEB535),protein_coding,trtricprjeb535
TTRE2745,TTRE2745_t1,234,protein_coding,Novel immunogenic protein NIP-2  [Source:UniProtKB/TrEMBL;Acc:A0A077YXD3],Trichuris trichiura (PRJEB535),protein_coding,trtricprjeb535
TTRE11712,TTRE11712_t1,195,protein_coding,,Trichuris trichiura (PRJEB535),protein_coding,trtricprjeb535
TTRE5608,TTRE5608_t1,833,protein_coding,Pkinase domain containing protein  [Source:UniProtKB/TrEMBL;Acc:A0A077ZJX4],Trichuris trichiura (PRJEB535),protein_coding,trtricprjeb535
TTRE3803,TTRE3803_t1,148,protein_coding,Histone H3  [Source:UniProtKB/TrEMBL;Acc:A0A077ZHY3],Trichuris trichiura (PRJEB535),protein_coding,trtricprjeb535
TTRE11541,TTRE11541_t1,317,protein_coding,,Trichuris trichiura (PRJEB535),protein_coding,trtricprjeb535
TTRE7431,TTRE7431_t1,452,protein_coding,,Trichuris trichiura (PRJEB535),protein_coding,trtricprjeb535
TTRE4585,TTRE4585_t1,233,protein_coding,Phospho p8 domain containing protein  [Source:UniProtKB/TrEMBL;Acc:A0A077ZJ63],Trichuris trichiura (PRJEB535),protein_coding,trtricprjeb535
TTRE853,TTRE853_t1,233,protein_coding,,Trichuris trichiura (PRJEB535),protein_coding,trtricprjeb535
TTRE8476,TTRE8476_t1,293,protein_coding,,Trichuris trichiura (PRJEB535),protein_coding,trtricprjeb535
TTRE996,TTRE996_t1,3356,protein_coding,Retinoblastoma binding protein 6  [Source:UniProtKB/TrEMBL;Acc:A0A077Z480],Trichuris trichiura (PRJEB535),protein_coding,trtricprjeb535
TTRE6346,TTRE6346_t1,1367,protein_coding,,Trichuris trichiura (PRJEB535),protein_coding,trtricprjeb535
TTRE1293,TTRE1293_t1,378,protein_coding,,Trichuris trichiura (PRJEB535),protein_coding,trtricprjeb535
TTRE7499,TTRE7499_t1,1348,protein_coding,,Trichuris trichiura (PRJEB535),protein_coding,trtricprjeb535
TTRE2554,TTRE2554_t1,209,protein_coding,Serine/threonine-protein phosphatase  [Source:UniProtKB/TrEMBL;Acc:A0A077Z0V2],Trichuris trichiura (PRJEB535),protein_coding,trtricprjeb535
TTRE8056,TTRE8056_t1,1472,protein_coding,,Trichuris trichiura (PRJEB535),protein_coding,trtricprjeb535
TTRE2,TTRE2_t1,1205,protein_coding,Hexosyltransferase  [Source:UniProtKB/TrEMBL;Acc:A0A077ZKS2],Trichuris trichiura (PRJEB535),protein_coding,trtricprjeb535
TTRE5634,TTRE5634_t1,605,protein_coding,,Trichuris trichiura (PRJEB535),protein_coding,trtricprjeb535
TTRE9514,TTRE9514_t1,752,protein_coding,Putative phosphatidylinositol kinase related prot ein  [Source:UniProtKB/TrEMBL;Acc:A0A077ZFN9],Trichuris trichiura (PRJEB535),protein_coding,trtricprjeb535
TTRE7830,TTRE7830_t1,356,protein_coding,,Trichuris trichiura (PRJEB535),protein_coding,trtricprjeb535
TTRE2536,TTRE2536_t1,143,protein_coding,,Trichuris trichiura (PRJEB535),protein_coding,trtricprjeb535
TTRE11006,TTRE11006_t1,566,protein_coding,LisH domain-containing protein  [Source:UniProtKB/TrEMBL;Acc:A0A077ZJJ5],Trichuris trichiura (PRJEB535),protein_coding,trtricprjeb535
TTRE3802,TTRE3802_t1,1131,protein_coding,LIM zinc-binding domain-containing protein  [Source:UniProtKB/TrEMBL;Acc:A0A077Z1V3],Trichuris trichiura (PRJEB535),protein_coding,trtricprjeb535
TTRE2702,TTRE2702_t1,2009,protein_coding,Condensin complex subunit 2  [Source:UniProtKB/TrEMBL;Acc:A0A077Z469],Trichuris trichiura (PRJEB535),protein_coding,trtricprjeb535
TTRE9705,TTRE9705_t1,908,protein_coding,,Trichuris trichiura (PRJEB535),protein_coding,trtricprjeb535
TTRE9576,TTRE9576_t1,367,protein_coding,,Trichuris trichiura (PRJEB535),protein_coding,trtricprjeb535
TTRE2746,TTRE2746_t1,179,protein_coding,,Trichuris trichiura (PRJEB535),protein_coding,trtricprjeb535
TTRE4683,TTRE4683_t1,308,protein_coding,,Trichuris trichiura (PRJEB535),protein_coding,trtricprjeb535
TTRE1529,TTRE1529_t1,238,protein_coding,,Trichuris trichiura (PRJEB535),protein_coding,trtricprjeb535
TTRE68,TTRE68_t1,350,protein_coding,,Trichuris trichiura (PRJEB535),protein_coding,trtricprjeb535
TTRE9279,TTRE9279_t1,305,protein_coding,,Trichuris trichiura (PRJEB535),protein_coding,trtricprjeb535
TTRE4781,TTRE4781_t1,284,protein_coding,LSM domain containing protein  [Source:UniProtKB/TrEMBL;Acc:A0A077Z0A2],Trichuris trichiura (PRJEB535),protein_coding,trtricprjeb535
TTRE8807,TTRE8807_t1,332,protein_coding,Putative YLP motif containing 1  [Source:UniProtKB/TrEMBL;Acc:A0A077Z673],Trichuris trichiura (PRJEB535),protein_coding,trtricprjeb535
TTRE5465,TTRE5465_t1,234,protein_coding,,Trichuris trichiura (PRJEB535),protein_coding,trtricprjeb535
TTRE7842,TTRE7842_t1,188,protein_coding,,Trichuris trichiura (PRJEB535),protein_coding,trtricprjeb535
TTRE10791,TTRE10791_t1,1510,protein_coding,,Trichuris trichiura (PRJEB535),protein_coding,trtricprjeb535
TTRE9944,TTRE9944_t1,1553,protein_coding,Zinc finger protein Noc  [Source:UniProtKB/TrEMBL;Acc:A0A077Z5H3],Trichuris trichiura (PRJEB535),protein_coding,trtricprjeb535
TTRE4759,TTRE4759_t1,323,protein_coding,,Trichuris trichiura (PRJEB535),protein_coding,trtricprjeb535
TTRE9758,TTRE9758_t1,223,protein_coding,,Trichuris trichiura (PRJEB535),protein_coding,trtricprjeb535
TTRE12394,TTRE12394_t1,401,protein_coding,,Trichuris trichiura (PRJEB535),protein_coding,trtricprjeb535
TTRE11230,TTRE11230_t1,195,protein_coding,,Trichuris trichiura (PRJEB535),protein_coding,trtricprjeb535
TTRE10509,TTRE10509_t1,458,protein_coding,,Trichuris trichiura (PRJEB535),protein_coding,trtricprjeb535
TTRE9122,TTRE9122_t1,458,protein_coding,Histidine rich membrane protein KE4  [Source:UniProtKB/TrEMBL;Acc:A0A077YUQ3],Trichuris trichiura (PRJEB535),protein_coding,trtricprjeb535
TTRE6929,TTRE6929_t1,323,protein_coding,,Trichuris trichiura (PRJEB535),protein_coding,trtricprjeb535
TTRE5969,TTRE5969_t1,285,protein_coding,,Trichuris trichiura (PRJEB535),protein_coding,trtricprjeb535
TTRE1022,TTRE1022_t1,248,protein_coding,Cytochrome c oxidase assembly protein COX15  [Source:UniProtKB/TrEMBL;Acc:A0A077Z080],Trichuris trichiura (PRJEB535),protein_coding,trtricprjeb535
TTRE4508,TTRE4508_t1,969,protein_coding,,Trichuris trichiura (PRJEB535),protein_coding,trtricprjeb535
TTRE6685,TTRE6685_t1,170,protein_coding,,Trichuris trichiura (PRJEB535),protein_coding,trtricprjeb535
TTRE2771,TTRE2771_t1,481,protein_coding,,Trichuris trichiura (PRJEB535),protein_coding,trtricprjeb535
TTRE1283,TTRE1283_t1,689,protein_coding,,Trichuris trichiura (PRJEB535),protein_coding,trtricprjeb535
TTRE59,TTRE59_t1,787,protein_coding,,Trichuris trichiura (PRJEB535),protein_coding,trtricprjeb535
TTRE9560,TTRE9560_t1,338,protein_coding,,Trichuris trichiura (PRJEB535),protein_coding,trtricprjeb535
TTRE7476,TTRE7476_t1,599,protein_coding,,Trichuris trichiura (PRJEB535),protein_coding,trtricprjeb535
TTRE1731,TTRE1731_t1,422,protein_coding,Histone H2A  [Source:UniProtKB/TrEMBL;Acc:A0A077YZQ1],Trichuris trichiura (PRJEB535),protein_coding,trtricprjeb535
TTRE5767,TTRE5767_t1,1470,protein_coding,,Trichuris trichiura (PRJEB535),protein_coding,trtricprjeb535
TTRE2922,TTRE2922_t1,228,protein_coding,,Trichuris trichiura (PRJEB535),protein_coding,trtricprjeb535
TTRE10083,TTRE10083_t1,205,protein_coding,,Trichuris trichiura (PRJEB535),protein_coding,trtricprjeb535
TTRE6325,TTRE6325_t1,306,protein_coding,,Trichuris trichiura (PRJEB535),protein_coding,trtricprjeb535
TTRE1458,TTRE1458_t1,378,protein_coding,Transmembrane protein  [Source:UniProtKB/TrEMBL;Acc:A0A077ZER6],Trichuris trichiura (PRJEB535),protein_coding,trtricprjeb535
TTRE477,TTRE477_t1,1107,protein_coding,Macoilin 1  [Source:UniProtKB/TrEMBL;Acc:A0A077YVS4],Trichuris trichiura (PRJEB535),protein_coding,trtricprjeb535
TTRE8209,TTRE8209_t1,320,protein_coding,,Trichuris trichiura (PRJEB535),protein_coding,trtricprjeb535
TTRE5073,TTRE5073_t1,220,protein_coding,,Trichuris trichiura (PRJEB535),protein_coding,trtricprjeb535
TTRE8402,TTRE8402_t1,217,protein_coding,,Trichuris trichiura (PRJEB535),protein_coding,trtricprjeb535
TTRE3816,TTRE3816_t1,169,protein_coding,Histone deacetylase  [Source:UniProtKB/TrEMBL;Acc:A0A077Z0L3],Trichuris trichiura (PRJEB535),protein_coding,trtricprjeb535
TTRE3537,TTRE3537_t1,222,protein_coding,,Trichuris trichiura (PRJEB535),protein_coding,trtricprjeb535
TTRE784,TTRE784_t1,290,protein_coding,,Trichuris trichiura (PRJEB535),protein_coding,trtricprjeb535
TTRE10964,TTRE10964_t1,157,protein_coding,,Trichuris trichiura (PRJEB535),protein_coding,trtricprjeb535
TTRE3125,TTRE3125_t1,130,protein_coding,,Trichuris trichiura (PRJEB535),protein_coding,trtricprjeb535
TTRE9307,TTRE9307_t1,1303,protein_coding,,Trichuris trichiura (PRJEB535),protein_coding,trtricprjeb535
TTRE2783,TTRE2783_t1,219,protein_coding,Ribonuclease  [Source:UniProtKB/TrEMBL;Acc:A0A077ZLB2],Trichuris trichiura (PRJEB535),protein_coding,trtricprjeb535
TTRE11812,TTRE11812_t1,616,protein_coding,,Trichuris trichiura (PRJEB535),protein_coding,trtricprjeb535
TTRE8783,TTRE8783_t1,1043,protein_coding,,Trichuris trichiura (PRJEB535),protein_coding,trtricprjeb535
TTRE10872,TTRE10872_t1,445,protein_coding,,Trichuris trichiura (PRJEB535),protein_coding,trtricprjeb535
TTRE10544,TTRE10544_t1,611,protein_coding,,Trichuris trichiura (PRJEB535),protein_coding,trtricprjeb535
TTRE12323,TTRE12323_t1,599,protein_coding,,Trichuris trichiura (PRJEB535),protein_coding,trtricprjeb535
TTRE12107,TTRE12107_t1,389,protein_coding,,Trichuris trichiura (PRJEB535),protein_coding,trtricprjeb535
TTRE4994,TTRE4994_t1,368,protein_coding,,Trichuris trichiura (PRJEB535),protein_coding,trtricprjeb535
TTRE8201,TTRE8201_t1,432,protein_coding,,Trichuris trichiura (PRJEB535),protein_coding,trtricprjeb535
TTRE11151,TTRE11151_t1,306,protein_coding,,Trichuris trichiura (PRJEB535),protein_coding,trtricprjeb535
TTRE4713,TTRE4713_t1,245,protein_coding,,Trichuris trichiura (PRJEB535),protein_coding,trtricprjeb535
TTRE11675,TTRE11675_t1,452,protein_coding,,Trichuris trichiura (PRJEB535),protein_coding,trtricprjeb535
TTRE2114,TTRE2114_t1,236,protein_coding,,Trichuris trichiura (PRJEB535),protein_coding,trtricprjeb535
TTRE2949,TTRE2949_t1,233,protein_coding,,Trichuris trichiura (PRJEB535),protein_coding,trtricprjeb535
TTRE6158,TTRE6158_t1,258,protein_coding,,Trichuris trichiura (PRJEB535),protein_coding,trtricprjeb535
TTRE2608,TTRE2608_t1,815,protein_coding,,Trichuris trichiura (PRJEB535),protein_coding,trtricprjeb535
TTRE3804,TTRE3804_t1,228,protein_coding,,Trichuris trichiura (PRJEB535),protein_coding,trtricprjeb535
TTRE1849,TTRE1849_t1,245,protein_coding,,Trichuris trichiura (PRJEB535),protein_coding,trtricprjeb535
TTRE802,TTRE802_t1,146,protein_coding,,Trichuris trichiura (PRJEB535),protein_coding,trtricprjeb535
TTRE4704,TTRE4704_t1,137,protein_coding,,Trichuris trichiura (PRJEB535),protein_coding,trtricprjeb535
TTRE12659,TTRE12659_t1,744,protein_coding,,Trichuris trichiura (PRJEB535),protein_coding,trtricprjeb535
TTRE10938,TTRE10938_t1,283,protein_coding,,Trichuris trichiura (PRJEB535),protein_coding,trtricprjeb535
TTRE10678,TTRE10678_t1,2239,protein_coding,,Trichuris trichiura (PRJEB535),protein_coding,trtricprjeb535
TTRE5261,TTRE5261_t2,626,protein_coding,,Trichuris trichiura (PRJEB535),protein_coding,trtricprjeb535
TTRE3460,TTRE3460_t1,299,protein_coding,,Trichuris trichiura (PRJEB535),protein_coding,trtricprjeb535
TTRE11479,TTRE11479_t1,221,protein_coding,,Trichuris trichiura (PRJEB535),protein_coding,trtricprjeb535
TTRE6213,TTRE6213_t1,263,protein_coding,,Trichuris trichiura (PRJEB535),protein_coding,trtricprjeb535
TTRE9908,TTRE9908_t1,434,protein_coding,,Trichuris trichiura (PRJEB535),protein_coding,trtricprjeb535
TTRE1333,TTRE1333_t1,333,protein_coding,,Trichuris trichiura (PRJEB535),protein_coding,trtricprjeb535
TTRE8528,TTRE8528_t1,4061,protein_coding,,Trichuris trichiura (PRJEB535),protein_coding,trtricprjeb535
TTRE296,TTRE296_t1,875,protein_coding,E3 ubiquitin protein ligase TRIM9  [Source:UniProtKB/TrEMBL;Acc:A0A077ZGU1],Trichuris trichiura (PRJEB535),protein_coding,trtricprjeb535
TTRE9448,TTRE9448_t1,326,protein_coding,,Trichuris trichiura (PRJEB535),protein_coding,trtricprjeb535
TTRE9569,TTRE9569_t1,833,protein_coding,,Trichuris trichiura (PRJEB535),protein_coding,trtricprjeb535
TTRE5556,TTRE5556_t1,251,protein_coding,,Trichuris trichiura (PRJEB535),protein_coding,trtricprjeb535
TTRE5135,TTRE5135_t1,217,protein_coding,Adenosine kinase  [Source:UniProtKB/TrEMBL;Acc:A0A077Z8B0],Trichuris trichiura (PRJEB535),protein_coding,trtricprjeb535
TTRE2201,TTRE2201_t1,197,protein_coding,,Trichuris trichiura (PRJEB535),protein_coding,trtricprjeb535
TTRE4648,TTRE4648_t1,1745,protein_coding,Anaphase-promoting complex subunit 1  [Source:UniProtKB/TrEMBL;Acc:A0A077YXZ2],Trichuris trichiura (PRJEB535),protein_coding,trtricprjeb535
TTRE7397,TTRE7397_t1,644,protein_coding,,Trichuris trichiura (PRJEB535),protein_coding,trtricprjeb535
TTRE3563,TTRE3563_t1,175,protein_coding,,Trichuris trichiura (PRJEB535),protein_coding,trtricprjeb535
TTRE2642,TTRE2642_t1,144,protein_coding,Calcium load-activated calcium channel  [Source:UniProtKB/TrEMBL;Acc:A0A077Z8W7],Trichuris trichiura (PRJEB535),protein_coding,trtricprjeb535
TTRE3488,TTRE3488_t1,672,protein_coding,,Trichuris trichiura (PRJEB535),protein_coding,trtricprjeb535
TTRE2952,TTRE2952_t1,269,protein_coding,,Trichuris trichiura (PRJEB535),protein_coding,trtricprjeb535
TTRE5022,TTRE5022_t1,128,protein_coding,Survival motor neuron protein  [Source:UniProtKB/TrEMBL;Acc:A0A077Z382],Trichuris trichiura (PRJEB535),protein_coding,trtricprjeb535
TTRE4060,TTRE4060_t1,273,protein_coding,,Trichuris trichiura (PRJEB535),protein_coding,trtricprjeb535
TTRE12179,TTRE12179_t1,1142,protein_coding,,Trichuris trichiura (PRJEB535),protein_coding,trtricprjeb535
TTRE6344,TTRE6344_t1,314,protein_coding,Importin-4  [Source:UniProtKB/TrEMBL;Acc:A0A077ZN61],Trichuris trichiura (PRJEB535),protein_coding,trtricprjeb535
TTRE2716,TTRE2716_t1,306,protein_coding,RabGAP-TBC domain containing protein  [Source:UniProtKB/TrEMBL;Acc:A0A077ZCZ4],Trichuris trichiura (PRJEB535),protein_coding,trtricprjeb535
TTRE6103,TTRE6103_t1,1808,protein_coding,KH 1 domain containing protein  [Source:UniProtKB/TrEMBL;Acc:A0A077ZB68],Trichuris trichiura (PRJEB535),protein_coding,trtricprjeb535
TTRE3693,TTRE3693_t1,335,protein_coding,,Trichuris trichiura (PRJEB535),protein_coding,trtricprjeb535
TTRE7288,TTRE7288_t1,305,protein_coding,,Trichuris trichiura (PRJEB535),protein_coding,trtricprjeb535
TTRE1001,TTRE1001_t1,244,protein_coding,,Trichuris trichiura (PRJEB535),protein_coding,trtricprjeb535
TTRE646,TTRE646_t1,699,protein_coding,,Trichuris trichiura (PRJEB535),protein_coding,trtricprjeb535
TTRE4894,TTRE4894_t1,188,protein_coding,,Trichuris trichiura (PRJEB535),protein_coding,trtricprjeb535
TTRE5072,TTRE5072_t1,395,protein_coding,Cuticle collagen 7  [Source:UniProtKB/TrEMBL;Acc:A0A077Z891],Trichuris trichiura (PRJEB535),protein_coding,trtricprjeb535
TTRE9518,TTRE9518_t1,656,protein_coding,,Trichuris trichiura (PRJEB535),protein_coding,trtricprjeb535
TTRE8333,TTRE8333_t1,418,protein_coding,,Trichuris trichiura (PRJEB535),protein_coding,trtricprjeb535
TTRE11255,TTRE11255_t1,458,protein_coding,Miro domain containing protein  [Source:UniProtKB/TrEMBL;Acc:A0A077ZD45],Trichuris trichiura (PRJEB535),protein_coding,trtricprjeb535
TTRE5106,TTRE5106_t1,399,protein_coding,BRCT and PTCB-BRCT domain containing protein  [Source:UniProtKB/TrEMBL;Acc:A0A077ZHE6],Trichuris trichiura (PRJEB535),protein_coding,trtricprjeb535
TTRE3339,TTRE3339_t1,940,protein_coding,,Trichuris trichiura (PRJEB535),protein_coding,trtricprjeb535
TTRE4767,TTRE4767_t1,411,protein_coding,,Trichuris trichiura (PRJEB535),protein_coding,trtricprjeb535
TTRE8157,TTRE8157_t1,173,protein_coding,,Trichuris trichiura (PRJEB535),protein_coding,trtricprjeb535
TTRE4913,TTRE4913_t1,416,protein_coding,DUF4147 and MOFRL domain containing protein  [Source:UniProtKB/TrEMBL;Acc:A0A077YYJ7],Trichuris trichiura (PRJEB535),protein_coding,trtricprjeb535
TTRE6944,TTRE6944_t1,156,protein_coding,,Trichuris trichiura (PRJEB535),protein_coding,trtricprjeb535
TTRE1675,TTRE1675_t1,356,protein_coding,phosphatidylserine decarboxylase  [Source:UniProtKB/TrEMBL;Acc:A0A077YVM9],Trichuris trichiura (PRJEB535),protein_coding,trtricprjeb535
TTRE8648,TTRE8648_t1,678,protein_coding,,Trichuris trichiura (PRJEB535),protein_coding,trtricprjeb535
TTRE2319,TTRE2319_t1,413,protein_coding,,Trichuris trichiura (PRJEB535),protein_coding,trtricprjeb535
TTRE4942,TTRE4942_t1,697,protein_coding,,Trichuris trichiura (PRJEB535),protein_coding,trtricprjeb535
TTRE12033,TTRE12033_t1,415,protein_coding,Putative phosphatidate cytidylyltransferase  [Source:UniProtKB/TrEMBL;Acc:A0A077Z881],Trichuris trichiura (PRJEB535),protein_coding,trtricprjeb535
TTRE2602,TTRE2602_t1,155,protein_coding,,Trichuris trichiura (PRJEB535),protein_coding,trtricprjeb535
TTRE7482,TTRE7482_t1,1658,protein_coding,,Trichuris trichiura (PRJEB535),protein_coding,trtricprjeb535
TTRE1288,TTRE1288_t1,180,protein_coding,,Trichuris trichiura (PRJEB535),protein_coding,trtricprjeb535
TTRE12541,TTRE12541_t1,794,protein_coding,,Trichuris trichiura (PRJEB535),protein_coding,trtricprjeb535
TTRE9305,TTRE9305_t1,155,protein_coding,,Trichuris trichiura (PRJEB535),protein_coding,trtricprjeb535
TTRE12245,TTRE12245_t1,356,protein_coding,Zinc finger protein zas1  [Source:UniProtKB/TrEMBL;Acc:A0A077ZAS6],Trichuris trichiura (PRJEB535),protein_coding,trtricprjeb535
TTRE7646,TTRE7646_t1,635,protein_coding,,Trichuris trichiura (PRJEB535),protein_coding,trtricprjeb535
TTRE8915,TTRE8915_t1,224,protein_coding,,Trichuris trichiura (PRJEB535),protein_coding,trtricprjeb535
TTRE2698,TTRE2698_t1,262,protein_coding,Plastin 3  [Source:UniProtKB/TrEMBL;Acc:A0A077YW46],Trichuris trichiura (PRJEB535),protein_coding,trtricprjeb535
TTRE10684,TTRE10684_t1,1466,protein_coding,,Trichuris trichiura (PRJEB535),protein_coding,trtricprjeb535
TTRE119,TTRE119_t1,281,protein_coding,,Trichuris trichiura (PRJEB535),protein_coding,trtricprjeb535
TTRE4540,TTRE4540_t1,230,protein_coding,,Trichuris trichiura (PRJEB535),protein_coding,trtricprjeb535
TTRE3271,TTRE3271_t1,163,protein_coding,,Trichuris trichiura (PRJEB535),protein_coding,trtricprjeb535
TTRE35,TTRE35_t1,326,protein_coding,peptidylprolyl isomerase  [Source:UniProtKB/TrEMBL;Acc:A0A077ZAC5],Trichuris trichiura (PRJEB535),protein_coding,trtricprjeb535
TTRE11910,TTRE11910_t1,501,protein_coding,,Trichuris trichiura (PRJEB535),protein_coding,trtricprjeb535
TTRE1081,TTRE1081_t1,980,protein_coding,Ribosome biogenesis regulatory protein  [Source:UniProtKB/TrEMBL;Acc:A0A077ZDC7],Trichuris trichiura (PRJEB535),protein_coding,trtricprjeb535
TTRE11048,TTRE11048_t1,560,protein_coding,,Trichuris trichiura (PRJEB535),protein_coding,trtricprjeb535
TTRE3730,TTRE3730_t1,205,protein_coding,,Trichuris trichiura (PRJEB535),protein_coding,trtricprjeb535
TTRE12274,TTRE12274_t1,820,protein_coding,,Trichuris trichiura (PRJEB535),protein_coding,trtricprjeb535
TTRE11886,TTRE11886_t1,686,protein_coding,protein kinase C  [Source:UniProtKB/TrEMBL;Acc:A0A077ZEZ7],Trichuris trichiura (PRJEB535),protein_coding,trtricprjeb535
TTRE2272,TTRE2272_t1,875,protein_coding,Glycine N-acyltransferase-like protein  [Source:UniProtKB/TrEMBL;Acc:A0A077ZEQ0],Trichuris trichiura (PRJEB535),protein_coding,trtricprjeb535
TTRE6912,TTRE6912_t1,3226,protein_coding,,Trichuris trichiura (PRJEB535),protein_coding,trtricprjeb535
TTRE10108,TTRE10108_t1,470,protein_coding,,Trichuris trichiura (PRJEB535),protein_coding,trtricprjeb535
TTRE5421,TTRE5421_t1,351,protein_coding,,Trichuris trichiura (PRJEB535),protein_coding,trtricprjeb535
TTRE10472,TTRE10472_t1,344,protein_coding,,Trichuris trichiura (PRJEB535),protein_coding,trtricprjeb535
TTRE1129,TTRE1129_t1,240,protein_coding,,Trichuris trichiura (PRJEB535),protein_coding,trtricprjeb535
TTRE7498,TTRE7498_t1,237,protein_coding,,Trichuris trichiura (PRJEB535),protein_coding,trtricprjeb535
TTRE377,TTRE377_t1,268,protein_coding,Mediator of RNA polymerase II transcription subun it 22  [Source:UniProtKB/TrEMBL;Acc:A0A077Z2H0],Trichuris trichiura (PRJEB535),protein_coding,trtricprjeb535
TTRE849,TTRE849_t1,199,protein_coding,,Trichuris trichiura (PRJEB535),protein_coding,trtricprjeb535
TTRE3409,TTRE3409_t1,1214,protein_coding,Calreticulin  [Source:UniProtKB/TrEMBL;Acc:A0A077ZC09],Trichuris trichiura (PRJEB535),protein_coding,trtricprjeb535
TTRE3608,TTRE3608_t1,152,protein_coding,,Trichuris trichiura (PRJEB535),protein_coding,trtricprjeb535
TTRE3758,TTRE3758_t1,142,protein_coding,Peptidyl-prolyl cis-trans isomerase  [Source:UniProtKB/TrEMBL;Acc:A0A077Z6V6],Trichuris trichiura (PRJEB535),protein_coding,trtricprjeb535
TTRE4523,TTRE4523_t1,476,protein_coding,Dentin sialophosphoprotein-like  [Source:UniProtKB/TrEMBL;Acc:A0A077ZJC0],Trichuris trichiura (PRJEB535),protein_coding,trtricprjeb535
TTRE6800,TTRE6800_t1,3764,protein_coding,,Trichuris trichiura (PRJEB535),protein_coding,trtricprjeb535
TTRE11344,TTRE11344_t1,314,protein_coding,,Trichuris trichiura (PRJEB535),protein_coding,trtricprjeb535
TTRE5545,TTRE5545_t1,205,protein_coding,,Trichuris trichiura (PRJEB535),protein_coding,trtricprjeb535
TTRE11857,TTRE11857_t1,251,protein_coding,,Trichuris trichiura (PRJEB535),protein_coding,trtricprjeb535
TTRE9152,TTRE9152_t1,161,protein_coding,,Trichuris trichiura (PRJEB535),protein_coding,trtricprjeb535
TTRE10494,TTRE10494_t1,808,protein_coding,,Trichuris trichiura (PRJEB535),protein_coding,trtricprjeb535
TTRE6579,TTRE6579_t1,430,protein_coding,Forkhead transcription factor L2  [Source:UniProtKB/TrEMBL;Acc:A0A077Z4N0],Trichuris trichiura (PRJEB535),protein_coding,trtricprjeb535
TTRE9242,TTRE9242_t1,135,protein_coding,"NFU1 iron-sulfur cluster scaffold homolog, mitochondrial  [Source:UniProtKB/TrEMBL;Acc:A0A077ZNF9]",Trichuris trichiura (PRJEB535),protein_coding,trtricprjeb535
TTRE798,TTRE798_t1,261,protein_coding,,Trichuris trichiura (PRJEB535),protein_coding,trtricprjeb535
TTRE2516,TTRE2516_t1,280,protein_coding,,Trichuris trichiura (PRJEB535),protein_coding,trtricprjeb535
TTRE2264,TTRE2264_t1,353,protein_coding,Serine protease  [Source:UniProtKB/TrEMBL;Acc:A0A077ZA37],Trichuris trichiura (PRJEB535),protein_coding,trtricprjeb535
TTRE1286,TTRE1286_t1,612,protein_coding,,Trichuris trichiura (PRJEB535),protein_coding,trtricprjeb535
TTRE8445,TTRE8445_t1,221,protein_coding,,Trichuris trichiura (PRJEB535),protein_coding,trtricprjeb535
TTRE1934,TTRE1934_t1,328,protein_coding,,Trichuris trichiura (PRJEB535),protein_coding,trtricprjeb535
TTRE5641,TTRE5641_t1,402,protein_coding,Phosphoinositide phospholipase C  [Source:UniProtKB/TrEMBL;Acc:A0A077ZNS5],Trichuris trichiura (PRJEB535),protein_coding,trtricprjeb535
TTRE12041,TTRE12041_t1,494,protein_coding,Histone domain containing protein  [Source:UniProtKB/TrEMBL;Acc:A0A077Z4Y9],Trichuris trichiura (PRJEB535),protein_coding,trtricprjeb535
TTRE6812,TTRE6812_t1,377,protein_coding,,Trichuris trichiura (PRJEB535),protein_coding,trtricprjeb535
TTRE5485,TTRE5485_t1,536,protein_coding,Vacuolar protein sorting-associated protein 51 homolog  [Source:UniProtKB/TrEMBL;Acc:A0A077Z6X7],Trichuris trichiura (PRJEB535),protein_coding,trtricprjeb535
TTRE5460,TTRE5460_t1,584,protein_coding,,Trichuris trichiura (PRJEB535),protein_coding,trtricprjeb535
TTRE7911,TTRE7911_t1,494,protein_coding,,Trichuris trichiura (PRJEB535),protein_coding,trtricprjeb535
TTRE2438,TTRE2438_t1,947,protein_coding,,Trichuris trichiura (PRJEB535),protein_coding,trtricprjeb535
TTRE4456,TTRE4456_t1,332,protein_coding,Phosphatidylinositol 4-kinase type 2  [Source:UniProtKB/TrEMBL;Acc:A0A077ZIP1],Trichuris trichiura (PRJEB535),protein_coding,trtricprjeb535
TTRE12620,TTRE12620_t1,1220,protein_coding,,Trichuris trichiura (PRJEB535),protein_coding,trtricprjeb535
TTRE2556,TTRE2556_t1,205,protein_coding,,Trichuris trichiura (PRJEB535),protein_coding,trtricprjeb535
TTRE2148,TTRE2148_t1,328,protein_coding,,Trichuris trichiura (PRJEB535),protein_coding,trtricprjeb535
TTRE4371,TTRE4371_t1,341,protein_coding,,Trichuris trichiura (PRJEB535),protein_coding,trtricprjeb535
TTRE9750,TTRE9750_t1,255,protein_coding,,Trichuris trichiura (PRJEB535),protein_coding,trtricprjeb535
TTRE6317,TTRE6317_t1,880,protein_coding,,Trichuris trichiura (PRJEB535),protein_coding,trtricprjeb535
TTRE2294,TTRE2294_t1,867,protein_coding,,Trichuris trichiura (PRJEB535),protein_coding,trtricprjeb535
TTRE8667,TTRE8667_t1,231,protein_coding,,Trichuris trichiura (PRJEB535),protein_coding,trtricprjeb535
TTRE9649,TTRE9649_t1,287,protein_coding,,Trichuris trichiura (PRJEB535),protein_coding,trtricprjeb535
TTRE5093,TTRE5093_t1,340,protein_coding,,Trichuris trichiura (PRJEB535),protein_coding,trtricprjeb535
TTRE2751,TTRE2751_t1,316,protein_coding,,Trichuris trichiura (PRJEB535),protein_coding,trtricprjeb535
TTRE6661,TTRE6661_t1,947,protein_coding,,Trichuris trichiura (PRJEB535),protein_coding,trtricprjeb535
TTRE4596,TTRE4596_t1,219,protein_coding,,Trichuris trichiura (PRJEB535),protein_coding,trtricprjeb535
TTRE4260,TTRE4260_t1,476,protein_coding,Sjoegren syndrome  [Source:UniProtKB/TrEMBL;Acc:A0A077ZJ74],Trichuris trichiura (PRJEB535),protein_coding,trtricprjeb535
TTRE9038,TTRE9038_t1,2109,protein_coding,,Trichuris trichiura (PRJEB535),protein_coding,trtricprjeb535
TTRE11824,TTRE11824_t1,884,protein_coding,,Trichuris trichiura (PRJEB535),protein_coding,trtricprjeb535
TTRE10746,TTRE10746_t1,404,protein_coding,,Trichuris trichiura (PRJEB535),protein_coding,trtricprjeb535
TTRE7970,TTRE7970_t1,716,protein_coding,,Trichuris trichiura (PRJEB535),protein_coding,trtricprjeb535
TTRE5420,TTRE5420_t1,487,protein_coding,THUMP and UPF0020 domain containing protein  [Source:UniProtKB/TrEMBL;Acc:A0A077Z570],Trichuris trichiura (PRJEB535),protein_coding,trtricprjeb535
TTRE1325,TTRE1325_t1,203,protein_coding,,Trichuris trichiura (PRJEB535),protein_coding,trtricprjeb535
TTRE131,TTRE131_t1,160,protein_coding,,Trichuris trichiura (PRJEB535),protein_coding,trtricprjeb535
TTRE12440,TTRE12440_t1,225,protein_coding,,Trichuris trichiura (PRJEB535),protein_coding,trtricprjeb535
TTRE9835,TTRE9835_t1,4442,protein_coding,,Trichuris trichiura (PRJEB535),protein_coding,trtricprjeb535
TTRE4936,TTRE4936_t1,383,protein_coding,,Trichuris trichiura (PRJEB535),protein_coding,trtricprjeb535
TTRE4864,TTRE4864_t1,587,protein_coding,,Trichuris trichiura (PRJEB535),protein_coding,trtricprjeb535
TTRE11982,TTRE11982_t1,265,protein_coding,,Trichuris trichiura (PRJEB535),protein_coding,trtricprjeb535
TTRE7697,TTRE7697_t1,709,protein_coding,Nuclear receptor corepressor 2  [Source:UniProtKB/TrEMBL;Acc:A0A077ZCH1],Trichuris trichiura (PRJEB535),protein_coding,trtricprjeb535
TTRE10735,TTRE10735_t1,2347,protein_coding,,Trichuris trichiura (PRJEB535),protein_coding,trtricprjeb535
TTRE146,TTRE146_t1,664,protein_coding,,Trichuris trichiura (PRJEB535),protein_coding,trtricprjeb535
TTRE7190,TTRE7190_t1,128,protein_coding,,Trichuris trichiura (PRJEB535),protein_coding,trtricprjeb535
TTRE9667,TTRE9667_t1,303,protein_coding,Palmitoyltransferase  [Source:UniProtKB/TrEMBL;Acc:A0A077Z1Q6],Trichuris trichiura (PRJEB535),protein_coding,trtricprjeb535
TTRE5177,TTRE5177_t1,211,protein_coding,,Trichuris trichiura (PRJEB535),protein_coding,trtricprjeb535
TTRE11224,TTRE11224_t1,371,protein_coding,,Trichuris trichiura (PRJEB535),protein_coding,trtricprjeb535
TTRE9929,TTRE9929_t1,422,protein_coding,"WGS project CAID00000000 data, contig chromosome 07  [Source:UniProtKB/TrEMBL;Acc:A0A077Z687]",Trichuris trichiura (PRJEB535),protein_coding,trtricprjeb535
TTRE7523,TTRE7523_t1,212,protein_coding,Glutaredoxin 1  [Source:UniProtKB/TrEMBL;Acc:A0A077ZAI5],Trichuris trichiura (PRJEB535),protein_coding,trtricprjeb535
TTRE1829,TTRE1829_t1,410,protein_coding,,Trichuris trichiura (PRJEB535),protein_coding,trtricprjeb535
TTRE12061,TTRE12061_t1,1174,protein_coding,,Trichuris trichiura (PRJEB535),protein_coding,trtricprjeb535
TTRE12259,TTRE12259_t1,362,protein_coding,,Trichuris trichiura (PRJEB535),protein_coding,trtricprjeb535
TTRE3160,TTRE3160_t1,452,protein_coding,cGMP-dependent protein kinase  [Source:UniProtKB/TrEMBL;Acc:A0A077Z7L3],Trichuris trichiura (PRJEB535),protein_coding,trtricprjeb535
TTRE5897,TTRE5897_t1,473,protein_coding,,Trichuris trichiura (PRJEB535),protein_coding,trtricprjeb535
TTRE5768,TTRE5768_t1,305,protein_coding,,Trichuris trichiura (PRJEB535),protein_coding,trtricprjeb535
TTRE8388,TTRE8388_t1,298,protein_coding,MBD domain-containing protein  [Source:UniProtKB/TrEMBL;Acc:A0A077Z6X0],Trichuris trichiura (PRJEB535),protein_coding,trtricprjeb535
TTRE6105,TTRE6105_t1,377,protein_coding,,Trichuris trichiura (PRJEB535),protein_coding,trtricprjeb535
TTRE2644,TTRE2644_t1,299,protein_coding,DNA binding protein inhibitor ID 1  [Source:UniProtKB/TrEMBL;Acc:A0A077ZBZ8],Trichuris trichiura (PRJEB535),protein_coding,trtricprjeb535
TTRE11223,TTRE11223_t1,449,protein_coding,,Trichuris trichiura (PRJEB535),protein_coding,trtricprjeb535
TTRE7297,TTRE7297_t1,249,protein_coding,,Trichuris trichiura (PRJEB535),protein_coding,trtricprjeb535
TTRE8166,TTRE8166_t1,1733,protein_coding,,Trichuris trichiura (PRJEB535),protein_coding,trtricprjeb535
TTRE6601,TTRE6601_t1,830,protein_coding,His Phos 1 domain containing protein  [Source:UniProtKB/TrEMBL;Acc:A0A077Z9G1],Trichuris trichiura (PRJEB535),protein_coding,trtricprjeb535
TTRE9164,TTRE9164_t1,239,protein_coding,,Trichuris trichiura (PRJEB535),protein_coding,trtricprjeb535
TTRE721,TTRE721_t1,987,protein_coding,,Trichuris trichiura (PRJEB535),protein_coding,trtricprjeb535
TTRE2502,TTRE2502_t1,217,protein_coding,EMP24 GP25L domain containing protein  [Source:UniProtKB/TrEMBL;Acc:A0A077ZE62],Trichuris trichiura (PRJEB535),protein_coding,trtricprjeb535
TTRE12308,TTRE12308_t1,536,protein_coding,,Trichuris trichiura (PRJEB535),protein_coding,trtricprjeb535
TTRE5381,TTRE5381_t1,1811,protein_coding,WD40 and TFIID 90kDa domain containing protein  [Source:UniProtKB/TrEMBL;Acc:A0A077Z7Z3],Trichuris trichiura (PRJEB535),protein_coding,trtricprjeb535
TTRE9359,TTRE9359_t1,977,protein_coding,ABC1 family protein  [Source:UniProtKB/TrEMBL;Acc:A0A077YZT3],Trichuris trichiura (PRJEB535),protein_coding,trtricprjeb535
TTRE10697,TTRE10697_t1,197,protein_coding,,Trichuris trichiura (PRJEB535),protein_coding,trtricprjeb535
TTRE9396,TTRE9396_t1,472,protein_coding,,Trichuris trichiura (PRJEB535),protein_coding,trtricprjeb535
TTRE10141,TTRE10141_t1,665,protein_coding,,Trichuris trichiura (PRJEB535),protein_coding,trtricprjeb535
TTRE8147,TTRE8147_t1,304,protein_coding,,Trichuris trichiura (PRJEB535),protein_coding,trtricprjeb535
TTRE10826,TTRE10826_t1,3629,protein_coding,,Trichuris trichiura (PRJEB535),protein_coding,trtricprjeb535
TTRE7956,TTRE7956_t1,690,protein_coding,,Trichuris trichiura (PRJEB535),protein_coding,trtricprjeb535
TTRE10133,TTRE10133_t1,97,protein_coding,,Trichuris trichiura (PRJEB535),protein_coding,trtricprjeb535
TTRE10992,TTRE10992_t1,233,protein_coding,Brix domain containing protein  [Source:UniProtKB/TrEMBL;Acc:A0A077ZG64],Trichuris trichiura (PRJEB535),protein_coding,trtricprjeb535
TTRE2580,TTRE2580_t1,524,protein_coding,Metallophos domain containing protein  [Source:UniProtKB/TrEMBL;Acc:A0A077Z0F2],Trichuris trichiura (PRJEB535),protein_coding,trtricprjeb535
TTRE6310,TTRE6310_t1,244,protein_coding,,Trichuris trichiura (PRJEB535),protein_coding,trtricprjeb535
TTRE1687,TTRE1687_t1,569,protein_coding,,Trichuris trichiura (PRJEB535),protein_coding,trtricprjeb535
TTRE9834,TTRE9834_t1,503,protein_coding,Akirin  [Source:UniProtKB/TrEMBL;Acc:A0A077ZAX4],Trichuris trichiura (PRJEB535),protein_coding,trtricprjeb535
TTRE8748,TTRE8748_t1,106,protein_coding,,Trichuris trichiura (PRJEB535),protein_coding,trtricprjeb535
TTRE12157,TTRE12157_t1,815,protein_coding,,Trichuris trichiura (PRJEB535),protein_coding,trtricprjeb535
TTRE5451,TTRE5451_t1,217,protein_coding,,Trichuris trichiura (PRJEB535),protein_coding,trtricprjeb535
TTRE8852,TTRE8852_t1,283,protein_coding,,Trichuris trichiura (PRJEB535),protein_coding,trtricprjeb535
TTRE12392,TTRE12392_t1,629,protein_coding,,Trichuris trichiura (PRJEB535),protein_coding,trtricprjeb535
TTRE6048,TTRE6048_t1,1098,protein_coding,,Trichuris trichiura (PRJEB535),protein_coding,trtricprjeb535
TTRE6210,TTRE6210_t1,273,protein_coding,,Trichuris trichiura (PRJEB535),protein_coding,trtricprjeb535
TTRE10816,TTRE10816_t1,264,protein_coding,,Trichuris trichiura (PRJEB535),protein_coding,trtricprjeb535
TTRE5407,TTRE5407_t1,437,protein_coding,,Trichuris trichiura (PRJEB535),protein_coding,trtricprjeb535
TTRE6315,TTRE6315_t1,347,protein_coding,,Trichuris trichiura (PRJEB535),protein_coding,trtricprjeb535
TTRE832,TTRE832_t1,2072,protein_coding,Frizzled 1  [Source:UniProtKB/TrEMBL;Acc:A0A077YZS6],Trichuris trichiura (PRJEB535),protein_coding,trtricprjeb535
TTRE2725,TTRE2725_t1,632,protein_coding,YTH domain-containing protein  [Source:UniProtKB/TrEMBL;Acc:A0A077Z088],Trichuris trichiura (PRJEB535),protein_coding,trtricprjeb535
TTRE92,TTRE92_t1,1128,protein_coding,,Trichuris trichiura (PRJEB535),protein_coding,trtricprjeb535
TTRE6768,TTRE6768_t1,153,protein_coding,,Trichuris trichiura (PRJEB535),protein_coding,trtricprjeb535
TTRE5496,TTRE5496_t1,158,protein_coding,,Trichuris trichiura (PRJEB535),protein_coding,trtricprjeb535
TTRE1054,TTRE1054_t1,1568,protein_coding,Major facilitator superfamily transporter  [Source:UniProtKB/TrEMBL;Acc:A0A077Z4Q9],Trichuris trichiura (PRJEB535),protein_coding,trtricprjeb535
TTRE5858,TTRE5858_t1,347,protein_coding,,Trichuris trichiura (PRJEB535),protein_coding,trtricprjeb535
TTRE9257,TTRE9257_t1,791,protein_coding,,Trichuris trichiura (PRJEB535),protein_coding,trtricprjeb535
TTRE9980,TTRE9980_t1,1320,protein_coding,One cut domain family member  [Source:UniProtKB/TrEMBL;Acc:A0A077YXW7],Trichuris trichiura (PRJEB535),protein_coding,trtricprjeb535
TTRE10263,TTRE10263_t1,363,protein_coding,,Trichuris trichiura (PRJEB535),protein_coding,trtricprjeb535
TTRE11848,TTRE11848_t1,466,protein_coding,GCV T domain containing protein  [Source:UniProtKB/TrEMBL;Acc:A0A077ZB86],Trichuris trichiura (PRJEB535),protein_coding,trtricprjeb535
TTRE1000,TTRE1000_t1,395,protein_coding,BTB 2 domain containing protein  [Source:UniProtKB/TrEMBL;Acc:A0A077ZF74],Trichuris trichiura (PRJEB535),protein_coding,trtricprjeb535
TTRE4791,TTRE4791_t1,236,protein_coding,Putative actin  [Source:UniProtKB/TrEMBL;Acc:A0A077Z4G1],Trichuris trichiura (PRJEB535),protein_coding,trtricprjeb535
TTRE7239,TTRE7239_t1,473,protein_coding,,Trichuris trichiura (PRJEB535),protein_coding,trtricprjeb535
TTRE6214,TTRE6214_t1,821,protein_coding,,Trichuris trichiura (PRJEB535),protein_coding,trtricprjeb535
TTRE9655,TTRE9655_t1,133,protein_coding,,Trichuris trichiura (PRJEB535),protein_coding,trtricprjeb535
TTRE7261,TTRE7261_t1,632,protein_coding,,Trichuris trichiura (PRJEB535),protein_coding,trtricprjeb535
TTRE9453,TTRE9453_t1,367,protein_coding,,Trichuris trichiura (PRJEB535),protein_coding,trtricprjeb535
TTRE1915,TTRE1915_t1,1480,protein_coding,,Trichuris trichiura (PRJEB535),protein_coding,trtricprjeb535
TTRE9229,TTRE9229_t1,455,protein_coding,,Trichuris trichiura (PRJEB535),protein_coding,trtricprjeb535
TTRE679,TTRE679_t1,441,protein_coding,,Trichuris trichiura (PRJEB535),protein_coding,trtricprjeb535
TTRE10829,TTRE10829_t1,185,protein_coding,,Trichuris trichiura (PRJEB535),protein_coding,trtricprjeb535
TTRE1759,TTRE1759_t1,378,protein_coding,,Trichuris trichiura (PRJEB535),protein_coding,trtricprjeb535
TTRE6523,TTRE6523_t1,261,protein_coding,Ank 2 domain containing protein  [Source:UniProtKB/TrEMBL;Acc:A0A077ZGB6],Trichuris trichiura (PRJEB535),protein_coding,trtricprjeb535
TTRE4059,TTRE4059_t1,171,protein_coding,,Trichuris trichiura (PRJEB535),protein_coding,trtricprjeb535
TTRE483,TTRE483_t1,924,protein_coding,FERM M and FERM C and DUF3338 and FERM N domain c ontaining protein  [Source:UniProtKB/TrEMBL;Acc:A0A077Z2M3],Trichuris trichiura (PRJEB535),protein_coding,trtricprjeb535
TTRE3007,TTRE3007_t1,445,protein_coding,,Trichuris trichiura (PRJEB535),protein_coding,trtricprjeb535
TTRE6819,TTRE6819_t1,980,protein_coding,KH 1 domain containing protein  [Source:UniProtKB/TrEMBL;Acc:A0A077ZIB7],Trichuris trichiura (PRJEB535),protein_coding,trtricprjeb535
TTRE9861,TTRE9861_t1,173,protein_coding,"Enoyl coenzyme A hydratase, mitochondrial  [Source:UniProtKB/TrEMBL;Acc:A0A077Z0T1]",Trichuris trichiura (PRJEB535),protein_coding,trtricprjeb535
TTRE8517,TTRE8517_t1,219,protein_coding,,Trichuris trichiura (PRJEB535),protein_coding,trtricprjeb535
TTRE2340,TTRE2340_t1,1064,protein_coding,,Trichuris trichiura (PRJEB535),protein_coding,trtricprjeb535
TTRE7901,TTRE7901_t1,125,protein_coding,,Trichuris trichiura (PRJEB535),protein_coding,trtricprjeb535
TTRE644,TTRE644_t1,266,protein_coding,,Trichuris trichiura (PRJEB535),protein_coding,trtricprjeb535
TTRE11744,TTRE11744_t1,383,protein_coding,,Trichuris trichiura (PRJEB535),protein_coding,trtricprjeb535
TTRE3110,TTRE3110_t1,386,protein_coding,Serrate RNA effector molecule homolog  [Source:UniProtKB/TrEMBL;Acc:A0A077YY07],Trichuris trichiura (PRJEB535),protein_coding,trtricprjeb535
TTRE612,TTRE612_t1,611,protein_coding,DNA polymerase delta subunit 3  [Source:UniProtKB/TrEMBL;Acc:A0A077YXE8],Trichuris trichiura (PRJEB535),protein_coding,trtricprjeb535
TTRE9889,TTRE9889_t1,122,protein_coding,,Trichuris trichiura (PRJEB535),protein_coding,trtricprjeb535
TTRE11037,TTRE11037_t1,445,protein_coding,,Trichuris trichiura (PRJEB535),protein_coding,trtricprjeb535
TTRE5595,TTRE5595_t1,1257,protein_coding,Ion channel family protein  [Source:UniProtKB/TrEMBL;Acc:A0A077Z026],Trichuris trichiura (PRJEB535),protein_coding,trtricprjeb535
TTRE12175,TTRE12175_t1,341,protein_coding,,Trichuris trichiura (PRJEB535),protein_coding,trtricprjeb535
TTRE9252,TTRE9252_t1,152,protein_coding,,Trichuris trichiura (PRJEB535),protein_coding,trtricprjeb535
TTRE3509,TTRE3509_t1,318,protein_coding,,Trichuris trichiura (PRJEB535),protein_coding,trtricprjeb535
TTRE12296,TTRE12296_t1,1763,protein_coding,LRR 7 and LRR 6 and LRR 8 domain containing protein  [Source:UniProtKB/TrEMBL;Acc:A0A077YWH1],Trichuris trichiura (PRJEB535),protein_coding,trtricprjeb535
TTRE4761,TTRE4761_t1,411,protein_coding,,Trichuris trichiura (PRJEB535),protein_coding,trtricprjeb535
TTRE3166,TTRE3166_t1,488,protein_coding,Irregular chiasm C-roughest protein  [Source:UniProtKB/TrEMBL;Acc:A0A077ZCN1],Trichuris trichiura (PRJEB535),protein_coding,trtricprjeb535
TTRE4882,TTRE4882_t1,622,protein_coding,,Trichuris trichiura (PRJEB535),protein_coding,trtricprjeb535
TTRE11283,TTRE11283_t1,141,protein_coding,,Trichuris trichiura (PRJEB535),protein_coding,trtricprjeb535
TTRE5766,TTRE5766_t1,254,protein_coding,,Trichuris trichiura (PRJEB535),protein_coding,trtricprjeb535
TTRE10677,TTRE10677_t1,1500,protein_coding,,Trichuris trichiura (PRJEB535),protein_coding,trtricprjeb535
TTRE5837,TTRE5837_t1,348,protein_coding,,Trichuris trichiura (PRJEB535),protein_coding,trtricprjeb535
TTRE7191,TTRE7191_t1,1174,protein_coding,,Trichuris trichiura (PRJEB535),protein_coding,trtricprjeb535
TTRE5794,TTRE5794_t1,1652,protein_coding,U4:U6.U5 tri snRNP associated protein 2  [Source:UniProtKB/TrEMBL;Acc:A0A077Z531],Trichuris trichiura (PRJEB535),protein_coding,trtricprjeb535
TTRE4187,TTRE4187_t1,184,protein_coding,,Trichuris trichiura (PRJEB535),protein_coding,trtricprjeb535
TTRE8538,TTRE8538_t1,284,protein_coding,,Trichuris trichiura (PRJEB535),protein_coding,trtricprjeb535
TTRE9605,TTRE9605_t1,239,protein_coding,,Trichuris trichiura (PRJEB535),protein_coding,trtricprjeb535
TTRE4627,TTRE4627_t1,1128,protein_coding,,Trichuris trichiura (PRJEB535),protein_coding,trtricprjeb535
TTRE4245,TTRE4245_t1,122,protein_coding,,Trichuris trichiura (PRJEB535),protein_coding,trtricprjeb535
TTRE10945,TTRE10945_t1,852,protein_coding,,Trichuris trichiura (PRJEB535),protein_coding,trtricprjeb535
TTRE1887,TTRE1887_t1,464,protein_coding,,Trichuris trichiura (PRJEB535),protein_coding,trtricprjeb535
TTRE12389,TTRE12389_t1,245,protein_coding,,Trichuris trichiura (PRJEB535),protein_coding,trtricprjeb535
TTRE8074,TTRE8074_t1,150,protein_coding,,Trichuris trichiura (PRJEB535),protein_coding,trtricprjeb535
TTRE1201,TTRE1201_t1,563,protein_coding,,Trichuris trichiura (PRJEB535),protein_coding,trtricprjeb535
TTRE1281,TTRE1281_t1,290,protein_coding,,Trichuris trichiura (PRJEB535),protein_coding,trtricprjeb535
TTRE3043,TTRE3043_t1,256,protein_coding,,Trichuris trichiura (PRJEB535),protein_coding,trtricprjeb535
TTRE5653,TTRE5653_t1,746,protein_coding,Triosephosphate isomerase  [Source:UniProtKB/TrEMBL;Acc:A0A077ZC84],Trichuris trichiura (PRJEB535),protein_coding,trtricprjeb535
TTRE10172,TTRE10172_t1,3986,protein_coding,,Trichuris trichiura (PRJEB535),protein_coding,trtricprjeb535
TTRE3661,TTRE3661_t1,1148,protein_coding,DUF3421 domain containing protein  [Source:UniProtKB/TrEMBL;Acc:A0A077ZEX9],Trichuris trichiura (PRJEB535),protein_coding,trtricprjeb535
TTRE1187,TTRE1187_t1,569,protein_coding,,Trichuris trichiura (PRJEB535),protein_coding,trtricprjeb535
TTRE10855,TTRE10855_t1,229,protein_coding,,Trichuris trichiura (PRJEB535),protein_coding,trtricprjeb535
TTRE12555,TTRE12555_t1,227,protein_coding,,Trichuris trichiura (PRJEB535),protein_coding,trtricprjeb535
TTRE535,TTRE535_t1,1651,protein_coding,,Trichuris trichiura (PRJEB535),protein_coding,trtricprjeb535
TTRE7594,TTRE7594_t1,771,protein_coding,TPR_REGION domain-containing protein  [Source:UniProtKB/TrEMBL;Acc:A0A077ZAJ4],Trichuris trichiura (PRJEB535),protein_coding,trtricprjeb535
TTRE9783,TTRE9783_t1,149,protein_coding,Phosphatidylethanolamine binding protein  [Source:UniProtKB/TrEMBL;Acc:A0A077YYD6],Trichuris trichiura (PRJEB535),protein_coding,trtricprjeb535
TTRE11047,TTRE11047_t1,209,protein_coding,,Trichuris trichiura (PRJEB535),protein_coding,trtricprjeb535
TTRE5335,TTRE5335_t1,1064,protein_coding,,Trichuris trichiura (PRJEB535),protein_coding,trtricprjeb535
TTRE12587,TTRE12587_t1,219,protein_coding,,Trichuris trichiura (PRJEB535),protein_coding,trtricprjeb535
TTRE8562,TTRE8562_t1,578,protein_coding,,Trichuris trichiura (PRJEB535),protein_coding,trtricprjeb535
TTRE5165,TTRE5165_t1,263,protein_coding,,Trichuris trichiura (PRJEB535),protein_coding,trtricprjeb535
TTRE3923,TTRE3923_t1,363,protein_coding,Staphylococcal nuclease domain-containing protein  [Source:UniProtKB/TrEMBL;Acc:A0A077ZC78],Trichuris trichiura (PRJEB535),protein_coding,trtricprjeb535
TTRE4020,TTRE4020_t1,1151,protein_coding,,Trichuris trichiura (PRJEB535),protein_coding,trtricprjeb535
TTRE3584,TTRE3584_t1,221,protein_coding,Cystatin domain containing protein  [Source:UniProtKB/TrEMBL;Acc:A0A077ZDZ1],Trichuris trichiura (PRJEB535),protein_coding,trtricprjeb535
TTRE10622,TTRE10622_t1,1200,protein_coding,,Trichuris trichiura (PRJEB535),protein_coding,trtricprjeb535
TTRE1626,TTRE1626_t1,377,protein_coding,,Trichuris trichiura (PRJEB535),protein_coding,trtricprjeb535
TTRE9234,TTRE9234_t1,187,protein_coding,,Trichuris trichiura (PRJEB535),protein_coding,trtricprjeb535
TTRE1231,TTRE1231_t1,3065,protein_coding,,Trichuris trichiura (PRJEB535),protein_coding,trtricprjeb535
TTRE11975,TTRE11975_t1,2099,protein_coding,PAZ and DUF1785 and Piwi domain containing protei n  [Source:UniProtKB/TrEMBL;Acc:A0A077ZLX5],Trichuris trichiura (PRJEB535),protein_coding,trtricprjeb535
TTRE8679,TTRE8679_t1,159,protein_coding,,Trichuris trichiura (PRJEB535),protein_coding,trtricprjeb535
TTRE1638,TTRE1638_t1,211,protein_coding,,Trichuris trichiura (PRJEB535),protein_coding,trtricprjeb535
TTRE2222,TTRE2222_t1,665,protein_coding,,Trichuris trichiura (PRJEB535),protein_coding,trtricprjeb535
TTRE9662,TTRE9662_t1,494,protein_coding,G_PROTEIN_RECEP_F1_2 domain-containing protein  [Source:UniProtKB/TrEMBL;Acc:A0A077Z4I8],Trichuris trichiura (PRJEB535),protein_coding,trtricprjeb535
TTRE2403,TTRE2403_t1,3020,protein_coding,,Trichuris trichiura (PRJEB535),protein_coding,trtricprjeb535
TTRE5772,TTRE5772_t1,263,protein_coding,,Trichuris trichiura (PRJEB535),protein_coding,trtricprjeb535
TTRE9685,TTRE9685_t1,557,protein_coding,,Trichuris trichiura (PRJEB535),protein_coding,trtricprjeb535
TTRE5843,TTRE5843_t1,747,protein_coding,,Trichuris trichiura (PRJEB535),protein_coding,trtricprjeb535
TTRE10757,TTRE10757_t1,635,protein_coding,,Trichuris trichiura (PRJEB535),protein_coding,trtricprjeb535
TTRE7813,TTRE7813_t1,1117,protein_coding,LRR 8 domain containing protein  [Source:UniProtKB/TrEMBL;Acc:A0A077ZBN1],Trichuris trichiura (PRJEB535),protein_coding,trtricprjeb535
TTRE2097,TTRE2097_t1,174,protein_coding,Synaptic glycoprotein SC2  [Source:UniProtKB/TrEMBL;Acc:A0A077ZGM2],Trichuris trichiura (PRJEB535),protein_coding,trtricprjeb535
TTRE2402,TTRE2402_t1,277,protein_coding,,Trichuris trichiura (PRJEB535),protein_coding,trtricprjeb535
TTRE11095,TTRE11095_t1,359,protein_coding,,Trichuris trichiura (PRJEB535),protein_coding,trtricprjeb535
TTRE9886,TTRE9886_t1,210,protein_coding,,Trichuris trichiura (PRJEB535),protein_coding,trtricprjeb535
TTRE6087,TTRE6087_t1,128,protein_coding,,Trichuris trichiura (PRJEB535),protein_coding,trtricprjeb535
TTRE4141,TTRE4141_t1,719,protein_coding,Major sperm protein  [Source:UniProtKB/TrEMBL;Acc:A0A077Z9L8],Trichuris trichiura (PRJEB535),protein_coding,trtricprjeb535
TTRE1716,TTRE1716_t1,203,protein_coding,,Trichuris trichiura (PRJEB535),protein_coding,trtricprjeb535
TTRE1180,TTRE1180_t1,656,protein_coding,Thymus high mobility group box protein TOX  [Source:UniProtKB/TrEMBL;Acc:A0A077ZAP3],Trichuris trichiura (PRJEB535),protein_coding,trtricprjeb535
TTRE2207,TTRE2207_t2,595,protein_coding,,Trichuris trichiura (PRJEB535),protein_coding,trtricprjeb535
TTRE7116,TTRE7116_t1,480,protein_coding,,Trichuris trichiura (PRJEB535),protein_coding,trtricprjeb535
TTRE7384,TTRE7384_t1,335,protein_coding,,Trichuris trichiura (PRJEB535),protein_coding,trtricprjeb535
TTRE503,TTRE503_t1,201,protein_coding,,Trichuris trichiura (PRJEB535),protein_coding,trtricprjeb535
TTRE1883,TTRE1883_t1,732,protein_coding,,Trichuris trichiura (PRJEB535),protein_coding,trtricprjeb535
TTRE7133,TTRE7133_t1,517,protein_coding,Regulator of rDNA transcription protein 15  [Source:UniProtKB/TrEMBL;Acc:A0A077ZMJ6],Trichuris trichiura (PRJEB535),protein_coding,trtricprjeb535
TTRE1975,TTRE1975_t1,705,protein_coding,,Trichuris trichiura (PRJEB535),protein_coding,trtricprjeb535
TTRE464,TTRE464_t1,310,protein_coding,,Trichuris trichiura (PRJEB535),protein_coding,trtricprjeb535
TTRE4739,TTRE4739_t1,206,protein_coding,,Trichuris trichiura (PRJEB535),protein_coding,trtricprjeb535
TTRE11642,TTRE11642_t1,178,protein_coding,,Trichuris trichiura (PRJEB535),protein_coding,trtricprjeb535
TTRE2762,TTRE2762_t1,1034,protein_coding,Trypsin domain containing protein  [Source:UniProtKB/TrEMBL;Acc:A0A077ZES6],Trichuris trichiura (PRJEB535),protein_coding,trtricprjeb535
TTRE9287,TTRE9287_t1,351,protein_coding,WD40 and DUF3639 domain containing protein  [Source:UniProtKB/TrEMBL;Acc:A0A077Z8Z9],Trichuris trichiura (PRJEB535),protein_coding,trtricprjeb535
TTRE1636,TTRE1636_t1,254,protein_coding,RNA helicase  [Source:UniProtKB/TrEMBL;Acc:A0A077ZDJ1],Trichuris trichiura (PRJEB535),protein_coding,trtricprjeb535
TTRE10940,TTRE10940_t1,2319,protein_coding,,Trichuris trichiura (PRJEB535),protein_coding,trtricprjeb535
TTRE11005,TTRE11005_t1,1131,protein_coding,,Trichuris trichiura (PRJEB535),protein_coding,trtricprjeb535
TTRE4655,TTRE4655_t1,212,protein_coding,,Trichuris trichiura (PRJEB535),protein_coding,trtricprjeb535
TTRE2486,TTRE2486_t1,208,protein_coding,,Trichuris trichiura (PRJEB535),protein_coding,trtricprjeb535
TTRE8560,TTRE8560_t1,803,protein_coding,,Trichuris trichiura (PRJEB535),protein_coding,trtricprjeb535
TTRE9055,TTRE9055_t1,574,protein_coding,Unnamed protein product  [Source:UniProtKB/TrEMBL;Acc:A0A077Z294],Trichuris trichiura (PRJEB535),protein_coding,trtricprjeb535
TTRE11464,TTRE11464_t1,136,protein_coding,N acetyltransferase  [Source:UniProtKB/TrEMBL;Acc:A0A077ZD35],Trichuris trichiura (PRJEB535),protein_coding,trtricprjeb535
TTRE4417,TTRE4417_t1,2111,protein_coding,LRR 8 and LRRNT and I-set and fn3 domain containi ng protein  [Source:UniProtKB/TrEMBL;Acc:A0A077Z450],Trichuris trichiura (PRJEB535),protein_coding,trtricprjeb535
TTRE6923,TTRE6923_t1,1023,protein_coding,,Trichuris trichiura (PRJEB535),protein_coding,trtricprjeb535
TTRE7825,TTRE7825_t1,148,protein_coding,,Trichuris trichiura (PRJEB535),protein_coding,trtricprjeb535
TTRE1738,TTRE1738_t1,214,protein_coding,,Trichuris trichiura (PRJEB535),protein_coding,trtricprjeb535
TTRE11956,TTRE11956_t1,326,protein_coding,,Trichuris trichiura (PRJEB535),protein_coding,trtricprjeb535
TTRE1111,TTRE1111_t1,220,protein_coding,,Trichuris trichiura (PRJEB535),protein_coding,trtricprjeb535
TTRE4296,TTRE4296_t1,130,protein_coding,CBFD NFYB HMF domain containing protein  [Source:UniProtKB/TrEMBL;Acc:A0A077ZG72],Trichuris trichiura (PRJEB535),protein_coding,trtricprjeb535
TTRE11260,TTRE11260_t1,326,protein_coding,,Trichuris trichiura (PRJEB535),protein_coding,trtricprjeb535
TTRE2676,TTRE2676_t1,293,protein_coding,,Trichuris trichiura (PRJEB535),protein_coding,trtricprjeb535
TTRE10486,TTRE10486_t1,759,protein_coding,,Trichuris trichiura (PRJEB535),protein_coding,trtricprjeb535
TTRE384,TTRE384_t1,176,protein_coding,,Trichuris trichiura (PRJEB535),protein_coding,trtricprjeb535
TTRE11791,TTRE11791_t1,311,protein_coding,BLOC-1-related complex subunit 5  [Source:UniProtKB/TrEMBL;Acc:A0A077Z493],Trichuris trichiura (PRJEB535),protein_coding,trtricprjeb535
TTRE8952,TTRE8952_t1,347,protein_coding,,Trichuris trichiura (PRJEB535),protein_coding,trtricprjeb535
TTRE581,TTRE581_t1,215,protein_coding,"Solute carrier family 2, facilitated glucose  [Source:UniProtKB/TrEMBL;Acc:A0A077Z5C9]",Trichuris trichiura (PRJEB535),protein_coding,trtricprjeb535
TTRE8026,TTRE8026_t1,1052,protein_coding,,Trichuris trichiura (PRJEB535),protein_coding,trtricprjeb535
TTRE8556,TTRE8556_t1,239,protein_coding,,Trichuris trichiura (PRJEB535),protein_coding,trtricprjeb535
TTRE854,TTRE854_t1,336,protein_coding,Integral membrane protein  [Source:UniProtKB/TrEMBL;Acc:A0A077ZNM1],Trichuris trichiura (PRJEB535),protein_coding,trtricprjeb535
TTRE3853,TTRE3853_t1,2265,protein_coding,,Trichuris trichiura (PRJEB535),protein_coding,trtricprjeb535
TTRE406,TTRE406_t2,2096,protein_coding,,Trichuris trichiura (PRJEB535),protein_coding,trtricprjeb535
TTRE6595,TTRE6595_t1,932,protein_coding,Tetraspannin domain containing protein  [Source:UniProtKB/TrEMBL;Acc:A0A077Z6S0],Trichuris trichiura (PRJEB535),protein_coding,trtricprjeb535
TTRE2066,TTRE2066_t1,1157,protein_coding,LRR 8 domain containing protein  [Source:UniProtKB/TrEMBL;Acc:A0A077ZE33],Trichuris trichiura (PRJEB535),protein_coding,trtricprjeb535
TTRE6358,TTRE6358_t1,494,protein_coding,,Trichuris trichiura (PRJEB535),protein_coding,trtricprjeb535
TTRE6481,TTRE6481_t1,170,protein_coding,,Trichuris trichiura (PRJEB535),protein_coding,trtricprjeb535
TTRE11881,TTRE11881_t1,2764,protein_coding,,Trichuris trichiura (PRJEB535),protein_coding,trtricprjeb535
TTRE8621,TTRE8621_t1,780,protein_coding,,Trichuris trichiura (PRJEB535),protein_coding,trtricprjeb535
TTRE8894,TTRE8894_t1,178,protein_coding,,Trichuris trichiura (PRJEB535),protein_coding,trtricprjeb535
TTRE1705,TTRE1705_t1,255,protein_coding,NAD(P)H-hydrate epimerase  [Source:UniProtKB/TrEMBL;Acc:A0A077ZAX5],Trichuris trichiura (PRJEB535),protein_coding,trtricprjeb535
TTRE1354,TTRE1354_t1,954,protein_coding,,Trichuris trichiura (PRJEB535),protein_coding,trtricprjeb535
TTRE8633,TTRE8633_t1,116,protein_coding,,Trichuris trichiura (PRJEB535),protein_coding,trtricprjeb535
TTRE7463,TTRE7463_t1,1655,protein_coding,,Trichuris trichiura (PRJEB535),protein_coding,trtricprjeb535
TTRE4632,TTRE4632_t1,644,protein_coding,Histoneo histone h3 histone h1  [Source:UniProtKB/TrEMBL;Acc:A0A077ZI97],Trichuris trichiura (PRJEB535),protein_coding,trtricprjeb535
TTRE2059,TTRE2059_t1,412,protein_coding,Nuclear hormone receptor family member nhr 41  [Source:UniProtKB/TrEMBL;Acc:A0A077Z3H2],Trichuris trichiura (PRJEB535),protein_coding,trtricprjeb535
TTRE4560,TTRE4560_t1,452,protein_coding,peptidylprolyl isomerase  [Source:UniProtKB/TrEMBL;Acc:A0A077Z3W7],Trichuris trichiura (PRJEB535),protein_coding,trtricprjeb535
TTRE3213,TTRE3213_t1,701,protein_coding,,Trichuris trichiura (PRJEB535),protein_coding,trtricprjeb535
TTRE7874,TTRE7874_t1,2010,protein_coding,Ribosome biogenesis protein BOP1 homolog  [Source:UniProtKB/TrEMBL;Acc:A0A077ZE39],Trichuris trichiura (PRJEB535),protein_coding,trtricprjeb535
TTRE2564,TTRE2564_t1,1946,protein_coding,Non-specific serine/threonine protein kinase  [Source:UniProtKB/TrEMBL;Acc:A0A077ZIM9],Trichuris trichiura (PRJEB535),protein_coding,trtricprjeb535
TTRE12322,TTRE12322_t1,1256,protein_coding,,Trichuris trichiura (PRJEB535),protein_coding,trtricprjeb535
TTRE9960,TTRE9960_t1,368,protein_coding,non-specific serine/threonine protein kinase  [Source:UniProtKB/TrEMBL;Acc:A0A077YY06],Trichuris trichiura (PRJEB535),protein_coding,trtricprjeb535
TTRE237,TTRE237_t1,1230,protein_coding,Insulin degrading enzyme  [Source:UniProtKB/TrEMBL;Acc:A0A077ZCU5],Trichuris trichiura (PRJEB535),protein_coding,trtricprjeb535
TTRE8442,TTRE8442_t1,256,protein_coding,Alanine--glyoxylate aminotransferase  [Source:UniProtKB/TrEMBL;Acc:A0A077YYM1],Trichuris trichiura (PRJEB535),protein_coding,trtricprjeb535
TTRE4444,TTRE4444_t1,796,protein_coding,,Trichuris trichiura (PRJEB535),protein_coding,trtricprjeb535
TTRE5170,TTRE5170_t1,928,protein_coding,,Trichuris trichiura (PRJEB535),protein_coding,trtricprjeb535
TTRE7096,TTRE7096_t1,662,protein_coding,,Trichuris trichiura (PRJEB535),protein_coding,trtricprjeb535
TTRE5402,TTRE5402_t1,501,protein_coding,,Trichuris trichiura (PRJEB535),protein_coding,trtricprjeb535
TTRE6371,TTRE6371_t1,219,protein_coding,,Trichuris trichiura (PRJEB535),protein_coding,trtricprjeb535
TTRE4251,TTRE4251_t1,995,protein_coding,,Trichuris trichiura (PRJEB535),protein_coding,trtricprjeb535
TTRE28,TTRE28_t1,214,protein_coding,,Trichuris trichiura (PRJEB535),protein_coding,trtricprjeb535
TTRE7884,TTRE7884_t1,185,protein_coding,,Trichuris trichiura (PRJEB535),protein_coding,trtricprjeb535
TTRE11515,TTRE11515_t1,243,protein_coding,,Trichuris trichiura (PRJEB535),protein_coding,trtricprjeb535
TTRE8464,TTRE8464_t1,281,protein_coding,,Trichuris trichiura (PRJEB535),protein_coding,trtricprjeb535
TTRE2435,TTRE2435_t1,183,protein_coding,TMEM127 domain-containing protein  [Source:UniProtKB/TrEMBL;Acc:A0A077Z4K5],Trichuris trichiura (PRJEB535),protein_coding,trtricprjeb535
TTRE9477,TTRE9477_t1,229,protein_coding,,Trichuris trichiura (PRJEB535),protein_coding,trtricprjeb535
TTRE4147,TTRE4147_t1,306,protein_coding,,Trichuris trichiura (PRJEB535),protein_coding,trtricprjeb535
TTRE2941,TTRE2941_t1,219,protein_coding,,Trichuris trichiura (PRJEB535),protein_coding,trtricprjeb535
TTRE3231,TTRE3231_t1,469,protein_coding,,Trichuris trichiura (PRJEB535),protein_coding,trtricprjeb535
TTRE7455,TTRE7455_t1,308,protein_coding,,Trichuris trichiura (PRJEB535),protein_coding,trtricprjeb535
TTRE4154,TTRE4154_t1,490,protein_coding,,Trichuris trichiura (PRJEB535),protein_coding,trtricprjeb535
TTRE4661,TTRE4661_t1,847,protein_coding,Androgen regulated short chain  [Source:UniProtKB/TrEMBL;Acc:A0A077Z2R4],Trichuris trichiura (PRJEB535),protein_coding,trtricprjeb535
TTRE5938,TTRE5938_t1,1573,protein_coding,Pre mRNA splicing factor ATP dependent RNA  [Source:UniProtKB/TrEMBL;Acc:A0A077Z5B5],Trichuris trichiura (PRJEB535),protein_coding,trtricprjeb535
TTRE6695,TTRE6695_t1,746,protein_coding,,Trichuris trichiura (PRJEB535),protein_coding,trtricprjeb535
TTRE11059,TTRE11059_t1,868,protein_coding,,Trichuris trichiura (PRJEB535),protein_coding,trtricprjeb535
TTRE1805,TTRE1805_t1,387,protein_coding,Putative cell cycle-associated protein  [Source:UniProtKB/TrEMBL;Acc:A0A077Z4Q4],Trichuris trichiura (PRJEB535),protein_coding,trtricprjeb535
TTRE491,TTRE491_t1,457,protein_coding,,Trichuris trichiura (PRJEB535),protein_coding,trtricprjeb535
TTRE11636,TTRE11636_t1,405,protein_coding,,Trichuris trichiura (PRJEB535),protein_coding,trtricprjeb535
TTRE4689,TTRE4689_t1,1190,protein_coding,CRAL TRIO domain containing protein  [Source:UniProtKB/TrEMBL;Acc:A0A077Z5I4],Trichuris trichiura (PRJEB535),protein_coding,trtricprjeb535
TTRE2590,TTRE2590_t1,806,protein_coding,,Trichuris trichiura (PRJEB535),protein_coding,trtricprjeb535
TTRE5927,TTRE5927_t1,443,protein_coding,,Trichuris trichiura (PRJEB535),protein_coding,trtricprjeb535
TTRE1952,TTRE1952_t1,175,protein_coding,,Trichuris trichiura (PRJEB535),protein_coding,trtricprjeb535
TTRE6424,TTRE6424_t1,1792,protein_coding,,Trichuris trichiura (PRJEB535),protein_coding,trtricprjeb535
TTRE12467,TTRE12467_t1,374,protein_coding,,Trichuris trichiura (PRJEB535),protein_coding,trtricprjeb535
TTRE4211,TTRE4211_t1,220,protein_coding,,Trichuris trichiura (PRJEB535),protein_coding,trtricprjeb535
TTRE3817,TTRE3817_t1,306,protein_coding,,Trichuris trichiura (PRJEB535),protein_coding,trtricprjeb535
TTRE4608,TTRE4608_t1,802,protein_coding,BAG domain-containing protein  [Source:UniProtKB/TrEMBL;Acc:A0A077Z8H7],Trichuris trichiura (PRJEB535),protein_coding,trtricprjeb535
TTRE11487,TTRE11487_t1,1148,protein_coding,,Trichuris trichiura (PRJEB535),protein_coding,trtricprjeb535
TTRE1190,TTRE1190_t1,455,protein_coding,,Trichuris trichiura (PRJEB535),protein_coding,trtricprjeb535
TTRE6775,TTRE6775_t1,207,protein_coding,,Trichuris trichiura (PRJEB535),protein_coding,trtricprjeb535
TTRE6705,TTRE6705_t1,738,protein_coding,,Trichuris trichiura (PRJEB535),protein_coding,trtricprjeb535
TTRE3766,TTRE3766_t1,562,protein_coding,,Trichuris trichiura (PRJEB535),protein_coding,trtricprjeb535
TTRE4619,TTRE4619_t1,680,protein_coding,BAR domain containing protein  [Source:UniProtKB/TrEMBL;Acc:A0A077Z951],Trichuris trichiura (PRJEB535),protein_coding,trtricprjeb535
TTRE5367,TTRE5367_t1,325,protein_coding,C2 domain-containing protein  [Source:UniProtKB/TrEMBL;Acc:A0A077Z5B3],Trichuris trichiura (PRJEB535),protein_coding,trtricprjeb535
TTRE8534,TTRE8534_t1,878,protein_coding,glucuronosyltransferase  [Source:UniProtKB/TrEMBL;Acc:A0A077YX48],Trichuris trichiura (PRJEB535),protein_coding,trtricprjeb535
TTRE7363,TTRE7363_t1,390,protein_coding,,Trichuris trichiura (PRJEB535),protein_coding,trtricprjeb535
TTRE6085,TTRE6085_t1,198,protein_coding,,Trichuris trichiura (PRJEB535),protein_coding,trtricprjeb535
TTRE2488,TTRE2488_t1,245,protein_coding,,Trichuris trichiura (PRJEB535),protein_coding,trtricprjeb535
TTRE2791,TTRE2791_t1,119,protein_coding,,Trichuris trichiura (PRJEB535),protein_coding,trtricprjeb535
TTRE11436,TTRE11436_t1,377,protein_coding,,Trichuris trichiura (PRJEB535),protein_coding,trtricprjeb535
TTRE2497,TTRE2497_t1,326,protein_coding,,Trichuris trichiura (PRJEB535),protein_coding,trtricprjeb535
TTRE3861,TTRE3861_t1,202,protein_coding,,Trichuris trichiura (PRJEB535),protein_coding,trtricprjeb535
TTRE2060,TTRE2060_t1,281,protein_coding,,Trichuris trichiura (PRJEB535),protein_coding,trtricprjeb535
TTRE8105,TTRE8105_t1,1015,protein_coding,"Transporter, major facilitator family  [Source:UniProtKB/TrEMBL;Acc:A0A077ZFM0]",Trichuris trichiura (PRJEB535),protein_coding,trtricprjeb535
TTRE11293,TTRE11293_t1,430,protein_coding,,Trichuris trichiura (PRJEB535),protein_coding,trtricprjeb535
TTRE3064,TTRE3064_t1,294,protein_coding,WD40 domain containing protein  [Source:UniProtKB/TrEMBL;Acc:A0A077ZA41],Trichuris trichiura (PRJEB535),protein_coding,trtricprjeb535
TTRE7986,TTRE7986_t1,1153,protein_coding,Cleavage and polyadenylation specificity factor  [Source:UniProtKB/TrEMBL;Acc:A0A077Z617],Trichuris trichiura (PRJEB535),protein_coding,trtricprjeb535
TTRE3104,TTRE3104_t1,512,protein_coding,Abhydrolase 5 domain containing protein  [Source:UniProtKB/TrEMBL;Acc:A0A077ZC81],Trichuris trichiura (PRJEB535),protein_coding,trtricprjeb535
TTRE5156,TTRE5156_t1,431,protein_coding,,Trichuris trichiura (PRJEB535),protein_coding,trtricprjeb535
TTRE7451,TTRE7451_t1,256,protein_coding,,Trichuris trichiura (PRJEB535),protein_coding,trtricprjeb535
TTRE1981,TTRE1981_t1,491,protein_coding,Histone H3  [Source:UniProtKB/TrEMBL;Acc:A0A077ZR17],Trichuris trichiura (PRJEB535),protein_coding,trtricprjeb535
TTRE8969,TTRE8969_t1,1091,protein_coding,Fucosyltransferase  [Source:UniProtKB/TrEMBL;Acc:A0A077Z077],Trichuris trichiura (PRJEB535),protein_coding,trtricprjeb535
TTRE1918,TTRE1918_t1,699,protein_coding,Y phosphatase domain containing protein  [Source:UniProtKB/TrEMBL;Acc:A0A077ZKX1],Trichuris trichiura (PRJEB535),protein_coding,trtricprjeb535
TTRE4287,TTRE4287_t1,179,protein_coding,,Trichuris trichiura (PRJEB535),protein_coding,trtricprjeb535
TTRE9639,TTRE9639_t1,1253,protein_coding,,Trichuris trichiura (PRJEB535),protein_coding,trtricprjeb535
TTRE9609,TTRE9609_t1,744,protein_coding,,Trichuris trichiura (PRJEB535),protein_coding,trtricprjeb535
TTRE3721,TTRE3721_t1,650,protein_coding,Alg14 domain containing protein  [Source:UniProtKB/TrEMBL;Acc:A0A077ZCU9],Trichuris trichiura (PRJEB535),protein_coding,trtricprjeb535
TTRE12626,TTRE12626_t1,341,protein_coding,,Trichuris trichiura (PRJEB535),protein_coding,trtricprjeb535
TTRE1950,TTRE1950_t1,1089,protein_coding,,Trichuris trichiura (PRJEB535),protein_coding,trtricprjeb535
TTRE4604,TTRE4604_t1,297,protein_coding,,Trichuris trichiura (PRJEB535),protein_coding,trtricprjeb535
TTRE1165,TTRE1165_t1,2099,protein_coding,,Trichuris trichiura (PRJEB535),protein_coding,trtricprjeb535
TTRE9068,TTRE9068_t1,462,protein_coding,Small heat shock protein  [Source:UniProtKB/TrEMBL;Acc:A0A077YYH8],Trichuris trichiura (PRJEB535),protein_coding,trtricprjeb535
TTRE10132,TTRE10132_t1,155,protein_coding,,Trichuris trichiura (PRJEB535),protein_coding,trtricprjeb535
TTRE1225,TTRE1225_t1,538,protein_coding,,Trichuris trichiura (PRJEB535),protein_coding,trtricprjeb535
TTRE5361,TTRE5361_t1,276,protein_coding,,Trichuris trichiura (PRJEB535),protein_coding,trtricprjeb535
TTRE1659,TTRE1659_t1,178,protein_coding,,Trichuris trichiura (PRJEB535),protein_coding,trtricprjeb535
TTRE5788,TTRE5788_t1,1090,protein_coding,,Trichuris trichiura (PRJEB535),protein_coding,trtricprjeb535
TTRE4050,TTRE4050_t1,1049,protein_coding,,Trichuris trichiura (PRJEB535),protein_coding,trtricprjeb535
TTRE6425,TTRE6425_t1,877,protein_coding,,Trichuris trichiura (PRJEB535),protein_coding,trtricprjeb535
TTRE9207,TTRE9207_t1,329,protein_coding,,Trichuris trichiura (PRJEB535),protein_coding,trtricprjeb535
TTRE6258,TTRE6258_t1,181,protein_coding,,Trichuris trichiura (PRJEB535),protein_coding,trtricprjeb535
TTRE2541,TTRE2541_t1,575,protein_coding,,Trichuris trichiura (PRJEB535),protein_coding,trtricprjeb535
TTRE2348,TTRE2348_t1,196,protein_coding,,Trichuris trichiura (PRJEB535),protein_coding,trtricprjeb535
TTRE10577,TTRE10577_t1,2336,protein_coding,,Trichuris trichiura (PRJEB535),protein_coding,trtricprjeb535
TTRE6175,TTRE6175_t1,764,protein_coding,,Trichuris trichiura (PRJEB535),protein_coding,trtricprjeb535
TTRE6367,TTRE6367_t1,527,protein_coding,,Trichuris trichiura (PRJEB535),protein_coding,trtricprjeb535
TTRE7651,TTRE7651_t1,302,protein_coding,,Trichuris trichiura (PRJEB535),protein_coding,trtricprjeb535
TTRE5599,TTRE5599_t1,1096,protein_coding,YncE family protein  [Source:UniProtKB/TrEMBL;Acc:A0A077ZBK2],Trichuris trichiura (PRJEB535),protein_coding,trtricprjeb535
TTRE4956,TTRE4956_t1,231,protein_coding,,Trichuris trichiura (PRJEB535),protein_coding,trtricprjeb535
TTRE6679,TTRE6679_t1,317,protein_coding,,Trichuris trichiura (PRJEB535),protein_coding,trtricprjeb535
TTRE5230,TTRE5230_t1,263,protein_coding,,Trichuris trichiura (PRJEB535),protein_coding,trtricprjeb535
TTRE2295,TTRE2295_t1,1855,protein_coding,DUF3513 domain containing protein  [Source:UniProtKB/TrEMBL;Acc:A0A077ZAG8],Trichuris trichiura (PRJEB535),protein_coding,trtricprjeb535
TTRE3061,TTRE3061_t1,1363,protein_coding,G:T mismatch specific thymine DNA glycosylase  [Source:UniProtKB/TrEMBL;Acc:A0A077Z7P7],Trichuris trichiura (PRJEB535),protein_coding,trtricprjeb535
TTRE5739,TTRE5739_t1,507,protein_coding,,Trichuris trichiura (PRJEB535),protein_coding,trtricprjeb535
TTRE10175,TTRE10175_t1,458,protein_coding,,Trichuris trichiura (PRJEB535),protein_coding,trtricprjeb535
TTRE4758,TTRE4758_t1,284,protein_coding,,Trichuris trichiura (PRJEB535),protein_coding,trtricprjeb535
TTRE2570,TTRE2570_t1,847,protein_coding,,Trichuris trichiura (PRJEB535),protein_coding,trtricprjeb535
TTRE10248,TTRE10248_t1,245,protein_coding,,Trichuris trichiura (PRJEB535),protein_coding,trtricprjeb535
TTRE10367,TTRE10367_t1,423,protein_coding,,Trichuris trichiura (PRJEB535),protein_coding,trtricprjeb535
TTRE2382,TTRE2382_t1,1577,protein_coding,RBR-type E3 ubiquitin transferase  [Source:UniProtKB/TrEMBL;Acc:A0A077ZF66],Trichuris trichiura (PRJEB535),protein_coding,trtricprjeb535
TTRE3593,TTRE3593_t1,426,protein_coding,,Trichuris trichiura (PRJEB535),protein_coding,trtricprjeb535
TTRE8934,TTRE8934_t1,173,protein_coding,,Trichuris trichiura (PRJEB535),protein_coding,trtricprjeb535
TTRE1692,TTRE1692_t1,126,protein_coding,Trafficking protein particle complex subunit 5  [Source:UniProtKB/TrEMBL;Acc:A0A077Z489],Trichuris trichiura (PRJEB535),protein_coding,trtricprjeb535
TTRE10402,TTRE10402_t1,832,protein_coding,,Trichuris trichiura (PRJEB535),protein_coding,trtricprjeb535
TTRE11885,TTRE11885_t1,617,protein_coding,,Trichuris trichiura (PRJEB535),protein_coding,trtricprjeb535
TTRE5712,TTRE5712_t1,197,protein_coding,,Trichuris trichiura (PRJEB535),protein_coding,trtricprjeb535
TTRE5560,TTRE5560_t1,182,protein_coding,eIF-2B GDP-GTP exchange factor subunit epsilon  [Source:UniProtKB/TrEMBL;Acc:A0A077YVX2],Trichuris trichiura (PRJEB535),protein_coding,trtricprjeb535
TTRE7411,TTRE7411_t1,374,protein_coding,,Trichuris trichiura (PRJEB535),protein_coding,trtricprjeb535
TTRE4872,TTRE4872_t1,1350,protein_coding,PHD-type domain-containing protein  [Source:UniProtKB/TrEMBL;Acc:A0A077YZ17],Trichuris trichiura (PRJEB535),protein_coding,trtricprjeb535
TTRE4789,TTRE4789_t1,298,protein_coding,,Trichuris trichiura (PRJEB535),protein_coding,trtricprjeb535
TTRE5107,TTRE5107_t1,227,protein_coding,Polyubiquitin  [Source:UniProtKB/TrEMBL;Acc:A0A077ZCM7],Trichuris trichiura (PRJEB535),protein_coding,trtricprjeb535
TTRE9622,TTRE9622_t1,2010,protein_coding,,Trichuris trichiura (PRJEB535),protein_coding,trtricprjeb535
TTRE8521,TTRE8521_t1,1146,protein_coding,,Trichuris trichiura (PRJEB535),protein_coding,trtricprjeb535
TTRE4452,TTRE4452_t1,752,protein_coding,Innexin  [Source:UniProtKB/TrEMBL;Acc:A0A077Z8F8],Trichuris trichiura (PRJEB535),protein_coding,trtricprjeb535
TTRE7117,TTRE7117_t1,590,protein_coding,Secreted protein  [Source:UniProtKB/TrEMBL;Acc:A0A077ZLL8],Trichuris trichiura (PRJEB535),protein_coding,trtricprjeb535
TTRE3611,TTRE3611_t1,305,protein_coding,"WAP domain containing protein, SLPI-like  [Source:UniProtKB/TrEMBL;Acc:A0A077ZHX8]",Trichuris trichiura (PRJEB535),protein_coding,trtricprjeb535
TTRE4678,TTRE4678_t1,198,protein_coding,Gamma syntrophin protein SYN2  [Source:UniProtKB/TrEMBL;Acc:A0A077Z579],Trichuris trichiura (PRJEB535),protein_coding,trtricprjeb535
TTRE4188,TTRE4188_t1,688,protein_coding,,Trichuris trichiura (PRJEB535),protein_coding,trtricprjeb535
TTRE1386,TTRE1386_t1,193,protein_coding,26S proteasome non ATPase regulatory subunit 10  [Source:UniProtKB/TrEMBL;Acc:A0A077Z3D6],Trichuris trichiura (PRJEB535),protein_coding,trtricprjeb535
TTRE4965,TTRE4965_t1,811,protein_coding,,Trichuris trichiura (PRJEB535),protein_coding,trtricprjeb535
TTRE7585,TTRE7585_t1,509,protein_coding,,Trichuris trichiura (PRJEB535),protein_coding,trtricprjeb535
TTRE8654,TTRE8654_t1,509,protein_coding,,Trichuris trichiura (PRJEB535),protein_coding,trtricprjeb535
TTRE9871,TTRE9871_t1,209,protein_coding,,Trichuris trichiura (PRJEB535),protein_coding,trtricprjeb535
TTRE4859,TTRE4859_t1,225,protein_coding,RabGAP-TBC domain containing protein  [Source:UniProtKB/TrEMBL;Acc:A0A077ZKM9],Trichuris trichiura (PRJEB535),protein_coding,trtricprjeb535
TTRE4198,TTRE4198_t1,587,protein_coding,,Trichuris trichiura (PRJEB535),protein_coding,trtricprjeb535
TTRE6090,TTRE6090_t1,2985,protein_coding,Autophagy protein 2 protein B  [Source:UniProtKB/TrEMBL;Acc:A0A077Z050],Trichuris trichiura (PRJEB535),protein_coding,trtricprjeb535
TTRE1390,TTRE1390_t1,1075,protein_coding,,Trichuris trichiura (PRJEB535),protein_coding,trtricprjeb535
TTRE4201,TTRE4201_t1,171,protein_coding,,Trichuris trichiura (PRJEB535),protein_coding,trtricprjeb535
TTRE2024,TTRE2024_t1,500,protein_coding,,Trichuris trichiura (PRJEB535),protein_coding,trtricprjeb535
TTRE5434,TTRE5434_t1,284,protein_coding,Coatomer subunit gamma  [Source:UniProtKB/TrEMBL;Acc:A0A077Z5F5],Trichuris trichiura (PRJEB535),protein_coding,trtricprjeb535
TTRE10603,TTRE10603_t1,620,protein_coding,,Trichuris trichiura (PRJEB535),protein_coding,trtricprjeb535
TTRE571,TTRE571_t1,167,protein_coding,,Trichuris trichiura (PRJEB535),protein_coding,trtricprjeb535
TTRE9334,TTRE9334_t1,312,protein_coding,,Trichuris trichiura (PRJEB535),protein_coding,trtricprjeb535
TTRE10785,TTRE10785_t1,1577,protein_coding,,Trichuris trichiura (PRJEB535),protein_coding,trtricprjeb535
TTRE8316,TTRE8316_t1,271,protein_coding,,Trichuris trichiura (PRJEB535),protein_coding,trtricprjeb535
TTRE1902,TTRE1902_t1,269,protein_coding,Eukaryotic translation initiation factor 3 subunit E  [Source:UniProtKB/TrEMBL;Acc:A0A077Z3L3],Trichuris trichiura (PRJEB535),protein_coding,trtricprjeb535
TTRE7663,TTRE7663_t1,262,protein_coding,,Trichuris trichiura (PRJEB535),protein_coding,trtricprjeb535
TTRE10897,TTRE10897_t1,503,protein_coding,,Trichuris trichiura (PRJEB535),protein_coding,trtricprjeb535
TTRE12458,TTRE12458_t1,5804,protein_coding,,Trichuris trichiura (PRJEB535),protein_coding,trtricprjeb535
TTRE8187,TTRE8187_t1,216,protein_coding,Phosphoglycolate phosphatase  [Source:UniProtKB/TrEMBL;Acc:A0A077ZCQ9],Trichuris trichiura (PRJEB535),protein_coding,trtricprjeb535
TTRE8428,TTRE8428_t1,272,protein_coding,,Trichuris trichiura (PRJEB535),protein_coding,trtricprjeb535
TTRE2663,TTRE2663_t1,217,protein_coding,,Trichuris trichiura (PRJEB535),protein_coding,trtricprjeb535
TTRE6435,TTRE6435_t1,188,protein_coding,,Trichuris trichiura (PRJEB535),protein_coding,trtricprjeb535
TTRE12472,TTRE12472_t1,719,protein_coding,,Trichuris trichiura (PRJEB535),protein_coding,trtricprjeb535
TTRE8925,TTRE8925_t1,329,protein_coding,,Trichuris trichiura (PRJEB535),protein_coding,trtricprjeb535
TTRE2146,TTRE2146_t1,312,protein_coding,Synapsin  [Source:UniProtKB/TrEMBL;Acc:A0A077YZY8],Trichuris trichiura (PRJEB535),protein_coding,trtricprjeb535
TTRE1771,TTRE1771_t1,311,protein_coding,,Trichuris trichiura (PRJEB535),protein_coding,trtricprjeb535
TTRE8752,TTRE8752_t1,1154,protein_coding,Tau-tubulin kinase 1  [Source:UniProtKB/TrEMBL;Acc:A0A077Z7S9],Trichuris trichiura (PRJEB535),protein_coding,trtricprjeb535
TTRE3470,TTRE3470_t1,380,protein_coding,,Trichuris trichiura (PRJEB535),protein_coding,trtricprjeb535
TTRE4702,TTRE4702_t2,500,protein_coding,,Trichuris trichiura (PRJEB535),protein_coding,trtricprjeb535
TTRE5489,TTRE5489_t1,200,protein_coding,,Trichuris trichiura (PRJEB535),protein_coding,trtricprjeb535
TTRE2924,TTRE2924_t1,191,protein_coding,,Trichuris trichiura (PRJEB535),protein_coding,trtricprjeb535
TTRE7719,TTRE7719_t1,188,protein_coding,,Trichuris trichiura (PRJEB535),protein_coding,trtricprjeb535
TTRE2044,TTRE2044_t1,518,protein_coding,,Trichuris trichiura (PRJEB535),protein_coding,trtricprjeb535
TTRE7935,TTRE7935_t1,214,protein_coding,,Trichuris trichiura (PRJEB535),protein_coding,trtricprjeb535
TTRE10060,TTRE10060_t1,204,protein_coding,,Trichuris trichiura (PRJEB535),protein_coding,trtricprjeb535
TTRE8860,TTRE8860_t1,769,protein_coding,7TM GPCR Srsx domain containing protein  [Source:UniProtKB/TrEMBL;Acc:A0A077YZI6],Trichuris trichiura (PRJEB535),protein_coding,trtricprjeb535
TTRE1034,TTRE1034_t1,197,protein_coding,,Trichuris trichiura (PRJEB535),protein_coding,trtricprjeb535
TTRE6265,TTRE6265_t1,345,protein_coding,,Trichuris trichiura (PRJEB535),protein_coding,trtricprjeb535
TTRE2589,TTRE2589_t1,780,protein_coding,,Trichuris trichiura (PRJEB535),protein_coding,trtricprjeb535
TTRE7437,TTRE7437_t1,583,protein_coding,,Trichuris trichiura (PRJEB535),protein_coding,trtricprjeb535
TTRE4899,TTRE4899_t1,252,protein_coding,,Trichuris trichiura (PRJEB535),protein_coding,trtricprjeb535
TTRE6966,TTRE6966_t1,1699,protein_coding,,Trichuris trichiura (PRJEB535),protein_coding,trtricprjeb535
TTRE924,TTRE924_t2,514,protein_coding,T5orf172 domain-containing protein  [Source:UniProtKB/TrEMBL;Acc:A0A077Z0M1],Trichuris trichiura (PRJEB535),protein_coding,trtricprjeb535
TTRE8431,TTRE8431_t1,374,protein_coding,,Trichuris trichiura (PRJEB535),protein_coding,trtricprjeb535
TTRE12046,TTRE12046_t1,166,protein_coding,,Trichuris trichiura (PRJEB535),protein_coding,trtricprjeb535
TTRE4113,TTRE4113_t1,265,protein_coding,,Trichuris trichiura (PRJEB535),protein_coding,trtricprjeb535
TTRE692,TTRE692_t1,339,protein_coding,,Trichuris trichiura (PRJEB535),protein_coding,trtricprjeb535
TTRE2271,TTRE2271_t1,1061,protein_coding,Putative tRNA (cytidine(32)/guanosine(34)-2'-O)-methyltransferase  [Source:UniProtKB/TrEMBL;Acc:A0A077ZGE2],Trichuris trichiura (PRJEB535),protein_coding,trtricprjeb535
TTRE10682,TTRE10682_t1,1838,protein_coding,,Trichuris trichiura (PRJEB535),protein_coding,trtricprjeb535
TTRE4098,TTRE4098_t1,228,protein_coding,Neurocalcin  [Source:UniProtKB/TrEMBL;Acc:A0A077Z845],Trichuris trichiura (PRJEB535),protein_coding,trtricprjeb535
TTRE9015,TTRE9015_t1,249,protein_coding,,Trichuris trichiura (PRJEB535),protein_coding,trtricprjeb535
TTRE1477,TTRE1477_t1,201,protein_coding,,Trichuris trichiura (PRJEB535),protein_coding,trtricprjeb535
TTRE7282,TTRE7282_t1,481,protein_coding,,Trichuris trichiura (PRJEB535),protein_coding,trtricprjeb535
TTRE11887,TTRE11887_t1,243,protein_coding,,Trichuris trichiura (PRJEB535),protein_coding,trtricprjeb535
TTRE7367,TTRE7367_t1,167,protein_coding,,Trichuris trichiura (PRJEB535),protein_coding,trtricprjeb535
TTRE4233,TTRE4233_t1,1223,protein_coding,,Trichuris trichiura (PRJEB535),protein_coding,trtricprjeb535
TTRE6895,TTRE6895_t1,548,protein_coding,,Trichuris trichiura (PRJEB535),protein_coding,trtricprjeb535
TTRE1203,TTRE1203_t1,1711,protein_coding,Long chain fatty acid coenzyme A ligase 1  [Source:UniProtKB/TrEMBL;Acc:A0A077ZIL3],Trichuris trichiura (PRJEB535),protein_coding,trtricprjeb535
TTRE7424,TTRE7424_t1,270,protein_coding,,Trichuris trichiura (PRJEB535),protein_coding,trtricprjeb535
TTRE1639,TTRE1639_t1,303,protein_coding,,Trichuris trichiura (PRJEB535),protein_coding,trtricprjeb535
TTRE1591,TTRE1591_t1,393,protein_coding,DNA replication licensing factor MCM7  [Source:UniProtKB/TrEMBL;Acc:A0A077Z5J5],Trichuris trichiura (PRJEB535),protein_coding,trtricprjeb535
TTRE5125,TTRE5125_t1,781,protein_coding,,Trichuris trichiura (PRJEB535),protein_coding,trtricprjeb535
TTRE9838,TTRE9838_t1,151,protein_coding,,Trichuris trichiura (PRJEB535),protein_coding,trtricprjeb535
TTRE10078,TTRE10078_t1,1169,protein_coding,,Trichuris trichiura (PRJEB535),protein_coding,trtricprjeb535
TTRE12286,TTRE12286_t1,395,protein_coding,Cuticle collagen 7  [Source:UniProtKB/TrEMBL;Acc:A0A077YVH8],Trichuris trichiura (PRJEB535),protein_coding,trtricprjeb535
TTRE8809,TTRE8809_t1,139,protein_coding,Reactive oxygen species modulator 1  [Source:UniProtKB/TrEMBL;Acc:A0A077Z676],Trichuris trichiura (PRJEB535),protein_coding,trtricprjeb535
TTRE3319,TTRE3319_t2,326,protein_coding,,Trichuris trichiura (PRJEB535),protein_coding,trtricprjeb535
TTRE10181,TTRE10181_t1,557,protein_coding,,Trichuris trichiura (PRJEB535),protein_coding,trtricprjeb535
TTRE1044,TTRE1044_t1,342,protein_coding,,Trichuris trichiura (PRJEB535),protein_coding,trtricprjeb535
TTRE209,TTRE209_t1,758,protein_coding,phosphoenolpyruvate carboxykinase (GTP)  [Source:UniProtKB/TrEMBL;Acc:A0A077Z7M0],Trichuris trichiura (PRJEB535),protein_coding,trtricprjeb535
TTRE4509,TTRE4509_t1,1148,protein_coding,DUF4470 domain-containing protein  [Source:UniProtKB/TrEMBL;Acc:A0A077YWA1],Trichuris trichiura (PRJEB535),protein_coding,trtricprjeb535
TTRE11278,TTRE11278_t1,465,protein_coding,,Trichuris trichiura (PRJEB535),protein_coding,trtricprjeb535
TTRE12327,TTRE12327_t1,308,protein_coding,,Trichuris trichiura (PRJEB535),protein_coding,trtricprjeb535
TTRE11117,TTRE11117_t1,272,protein_coding,,Trichuris trichiura (PRJEB535),protein_coding,trtricprjeb535
TTRE12577,TTRE12577_t1,162,protein_coding,Proteasome domain containing protein  [Source:UniProtKB/TrEMBL;Acc:A0A077ZAW8],Trichuris trichiura (PRJEB535),protein_coding,trtricprjeb535
TTRE5115,TTRE5115_t1,237,protein_coding,Zf-C4H2 domain containing protein  [Source:UniProtKB/TrEMBL;Acc:A0A077Z3E0],Trichuris trichiura (PRJEB535),protein_coding,trtricprjeb535
TTRE579,TTRE579_t2,189,protein_coding,Protein-L-isoaspartate O-methyltransferase  [Source:UniProtKB/TrEMBL;Acc:A0A077Z956],Trichuris trichiura (PRJEB535),protein_coding,trtricprjeb535
TTRE10491,TTRE10491_t1,160,protein_coding,,Trichuris trichiura (PRJEB535),protein_coding,trtricprjeb535
TTRE5000,TTRE5000_t1,1417,protein_coding,Patched family protein  [Source:UniProtKB/TrEMBL;Acc:A0A077YZS9],Trichuris trichiura (PRJEB535),protein_coding,trtricprjeb535
TTRE10727,TTRE10727_t1,155,protein_coding,,Trichuris trichiura (PRJEB535),protein_coding,trtricprjeb535
TTRE2654,TTRE2654_t1,150,protein_coding,,Trichuris trichiura (PRJEB535),protein_coding,trtricprjeb535
TTRE12049,TTRE12049_t1,312,protein_coding,,Trichuris trichiura (PRJEB535),protein_coding,trtricprjeb535
TTRE2068,TTRE2068_t1,186,protein_coding,,Trichuris trichiura (PRJEB535),protein_coding,trtricprjeb535
TTRE10624,TTRE10624_t1,128,protein_coding,,Trichuris trichiura (PRJEB535),protein_coding,trtricprjeb535
TTRE1287,TTRE1287_t1,217,protein_coding,,Trichuris trichiura (PRJEB535),protein_coding,trtricprjeb535
TTRE6262,TTRE6262_t1,416,protein_coding,,Trichuris trichiura (PRJEB535),protein_coding,trtricprjeb535
TTRE664,TTRE664_t1,1178,protein_coding,E3 ubiquitin-protein ligase E3D  [Source:UniProtKB/TrEMBL;Acc:A0A077Z6L9],Trichuris trichiura (PRJEB535),protein_coding,trtricprjeb535
TTRE7177,TTRE7177_t1,440,protein_coding,,Trichuris trichiura (PRJEB535),protein_coding,trtricprjeb535
TTRE2121,TTRE2121_t1,527,protein_coding,,Trichuris trichiura (PRJEB535),protein_coding,trtricprjeb535
TTRE8570,TTRE8570_t1,548,protein_coding,DUF4158 domain-containing protein  [Source:UniProtKB/TrEMBL;Acc:A0A077Z5N5],Trichuris trichiura (PRJEB535),protein_coding,trtricprjeb535
TTRE5619,TTRE5619_t1,152,protein_coding,,Trichuris trichiura (PRJEB535),protein_coding,trtricprjeb535
TTRE53,TTRE53_t1,190,protein_coding,GRAM domain-containing protein 2B  [Source:UniProtKB/TrEMBL;Acc:A0A077YY31],Trichuris trichiura (PRJEB535),protein_coding,trtricprjeb535
TTRE12582,TTRE12582_t1,554,protein_coding,,Trichuris trichiura (PRJEB535),protein_coding,trtricprjeb535
TTRE12042,TTRE12042_t1,230,protein_coding,"Metal cation transporter, zinc  [Source:UniProtKB/TrEMBL;Acc:A0A077Z892]",Trichuris trichiura (PRJEB535),protein_coding,trtricprjeb535
TTRE10160,TTRE10160_t1,1214,protein_coding,Proline-rich protein 2-like  [Source:UniProtKB/TrEMBL;Acc:A0A077ZPS0],Trichuris trichiura (PRJEB535),protein_coding,trtricprjeb535
TTRE3854,TTRE3854_t1,287,protein_coding,,Trichuris trichiura (PRJEB535),protein_coding,trtricprjeb535
TTRE8927,TTRE8927_t1,209,protein_coding,,Trichuris trichiura (PRJEB535),protein_coding,trtricprjeb535
TTRE1743,TTRE1743_t1,295,protein_coding,,Trichuris trichiura (PRJEB535),protein_coding,trtricprjeb535
TTRE1614,TTRE1614_t1,369,protein_coding,,Trichuris trichiura (PRJEB535),protein_coding,trtricprjeb535
TTRE8260,TTRE8260_t1,188,protein_coding,RNA binding protein pno1  [Source:UniProtKB/TrEMBL;Acc:A0A077YVY8],Trichuris trichiura (PRJEB535),protein_coding,trtricprjeb535
TTRE1550,TTRE1550_t1,979,protein_coding,"Transporter, major facilitator family  [Source:UniProtKB/TrEMBL;Acc:A0A077Z9R8]",Trichuris trichiura (PRJEB535),protein_coding,trtricprjeb535
TTRE11475,TTRE11475_t1,1214,protein_coding,,Trichuris trichiura (PRJEB535),protein_coding,trtricprjeb535
TTRE440,TTRE440_t1,150,protein_coding,,Trichuris trichiura (PRJEB535),protein_coding,trtricprjeb535
TTRE10110,TTRE10110_t1,857,protein_coding,,Trichuris trichiura (PRJEB535),protein_coding,trtricprjeb535
TTRE9261,TTRE9261_t1,155,protein_coding,,Trichuris trichiura (PRJEB535),protein_coding,trtricprjeb535
TTRE3745,TTRE3745_t1,230,protein_coding,,Trichuris trichiura (PRJEB535),protein_coding,trtricprjeb535
TTRE3642,TTRE3642_t1,877,protein_coding,,Trichuris trichiura (PRJEB535),protein_coding,trtricprjeb535
TTRE5239,TTRE5239_t1,1865,protein_coding,C2H2-type domain-containing protein  [Source:UniProtKB/TrEMBL;Acc:A0A077Z936],Trichuris trichiura (PRJEB535),protein_coding,trtricprjeb535
TTRE9925,TTRE9925_t1,641,protein_coding,,Trichuris trichiura (PRJEB535),protein_coding,trtricprjeb535
TTRE6121,TTRE6121_t1,428,protein_coding,,Trichuris trichiura (PRJEB535),protein_coding,trtricprjeb535
TTRE9312,TTRE9312_t1,638,protein_coding,,Trichuris trichiura (PRJEB535),protein_coding,trtricprjeb535
TTRE12412,TTRE12412_t1,1037,protein_coding,7TM GPCR Srw domain containing protein  [Source:UniProtKB/TrEMBL;Acc:A0A077Z7U1],Trichuris trichiura (PRJEB535),protein_coding,trtricprjeb535
TTRE9175,TTRE9175_t1,554,protein_coding,Mitochondrial import inner membrane translocase subunit TIM22  [Source:UniProtKB/TrEMBL;Acc:A0A077Z2K4],Trichuris trichiura (PRJEB535),protein_coding,trtricprjeb535
TTRE6809,TTRE6809_t1,601,protein_coding,,Trichuris trichiura (PRJEB535),protein_coding,trtricprjeb535
TTRE8239,TTRE8239_t1,1906,protein_coding,DUF1768 domain containing protein  [Source:UniProtKB/TrEMBL;Acc:A0A077YZR6],Trichuris trichiura (PRJEB535),protein_coding,trtricprjeb535
TTRE12372,TTRE12372_t1,301,protein_coding,,Trichuris trichiura (PRJEB535),protein_coding,trtricprjeb535
TTRE10800,TTRE10800_t1,744,protein_coding,,Trichuris trichiura (PRJEB535),protein_coding,trtricprjeb535
TTRE10941,TTRE10941_t1,257,protein_coding,,Trichuris trichiura (PRJEB535),protein_coding,trtricprjeb535
TTRE9673,TTRE9673_t1,173,protein_coding,,Trichuris trichiura (PRJEB535),protein_coding,trtricprjeb535
TTRE3380,TTRE3380_t1,1739,protein_coding,G protein linked acetylcholine receptor  [Source:UniProtKB/TrEMBL;Acc:A0A077Z9G3],Trichuris trichiura (PRJEB535),protein_coding,trtricprjeb535
TTRE4728,TTRE4728_t1,458,protein_coding,,Trichuris trichiura (PRJEB535),protein_coding,trtricprjeb535
TTRE10014,TTRE10014_t1,330,protein_coding,PDZ domain-containing protein  [Source:UniProtKB/TrEMBL;Acc:A0A077Z1J9],Trichuris trichiura (PRJEB535),protein_coding,trtricprjeb535
TTRE10642,TTRE10642_t1,152,protein_coding,,Trichuris trichiura (PRJEB535),protein_coding,trtricprjeb535
TTRE11152,TTRE11152_t1,346,protein_coding,,Trichuris trichiura (PRJEB535),protein_coding,trtricprjeb535
TTRE12386,TTRE12386_t1,1195,protein_coding,,Trichuris trichiura (PRJEB535),protein_coding,trtricprjeb535
TTRE2522,TTRE2522_t1,485,protein_coding,BAR domain containing protein  [Source:UniProtKB/TrEMBL;Acc:A0A077ZHS8],Trichuris trichiura (PRJEB535),protein_coding,trtricprjeb535
TTRE5040,TTRE5040_t1,989,protein_coding,separase  [Source:UniProtKB/TrEMBL;Acc:A0A077YZ62],Trichuris trichiura (PRJEB535),protein_coding,trtricprjeb535
TTRE9221,TTRE9221_t1,407,protein_coding,Serine protease  [Source:UniProtKB/TrEMBL;Acc:A0A077YX58],Trichuris trichiura (PRJEB535),protein_coding,trtricprjeb535
TTRE7670,TTRE7670_t1,710,protein_coding,,Trichuris trichiura (PRJEB535),protein_coding,trtricprjeb535
TTRE6519,TTRE6519_t1,383,protein_coding,,Trichuris trichiura (PRJEB535),protein_coding,trtricprjeb535
TTRE8361,TTRE8361_t1,345,protein_coding,Alternative splicing factor ASF:SF2  [Source:UniProtKB/TrEMBL;Acc:A0A077Z293],Trichuris trichiura (PRJEB535),protein_coding,trtricprjeb535
TTRE7699,TTRE7699_t1,164,protein_coding,,Trichuris trichiura (PRJEB535),protein_coding,trtricprjeb535
TTRE3947,TTRE3947_t1,1501,protein_coding,,Trichuris trichiura (PRJEB535),protein_coding,trtricprjeb535
TTRE10513,TTRE10513_t1,1820,protein_coding,,Trichuris trichiura (PRJEB535),protein_coding,trtricprjeb535
TTRE9551,TTRE9551_t1,306,protein_coding,,Trichuris trichiura (PRJEB535),protein_coding,trtricprjeb535
TTRE12593,TTRE12593_t1,635,protein_coding,,Trichuris trichiura (PRJEB535),protein_coding,trtricprjeb535
TTRE8218,TTRE8218_t1,236,protein_coding,,Trichuris trichiura (PRJEB535),protein_coding,trtricprjeb535
TTRE657,TTRE657_t1,84,protein_coding,,Trichuris trichiura (PRJEB535),protein_coding,trtricprjeb535
TTRE683,TTRE683_t1,297,protein_coding,Homeobox protein ceh-30  [Source:UniProtKB/TrEMBL;Acc:A0A077ZBT4],Trichuris trichiura (PRJEB535),protein_coding,trtricprjeb535
TTRE6006,TTRE6006_t1,181,protein_coding,,Trichuris trichiura (PRJEB535),protein_coding,trtricprjeb535
TTRE4341,TTRE4341_t1,247,protein_coding,,Trichuris trichiura (PRJEB535),protein_coding,trtricprjeb535
TTRE10835,TTRE10835_t1,196,protein_coding,,Trichuris trichiura (PRJEB535),protein_coding,trtricprjeb535
TTRE4221,TTRE4221_t1,410,protein_coding,Histone H3  [Source:UniProtKB/TrEMBL;Acc:A0A077ZJD6],Trichuris trichiura (PRJEB535),protein_coding,trtricprjeb535
TTRE3233,TTRE3233_t1,258,protein_coding,Mannose 1 phosphate guanyltransferase beta  [Source:UniProtKB/TrEMBL;Acc:A0A077YY15],Trichuris trichiura (PRJEB535),protein_coding,trtricprjeb535
TTRE8307,TTRE8307_t1,249,protein_coding,,Trichuris trichiura (PRJEB535),protein_coding,trtricprjeb535
TTRE4428,TTRE4428_t1,172,protein_coding,Peptidyl-prolyl cis-trans isomerase  [Source:UniProtKB/TrEMBL;Acc:A0A077YZV4],Trichuris trichiura (PRJEB535),protein_coding,trtricprjeb535
TTRE2453,TTRE2453_t1,236,protein_coding,,Trichuris trichiura (PRJEB535),protein_coding,trtricprjeb535
TTRE145,TTRE145_t1,217,protein_coding,Secreted protein  [Source:UniProtKB/TrEMBL;Acc:A0A077Z759],Trichuris trichiura (PRJEB535),protein_coding,trtricprjeb535
TTRE10619,TTRE10619_t1,269,protein_coding,,Trichuris trichiura (PRJEB535),protein_coding,trtricprjeb535
TTRE681,TTRE681_t1,418,protein_coding,,Trichuris trichiura (PRJEB535),protein_coding,trtricprjeb535
TTRE7952,TTRE7952_t1,482,protein_coding,,Trichuris trichiura (PRJEB535),protein_coding,trtricprjeb535
TTRE8184,TTRE8184_t1,430,protein_coding,,Trichuris trichiura (PRJEB535),protein_coding,trtricprjeb535
TTRE12609,TTRE12609_t1,326,protein_coding,,Trichuris trichiura (PRJEB535),protein_coding,trtricprjeb535
TTRE11542,TTRE11542_t1,903,protein_coding,,Trichuris trichiura (PRJEB535),protein_coding,trtricprjeb535
TTRE7701,TTRE7701_t1,566,protein_coding,guanylate kinase  [Source:UniProtKB/TrEMBL;Acc:A0A077ZPK1],Trichuris trichiura (PRJEB535),protein_coding,trtricprjeb535
TTRE6049,TTRE6049_t1,401,protein_coding,,Trichuris trichiura (PRJEB535),protein_coding,trtricprjeb535
TTRE8731,TTRE8731_t1,240,protein_coding,,Trichuris trichiura (PRJEB535),protein_coding,trtricprjeb535
TTRE3273,TTRE3273_t1,212,protein_coding,WD40 and zf-RING 2 domain containing protein  [Source:UniProtKB/TrEMBL;Acc:A0A077YZE7],Trichuris trichiura (PRJEB535),protein_coding,trtricprjeb535
TTRE2049,TTRE2049_t1,167,protein_coding,,Trichuris trichiura (PRJEB535),protein_coding,trtricprjeb535
TTRE5971,TTRE5971_t1,1115,protein_coding,,Trichuris trichiura (PRJEB535),protein_coding,trtricprjeb535
TTRE12512,TTRE12512_t1,641,protein_coding,,Trichuris trichiura (PRJEB535),protein_coding,trtricprjeb535
TTRE10432,TTRE10432_t1,520,protein_coding,,Trichuris trichiura (PRJEB535),protein_coding,trtricprjeb535
TTRE803,TTRE803_t1,362,protein_coding,,Trichuris trichiura (PRJEB535),protein_coding,trtricprjeb535
TTRE5358,TTRE5358_t1,1004,protein_coding,protein-tyrosine-phosphatase  [Source:UniProtKB/TrEMBL;Acc:A0A077Z308],Trichuris trichiura (PRJEB535),protein_coding,trtricprjeb535
TTRE671,TTRE671_t1,551,protein_coding,Ubiquitin domain containing protein  [Source:UniProtKB/TrEMBL;Acc:A0A077ZKX7],Trichuris trichiura (PRJEB535),protein_coding,trtricprjeb535
TTRE8453,TTRE8453_t1,325,protein_coding,,Trichuris trichiura (PRJEB535),protein_coding,trtricprjeb535
TTRE10946,TTRE10946_t1,329,protein_coding,,Trichuris trichiura (PRJEB535),protein_coding,trtricprjeb535
TTRE6654,TTRE6654_t1,253,protein_coding,,Trichuris trichiura (PRJEB535),protein_coding,trtricprjeb535
TTRE9335,TTRE9335_t1,566,protein_coding,Adenylate kinase isoenzyme 6 homolog  [Source:UniProtKB/TrEMBL;Acc:A0A077Z8R8],Trichuris trichiura (PRJEB535),protein_coding,trtricprjeb535
TTRE1618,TTRE1618_t1,581,protein_coding,,Trichuris trichiura (PRJEB535),protein_coding,trtricprjeb535
TTRE7574,TTRE7574_t1,225,protein_coding,,Trichuris trichiura (PRJEB535),protein_coding,trtricprjeb535
TTRE12119,TTRE12119_t1,604,protein_coding,,Trichuris trichiura (PRJEB535),protein_coding,trtricprjeb535
TTRE3526,TTRE3526_t1,224,protein_coding,CAP domain containing protein  [Source:UniProtKB/TrEMBL;Acc:A0A077Z4L3],Trichuris trichiura (PRJEB535),protein_coding,trtricprjeb535
TTRE8937,TTRE8937_t1,212,protein_coding,,Trichuris trichiura (PRJEB535),protein_coding,trtricprjeb535
TTRE7892,TTRE7892_t1,176,protein_coding,SID1 transmembrane family  [Source:UniProtKB/TrEMBL;Acc:A0A077ZFN8],Trichuris trichiura (PRJEB535),protein_coding,trtricprjeb535
TTRE3841,TTRE3841_t1,165,protein_coding,UPF0184 domain containing protein  [Source:UniProtKB/TrEMBL;Acc:A0A077Z618],Trichuris trichiura (PRJEB535),protein_coding,trtricprjeb535
TTRE1435,TTRE1435_t1,159,protein_coding,,Trichuris trichiura (PRJEB535),protein_coding,trtricprjeb535
TTRE11841,TTRE11841_t1,158,protein_coding,,Trichuris trichiura (PRJEB535),protein_coding,trtricprjeb535
TTRE8048,TTRE8048_t1,503,protein_coding,,Trichuris trichiura (PRJEB535),protein_coding,trtricprjeb535
TTRE4641,TTRE4641_t1,141,protein_coding,,Trichuris trichiura (PRJEB535),protein_coding,trtricprjeb535
TTRE7637,TTRE7637_t1,1208,protein_coding,,Trichuris trichiura (PRJEB535),protein_coding,trtricprjeb535
TTRE8930,TTRE8930_t1,848,protein_coding,,Trichuris trichiura (PRJEB535),protein_coding,trtricprjeb535
TTRE9155,TTRE9155_t1,317,protein_coding,,Trichuris trichiura (PRJEB535),protein_coding,trtricprjeb535
TTRE1273,TTRE1273_t1,228,protein_coding,,Trichuris trichiura (PRJEB535),protein_coding,trtricprjeb535
TTRE10302,TTRE10302_t1,740,protein_coding,,Trichuris trichiura (PRJEB535),protein_coding,trtricprjeb535
TTRE8443,TTRE8443_t1,274,protein_coding,Adenosine deaminase  [Source:UniProtKB/TrEMBL;Acc:A0A077Z0G7],Trichuris trichiura (PRJEB535),protein_coding,trtricprjeb535
TTRE911,TTRE911_t1,1279,protein_coding,Sn1 specific diacylglycerol lipase beta  [Source:UniProtKB/TrEMBL;Acc:A0A077ZCY7],Trichuris trichiura (PRJEB535),protein_coding,trtricprjeb535
TTRE109,TTRE109_t1,1064,protein_coding,LRR 1 domain containing protein  [Source:UniProtKB/TrEMBL;Acc:A0A077Z986],Trichuris trichiura (PRJEB535),protein_coding,trtricprjeb535
TTRE4173,TTRE4173_t1,1058,protein_coding,DUF3421 domain-containing protein  [Source:UniProtKB/TrEMBL;Acc:A0A077YZM8],Trichuris trichiura (PRJEB535),protein_coding,trtricprjeb535
TTRE1250,TTRE1250_t1,171,protein_coding,,Trichuris trichiura (PRJEB535),protein_coding,trtricprjeb535
TTRE8115,TTRE8115_t1,759,protein_coding,,Trichuris trichiura (PRJEB535),protein_coding,trtricprjeb535
TTRE224,TTRE224_t1,334,protein_coding,,Trichuris trichiura (PRJEB535),protein_coding,trtricprjeb535
TTRE4990,TTRE4990_t1,113,protein_coding,Death associated protein 1  [Source:UniProtKB/TrEMBL;Acc:A0A077ZCY3],Trichuris trichiura (PRJEB535),protein_coding,trtricprjeb535
TTRE2830,TTRE2830_t1,998,protein_coding,,Trichuris trichiura (PRJEB535),protein_coding,trtricprjeb535
TTRE8338,TTRE8338_t1,407,protein_coding,,Trichuris trichiura (PRJEB535),protein_coding,trtricprjeb535
TTRE2013,TTRE2013_t1,225,protein_coding,,Trichuris trichiura (PRJEB535),protein_coding,trtricprjeb535
TTRE1387,TTRE1387_t1,1361,protein_coding,,Trichuris trichiura (PRJEB535),protein_coding,trtricprjeb535
TTRE8131,TTRE8131_t1,381,protein_coding,,Trichuris trichiura (PRJEB535),protein_coding,trtricprjeb535
TTRE4831,TTRE4831_t1,1293,protein_coding,,Trichuris trichiura (PRJEB535),protein_coding,trtricprjeb535
TTRE4535,TTRE4535_t1,155,protein_coding,Protein arginine N methyltransferase PRMT1  [Source:UniProtKB/TrEMBL;Acc:A0A077ZJQ2],Trichuris trichiura (PRJEB535),protein_coding,trtricprjeb535
TTRE869,TTRE869_t1,210,protein_coding,,Trichuris trichiura (PRJEB535),protein_coding,trtricprjeb535
TTRE9324,TTRE9324_t1,198,protein_coding,,Trichuris trichiura (PRJEB535),protein_coding,trtricprjeb535
TTRE7571,TTRE7571_t1,184,protein_coding,"Succinate dehydrogenase assembly factor 2, mitoch ondrial  [Source:UniProtKB/TrEMBL;Acc:A0A077Z5J8]",Trichuris trichiura (PRJEB535),protein_coding,trtricprjeb535
TTRE4896,TTRE4896_t1,838,protein_coding,Fucosyltransferase  [Source:UniProtKB/TrEMBL;Acc:A0A077ZGD1],Trichuris trichiura (PRJEB535),protein_coding,trtricprjeb535
TTRE1251,TTRE1251_t1,175,protein_coding,60S acidic ribosomal protein P0  [Source:UniProtKB/TrEMBL;Acc:A0A077YWM4],Trichuris trichiura (PRJEB535),protein_coding,trtricprjeb535
TTRE9136,TTRE9136_t1,219,protein_coding,,Trichuris trichiura (PRJEB535),protein_coding,trtricprjeb535
TTRE6339,TTRE6339_t1,2309,protein_coding,,Trichuris trichiura (PRJEB535),protein_coding,trtricprjeb535
TTRE12003,TTRE12003_t1,914,protein_coding,Leucine-rich repeat extensin-like protein 3  [Source:UniProtKB/TrEMBL;Acc:A0A077Z442],Trichuris trichiura (PRJEB535),protein_coding,trtricprjeb535
TTRE7941,TTRE7941_t1,688,protein_coding,"Alpha-1,6-mannosyl-glycoprotein 2-beta-N-acetylglucosaminyltransferase  [Source:UniProtKB/TrEMBL;Acc:A0A077ZF31]",Trichuris trichiura (PRJEB535),protein_coding,trtricprjeb535
TTRE6754,TTRE6754_t1,353,protein_coding,,Trichuris trichiura (PRJEB535),protein_coding,trtricprjeb535
TTRE11008,TTRE11008_t1,128,protein_coding,,Trichuris trichiura (PRJEB535),protein_coding,trtricprjeb535
TTRE4782,TTRE4782_t1,424,protein_coding,,Trichuris trichiura (PRJEB535),protein_coding,trtricprjeb535
TTRE12275,TTRE12275_t1,825,protein_coding,Clip domain-containing protein  [Source:UniProtKB/TrEMBL;Acc:A0A077YVJ2],Trichuris trichiura (PRJEB535),protein_coding,trtricprjeb535
TTRE12053,TTRE12053_t1,803,protein_coding,,Trichuris trichiura (PRJEB535),protein_coding,trtricprjeb535
TTRE5495,TTRE5495_t1,1450,protein_coding,,Trichuris trichiura (PRJEB535),protein_coding,trtricprjeb535
TTRE5369,TTRE5369_t1,428,protein_coding,,Trichuris trichiura (PRJEB535),protein_coding,trtricprjeb535
TTRE6516,TTRE6516_t1,427,protein_coding,Transcription initiation factor TFIID subunit  [Source:UniProtKB/TrEMBL;Acc:A0A077Z3B1],Trichuris trichiura (PRJEB535),protein_coding,trtricprjeb535
TTRE6362,TTRE6362_t1,1097,protein_coding,,Trichuris trichiura (PRJEB535),protein_coding,trtricprjeb535
TTRE2645,TTRE2645_t1,119,protein_coding,"Cytochrome c oxidase subunit 7C, mitochondrial  [Source:UniProtKB/TrEMBL;Acc:A0A077ZAV8]",Trichuris trichiura (PRJEB535),protein_coding,trtricprjeb535
TTRE9633,TTRE9633_t1,2315,protein_coding,,Trichuris trichiura (PRJEB535),protein_coding,trtricprjeb535
TTRE2718,TTRE2718_t1,1370,protein_coding,Serotonin receptor protein  [Source:UniProtKB/TrEMBL;Acc:A0A077Z3U5],Trichuris trichiura (PRJEB535),protein_coding,trtricprjeb535
TTRE6370,TTRE6370_t1,515,protein_coding,,Trichuris trichiura (PRJEB535),protein_coding,trtricprjeb535
TTRE8409,TTRE8409_t1,224,protein_coding,,Trichuris trichiura (PRJEB535),protein_coding,trtricprjeb535
TTRE12558,TTRE12558_t1,640,protein_coding,,Trichuris trichiura (PRJEB535),protein_coding,trtricprjeb535
TTRE1896,TTRE1896_t1,217,protein_coding,,Trichuris trichiura (PRJEB535),protein_coding,trtricprjeb535
TTRE702,TTRE702_t1,401,protein_coding,Collagen and Col cuticle N domain containing prot ein  [Source:UniProtKB/TrEMBL;Acc:A0A077ZHS1],Trichuris trichiura (PRJEB535),protein_coding,trtricprjeb535
TTRE7844,TTRE7844_t1,1448,protein_coding,,Trichuris trichiura (PRJEB535),protein_coding,trtricprjeb535
TTRE6430,TTRE6430_t1,357,protein_coding,,Trichuris trichiura (PRJEB535),protein_coding,trtricprjeb535
TTRE9219,TTRE9219_t1,160,protein_coding,,Trichuris trichiura (PRJEB535),protein_coding,trtricprjeb535
TTRE7638,TTRE7638_t1,620,protein_coding,,Trichuris trichiura (PRJEB535),protein_coding,trtricprjeb535
TTRE1147,TTRE1147_t1,296,protein_coding,,Trichuris trichiura (PRJEB535),protein_coding,trtricprjeb535
TTRE7877,TTRE7877_t1,578,protein_coding,DUF4371 domain-containing protein  [Source:UniProtKB/TrEMBL;Acc:A0A077ZIV4],Trichuris trichiura (PRJEB535),protein_coding,trtricprjeb535
TTRE11637,TTRE11637_t1,204,protein_coding,,Trichuris trichiura (PRJEB535),protein_coding,trtricprjeb535
TTRE2016,TTRE2016_t1,294,protein_coding,,Trichuris trichiura (PRJEB535),protein_coding,trtricprjeb535
TTRE10661,TTRE10661_t1,296,protein_coding,,Trichuris trichiura (PRJEB535),protein_coding,trtricprjeb535
TTRE10888,TTRE10888_t1,1123,protein_coding,,Trichuris trichiura (PRJEB535),protein_coding,trtricprjeb535
TTRE1566,TTRE1566_t1,428,protein_coding,,Trichuris trichiura (PRJEB535),protein_coding,trtricprjeb535
TTRE10975,TTRE10975_t1,259,protein_coding,Encystation-mediating serine proteinase  [Source:UniProtKB/TrEMBL;Acc:A0A077YYF4],Trichuris trichiura (PRJEB535),protein_coding,trtricprjeb535
TTRE6120,TTRE6120_t1,383,protein_coding,,Trichuris trichiura (PRJEB535),protein_coding,trtricprjeb535
TTRE5284,TTRE5284_t1,225,protein_coding,,Trichuris trichiura (PRJEB535),protein_coding,trtricprjeb535
TTRE2978,TTRE2978_t1,731,protein_coding,Eukaryotic translation initiation factor 2  [Source:UniProtKB/TrEMBL;Acc:A0A077Z8W6],Trichuris trichiura (PRJEB535),protein_coding,trtricprjeb535
TTRE1224,TTRE1224_t1,446,protein_coding,,Trichuris trichiura (PRJEB535),protein_coding,trtricprjeb535
TTRE5838,TTRE5838_t1,766,protein_coding,"Protein MTO1 homolog, mitochondrial  [Source:UniProtKB/TrEMBL;Acc:A0A077Z8Z2]",Trichuris trichiura (PRJEB535),protein_coding,trtricprjeb535
TTRE12607,TTRE12607_t1,755,protein_coding,,Trichuris trichiura (PRJEB535),protein_coding,trtricprjeb535
TTRE11262,TTRE11262_t1,195,protein_coding,,Trichuris trichiura (PRJEB535),protein_coding,trtricprjeb535
TTRE5910,TTRE5910_t1,521,protein_coding,,Trichuris trichiura (PRJEB535),protein_coding,trtricprjeb535
TTRE8390,TTRE8390_t1,279,protein_coding,,Trichuris trichiura (PRJEB535),protein_coding,trtricprjeb535
TTRE7319,TTRE7319_t1,803,protein_coding,,Trichuris trichiura (PRJEB535),protein_coding,trtricprjeb535
TTRE4898,TTRE4898_t1,515,protein_coding,,Trichuris trichiura (PRJEB535),protein_coding,trtricprjeb535
TTRE8362,TTRE8362_t1,1127,protein_coding,Cell division protein kinase 10  [Source:UniProtKB/TrEMBL;Acc:A0A077Z1P8],Trichuris trichiura (PRJEB535),protein_coding,trtricprjeb535
TTRE1801,TTRE1801_t1,1272,protein_coding,,Trichuris trichiura (PRJEB535),protein_coding,trtricprjeb535
TTRE12525,TTRE12525_t1,218,protein_coding,,Trichuris trichiura (PRJEB535),protein_coding,trtricprjeb535
TTRE5050,TTRE5050_t1,616,protein_coding,,Trichuris trichiura (PRJEB535),protein_coding,trtricprjeb535
TTRE7399,TTRE7399_t1,1091,protein_coding,Tetrin c  [Source:UniProtKB/TrEMBL;Acc:A0A077ZHR7],Trichuris trichiura (PRJEB535),protein_coding,trtricprjeb535
TTRE12469,TTRE12469_t1,318,protein_coding,,Trichuris trichiura (PRJEB535),protein_coding,trtricprjeb535
TTRE9027,TTRE9027_t1,321,protein_coding,,Trichuris trichiura (PRJEB535),protein_coding,trtricprjeb535
TTRE7636,TTRE7636_t1,314,protein_coding,,Trichuris trichiura (PRJEB535),protein_coding,trtricprjeb535
TTRE161,TTRE161_t1,206,protein_coding,,Trichuris trichiura (PRJEB535),protein_coding,trtricprjeb535
TTRE9704,TTRE9704_t1,650,protein_coding,,Trichuris trichiura (PRJEB535),protein_coding,trtricprjeb535
TTRE4075,TTRE4075_t1,445,protein_coding,,Trichuris trichiura (PRJEB535),protein_coding,trtricprjeb535
TTRE2223,TTRE2223_t1,190,protein_coding,,Trichuris trichiura (PRJEB535),protein_coding,trtricprjeb535
TTRE11631,TTRE11631_t1,804,protein_coding,,Trichuris trichiura (PRJEB535),protein_coding,trtricprjeb535
TTRE8249,TTRE8249_t1,734,protein_coding,,Trichuris trichiura (PRJEB535),protein_coding,trtricprjeb535
TTRE4497,TTRE4497_t1,425,protein_coding,,Trichuris trichiura (PRJEB535),protein_coding,trtricprjeb535
TTRE6984,TTRE6984_t1,1142,protein_coding,,Trichuris trichiura (PRJEB535),protein_coding,trtricprjeb535
TTRE2885,TTRE2885_t1,1610,protein_coding,tRNA (uracil(54)-C(5))-methyltransferase  [Source:UniProtKB/TrEMBL;Acc:A0A077ZB47],Trichuris trichiura (PRJEB535),protein_coding,trtricprjeb535
TTRE5612,TTRE5612_t1,348,protein_coding,,Trichuris trichiura (PRJEB535),protein_coding,trtricprjeb535
TTRE6300,TTRE6300_t1,275,protein_coding,,Trichuris trichiura (PRJEB535),protein_coding,trtricprjeb535
TTRE4356,TTRE4356_t1,232,protein_coding,,Trichuris trichiura (PRJEB535),protein_coding,trtricprjeb535
TTRE2675,TTRE2675_t1,196,protein_coding,,Trichuris trichiura (PRJEB535),protein_coding,trtricprjeb535
TTRE12464,TTRE12464_t1,436,protein_coding,,Trichuris trichiura (PRJEB535),protein_coding,trtricprjeb535
TTRE2429,TTRE2429_t1,324,protein_coding,,Trichuris trichiura (PRJEB535),protein_coding,trtricprjeb535
TTRE8255,TTRE8255_t1,704,protein_coding,Unc protein  [Source:UniProtKB/TrEMBL;Acc:A0A077YVX9],Trichuris trichiura (PRJEB535),protein_coding,trtricprjeb535
TTRE5777,TTRE5777_t1,413,protein_coding,KDEL motif containing protein 1  [Source:UniProtKB/TrEMBL;Acc:A0A077Z4J2],Trichuris trichiura (PRJEB535),protein_coding,trtricprjeb535
TTRE9822,TTRE9822_t1,1003,protein_coding,,Trichuris trichiura (PRJEB535),protein_coding,trtricprjeb535
TTRE8461,TTRE8461_t1,194,protein_coding,,Trichuris trichiura (PRJEB535),protein_coding,trtricprjeb535
TTRE8248,TTRE8248_t1,222,protein_coding,,Trichuris trichiura (PRJEB535),protein_coding,trtricprjeb535
TTRE127,TTRE127_t1,921,protein_coding,Glycosyltransferase family 92 protein  [Source:UniProtKB/TrEMBL;Acc:A0A077ZEZ3],Trichuris trichiura (PRJEB535),protein_coding,trtricprjeb535
TTRE6096,TTRE6096_t1,335,protein_coding,,Trichuris trichiura (PRJEB535),protein_coding,trtricprjeb535
TTRE4239,TTRE4239_t1,307,protein_coding,Arm and fn3 domain containing protein  [Source:UniProtKB/TrEMBL;Acc:A0A077ZFS1],Trichuris trichiura (PRJEB535),protein_coding,trtricprjeb535
TTRE4553,TTRE4553_t1,291,protein_coding,TATA-box-binding protein  [Source:UniProtKB/TrEMBL;Acc:A0A077ZIU7],Trichuris trichiura (PRJEB535),protein_coding,trtricprjeb535
TTRE2109,TTRE2109_t1,215,protein_coding,Tetraspannin domain containing protein  [Source:UniProtKB/TrEMBL;Acc:A0A077ZBP0],Trichuris trichiura (PRJEB535),protein_coding,trtricprjeb535
TTRE461,TTRE461_t1,206,protein_coding,,Trichuris trichiura (PRJEB535),protein_coding,trtricprjeb535
TTRE4979,TTRE4979_t1,260,protein_coding,,Trichuris trichiura (PRJEB535),protein_coding,trtricprjeb535
TTRE5271,TTRE5271_t1,244,protein_coding,,Trichuris trichiura (PRJEB535),protein_coding,trtricprjeb535
TTRE8168,TTRE8168_t1,222,protein_coding,Sodium dependent acetylcholine transporter  [Source:UniProtKB/TrEMBL;Acc:A0A077Z9Q0],Trichuris trichiura (PRJEB535),protein_coding,trtricprjeb535
TTRE6932,TTRE6932_t1,505,protein_coding,,Trichuris trichiura (PRJEB535),protein_coding,trtricprjeb535
TTRE6267,TTRE6267_t1,347,protein_coding,,Trichuris trichiura (PRJEB535),protein_coding,trtricprjeb535
TTRE2043,TTRE2043_t1,800,protein_coding,,Trichuris trichiura (PRJEB535),protein_coding,trtricprjeb535
TTRE11103,TTRE11103_t1,445,protein_coding,,Trichuris trichiura (PRJEB535),protein_coding,trtricprjeb535
TTRE4656,TTRE4656_t1,476,protein_coding,,Trichuris trichiura (PRJEB535),protein_coding,trtricprjeb535
TTRE10535,TTRE10535_t1,536,protein_coding,,Trichuris trichiura (PRJEB535),protein_coding,trtricprjeb535
TTRE4985,TTRE4985_t1,124,protein_coding,Prefoldin subunit 6  [Source:UniProtKB/TrEMBL;Acc:A0A077ZCC0],Trichuris trichiura (PRJEB535),protein_coding,trtricprjeb535
TTRE1987,TTRE1987_t1,812,protein_coding,Derlin  [Source:UniProtKB/TrEMBL;Acc:A0A077Z5E3],Trichuris trichiura (PRJEB535),protein_coding,trtricprjeb535
TTRE5091,TTRE5091_t1,181,protein_coding,ADP-ribosylation factor  [Source:UniProtKB/TrEMBL;Acc:A0A077ZMD1],Trichuris trichiura (PRJEB535),protein_coding,trtricprjeb535
TTRE6641,TTRE6641_t1,326,protein_coding,,Trichuris trichiura (PRJEB535),protein_coding,trtricprjeb535
TTRE12258,TTRE12258_t1,245,protein_coding,Organic cation transporter 1  [Source:UniProtKB/TrEMBL;Acc:A0A077Z2R9],Trichuris trichiura (PRJEB535),protein_coding,trtricprjeb535
TTRE12016,TTRE12016_t1,371,protein_coding,,Trichuris trichiura (PRJEB535),protein_coding,trtricprjeb535
TTRE368,TTRE368_t1,494,protein_coding,HABP4 PAI-RBP1 domain containing protein  [Source:UniProtKB/TrEMBL;Acc:A0A077Z3M3],Trichuris trichiura (PRJEB535),protein_coding,trtricprjeb535
TTRE10886,TTRE10886_t1,449,protein_coding,,Trichuris trichiura (PRJEB535),protein_coding,trtricprjeb535
TTRE9773,TTRE9773_t1,225,protein_coding,Eukaryotic translation initiation factor 3 subunit K  [Source:UniProtKB/TrEMBL;Acc:A0A077ZDA6],Trichuris trichiura (PRJEB535),protein_coding,trtricprjeb535
TTRE8814,TTRE8814_t1,121,protein_coding,Late endosomal/lysosomal adaptor and MAPK and MTOR activator 4  [Source:UniProtKB/TrEMBL;Acc:A0A077Z7D0],Trichuris trichiura (PRJEB535),protein_coding,trtricprjeb535
TTRE12523,TTRE12523_t1,459,protein_coding,,Trichuris trichiura (PRJEB535),protein_coding,trtricprjeb535
TTRE1045,TTRE1045_t1,594,protein_coding,,Trichuris trichiura (PRJEB535),protein_coding,trtricprjeb535
TTRE9739,TTRE9739_t1,770,protein_coding,,Trichuris trichiura (PRJEB535),protein_coding,trtricprjeb535
TTRE7281,TTRE7281_t1,314,protein_coding,,Trichuris trichiura (PRJEB535),protein_coding,trtricprjeb535
TTRE5727,TTRE5727_t1,707,protein_coding,Putative calcium-dependent protein kinase family protein  [Source:UniProtKB/TrEMBL;Acc:A0A077Z8E2],Trichuris trichiura (PRJEB535),protein_coding,trtricprjeb535
TTRE730,TTRE730_t1,333,protein_coding,Protein transport protein Sec61 subunit alpha  [Source:UniProtKB/TrEMBL;Acc:A0A077ZEC0],Trichuris trichiura (PRJEB535),protein_coding,trtricprjeb535
TTRE7930,TTRE7930_t1,157,protein_coding,Integral ER membrane protein Scs2  [Source:UniProtKB/TrEMBL;Acc:A0A077YZP2],Trichuris trichiura (PRJEB535),protein_coding,trtricprjeb535
TTRE5353,TTRE5353_t1,2255,protein_coding,"Ribosome releasing factor 2, mitochondrial  [Source:UniProtKB/TrEMBL;Acc:A0A077ZL28]",Trichuris trichiura (PRJEB535),protein_coding,trtricprjeb535
TTRE8405,TTRE8405_t1,686,protein_coding,,Trichuris trichiura (PRJEB535),protein_coding,trtricprjeb535
TTRE992,TTRE992_t1,267,protein_coding,,Trichuris trichiura (PRJEB535),protein_coding,trtricprjeb535
TTRE7421,TTRE7421_t1,1033,protein_coding,,Trichuris trichiura (PRJEB535),protein_coding,trtricprjeb535
TTRE4753,TTRE4753_t1,240,protein_coding,26S proteasome non ATPase regulatory subunit 7  [Source:UniProtKB/TrEMBL;Acc:A0A077ZK69],Trichuris trichiura (PRJEB535),protein_coding,trtricprjeb535
TTRE8810,TTRE8810_t1,138,protein_coding,,Trichuris trichiura (PRJEB535),protein_coding,trtricprjeb535
TTRE6524,TTRE6524_t1,702,protein_coding,Guanylate kinase family protein  [Source:UniProtKB/TrEMBL;Acc:A0A077ZCW0],Trichuris trichiura (PRJEB535),protein_coding,trtricprjeb535
TTRE3712,TTRE3712_t1,263,protein_coding,Protein SET  [Source:UniProtKB/TrEMBL;Acc:A0A077Z633],Trichuris trichiura (PRJEB535),protein_coding,trtricprjeb535
TTRE12339,TTRE12339_t1,437,protein_coding,,Trichuris trichiura (PRJEB535),protein_coding,trtricprjeb535
TTRE1518,TTRE1518_t1,292,protein_coding,,Trichuris trichiura (PRJEB535),protein_coding,trtricprjeb535
TTRE4140,TTRE4140_t1,292,protein_coding,,Trichuris trichiura (PRJEB535),protein_coding,trtricprjeb535
TTRE7630,TTRE7630_t1,122,protein_coding,,Trichuris trichiura (PRJEB535),protein_coding,trtricprjeb535
TTRE8773,TTRE8773_t1,651,protein_coding,,Trichuris trichiura (PRJEB535),protein_coding,trtricprjeb535
TTRE10527,TTRE10527_t1,557,protein_coding,,Trichuris trichiura (PRJEB535),protein_coding,trtricprjeb535
TTRE697,TTRE697_t1,272,protein_coding,,Trichuris trichiura (PRJEB535),protein_coding,trtricprjeb535
TTRE7175,TTRE7175_t1,1565,protein_coding,,Trichuris trichiura (PRJEB535),protein_coding,trtricprjeb535
TTRE8997,TTRE8997_t1,386,protein_coding,,Trichuris trichiura (PRJEB535),protein_coding,trtricprjeb535
TTRE3943,TTRE3943_t1,247,protein_coding,,Trichuris trichiura (PRJEB535),protein_coding,trtricprjeb535
TTRE8744,TTRE8744_t1,911,protein_coding,,Trichuris trichiura (PRJEB535),protein_coding,trtricprjeb535
TTRE11878,TTRE11878_t1,532,protein_coding,,Trichuris trichiura (PRJEB535),protein_coding,trtricprjeb535
TTRE6648,TTRE6648_t1,362,protein_coding,,Trichuris trichiura (PRJEB535),protein_coding,trtricprjeb535
TTRE10255,TTRE10255_t1,1588,protein_coding,,Trichuris trichiura (PRJEB535),protein_coding,trtricprjeb535
TTRE8681,TTRE8681_t1,683,protein_coding,,Trichuris trichiura (PRJEB535),protein_coding,trtricprjeb535
TTRE405,TTRE405_t1,3272,protein_coding,"Phosphatidylinositol 4,5 bisphosphate 3 kinase  [Source:UniProtKB/TrEMBL;Acc:A0A077ZAT8]",Trichuris trichiura (PRJEB535),protein_coding,trtricprjeb535
TTRE6734,TTRE6734_t1,902,protein_coding,,Trichuris trichiura (PRJEB535),protein_coding,trtricprjeb535
TTRE4645,TTRE4645_t1,216,protein_coding,,Trichuris trichiura (PRJEB535),protein_coding,trtricprjeb535
TTRE10234,TTRE10234_t1,458,protein_coding,,Trichuris trichiura (PRJEB535),protein_coding,trtricprjeb535
TTRE7204,TTRE7204_t1,245,protein_coding,,Trichuris trichiura (PRJEB535),protein_coding,trtricprjeb535
TTRE6057,TTRE6057_t1,383,protein_coding,Transposase  [Source:UniProtKB/TrEMBL;Acc:A0A077ZBP2],Trichuris trichiura (PRJEB535),protein_coding,trtricprjeb535
TTRE2788,TTRE2788_t1,827,protein_coding,,Trichuris trichiura (PRJEB535),protein_coding,trtricprjeb535
TTRE11284,TTRE11284_t1,242,protein_coding,,Trichuris trichiura (PRJEB535),protein_coding,trtricprjeb535
TTRE5478,TTRE5478_t1,237,protein_coding,,Trichuris trichiura (PRJEB535),protein_coding,trtricprjeb535
TTRE5726,TTRE5726_t1,2102,protein_coding,KH domain-containing protein  [Source:UniProtKB/TrEMBL;Acc:A0A077Z499],Trichuris trichiura (PRJEB535),protein_coding,trtricprjeb535
TTRE6950,TTRE6950_t1,889,protein_coding,,Trichuris trichiura (PRJEB535),protein_coding,trtricprjeb535
TTRE4860,TTRE4860_t2,652,protein_coding,Protein lgc protein cbr acc-1 protein acc cre lgc-49 protein cre acc-1 protein cbn acc-1 protein  [Source:UniProtKB/TrEMBL;Acc:A0A077YX07],Trichuris trichiura (PRJEB535),protein_coding,trtricprjeb535
TTRE2089,TTRE2089_t1,1077,protein_coding,Cylicin-2  [Source:UniProtKB/TrEMBL;Acc:A0A077Z002],Trichuris trichiura (PRJEB535),protein_coding,trtricprjeb535
TTRE1358,TTRE1358_t1,259,protein_coding,LIM zinc-binding domain-containing protein  [Source:UniProtKB/TrEMBL;Acc:A0A077ZKJ0],Trichuris trichiura (PRJEB535),protein_coding,trtricprjeb535
TTRE8910,TTRE8910_t1,182,protein_coding,,Trichuris trichiura (PRJEB535),protein_coding,trtricprjeb535
TTRE3479,TTRE3479_t1,2165,protein_coding,,Trichuris trichiura (PRJEB535),protein_coding,trtricprjeb535
TTRE347,TTRE347_t1,173,protein_coding,,Trichuris trichiura (PRJEB535),protein_coding,trtricprjeb535
TTRE8778,TTRE8778_t1,744,protein_coding,,Trichuris trichiura (PRJEB535),protein_coding,trtricprjeb535
TTRE4061,TTRE4061_t1,344,protein_coding,,Trichuris trichiura (PRJEB535),protein_coding,trtricprjeb535
TTRE6244,TTRE6244_t1,294,protein_coding,,Trichuris trichiura (PRJEB535),protein_coding,trtricprjeb535
TTRE6676,TTRE6676_t1,416,protein_coding,,Trichuris trichiura (PRJEB535),protein_coding,trtricprjeb535
TTRE7815,TTRE7815_t1,184,protein_coding,Ell-associated factor Eaf  [Source:UniProtKB/TrEMBL;Acc:A0A077ZHM7],Trichuris trichiura (PRJEB535),protein_coding,trtricprjeb535
TTRE4718,TTRE4718_t1,215,protein_coding,Phosphotransferase  [Source:UniProtKB/TrEMBL;Acc:A0A077Z2V8],Trichuris trichiura (PRJEB535),protein_coding,trtricprjeb535
TTRE12324,TTRE12324_t1,471,protein_coding,,Trichuris trichiura (PRJEB535),protein_coding,trtricprjeb535
TTRE7361,TTRE7361_t1,374,protein_coding,,Trichuris trichiura (PRJEB535),protein_coding,trtricprjeb535
TTRE2728,TTRE2728_t1,482,protein_coding,,Trichuris trichiura (PRJEB535),protein_coding,trtricprjeb535
TTRE4670,TTRE4670_t1,1058,protein_coding,,Trichuris trichiura (PRJEB535),protein_coding,trtricprjeb535
TTRE1135,TTRE1135_t1,236,protein_coding,Methylmalonic aciduria and homocystinuria type D  [Source:UniProtKB/TrEMBL;Acc:A0A077YZ88],Trichuris trichiura (PRJEB535),protein_coding,trtricprjeb535
TTRE9469,TTRE9469_t1,172,protein_coding,Mitochondrial carrier protein  [Source:UniProtKB/TrEMBL;Acc:A0A077ZHS2],Trichuris trichiura (PRJEB535),protein_coding,trtricprjeb535
TTRE6360,TTRE6360_t1,329,protein_coding,,Trichuris trichiura (PRJEB535),protein_coding,trtricprjeb535
TTRE4415,TTRE4415_t1,251,protein_coding,,Trichuris trichiura (PRJEB535),protein_coding,trtricprjeb535
TTRE10092,TTRE10092_t1,774,protein_coding,,Trichuris trichiura (PRJEB535),protein_coding,trtricprjeb535
TTRE2664,TTRE2664_t1,184,protein_coding,Guanine nucleotide binding protein Gq alpha  [Source:UniProtKB/TrEMBL;Acc:A0A077YUW2],Trichuris trichiura (PRJEB535),protein_coding,trtricprjeb535
TTRE6036,TTRE6036_t1,379,protein_coding,Methylthioribose-1-phosphate isomerase  [Source:UniProtKB/TrEMBL;Acc:A0A077ZAX0],Trichuris trichiura (PRJEB535),protein_coding,trtricprjeb535
TTRE9464,TTRE9464_t1,380,protein_coding,,Trichuris trichiura (PRJEB535),protein_coding,trtricprjeb535
TTRE9987,TTRE9987_t1,1444,protein_coding,,Trichuris trichiura (PRJEB535),protein_coding,trtricprjeb535
TTRE1537,TTRE1537_t1,254,protein_coding,,Trichuris trichiura (PRJEB535),protein_coding,trtricprjeb535
TTRE11056,TTRE11056_t1,2212,protein_coding,,Trichuris trichiura (PRJEB535),protein_coding,trtricprjeb535
TTRE12078,TTRE12078_t1,307,protein_coding,WD40 and CAF1C H4-bd domain containing protein  [Source:UniProtKB/TrEMBL;Acc:A0A077ZFK8],Trichuris trichiura (PRJEB535),protein_coding,trtricprjeb535
TTRE5184,TTRE5184_t1,160,protein_coding,,Trichuris trichiura (PRJEB535),protein_coding,trtricprjeb535
TTRE11203,TTRE11203_t1,170,protein_coding,,Trichuris trichiura (PRJEB535),protein_coding,trtricprjeb535
TTRE2172,TTRE2172_t1,1328,protein_coding,,Trichuris trichiura (PRJEB535),protein_coding,trtricprjeb535
TTRE8567,TTRE8567_t1,154,protein_coding,,Trichuris trichiura (PRJEB535),protein_coding,trtricprjeb535
TTRE2576,TTRE2576_t1,191,protein_coding,,Trichuris trichiura (PRJEB535),protein_coding,trtricprjeb535
TTRE9964,TTRE9964_t1,227,protein_coding,,Trichuris trichiura (PRJEB535),protein_coding,trtricprjeb535
TTRE8327,TTRE8327_t1,165,protein_coding,,Trichuris trichiura (PRJEB535),protein_coding,trtricprjeb535
TTRE3385,TTRE3385_t1,494,protein_coding,,Trichuris trichiura (PRJEB535),protein_coding,trtricprjeb535
TTRE6776,TTRE6776_t1,473,protein_coding,,Trichuris trichiura (PRJEB535),protein_coding,trtricprjeb535
TTRE12361,TTRE12361_t1,1157,protein_coding,,Trichuris trichiura (PRJEB535),protein_coding,trtricprjeb535
TTRE5601,TTRE5601_t1,1106,protein_coding,Putative proteasomal atpase-associated factor 1  [Source:UniProtKB/TrEMBL;Acc:A0A077Z0C7],Trichuris trichiura (PRJEB535),protein_coding,trtricprjeb535
TTRE3047,TTRE3047_t1,385,protein_coding,"39S ribosomal protein L39, mitochondrial  [Source:UniProtKB/TrEMBL;Acc:A0A077Z5P0]",Trichuris trichiura (PRJEB535),protein_coding,trtricprjeb535
TTRE11888,TTRE11888_t1,326,protein_coding,,Trichuris trichiura (PRJEB535),protein_coding,trtricprjeb535
TTRE3291,TTRE3291_t1,309,protein_coding,Kelch 1 and Kelch 5 domain containing protein  [Source:UniProtKB/TrEMBL;Acc:A0A077Z185],Trichuris trichiura (PRJEB535),protein_coding,trtricprjeb535
TTRE2466,TTRE2466_t1,866,protein_coding,Cyclin-C  [Source:UniProtKB/TrEMBL;Acc:A0A077YZ39],Trichuris trichiura (PRJEB535),protein_coding,trtricprjeb535
TTRE10031,TTRE10031_t1,687,protein_coding,,Trichuris trichiura (PRJEB535),protein_coding,trtricprjeb535
TTRE8136,TTRE8136_t1,1602,protein_coding,,Trichuris trichiura (PRJEB535),protein_coding,trtricprjeb535
TTRE7209,TTRE7209_t1,531,protein_coding,,Trichuris trichiura (PRJEB535),protein_coding,trtricprjeb535
TTRE5139,TTRE5139_t1,471,protein_coding,,Trichuris trichiura (PRJEB535),protein_coding,trtricprjeb535
TTRE8565,TTRE8565_t1,356,protein_coding,Organic cation transporter protein  [Source:UniProtKB/TrEMBL;Acc:A0A077Z6D0],Trichuris trichiura (PRJEB535),protein_coding,trtricprjeb535
TTRE12494,TTRE12494_t1,227,protein_coding,,Trichuris trichiura (PRJEB535),protein_coding,trtricprjeb535
TTRE10929,TTRE10929_t1,352,protein_coding,NAD binding 1 domain containing protein  [Source:UniProtKB/TrEMBL;Acc:A0A077ZJE1],Trichuris trichiura (PRJEB535),protein_coding,trtricprjeb535
TTRE3544,TTRE3544_t1,293,protein_coding,,Trichuris trichiura (PRJEB535),protein_coding,trtricprjeb535
TTRE10500,TTRE10500_t1,914,protein_coding,,Trichuris trichiura (PRJEB535),protein_coding,trtricprjeb535
TTRE9258,TTRE9258_t1,2816,protein_coding,,Trichuris trichiura (PRJEB535),protein_coding,trtricprjeb535
TTRE8863,TTRE8863_t1,224,protein_coding,,Trichuris trichiura (PRJEB535),protein_coding,trtricprjeb535
TTRE1482,TTRE1482_t1,185,protein_coding,Sec1 domain containing protein  [Source:UniProtKB/TrEMBL;Acc:A0A077Z2S4],Trichuris trichiura (PRJEB535),protein_coding,trtricprjeb535
TTRE2563,TTRE2563_t1,206,protein_coding,,Trichuris trichiura (PRJEB535),protein_coding,trtricprjeb535
TTRE2847,TTRE2847_t1,114,protein_coding,,Trichuris trichiura (PRJEB535),protein_coding,trtricprjeb535
TTRE5142,TTRE5142_t1,301,protein_coding,,Trichuris trichiura (PRJEB535),protein_coding,trtricprjeb535
TTRE3,TTRE3_t1,252,protein_coding,,Trichuris trichiura (PRJEB535),protein_coding,trtricprjeb535
TTRE2583,TTRE2583_t1,121,protein_coding,40S ribosomal protein S25  [Source:UniProtKB/TrEMBL;Acc:A0A077ZEL7],Trichuris trichiura (PRJEB535),protein_coding,trtricprjeb535
TTRE11135,TTRE11135_t1,281,protein_coding,,Trichuris trichiura (PRJEB535),protein_coding,trtricprjeb535
TTRE10715,TTRE10715_t1,503,protein_coding,,Trichuris trichiura (PRJEB535),protein_coding,trtricprjeb535
TTRE8585,TTRE8585_t1,497,protein_coding,,Trichuris trichiura (PRJEB535),protein_coding,trtricprjeb535
TTRE7682,TTRE7682_t1,200,protein_coding,ADP ribosylation factor protein 3  [Source:UniProtKB/TrEMBL;Acc:A0A077YZP1],Trichuris trichiura (PRJEB535),protein_coding,trtricprjeb535
TTRE10373,TTRE10373_t1,583,protein_coding,,Trichuris trichiura (PRJEB535),protein_coding,trtricprjeb535
TTRE1857,TTRE1857_t1,588,protein_coding,UBN AB and HUN domain containing protein  [Source:UniProtKB/TrEMBL;Acc:A0A077ZM96],Trichuris trichiura (PRJEB535),protein_coding,trtricprjeb535
TTRE10476,TTRE10476_t1,293,protein_coding,,Trichuris trichiura (PRJEB535),protein_coding,trtricprjeb535
TTRE11909,TTRE11909_t1,266,protein_coding,,Trichuris trichiura (PRJEB535),protein_coding,trtricprjeb535
TTRE5349,TTRE5349_t1,201,protein_coding,,Trichuris trichiura (PRJEB535),protein_coding,trtricprjeb535
TTRE7831,TTRE7831_t1,248,protein_coding,,Trichuris trichiura (PRJEB535),protein_coding,trtricprjeb535
TTRE12063,TTRE12063_t1,230,protein_coding,,Trichuris trichiura (PRJEB535),protein_coding,trtricprjeb535
TTRE8356,TTRE8356_t1,194,protein_coding,,Trichuris trichiura (PRJEB535),protein_coding,trtricprjeb535
TTRE94,TTRE94_t1,174,protein_coding,,Trichuris trichiura (PRJEB535),protein_coding,trtricprjeb535
TTRE4499,TTRE4499_t1,1349,protein_coding,,Trichuris trichiura (PRJEB535),protein_coding,trtricprjeb535
TTRE3144,TTRE3144_t1,1264,protein_coding,Crossover junction endonuclease EME1  [Source:UniProtKB/TrEMBL;Acc:A0A077Z9Q4],Trichuris trichiura (PRJEB535),protein_coding,trtricprjeb535
TTRE4484,TTRE4484_t1,2201,protein_coding,Conserved plasma membrane protein  [Source:UniProtKB/TrEMBL;Acc:A0A077Z8A2],Trichuris trichiura (PRJEB535),protein_coding,trtricprjeb535
TTRE4754,TTRE4754_t1,948,protein_coding,,Trichuris trichiura (PRJEB535),protein_coding,trtricprjeb535
TTRE10145,TTRE10145_t1,518,protein_coding,,Trichuris trichiura (PRJEB535),protein_coding,trtricprjeb535
TTRE4148,TTRE4148_t1,234,protein_coding,,Trichuris trichiura (PRJEB535),protein_coding,trtricprjeb535
TTRE6680,TTRE6680_t1,490,protein_coding,,Trichuris trichiura (PRJEB535),protein_coding,trtricprjeb535
TTRE6756,TTRE6756_t1,1562,protein_coding,Gamma-tubulin complex component GCP4  [Source:UniProtKB/TrEMBL;Acc:A0A077ZEN9],Trichuris trichiura (PRJEB535),protein_coding,trtricprjeb535
TTRE5252,TTRE5252_t1,228,protein_coding,,Trichuris trichiura (PRJEB535),protein_coding,trtricprjeb535
TTRE2878,TTRE2878_t1,1595,protein_coding,,Trichuris trichiura (PRJEB535),protein_coding,trtricprjeb535
TTRE4495,TTRE4495_t1,203,protein_coding,Zinc metalloproteinase  [Source:UniProtKB/TrEMBL;Acc:A0A077YYY8],Trichuris trichiura (PRJEB535),protein_coding,trtricprjeb535
TTRE8821,TTRE8821_t1,125,protein_coding,,Trichuris trichiura (PRJEB535),protein_coding,trtricprjeb535
TTRE8096,TTRE8096_t1,1805,protein_coding,,Trichuris trichiura (PRJEB535),protein_coding,trtricprjeb535
TTRE8655,TTRE8655_t1,656,protein_coding,Globin domain containing protein  [Source:UniProtKB/TrEMBL;Acc:A0A077YZM5],Trichuris trichiura (PRJEB535),protein_coding,trtricprjeb535
TTRE10112,TTRE10112_t1,975,protein_coding,,Trichuris trichiura (PRJEB535),protein_coding,trtricprjeb535
TTRE8089,TTRE8089_t1,347,protein_coding,Thioredoxin domain-containing protein 17  [Source:UniProtKB/TrEMBL;Acc:A0A077ZAN5],Trichuris trichiura (PRJEB535),protein_coding,trtricprjeb535
TTRE11109,TTRE11109_t1,356,protein_coding,,Trichuris trichiura (PRJEB535),protein_coding,trtricprjeb535
TTRE5102,TTRE5102_t1,165,protein_coding,,Trichuris trichiura (PRJEB535),protein_coding,trtricprjeb535
TTRE6681,TTRE6681_t1,269,protein_coding,,Trichuris trichiura (PRJEB535),protein_coding,trtricprjeb535
TTRE7113,TTRE7113_t1,461,protein_coding,Regulator of rDNA transcription protein 15  [Source:UniProtKB/TrEMBL;Acc:A0A077ZMJ6],Trichuris trichiura (PRJEB535),protein_coding,trtricprjeb535
TTRE11099,TTRE11099_t1,524,protein_coding,,Trichuris trichiura (PRJEB535),protein_coding,trtricprjeb535
TTRE9147,TTRE9147_t1,494,protein_coding,Ribosomal L23 domain containing protein  [Source:UniProtKB/TrEMBL;Acc:A0A077YXK3],Trichuris trichiura (PRJEB535),protein_coding,trtricprjeb535
TTRE9162,TTRE9162_t1,680,protein_coding,,Trichuris trichiura (PRJEB535),protein_coding,trtricprjeb535
TTRE9923,TTRE9923_t1,791,protein_coding,,Trichuris trichiura (PRJEB535),protein_coding,trtricprjeb535
TTRE2057,TTRE2057_t1,384,protein_coding,Argonaute 2  [Source:UniProtKB/TrEMBL;Acc:A0A077Z361],Trichuris trichiura (PRJEB535),protein_coding,trtricprjeb535
TTRE7309,TTRE7309_t1,1181,protein_coding,,Trichuris trichiura (PRJEB535),protein_coding,trtricprjeb535
TTRE8605,TTRE8605_t1,290,protein_coding,,Trichuris trichiura (PRJEB535),protein_coding,trtricprjeb535
TTRE554,TTRE554_t1,611,protein_coding,Schwannomin interacting protein 1  [Source:UniProtKB/TrEMBL;Acc:A0A077Z4D7],Trichuris trichiura (PRJEB535),protein_coding,trtricprjeb535
TTRE1073,TTRE1073_t1,150,protein_coding,40S ribosomal protein S7  [Source:UniProtKB/TrEMBL;Acc:A0A077YW19],Trichuris trichiura (PRJEB535),protein_coding,trtricprjeb535
TTRE9641,TTRE9641_t1,212,protein_coding,,Trichuris trichiura (PRJEB535),protein_coding,trtricprjeb535
TTRE7002,TTRE7002_t1,1555,protein_coding,,Trichuris trichiura (PRJEB535),protein_coding,trtricprjeb535
TTRE12400,TTRE12400_t1,1646,protein_coding,Phosphatidylinositol 3-kinase catalytic subunit type 3  [Source:UniProtKB/TrEMBL;Acc:A0A077ZJ99],Trichuris trichiura (PRJEB535),protein_coding,trtricprjeb535
TTRE344,TTRE344_t1,1376,protein_coding,,Trichuris trichiura (PRJEB535),protein_coding,trtricprjeb535
TTRE3111,TTRE3111_t1,299,protein_coding,,Trichuris trichiura (PRJEB535),protein_coding,trtricprjeb535
TTRE2249,TTRE2249_t1,1341,protein_coding,,Trichuris trichiura (PRJEB535),protein_coding,trtricprjeb535
TTRE8866,TTRE8866_t1,233,protein_coding,Cystatin domain-containing protein  [Source:UniProtKB/TrEMBL;Acc:A0A077Z8I6],Trichuris trichiura (PRJEB535),protein_coding,trtricprjeb535
TTRE5162,TTRE5162_t1,797,protein_coding,RNA-directed RNA polymerase  [Source:UniProtKB/TrEMBL;Acc:A0A077Z1Y5],Trichuris trichiura (PRJEB535),protein_coding,trtricprjeb535
TTRE8498,TTRE8498_t1,497,protein_coding,,Trichuris trichiura (PRJEB535),protein_coding,trtricprjeb535
TTRE2282,TTRE2282_t1,878,protein_coding,Mitochondrial 2 oxodicarboxylate carrier  [Source:UniProtKB/TrEMBL;Acc:A0A077YZA5],Trichuris trichiura (PRJEB535),protein_coding,trtricprjeb535
TTRE4691,TTRE4691_t1,223,protein_coding,,Trichuris trichiura (PRJEB535),protein_coding,trtricprjeb535
TTRE8596,TTRE8596_t1,461,protein_coding,TilS_C domain-containing protein  [Source:UniProtKB/TrEMBL;Acc:A0A077Z2U4],Trichuris trichiura (PRJEB535),protein_coding,trtricprjeb535
TTRE587,TTRE587_t1,1019,protein_coding,Acyltransferase  [Source:UniProtKB/TrEMBL;Acc:A0A077ZF36],Trichuris trichiura (PRJEB535),protein_coding,trtricprjeb535
TTRE2813,TTRE2813_t1,407,protein_coding,Charged multivesicular body protein 7  [Source:UniProtKB/TrEMBL;Acc:A0A077YUY8],Trichuris trichiura (PRJEB535),protein_coding,trtricprjeb535
TTRE1666,TTRE1666_t1,288,protein_coding,,Trichuris trichiura (PRJEB535),protein_coding,trtricprjeb535
TTRE5111,TTRE5111_t1,1739,protein_coding,Mediator of RNA polymerase II transcription  [Source:UniProtKB/TrEMBL;Acc:A0A077ZF96],Trichuris trichiura (PRJEB535),protein_coding,trtricprjeb535
TTRE6913,TTRE6913_t1,827,protein_coding,"N alpha acetyltransferase 30, NatC catalytic  [Source:UniProtKB/TrEMBL;Acc:A0A077ZMP8]",Trichuris trichiura (PRJEB535),protein_coding,trtricprjeb535
TTRE12652,TTRE12652_t1,815,protein_coding,,Trichuris trichiura (PRJEB535),protein_coding,trtricprjeb535
TTRE8629,TTRE8629_t1,332,protein_coding,,Trichuris trichiura (PRJEB535),protein_coding,trtricprjeb535
TTRE159,TTRE159_t1,197,protein_coding,,Trichuris trichiura (PRJEB535),protein_coding,trtricprjeb535
TTRE99,TTRE99_t2,562,protein_coding,Protein YIPF  [Source:UniProtKB/TrEMBL;Acc:A0A077ZF14],Trichuris trichiura (PRJEB535),protein_coding,trtricprjeb535
TTRE500,TTRE500_t1,376,protein_coding,,Trichuris trichiura (PRJEB535),protein_coding,trtricprjeb535
TTRE8000,TTRE8000_t1,344,protein_coding,,Trichuris trichiura (PRJEB535),protein_coding,trtricprjeb535
TTRE11867,TTRE11867_t1,440,protein_coding,Condensation domain-containing protein  [Source:UniProtKB/TrEMBL;Acc:A0A077ZKS3],Trichuris trichiura (PRJEB535),protein_coding,trtricprjeb535
TTRE3405,TTRE3405_t1,620,protein_coding,,Trichuris trichiura (PRJEB535),protein_coding,trtricprjeb535
TTRE3599,TTRE3599_t1,113,protein_coding,,Trichuris trichiura (PRJEB535),protein_coding,trtricprjeb535
TTRE1278,TTRE1278_t1,596,protein_coding,,Trichuris trichiura (PRJEB535),protein_coding,trtricprjeb535
TTRE5944,TTRE5944_t1,101,protein_coding,,Trichuris trichiura (PRJEB535),protein_coding,trtricprjeb535
TTRE6624,TTRE6624_t1,267,protein_coding,,Trichuris trichiura (PRJEB535),protein_coding,trtricprjeb535
TTRE9466,TTRE9466_t1,347,protein_coding,,Trichuris trichiura (PRJEB535),protein_coding,trtricprjeb535
TTRE3725,TTRE3725_t1,280,protein_coding,Protein grainyhead  [Source:UniProtKB/TrEMBL;Acc:A0A077Z6M8],Trichuris trichiura (PRJEB535),protein_coding,trtricprjeb535
TTRE5701,TTRE5701_t1,185,protein_coding,,Trichuris trichiura (PRJEB535),protein_coding,trtricprjeb535
TTRE8892,TTRE8892_t1,716,protein_coding,,Trichuris trichiura (PRJEB535),protein_coding,trtricprjeb535
TTRE7008,TTRE7008_t1,281,protein_coding,,Trichuris trichiura (PRJEB535),protein_coding,trtricprjeb535
TTRE3376,TTRE3376_t1,2132,protein_coding,,Trichuris trichiura (PRJEB535),protein_coding,trtricprjeb535
TTRE7080,TTRE7080_t1,293,protein_coding,,Trichuris trichiura (PRJEB535),protein_coding,trtricprjeb535
TTRE947,TTRE947_t1,212,protein_coding,,Trichuris trichiura (PRJEB535),protein_coding,trtricprjeb535
TTRE3677,TTRE3677_t1,147,protein_coding,,Trichuris trichiura (PRJEB535),protein_coding,trtricprjeb535
TTRE3829,TTRE3829_t1,864,protein_coding,,Trichuris trichiura (PRJEB535),protein_coding,trtricprjeb535
TTRE7605,TTRE7605_t1,596,protein_coding,,Trichuris trichiura (PRJEB535),protein_coding,trtricprjeb535
TTRE9852,TTRE9852_t1,4043,protein_coding,,Trichuris trichiura (PRJEB535),protein_coding,trtricprjeb535
TTRE5666,TTRE5666_t1,948,protein_coding,,Trichuris trichiura (PRJEB535),protein_coding,trtricprjeb535
TTRE5528,TTRE5528_t1,1543,protein_coding,Golgi-specific brefeldin A-resistance guanine nuc leotide exchange factor 1  [Source:UniProtKB/TrEMBL;Acc:A0A077Z157],Trichuris trichiura (PRJEB535),protein_coding,trtricprjeb535
TTRE821,TTRE821_t1,624,protein_coding,mitogen-activated protein kinase kinase kinase  [Source:UniProtKB/TrEMBL;Acc:A0A077YWB6],Trichuris trichiura (PRJEB535),protein_coding,trtricprjeb535
TTRE982,TTRE982_t1,417,protein_coding,,Trichuris trichiura (PRJEB535),protein_coding,trtricprjeb535
TTRE7244,TTRE7244_t1,353,protein_coding,"Podospora anserina S mat+ genomic DNA chromosome 2, supercontig 2  [Source:UniProtKB/TrEMBL;Acc:A0A077Z9H1]",Trichuris trichiura (PRJEB535),protein_coding,trtricprjeb535
TTRE8387,TTRE8387_t1,260,protein_coding,,Trichuris trichiura (PRJEB535),protein_coding,trtricprjeb535
TTRE1723,TTRE1723_t1,144,protein_coding,Small nuclear ribonucleoprotein E  [Source:UniProtKB/TrEMBL;Acc:A0A077YY79],Trichuris trichiura (PRJEB535),protein_coding,trtricprjeb535
TTRE12540,TTRE12540_t1,888,protein_coding,,Trichuris trichiura (PRJEB535),protein_coding,trtricprjeb535
TTRE7161,TTRE7161_t1,508,protein_coding,,Trichuris trichiura (PRJEB535),protein_coding,trtricprjeb535
TTRE9103,TTRE9103_t1,153,protein_coding,,Trichuris trichiura (PRJEB535),protein_coding,trtricprjeb535
TTRE3214,TTRE3214_t1,1521,protein_coding,,Trichuris trichiura (PRJEB535),protein_coding,trtricprjeb535
TTRE2388,TTRE2388_t1,565,protein_coding,Zf-MIZ domain containing protein  [Source:UniProtKB/TrEMBL;Acc:A0A077Z567],Trichuris trichiura (PRJEB535),protein_coding,trtricprjeb535
TTRE8380,TTRE8380_t1,263,protein_coding,,Trichuris trichiura (PRJEB535),protein_coding,trtricprjeb535
TTRE7047,TTRE7047_t1,1685,protein_coding,,Trichuris trichiura (PRJEB535),protein_coding,trtricprjeb535
TTRE7633,TTRE7633_t1,320,protein_coding,,Trichuris trichiura (PRJEB535),protein_coding,trtricprjeb535
TTRE5263,TTRE5263_t1,138,protein_coding,,Trichuris trichiura (PRJEB535),protein_coding,trtricprjeb535
TTRE1307,TTRE1307_t1,308,protein_coding,Spo12 domain containing protein  [Source:UniProtKB/TrEMBL;Acc:A0A077ZH14],Trichuris trichiura (PRJEB535),protein_coding,trtricprjeb535
TTRE1624,TTRE1624_t1,228,protein_coding,Methionine aminopeptidase 2  [Source:UniProtKB/TrEMBL;Acc:A0A077ZBG5],Trichuris trichiura (PRJEB535),protein_coding,trtricprjeb535
TTRE9906,TTRE9906_t1,390,protein_coding,DNA repair protein complementing XP C cells  [Source:UniProtKB/TrEMBL;Acc:A0A077Z900],Trichuris trichiura (PRJEB535),protein_coding,trtricprjeb535
TTRE4618,TTRE4618_t1,383,protein_coding,,Trichuris trichiura (PRJEB535),protein_coding,trtricprjeb535
TTRE12015,TTRE12015_t1,601,protein_coding,,Trichuris trichiura (PRJEB535),protein_coding,trtricprjeb535
TTRE4449,TTRE4449_t1,119,protein_coding,Small nuclear ribonucleoprotein G  [Source:UniProtKB/TrEMBL;Acc:A0A077YW10],Trichuris trichiura (PRJEB535),protein_coding,trtricprjeb535
TTRE8420,TTRE8420_t1,624,protein_coding,,Trichuris trichiura (PRJEB535),protein_coding,trtricprjeb535
TTRE10881,TTRE10881_t1,242,protein_coding,,Trichuris trichiura (PRJEB535),protein_coding,trtricprjeb535
TTRE5149,TTRE5149_t1,1172,protein_coding,,Trichuris trichiura (PRJEB535),protein_coding,trtricprjeb535
TTRE9460,TTRE9460_t1,593,protein_coding,,Trichuris trichiura (PRJEB535),protein_coding,trtricprjeb535
TTRE11756,TTRE11756_t1,644,protein_coding,Secreted protein  [Source:UniProtKB/TrEMBL;Acc:A0A077Z578],Trichuris trichiura (PRJEB535),protein_coding,trtricprjeb535
TTRE4566,TTRE4566_t1,404,protein_coding,C2 domain containing protein  [Source:UniProtKB/TrEMBL;Acc:A0A077Z6H4],Trichuris trichiura (PRJEB535),protein_coding,trtricprjeb535
TTRE9601,TTRE9601_t1,404,protein_coding,BTB domain-containing protein  [Source:UniProtKB/TrEMBL;Acc:A0A077Z8R9],Trichuris trichiura (PRJEB535),protein_coding,trtricprjeb535
TTRE10828,TTRE10828_t1,297,protein_coding,,Trichuris trichiura (PRJEB535),protein_coding,trtricprjeb535
TTRE4370,TTRE4370_t1,429,protein_coding,,Trichuris trichiura (PRJEB535),protein_coding,trtricprjeb535
TTRE4329,TTRE4329_t1,226,protein_coding,,Trichuris trichiura (PRJEB535),protein_coding,trtricprjeb535
TTRE3617,TTRE3617_t1,788,protein_coding,,Trichuris trichiura (PRJEB535),protein_coding,trtricprjeb535
TTRE9808,TTRE9808_t1,229,protein_coding,,Trichuris trichiura (PRJEB535),protein_coding,trtricprjeb535
TTRE11717,TTRE11717_t1,188,protein_coding,,Trichuris trichiura (PRJEB535),protein_coding,trtricprjeb535
TTRE4573,TTRE4573_t1,480,protein_coding,,Trichuris trichiura (PRJEB535),protein_coding,trtricprjeb535
TTRE11346,TTRE11346_t1,395,protein_coding,,Trichuris trichiura (PRJEB535),protein_coding,trtricprjeb535
TTRE326,TTRE326_t1,403,protein_coding,Elongation factor 1-alpha  [Source:UniProtKB/TrEMBL;Acc:A0A077YYL7],Trichuris trichiura (PRJEB535),protein_coding,trtricprjeb535
TTRE6785,TTRE6785_t1,413,protein_coding,,Trichuris trichiura (PRJEB535),protein_coding,trtricprjeb535
TTRE4144,TTRE4144_t1,606,protein_coding,DUF2040 domain containing protein  [Source:UniProtKB/TrEMBL;Acc:A0A077ZBX7],Trichuris trichiura (PRJEB535),protein_coding,trtricprjeb535
TTRE1154,TTRE1154_t1,1727,protein_coding,,Trichuris trichiura (PRJEB535),protein_coding,trtricprjeb535
TTRE4795,TTRE4795_t1,1823,protein_coding,,Trichuris trichiura (PRJEB535),protein_coding,trtricprjeb535
TTRE4866,TTRE4866_t1,1574,protein_coding,,Trichuris trichiura (PRJEB535),protein_coding,trtricprjeb535
TTRE2736,TTRE2736_t1,101,protein_coding,,Trichuris trichiura (PRJEB535),protein_coding,trtricprjeb535
TTRE4519,TTRE4519_t1,282,protein_coding,protein-tyrosine-phosphatase  [Source:UniProtKB/TrEMBL;Acc:A0A077ZEV8],Trichuris trichiura (PRJEB535),protein_coding,trtricprjeb535
TTRE9935,TTRE9935_t1,739,protein_coding,,Trichuris trichiura (PRJEB535),protein_coding,trtricprjeb535
TTRE11721,TTRE11721_t1,744,protein_coding,,Trichuris trichiura (PRJEB535),protein_coding,trtricprjeb535
TTRE11297,TTRE11297_t1,467,protein_coding,,Trichuris trichiura (PRJEB535),protein_coding,trtricprjeb535
TTRE3774,TTRE3774_t1,593,protein_coding,Serine:threonine protein phosphatase 1  [Source:UniProtKB/TrEMBL;Acc:A0A077Z6R4],Trichuris trichiura (PRJEB535),protein_coding,trtricprjeb535
TTRE10223,TTRE10223_t1,155,protein_coding,,Trichuris trichiura (PRJEB535),protein_coding,trtricprjeb535
TTRE11534,TTRE11534_t1,131,protein_coding,,Trichuris trichiura (PRJEB535),protein_coding,trtricprjeb535
TTRE5037,TTRE5037_t1,791,protein_coding,,Trichuris trichiura (PRJEB535),protein_coding,trtricprjeb535
TTRE141,TTRE141_t1,605,protein_coding,MARVEL domain-containing protein  [Source:UniProtKB/TrEMBL;Acc:A0A077ZCX2],Trichuris trichiura (PRJEB535),protein_coding,trtricprjeb535
TTRE5164,TTRE5164_t1,1037,protein_coding,Pre mRNA processing splicing factor 8  [Source:UniProtKB/TrEMBL;Acc:A0A077Z466],Trichuris trichiura (PRJEB535),protein_coding,trtricprjeb535
TTRE12482,TTRE12482_t1,719,protein_coding,,Trichuris trichiura (PRJEB535),protein_coding,trtricprjeb535
TTRE11797,TTRE11797_t1,542,protein_coding,,Trichuris trichiura (PRJEB535),protein_coding,trtricprjeb535
TTRE12524,TTRE12524_t1,407,protein_coding,,Trichuris trichiura (PRJEB535),protein_coding,trtricprjeb535
TTRE3517,TTRE3517_t1,437,protein_coding,,Trichuris trichiura (PRJEB535),protein_coding,trtricprjeb535
TTRE6450,TTRE6450_t1,321,protein_coding,,Trichuris trichiura (PRJEB535),protein_coding,trtricprjeb535
TTRE4562,TTRE4562_t1,1429,protein_coding,,Trichuris trichiura (PRJEB535),protein_coding,trtricprjeb535
TTRE9446,TTRE9446_t1,155,protein_coding,,Trichuris trichiura (PRJEB535),protein_coding,trtricprjeb535
TTRE9300,TTRE9300_t1,701,protein_coding,,Trichuris trichiura (PRJEB535),protein_coding,trtricprjeb535
TTRE4372,TTRE4372_t1,1711,protein_coding,,Trichuris trichiura (PRJEB535),protein_coding,trtricprjeb535
TTRE7570,TTRE7570_t1,757,protein_coding,,Trichuris trichiura (PRJEB535),protein_coding,trtricprjeb535
TTRE6571,TTRE6571_t1,479,protein_coding,,Trichuris trichiura (PRJEB535),protein_coding,trtricprjeb535
TTRE8794,TTRE8794_t1,141,protein_coding,,Trichuris trichiura (PRJEB535),protein_coding,trtricprjeb535
TTRE1668,TTRE1668_t1,181,protein_coding,Nuclear cap-binding protein subunit 2  [Source:UniProtKB/TrEMBL;Acc:A0A077YWF0],Trichuris trichiura (PRJEB535),protein_coding,trtricprjeb535
TTRE8245,TTRE8245_t1,229,protein_coding,,Trichuris trichiura (PRJEB535),protein_coding,trtricprjeb535
TTRE625,TTRE625_t1,253,protein_coding,,Trichuris trichiura (PRJEB535),protein_coding,trtricprjeb535
TTRE6039,TTRE6039_t1,202,protein_coding,,Trichuris trichiura (PRJEB535),protein_coding,trtricprjeb535
TTRE5655,TTRE5655_t1,283,protein_coding,arginine--tRNA ligase  [Source:UniProtKB/TrEMBL;Acc:A0A077ZJ31],Trichuris trichiura (PRJEB535),protein_coding,trtricprjeb535
TTRE6426,TTRE6426_t1,149,protein_coding,,Trichuris trichiura (PRJEB535),protein_coding,trtricprjeb535
TTRE7687,TTRE7687_t1,518,protein_coding,,Trichuris trichiura (PRJEB535),protein_coding,trtricprjeb535
TTRE6418,TTRE6418_t1,185,protein_coding,,Trichuris trichiura (PRJEB535),protein_coding,trtricprjeb535
TTRE12266,TTRE12266_t1,293,protein_coding,,Trichuris trichiura (PRJEB535),protein_coding,trtricprjeb535
TTRE383,TTRE383_t1,235,protein_coding,,Trichuris trichiura (PRJEB535),protein_coding,trtricprjeb535
TTRE5017,TTRE5017_t1,309,protein_coding,"Twinkle protein, mitochondrial  [Source:UniProtKB/TrEMBL;Acc:A0A077ZCT0]",Trichuris trichiura (PRJEB535),protein_coding,trtricprjeb535
TTRE9381,TTRE9381_t1,159,protein_coding,,Trichuris trichiura (PRJEB535),protein_coding,trtricprjeb535
TTRE11016,TTRE11016_t1,349,protein_coding,,Trichuris trichiura (PRJEB535),protein_coding,trtricprjeb535
TTRE7725,TTRE7725_t1,1106,protein_coding,,Trichuris trichiura (PRJEB535),protein_coding,trtricprjeb535
TTRE940,TTRE940_t1,728,protein_coding,EGF-like domain-containing protein  [Source:UniProtKB/TrEMBL;Acc:A0A077Z1H4],Trichuris trichiura (PRJEB535),protein_coding,trtricprjeb535
TTRE6135,TTRE6135_t1,167,protein_coding,Alkali myosin light chain long isoform  [Source:UniProtKB/TrEMBL;Acc:A0A077Z9G4],Trichuris trichiura (PRJEB535),protein_coding,trtricprjeb535
TTRE3109,TTRE3109_t1,146,protein_coding,,Trichuris trichiura (PRJEB535),protein_coding,trtricprjeb535
TTRE1313,TTRE1313_t1,264,protein_coding,,Trichuris trichiura (PRJEB535),protein_coding,trtricprjeb535
TTRE3765,TTRE3765_t1,1016,protein_coding,DUF3421 domain containing protein  [Source:UniProtKB/TrEMBL;Acc:A0A077Z9Z3],Trichuris trichiura (PRJEB535),protein_coding,trtricprjeb535
TTRE3429,TTRE3429_t1,174,protein_coding,,Trichuris trichiura (PRJEB535),protein_coding,trtricprjeb535
TTRE2852,TTRE2852_t1,3011,protein_coding,,Trichuris trichiura (PRJEB535),protein_coding,trtricprjeb535
TTRE7166,TTRE7166_t1,851,protein_coding,,Trichuris trichiura (PRJEB535),protein_coding,trtricprjeb535
TTRE11318,TTRE11318_t1,374,protein_coding,,Trichuris trichiura (PRJEB535),protein_coding,trtricprjeb535
TTRE9772,TTRE9772_t1,911,protein_coding,4HBT 3 domain containing protein  [Source:UniProtKB/TrEMBL;Acc:A0A077ZA87],Trichuris trichiura (PRJEB535),protein_coding,trtricprjeb535
TTRE12511,TTRE12511_t1,1780,protein_coding,,Trichuris trichiura (PRJEB535),protein_coding,trtricprjeb535
TTRE5990,TTRE5990_t1,926,protein_coding,Serine/threonine-protein phosphatase  [Source:UniProtKB/TrEMBL;Acc:A0A077Z737],Trichuris trichiura (PRJEB535),protein_coding,trtricprjeb535
TTRE8747,TTRE8747_t1,194,protein_coding,Phosphatidylserine synthase  [Source:UniProtKB/TrEMBL;Acc:A0A077ZBH7],Trichuris trichiura (PRJEB535),protein_coding,trtricprjeb535
TTRE12248,TTRE12248_t1,416,protein_coding,,Trichuris trichiura (PRJEB535),protein_coding,trtricprjeb535
TTRE6029,TTRE6029_t1,329,protein_coding,,Trichuris trichiura (PRJEB535),protein_coding,trtricprjeb535
TTRE10345,TTRE10345_t1,446,protein_coding,,Trichuris trichiura (PRJEB535),protein_coding,trtricprjeb535
TTRE3296,TTRE3296_t1,275,protein_coding,,Trichuris trichiura (PRJEB535),protein_coding,trtricprjeb535
TTRE6163,TTRE6163_t1,260,protein_coding,,Trichuris trichiura (PRJEB535),protein_coding,trtricprjeb535
TTRE2988,TTRE2988_t1,182,protein_coding,EMP24 GP25L domain containing protein  [Source:UniProtKB/TrEMBL;Acc:A0A077Z7T3],Trichuris trichiura (PRJEB535),protein_coding,trtricprjeb535
TTRE9566,TTRE9566_t1,2009,protein_coding,Tubulin-specific chaperone D  [Source:UniProtKB/TrEMBL;Acc:A0A077Z9L9],Trichuris trichiura (PRJEB535),protein_coding,trtricprjeb535
TTRE9168,TTRE9168_t1,1037,protein_coding,,Trichuris trichiura (PRJEB535),protein_coding,trtricprjeb535
TTRE4752,TTRE4752_t1,416,protein_coding,,Trichuris trichiura (PRJEB535),protein_coding,trtricprjeb535
TTRE3783,TTRE3783_t1,722,protein_coding,DUF830 domain containing protein  [Source:UniProtKB/TrEMBL;Acc:A0A077Z5Y5],Trichuris trichiura (PRJEB535),protein_coding,trtricprjeb535
TTRE1564,TTRE1564_t1,279,protein_coding,GMP synthase (glutamine-hydrolyzing)  [Source:UniProtKB/TrEMBL;Acc:A0A077Z0M6],Trichuris trichiura (PRJEB535),protein_coding,trtricprjeb535
TTRE3833,TTRE3833_t1,272,protein_coding,,Trichuris trichiura (PRJEB535),protein_coding,trtricprjeb535
TTRE8600,TTRE8600_t1,166,protein_coding,,Trichuris trichiura (PRJEB535),protein_coding,trtricprjeb535
TTRE30,TTRE30_t1,1051,protein_coding,,Trichuris trichiura (PRJEB535),protein_coding,trtricprjeb535
TTRE10433,TTRE10433_t1,641,protein_coding,,Trichuris trichiura (PRJEB535),protein_coding,trtricprjeb535
TTRE1042,TTRE1042_t1,1265,protein_coding,,Trichuris trichiura (PRJEB535),protein_coding,trtricprjeb535
TTRE11068,TTRE11068_t1,440,protein_coding,,Trichuris trichiura (PRJEB535),protein_coding,trtricprjeb535
TTRE2734,TTRE2734_t1,255,protein_coding,,Trichuris trichiura (PRJEB535),protein_coding,trtricprjeb535
TTRE8098,TTRE8098_t1,1211,protein_coding,Protein transport protein sec16  [Source:UniProtKB/TrEMBL;Acc:A0A077ZE99],Trichuris trichiura (PRJEB535),protein_coding,trtricprjeb535
TTRE929,TTRE929_t1,686,protein_coding,Trafficking protein particle complex subunit  [Source:UniProtKB/TrEMBL;Acc:A0A077ZAG3],Trichuris trichiura (PRJEB535),protein_coding,trtricprjeb535
TTRE5570,TTRE5570_t1,182,protein_coding,,Trichuris trichiura (PRJEB535),protein_coding,trtricprjeb535
TTRE9,TTRE9_t1,216,protein_coding,Glycoside hydrolase family 27 protein  [Source:UniProtKB/TrEMBL;Acc:A0A077ZFX2],Trichuris trichiura (PRJEB535),protein_coding,trtricprjeb535
TTRE11830,TTRE11830_t1,257,protein_coding,,Trichuris trichiura (PRJEB535),protein_coding,trtricprjeb535
TTRE3933,TTRE3933_t1,163,protein_coding,Replication factor C subunit 5  [Source:UniProtKB/TrEMBL;Acc:A0A077Z678],Trichuris trichiura (PRJEB535),protein_coding,trtricprjeb535
TTRE2691,TTRE2691_t1,263,protein_coding,,Trichuris trichiura (PRJEB535),protein_coding,trtricprjeb535
TTRE5849,TTRE5849_t1,623,protein_coding,,Trichuris trichiura (PRJEB535),protein_coding,trtricprjeb535
TTRE11903,TTRE11903_t1,206,protein_coding,,Trichuris trichiura (PRJEB535),protein_coding,trtricprjeb535
TTRE6500,TTRE6500_t1,144,protein_coding,,Trichuris trichiura (PRJEB535),protein_coding,trtricprjeb535
TTRE10514,TTRE10514_t1,1659,protein_coding,,Trichuris trichiura (PRJEB535),protein_coding,trtricprjeb535
TTRE33,TTRE33_t1,890,protein_coding,E3 ubiquitin protein ligase  [Source:UniProtKB/TrEMBL;Acc:A0A077Z7C7],Trichuris trichiura (PRJEB535),protein_coding,trtricprjeb535
TTRE1230,TTRE1230_t1,256,protein_coding,,Trichuris trichiura (PRJEB535),protein_coding,trtricprjeb535
TTRE11202,TTRE11202_t1,242,protein_coding,,Trichuris trichiura (PRJEB535),protein_coding,trtricprjeb535
TTRE11520,TTRE11520_t1,224,protein_coding,Abasic site processing protein HMCES  [Source:UniProtKB/TrEMBL;Acc:A0A077Z3Q0],Trichuris trichiura (PRJEB535),protein_coding,trtricprjeb535
TTRE12264,TTRE12264_t1,722,protein_coding,F-box domain-containing protein  [Source:UniProtKB/TrEMBL;Acc:A0A077Z3R6],Trichuris trichiura (PRJEB535),protein_coding,trtricprjeb535
TTRE11290,TTRE11290_t1,1349,protein_coding,,Trichuris trichiura (PRJEB535),protein_coding,trtricprjeb535
TTRE9740,TTRE9740_t1,1568,protein_coding,,Trichuris trichiura (PRJEB535),protein_coding,trtricprjeb535
TTRE9828,TTRE9828_t1,698,protein_coding,DUF1637 domain containing protein  [Source:UniProtKB/TrEMBL;Acc:A0A077ZAC3],Trichuris trichiura (PRJEB535),protein_coding,trtricprjeb535
TTRE8593,TTRE8593_t1,513,protein_coding,,Trichuris trichiura (PRJEB535),protein_coding,trtricprjeb535
TTRE7444,TTRE7444_t1,335,protein_coding,,Trichuris trichiura (PRJEB535),protein_coding,trtricprjeb535
TTRE8178,TTRE8178_t1,1801,protein_coding,,Trichuris trichiura (PRJEB535),protein_coding,trtricprjeb535
TTRE6934,TTRE6934_t1,1112,protein_coding,,Trichuris trichiura (PRJEB535),protein_coding,trtricprjeb535
TTRE1194,TTRE1194_t1,1700,protein_coding,,Trichuris trichiura (PRJEB535),protein_coding,trtricprjeb535
TTRE10571,TTRE10571_t1,940,protein_coding,,Trichuris trichiura (PRJEB535),protein_coding,trtricprjeb535
TTRE9293,TTRE9293_t1,425,protein_coding,,Trichuris trichiura (PRJEB535),protein_coding,trtricprjeb535
TTRE8932,TTRE8932_t1,287,protein_coding,,Trichuris trichiura (PRJEB535),protein_coding,trtricprjeb535
TTRE5026,TTRE5026_t1,1880,protein_coding,isoleucine--tRNA ligase  [Source:UniProtKB/TrEMBL;Acc:A0A077ZDP3],Trichuris trichiura (PRJEB535),protein_coding,trtricprjeb535
TTRE3927,TTRE3927_t1,580,protein_coding,,Trichuris trichiura (PRJEB535),protein_coding,trtricprjeb535
TTRE11484,TTRE11484_t1,117,protein_coding,,Trichuris trichiura (PRJEB535),protein_coding,trtricprjeb535
TTRE12031,TTRE12031_t2,386,protein_coding,,Trichuris trichiura (PRJEB535),protein_coding,trtricprjeb535
TTRE4611,TTRE4611_t1,755,protein_coding,Pyridoxal phosphate homeostasis protein  [Source:UniProtKB/TrEMBL;Acc:A0A077ZH81],Trichuris trichiura (PRJEB535),protein_coding,trtricprjeb535
TTRE7364,TTRE7364_t1,266,protein_coding,,Trichuris trichiura (PRJEB535),protein_coding,trtricprjeb535
TTRE2646,TTRE2646_t1,934,protein_coding,"GDP-Man:Man(3)GlcNAc(2)-PP-Dol alpha-1,2-mannosyltransferase  [Source:UniProtKB/TrEMBL;Acc:A0A077ZGC4]",Trichuris trichiura (PRJEB535),protein_coding,trtricprjeb535
TTRE12444,TTRE12444_t1,189,protein_coding,,Trichuris trichiura (PRJEB535),protein_coding,trtricprjeb535
TTRE2255,TTRE2255_t1,406,protein_coding,Reticulon-like protein  [Source:UniProtKB/TrEMBL;Acc:A0A077Z7P1],Trichuris trichiura (PRJEB535),protein_coding,trtricprjeb535
TTRE11889,TTRE11889_t1,329,protein_coding,,Trichuris trichiura (PRJEB535),protein_coding,trtricprjeb535
TTRE1928,TTRE1928_t1,449,protein_coding,ULP_PROTEASE domain-containing protein  [Source:UniProtKB/TrEMBL;Acc:A0A077Z3Q5],Trichuris trichiura (PRJEB535),protein_coding,trtricprjeb535
TTRE8047,TTRE8047_t1,1249,protein_coding,,Trichuris trichiura (PRJEB535),protein_coding,trtricprjeb535
TTRE10209,TTRE10209_t1,923,protein_coding,,Trichuris trichiura (PRJEB535),protein_coding,trtricprjeb535
TTRE12316,TTRE12316_t1,1058,protein_coding,,Trichuris trichiura (PRJEB535),protein_coding,trtricprjeb535
TTRE11011,TTRE11011_t1,300,protein_coding,,Trichuris trichiura (PRJEB535),protein_coding,trtricprjeb535
TTRE2168,TTRE2168_t1,377,protein_coding,VWD and AMOP and Sushi domain containing protein  [Source:UniProtKB/TrEMBL;Acc:A0A077ZEX1],Trichuris trichiura (PRJEB535),protein_coding,trtricprjeb535
TTRE4000,TTRE4000_t1,296,protein_coding,,Trichuris trichiura (PRJEB535),protein_coding,trtricprjeb535
TTRE5904,TTRE5904_t1,776,protein_coding,,Trichuris trichiura (PRJEB535),protein_coding,trtricprjeb535
TTRE256,TTRE256_t1,324,protein_coding,,Trichuris trichiura (PRJEB535),protein_coding,trtricprjeb535
TTRE1056,TTRE1056_t1,486,protein_coding,Protein maternal effect lethal 26  [Source:UniProtKB/TrEMBL;Acc:A0A077Z463],Trichuris trichiura (PRJEB535),protein_coding,trtricprjeb535
TTRE4613,TTRE4613_t1,1561,protein_coding,,Trichuris trichiura (PRJEB535),protein_coding,trtricprjeb535
TTRE12612,TTRE12612_t1,716,protein_coding,,Trichuris trichiura (PRJEB535),protein_coding,trtricprjeb535
TTRE10167,TTRE10167_t1,608,protein_coding,,Trichuris trichiura (PRJEB535),protein_coding,trtricprjeb535
TTRE9545,TTRE9545_t1,641,protein_coding,,Trichuris trichiura (PRJEB535),protein_coding,trtricprjeb535
TTRE9210,TTRE9210_t1,525,protein_coding,,Trichuris trichiura (PRJEB535),protein_coding,trtricprjeb535
TTRE2481,TTRE2481_t1,380,protein_coding,Tyrosine protein phosphatase non receptor type  [Source:UniProtKB/TrEMBL;Acc:A0A077YYJ1],Trichuris trichiura (PRJEB535),protein_coding,trtricprjeb535
TTRE8552,TTRE8552_t1,269,protein_coding,,Trichuris trichiura (PRJEB535),protein_coding,trtricprjeb535
TTRE10281,TTRE10281_t1,4301,protein_coding,,Trichuris trichiura (PRJEB535),protein_coding,trtricprjeb535
TTRE4047,TTRE4047_t1,1123,protein_coding,,Trichuris trichiura (PRJEB535),protein_coding,trtricprjeb535
TTRE6841,TTRE6841_t1,339,protein_coding,,Trichuris trichiura (PRJEB535),protein_coding,trtricprjeb535
TTRE10126,TTRE10126_t1,1500,protein_coding,,Trichuris trichiura (PRJEB535),protein_coding,trtricprjeb535
TTRE1324,TTRE1324_t1,188,protein_coding,Lysosomal acid phosphatase  [Source:UniProtKB/TrEMBL;Acc:A0A077Z6N3],Trichuris trichiura (PRJEB535),protein_coding,trtricprjeb535
TTRE2671,TTRE2671_t1,404,protein_coding,Cytidine deaminase  [Source:UniProtKB/TrEMBL;Acc:A0A077ZEB7],Trichuris trichiura (PRJEB535),protein_coding,trtricprjeb535
TTRE3391,TTRE3391_t1,239,protein_coding,Cytochrome b-c1 complex subunit 8  [Source:UniProtKB/TrEMBL;Acc:A0A077Z8Z0],Trichuris trichiura (PRJEB535),protein_coding,trtricprjeb535
TTRE4314,TTRE4314_t1,128,protein_coding,,Trichuris trichiura (PRJEB535),protein_coding,trtricprjeb535
TTRE1177,TTRE1177_t1,128,protein_coding,,Trichuris trichiura (PRJEB535),protein_coding,trtricprjeb535
TTRE8951,TTRE8951_t1,510,protein_coding,N-acetylglucosaminylphosphatidylinositol deacetylase  [Source:UniProtKB/TrEMBL;Acc:A0A077YZF7],Trichuris trichiura (PRJEB535),protein_coding,trtricprjeb535
TTRE6345,TTRE6345_t1,527,protein_coding,,Trichuris trichiura (PRJEB535),protein_coding,trtricprjeb535
TTRE4901,TTRE4901_t1,297,protein_coding,Ribosomal protein S6  [Source:UniProtKB/TrEMBL;Acc:A0A077ZJZ9],Trichuris trichiura (PRJEB535),protein_coding,trtricprjeb535
TTRE2008,TTRE2008_t1,247,protein_coding,Cuticle collagen dpy 7  [Source:UniProtKB/TrEMBL;Acc:A0A077ZHH1],Trichuris trichiura (PRJEB535),protein_coding,trtricprjeb535
TTRE10423,TTRE10423_t1,245,protein_coding,,Trichuris trichiura (PRJEB535),protein_coding,trtricprjeb535
TTRE3979,TTRE3979_t1,244,protein_coding,Protein diaphanous 2  [Source:UniProtKB/TrEMBL;Acc:A0A077ZG22],Trichuris trichiura (PRJEB535),protein_coding,trtricprjeb535
TTRE2652,TTRE2652_t1,1470,protein_coding,DSPc domain containing protein  [Source:UniProtKB/TrEMBL;Acc:A0A077YZU0],Trichuris trichiura (PRJEB535),protein_coding,trtricprjeb535
TTRE9651,TTRE9651_t1,229,protein_coding,,Trichuris trichiura (PRJEB535),protein_coding,trtricprjeb535
TTRE11243,TTRE11243_t1,650,protein_coding,,Trichuris trichiura (PRJEB535),protein_coding,trtricprjeb535
TTRE2672,TTRE2672_t1,419,protein_coding,,Trichuris trichiura (PRJEB535),protein_coding,trtricprjeb535
TTRE5350,TTRE5350_t1,283,protein_coding,,Trichuris trichiura (PRJEB535),protein_coding,trtricprjeb535
TTRE8294,TTRE8294_t1,226,protein_coding,XLF domain containing protein  [Source:UniProtKB/TrEMBL;Acc:A0A077ZCA6],Trichuris trichiura (PRJEB535),protein_coding,trtricprjeb535
TTRE7127,TTRE7127_t1,3677,protein_coding,,Trichuris trichiura (PRJEB535),protein_coding,trtricprjeb535
TTRE4057,TTRE4057_t1,558,protein_coding,Glycogen debranching enzyme  [Source:UniProtKB/TrEMBL;Acc:A0A077YY88],Trichuris trichiura (PRJEB535),protein_coding,trtricprjeb535
TTRE2521,TTRE2521_t1,687,protein_coding,,Trichuris trichiura (PRJEB535),protein_coding,trtricprjeb535
TTRE7507,TTRE7507_t1,899,protein_coding,,Trichuris trichiura (PRJEB535),protein_coding,trtricprjeb535
TTRE6476,TTRE6476_t1,177,protein_coding,,Trichuris trichiura (PRJEB535),protein_coding,trtricprjeb535
TTRE7803,TTRE7803_t1,183,protein_coding,,Trichuris trichiura (PRJEB535),protein_coding,trtricprjeb535
TTRE10738,TTRE10738_t1,1490,protein_coding,,Trichuris trichiura (PRJEB535),protein_coding,trtricprjeb535
TTRE2181,TTRE2181_t1,338,protein_coding,,Trichuris trichiura (PRJEB535),protein_coding,trtricprjeb535
TTRE1149,TTRE1149_t1,803,protein_coding,,Trichuris trichiura (PRJEB535),protein_coding,trtricprjeb535
TTRE9120,TTRE9120_t1,241,protein_coding,,Trichuris trichiura (PRJEB535),protein_coding,trtricprjeb535
TTRE351,TTRE351_t1,397,protein_coding,,Trichuris trichiura (PRJEB535),protein_coding,trtricprjeb535
TTRE1517,TTRE1517_t1,494,protein_coding,,Trichuris trichiura (PRJEB535),protein_coding,trtricprjeb535
TTRE6750,TTRE6750_t1,198,protein_coding,,Trichuris trichiura (PRJEB535),protein_coding,trtricprjeb535
TTRE7346,TTRE7346_t1,273,protein_coding,,Trichuris trichiura (PRJEB535),protein_coding,trtricprjeb535
TTRE5095,TTRE5095_t1,1374,protein_coding,LRR 7 and LRR 8 domain containing protein  [Source:UniProtKB/TrEMBL;Acc:A0A077Z5F7],Trichuris trichiura (PRJEB535),protein_coding,trtricprjeb535
TTRE8090,TTRE8090_t1,347,protein_coding,Thioredoxin domain-containing protein 17  [Source:UniProtKB/TrEMBL;Acc:A0A077ZBB8],Trichuris trichiura (PRJEB535),protein_coding,trtricprjeb535
TTRE10275,TTRE10275_t1,503,protein_coding,,Trichuris trichiura (PRJEB535),protein_coding,trtricprjeb535
TTRE6779,TTRE6779_t1,755,protein_coding,,Trichuris trichiura (PRJEB535),protein_coding,trtricprjeb535
TTRE1254,TTRE1254_t2,265,protein_coding,,Trichuris trichiura (PRJEB535),protein_coding,trtricprjeb535
TTRE5531,TTRE5531_t1,526,protein_coding,26S proteasome non-ATPase regulatory subunit 6  [Source:UniProtKB/TrEMBL;Acc:A0A077Z2D4],Trichuris trichiura (PRJEB535),protein_coding,trtricprjeb535
TTRE3085,TTRE3085_t1,639,protein_coding,,Trichuris trichiura (PRJEB535),protein_coding,trtricprjeb535
TTRE2063,TTRE2063_t1,659,protein_coding,Acetyltransf 1 domain containing protein  [Source:UniProtKB/TrEMBL;Acc:A0A077YZL8],Trichuris trichiura (PRJEB535),protein_coding,trtricprjeb535
TTRE4064,TTRE4064_t1,1601,protein_coding,,Trichuris trichiura (PRJEB535),protein_coding,trtricprjeb535
TTRE5827,TTRE5827_t1,930,protein_coding,,Trichuris trichiura (PRJEB535),protein_coding,trtricprjeb535
TTRE1211,TTRE1211_t1,533,protein_coding,Protein CLP1 homolog  [Source:UniProtKB/TrEMBL;Acc:A0A077ZJB3],Trichuris trichiura (PRJEB535),protein_coding,trtricprjeb535
TTRE5313,TTRE5313_t1,197,protein_coding,Ubiquitin protein FUBI like  [Source:UniProtKB/TrEMBL;Acc:A0A077ZD98],Trichuris trichiura (PRJEB535),protein_coding,trtricprjeb535
TTRE5220,TTRE5220_t1,166,protein_coding,Ribosomal L1 domain containing protein  [Source:UniProtKB/TrEMBL;Acc:A0A077Z5H5],Trichuris trichiura (PRJEB535),protein_coding,trtricprjeb535
TTRE1168,TTRE1168_t1,243,protein_coding,,Trichuris trichiura (PRJEB535),protein_coding,trtricprjeb535
TTRE5174,TTRE5174_t1,1229,protein_coding,,Trichuris trichiura (PRJEB535),protein_coding,trtricprjeb535
TTRE12131,TTRE12131_t1,668,protein_coding,ADH zinc N and ADH N domain containing protein  [Source:UniProtKB/TrEMBL;Acc:A0A077Z4S4],Trichuris trichiura (PRJEB535),protein_coding,trtricprjeb535
TTRE6533,TTRE6533_t1,325,protein_coding,,Trichuris trichiura (PRJEB535),protein_coding,trtricprjeb535
TTRE7054,TTRE7054_t1,827,protein_coding,,Trichuris trichiura (PRJEB535),protein_coding,trtricprjeb535
TTRE9161,TTRE9161_t1,551,protein_coding,Malignant T cell amplified sequence 1  [Source:UniProtKB/TrEMBL;Acc:A0A077YW63],Trichuris trichiura (PRJEB535),protein_coding,trtricprjeb535
TTRE3484,TTRE3484_t1,307,protein_coding,,Trichuris trichiura (PRJEB535),protein_coding,trtricprjeb535
TTRE7012,TTRE7012_t1,842,protein_coding,,Trichuris trichiura (PRJEB535),protein_coding,trtricprjeb535
TTRE3102,TTRE3102_t1,669,protein_coding,,Trichuris trichiura (PRJEB535),protein_coding,trtricprjeb535
TTRE3973,TTRE3973_t1,203,protein_coding,,Trichuris trichiura (PRJEB535),protein_coding,trtricprjeb535
TTRE2923,TTRE2923_t1,187,protein_coding,,Trichuris trichiura (PRJEB535),protein_coding,trtricprjeb535
TTRE5456,TTRE5456_t1,371,protein_coding,non-specific serine/threonine protein kinase  [Source:UniProtKB/TrEMBL;Acc:A0A077ZB82],Trichuris trichiura (PRJEB535),protein_coding,trtricprjeb535
TTRE9892,TTRE9892_t1,166,protein_coding,,Trichuris trichiura (PRJEB535),protein_coding,trtricprjeb535
TTRE2361,TTRE2361_t1,1969,protein_coding,Leucine Rich Repeat family protein  [Source:UniProtKB/TrEMBL;Acc:A0A077YVQ7],Trichuris trichiura (PRJEB535),protein_coding,trtricprjeb535
TTRE3001,TTRE3001_t1,230,protein_coding,RNA binding protein 34  [Source:UniProtKB/TrEMBL;Acc:A0A077ZCH2],Trichuris trichiura (PRJEB535),protein_coding,trtricprjeb535
TTRE7885,TTRE7885_t1,1102,protein_coding,Papilin  [Source:UniProtKB/TrEMBL;Acc:A0A077ZC93],Trichuris trichiura (PRJEB535),protein_coding,trtricprjeb535
TTRE8738,TTRE8738_t1,656,protein_coding,,Trichuris trichiura (PRJEB535),protein_coding,trtricprjeb535
TTRE777,TTRE777_t1,596,protein_coding,,Trichuris trichiura (PRJEB535),protein_coding,trtricprjeb535
TTRE12269,TTRE12269_t1,563,protein_coding,,Trichuris trichiura (PRJEB535),protein_coding,trtricprjeb535
TTRE12603,TTRE12603_t1,803,protein_coding,,Trichuris trichiura (PRJEB535),protein_coding,trtricprjeb535
TTRE5738,TTRE5738_t1,968,protein_coding,,Trichuris trichiura (PRJEB535),protein_coding,trtricprjeb535
TTRE4267,TTRE4267_t1,467,protein_coding,,Trichuris trichiura (PRJEB535),protein_coding,trtricprjeb535
TTRE4494,TTRE4494_t1,225,protein_coding,Coatomer subunit beta  [Source:UniProtKB/TrEMBL;Acc:A0A077Z3S9],Trichuris trichiura (PRJEB535),protein_coding,trtricprjeb535
TTRE3822,TTRE3822_t1,214,protein_coding,,Trichuris trichiura (PRJEB535),protein_coding,trtricprjeb535
TTRE7383,TTRE7383_t1,326,protein_coding,,Trichuris trichiura (PRJEB535),protein_coding,trtricprjeb535
TTRE6541,TTRE6541_t1,1307,protein_coding,,Trichuris trichiura (PRJEB535),protein_coding,trtricprjeb535
TTRE2849,TTRE2849_t1,3409,protein_coding,Putative tick transposon  [Source:UniProtKB/TrEMBL;Acc:A0A077ZMY6],Trichuris trichiura (PRJEB535),protein_coding,trtricprjeb535
TTRE1632,TTRE1632_t1,767,protein_coding,PID domain containing protein  [Source:UniProtKB/TrEMBL;Acc:A0A077Z8E9],Trichuris trichiura (PRJEB535),protein_coding,trtricprjeb535
TTRE6781,TTRE6781_t1,665,protein_coding,Glycine-rich cell wall structural protein 2-like  [Source:UniProtKB/TrEMBL;Acc:A0A077ZGM9],Trichuris trichiura (PRJEB535),protein_coding,trtricprjeb535
TTRE9434,TTRE9434_t1,137,protein_coding,,Trichuris trichiura (PRJEB535),protein_coding,trtricprjeb535
TTRE10894,TTRE10894_t1,281,protein_coding,,Trichuris trichiura (PRJEB535),protein_coding,trtricprjeb535
TTRE10408,TTRE10408_t1,908,protein_coding,,Trichuris trichiura (PRJEB535),protein_coding,trtricprjeb535
TTRE12167,TTRE12167_t1,833,protein_coding,,Trichuris trichiura (PRJEB535),protein_coding,trtricprjeb535
TTRE2662,TTRE2662_t1,185,protein_coding,,Trichuris trichiura (PRJEB535),protein_coding,trtricprjeb535
TTRE2484,TTRE2484_t1,198,protein_coding,Transmembrane protein 47  [Source:UniProtKB/TrEMBL;Acc:A0A077Z9M2],Trichuris trichiura (PRJEB535),protein_coding,trtricprjeb535
TTRE4068,TTRE4068_t1,773,protein_coding,THUMP domain containing protein  [Source:UniProtKB/TrEMBL;Acc:A0A077ZF07],Trichuris trichiura (PRJEB535),protein_coding,trtricprjeb535
TTRE12326,TTRE12326_t1,455,protein_coding,,Trichuris trichiura (PRJEB535),protein_coding,trtricprjeb535
TTRE11227,TTRE11227_t1,488,protein_coding,,Trichuris trichiura (PRJEB535),protein_coding,trtricprjeb535
TTRE7494,TTRE7494_t1,471,protein_coding,,Trichuris trichiura (PRJEB535),protein_coding,trtricprjeb535
TTRE725,TTRE725_t1,464,protein_coding,,Trichuris trichiura (PRJEB535),protein_coding,trtricprjeb535
TTRE11571,TTRE11571_t1,436,protein_coding,,Trichuris trichiura (PRJEB535),protein_coding,trtricprjeb535
TTRE12008,TTRE12008_t1,278,protein_coding,,Trichuris trichiura (PRJEB535),protein_coding,trtricprjeb535
TTRE11958,TTRE11958_t1,1349,protein_coding,,Trichuris trichiura (PRJEB535),protein_coding,trtricprjeb535
TTRE4679,TTRE4679_t1,172,protein_coding,,Trichuris trichiura (PRJEB535),protein_coding,trtricprjeb535
TTRE7862,TTRE7862_t1,125,protein_coding,,Trichuris trichiura (PRJEB535),protein_coding,trtricprjeb535
TTRE11156,TTRE11156_t1,2970,protein_coding,,Trichuris trichiura (PRJEB535),protein_coding,trtricprjeb535
TTRE5967,TTRE5967_t1,258,protein_coding,,Trichuris trichiura (PRJEB535),protein_coding,trtricprjeb535
TTRE5327,TTRE5327_t1,343,protein_coding,,Trichuris trichiura (PRJEB535),protein_coding,trtricprjeb535
TTRE2458,TTRE2458_t1,600,protein_coding,Transmembrane protein 176A  [Source:UniProtKB/TrEMBL;Acc:A0A077Z204],Trichuris trichiura (PRJEB535),protein_coding,trtricprjeb535
TTRE3361,TTRE3361_t1,1061,protein_coding,Hexosyltransferase  [Source:UniProtKB/TrEMBL;Acc:A0A077Z7S8],Trichuris trichiura (PRJEB535),protein_coding,trtricprjeb535
TTRE8262,TTRE8262_t1,267,protein_coding,,Trichuris trichiura (PRJEB535),protein_coding,trtricprjeb535
TTRE2794,TTRE2794_t1,346,protein_coding,,Trichuris trichiura (PRJEB535),protein_coding,trtricprjeb535
TTRE8016,TTRE8016_t1,2580,protein_coding,,Trichuris trichiura (PRJEB535),protein_coding,trtricprjeb535
TTRE926,TTRE926_t1,160,protein_coding,,Trichuris trichiura (PRJEB535),protein_coding,trtricprjeb535
TTRE5709,TTRE5709_t1,956,protein_coding,,Trichuris trichiura (PRJEB535),protein_coding,trtricprjeb535
TTRE7706,TTRE7706_t1,811,protein_coding,,Trichuris trichiura (PRJEB535),protein_coding,trtricprjeb535
TTRE5280,TTRE5280_t1,531,protein_coding,,Trichuris trichiura (PRJEB535),protein_coding,trtricprjeb535
TTRE8601,TTRE8601_t1,257,protein_coding,,Trichuris trichiura (PRJEB535),protein_coding,trtricprjeb535
TTRE9869,TTRE9869_t1,196,protein_coding,,Trichuris trichiura (PRJEB535),protein_coding,trtricprjeb535
TTRE12466,TTRE12466_t1,2978,protein_coding,,Trichuris trichiura (PRJEB535),protein_coding,trtricprjeb535
TTRE5917,TTRE5917_t1,416,protein_coding,,Trichuris trichiura (PRJEB535),protein_coding,trtricprjeb535
TTRE3246,TTRE3246_t1,511,protein_coding,,Trichuris trichiura (PRJEB535),protein_coding,trtricprjeb535
TTRE417,TTRE417_t1,462,protein_coding,,Trichuris trichiura (PRJEB535),protein_coding,trtricprjeb535
TTRE1227,TTRE1227_t1,769,protein_coding,"Transporter, major facilitator family  [Source:UniProtKB/TrEMBL;Acc:A0A077ZDP5]",Trichuris trichiura (PRJEB535),protein_coding,trtricprjeb535
TTRE5632,TTRE5632_t1,162,protein_coding,,Trichuris trichiura (PRJEB535),protein_coding,trtricprjeb535
TTRE11739,TTRE11739_t1,126,protein_coding,,Trichuris trichiura (PRJEB535),protein_coding,trtricprjeb535
TTRE11759,TTRE11759_t1,523,protein_coding,,Trichuris trichiura (PRJEB535),protein_coding,trtricprjeb535
TTRE1893,TTRE1893_t1,286,protein_coding,,Trichuris trichiura (PRJEB535),protein_coding,trtricprjeb535
TTRE1951,TTRE1951_t1,299,protein_coding,,Trichuris trichiura (PRJEB535),protein_coding,trtricprjeb535
TTRE4517,TTRE4517_t1,358,protein_coding,His Phos 1 domain containing protein  [Source:UniProtKB/TrEMBL;Acc:A0A077ZQ26],Trichuris trichiura (PRJEB535),protein_coding,trtricprjeb535
TTRE2530,TTRE2530_t1,207,protein_coding,,Trichuris trichiura (PRJEB535),protein_coding,trtricprjeb535
TTRE6504,TTRE6504_t1,201,protein_coding,,Trichuris trichiura (PRJEB535),protein_coding,trtricprjeb535
TTRE9384,TTRE9384_t1,123,protein_coding,,Trichuris trichiura (PRJEB535),protein_coding,trtricprjeb535
TTRE2136,TTRE2136_t1,475,protein_coding,,Trichuris trichiura (PRJEB535),protein_coding,trtricprjeb535
TTRE8887,TTRE8887_t1,392,protein_coding,Mediator of RNA polymerase II transcription subunit 21  [Source:UniProtKB/TrEMBL;Acc:A0A077ZAZ2],Trichuris trichiura (PRJEB535),protein_coding,trtricprjeb535
TTRE3937,TTRE3937_t1,503,protein_coding,,Trichuris trichiura (PRJEB535),protein_coding,trtricprjeb535
TTRE4424,TTRE4424_t1,310,protein_coding,,Trichuris trichiura (PRJEB535),protein_coding,trtricprjeb535
TTRE11793,TTRE11793_t1,455,protein_coding,,Trichuris trichiura (PRJEB535),protein_coding,trtricprjeb535
TTRE504,TTRE504_t1,555,protein_coding,,Trichuris trichiura (PRJEB535),protein_coding,trtricprjeb535
TTRE4216,TTRE4216_t1,965,protein_coding,Protein phosphatase 1 regulatory subunit 7  [Source:UniProtKB/TrEMBL;Acc:A0A077ZB52],Trichuris trichiura (PRJEB535),protein_coding,trtricprjeb535
TTRE5477,TTRE5477_t1,1165,protein_coding,Transcription factor AP 1  [Source:UniProtKB/TrEMBL;Acc:A0A077Z0E1],Trichuris trichiura (PRJEB535),protein_coding,trtricprjeb535
TTRE3180,TTRE3180_t1,774,protein_coding,,Trichuris trichiura (PRJEB535),protein_coding,trtricprjeb535
TTRE7169,TTRE7169_t1,387,protein_coding,,Trichuris trichiura (PRJEB535),protein_coding,trtricprjeb535
TTRE8947,TTRE8947_t1,213,protein_coding,,Trichuris trichiura (PRJEB535),protein_coding,trtricprjeb535
TTRE6539,TTRE6539_t1,216,protein_coding,,Trichuris trichiura (PRJEB535),protein_coding,trtricprjeb535
TTRE9016,TTRE9016_t1,884,protein_coding,BBS1 domain containing protein  [Source:UniProtKB/TrEMBL;Acc:A0A077ZIK8],Trichuris trichiura (PRJEB535),protein_coding,trtricprjeb535
TTRE8308,TTRE8308_t1,149,protein_coding,,Trichuris trichiura (PRJEB535),protein_coding,trtricprjeb535
TTRE10935,TTRE10935_t1,1010,protein_coding,,Trichuris trichiura (PRJEB535),protein_coding,trtricprjeb535
TTRE7428,TTRE7428_t1,463,protein_coding,,Trichuris trichiura (PRJEB535),protein_coding,trtricprjeb535
TTRE6693,TTRE6693_t1,474,protein_coding,,Trichuris trichiura (PRJEB535),protein_coding,trtricprjeb535
TTRE9091,TTRE9091_t1,337,protein_coding,H/ACA ribonucleoprotein complex subunit  [Source:UniProtKB/TrEMBL;Acc:A0A077Z1J6],Trichuris trichiura (PRJEB535),protein_coding,trtricprjeb535
TTRE3055,TTRE3055_t1,500,protein_coding,"Oxidoreductase, short chain  [Source:UniProtKB/TrEMBL;Acc:A0A077ZAF4]",Trichuris trichiura (PRJEB535),protein_coding,trtricprjeb535
TTRE2242,TTRE2242_t1,360,protein_coding,,Trichuris trichiura (PRJEB535),protein_coding,trtricprjeb535
TTRE8334,TTRE8334_t1,276,protein_coding,,Trichuris trichiura (PRJEB535),protein_coding,trtricprjeb535
TTRE3813,TTRE3813_t1,302,protein_coding,Putative mitochondrial import inner membrane tran slocase subunit tim23  [Source:UniProtKB/TrEMBL;Acc:A0A077Z6R6],Trichuris trichiura (PRJEB535),protein_coding,trtricprjeb535
TTRE3368,TTRE3368_t1,240,protein_coding,Cnd3 domain containing protein  [Source:UniProtKB/TrEMBL;Acc:A0A077Z8S4],Trichuris trichiura (PRJEB535),protein_coding,trtricprjeb535
TTRE1396,TTRE1396_t1,212,protein_coding,,Trichuris trichiura (PRJEB535),protein_coding,trtricprjeb535
TTRE10710,TTRE10710_t1,564,protein_coding,,Trichuris trichiura (PRJEB535),protein_coding,trtricprjeb535
TTRE2821,TTRE2821_t1,256,protein_coding,Deoxyribonuclease (DNase) II  [Source:UniProtKB/TrEMBL;Acc:A0A077Z9T0],Trichuris trichiura (PRJEB535),protein_coding,trtricprjeb535
TTRE7465,TTRE7465_t1,232,protein_coding,,Trichuris trichiura (PRJEB535),protein_coding,trtricprjeb535
TTRE5024,TTRE5024_t1,481,protein_coding,,Trichuris trichiura (PRJEB535),protein_coding,trtricprjeb535
TTRE3893,TTRE3893_t1,361,protein_coding,,Trichuris trichiura (PRJEB535),protein_coding,trtricprjeb535
TTRE9203,TTRE9203_t1,672,protein_coding,NNMT PNMT TEMT domain containing protein  [Source:UniProtKB/TrEMBL;Acc:A0A077YZ31],Trichuris trichiura (PRJEB535),protein_coding,trtricprjeb535
TTRE11184,TTRE11184_t1,869,protein_coding,,Trichuris trichiura (PRJEB535),protein_coding,trtricprjeb535
TTRE3825,TTRE3825_t1,467,protein_coding,,Trichuris trichiura (PRJEB535),protein_coding,trtricprjeb535
TTRE100,TTRE100_t1,237,protein_coding,,Trichuris trichiura (PRJEB535),protein_coding,trtricprjeb535
TTRE7603,TTRE7603_t1,1223,protein_coding,,Trichuris trichiura (PRJEB535),protein_coding,trtricprjeb535
TTRE1157,TTRE1157_t1,108,protein_coding,,Trichuris trichiura (PRJEB535),protein_coding,trtricprjeb535
TTRE11681,TTRE11681_t1,305,protein_coding,,Trichuris trichiura (PRJEB535),protein_coding,trtricprjeb535
TTRE2981,TTRE2981_t1,287,protein_coding,,Trichuris trichiura (PRJEB535),protein_coding,trtricprjeb535
TTRE1159,TTRE1159_t1,487,protein_coding,,Trichuris trichiura (PRJEB535),protein_coding,trtricprjeb535
TTRE390,TTRE390_t1,510,protein_coding,,Trichuris trichiura (PRJEB535),protein_coding,trtricprjeb535
TTRE9948,TTRE9948_t1,248,protein_coding,,Trichuris trichiura (PRJEB535),protein_coding,trtricprjeb535
TTRE11231,TTRE11231_t1,566,protein_coding,,Trichuris trichiura (PRJEB535),protein_coding,trtricprjeb535
TTRE7486,TTRE7486_t1,205,protein_coding,,Trichuris trichiura (PRJEB535),protein_coding,trtricprjeb535
TTRE10739,TTRE10739_t1,514,protein_coding,,Trichuris trichiura (PRJEB535),protein_coding,trtricprjeb535
TTRE4435,TTRE4435_t1,613,protein_coding,glycerol kinase  [Source:UniProtKB/TrEMBL;Acc:A0A077Z9Y2],Trichuris trichiura (PRJEB535),protein_coding,trtricprjeb535
TTRE5499,TTRE5499_t1,291,protein_coding,Synaptotagmin  [Source:UniProtKB/TrEMBL;Acc:A0A077Z012],Trichuris trichiura (PRJEB535),protein_coding,trtricprjeb535
TTRE3162,TTRE3162_t1,236,protein_coding,Cpn60 TCP1 domain containing protein  [Source:UniProtKB/TrEMBL;Acc:A0A077Z242],Trichuris trichiura (PRJEB535),protein_coding,trtricprjeb535
TTRE11240,TTRE11240_t1,273,protein_coding,SEA domain-containing protein  [Source:UniProtKB/TrEMBL;Acc:A0A077ZEF7],Trichuris trichiura (PRJEB535),protein_coding,trtricprjeb535
TTRE5296,TTRE5296_t1,262,protein_coding,,Trichuris trichiura (PRJEB535),protein_coding,trtricprjeb535
TTRE1900,TTRE1900_t1,817,protein_coding,,Trichuris trichiura (PRJEB535),protein_coding,trtricprjeb535
TTRE4238,TTRE4238_t1,247,protein_coding,,Trichuris trichiura (PRJEB535),protein_coding,trtricprjeb535
TTRE10178,TTRE10178_t1,509,protein_coding,,Trichuris trichiura (PRJEB535),protein_coding,trtricprjeb535
TTRE3620,TTRE3620_t1,223,protein_coding,,Trichuris trichiura (PRJEB535),protein_coding,trtricprjeb535
TTRE9567,TTRE9567_t1,209,protein_coding,,Trichuris trichiura (PRJEB535),protein_coding,trtricprjeb535
TTRE3060,TTRE3060_t1,1144,protein_coding,Transmembrane anterior posterior transformation  [Source:UniProtKB/TrEMBL;Acc:A0A077YXD2],Trichuris trichiura (PRJEB535),protein_coding,trtricprjeb535
TTRE6926,TTRE6926_t1,266,protein_coding,Dynein light chain  [Source:UniProtKB/TrEMBL;Acc:A0A077ZJN3],Trichuris trichiura (PRJEB535),protein_coding,trtricprjeb535
TTRE1879,TTRE1879_t1,388,protein_coding,Secreted protein  [Source:UniProtKB/TrEMBL;Acc:A0A077YVV4],Trichuris trichiura (PRJEB535),protein_coding,trtricprjeb535
TTRE1882,TTRE1882_t1,226,protein_coding,,Trichuris trichiura (PRJEB535),protein_coding,trtricprjeb535
TTRE10007,TTRE10007_t1,263,protein_coding,BRISC and BRCA1-A complex member 2  [Source:UniProtKB/TrEMBL;Acc:A0A077Z1L2],Trichuris trichiura (PRJEB535),protein_coding,trtricprjeb535
TTRE5865,TTRE5865_t1,225,protein_coding,,Trichuris trichiura (PRJEB535),protein_coding,trtricprjeb535
TTRE9391,TTRE9391_t1,422,protein_coding,,Trichuris trichiura (PRJEB535),protein_coding,trtricprjeb535
TTRE1763,TTRE1763_t1,1760,protein_coding,,Trichuris trichiura (PRJEB535),protein_coding,trtricprjeb535
TTRE9669,TTRE9669_t1,309,protein_coding,,Trichuris trichiura (PRJEB535),protein_coding,trtricprjeb535
TTRE6739,TTRE6739_t1,380,protein_coding,,Trichuris trichiura (PRJEB535),protein_coding,trtricprjeb535
TTRE9973,TTRE9973_t1,197,protein_coding,Aconitate hydratase  [Source:UniProtKB/TrEMBL;Acc:A0A077YXX9],Trichuris trichiura (PRJEB535),protein_coding,trtricprjeb535
TTRE12262,TTRE12262_t1,278,protein_coding,,Trichuris trichiura (PRJEB535),protein_coding,trtricprjeb535
TTRE5934,TTRE5934_t1,361,protein_coding,,Trichuris trichiura (PRJEB535),protein_coding,trtricprjeb535
TTRE4404,TTRE4404_t1,150,protein_coding,,Trichuris trichiura (PRJEB535),protein_coding,trtricprjeb535
TTRE1007,TTRE1007_t1,240,protein_coding,,Trichuris trichiura (PRJEB535),protein_coding,trtricprjeb535
TTRE6379,TTRE6379_t1,175,protein_coding,,Trichuris trichiura (PRJEB535),protein_coding,trtricprjeb535
TTRE9402,TTRE9402_t1,613,protein_coding,Heat shock protein 90  [Source:UniProtKB/TrEMBL;Acc:A0A077Z1F6],Trichuris trichiura (PRJEB535),protein_coding,trtricprjeb535
TTRE8865,TTRE8865_t1,233,protein_coding,,Trichuris trichiura (PRJEB535),protein_coding,trtricprjeb535
TTRE10176,TTRE10176_t1,278,protein_coding,,Trichuris trichiura (PRJEB535),protein_coding,trtricprjeb535
TTRE5319,TTRE5319_t1,397,protein_coding,Dual specificity mitogen activated protein  [Source:UniProtKB/TrEMBL;Acc:A0A077ZAK0],Trichuris trichiura (PRJEB535),protein_coding,trtricprjeb535
TTRE6107,TTRE6107_t1,1108,protein_coding,,Trichuris trichiura (PRJEB535),protein_coding,trtricprjeb535
TTRE7255,TTRE7255_t1,461,protein_coding,,Trichuris trichiura (PRJEB535),protein_coding,trtricprjeb535
TTRE4005,TTRE4005_t1,184,protein_coding,,Trichuris trichiura (PRJEB535),protein_coding,trtricprjeb535
TTRE4044,TTRE4044_t1,543,protein_coding,oxoglutarate dehydrogenase (succinyl-transferring)  [Source:UniProtKB/TrEMBL;Acc:A0A077YZY7],Trichuris trichiura (PRJEB535),protein_coding,trtricprjeb535
TTRE7303,TTRE7303_t1,380,protein_coding,,Trichuris trichiura (PRJEB535),protein_coding,trtricprjeb535
TTRE9847,TTRE9847_t1,572,protein_coding,,Trichuris trichiura (PRJEB535),protein_coding,trtricprjeb535
TTRE10477,TTRE10477_t1,1433,protein_coding,,Trichuris trichiura (PRJEB535),protein_coding,trtricprjeb535
TTRE3681,TTRE3681_t1,720,protein_coding,,Trichuris trichiura (PRJEB535),protein_coding,trtricprjeb535
TTRE11750,TTRE11750_t1,191,protein_coding,Dihydrolipoamide acetyltransferase component of pyruvate dehydrogenase complex  [Source:UniProtKB/TrEMBL;Acc:A0A077Z2U7],Trichuris trichiura (PRJEB535),protein_coding,trtricprjeb535
TTRE3863,TTRE3863_t1,259,protein_coding,,Trichuris trichiura (PRJEB535),protein_coding,trtricprjeb535
TTRE985,TTRE985_t1,257,protein_coding,,Trichuris trichiura (PRJEB535),protein_coding,trtricprjeb535
TTRE2537,TTRE2537_t1,204,protein_coding,ceramide glucosyltransferase  [Source:UniProtKB/TrEMBL;Acc:A0A077Z6N9],Trichuris trichiura (PRJEB535),protein_coding,trtricprjeb535
TTRE899,TTRE899_t1,494,protein_coding,ATP synthase subunit beta  [Source:UniProtKB/TrEMBL;Acc:A0A077Z3I0],Trichuris trichiura (PRJEB535),protein_coding,trtricprjeb535
TTRE6,TTRE6_t1,287,protein_coding,Replication factor C subunit 4  [Source:UniProtKB/TrEMBL;Acc:A0A077ZDR4],Trichuris trichiura (PRJEB535),protein_coding,trtricprjeb535
TTRE752,TTRE752_t1,250,protein_coding,,Trichuris trichiura (PRJEB535),protein_coding,trtricprjeb535
TTRE12487,TTRE12487_t1,196,protein_coding,,Trichuris trichiura (PRJEB535),protein_coding,trtricprjeb535
TTRE11397,TTRE11397_t1,245,protein_coding,,Trichuris trichiura (PRJEB535),protein_coding,trtricprjeb535
TTRE2229,TTRE2229_t1,1009,protein_coding,Neprilysin 2  [Source:UniProtKB/TrEMBL;Acc:A0A077ZHN7],Trichuris trichiura (PRJEB535),protein_coding,trtricprjeb535
TTRE10990,TTRE10990_t1,1845,protein_coding,,Trichuris trichiura (PRJEB535),protein_coding,trtricprjeb535
TTRE7887,TTRE7887_t1,920,protein_coding,,Trichuris trichiura (PRJEB535),protein_coding,trtricprjeb535
TTRE5760,TTRE5760_t2,482,protein_coding,,Trichuris trichiura (PRJEB535),protein_coding,trtricprjeb535
TTRE9885,TTRE9885_t1,170,protein_coding,,Trichuris trichiura (PRJEB535),protein_coding,trtricprjeb535
TTRE8340,TTRE8340_t1,1397,protein_coding,,Trichuris trichiura (PRJEB535),protein_coding,trtricprjeb535
TTRE5352,TTRE5352_t1,277,protein_coding,,Trichuris trichiura (PRJEB535),protein_coding,trtricprjeb535
TTRE8252,TTRE8252_t1,148,protein_coding,Vacuolar protein sorting associated protein VTA1  [Source:UniProtKB/TrEMBL;Acc:A0A077YVX6],Trichuris trichiura (PRJEB535),protein_coding,trtricprjeb535
TTRE1167,TTRE1167_t1,1154,protein_coding,G protein coupled receptor  [Source:UniProtKB/TrEMBL;Acc:A0A077Z669],Trichuris trichiura (PRJEB535),protein_coding,trtricprjeb535
TTRE9046,TTRE9046_t1,758,protein_coding,,Trichuris trichiura (PRJEB535),protein_coding,trtricprjeb535
TTRE1229,TTRE1229_t1,278,protein_coding,,Trichuris trichiura (PRJEB535),protein_coding,trtricprjeb535
TTRE6770,TTRE6770_t1,326,protein_coding,,Trichuris trichiura (PRJEB535),protein_coding,trtricprjeb535
TTRE10750,TTRE10750_t1,205,protein_coding,,Trichuris trichiura (PRJEB535),protein_coding,trtricprjeb535
TTRE11417,TTRE11417_t1,689,protein_coding,,Trichuris trichiura (PRJEB535),protein_coding,trtricprjeb535
TTRE5234,TTRE5234_t1,212,protein_coding,Tetraspanin  [Source:UniProtKB/TrEMBL;Acc:A0A077ZA51],Trichuris trichiura (PRJEB535),protein_coding,trtricprjeb535
TTRE8077,TTRE8077_t1,1409,protein_coding,,Trichuris trichiura (PRJEB535),protein_coding,trtricprjeb535
TTRE437,TTRE437_t1,288,protein_coding,,Trichuris trichiura (PRJEB535),protein_coding,trtricprjeb535
TTRE4414,TTRE4414_t1,148,protein_coding,,Trichuris trichiura (PRJEB535),protein_coding,trtricprjeb535
TTRE3121,TTRE3121_t1,395,protein_coding,,Trichuris trichiura (PRJEB535),protein_coding,trtricprjeb535
TTRE3784,TTRE3784_t1,312,protein_coding,poly(A)-specific ribonuclease  [Source:UniProtKB/TrEMBL;Acc:A0A077Z210],Trichuris trichiura (PRJEB535),protein_coding,trtricprjeb535
TTRE11259,TTRE11259_t1,233,protein_coding,,Trichuris trichiura (PRJEB535),protein_coding,trtricprjeb535
TTRE1768,TTRE1768_t1,258,protein_coding,,Trichuris trichiura (PRJEB535),protein_coding,trtricprjeb535
TTRE578,TTRE578_t1,671,protein_coding,,Trichuris trichiura (PRJEB535),protein_coding,trtricprjeb535
TTRE2197,TTRE2197_t1,279,protein_coding,,Trichuris trichiura (PRJEB535),protein_coding,trtricprjeb535
TTRE4719,TTRE4719_t1,1157,protein_coding,7 transmembrane receptor  [Source:UniProtKB/TrEMBL;Acc:A0A077Z5N2],Trichuris trichiura (PRJEB535),protein_coding,trtricprjeb535
TTRE5829,TTRE5829_t1,171,protein_coding,,Trichuris trichiura (PRJEB535),protein_coding,trtricprjeb535
TTRE4688,TTRE4688_t1,1199,protein_coding,polynucleotide adenylyltransferase  [Source:UniProtKB/TrEMBL;Acc:A0A077ZCK4],Trichuris trichiura (PRJEB535),protein_coding,trtricprjeb535
TTRE228,TTRE228_t1,364,protein_coding,,Trichuris trichiura (PRJEB535),protein_coding,trtricprjeb535
TTRE7949,TTRE7949_t1,437,protein_coding,,Trichuris trichiura (PRJEB535),protein_coding,trtricprjeb535
TTRE11239,TTRE11239_t1,445,protein_coding,,Trichuris trichiura (PRJEB535),protein_coding,trtricprjeb535
TTRE3344,TTRE3344_t1,234,protein_coding,,Trichuris trichiura (PRJEB535),protein_coding,trtricprjeb535
TTRE6257,TTRE6257_t1,138,protein_coding,,Trichuris trichiura (PRJEB535),protein_coding,trtricprjeb535
TTRE5018,TTRE5018_t1,395,protein_coding,,Trichuris trichiura (PRJEB535),protein_coding,trtricprjeb535
TTRE5571,TTRE5571_t1,1187,protein_coding,CCR4-NOT transcription complex subunit 11  [Source:UniProtKB/TrEMBL;Acc:A0A077YY45],Trichuris trichiura (PRJEB535),protein_coding,trtricprjeb535
TTRE6778,TTRE6778_t1,528,protein_coding,,Trichuris trichiura (PRJEB535),protein_coding,trtricprjeb535
TTRE12224,TTRE12224_t1,780,protein_coding,Tetraspannin domain containing protein  [Source:UniProtKB/TrEMBL;Acc:A0A077ZCM9],Trichuris trichiura (PRJEB535),protein_coding,trtricprjeb535
TTRE2673,TTRE2673_t1,281,protein_coding,,Trichuris trichiura (PRJEB535),protein_coding,trtricprjeb535
TTRE5308,TTRE5308_t1,368,protein_coding,,Trichuris trichiura (PRJEB535),protein_coding,trtricprjeb535
TTRE5221,TTRE5221_t1,167,protein_coding,,Trichuris trichiura (PRJEB535),protein_coding,trtricprjeb535
TTRE12021,TTRE12021_t1,1145,protein_coding,,Trichuris trichiura (PRJEB535),protein_coding,trtricprjeb535
TTRE10143,TTRE10143_t1,281,protein_coding,,Trichuris trichiura (PRJEB535),protein_coding,trtricprjeb535
TTRE9121,TTRE9121_t1,929,protein_coding,NAD-dependent protein deacylase  [Source:UniProtKB/TrEMBL;Acc:A0A077YVL7],Trichuris trichiura (PRJEB535),protein_coding,trtricprjeb535
TTRE7372,TTRE7372_t1,869,protein_coding,Tyrosine-protein kinase Fps85D  [Source:UniProtKB/TrEMBL;Acc:A0A077ZJF0],Trichuris trichiura (PRJEB535),protein_coding,trtricprjeb535
TTRE2811,TTRE2811_t1,1853,protein_coding,,Trichuris trichiura (PRJEB535),protein_coding,trtricprjeb535
TTRE958,TTRE958_t1,263,protein_coding,Enhancer of yellow 2 transcription factor homolog  [Source:UniProtKB/TrEMBL;Acc:A0A077YZL6],Trichuris trichiura (PRJEB535),protein_coding,trtricprjeb535
TTRE12047,TTRE12047_t1,167,protein_coding,Oxidoreductase  [Source:UniProtKB/TrEMBL;Acc:A0A077Z5Q7],Trichuris trichiura (PRJEB535),protein_coding,trtricprjeb535
TTRE11359,TTRE11359_t1,419,protein_coding,,Trichuris trichiura (PRJEB535),protein_coding,trtricprjeb535
TTRE4707,TTRE4707_t1,188,protein_coding,,Trichuris trichiura (PRJEB535),protein_coding,trtricprjeb535
TTRE2080,TTRE2080_t1,880,protein_coding,,Trichuris trichiura (PRJEB535),protein_coding,trtricprjeb535
TTRE10836,TTRE10836_t1,1520,protein_coding,,Trichuris trichiura (PRJEB535),protein_coding,trtricprjeb535
TTRE8790,TTRE8790_t1,452,protein_coding,,Trichuris trichiura (PRJEB535),protein_coding,trtricprjeb535
TTRE9275,TTRE9275_t1,356,protein_coding,,Trichuris trichiura (PRJEB535),protein_coding,trtricprjeb535
TTRE1,TTRE1_t1,196,protein_coding,,Trichuris trichiura (PRJEB535),protein_coding,trtricprjeb535
TTRE8751,TTRE8751_t1,97,protein_coding,,Trichuris trichiura (PRJEB535),protein_coding,trtricprjeb535
TTRE543,TTRE543_t1,626,protein_coding,,Trichuris trichiura (PRJEB535),protein_coding,trtricprjeb535
TTRE7010,TTRE7010_t1,539,protein_coding,,Trichuris trichiura (PRJEB535),protein_coding,trtricprjeb535
TTRE4275,TTRE4275_t1,626,protein_coding,Ankyrin repeat and SOCS box protein 8  [Source:UniProtKB/TrEMBL;Acc:A0A077YYA1],Trichuris trichiura (PRJEB535),protein_coding,trtricprjeb535
TTRE9481,TTRE9481_t1,199,protein_coding,,Trichuris trichiura (PRJEB535),protein_coding,trtricprjeb535
TTRE7443,TTRE7443_t1,701,protein_coding,,Trichuris trichiura (PRJEB535),protein_coding,trtricprjeb535
TTRE3010,TTRE3010_t1,768,protein_coding,,Trichuris trichiura (PRJEB535),protein_coding,trtricprjeb535
TTRE5479,TTRE5479_t1,283,protein_coding,,Trichuris trichiura (PRJEB535),protein_coding,trtricprjeb535
TTRE10720,TTRE10720_t1,2389,protein_coding,,Trichuris trichiura (PRJEB535),protein_coding,trtricprjeb535
TTRE8964,TTRE8964_t1,533,protein_coding,,Trichuris trichiura (PRJEB535),protein_coding,trtricprjeb535
TTRE10719,TTRE10719_t1,804,protein_coding,,Trichuris trichiura (PRJEB535),protein_coding,trtricprjeb535
TTRE7484,TTRE7484_t1,558,protein_coding,,Trichuris trichiura (PRJEB535),protein_coding,trtricprjeb535
TTRE11083,TTRE11083_t1,1160,protein_coding,,Trichuris trichiura (PRJEB535),protein_coding,trtricprjeb535
TTRE3364,TTRE3364_t1,346,protein_coding,RING-type E3 ubiquitin transferase  [Source:UniProtKB/TrEMBL;Acc:A0A077ZIX9],Trichuris trichiura (PRJEB535),protein_coding,trtricprjeb535
TTRE10647,TTRE10647_t1,2426,protein_coding,,Trichuris trichiura (PRJEB535),protein_coding,trtricprjeb535
TTRE234,TTRE234_t1,710,protein_coding,,Trichuris trichiura (PRJEB535),protein_coding,trtricprjeb535
TTRE12272,TTRE12272_t1,2297,protein_coding,,Trichuris trichiura (PRJEB535),protein_coding,trtricprjeb535
TTRE1398,TTRE1398_t1,235,protein_coding,18S rRNA aminocarboxypropyltransferase  [Source:UniProtKB/TrEMBL;Acc:A0A077Z7U5],Trichuris trichiura (PRJEB535),protein_coding,trtricprjeb535
TTRE2204,TTRE2204_t1,234,protein_coding,,Trichuris trichiura (PRJEB535),protein_coding,trtricprjeb535
TTRE4607,TTRE4607_t1,335,protein_coding,,Trichuris trichiura (PRJEB535),protein_coding,trtricprjeb535
TTRE7611,TTRE7611_t1,329,protein_coding,,Trichuris trichiura (PRJEB535),protein_coding,trtricprjeb535
TTRE8882,TTRE8882_t1,305,protein_coding,,Trichuris trichiura (PRJEB535),protein_coding,trtricprjeb535
TTRE7653,TTRE7653_t1,389,protein_coding,,Trichuris trichiura (PRJEB535),protein_coding,trtricprjeb535
TTRE6335,TTRE6335_t1,245,protein_coding,Transmembrane protein 230  [Source:UniProtKB/TrEMBL;Acc:A0A077Z1J0],Trichuris trichiura (PRJEB535),protein_coding,trtricprjeb535
TTRE10669,TTRE10669_t1,488,protein_coding,,Trichuris trichiura (PRJEB535),protein_coding,trtricprjeb535
TTRE2162,TTRE2162_t1,980,protein_coding,EF-hand 4 domain containing protein  [Source:UniProtKB/TrEMBL;Acc:A0A077Z8S2],Trichuris trichiura (PRJEB535),protein_coding,trtricprjeb535
TTRE4555,TTRE4555_t1,625,protein_coding,Eukaryotic translation initiation factor 4  [Source:UniProtKB/TrEMBL;Acc:A0A077ZIG8],Trichuris trichiura (PRJEB535),protein_coding,trtricprjeb535
TTRE12375,TTRE12375_t1,602,protein_coding,,Trichuris trichiura (PRJEB535),protein_coding,trtricprjeb535
TTRE3288,TTRE3288_t1,1128,protein_coding,,Trichuris trichiura (PRJEB535),protein_coding,trtricprjeb535
TTRE8604,TTRE8604_t1,292,protein_coding,Ly-6 related domain containing protein  [Source:UniProtKB/TrEMBL;Acc:A0A077YYV1],Trichuris trichiura (PRJEB535),protein_coding,trtricprjeb535
TTRE4189,TTRE4189_t1,217,protein_coding,,Trichuris trichiura (PRJEB535),protein_coding,trtricprjeb535
TTRE8471,TTRE8471_t1,176,protein_coding,,Trichuris trichiura (PRJEB535),protein_coding,trtricprjeb535
TTRE6079,TTRE6079_t1,746,protein_coding,7TM GPCR Srsx domain containing protein  [Source:UniProtKB/TrEMBL;Acc:A0A077Z0Y2],Trichuris trichiura (PRJEB535),protein_coding,trtricprjeb535
TTRE8867,TTRE8867_t1,680,protein_coding,Ras protein Rab 28  [Source:UniProtKB/TrEMBL;Acc:A0A077ZAE3],Trichuris trichiura (PRJEB535),protein_coding,trtricprjeb535
TTRE4003,TTRE4003_t1,583,protein_coding,,Trichuris trichiura (PRJEB535),protein_coding,trtricprjeb535
TTRE11014,TTRE11014_t1,600,protein_coding,,Trichuris trichiura (PRJEB535),protein_coding,trtricprjeb535
TTRE12662,TTRE12662_t1,566,protein_coding,,Trichuris trichiura (PRJEB535),protein_coding,trtricprjeb535
TTRE6137,TTRE6137_t1,482,protein_coding,,Trichuris trichiura (PRJEB535),protein_coding,trtricprjeb535
TTRE12346,TTRE12346_t1,296,protein_coding,,Trichuris trichiura (PRJEB535),protein_coding,trtricprjeb535
TTRE9342,TTRE9342_t1,2366,protein_coding,,Trichuris trichiura (PRJEB535),protein_coding,trtricprjeb535
TTRE6081,TTRE6081_t1,194,protein_coding,,Trichuris trichiura (PRJEB535),protein_coding,trtricprjeb535
TTRE643,TTRE643_t1,298,protein_coding,EST1 DNA bind and PIN 4 domain containing protein  [Source:UniProtKB/TrEMBL;Acc:A0A077ZBV4],Trichuris trichiura (PRJEB535),protein_coding,trtricprjeb535
TTRE1695,TTRE1695_t1,129,protein_coding,,Trichuris trichiura (PRJEB535),protein_coding,trtricprjeb535
TTRE2689,TTRE2689_t1,357,protein_coding,,Trichuris trichiura (PRJEB535),protein_coding,trtricprjeb535
TTRE11518,TTRE11518_t1,712,protein_coding,,Trichuris trichiura (PRJEB535),protein_coding,trtricprjeb535
TTRE791,TTRE791_t1,651,protein_coding,,Trichuris trichiura (PRJEB535),protein_coding,trtricprjeb535
TTRE128,TTRE128_t1,206,protein_coding,PKD channel domain containing protein  [Source:UniProtKB/TrEMBL;Acc:A0A077ZFT1],Trichuris trichiura (PRJEB535),protein_coding,trtricprjeb535
TTRE9417,TTRE9417_t1,666,protein_coding,,Trichuris trichiura (PRJEB535),protein_coding,trtricprjeb535
TTRE3092,TTRE3092_t2,304,protein_coding,,Trichuris trichiura (PRJEB535),protein_coding,trtricprjeb535
TTRE3115,TTRE3115_t1,1090,protein_coding,Dymeclin domain containing protein  [Source:UniProtKB/TrEMBL;Acc:A0A077YYY6],Trichuris trichiura (PRJEB535),protein_coding,trtricprjeb535
TTRE6349,TTRE6349_t1,357,protein_coding,,Trichuris trichiura (PRJEB535),protein_coding,trtricprjeb535
TTRE10180,TTRE10180_t1,281,protein_coding,,Trichuris trichiura (PRJEB535),protein_coding,trtricprjeb535
TTRE4852,TTRE4852_t1,258,protein_coding,,Trichuris trichiura (PRJEB535),protein_coding,trtricprjeb535
TTRE7587,TTRE7587_t1,1136,protein_coding,,Trichuris trichiura (PRJEB535),protein_coding,trtricprjeb535
TTRE9795,TTRE9795_t1,226,protein_coding,,Trichuris trichiura (PRJEB535),protein_coding,trtricprjeb535
TTRE8732,TTRE8732_t1,2000,protein_coding,,Trichuris trichiura (PRJEB535),protein_coding,trtricprjeb535
TTRE983,TTRE983_t1,210,protein_coding,TUDOR domain containing protein  [Source:UniProtKB/TrEMBL;Acc:A0A077Z5V4],Trichuris trichiura (PRJEB535),protein_coding,trtricprjeb535
TTRE9523,TTRE9523_t1,204,protein_coding,mitogen-activated protein kinase  [Source:UniProtKB/TrEMBL;Acc:A0A077ZCP4],Trichuris trichiura (PRJEB535),protein_coding,trtricprjeb535
TTRE3379,TTRE3379_t1,222,protein_coding,,Trichuris trichiura (PRJEB535),protein_coding,trtricprjeb535
TTRE1665,TTRE1665_t1,135,protein_coding,Transcription elongation factor 1 homolog  [Source:UniProtKB/TrEMBL;Acc:A0A077ZA21],Trichuris trichiura (PRJEB535),protein_coding,trtricprjeb535
TTRE10368,TTRE10368_t1,785,protein_coding,,Trichuris trichiura (PRJEB535),protein_coding,trtricprjeb535
TTRE11569,TTRE11569_t1,215,protein_coding,,Trichuris trichiura (PRJEB535),protein_coding,trtricprjeb535
TTRE10954,TTRE10954_t1,4001,protein_coding,,Trichuris trichiura (PRJEB535),protein_coding,trtricprjeb535
TTRE7051,TTRE7051_t1,833,protein_coding,Gag_p30 domain-containing protein  [Source:UniProtKB/TrEMBL;Acc:A0A077ZNU8],Trichuris trichiura (PRJEB535),protein_coding,trtricprjeb535
TTRE586,TTRE586_t1,238,protein_coding,,Trichuris trichiura (PRJEB535),protein_coding,trtricprjeb535
TTRE5058,TTRE5058_t1,218,protein_coding,Histone acetyltransferase type B catalytic subunit  [Source:UniProtKB/TrEMBL;Acc:A0A077Z847],Trichuris trichiura (PRJEB535),protein_coding,trtricprjeb535
TTRE9231,TTRE9231_t1,515,protein_coding,,Trichuris trichiura (PRJEB535),protein_coding,trtricprjeb535
TTRE356,TTRE356_t1,207,protein_coding,,Trichuris trichiura (PRJEB535),protein_coding,trtricprjeb535
TTRE10156,TTRE10156_t1,717,protein_coding,,Trichuris trichiura (PRJEB535),protein_coding,trtricprjeb535
TTRE12100,TTRE12100_t1,195,protein_coding,,Trichuris trichiura (PRJEB535),protein_coding,trtricprjeb535
TTRE10923,TTRE10923_t1,2400,protein_coding,,Trichuris trichiura (PRJEB535),protein_coding,trtricprjeb535
TTRE6468,TTRE6468_t1,161,protein_coding,,Trichuris trichiura (PRJEB535),protein_coding,trtricprjeb535
TTRE1781,TTRE1781_t1,246,protein_coding,,Trichuris trichiura (PRJEB535),protein_coding,trtricprjeb535
TTRE2363,TTRE2363_t1,304,protein_coding,phosphopyruvate hydratase  [Source:UniProtKB/TrEMBL;Acc:A0A077YX57],Trichuris trichiura (PRJEB535),protein_coding,trtricprjeb535
TTRE10049,TTRE10049_t1,1148,protein_coding,Forkhead box protein G1  [Source:UniProtKB/TrEMBL;Acc:A0A077YWV4],Trichuris trichiura (PRJEB535),protein_coding,trtricprjeb535
TTRE984,TTRE984_t1,519,protein_coding,,Trichuris trichiura (PRJEB535),protein_coding,trtricprjeb535
TTRE1063,TTRE1063_t1,455,protein_coding,,Trichuris trichiura (PRJEB535),protein_coding,trtricprjeb535
TTRE11221,TTRE11221_t1,512,protein_coding,,Trichuris trichiura (PRJEB535),protein_coding,trtricprjeb535
TTRE2150,TTRE2150_t1,404,protein_coding,,Trichuris trichiura (PRJEB535),protein_coding,trtricprjeb535
TTRE11454,TTRE11454_t1,497,protein_coding,,Trichuris trichiura (PRJEB535),protein_coding,trtricprjeb535
TTRE9947,TTRE9947_t1,210,protein_coding,,Trichuris trichiura (PRJEB535),protein_coding,trtricprjeb535
TTRE2618,TTRE2618_t1,593,protein_coding,,Trichuris trichiura (PRJEB535),protein_coding,trtricprjeb535
TTRE11968,TTRE11968_t1,2099,protein_coding,,Trichuris trichiura (PRJEB535),protein_coding,trtricprjeb535
TTRE10271,TTRE10271_t1,607,protein_coding,,Trichuris trichiura (PRJEB535),protein_coding,trtricprjeb535
TTRE2633,TTRE2633_t1,1422,protein_coding,CCR4 NOT transcription complex subunit 1  [Source:UniProtKB/TrEMBL;Acc:A0A077YYB2],Trichuris trichiura (PRJEB535),protein_coding,trtricprjeb535
TTRE2657,TTRE2657_t1,421,protein_coding,TraB domain containing protein  [Source:UniProtKB/TrEMBL;Acc:A0A077ZAV4],Trichuris trichiura (PRJEB535),protein_coding,trtricprjeb535
TTRE5544,TTRE5544_t1,1045,protein_coding,PHD-type domain-containing protein  [Source:UniProtKB/TrEMBL;Acc:A0A077ZD30],Trichuris trichiura (PRJEB535),protein_coding,trtricprjeb535
TTRE376,TTRE376_t1,719,protein_coding,Ribosome recycling factor  [Source:UniProtKB/TrEMBL;Acc:A0A077YXC8],Trichuris trichiura (PRJEB535),protein_coding,trtricprjeb535
TTRE10859,TTRE10859_t1,1340,protein_coding,,Trichuris trichiura (PRJEB535),protein_coding,trtricprjeb535
TTRE4541,TTRE4541_t1,761,protein_coding,Chromo domain containing protein  [Source:UniProtKB/TrEMBL;Acc:A0A077ZF26],Trichuris trichiura (PRJEB535),protein_coding,trtricprjeb535
TTRE3209,TTRE3209_t1,936,protein_coding,,Trichuris trichiura (PRJEB535),protein_coding,trtricprjeb535
TTRE10077,TTRE10077_t1,443,protein_coding,,Trichuris trichiura (PRJEB535),protein_coding,trtricprjeb535
TTRE7543,TTRE7543_t1,626,protein_coding,,Trichuris trichiura (PRJEB535),protein_coding,trtricprjeb535
TTRE11370,TTRE11370_t1,240,protein_coding,Transporter  [Source:UniProtKB/TrEMBL;Acc:A0A077Z5Q8],Trichuris trichiura (PRJEB535),protein_coding,trtricprjeb535
TTRE812,TTRE812_t1,230,protein_coding,Serine/threonine-protein kinase RIO1  [Source:UniProtKB/TrEMBL;Acc:A0A077ZDV5],Trichuris trichiura (PRJEB535),protein_coding,trtricprjeb535
TTRE9532,TTRE9532_t1,313,protein_coding,Kinase  [Source:UniProtKB/TrEMBL;Acc:A0A077ZGE0],Trichuris trichiura (PRJEB535),protein_coding,trtricprjeb535
TTRE4857,TTRE4857_t1,337,protein_coding,Cyclin dependent kinase 16  [Source:UniProtKB/TrEMBL;Acc:A0A077YXR6],Trichuris trichiura (PRJEB535),protein_coding,trtricprjeb535
TTRE2178,TTRE2178_t1,446,protein_coding,Serum response factor binding protein 1  [Source:UniProtKB/TrEMBL;Acc:A0A077ZDK9],Trichuris trichiura (PRJEB535),protein_coding,trtricprjeb535
TTRE7157,TTRE7157_t1,887,protein_coding,,Trichuris trichiura (PRJEB535),protein_coding,trtricprjeb535
TTRE9686,TTRE9686_t1,336,protein_coding,,Trichuris trichiura (PRJEB535),protein_coding,trtricprjeb535
TTRE9564,TTRE9564_t1,281,protein_coding,,Trichuris trichiura (PRJEB535),protein_coding,trtricprjeb535
TTRE3270,TTRE3270_t1,941,protein_coding,Pkinase domain containing protein  [Source:UniProtKB/TrEMBL;Acc:A0A077ZFE9],Trichuris trichiura (PRJEB535),protein_coding,trtricprjeb535
TTRE11592,TTRE11592_t1,254,protein_coding,,Trichuris trichiura (PRJEB535),protein_coding,trtricprjeb535
TTRE9843,TTRE9843_t1,269,protein_coding,,Trichuris trichiura (PRJEB535),protein_coding,trtricprjeb535
TTRE9571,TTRE9571_t1,162,protein_coding,,Trichuris trichiura (PRJEB535),protein_coding,trtricprjeb535
TTRE3257,TTRE3257_t1,1269,protein_coding,"Protein EMB 9, a  [Source:UniProtKB/TrEMBL;Acc:A0A077YZN4]",Trichuris trichiura (PRJEB535),protein_coding,trtricprjeb535
TTRE12644,TTRE12644_t1,740,protein_coding,,Trichuris trichiura (PRJEB535),protein_coding,trtricprjeb535
TTRE6773,TTRE6773_t1,2248,protein_coding,,Trichuris trichiura (PRJEB535),protein_coding,trtricprjeb535
TTRE5718,TTRE5718_t1,227,protein_coding,non-specific serine/threonine protein kinase  [Source:UniProtKB/TrEMBL;Acc:A0A077Z9E9],Trichuris trichiura (PRJEB535),protein_coding,trtricprjeb535
TTRE6888,TTRE6888_t1,867,protein_coding,,Trichuris trichiura (PRJEB535),protein_coding,trtricprjeb535
TTRE597,TTRE597_t1,656,protein_coding,,Trichuris trichiura (PRJEB535),protein_coding,trtricprjeb535
TTRE2254,TTRE2254_t1,363,protein_coding,,Trichuris trichiura (PRJEB535),protein_coding,trtricprjeb535
TTRE5052,TTRE5052_t1,430,protein_coding,,Trichuris trichiura (PRJEB535),protein_coding,trtricprjeb535
TTRE8264,TTRE8264_t1,390,protein_coding,,Trichuris trichiura (PRJEB535),protein_coding,trtricprjeb535
TTRE3630,TTRE3630_t1,207,protein_coding,,Trichuris trichiura (PRJEB535),protein_coding,trtricprjeb535
TTRE10698,TTRE10698_t1,503,protein_coding,,Trichuris trichiura (PRJEB535),protein_coding,trtricprjeb535
TTRE3077,TTRE3077_t1,172,protein_coding,NADH-cytochrome b5 reductase  [Source:UniProtKB/TrEMBL;Acc:A0A077Z9T5],Trichuris trichiura (PRJEB535),protein_coding,trtricprjeb535
TTRE10347,TTRE10347_t1,127,protein_coding,,Trichuris trichiura (PRJEB535),protein_coding,trtricprjeb535
TTRE11247,TTRE11247_t1,223,protein_coding,,Trichuris trichiura (PRJEB535),protein_coding,trtricprjeb535
TTRE10664,TTRE10664_t1,177,protein_coding,,Trichuris trichiura (PRJEB535),protein_coding,trtricprjeb535
TTRE11780,TTRE11780_t1,209,protein_coding,,Trichuris trichiura (PRJEB535),protein_coding,trtricprjeb535
TTRE8413,TTRE8413_t1,127,protein_coding,,Trichuris trichiura (PRJEB535),protein_coding,trtricprjeb535
TTRE10473,TTRE10473_t1,150,protein_coding,,Trichuris trichiura (PRJEB535),protein_coding,trtricprjeb535
TTRE6711,TTRE6711_t1,1532,protein_coding,,Trichuris trichiura (PRJEB535),protein_coding,trtricprjeb535
TTRE10834,TTRE10834_t1,163,protein_coding,,Trichuris trichiura (PRJEB535),protein_coding,trtricprjeb535
TTRE1703,TTRE1703_t1,354,protein_coding,,Trichuris trichiura (PRJEB535),protein_coding,trtricprjeb535
TTRE5959,TTRE5959_t1,149,protein_coding,,Trichuris trichiura (PRJEB535),protein_coding,trtricprjeb535
TTRE1069,TTRE1069_t1,133,protein_coding,Splicing factor U2AF 35 kDa subunit  [Source:UniProtKB/TrEMBL;Acc:A0A077Z444],Trichuris trichiura (PRJEB535),protein_coding,trtricprjeb535
TTRE2943,TTRE2943_t1,1550,protein_coding,,Trichuris trichiura (PRJEB535),protein_coding,trtricprjeb535
TTRE186,TTRE186_t2,485,protein_coding,,Trichuris trichiura (PRJEB535),protein_coding,trtricprjeb535
TTRE6337,TTRE6337_t1,495,protein_coding,CD2 antigen cytoplasmic tail binding protein 2  [Source:UniProtKB/TrEMBL;Acc:A0A077Z2I6],Trichuris trichiura (PRJEB535),protein_coding,trtricprjeb535
TTRE12479,TTRE12479_t1,176,protein_coding,,Trichuris trichiura (PRJEB535),protein_coding,trtricprjeb535
TTRE10135,TTRE10135_t1,242,protein_coding,,Trichuris trichiura (PRJEB535),protein_coding,trtricprjeb535
TTRE3032,TTRE3032_t1,187,protein_coding,Guanine nucleotide binding protein G(O) subunit  [Source:UniProtKB/TrEMBL;Acc:A0A077ZAU3],Trichuris trichiura (PRJEB535),protein_coding,trtricprjeb535
TTRE11139,TTRE11139_t1,486,protein_coding,,Trichuris trichiura (PRJEB535),protein_coding,trtricprjeb535
TTRE975,TTRE975_t1,791,protein_coding,,Trichuris trichiura (PRJEB535),protein_coding,trtricprjeb535
TTRE6900,TTRE6900_t1,1529,protein_coding,,Trichuris trichiura (PRJEB535),protein_coding,trtricprjeb535
TTRE7060,TTRE7060_t1,257,protein_coding,,Trichuris trichiura (PRJEB535),protein_coding,trtricprjeb535
TTRE9577,TTRE9577_t1,311,protein_coding,Pre-rRNA-processing protein TSR2 homolog  [Source:UniProtKB/TrEMBL;Acc:A0A077ZH19],Trichuris trichiura (PRJEB535),protein_coding,trtricprjeb535
TTRE3632,TTRE3632_t1,235,protein_coding,,Trichuris trichiura (PRJEB535),protein_coding,trtricprjeb535
TTRE1730,TTRE1730_t1,434,protein_coding,,Trichuris trichiura (PRJEB535),protein_coding,trtricprjeb535
TTRE690,TTRE690_t1,1421,protein_coding,,Trichuris trichiura (PRJEB535),protein_coding,trtricprjeb535
TTRE11369,TTRE11369_t1,431,protein_coding,,Trichuris trichiura (PRJEB535),protein_coding,trtricprjeb535
TTRE10672,TTRE10672_t1,326,protein_coding,,Trichuris trichiura (PRJEB535),protein_coding,trtricprjeb535
TTRE8510,TTRE8510_t1,673,protein_coding,,Trichuris trichiura (PRJEB535),protein_coding,trtricprjeb535
TTRE10775,TTRE10775_t1,548,protein_coding,,Trichuris trichiura (PRJEB535),protein_coding,trtricprjeb535
TTRE6556,TTRE6556_t1,349,protein_coding,,Trichuris trichiura (PRJEB535),protein_coding,trtricprjeb535
TTRE3962,TTRE3962_t1,208,protein_coding,Peptidase M23 domain containing protein  [Source:UniProtKB/TrEMBL;Acc:A0A077Z342],Trichuris trichiura (PRJEB535),protein_coding,trtricprjeb535
TTRE8691,TTRE8691_t1,1142,protein_coding,,Trichuris trichiura (PRJEB535),protein_coding,trtricprjeb535
TTRE3660,TTRE3660_t1,212,protein_coding,,Trichuris trichiura (PRJEB535),protein_coding,trtricprjeb535
TTRE10097,TTRE10097_t1,485,protein_coding,,Trichuris trichiura (PRJEB535),protein_coding,trtricprjeb535
TTRE6493,TTRE6493_t1,123,protein_coding,,Trichuris trichiura (PRJEB535),protein_coding,trtricprjeb535
TTRE825,TTRE825_t1,193,protein_coding,,Trichuris trichiura (PRJEB535),protein_coding,trtricprjeb535
TTRE3744,TTRE3744_t1,485,protein_coding,,Trichuris trichiura (PRJEB535),protein_coding,trtricprjeb535
TTRE2439,TTRE2439_t1,260,protein_coding,,Trichuris trichiura (PRJEB535),protein_coding,trtricprjeb535
TTRE11508,TTRE11508_t1,525,protein_coding,,Trichuris trichiura (PRJEB535),protein_coding,trtricprjeb535
TTRE5417,TTRE5417_t1,1007,protein_coding,Forkhead box protein F1  [Source:UniProtKB/TrEMBL;Acc:A0A077Z429],Trichuris trichiura (PRJEB535),protein_coding,trtricprjeb535
TTRE7302,TTRE7302_t1,261,protein_coding,,Trichuris trichiura (PRJEB535),protein_coding,trtricprjeb535
TTRE7703,TTRE7703_t1,635,protein_coding,,Trichuris trichiura (PRJEB535),protein_coding,trtricprjeb535
TTRE5671,TTRE5671_t1,1808,protein_coding,,Trichuris trichiura (PRJEB535),protein_coding,trtricprjeb535
TTRE2712,TTRE2712_t1,1470,protein_coding,,Trichuris trichiura (PRJEB535),protein_coding,trtricprjeb535
TTRE1098,TTRE1098_t1,368,protein_coding,,Trichuris trichiura (PRJEB535),protein_coding,trtricprjeb535
TTRE11512,TTRE11512_t1,135,protein_coding,Ubiquitin modifier activating enzyme 5  [Source:UniProtKB/TrEMBL;Acc:A0A077Z3R3],Trichuris trichiura (PRJEB535),protein_coding,trtricprjeb535
TTRE338,TTRE338_t1,164,protein_coding,,Trichuris trichiura (PRJEB535),protein_coding,trtricprjeb535
TTRE9595,TTRE9595_t1,998,protein_coding,,Trichuris trichiura (PRJEB535),protein_coding,trtricprjeb535
TTRE12142,TTRE12142_t1,1067,protein_coding,,Trichuris trichiura (PRJEB535),protein_coding,trtricprjeb535
TTRE12430,TTRE12430_t1,1981,protein_coding,,Trichuris trichiura (PRJEB535),protein_coding,trtricprjeb535
TTRE5867,TTRE5867_t1,709,protein_coding,DUF1713 domain-containing protein  [Source:UniProtKB/TrEMBL;Acc:A0A077ZEA7],Trichuris trichiura (PRJEB535),protein_coding,trtricprjeb535
TTRE10936,TTRE10936_t1,422,protein_coding,,Trichuris trichiura (PRJEB535),protein_coding,trtricprjeb535
TTRE2425,TTRE2425_t1,335,protein_coding,,Trichuris trichiura (PRJEB535),protein_coding,trtricprjeb535
TTRE4938,TTRE4938_t1,463,protein_coding,,Trichuris trichiura (PRJEB535),protein_coding,trtricprjeb535
TTRE1134,TTRE1134_t1,237,protein_coding,,Trichuris trichiura (PRJEB535),protein_coding,trtricprjeb535
TTRE1057,TTRE1057_t1,270,protein_coding,,Trichuris trichiura (PRJEB535),protein_coding,trtricprjeb535
TTRE5929,TTRE5929_t1,604,protein_coding,,Trichuris trichiura (PRJEB535),protein_coding,trtricprjeb535
TTRE313,TTRE313_t1,261,protein_coding,,Trichuris trichiura (PRJEB535),protein_coding,trtricprjeb535
TTRE8966,TTRE8966_t1,588,protein_coding,,Trichuris trichiura (PRJEB535),protein_coding,trtricprjeb535
TTRE7683,TTRE7683_t1,1310,protein_coding,Nuclear protein MDM1  [Source:UniProtKB/TrEMBL;Acc:A0A077Z0N9],Trichuris trichiura (PRJEB535),protein_coding,trtricprjeb535
TTRE7088,TTRE7088_t1,483,protein_coding,,Trichuris trichiura (PRJEB535),protein_coding,trtricprjeb535
TTRE3370,TTRE3370_t1,412,protein_coding,,Trichuris trichiura (PRJEB535),protein_coding,trtricprjeb535
TTRE6795,TTRE6795_t1,914,protein_coding,,Trichuris trichiura (PRJEB535),protein_coding,trtricprjeb535
TTRE2328,TTRE2328_t1,277,protein_coding,,Trichuris trichiura (PRJEB535),protein_coding,trtricprjeb535
TTRE5835,TTRE5835_t1,306,protein_coding,Large neutral amino acids transporter small  [Source:UniProtKB/TrEMBL;Acc:A0A077ZAF6],Trichuris trichiura (PRJEB535),protein_coding,trtricprjeb535
TTRE8785,TTRE8785_t1,396,protein_coding,DNA replication licensing factor MCM5  [Source:UniProtKB/TrEMBL;Acc:A0A077Z5S3],Trichuris trichiura (PRJEB535),protein_coding,trtricprjeb535
TTRE10928,TTRE10928_t1,392,protein_coding,,Trichuris trichiura (PRJEB535),protein_coding,trtricprjeb535
TTRE9158,TTRE9158_t1,833,protein_coding,GCS light chain  [Source:UniProtKB/TrEMBL;Acc:A0A077YWQ1],Trichuris trichiura (PRJEB535),protein_coding,trtricprjeb535
TTRE5830,TTRE5830_t1,278,protein_coding,,Trichuris trichiura (PRJEB535),protein_coding,trtricprjeb535
TTRE2517,TTRE2517_t1,173,protein_coding,,Trichuris trichiura (PRJEB535),protein_coding,trtricprjeb535
TTRE12654,TTRE12654_t1,410,protein_coding,,Trichuris trichiura (PRJEB535),protein_coding,trtricprjeb535
TTRE8232,TTRE8232_t1,1524,protein_coding,,Trichuris trichiura (PRJEB535),protein_coding,trtricprjeb535
TTRE3925,TTRE3925_t1,188,protein_coding,,Trichuris trichiura (PRJEB535),protein_coding,trtricprjeb535
TTRE10372,TTRE10372_t1,1829,protein_coding,,Trichuris trichiura (PRJEB535),protein_coding,trtricprjeb535
TTRE2320,TTRE2320_t1,210,protein_coding,,Trichuris trichiura (PRJEB535),protein_coding,trtricprjeb535
TTRE9079,TTRE9079_t1,1911,protein_coding,,Trichuris trichiura (PRJEB535),protein_coding,trtricprjeb535
TTRE10810,TTRE10810_t1,258,protein_coding,,Trichuris trichiura (PRJEB535),protein_coding,trtricprjeb535
TTRE8376,TTRE8376_t1,485,protein_coding,,Trichuris trichiura (PRJEB535),protein_coding,trtricprjeb535
TTRE10689,TTRE10689_t1,980,protein_coding,,Trichuris trichiura (PRJEB535),protein_coding,trtricprjeb535
TTRE1317,TTRE1317_t1,271,protein_coding,,Trichuris trichiura (PRJEB535),protein_coding,trtricprjeb535
TTRE7558,TTRE7558_t1,1001,protein_coding,,Trichuris trichiura (PRJEB535),protein_coding,trtricprjeb535
TTRE9118,TTRE9118_t1,243,protein_coding,,Trichuris trichiura (PRJEB535),protein_coding,trtricprjeb535
TTRE1506,TTRE1506_t1,190,protein_coding,,Trichuris trichiura (PRJEB535),protein_coding,trtricprjeb535
TTRE2814,TTRE2814_t1,203,protein_coding,Calcium uniporter protein  [Source:UniProtKB/TrEMBL;Acc:A0A077Z0P6],Trichuris trichiura (PRJEB535),protein_coding,trtricprjeb535
TTRE6901,TTRE6901_t1,728,protein_coding,,Trichuris trichiura (PRJEB535),protein_coding,trtricprjeb535
TTRE7596,TTRE7596_t1,359,protein_coding,40S ribosomal protein S26  [Source:UniProtKB/TrEMBL;Acc:A0A077Z6A9],Trichuris trichiura (PRJEB535),protein_coding,trtricprjeb535
TTRE1514,TTRE1514_t1,419,protein_coding,,Trichuris trichiura (PRJEB535),protein_coding,trtricprjeb535
TTRE10774,TTRE10774_t1,1778,protein_coding,,Trichuris trichiura (PRJEB535),protein_coding,trtricprjeb535
TTRE4792,TTRE4792_t1,153,protein_coding,,Trichuris trichiura (PRJEB535),protein_coding,trtricprjeb535
TTRE2370,TTRE2370_t1,122,protein_coding,Ras protein Rab 26  [Source:UniProtKB/TrEMBL;Acc:A0A077Z726],Trichuris trichiura (PRJEB535),protein_coding,trtricprjeb535
TTRE9522,TTRE9522_t1,143,protein_coding,,Trichuris trichiura (PRJEB535),protein_coding,trtricprjeb535
TTRE8602,TTRE8602_t1,683,protein_coding,,Trichuris trichiura (PRJEB535),protein_coding,trtricprjeb535
TTRE6474,TTRE6474_t1,174,protein_coding,,Trichuris trichiura (PRJEB535),protein_coding,trtricprjeb535
TTRE2394,TTRE2394_t1,919,protein_coding,,Trichuris trichiura (PRJEB535),protein_coding,trtricprjeb535
TTRE3716,TTRE3716_t1,185,protein_coding,,Trichuris trichiura (PRJEB535),protein_coding,trtricprjeb535
TTRE7843,TTRE7843_t1,446,protein_coding,,Trichuris trichiura (PRJEB535),protein_coding,trtricprjeb535
TTRE8886,TTRE8886_t1,439,protein_coding,,Trichuris trichiura (PRJEB535),protein_coding,trtricprjeb535
TTRE642,TTRE642_t1,161,protein_coding,,Trichuris trichiura (PRJEB535),protein_coding,trtricprjeb535
TTRE9404,TTRE9404_t1,813,protein_coding,NAD dependent ADP ribosyltransferase sirtuin 4  [Source:UniProtKB/TrEMBL;Acc:A0A077Z6L0],Trichuris trichiura (PRJEB535),protein_coding,trtricprjeb535
TTRE9737,TTRE9737_t1,182,protein_coding,,Trichuris trichiura (PRJEB535),protein_coding,trtricprjeb535
TTRE5007,TTRE5007_t1,1397,protein_coding,C2H2-type domain-containing protein  [Source:UniProtKB/TrEMBL;Acc:A0A077ZH93],Trichuris trichiura (PRJEB535),protein_coding,trtricprjeb535
TTRE6560,TTRE6560_t1,296,protein_coding,,Trichuris trichiura (PRJEB535),protein_coding,trtricprjeb535
TTRE4320,TTRE4320_t1,180,protein_coding,,Trichuris trichiura (PRJEB535),protein_coding,trtricprjeb535
TTRE9265,TTRE9265_t1,1061,protein_coding,,Trichuris trichiura (PRJEB535),protein_coding,trtricprjeb535
TTRE3299,TTRE3299_t2,316,protein_coding,DNA-directed RNA polymerase  [Source:UniProtKB/TrEMBL;Acc:A0A077ZEQ3],Trichuris trichiura (PRJEB535),protein_coding,trtricprjeb535
TTRE7154,TTRE7154_t1,1791,protein_coding,,Trichuris trichiura (PRJEB535),protein_coding,trtricprjeb535
TTRE12170,TTRE12170_t1,826,protein_coding,Innexin  [Source:UniProtKB/TrEMBL;Acc:A0A077Z654],Trichuris trichiura (PRJEB535),protein_coding,trtricprjeb535
TTRE132,TTRE132_t1,302,protein_coding,,Trichuris trichiura (PRJEB535),protein_coding,trtricprjeb535
TTRE381,TTRE381_t1,215,protein_coding,,Trichuris trichiura (PRJEB535),protein_coding,trtricprjeb535
TTRE663,TTRE663_t1,2254,protein_coding,,Trichuris trichiura (PRJEB535),protein_coding,trtricprjeb535
TTRE8897,TTRE8897_t1,248,protein_coding,,Trichuris trichiura (PRJEB535),protein_coding,trtricprjeb535
TTRE9390,TTRE9390_t1,307,protein_coding,,Trichuris trichiura (PRJEB535),protein_coding,trtricprjeb535
TTRE4798,TTRE4798_t1,512,protein_coding,CAP domain containing protein  [Source:UniProtKB/TrEMBL;Acc:A0A077ZFB7],Trichuris trichiura (PRJEB535),protein_coding,trtricprjeb535
TTRE4557,TTRE4557_t1,411,protein_coding,,Trichuris trichiura (PRJEB535),protein_coding,trtricprjeb535
TTRE12263,TTRE12263_t1,377,protein_coding,,Trichuris trichiura (PRJEB535),protein_coding,trtricprjeb535
TTRE1261,TTRE1261_t1,197,protein_coding,,Trichuris trichiura (PRJEB535),protein_coding,trtricprjeb535
TTRE12451,TTRE12451_t1,518,protein_coding,,Trichuris trichiura (PRJEB535),protein_coding,trtricprjeb535
TTRE9011,TTRE9011_t1,443,protein_coding,Pecanex-like protein  [Source:UniProtKB/TrEMBL;Acc:A0A077YYK4],Trichuris trichiura (PRJEB535),protein_coding,trtricprjeb535
TTRE7535,TTRE7535_t1,211,protein_coding,,Trichuris trichiura (PRJEB535),protein_coding,trtricprjeb535
TTRE7272,TTRE7272_t1,296,protein_coding,,Trichuris trichiura (PRJEB535),protein_coding,trtricprjeb535
TTRE7705,TTRE7705_t1,811,protein_coding,,Trichuris trichiura (PRJEB535),protein_coding,trtricprjeb535
TTRE4777,TTRE4777_t1,407,protein_coding,,Trichuris trichiura (PRJEB535),protein_coding,trtricprjeb535
TTRE7673,TTRE7673_t1,163,protein_coding,,Trichuris trichiura (PRJEB535),protein_coding,trtricprjeb535
TTRE7371,TTRE7371_t1,3878,protein_coding,,Trichuris trichiura (PRJEB535),protein_coding,trtricprjeb535
TTRE11650,TTRE11650_t1,813,protein_coding,,Trichuris trichiura (PRJEB535),protein_coding,trtricprjeb535
TTRE4738,TTRE4738_t1,7040,protein_coding,,Trichuris trichiura (PRJEB535),protein_coding,trtricprjeb535
TTRE3535,TTRE3535_t1,359,protein_coding,Metalloendopeptidase  [Source:UniProtKB/TrEMBL;Acc:A0A077Z7K9],Trichuris trichiura (PRJEB535),protein_coding,trtricprjeb535
TTRE3974,TTRE3974_t2,317,protein_coding,,Trichuris trichiura (PRJEB535),protein_coding,trtricprjeb535
TTRE4763,TTRE4763_t1,230,protein_coding,receptor protein serine/threonine kinase  [Source:UniProtKB/TrEMBL;Acc:A0A077Z526],Trichuris trichiura (PRJEB535),protein_coding,trtricprjeb535
TTRE9812,TTRE9812_t1,172,protein_coding,,Trichuris trichiura (PRJEB535),protein_coding,trtricprjeb535
TTRE5209,TTRE5209_t1,129,protein_coding,,Trichuris trichiura (PRJEB535),protein_coding,trtricprjeb535
TTRE6165,TTRE6165_t1,228,protein_coding,,Trichuris trichiura (PRJEB535),protein_coding,trtricprjeb535
TTRE9044,TTRE9044_t1,371,protein_coding,,Trichuris trichiura (PRJEB535),protein_coding,trtricprjeb535
TTRE8908,TTRE8908_t1,425,protein_coding,,Trichuris trichiura (PRJEB535),protein_coding,trtricprjeb535
TTRE4705,TTRE4705_t1,322,protein_coding,,Trichuris trichiura (PRJEB535),protein_coding,trtricprjeb535
TTRE937,TTRE937_t1,174,protein_coding,,Trichuris trichiura (PRJEB535),protein_coding,trtricprjeb535
TTRE117,TTRE117_t1,134,protein_coding,,Trichuris trichiura (PRJEB535),protein_coding,trtricprjeb535
TTRE10681,TTRE10681_t1,708,protein_coding,,Trichuris trichiura (PRJEB535),protein_coding,trtricprjeb535
TTRE5996,TTRE5996_t1,2634,protein_coding,,Trichuris trichiura (PRJEB535),protein_coding,trtricprjeb535
TTRE2071,TTRE2071_t1,252,protein_coding,T-complex protein 1 subunit beta  [Source:UniProtKB/TrEMBL;Acc:A0A077ZGW0],Trichuris trichiura (PRJEB535),protein_coding,trtricprjeb535
TTRE5716,TTRE5716_t1,182,protein_coding,,Trichuris trichiura (PRJEB535),protein_coding,trtricprjeb535
TTRE5066,TTRE5066_t1,426,protein_coding,,Trichuris trichiura (PRJEB535),protein_coding,trtricprjeb535
TTRE9208,TTRE9208_t1,769,protein_coding,Nuclear receptor NHR 91  [Source:UniProtKB/TrEMBL;Acc:A0A077YY97],Trichuris trichiura (PRJEB535),protein_coding,trtricprjeb535
TTRE10641,TTRE10641_t1,158,protein_coding,,Trichuris trichiura (PRJEB535),protein_coding,trtricprjeb535
TTRE9940,TTRE9940_t1,326,protein_coding,,Trichuris trichiura (PRJEB535),protein_coding,trtricprjeb535
TTRE8893,TTRE8893_t1,257,protein_coding,,Trichuris trichiura (PRJEB535),protein_coding,trtricprjeb535
TTRE5487,TTRE5487_t1,231,protein_coding,,Trichuris trichiura (PRJEB535),protein_coding,trtricprjeb535
TTRE7214,TTRE7214_t1,521,protein_coding,,Trichuris trichiura (PRJEB535),protein_coding,trtricprjeb535
TTRE7126,TTRE7126_t1,443,protein_coding,,Trichuris trichiura (PRJEB535),protein_coding,trtricprjeb535
TTRE6104,TTRE6104_t1,326,protein_coding,,Trichuris trichiura (PRJEB535),protein_coding,trtricprjeb535
TTRE10696,TTRE10696_t1,887,protein_coding,,Trichuris trichiura (PRJEB535),protein_coding,trtricprjeb535
TTRE1136,TTRE1136_t1,453,protein_coding,,Trichuris trichiura (PRJEB535),protein_coding,trtricprjeb535
TTRE10005,TTRE10005_t1,199,protein_coding,Coatomer subunit beta  [Source:UniProtKB/TrEMBL;Acc:A0A077Z4D9],Trichuris trichiura (PRJEB535),protein_coding,trtricprjeb535
TTRE12630,TTRE12630_t1,529,protein_coding,,Trichuris trichiura (PRJEB535),protein_coding,trtricprjeb535
TTRE8829,TTRE8829_t1,116,protein_coding,,Trichuris trichiura (PRJEB535),protein_coding,trtricprjeb535
TTRE8277,TTRE8277_t1,554,protein_coding,,Trichuris trichiura (PRJEB535),protein_coding,trtricprjeb535
TTRE8590,TTRE8590_t1,261,protein_coding,,Trichuris trichiura (PRJEB535),protein_coding,trtricprjeb535
TTRE2351,TTRE2351_t1,837,protein_coding,PHR and BACK and BTB domain containing protein  [Source:UniProtKB/TrEMBL;Acc:A0A077Z6P7],Trichuris trichiura (PRJEB535),protein_coding,trtricprjeb535
TTRE2889,TTRE2889_t1,195,protein_coding,Proteasome maturation protein  [Source:UniProtKB/TrEMBL;Acc:A0A077Z7S0],Trichuris trichiura (PRJEB535),protein_coding,trtricprjeb535
TTRE999,TTRE999_t1,233,protein_coding,,Trichuris trichiura (PRJEB535),protein_coding,trtricprjeb535
TTRE10924,TTRE10924_t1,277,protein_coding,,Trichuris trichiura (PRJEB535),protein_coding,trtricprjeb535
TTRE11270,TTRE11270_t1,174,protein_coding,,Trichuris trichiura (PRJEB535),protein_coding,trtricprjeb535
TTRE10067,TTRE10067_t1,2807,protein_coding,,Trichuris trichiura (PRJEB535),protein_coding,trtricprjeb535
TTRE3729,TTRE3729_t1,364,protein_coding,,Trichuris trichiura (PRJEB535),protein_coding,trtricprjeb535
TTRE1128,TTRE1128_t1,230,protein_coding,Solute carrier family 35 member F5  [Source:UniProtKB/TrEMBL;Acc:A0A077Z835],Trichuris trichiura (PRJEB535),protein_coding,trtricprjeb535
TTRE10269,TTRE10269_t1,1796,protein_coding,,Trichuris trichiura (PRJEB535),protein_coding,trtricprjeb535
TTRE6947,TTRE6947_t1,1268,protein_coding,,Trichuris trichiura (PRJEB535),protein_coding,trtricprjeb535
TTRE4695,TTRE4695_t1,448,protein_coding,,Trichuris trichiura (PRJEB535),protein_coding,trtricprjeb535
TTRE2744,TTRE2744_t1,318,protein_coding,Replication factor C subunit 3  [Source:UniProtKB/TrEMBL;Acc:A0A077YYG5],Trichuris trichiura (PRJEB535),protein_coding,trtricprjeb535
TTRE272,TTRE272_t1,1256,protein_coding,RUN and TBC1 domain-containing protein 3  [Source:UniProtKB/TrEMBL;Acc:A0A077ZD04],Trichuris trichiura (PRJEB535),protein_coding,trtricprjeb535
TTRE11748,TTRE11748_t1,1217,protein_coding,Phosphatidylinositol 4-kinase type 2  [Source:UniProtKB/TrEMBL;Acc:A0A077Z2C1],Trichuris trichiura (PRJEB535),protein_coding,trtricprjeb535
TTRE1853,TTRE1853_t1,307,protein_coding,Short:branched chain specific acyl CoA  [Source:UniProtKB/TrEMBL;Acc:A0A077Z6F3],Trichuris trichiura (PRJEB535),protein_coding,trtricprjeb535
TTRE105,TTRE105_t1,191,protein_coding,,Trichuris trichiura (PRJEB535),protein_coding,trtricprjeb535
TTRE3540,TTRE3540_t1,238,protein_coding,,Trichuris trichiura (PRJEB535),protein_coding,trtricprjeb535
TTRE9301,TTRE9301_t1,199,protein_coding,,Trichuris trichiura (PRJEB535),protein_coding,trtricprjeb535
TTRE9698,TTRE9698_t1,149,protein_coding,,Trichuris trichiura (PRJEB535),protein_coding,trtricprjeb535
TTRE7121,TTRE7121_t1,534,protein_coding,,Trichuris trichiura (PRJEB535),protein_coding,trtricprjeb535
TTRE7895,TTRE7895_t1,359,protein_coding,UPF0449 protein C19orf25 like protein  [Source:UniProtKB/TrEMBL;Acc:A0A077ZHA1],Trichuris trichiura (PRJEB535),protein_coding,trtricprjeb535
TTRE9602,TTRE9602_t1,245,protein_coding,,Trichuris trichiura (PRJEB535),protein_coding,trtricprjeb535
TTRE11994,TTRE11994_t1,239,protein_coding,,Trichuris trichiura (PRJEB535),protein_coding,trtricprjeb535
TTRE4920,TTRE4920_t1,198,protein_coding,Propionyl coenzyme A carboxylase beta chain  [Source:UniProtKB/TrEMBL;Acc:A0A077Z4W0],Trichuris trichiura (PRJEB535),protein_coding,trtricprjeb535
TTRE705,TTRE705_t1,393,protein_coding,Family S9 unassigned peptidase (S09 family)  [Source:UniProtKB/TrEMBL;Acc:A0A077Z4R8],Trichuris trichiura (PRJEB535),protein_coding,trtricprjeb535
TTRE2152,TTRE2152_t1,260,protein_coding,Nuclear RNA export factor 1  [Source:UniProtKB/TrEMBL;Acc:A0A077YZU7],Trichuris trichiura (PRJEB535),protein_coding,trtricprjeb535
TTRE4458,TTRE4458_t1,361,protein_coding,Kelch 1 and Kelch 4 and Kelch 2 domain containing protein  [Source:UniProtKB/TrEMBL;Acc:A0A077Z6M2],Trichuris trichiura (PRJEB535),protein_coding,trtricprjeb535
TTRE3557,TTRE3557_t1,336,protein_coding,,Trichuris trichiura (PRJEB535),protein_coding,trtricprjeb535
TTRE8448,TTRE8448_t1,977,protein_coding,,Trichuris trichiura (PRJEB535),protein_coding,trtricprjeb535
TTRE10071,TTRE10071_t1,903,protein_coding,Exosome complex exonuclease RRP44  [Source:UniProtKB/TrEMBL;Acc:A0A077Z4K2],Trichuris trichiura (PRJEB535),protein_coding,trtricprjeb535
TTRE6289,TTRE6289_t1,933,protein_coding,DUF3453 domain-containing protein  [Source:UniProtKB/TrEMBL;Acc:A0A077ZG08],Trichuris trichiura (PRJEB535),protein_coding,trtricprjeb535
TTRE4383,TTRE4383_t1,524,protein_coding,Dynamin N and EF-hand 4 domain containing protein  [Source:UniProtKB/TrEMBL;Acc:A0A077ZB45],Trichuris trichiura (PRJEB535),protein_coding,trtricprjeb535
TTRE5742,TTRE5742_t1,291,protein_coding,Ectonucleotide pyrophosphatase:phosphodiesterase  [Source:UniProtKB/TrEMBL;Acc:A0A077Z1S7],Trichuris trichiura (PRJEB535),protein_coding,trtricprjeb535
TTRE11502,TTRE11502_t1,266,protein_coding,,Trichuris trichiura (PRJEB535),protein_coding,trtricprjeb535
TTRE11997,TTRE11997_t1,962,protein_coding,,Trichuris trichiura (PRJEB535),protein_coding,trtricprjeb535
TTRE11506,TTRE11506_t1,642,protein_coding,,Trichuris trichiura (PRJEB535),protein_coding,trtricprjeb535
TTRE12343,TTRE12343_t1,452,protein_coding,,Trichuris trichiura (PRJEB535),protein_coding,trtricprjeb535
TTRE3473,TTRE3473_t1,731,protein_coding,,Trichuris trichiura (PRJEB535),protein_coding,trtricprjeb535
TTRE7023,TTRE7023_t1,673,protein_coding,,Trichuris trichiura (PRJEB535),protein_coding,trtricprjeb535
TTRE4922,TTRE4922_t1,164,protein_coding,Zf-CDGSH domain containing protein  [Source:UniProtKB/TrEMBL;Acc:A0A077ZK26],Trichuris trichiura (PRJEB535),protein_coding,trtricprjeb535
TTRE11200,TTRE11200_t1,155,protein_coding,,Trichuris trichiura (PRJEB535),protein_coding,trtricprjeb535
TTRE747,TTRE747_t1,158,protein_coding,,Trichuris trichiura (PRJEB535),protein_coding,trtricprjeb535
TTRE4558,TTRE4558_t1,1286,protein_coding,Amino acid permease  [Source:UniProtKB/TrEMBL;Acc:A0A077ZEK4],Trichuris trichiura (PRJEB535),protein_coding,trtricprjeb535
TTRE3079,TTRE3079_t1,902,protein_coding,Adh short domain containing protein  [Source:UniProtKB/TrEMBL;Acc:A0A077Z2B1],Trichuris trichiura (PRJEB535),protein_coding,trtricprjeb535
TTRE5795,TTRE5795_t1,387,protein_coding,Arrestin N and Arrestin C domain containing prote in  [Source:UniProtKB/TrEMBL;Acc:A0A077YVR7],Trichuris trichiura (PRJEB535),protein_coding,trtricprjeb535
TTRE3808,TTRE3808_t1,362,protein_coding,,Trichuris trichiura (PRJEB535),protein_coding,trtricprjeb535
TTRE2548,TTRE2548_t1,195,protein_coding,Sodium:potassium transporting ATPase  [Source:UniProtKB/TrEMBL;Acc:A0A077ZD37],Trichuris trichiura (PRJEB535),protein_coding,trtricprjeb535
TTRE4108,TTRE4108_t1,283,protein_coding,,Trichuris trichiura (PRJEB535),protein_coding,trtricprjeb535
TTRE4448,TTRE4448_t1,650,protein_coding,protein-tyrosine-phosphatase  [Source:UniProtKB/TrEMBL;Acc:A0A077YXS8],Trichuris trichiura (PRJEB535),protein_coding,trtricprjeb535
TTRE6051,TTRE6051_t1,851,protein_coding,,Trichuris trichiura (PRJEB535),protein_coding,trtricprjeb535
TTRE12070,TTRE12070_t1,1778,protein_coding,,Trichuris trichiura (PRJEB535),protein_coding,trtricprjeb535
TTRE6455,TTRE6455_t1,290,protein_coding,,Trichuris trichiura (PRJEB535),protein_coding,trtricprjeb535
TTRE10342,TTRE10342_t1,326,protein_coding,,Trichuris trichiura (PRJEB535),protein_coding,trtricprjeb535
TTRE5797,TTRE5797_t1,317,protein_coding,,Trichuris trichiura (PRJEB535),protein_coding,trtricprjeb535
TTRE5859,TTRE5859_t1,149,protein_coding,,Trichuris trichiura (PRJEB535),protein_coding,trtricprjeb535
TTRE3666,TTRE3666_t1,227,protein_coding,60S ribosomal protein L36  [Source:UniProtKB/TrEMBL;Acc:A0A077ZMX4],Trichuris trichiura (PRJEB535),protein_coding,trtricprjeb535
TTRE11035,TTRE11035_t1,485,protein_coding,,Trichuris trichiura (PRJEB535),protein_coding,trtricprjeb535
TTRE187,TTRE187_t1,328,protein_coding,,Trichuris trichiura (PRJEB535),protein_coding,trtricprjeb535
TTRE10596,TTRE10596_t1,347,protein_coding,,Trichuris trichiura (PRJEB535),protein_coding,trtricprjeb535
TTRE2454,TTRE2454_t1,293,protein_coding,,Trichuris trichiura (PRJEB535),protein_coding,trtricprjeb535
TTRE5692,TTRE5692_t1,270,protein_coding,,Trichuris trichiura (PRJEB535),protein_coding,trtricprjeb535
TTRE4359,TTRE4359_t1,1172,protein_coding,,Trichuris trichiura (PRJEB535),protein_coding,trtricprjeb535
TTRE4984,TTRE4984_t1,151,protein_coding,La protein 4  [Source:UniProtKB/TrEMBL;Acc:A0A077ZIV5],Trichuris trichiura (PRJEB535),protein_coding,trtricprjeb535
TTRE3921,TTRE3921_t1,755,protein_coding,,Trichuris trichiura (PRJEB535),protein_coding,trtricprjeb535
TTRE1024,TTRE1024_t1,923,protein_coding,MSC domain-containing protein  [Source:UniProtKB/TrEMBL;Acc:A0A077Z668],Trichuris trichiura (PRJEB535),protein_coding,trtricprjeb535
TTRE8763,TTRE8763_t1,1061,protein_coding,,Trichuris trichiura (PRJEB535),protein_coding,trtricprjeb535
TTRE4070,TTRE4070_t1,383,protein_coding,"Lon protease homolog, mitochondrial  [Source:UniProtKB/TrEMBL;Acc:A0A077ZMG7]",Trichuris trichiura (PRJEB535),protein_coding,trtricprjeb535
TTRE6154,TTRE6154_t1,265,protein_coding,Fukutin  [Source:UniProtKB/TrEMBL;Acc:A0A077ZND1],Trichuris trichiura (PRJEB535),protein_coding,trtricprjeb535
TTRE11811,TTRE11811_t1,165,protein_coding,,Trichuris trichiura (PRJEB535),protein_coding,trtricprjeb535
TTRE1661,TTRE1661_t1,154,protein_coding,,Trichuris trichiura (PRJEB535),protein_coding,trtricprjeb535
TTRE1344,TTRE1344_t1,510,protein_coding,Calcium-transporting ATPase  [Source:UniProtKB/TrEMBL;Acc:A0A077Z6Q6],Trichuris trichiura (PRJEB535),protein_coding,trtricprjeb535
TTRE6230,TTRE6230_t1,965,protein_coding,,Trichuris trichiura (PRJEB535),protein_coding,trtricprjeb535
TTRE4457,TTRE4457_t1,805,protein_coding,,Trichuris trichiura (PRJEB535),protein_coding,trtricprjeb535
TTRE4336,TTRE4336_t1,569,protein_coding,DUF3469 domain containing protein  [Source:UniProtKB/TrEMBL;Acc:A0A077Z9S5],Trichuris trichiura (PRJEB535),protein_coding,trtricprjeb535
TTRE7387,TTRE7387_t1,1801,protein_coding,,Trichuris trichiura (PRJEB535),protein_coding,trtricprjeb535
TTRE10258,TTRE10258_t1,710,protein_coding,,Trichuris trichiura (PRJEB535),protein_coding,trtricprjeb535
TTRE9063,TTRE9063_t1,986,protein_coding,7TM GPCR Srsx domain containing protein  [Source:UniProtKB/TrEMBL;Acc:A0A077YYA9],Trichuris trichiura (PRJEB535),protein_coding,trtricprjeb535
TTRE10824,TTRE10824_t1,680,protein_coding,Reverse transcriptase  [Source:UniProtKB/TrEMBL;Acc:A0A077Z000],Trichuris trichiura (PRJEB535),protein_coding,trtricprjeb535
TTRE2054,TTRE2054_t1,235,protein_coding,,Trichuris trichiura (PRJEB535),protein_coding,trtricprjeb535
TTRE3131,TTRE3131_t1,122,protein_coding,,Trichuris trichiura (PRJEB535),protein_coding,trtricprjeb535
TTRE5182,TTRE5182_t1,1105,protein_coding,DNA-directed RNA polymerase  [Source:UniProtKB/TrEMBL;Acc:A0A077ZFJ4],Trichuris trichiura (PRJEB535),protein_coding,trtricprjeb535
TTRE4191,TTRE4191_t1,683,protein_coding,G-patch 2 domain containing protein  [Source:UniProtKB/TrEMBL;Acc:A0A077Z674],Trichuris trichiura (PRJEB535),protein_coding,trtricprjeb535
TTRE10673,TTRE10673_t1,669,protein_coding,,Trichuris trichiura (PRJEB535),protein_coding,trtricprjeb535
TTRE8979,TTRE8979_t1,487,protein_coding,,Trichuris trichiura (PRJEB535),protein_coding,trtricprjeb535
TTRE5683,TTRE5683_t1,427,protein_coding,,Trichuris trichiura (PRJEB535),protein_coding,trtricprjeb535
TTRE10013,TTRE10013_t1,177,protein_coding,,Trichuris trichiura (PRJEB535),protein_coding,trtricprjeb535
TTRE8312,TTRE8312_t1,494,protein_coding,,Trichuris trichiura (PRJEB535),protein_coding,trtricprjeb535
TTRE7772,TTRE7772_t1,1184,protein_coding,,Trichuris trichiura (PRJEB535),protein_coding,trtricprjeb535
TTRE1744,TTRE1744_t1,204,protein_coding,,Trichuris trichiura (PRJEB535),protein_coding,trtricprjeb535
TTRE5151,TTRE5151_t1,635,protein_coding,"ATP synthase-coupling factor 6, mitochondrial  [Source:UniProtKB/TrEMBL;Acc:A0A077Z6H3]",Trichuris trichiura (PRJEB535),protein_coding,trtricprjeb535
TTRE9931,TTRE9931_t1,440,protein_coding,,Trichuris trichiura (PRJEB535),protein_coding,trtricprjeb535
TTRE8782,TTRE8782_t1,611,protein_coding,,Trichuris trichiura (PRJEB535),protein_coding,trtricprjeb535
TTRE83,TTRE83_t1,252,protein_coding,Dystrobrevin  [Source:UniProtKB/TrEMBL;Acc:A0A077YZF1],Trichuris trichiura (PRJEB535),protein_coding,trtricprjeb535
TTRE4402,TTRE4402_t1,303,protein_coding,,Trichuris trichiura (PRJEB535),protein_coding,trtricprjeb535
TTRE6245,TTRE6245_t1,932,protein_coding,,Trichuris trichiura (PRJEB535),protein_coding,trtricprjeb535
TTRE2213,TTRE2213_t1,292,protein_coding,,Trichuris trichiura (PRJEB535),protein_coding,trtricprjeb535
TTRE2432,TTRE2432_t1,228,protein_coding,,Trichuris trichiura (PRJEB535),protein_coding,trtricprjeb535
TTRE12493,TTRE12493_t1,182,protein_coding,,Trichuris trichiura (PRJEB535),protein_coding,trtricprjeb535
TTRE6429,TTRE6429_t1,277,protein_coding,,Trichuris trichiura (PRJEB535),protein_coding,trtricprjeb535
TTRE11946,TTRE11946_t1,1050,protein_coding,,Trichuris trichiura (PRJEB535),protein_coding,trtricprjeb535
TTRE7300,TTRE7300_t1,1667,protein_coding,,Trichuris trichiura (PRJEB535),protein_coding,trtricprjeb535
TTRE12023,TTRE12023_t1,386,protein_coding,,Trichuris trichiura (PRJEB535),protein_coding,trtricprjeb535
TTRE3762,TTRE3762_t1,995,protein_coding,"Succinate--CoA ligase [ADP/GDP-forming] subunit alpha, mitochondrial  [Source:UniProtKB/TrEMBL;Acc:A0A077ZDU1]",Trichuris trichiura (PRJEB535),protein_coding,trtricprjeb535
TTRE248,TTRE248_t1,203,protein_coding,,Trichuris trichiura (PRJEB535),protein_coding,trtricprjeb535
TTRE4422,TTRE4422_t1,428,protein_coding,,Trichuris trichiura (PRJEB535),protein_coding,trtricprjeb535
TTRE8635,TTRE8635_t1,593,protein_coding,,Trichuris trichiura (PRJEB535),protein_coding,trtricprjeb535
TTRE10252,TTRE10252_t1,538,protein_coding,,Trichuris trichiura (PRJEB535),protein_coding,trtricprjeb535
TTRE9702,TTRE9702_t1,258,protein_coding,,Trichuris trichiura (PRJEB535),protein_coding,trtricprjeb535
TTRE112,TTRE112_t1,335,protein_coding,,Trichuris trichiura (PRJEB535),protein_coding,trtricprjeb535
TTRE1500,TTRE1500_t1,190,protein_coding,Proteasomal ubiquitin receptor ADRM1  [Source:UniProtKB/TrEMBL;Acc:A0A077Z6J0],Trichuris trichiura (PRJEB535),protein_coding,trtricprjeb535
TTRE4143,TTRE4143_t1,601,protein_coding,Trimethylguanosine synthase  [Source:UniProtKB/TrEMBL;Acc:A0A077Z885],Trichuris trichiura (PRJEB535),protein_coding,trtricprjeb535
TTRE12313,TTRE12313_t1,292,protein_coding,,Trichuris trichiura (PRJEB535),protein_coding,trtricprjeb535
TTRE3155,TTRE3155_t1,1064,protein_coding,---NA  [Source:UniProtKB/TrEMBL;Acc:A0A077ZFC1],Trichuris trichiura (PRJEB535),protein_coding,trtricprjeb535
TTRE10152,TTRE10152_t1,130,protein_coding,"Splicing factor, arginine:serine rich 6  [Source:UniProtKB/TrEMBL;Acc:A0A077YZC0]",Trichuris trichiura (PRJEB535),protein_coding,trtricprjeb535
TTRE10741,TTRE10741_t1,365,protein_coding,,Trichuris trichiura (PRJEB535),protein_coding,trtricprjeb535
TTRE10186,TTRE10186_t1,308,protein_coding,,Trichuris trichiura (PRJEB535),protein_coding,trtricprjeb535
TTRE3552,TTRE3552_t1,508,protein_coding,,Trichuris trichiura (PRJEB535),protein_coding,trtricprjeb535
TTRE11106,TTRE11106_t1,1307,protein_coding,,Trichuris trichiura (PRJEB535),protein_coding,trtricprjeb535
TTRE325,TTRE325_t1,299,protein_coding,,Trichuris trichiura (PRJEB535),protein_coding,trtricprjeb535
TTRE4012,TTRE4012_t1,774,protein_coding,,Trichuris trichiura (PRJEB535),protein_coding,trtricprjeb535
TTRE10183,TTRE10183_t1,299,protein_coding,,Trichuris trichiura (PRJEB535),protein_coding,trtricprjeb535
TTRE6434,TTRE6434_t1,1562,protein_coding,,Trichuris trichiura (PRJEB535),protein_coding,trtricprjeb535
TTRE4886,TTRE4886_t1,404,protein_coding,NADH dehydrogenase [ubiquinone] 1 beta subcomplex subunit 7  [Source:UniProtKB/TrEMBL;Acc:A0A077ZES4],Trichuris trichiura (PRJEB535),protein_coding,trtricprjeb535
TTRE12560,TTRE12560_t1,497,protein_coding,,Trichuris trichiura (PRJEB535),protein_coding,trtricprjeb535
TTRE11167,TTRE11167_t1,401,protein_coding,,Trichuris trichiura (PRJEB535),protein_coding,trtricprjeb535
TTRE9768,TTRE9768_t1,397,protein_coding,,Trichuris trichiura (PRJEB535),protein_coding,trtricprjeb535
TTRE9202,TTRE9202_t1,498,protein_coding,Cuticle collagen rol 6  [Source:UniProtKB/TrEMBL;Acc:A0A077YY52],Trichuris trichiura (PRJEB535),protein_coding,trtricprjeb535
TTRE981,TTRE981_t1,194,protein_coding,,Trichuris trichiura (PRJEB535),protein_coding,trtricprjeb535
TTRE7487,TTRE7487_t1,267,protein_coding,p450 domain containing protein  [Source:UniProtKB/TrEMBL;Acc:A0A077ZC80],Trichuris trichiura (PRJEB535),protein_coding,trtricprjeb535
TTRE11774,TTRE11774_t1,236,protein_coding,Pre-rRNA-processing protein TSR2 homolog  [Source:UniProtKB/TrEMBL;Acc:A0A077ZM52],Trichuris trichiura (PRJEB535),protein_coding,trtricprjeb535
TTRE8396,TTRE8396_t1,740,protein_coding,Dolichyl phosphate beta glucosyltransferase  [Source:UniProtKB/TrEMBL;Acc:A0A077ZBY8],Trichuris trichiura (PRJEB535),protein_coding,trtricprjeb535
TTRE9779,TTRE9779_t1,557,protein_coding,BTB domain containing protein  [Source:UniProtKB/TrEMBL;Acc:A0A077Z277],Trichuris trichiura (PRJEB535),protein_coding,trtricprjeb535
TTRE10846,TTRE10846_t1,205,protein_coding,,Trichuris trichiura (PRJEB535),protein_coding,trtricprjeb535
TTRE10634,TTRE10634_t1,169,protein_coding,,Trichuris trichiura (PRJEB535),protein_coding,trtricprjeb535
TTRE9467,TTRE9467_t1,350,protein_coding,,Trichuris trichiura (PRJEB535),protein_coding,trtricprjeb535
TTRE10838,TTRE10838_t1,5457,protein_coding,,Trichuris trichiura (PRJEB535),protein_coding,trtricprjeb535
TTRE6008,TTRE6008_t1,3965,protein_coding,,Trichuris trichiura (PRJEB535),protein_coding,trtricprjeb535
TTRE4672,TTRE4672_t1,129,protein_coding,,Trichuris trichiura (PRJEB535),protein_coding,trtricprjeb535
TTRE5054,TTRE5054_t1,324,protein_coding,Translation initiation factor eIF-2B subunit epsilon  [Source:UniProtKB/TrEMBL;Acc:A0A077ZI86],Trichuris trichiura (PRJEB535),protein_coding,trtricprjeb535
TTRE1710,TTRE1710_t1,220,protein_coding,Splicing factor 3A subunit 3  [Source:UniProtKB/TrEMBL;Acc:A0A077ZAX1],Trichuris trichiura (PRJEB535),protein_coding,trtricprjeb535
TTRE281,TTRE281_t1,367,protein_coding,,Trichuris trichiura (PRJEB535),protein_coding,trtricprjeb535
TTRE1513,TTRE1513_t1,419,protein_coding,Fructose-bisphosphate aldolase  [Source:UniProtKB/TrEMBL;Acc:A0A077Z6Y9],Trichuris trichiura (PRJEB535),protein_coding,trtricprjeb535
TTRE9114,TTRE9114_t1,1901,protein_coding,Dipeptidyl aminopeptidase  [Source:UniProtKB/TrEMBL;Acc:A0A077YVK6],Trichuris trichiura (PRJEB535),protein_coding,trtricprjeb535
TTRE8222,TTRE8222_t1,1514,protein_coding,,Trichuris trichiura (PRJEB535),protein_coding,trtricprjeb535
TTRE1715,TTRE1715_t1,269,protein_coding,Spindle assembly abnormal protein 6 homolog  [Source:UniProtKB/TrEMBL;Acc:A0A077Z853],Trichuris trichiura (PRJEB535),protein_coding,trtricprjeb535
TTRE5439,TTRE5439_t1,136,protein_coding,,Trichuris trichiura (PRJEB535),protein_coding,trtricprjeb535
TTRE6629,TTRE6629_t1,4136,protein_coding,,Trichuris trichiura (PRJEB535),protein_coding,trtricprjeb535
TTRE748,TTRE748_t1,577,protein_coding,,Trichuris trichiura (PRJEB535),protein_coding,trtricprjeb535
TTRE12331,TTRE12331_t1,113,protein_coding,,Trichuris trichiura (PRJEB535),protein_coding,trtricprjeb535
TTRE8881,TTRE8881_t1,725,protein_coding,,Trichuris trichiura (PRJEB535),protein_coding,trtricprjeb535
TTRE882,TTRE882_t1,460,protein_coding,,Trichuris trichiura (PRJEB535),protein_coding,trtricprjeb535
TTRE3199,TTRE3199_t1,105,protein_coding,,Trichuris trichiura (PRJEB535),protein_coding,trtricprjeb535
TTRE9584,TTRE9584_t1,280,protein_coding,,Trichuris trichiura (PRJEB535),protein_coding,trtricprjeb535
TTRE8130,TTRE8130_t1,401,protein_coding,,Trichuris trichiura (PRJEB535),protein_coding,trtricprjeb535
TTRE2360,TTRE2360_t1,1085,protein_coding,ATP dependent RNA helicase DDX25  [Source:UniProtKB/TrEMBL;Acc:A0A077Z4Z3],Trichuris trichiura (PRJEB535),protein_coding,trtricprjeb535
TTRE3864,TTRE3864_t1,285,protein_coding,Protein MAK10 homolog  [Source:UniProtKB/TrEMBL;Acc:A0A077ZIZ0],Trichuris trichiura (PRJEB535),protein_coding,trtricprjeb535
TTRE12247,TTRE12247_t1,239,protein_coding,,Trichuris trichiura (PRJEB535),protein_coding,trtricprjeb535
TTRE8120,TTRE8120_t1,471,protein_coding,,Trichuris trichiura (PRJEB535),protein_coding,trtricprjeb535
TTRE7936,TTRE7936_t1,377,protein_coding,,Trichuris trichiura (PRJEB535),protein_coding,trtricprjeb535
TTRE772,TTRE772_t1,281,protein_coding,,Trichuris trichiura (PRJEB535),protein_coding,trtricprjeb535
TTRE8989,TTRE8989_t1,381,protein_coding,,Trichuris trichiura (PRJEB535),protein_coding,trtricprjeb535
TTRE10117,TTRE10117_t1,757,protein_coding,WD40 domain containing protein  [Source:UniProtKB/TrEMBL;Acc:A0A077Z232],Trichuris trichiura (PRJEB535),protein_coding,trtricprjeb535
TTRE11929,TTRE11929_t1,142,protein_coding,,Trichuris trichiura (PRJEB535),protein_coding,trtricprjeb535
TTRE12030,TTRE12030_t1,341,protein_coding,,Trichuris trichiura (PRJEB535),protein_coding,trtricprjeb535
TTRE1678,TTRE1678_t1,277,protein_coding,,Trichuris trichiura (PRJEB535),protein_coding,trtricprjeb535
TTRE11470,TTRE11470_t1,203,protein_coding,,Trichuris trichiura (PRJEB535),protein_coding,trtricprjeb535
TTRE1640,TTRE1640_t1,380,protein_coding,,Trichuris trichiura (PRJEB535),protein_coding,trtricprjeb535
TTRE4468,TTRE4468_t3,299,protein_coding,,Trichuris trichiura (PRJEB535),protein_coding,trtricprjeb535
TTRE11595,TTRE11595_t1,495,protein_coding,,Trichuris trichiura (PRJEB535),protein_coding,trtricprjeb535
TTRE6990,TTRE6990_t1,605,protein_coding,,Trichuris trichiura (PRJEB535),protein_coding,trtricprjeb535
TTRE12645,TTRE12645_t1,740,protein_coding,,Trichuris trichiura (PRJEB535),protein_coding,trtricprjeb535
TTRE695,TTRE695_t1,385,protein_coding,,Trichuris trichiura (PRJEB535),protein_coding,trtricprjeb535
TTRE3527,TTRE3527_t1,191,protein_coding,Adenylate kinase isoenzyme 1  [Source:UniProtKB/TrEMBL;Acc:A0A077ZC00],Trichuris trichiura (PRJEB535),protein_coding,trtricprjeb535
TTRE1949,TTRE1949_t1,780,protein_coding,,Trichuris trichiura (PRJEB535),protein_coding,trtricprjeb535
TTRE6226,TTRE6226_t1,226,protein_coding,,Trichuris trichiura (PRJEB535),protein_coding,trtricprjeb535
TTRE6136,TTRE6136_t1,357,protein_coding,,Trichuris trichiura (PRJEB535),protein_coding,trtricprjeb535
TTRE498,TTRE498_t1,293,protein_coding,Tau tubulin kinase 2  [Source:UniProtKB/TrEMBL;Acc:A0A077ZD22],Trichuris trichiura (PRJEB535),protein_coding,trtricprjeb535
TTRE10035,TTRE10035_t1,404,protein_coding,,Trichuris trichiura (PRJEB535),protein_coding,trtricprjeb535
TTRE3764,TTRE3764_t1,570,protein_coding,Protein dpy 19 3  [Source:UniProtKB/TrEMBL;Acc:A0A077ZCE3],Trichuris trichiura (PRJEB535),protein_coding,trtricprjeb535
TTRE9410,TTRE9410_t1,169,protein_coding,,Trichuris trichiura (PRJEB535),protein_coding,trtricprjeb535
TTRE8564,TTRE8564_t1,395,protein_coding,Neur chan LBD domain containing protein  [Source:UniProtKB/TrEMBL;Acc:A0A077Z8R2],Trichuris trichiura (PRJEB535),protein_coding,trtricprjeb535
TTRE3150,TTRE3150_t1,119,protein_coding,,Trichuris trichiura (PRJEB535),protein_coding,trtricprjeb535
TTRE7071,TTRE7071_t1,416,protein_coding,,Trichuris trichiura (PRJEB535),protein_coding,trtricprjeb535
TTRE2441,TTRE2441_t1,617,protein_coding,,Trichuris trichiura (PRJEB535),protein_coding,trtricprjeb535
TTRE12547,TTRE12547_t1,738,protein_coding,,Trichuris trichiura (PRJEB535),protein_coding,trtricprjeb535
TTRE6443,TTRE6443_t1,303,protein_coding,,Trichuris trichiura (PRJEB535),protein_coding,trtricprjeb535
TTRE782,TTRE782_t1,602,protein_coding,Elongator complex protein 6  [Source:UniProtKB/TrEMBL;Acc:A0A077ZEE8],Trichuris trichiura (PRJEB535),protein_coding,trtricprjeb535
TTRE9082,TTRE9082_t1,563,protein_coding,,Trichuris trichiura (PRJEB535),protein_coding,trtricprjeb535
TTRE424,TTRE424_t1,552,protein_coding,Ectonucleotide pyrophosphatase:phosphodiesterase  [Source:UniProtKB/TrEMBL;Acc:A0A077ZCH4],Trichuris trichiura (PRJEB535),protein_coding,trtricprjeb535
TTRE12252,TTRE12252_t1,1043,protein_coding,,Trichuris trichiura (PRJEB535),protein_coding,trtricprjeb535
TTRE2284,TTRE2284_t1,979,protein_coding,WW domain containing protein  [Source:UniProtKB/TrEMBL;Acc:A0A077Z5T5],Trichuris trichiura (PRJEB535),protein_coding,trtricprjeb535
TTRE7445,TTRE7445_t1,435,protein_coding,,Trichuris trichiura (PRJEB535),protein_coding,trtricprjeb535
TTRE8084,TTRE8084_t1,188,protein_coding,,Trichuris trichiura (PRJEB535),protein_coding,trtricprjeb535
TTRE4628,TTRE4628_t1,365,protein_coding,,Trichuris trichiura (PRJEB535),protein_coding,trtricprjeb535
TTRE3016,TTRE3016_t1,235,protein_coding,,Trichuris trichiura (PRJEB535),protein_coding,trtricprjeb535
TTRE9238,TTRE9238_t1,241,protein_coding,,Trichuris trichiura (PRJEB535),protein_coding,trtricprjeb535
TTRE5928,TTRE5928_t1,866,protein_coding,,Trichuris trichiura (PRJEB535),protein_coding,trtricprjeb535
TTRE8276,TTRE8276_t1,205,protein_coding,,Trichuris trichiura (PRJEB535),protein_coding,trtricprjeb535
TTRE8317,TTRE8317_t1,401,protein_coding,,Trichuris trichiura (PRJEB535),protein_coding,trtricprjeb535
TTRE4987,TTRE4987_t1,277,protein_coding,,Trichuris trichiura (PRJEB535),protein_coding,trtricprjeb535
TTRE7027,TTRE7027_t1,791,protein_coding,,Trichuris trichiura (PRJEB535),protein_coding,trtricprjeb535
TTRE4400,TTRE4400_t1,173,protein_coding,Calcipressin 2  [Source:UniProtKB/TrEMBL;Acc:A0A077Z118],Trichuris trichiura (PRJEB535),protein_coding,trtricprjeb535
TTRE885,TTRE885_t1,198,protein_coding,,Trichuris trichiura (PRJEB535),protein_coding,trtricprjeb535
TTRE11500,TTRE11500_t1,322,protein_coding,,Trichuris trichiura (PRJEB535),protein_coding,trtricprjeb535
TTRE5598,TTRE5598_t1,305,protein_coding,UPF0662 protein  [Source:UniProtKB/TrEMBL;Acc:A0A077Z4D0],Trichuris trichiura (PRJEB535),protein_coding,trtricprjeb535
TTRE6852,TTRE6852_t1,273,protein_coding,,Trichuris trichiura (PRJEB535),protein_coding,trtricprjeb535
TTRE6301,TTRE6301_t1,589,protein_coding,,Trichuris trichiura (PRJEB535),protein_coding,trtricprjeb535
TTRE7717,TTRE7717_t1,404,protein_coding,,Trichuris trichiura (PRJEB535),protein_coding,trtricprjeb535
TTRE10072,TTRE10072_t1,357,protein_coding,Ubiquinol-cytochrome-c reductase complex assembly factor 2  [Source:UniProtKB/TrEMBL;Acc:A0A077Z278],Trichuris trichiura (PRJEB535),protein_coding,trtricprjeb535
TTRE11179,TTRE11179_t1,225,protein_coding,,Trichuris trichiura (PRJEB535),protein_coding,trtricprjeb535
TTRE1116,TTRE1116_t1,446,protein_coding,,Trichuris trichiura (PRJEB535),protein_coding,trtricprjeb535
TTRE2776,TTRE2776_t1,289,protein_coding,Poly(A) polymerase  [Source:UniProtKB/TrEMBL;Acc:A0A077ZF29],Trichuris trichiura (PRJEB535),protein_coding,trtricprjeb535
TTRE1373,TTRE1373_t1,253,protein_coding,Beta parvin  [Source:UniProtKB/TrEMBL;Acc:A0A077YXM0],Trichuris trichiura (PRJEB535),protein_coding,trtricprjeb535
TTRE1680,TTRE1680_t1,312,protein_coding,Transmembrane protein 150B  [Source:UniProtKB/TrEMBL;Acc:A0A077Z2A1],Trichuris trichiura (PRJEB535),protein_coding,trtricprjeb535
TTRE5359,TTRE5359_t1,266,protein_coding,,Trichuris trichiura (PRJEB535),protein_coding,trtricprjeb535
TTRE2184,TTRE2184_t1,235,protein_coding,Thioredoxin domain-containing protein  [Source:UniProtKB/TrEMBL;Acc:A0A077Z9W2],Trichuris trichiura (PRJEB535),protein_coding,trtricprjeb535
TTRE12236,TTRE12236_t1,155,protein_coding,,Trichuris trichiura (PRJEB535),protein_coding,trtricprjeb535
TTRE11856,TTRE11856_t1,198,protein_coding,,Trichuris trichiura (PRJEB535),protein_coding,trtricprjeb535
TTRE155,TTRE155_t1,368,protein_coding,,Trichuris trichiura (PRJEB535),protein_coding,trtricprjeb535
TTRE10591,TTRE10591_t1,525,protein_coding,,Trichuris trichiura (PRJEB535),protein_coding,trtricprjeb535
TTRE5362,TTRE5362_t1,1061,protein_coding,,Trichuris trichiura (PRJEB535),protein_coding,trtricprjeb535
TTRE3579,TTRE3579_t1,951,protein_coding,EGF-like domain-containing protein  [Source:UniProtKB/TrEMBL;Acc:A0A077ZMY9],Trichuris trichiura (PRJEB535),protein_coding,trtricprjeb535
TTRE10812,TTRE10812_t1,445,protein_coding,,Trichuris trichiura (PRJEB535),protein_coding,trtricprjeb535
TTRE7406,TTRE7406_t1,578,protein_coding,,Trichuris trichiura (PRJEB535),protein_coding,trtricprjeb535
TTRE7464,TTRE7464_t1,238,protein_coding,,Trichuris trichiura (PRJEB535),protein_coding,trtricprjeb535
TTRE5281,TTRE5281_t1,198,protein_coding,"NADH dehydrogenase [ubiquinone] flavoprotein 1, mitochondrial  [Source:UniProtKB/TrEMBL;Acc:A0A077YXA9]",Trichuris trichiura (PRJEB535),protein_coding,trtricprjeb535
TTRE10733,TTRE10733_t1,610,protein_coding,,Trichuris trichiura (PRJEB535),protein_coding,trtricprjeb535
TTRE7810,TTRE7810_t1,158,protein_coding,Putative sn-12-diacylglycerol ethanolamine-and ch olinephosphotransferase  [Source:UniProtKB/TrEMBL;Acc:A0A077ZEY7],Trichuris trichiura (PRJEB535),protein_coding,trtricprjeb535
TTRE650,TTRE650_t1,154,protein_coding,,Trichuris trichiura (PRJEB535),protein_coding,trtricprjeb535
TTRE7537,TTRE7537_t1,2660,protein_coding,DUF2435 domain containing protein  [Source:UniProtKB/TrEMBL;Acc:A0A077ZBC6],Trichuris trichiura (PRJEB535),protein_coding,trtricprjeb535
TTRE6547,TTRE6547_t1,776,protein_coding,,Trichuris trichiura (PRJEB535),protein_coding,trtricprjeb535
TTRE8066,TTRE8066_t1,207,protein_coding,,Trichuris trichiura (PRJEB535),protein_coding,trtricprjeb535
TTRE9292,TTRE9292_t1,326,protein_coding,Peptidase C97 domain containing protein  [Source:UniProtKB/TrEMBL;Acc:A0A077ZCC8],Trichuris trichiura (PRJEB535),protein_coding,trtricprjeb535
TTRE7593,TTRE7593_t1,260,protein_coding,,Trichuris trichiura (PRJEB535),protein_coding,trtricprjeb535
TTRE8928,TTRE8928_t1,137,protein_coding,,Trichuris trichiura (PRJEB535),protein_coding,trtricprjeb535
TTRE1764,TTRE1764_t1,157,protein_coding,,Trichuris trichiura (PRJEB535),protein_coding,trtricprjeb535
TTRE3501,TTRE3501_t1,284,protein_coding,Acetyltransferase component of pyruvate dehydrogenase complex  [Source:UniProtKB/TrEMBL;Acc:A0A077Z0S4],Trichuris trichiura (PRJEB535),protein_coding,trtricprjeb535
TTRE3395,TTRE3395_t1,646,protein_coding,Unc 112 related protein  [Source:UniProtKB/TrEMBL;Acc:A0A077ZCP2],Trichuris trichiura (PRJEB535),protein_coding,trtricprjeb535
TTRE10115,TTRE10115_t1,530,protein_coding,,Trichuris trichiura (PRJEB535),protein_coding,trtricprjeb535
TTRE11138,TTRE11138_t1,743,protein_coding,,Trichuris trichiura (PRJEB535),protein_coding,trtricprjeb535
TTRE11110,TTRE11110_t1,239,protein_coding,,Trichuris trichiura (PRJEB535),protein_coding,trtricprjeb535
TTRE12542,TTRE12542_t1,1418,protein_coding,,Trichuris trichiura (PRJEB535),protein_coding,trtricprjeb535
TTRE1635,TTRE1635_t1,785,protein_coding,SWI:SNF matrix associated  [Source:UniProtKB/TrEMBL;Acc:A0A077ZAP6],Trichuris trichiura (PRJEB535),protein_coding,trtricprjeb535
TTRE9956,TTRE9956_t1,606,protein_coding,Solute carrier organic anion transporter family member  [Source:UniProtKB/TrEMBL;Acc:A0A077Z7T9],Trichuris trichiura (PRJEB535),protein_coding,trtricprjeb535
TTRE8569,TTRE8569_t1,385,protein_coding,B9-C2 domain containing protein  [Source:UniProtKB/TrEMBL;Acc:A0A077Z2Q0],Trichuris trichiura (PRJEB535),protein_coding,trtricprjeb535
TTRE6333,TTRE6333_t1,410,protein_coding,,Trichuris trichiura (PRJEB535),protein_coding,trtricprjeb535
TTRE8868,TTRE8868_t1,658,protein_coding,,Trichuris trichiura (PRJEB535),protein_coding,trtricprjeb535
TTRE7650,TTRE7650_t1,408,protein_coding,Protein phosphatase  [Source:UniProtKB/TrEMBL;Acc:A0A077ZFJ3],Trichuris trichiura (PRJEB535),protein_coding,trtricprjeb535
TTRE658,TTRE658_t1,1571,protein_coding,Pyruvate kinase  [Source:UniProtKB/TrEMBL;Acc:A0A077ZHV8],Trichuris trichiura (PRJEB535),protein_coding,trtricprjeb535
TTRE10240,TTRE10240_t1,1076,protein_coding,,Trichuris trichiura (PRJEB535),protein_coding,trtricprjeb535
TTRE9945,TTRE9945_t1,217,protein_coding,Carboxypeptidase e  [Source:UniProtKB/TrEMBL;Acc:A0A077Z8Q4],Trichuris trichiura (PRJEB535),protein_coding,trtricprjeb535
TTRE3242,TTRE3242_t1,374,protein_coding,DNA-directed RNA polymerase III subunit RPC9  [Source:UniProtKB/TrEMBL;Acc:A0A077Z162],Trichuris trichiura (PRJEB535),protein_coding,trtricprjeb535
TTRE6209,TTRE6209_t1,644,protein_coding,Hint module superfamily  [Source:UniProtKB/TrEMBL;Acc:A0A077ZEJ5],Trichuris trichiura (PRJEB535),protein_coding,trtricprjeb535
TTRE1277,TTRE1277_t1,701,protein_coding,HAD 2 domain containing protein  [Source:UniProtKB/TrEMBL;Acc:A0A077Z2W0],Trichuris trichiura (PRJEB535),protein_coding,trtricprjeb535
TTRE9581,TTRE9581_t1,455,protein_coding,,Trichuris trichiura (PRJEB535),protein_coding,trtricprjeb535
TTRE3954,TTRE3954_t1,203,protein_coding,,Trichuris trichiura (PRJEB535),protein_coding,trtricprjeb535
TTRE7540,TTRE7540_t1,443,protein_coding,,Trichuris trichiura (PRJEB535),protein_coding,trtricprjeb535
TTRE9100,TTRE9100_t1,299,protein_coding,,Trichuris trichiura (PRJEB535),protein_coding,trtricprjeb535
TTRE4550,TTRE4550_t1,164,protein_coding,,Trichuris trichiura (PRJEB535),protein_coding,trtricprjeb535
TTRE6238,TTRE6238_t1,207,protein_coding,,Trichuris trichiura (PRJEB535),protein_coding,trtricprjeb535
TTRE1824,TTRE1824_t1,236,protein_coding,,Trichuris trichiura (PRJEB535),protein_coding,trtricprjeb535
TTRE5577,TTRE5577_t1,424,protein_coding,,Trichuris trichiura (PRJEB535),protein_coding,trtricprjeb535
TTRE11393,TTRE11393_t1,177,protein_coding,,Trichuris trichiura (PRJEB535),protein_coding,trtricprjeb535
TTRE10728,TTRE10728_t1,743,protein_coding,,Trichuris trichiura (PRJEB535),protein_coding,trtricprjeb535
TTRE1431,TTRE1431_t1,428,protein_coding,,Trichuris trichiura (PRJEB535),protein_coding,trtricprjeb535
TTRE4924,TTRE4924_t1,286,protein_coding,Guanine nucleotide binding protein G(I) subunit  [Source:UniProtKB/TrEMBL;Acc:A0A077YZM4],Trichuris trichiura (PRJEB535),protein_coding,trtricprjeb535
TTRE2228,TTRE2228_t1,222,protein_coding,,Trichuris trichiura (PRJEB535),protein_coding,trtricprjeb535
TTRE9528,TTRE9528_t1,296,protein_coding,,Trichuris trichiura (PRJEB535),protein_coding,trtricprjeb535
TTRE10920,TTRE10920_t1,615,protein_coding,,Trichuris trichiura (PRJEB535),protein_coding,trtricprjeb535
TTRE4846,TTRE4846_t1,181,protein_coding,DNA directed RNA polymerase II subunit  [Source:UniProtKB/TrEMBL;Acc:A0A077YW03],Trichuris trichiura (PRJEB535),protein_coding,trtricprjeb535
TTRE4121,TTRE4121_t1,236,protein_coding,,Trichuris trichiura (PRJEB535),protein_coding,trtricprjeb535
TTRE12045,TTRE12045_t1,548,protein_coding,,Trichuris trichiura (PRJEB535),protein_coding,trtricprjeb535
TTRE4240,TTRE4240_t1,694,protein_coding,,Trichuris trichiura (PRJEB535),protein_coding,trtricprjeb535
TTRE10889,TTRE10889_t1,479,protein_coding,,Trichuris trichiura (PRJEB535),protein_coding,trtricprjeb535
TTRE2632,TTRE2632_t1,717,protein_coding,Ras domain containing protein  [Source:UniProtKB/TrEMBL;Acc:A0A077Z4F7],Trichuris trichiura (PRJEB535),protein_coding,trtricprjeb535
TTRE11971,TTRE11971_t1,1314,protein_coding,,Trichuris trichiura (PRJEB535),protein_coding,trtricprjeb535
TTRE12383,TTRE12383_t1,1099,protein_coding,,Trichuris trichiura (PRJEB535),protein_coding,trtricprjeb535
TTRE5046,TTRE5046_t1,1122,protein_coding,,Trichuris trichiura (PRJEB535),protein_coding,trtricprjeb535
TTRE10717,TTRE10717_t1,255,protein_coding,,Trichuris trichiura (PRJEB535),protein_coding,trtricprjeb535
TTRE7036,TTRE7036_t1,965,protein_coding,,Trichuris trichiura (PRJEB535),protein_coding,trtricprjeb535
TTRE10760,TTRE10760_t1,437,protein_coding,,Trichuris trichiura (PRJEB535),protein_coding,trtricprjeb535
TTRE888,TTRE888_t1,1002,protein_coding,Animal haem peroxidase family protein  [Source:UniProtKB/TrEMBL;Acc:A0A077Z3D2],Trichuris trichiura (PRJEB535),protein_coding,trtricprjeb535
TTRE716,TTRE716_t1,371,protein_coding,,Trichuris trichiura (PRJEB535),protein_coding,trtricprjeb535
TTRE2303,TTRE2303_t1,274,protein_coding,,Trichuris trichiura (PRJEB535),protein_coding,trtricprjeb535
TTRE11465,TTRE11465_t1,1577,protein_coding,,Trichuris trichiura (PRJEB535),protein_coding,trtricprjeb535
TTRE3190,TTRE3190_t1,294,protein_coding,Protein DBF4 like protein B  [Source:UniProtKB/TrEMBL;Acc:A0A077YWV1],Trichuris trichiura (PRJEB535),protein_coding,trtricprjeb535
TTRE2218,TTRE2218_t1,273,protein_coding,DNA replication licensing factor MCM4  [Source:UniProtKB/TrEMBL;Acc:A0A077ZGF4],Trichuris trichiura (PRJEB535),protein_coding,trtricprjeb535
TTRE9967,TTRE9967_t1,666,protein_coding,Glutamate receptor interacting protein 1  [Source:UniProtKB/TrEMBL;Acc:A0A077YXZ4],Trichuris trichiura (PRJEB535),protein_coding,trtricprjeb535
TTRE6782,TTRE6782_t1,260,protein_coding,RNA helicase  [Source:UniProtKB/TrEMBL;Acc:A0A077ZEM9],Trichuris trichiura (PRJEB535),protein_coding,trtricprjeb535
TTRE12508,TTRE12508_t1,136,protein_coding,,Trichuris trichiura (PRJEB535),protein_coding,trtricprjeb535
TTRE3640,TTRE3640_t1,214,protein_coding,,Trichuris trichiura (PRJEB535),protein_coding,trtricprjeb535
TTRE11552,TTRE11552_t1,1694,protein_coding,,Trichuris trichiura (PRJEB535),protein_coding,trtricprjeb535
TTRE9962,TTRE9962_t1,344,protein_coding,,Trichuris trichiura (PRJEB535),protein_coding,trtricprjeb535
TTRE6204,TTRE6204_t1,140,protein_coding,,Trichuris trichiura (PRJEB535),protein_coding,trtricprjeb535
TTRE5950,TTRE5950_t1,833,protein_coding,RNA-binding protein 42  [Source:UniProtKB/TrEMBL;Acc:A0A077Z474],Trichuris trichiura (PRJEB535),protein_coding,trtricprjeb535
TTRE79,TTRE79_t2,547,protein_coding,DNA-directed RNA polymerase III subunit RPC5  [Source:UniProtKB/TrEMBL;Acc:A0A077Z0F8],Trichuris trichiura (PRJEB535),protein_coding,trtricprjeb535
TTRE3272,TTRE3272_t1,1188,protein_coding,MCRS N domain containing protein  [Source:UniProtKB/TrEMBL;Acc:A0A077ZM13],Trichuris trichiura (PRJEB535),protein_coding,trtricprjeb535
TTRE2196,TTRE2196_t1,632,protein_coding,Coatomer subunit beta  [Source:UniProtKB/TrEMBL;Acc:A0A077Z614],Trichuris trichiura (PRJEB535),protein_coding,trtricprjeb535
TTRE12194,TTRE12194_t1,809,protein_coding,,Trichuris trichiura (PRJEB535),protein_coding,trtricprjeb535
TTRE11913,TTRE11913_t1,350,protein_coding,,Trichuris trichiura (PRJEB535),protein_coding,trtricprjeb535
TTRE1337,TTRE1337_t1,302,protein_coding,,Trichuris trichiura (PRJEB535),protein_coding,trtricprjeb535
TTRE2614,TTRE2614_t1,302,protein_coding,"Succinate-semialdehyde dehydrogenase, mitochondri al  [Source:UniProtKB/TrEMBL;Acc:A0A077Z029]",Trichuris trichiura (PRJEB535),protein_coding,trtricprjeb535
TTRE9051,TTRE9051_t1,361,protein_coding,CBM 14 domain containing protein  [Source:UniProtKB/TrEMBL;Acc:A0A077Z454],Trichuris trichiura (PRJEB535),protein_coding,trtricprjeb535
TTRE9482,TTRE9482_t1,533,protein_coding,,Trichuris trichiura (PRJEB535),protein_coding,trtricprjeb535
TTRE3812,TTRE3812_t1,266,protein_coding,,Trichuris trichiura (PRJEB535),protein_coding,trtricprjeb535
TTRE11576,TTRE11576_t1,251,protein_coding,,Trichuris trichiura (PRJEB535),protein_coding,trtricprjeb535
TTRE1048,TTRE1048_t1,236,protein_coding,pyridoxal 5'-phosphate synthase  [Source:UniProtKB/TrEMBL;Acc:A0A077ZEE3],Trichuris trichiura (PRJEB535),protein_coding,trtricprjeb535
TTRE7686,TTRE7686_t1,512,protein_coding,Putative nuclear hormone receptor HR38  [Source:UniProtKB/TrEMBL;Acc:A0A077Z3H5],Trichuris trichiura (PRJEB535),protein_coding,trtricprjeb535
TTRE6981,TTRE6981_t1,251,protein_coding,,Trichuris trichiura (PRJEB535),protein_coding,trtricprjeb535
TTRE4961,TTRE4961_t1,224,protein_coding,,Trichuris trichiura (PRJEB535),protein_coding,trtricprjeb535
TTRE4439,TTRE4439_t1,135,protein_coding,,Trichuris trichiura (PRJEB535),protein_coding,trtricprjeb535
TTRE3388,TTRE3388_t3,345,protein_coding,,Trichuris trichiura (PRJEB535),protein_coding,trtricprjeb535
TTRE6538,TTRE6538_t1,809,protein_coding,,Trichuris trichiura (PRJEB535),protein_coding,trtricprjeb535
TTRE8076,TTRE8076_t1,371,protein_coding,Histone H2B  [Source:UniProtKB/TrEMBL;Acc:A0A077ZJU3],Trichuris trichiura (PRJEB535),protein_coding,trtricprjeb535
TTRE7745,TTRE7745_t1,749,protein_coding,,Trichuris trichiura (PRJEB535),protein_coding,trtricprjeb535
TTRE9708,TTRE9708_t1,437,protein_coding,,Trichuris trichiura (PRJEB535),protein_coding,trtricprjeb535
TTRE9741,TTRE9741_t1,995,protein_coding,,Trichuris trichiura (PRJEB535),protein_coding,trtricprjeb535
TTRE7198,TTRE7198_t1,1880,protein_coding,,Trichuris trichiura (PRJEB535),protein_coding,trtricprjeb535
TTRE10253,TTRE10253_t1,392,protein_coding,,Trichuris trichiura (PRJEB535),protein_coding,trtricprjeb535
TTRE9078,TTRE9078_t1,242,protein_coding,,Trichuris trichiura (PRJEB535),protein_coding,trtricprjeb535
TTRE5800,TTRE5800_t1,160,protein_coding,Ribonuclease UK114  [Source:UniProtKB/TrEMBL;Acc:A0A077Z8Z3],Trichuris trichiura (PRJEB535),protein_coding,trtricprjeb535
TTRE874,TTRE874_t1,272,protein_coding,,Trichuris trichiura (PRJEB535),protein_coding,trtricprjeb535
TTRE7882,TTRE7882_t1,425,protein_coding,,Trichuris trichiura (PRJEB535),protein_coding,trtricprjeb535
TTRE2858,TTRE2858_t1,953,protein_coding,Tudor domain-containing protein  [Source:UniProtKB/TrEMBL;Acc:A0A077Z5H2],Trichuris trichiura (PRJEB535),protein_coding,trtricprjeb535
TTRE10567,TTRE10567_t1,455,protein_coding,,Trichuris trichiura (PRJEB535),protein_coding,trtricprjeb535
TTRE9272,TTRE9272_t1,292,protein_coding,,Trichuris trichiura (PRJEB535),protein_coding,trtricprjeb535
TTRE5951,TTRE5951_t1,186,protein_coding,,Trichuris trichiura (PRJEB535),protein_coding,trtricprjeb535
TTRE4436,TTRE4436_t1,303,protein_coding,,Trichuris trichiura (PRJEB535),protein_coding,trtricprjeb535
TTRE5778,TTRE5778_t1,256,protein_coding,N-acetylglucosamine-6-phosphate deacetylase  [Source:UniProtKB/TrEMBL;Acc:A0A077ZFC4],Trichuris trichiura (PRJEB535),protein_coding,trtricprjeb535
TTRE5590,TTRE5590_t1,512,protein_coding,,Trichuris trichiura (PRJEB535),protein_coding,trtricprjeb535
TTRE1961,TTRE1961_t1,149,protein_coding,,Trichuris trichiura (PRJEB535),protein_coding,trtricprjeb535
TTRE12359,TTRE12359_t1,895,protein_coding,,Trichuris trichiura (PRJEB535),protein_coding,trtricprjeb535
TTRE5912,TTRE5912_t1,731,protein_coding,,Trichuris trichiura (PRJEB535),protein_coding,trtricprjeb535
TTRE1411,TTRE1411_t1,386,protein_coding,,Trichuris trichiura (PRJEB535),protein_coding,trtricprjeb535
TTRE6065,TTRE6065_t1,350,protein_coding,,Trichuris trichiura (PRJEB535),protein_coding,trtricprjeb535
TTRE3402,TTRE3402_t1,135,protein_coding,,Trichuris trichiura (PRJEB535),protein_coding,trtricprjeb535
TTRE8603,TTRE8603_t1,745,protein_coding,Homeobox domain containing protein  [Source:UniProtKB/TrEMBL;Acc:A0A077YYV4],Trichuris trichiura (PRJEB535),protein_coding,trtricprjeb535
TTRE7320,TTRE7320_t1,1074,protein_coding,,Trichuris trichiura (PRJEB535),protein_coding,trtricprjeb535
TTRE4862,TTRE4862_t1,806,protein_coding,Hexamethylene bis acetamide inducible 1  [Source:UniProtKB/TrEMBL;Acc:A0A077ZIL8],Trichuris trichiura (PRJEB535),protein_coding,trtricprjeb535
TTRE6448,TTRE6448_t1,3965,protein_coding,,Trichuris trichiura (PRJEB535),protein_coding,trtricprjeb535
TTRE1863,TTRE1863_t2,309,protein_coding,RNA binding protein fusilli  [Source:UniProtKB/TrEMBL;Acc:A0A077ZBY1],Trichuris trichiura (PRJEB535),protein_coding,trtricprjeb535
TTRE1083,TTRE1083_t1,521,protein_coding,,Trichuris trichiura (PRJEB535),protein_coding,trtricprjeb535
TTRE6014,TTRE6014_t1,276,protein_coding,,Trichuris trichiura (PRJEB535),protein_coding,trtricprjeb535
TTRE3037,TTRE3037_t1,260,protein_coding,,Trichuris trichiura (PRJEB535),protein_coding,trtricprjeb535
TTRE10366,TTRE10366_t1,1247,protein_coding,,Trichuris trichiura (PRJEB535),protein_coding,trtricprjeb535
TTRE6229,TTRE6229_t1,842,protein_coding,,Trichuris trichiura (PRJEB535),protein_coding,trtricprjeb535
TTRE8822,TTRE8822_t1,764,protein_coding,,Trichuris trichiura (PRJEB535),protein_coding,trtricprjeb535
TTRE6636,TTRE6636_t1,431,protein_coding,,Trichuris trichiura (PRJEB535),protein_coding,trtricprjeb535
TTRE6338,TTRE6338_t1,293,protein_coding,,Trichuris trichiura (PRJEB535),protein_coding,trtricprjeb535
TTRE10247,TTRE10247_t1,3878,protein_coding,,Trichuris trichiura (PRJEB535),protein_coding,trtricprjeb535
TTRE1810,TTRE1810_t1,260,protein_coding,,Trichuris trichiura (PRJEB535),protein_coding,trtricprjeb535
TTRE11550,TTRE11550_t1,214,protein_coding,,Trichuris trichiura (PRJEB535),protein_coding,trtricprjeb535
TTRE8850,TTRE8850_t1,152,protein_coding,,Trichuris trichiura (PRJEB535),protein_coding,trtricprjeb535
TTRE5979,TTRE5979_t1,1712,protein_coding,,Trichuris trichiura (PRJEB535),protein_coding,trtricprjeb535
TTRE4686,TTRE4686_t1,132,protein_coding,,Trichuris trichiura (PRJEB535),protein_coding,trtricprjeb535
TTRE7702,TTRE7702_t1,326,protein_coding,,Trichuris trichiura (PRJEB535),protein_coding,trtricprjeb535
TTRE10919,TTRE10919_t1,2888,protein_coding,,Trichuris trichiura (PRJEB535),protein_coding,trtricprjeb535
TTRE10388,TTRE10388_t1,392,protein_coding,,Trichuris trichiura (PRJEB535),protein_coding,trtricprjeb535
TTRE8039,TTRE8039_t1,779,protein_coding,,Trichuris trichiura (PRJEB535),protein_coding,trtricprjeb535
TTRE6580,TTRE6580_t1,119,protein_coding,,Trichuris trichiura (PRJEB535),protein_coding,trtricprjeb535
TTRE10630,TTRE10630_t1,103,protein_coding,,Trichuris trichiura (PRJEB535),protein_coding,trtricprjeb535
TTRE816,TTRE816_t1,186,protein_coding,,Trichuris trichiura (PRJEB535),protein_coding,trtricprjeb535
TTRE5006,TTRE5006_t1,647,protein_coding,Fork head domain containing protein  [Source:UniProtKB/TrEMBL;Acc:A0A077ZCA4],Trichuris trichiura (PRJEB535),protein_coding,trtricprjeb535
TTRE3644,TTRE3644_t1,292,protein_coding,Tubby-like protein  [Source:UniProtKB/TrEMBL;Acc:A0A077YUM5],Trichuris trichiura (PRJEB535),protein_coding,trtricprjeb535
TTRE374,TTRE374_t1,165,protein_coding,SVWC domain-containing protein  [Source:UniProtKB/TrEMBL;Acc:A0A077ZD06],Trichuris trichiura (PRJEB535),protein_coding,trtricprjeb535
TTRE11808,TTRE11808_t1,505,protein_coding,Katanin p80 WD40 containing subunit B1  [Source:UniProtKB/TrEMBL;Acc:A0A077ZD53],Trichuris trichiura (PRJEB535),protein_coding,trtricprjeb535
TTRE8661,TTRE8661_t1,277,protein_coding,Kelch-like protein 3  [Source:UniProtKB/TrEMBL;Acc:A0A077ZCJ4],Trichuris trichiura (PRJEB535),protein_coding,trtricprjeb535
TTRE7546,TTRE7546_t1,1514,protein_coding,Protein kinase domain-containing protein  [Source:UniProtKB/TrEMBL;Acc:A0A077ZB77],Trichuris trichiura (PRJEB535),protein_coding,trtricprjeb535
TTRE11928,TTRE11928_t1,539,protein_coding,,Trichuris trichiura (PRJEB535),protein_coding,trtricprjeb535
TTRE883,TTRE883_t1,654,protein_coding,,Trichuris trichiura (PRJEB535),protein_coding,trtricprjeb535
TTRE724,TTRE724_t1,316,protein_coding,,Trichuris trichiura (PRJEB535),protein_coding,trtricprjeb535
TTRE11757,TTRE11757_t1,590,protein_coding,"Protein GLB 18, a  [Source:UniProtKB/TrEMBL;Acc:A0A077Z3A3]",Trichuris trichiura (PRJEB535),protein_coding,trtricprjeb535
TTRE7317,TTRE7317_t1,464,protein_coding,,Trichuris trichiura (PRJEB535),protein_coding,trtricprjeb535
TTRE2084,TTRE2084_t1,306,protein_coding,,Trichuris trichiura (PRJEB535),protein_coding,trtricprjeb535
TTRE10307,TTRE10307_t1,824,protein_coding,,Trichuris trichiura (PRJEB535),protein_coding,trtricprjeb535
TTRE6331,TTRE6331_t1,287,protein_coding,Gemin7 domain containing protein  [Source:UniProtKB/TrEMBL;Acc:A0A077Z2K0],Trichuris trichiura (PRJEB535),protein_coding,trtricprjeb535
TTRE5842,TTRE5842_t1,806,protein_coding,,Trichuris trichiura (PRJEB535),protein_coding,trtricprjeb535
TTRE2661,TTRE2661_t1,196,protein_coding,,Trichuris trichiura (PRJEB535),protein_coding,trtricprjeb535
TTRE11123,TTRE11123_t1,740,protein_coding,,Trichuris trichiura (PRJEB535),protein_coding,trtricprjeb535
TTRE9028,TTRE9028_t1,1121,protein_coding,Flp 18 GPCR receptor  [Source:UniProtKB/TrEMBL;Acc:A0A077YXG4],Trichuris trichiura (PRJEB535),protein_coding,trtricprjeb535
TTRE3794,TTRE3794_t1,131,protein_coding,,Trichuris trichiura (PRJEB535),protein_coding,trtricprjeb535
TTRE2896,TTRE2896_t1,711,protein_coding,RNA helicase  [Source:UniProtKB/TrEMBL;Acc:A0A077ZI19],Trichuris trichiura (PRJEB535),protein_coding,trtricprjeb535
TTRE12268,TTRE12268_t1,160,protein_coding,Mitotic spindle assembly checkpoint protein MAD2A  [Source:UniProtKB/TrEMBL;Acc:A0A077ZEG5],Trichuris trichiura (PRJEB535),protein_coding,trtricprjeb535
TTRE1860,TTRE1860_t1,263,protein_coding,Caveolin  [Source:UniProtKB/TrEMBL;Acc:A0A077YVZ9],Trichuris trichiura (PRJEB535),protein_coding,trtricprjeb535
TTRE4079,TTRE4079_t1,166,protein_coding,,Trichuris trichiura (PRJEB535),protein_coding,trtricprjeb535
TTRE8427,TTRE8427_t1,621,protein_coding,,Trichuris trichiura (PRJEB535),protein_coding,trtricprjeb535
TTRE9851,TTRE9851_t1,271,protein_coding,,Trichuris trichiura (PRJEB535),protein_coding,trtricprjeb535
TTRE4520,TTRE4520_t1,2108,protein_coding,Nose resistant to fluoxetine protein 6  [Source:UniProtKB/TrEMBL;Acc:A0A077ZJR3],Trichuris trichiura (PRJEB535),protein_coding,trtricprjeb535
TTRE7115,TTRE7115_t1,869,protein_coding,,Trichuris trichiura (PRJEB535),protein_coding,trtricprjeb535
TTRE1215,TTRE1215_t1,191,protein_coding,,Trichuris trichiura (PRJEB535),protein_coding,trtricprjeb535
TTRE8355,TTRE8355_t1,1829,protein_coding,APOBEC N domain containing protein  [Source:UniProtKB/TrEMBL;Acc:A0A077Z854],Trichuris trichiura (PRJEB535),protein_coding,trtricprjeb535
TTRE10877,TTRE10877_t1,449,protein_coding,,Trichuris trichiura (PRJEB535),protein_coding,trtricprjeb535
TTRE3427,TTRE3427_t1,554,protein_coding,"Glutamate receptor, ionotropic kainate 3  [Source:UniProtKB/TrEMBL;Acc:A0A077YZQ7]",Trichuris trichiura (PRJEB535),protein_coding,trtricprjeb535
TTRE7743,TTRE7743_t1,329,protein_coding,,Trichuris trichiura (PRJEB535),protein_coding,trtricprjeb535
TTRE11134,TTRE11134_t1,468,protein_coding,,Trichuris trichiura (PRJEB535),protein_coding,trtricprjeb535
TTRE10548,TTRE10548_t1,567,protein_coding,,Trichuris trichiura (PRJEB535),protein_coding,trtricprjeb535
TTRE7888,TTRE7888_t1,187,protein_coding,,Trichuris trichiura (PRJEB535),protein_coding,trtricprjeb535
TTRE3859,TTRE3859_t1,343,protein_coding,,Trichuris trichiura (PRJEB535),protein_coding,trtricprjeb535
TTRE8551,TTRE8551_t1,377,protein_coding,,Trichuris trichiura (PRJEB535),protein_coding,trtricprjeb535
TTRE271,TTRE271_t1,1715,protein_coding,Moesin/ezrin/radixin homolog 1  [Source:UniProtKB/TrEMBL;Acc:A0A077Z0T3],Trichuris trichiura (PRJEB535),protein_coding,trtricprjeb535
TTRE1543,TTRE1543_t1,717,protein_coding,WD40/YVTN repeat-like-containing domain  [Source:UniProtKB/TrEMBL;Acc:A0A077YZD3],Trichuris trichiura (PRJEB535),protein_coding,trtricprjeb535
TTRE9880,TTRE9880_t1,155,protein_coding,,Trichuris trichiura (PRJEB535),protein_coding,trtricprjeb535
TTRE6110,TTRE6110_t1,145,protein_coding,,Trichuris trichiura (PRJEB535),protein_coding,trtricprjeb535
TTRE11178,TTRE11178_t1,2643,protein_coding,,Trichuris trichiura (PRJEB535),protein_coding,trtricprjeb535
TTRE478,TTRE478_t1,623,protein_coding,,Trichuris trichiura (PRJEB535),protein_coding,trtricprjeb535
TTRE1380,TTRE1380_t1,589,protein_coding,,Trichuris trichiura (PRJEB535),protein_coding,trtricprjeb535
TTRE5298,TTRE5298_t1,503,protein_coding,,Trichuris trichiura (PRJEB535),protein_coding,trtricprjeb535
TTRE5301,TTRE5301_t1,2637,protein_coding,PX and PXA and RGS domain containing protein  [Source:UniProtKB/TrEMBL;Acc:A0A077Z6Z7],Trichuris trichiura (PRJEB535),protein_coding,trtricprjeb535
TTRE1406,TTRE1406_t1,1064,protein_coding,,Trichuris trichiura (PRJEB535),protein_coding,trtricprjeb535
TTRE11770,TTRE11770_t1,313,protein_coding,SH2 domain containing protein  [Source:UniProtKB/TrEMBL;Acc:A0A077Z0C6],Trichuris trichiura (PRJEB535),protein_coding,trtricprjeb535
TTRE9878,TTRE9878_t1,547,protein_coding,"Potassium channels protein 7, TWiK family  [Source:UniProtKB/TrEMBL;Acc:A0A077Z7Q1]",Trichuris trichiura (PRJEB535),protein_coding,trtricprjeb535
TTRE6030,TTRE6030_t1,346,protein_coding,,Trichuris trichiura (PRJEB535),protein_coding,trtricprjeb535
TTRE3505,TTRE3505_t1,1946,protein_coding,Zinc finger protein  [Source:UniProtKB/TrEMBL;Acc:A0A077Z8C6],Trichuris trichiura (PRJEB535),protein_coding,trtricprjeb535
TTRE11686,TTRE11686_t1,461,protein_coding,,Trichuris trichiura (PRJEB535),protein_coding,trtricprjeb535
TTRE12536,TTRE12536_t1,884,protein_coding,,Trichuris trichiura (PRJEB535),protein_coding,trtricprjeb535
TTRE2690,TTRE2690_t1,226,protein_coding,Transcription initiation factor IIE subunit beta  [Source:UniProtKB/TrEMBL;Acc:A0A077Z416],Trichuris trichiura (PRJEB535),protein_coding,trtricprjeb535
TTRE2768,TTRE2768_t1,317,protein_coding,JNK interacting protein  [Source:UniProtKB/TrEMBL;Acc:A0A077ZCA0],Trichuris trichiura (PRJEB535),protein_coding,trtricprjeb535
TTRE8816,TTRE8816_t1,377,protein_coding,,Trichuris trichiura (PRJEB535),protein_coding,trtricprjeb535
TTRE3020,TTRE3020_t1,233,protein_coding,,Trichuris trichiura (PRJEB535),protein_coding,trtricprjeb535
TTRE2542,TTRE2542_t1,1391,protein_coding,RNA helicase  [Source:UniProtKB/TrEMBL;Acc:A0A077ZNP9],Trichuris trichiura (PRJEB535),protein_coding,trtricprjeb535
TTRE8592,TTRE8592_t1,490,protein_coding,,Trichuris trichiura (PRJEB535),protein_coding,trtricprjeb535
TTRE4353,TTRE4353_t1,188,protein_coding,,Trichuris trichiura (PRJEB535),protein_coding,trtricprjeb535
TTRE811,TTRE811_t1,1057,protein_coding,CUB and Ldl recept a domain containing protein  [Source:UniProtKB/TrEMBL;Acc:A0A077ZDW0],Trichuris trichiura (PRJEB535),protein_coding,trtricprjeb535
TTRE11873,TTRE11873_t1,509,protein_coding,,Trichuris trichiura (PRJEB535),protein_coding,trtricprjeb535
TTRE4077,TTRE4077_t1,350,protein_coding,Protein lsy  [Source:UniProtKB/TrEMBL;Acc:A0A077Z6R0],Trichuris trichiura (PRJEB535),protein_coding,trtricprjeb535
TTRE3078,TTRE3078_t1,218,protein_coding,Tetraspanin  [Source:UniProtKB/TrEMBL;Acc:A0A077Z304],Trichuris trichiura (PRJEB535),protein_coding,trtricprjeb535
TTRE4506,TTRE4506_t1,570,protein_coding,,Trichuris trichiura (PRJEB535),protein_coding,trtricprjeb535
TTRE6786,TTRE6786_t1,228,protein_coding,Cyclin N domain containing protein  [Source:UniProtKB/TrEMBL;Acc:A0A077ZF77],Trichuris trichiura (PRJEB535),protein_coding,trtricprjeb535
TTRE12333,TTRE12333_t1,266,protein_coding,,Trichuris trichiura (PRJEB535),protein_coding,trtricprjeb535
TTRE11124,TTRE11124_t1,479,protein_coding,,Trichuris trichiura (PRJEB535),protein_coding,trtricprjeb535
TTRE1038,TTRE1038_t1,151,protein_coding,,Trichuris trichiura (PRJEB535),protein_coding,trtricprjeb535
TTRE10439,TTRE10439_t1,389,protein_coding,,Trichuris trichiura (PRJEB535),protein_coding,trtricprjeb535
TTRE2792,TTRE2792_t1,794,protein_coding,Globin domain containing protein  [Source:UniProtKB/TrEMBL;Acc:A0A077YUP1],Trichuris trichiura (PRJEB535),protein_coding,trtricprjeb535
TTRE9745,TTRE9745_t1,1113,protein_coding,,Trichuris trichiura (PRJEB535),protein_coding,trtricprjeb535
TTRE1651,TTRE1651_t1,683,protein_coding,,Trichuris trichiura (PRJEB535),protein_coding,trtricprjeb535
TTRE11467,TTRE11467_t1,242,protein_coding,,Trichuris trichiura (PRJEB535),protein_coding,trtricprjeb535
TTRE9922,TTRE9922_t1,212,protein_coding,,Trichuris trichiura (PRJEB535),protein_coding,trtricprjeb535
TTRE9315,TTRE9315_t1,605,protein_coding,,Trichuris trichiura (PRJEB535),protein_coding,trtricprjeb535
TTRE4033,TTRE4033_t2,1094,protein_coding,,Trichuris trichiura (PRJEB535),protein_coding,trtricprjeb535
TTRE8113,TTRE8113_t1,554,protein_coding,,Trichuris trichiura (PRJEB535),protein_coding,trtricprjeb535
TTRE9526,TTRE9526_t1,304,protein_coding,,Trichuris trichiura (PRJEB535),protein_coding,trtricprjeb535
TTRE6911,TTRE6911_t1,863,protein_coding,,Trichuris trichiura (PRJEB535),protein_coding,trtricprjeb535
TTRE4501,TTRE4501_t1,356,protein_coding,Hypoxia up regulated protein 1  [Source:UniProtKB/TrEMBL;Acc:A0A077ZEK1],Trichuris trichiura (PRJEB535),protein_coding,trtricprjeb535
TTRE7410,TTRE7410_t1,2947,protein_coding,,Trichuris trichiura (PRJEB535),protein_coding,trtricprjeb535
TTRE2784,TTRE2784_t1,169,protein_coding,,Trichuris trichiura (PRJEB535),protein_coding,trtricprjeb535
TTRE2371,TTRE2371_t3,672,protein_coding,,Trichuris trichiura (PRJEB535),protein_coding,trtricprjeb535
TTRE3995,TTRE3995_t1,488,protein_coding,U6 snRNA-associated Sm-like protein LSm1  [Source:UniProtKB/TrEMBL;Acc:A0A077Z9J7],Trichuris trichiura (PRJEB535),protein_coding,trtricprjeb535
TTRE6919,TTRE6919_t1,593,protein_coding,,Trichuris trichiura (PRJEB535),protein_coding,trtricprjeb535
TTRE7512,TTRE7512_t1,899,protein_coding,Serine/threonine-protein phosphatase  [Source:UniProtKB/TrEMBL;Acc:A0A077ZCZ1],Trichuris trichiura (PRJEB535),protein_coding,trtricprjeb535
TTRE9733,TTRE9733_t1,386,protein_coding,C2 domain containing protein  [Source:UniProtKB/TrEMBL;Acc:A0A077Z4H8],Trichuris trichiura (PRJEB535),protein_coding,trtricprjeb535
TTRE7829,TTRE7829_t1,470,protein_coding,,Trichuris trichiura (PRJEB535),protein_coding,trtricprjeb535
TTRE11669,TTRE11669_t1,407,protein_coding,,Trichuris trichiura (PRJEB535),protein_coding,trtricprjeb535
TTRE2577,TTRE2577_t1,392,protein_coding,,Trichuris trichiura (PRJEB535),protein_coding,trtricprjeb535
TTRE10259,TTRE10259_t1,773,protein_coding,,Trichuris trichiura (PRJEB535),protein_coding,trtricprjeb535
TTRE2740,TTRE2740_t1,421,protein_coding,Ribosome biogenesis protein BRX1 homolog  [Source:UniProtKB/TrEMBL;Acc:A0A077ZDI7],Trichuris trichiura (PRJEB535),protein_coding,trtricprjeb535
TTRE10371,TTRE10371_t1,1811,protein_coding,,Trichuris trichiura (PRJEB535),protein_coding,trtricprjeb535
TTRE4107,TTRE4107_t1,300,protein_coding,,Trichuris trichiura (PRJEB535),protein_coding,trtricprjeb535
TTRE5318,TTRE5318_t1,1982,protein_coding,,Trichuris trichiura (PRJEB535),protein_coding,trtricprjeb535
TTRE7139,TTRE7139_t1,590,protein_coding,Secreted protein  [Source:UniProtKB/TrEMBL;Acc:A0A077ZLL8],Trichuris trichiura (PRJEB535),protein_coding,trtricprjeb535
TTRE4313,TTRE4313_t1,882,protein_coding,,Trichuris trichiura (PRJEB535),protein_coding,trtricprjeb535
TTRE11285,TTRE11285_t1,239,protein_coding,,Trichuris trichiura (PRJEB535),protein_coding,trtricprjeb535
TTRE7965,TTRE7965_t1,1655,protein_coding,,Trichuris trichiura (PRJEB535),protein_coding,trtricprjeb535
TTRE9530,TTRE9530_t1,1933,protein_coding,,Trichuris trichiura (PRJEB535),protein_coding,trtricprjeb535
TTRE9018,TTRE9018_t1,781,protein_coding,,Trichuris trichiura (PRJEB535),protein_coding,trtricprjeb535
TTRE10090,TTRE10090_t1,472,protein_coding,,Trichuris trichiura (PRJEB535),protein_coding,trtricprjeb535
TTRE4712,TTRE4712_t1,228,protein_coding,Protein disulfide-isomerase  [Source:UniProtKB/TrEMBL;Acc:A0A077ZLF1],Trichuris trichiura (PRJEB535),protein_coding,trtricprjeb535
TTRE3727,TTRE3727_t1,326,protein_coding,,Trichuris trichiura (PRJEB535),protein_coding,trtricprjeb535
TTRE11379,TTRE11379_t1,752,protein_coding,NICE-3 domain containing protein  [Source:UniProtKB/TrEMBL;Acc:A0A077ZC70],Trichuris trichiura (PRJEB535),protein_coding,trtricprjeb535
TTRE6632,TTRE6632_t1,761,protein_coding,,Trichuris trichiura (PRJEB535),protein_coding,trtricprjeb535
TTRE315,TTRE315_t1,187,protein_coding,,Trichuris trichiura (PRJEB535),protein_coding,trtricprjeb535
TTRE10505,TTRE10505_t1,686,protein_coding,,Trichuris trichiura (PRJEB535),protein_coding,trtricprjeb535
TTRE6935,TTRE6935_t1,167,protein_coding,,Trichuris trichiura (PRJEB535),protein_coding,trtricprjeb535
TTRE2007,TTRE2007_t1,163,protein_coding,,Trichuris trichiura (PRJEB535),protein_coding,trtricprjeb535
TTRE8765,TTRE8765_t1,294,protein_coding,Mitochondrial chaperone BCS1  [Source:UniProtKB/TrEMBL;Acc:A0A077ZE24],Trichuris trichiura (PRJEB535),protein_coding,trtricprjeb535
TTRE6059,TTRE6059_t1,470,protein_coding,,Trichuris trichiura (PRJEB535),protein_coding,trtricprjeb535
TTRE8695,TTRE8695_t1,1041,protein_coding,NUC153 domain containing protein  [Source:UniProtKB/TrEMBL;Acc:A0A077Z9K4],Trichuris trichiura (PRJEB535),protein_coding,trtricprjeb535
TTRE8495,TTRE8495_t1,530,protein_coding,,Trichuris trichiura (PRJEB535),protein_coding,trtricprjeb535
TTRE8188,TTRE8188_t1,648,protein_coding,,Trichuris trichiura (PRJEB535),protein_coding,trtricprjeb535
TTRE1233,TTRE1233_t1,281,protein_coding,,Trichuris trichiura (PRJEB535),protein_coding,trtricprjeb535
TTRE12580,TTRE12580_t1,1839,protein_coding,,Trichuris trichiura (PRJEB535),protein_coding,trtricprjeb535
TTRE11784,TTRE11784_t1,2787,protein_coding,Protein kinase domain-containing protein  [Source:UniProtKB/TrEMBL;Acc:A0A077ZA25],Trichuris trichiura (PRJEB535),protein_coding,trtricprjeb535
TTRE11726,TTRE11726_t1,389,protein_coding,,Trichuris trichiura (PRJEB535),protein_coding,trtricprjeb535
TTRE637,TTRE637_t1,226,protein_coding,,Trichuris trichiura (PRJEB535),protein_coding,trtricprjeb535
TTRE6573,TTRE6573_t1,824,protein_coding,,Trichuris trichiura (PRJEB535),protein_coding,trtricprjeb535
TTRE2304,TTRE2304_t1,277,protein_coding,,Trichuris trichiura (PRJEB535),protein_coding,trtricprjeb535
TTRE2035,TTRE2035_t1,265,protein_coding,Endoribonuclease  [Source:UniProtKB/TrEMBL;Acc:A0A077ZDR5],Trichuris trichiura (PRJEB535),protein_coding,trtricprjeb535
TTRE7392,TTRE7392_t1,1163,protein_coding,,Trichuris trichiura (PRJEB535),protein_coding,trtricprjeb535
TTRE6663,TTRE6663_t1,171,protein_coding,,Trichuris trichiura (PRJEB535),protein_coding,trtricprjeb535
TTRE1757,TTRE1757_t1,375,protein_coding,,Trichuris trichiura (PRJEB535),protein_coding,trtricprjeb535
TTRE1035,TTRE1035_t1,165,protein_coding,,Trichuris trichiura (PRJEB535),protein_coding,trtricprjeb535
TTRE3377,TTRE3377_t1,433,protein_coding,,Trichuris trichiura (PRJEB535),protein_coding,trtricprjeb535
TTRE7711,TTRE7711_t1,811,protein_coding,,Trichuris trichiura (PRJEB535),protein_coding,trtricprjeb535
TTRE4455,TTRE4455_t1,384,protein_coding,,Trichuris trichiura (PRJEB535),protein_coding,trtricprjeb535
TTRE9872,TTRE9872_t1,194,protein_coding,,Trichuris trichiura (PRJEB535),protein_coding,trtricprjeb535
TTRE10288,TTRE10288_t1,242,protein_coding,,Trichuris trichiura (PRJEB535),protein_coding,trtricprjeb535
TTRE4870,TTRE4870_t1,251,protein_coding,Sigma non-opioid intracellular receptor 1  [Source:UniProtKB/TrEMBL;Acc:A0A077ZEX4],Trichuris trichiura (PRJEB535),protein_coding,trtricprjeb535
TTRE1615,TTRE1615_t1,345,protein_coding,,Trichuris trichiura (PRJEB535),protein_coding,trtricprjeb535
TTRE3926,TTRE3926_t1,399,protein_coding,,Trichuris trichiura (PRJEB535),protein_coding,trtricprjeb535
TTRE5994,TTRE5994_t1,440,protein_coding,,Trichuris trichiura (PRJEB535),protein_coding,trtricprjeb535
TTRE8485,TTRE8485_t1,521,protein_coding,,Trichuris trichiura (PRJEB535),protein_coding,trtricprjeb535
TTRE3561,TTRE3561_t1,267,protein_coding,,Trichuris trichiura (PRJEB535),protein_coding,trtricprjeb535
TTRE8929,TTRE8929_t1,1635,protein_coding,,Trichuris trichiura (PRJEB535),protein_coding,trtricprjeb535
TTRE5408,TTRE5408_t1,273,protein_coding,,Trichuris trichiura (PRJEB535),protein_coding,trtricprjeb535
TTRE1607,TTRE1607_t1,289,protein_coding,Proton myo inositol cotransporter  [Source:UniProtKB/TrEMBL;Acc:A0A077Z491],Trichuris trichiura (PRJEB535),protein_coding,trtricprjeb535
TTRE6522,TTRE6522_t1,174,protein_coding,,Trichuris trichiura (PRJEB535),protein_coding,trtricprjeb535
TTRE1481,TTRE1481_t1,194,protein_coding,,Trichuris trichiura (PRJEB535),protein_coding,trtricprjeb535
TTRE16,TTRE16_t1,367,protein_coding,,Trichuris trichiura (PRJEB535),protein_coding,trtricprjeb535
TTRE5086,TTRE5086_t1,317,protein_coding,,Trichuris trichiura (PRJEB535),protein_coding,trtricprjeb535
TTRE5674,TTRE5674_t1,324,protein_coding,,Trichuris trichiura (PRJEB535),protein_coding,trtricprjeb535
TTRE1029,TTRE1029_t1,204,protein_coding,,Trichuris trichiura (PRJEB535),protein_coding,trtricprjeb535
TTRE11308,TTRE11308_t1,299,protein_coding,CPG4 domain containing protein  [Source:UniProtKB/TrEMBL;Acc:A0A077Z9A2],Trichuris trichiura (PRJEB535),protein_coding,trtricprjeb535
TTRE3015,TTRE3015_t1,263,protein_coding,,Trichuris trichiura (PRJEB535),protein_coding,trtricprjeb535
TTRE2595,TTRE2595_t1,216,protein_coding,,Trichuris trichiura (PRJEB535),protein_coding,trtricprjeb535
TTRE11456,TTRE11456_t1,276,protein_coding,,Trichuris trichiura (PRJEB535),protein_coding,trtricprjeb535
TTRE7660,TTRE7660_t1,218,protein_coding,PINc domain-containing protein  [Source:UniProtKB/TrEMBL;Acc:A0A077Z543],Trichuris trichiura (PRJEB535),protein_coding,trtricprjeb535
TTRE4529,TTRE4529_t1,592,protein_coding,,Trichuris trichiura (PRJEB535),protein_coding,trtricprjeb535
TTRE1088,TTRE1088_t1,1043,protein_coding,7TM GPCR Srx domain containing protein  [Source:UniProtKB/TrEMBL;Acc:A0A077Z8T5],Trichuris trichiura (PRJEB535),protein_coding,trtricprjeb535
TTRE5614,TTRE5614_t1,206,protein_coding,,Trichuris trichiura (PRJEB535),protein_coding,trtricprjeb535
TTRE4333,TTRE4333_t1,335,protein_coding,,Trichuris trichiura (PRJEB535),protein_coding,trtricprjeb535
TTRE8831,TTRE8831_t1,209,protein_coding,SNARE domain containing protein  [Source:UniProtKB/TrEMBL;Acc:A0A077ZC58],Trichuris trichiura (PRJEB535),protein_coding,trtricprjeb535
TTRE11188,TTRE11188_t1,1673,protein_coding,,Trichuris trichiura (PRJEB535),protein_coding,trtricprjeb535
TTRE9401,TTRE9401_t1,394,protein_coding,UPF0536 protein C12orf66  [Source:UniProtKB/TrEMBL;Acc:A0A077Z390],Trichuris trichiura (PRJEB535),protein_coding,trtricprjeb535
TTRE3842,TTRE3842_t1,331,protein_coding,BAG family molecular chaperone regulator 1  [Source:UniProtKB/TrEMBL;Acc:A0A077ZEQ4],Trichuris trichiura (PRJEB535),protein_coding,trtricprjeb535
TTRE3302,TTRE3302_t1,258,protein_coding,,Trichuris trichiura (PRJEB535),protein_coding,trtricprjeb535
TTRE10481,TTRE10481_t1,614,protein_coding,,Trichuris trichiura (PRJEB535),protein_coding,trtricprjeb535
TTRE2314,TTRE2314_t1,235,protein_coding,Phosphatidate cytidylyltransferase  [Source:UniProtKB/TrEMBL;Acc:A0A077YZ59],Trichuris trichiura (PRJEB535),protein_coding,trtricprjeb535
TTRE11740,TTRE11740_t1,192,protein_coding,,Trichuris trichiura (PRJEB535),protein_coding,trtricprjeb535
TTRE12533,TTRE12533_t1,2309,protein_coding,,Trichuris trichiura (PRJEB535),protein_coding,trtricprjeb535
TTRE11013,TTRE11013_t1,770,protein_coding,,Trichuris trichiura (PRJEB535),protein_coding,trtricprjeb535
TTRE4303,TTRE4303_t1,161,protein_coding,ER membrane protein complex subunit 3  [Source:UniProtKB/TrEMBL;Acc:A0A077Z4U0],Trichuris trichiura (PRJEB535),protein_coding,trtricprjeb535
TTRE32,TTRE32_t1,632,protein_coding,DNA endonuclease RBBP8  [Source:UniProtKB/TrEMBL;Acc:A0A077Z9P0],Trichuris trichiura (PRJEB535),protein_coding,trtricprjeb535
TTRE1864,TTRE1864_t1,380,protein_coding,,Trichuris trichiura (PRJEB535),protein_coding,trtricprjeb535
TTRE6460,TTRE6460_t1,363,protein_coding,,Trichuris trichiura (PRJEB535),protein_coding,trtricprjeb535
TTRE7481,TTRE7481_t1,339,protein_coding,,Trichuris trichiura (PRJEB535),protein_coding,trtricprjeb535
TTRE2909,TTRE2909_t1,186,protein_coding,Ras protein Rab 27A  [Source:UniProtKB/TrEMBL;Acc:A0A077ZIW3],Trichuris trichiura (PRJEB535),protein_coding,trtricprjeb535
TTRE11684,TTRE11684_t1,338,protein_coding,,Trichuris trichiura (PRJEB535),protein_coding,trtricprjeb535
TTRE3458,TTRE3458_t1,184,protein_coding,,Trichuris trichiura (PRJEB535),protein_coding,trtricprjeb535
TTRE12586,TTRE12586_t1,613,protein_coding,,Trichuris trichiura (PRJEB535),protein_coding,trtricprjeb535
TTRE8270,TTRE8270_t1,152,protein_coding,,Trichuris trichiura (PRJEB535),protein_coding,trtricprjeb535
TTRE3243,TTRE3243_t1,334,protein_coding,RRM 1 domain containing protein  [Source:UniProtKB/TrEMBL;Acc:A0A077Z637],Trichuris trichiura (PRJEB535),protein_coding,trtricprjeb535
TTRE1773,TTRE1773_t1,137,protein_coding,26S proteasome non-ATPase regulatory subunit 8  [Source:UniProtKB/TrEMBL;Acc:A0A077ZER9],Trichuris trichiura (PRJEB535),protein_coding,trtricprjeb535
TTRE1403,TTRE1403_t1,970,protein_coding,,Trichuris trichiura (PRJEB535),protein_coding,trtricprjeb535
TTRE6847,TTRE6847_t1,623,protein_coding,,Trichuris trichiura (PRJEB535),protein_coding,trtricprjeb535
TTRE7573,TTRE7573_t1,1148,protein_coding,,Trichuris trichiura (PRJEB535),protein_coding,trtricprjeb535
TTRE4179,TTRE4179_t1,675,protein_coding,Ras-GAP domain-containing protein  [Source:UniProtKB/TrEMBL;Acc:A0A077ZJK1],Trichuris trichiura (PRJEB535),protein_coding,trtricprjeb535
TTRE164,TTRE164_t1,509,protein_coding,,Trichuris trichiura (PRJEB535),protein_coding,trtricprjeb535
TTRE9190,TTRE9190_t1,338,protein_coding,,Trichuris trichiura (PRJEB535),protein_coding,trtricprjeb535
TTRE7974,TTRE7974_t1,383,protein_coding,,Trichuris trichiura (PRJEB535),protein_coding,trtricprjeb535
TTRE2940,TTRE2940_t1,122,protein_coding,,Trichuris trichiura (PRJEB535),protein_coding,trtricprjeb535
TTRE6724,TTRE6724_t1,1230,protein_coding,Dual specificity mitogen activated protein  [Source:UniProtKB/TrEMBL;Acc:A0A077ZCP8],Trichuris trichiura (PRJEB535),protein_coding,trtricprjeb535
TTRE1546,TTRE1546_t1,1878,protein_coding,,Trichuris trichiura (PRJEB535),protein_coding,trtricprjeb535
TTRE1306,TTRE1306_t2,242,protein_coding,,Trichuris trichiura (PRJEB535),protein_coding,trtricprjeb535
TTRE5584,TTRE5584_t1,189,protein_coding,,Trichuris trichiura (PRJEB535),protein_coding,trtricprjeb535
TTRE8923,TTRE8923_t1,554,protein_coding,,Trichuris trichiura (PRJEB535),protein_coding,trtricprjeb535
TTRE9873,TTRE9873_t1,326,protein_coding,,Trichuris trichiura (PRJEB535),protein_coding,trtricprjeb535
TTRE9347,TTRE9347_t1,986,protein_coding,,Trichuris trichiura (PRJEB535),protein_coding,trtricprjeb535
TTRE2754,TTRE2754_t1,306,protein_coding,,Trichuris trichiura (PRJEB535),protein_coding,trtricprjeb535
TTRE7607,TTRE7607_t1,293,protein_coding,NADH dehydrogenase [ubiquinone] 1 alpha subcomplex subunit 13  [Source:UniProtKB/TrEMBL;Acc:A0A077ZHR1],Trichuris trichiura (PRJEB535),protein_coding,trtricprjeb535
TTRE8099,TTRE8099_t1,226,protein_coding,,Trichuris trichiura (PRJEB535),protein_coding,trtricprjeb535
TTRE10639,TTRE10639_t1,1616,protein_coding,,Trichuris trichiura (PRJEB535),protein_coding,trtricprjeb535
TTRE11523,TTRE11523_t1,1184,protein_coding,,Trichuris trichiura (PRJEB535),protein_coding,trtricprjeb535
TTRE1593,TTRE1593_t1,224,protein_coding,,Trichuris trichiura (PRJEB535),protein_coding,trtricprjeb535
TTRE3179,TTRE3179_t1,1401,protein_coding,Calcineurin binding protein cabin 1  [Source:UniProtKB/TrEMBL;Acc:A0A077ZAT1],Trichuris trichiura (PRJEB535),protein_coding,trtricprjeb535
TTRE7647,TTRE7647_t1,1100,protein_coding,Lipocln_cytosolic_FA-bd_dom domain-containing protein  [Source:UniProtKB/TrEMBL;Acc:A0A077ZBN3],Trichuris trichiura (PRJEB535),protein_coding,trtricprjeb535
TTRE3265,TTRE3265_t1,375,protein_coding,Methionine synthase  [Source:UniProtKB/TrEMBL;Acc:A0A077Z6I6],Trichuris trichiura (PRJEB535),protein_coding,trtricprjeb535
TTRE10655,TTRE10655_t1,157,protein_coding,,Trichuris trichiura (PRJEB535),protein_coding,trtricprjeb535
TTRE6933,TTRE6933_t1,2092,protein_coding,,Trichuris trichiura (PRJEB535),protein_coding,trtricprjeb535
TTRE10983,TTRE10983_t1,1062,protein_coding,Transmembrane protein 151B  [Source:UniProtKB/TrEMBL;Acc:A0A077Z2C3],Trichuris trichiura (PRJEB535),protein_coding,trtricprjeb535
TTRE5103,TTRE5103_t1,902,protein_coding,Serine/threonine-protein phosphatase  [Source:UniProtKB/TrEMBL;Acc:A0A077ZJM4],Trichuris trichiura (PRJEB535),protein_coding,trtricprjeb535
TTRE11161,TTRE11161_t1,706,protein_coding,,Trichuris trichiura (PRJEB535),protein_coding,trtricprjeb535
TTRE6276,TTRE6276_t1,152,protein_coding,,Trichuris trichiura (PRJEB535),protein_coding,trtricprjeb535
TTRE8341,TTRE8341_t1,526,protein_coding,,Trichuris trichiura (PRJEB535),protein_coding,trtricprjeb535
TTRE12350,TTRE12350_t1,557,protein_coding,G_PROTEIN_RECEP_F1_2 domain-containing protein  [Source:UniProtKB/TrEMBL;Acc:A0A077Z7B6],Trichuris trichiura (PRJEB535),protein_coding,trtricprjeb535
TTRE7742,TTRE7742_t1,907,protein_coding,,Trichuris trichiura (PRJEB535),protein_coding,trtricprjeb535
TTRE12583,TTRE12583_t1,539,protein_coding,,Trichuris trichiura (PRJEB535),protein_coding,trtricprjeb535
TTRE527,TTRE527_t1,367,protein_coding,Importin subunit beta 1  [Source:UniProtKB/TrEMBL;Acc:A0A077Z6D8],Trichuris trichiura (PRJEB535),protein_coding,trtricprjeb535
TTRE754,TTRE754_t1,311,protein_coding,,Trichuris trichiura (PRJEB535),protein_coding,trtricprjeb535
TTRE641,TTRE641_t1,228,protein_coding,Zf-RING 2 domain containing protein  [Source:UniProtKB/TrEMBL;Acc:A0A077ZML0],Trichuris trichiura (PRJEB535),protein_coding,trtricprjeb535
TTRE10076,TTRE10076_t1,949,protein_coding,,Trichuris trichiura (PRJEB535),protein_coding,trtricprjeb535
TTRE7210,TTRE7210_t1,244,protein_coding,,Trichuris trichiura (PRJEB535),protein_coding,trtricprjeb535
TTRE2051,TTRE2051_t1,290,protein_coding,,Trichuris trichiura (PRJEB535),protein_coding,trtricprjeb535
TTRE10116,TTRE10116_t1,139,protein_coding,,Trichuris trichiura (PRJEB535),protein_coding,trtricprjeb535
TTRE3886,TTRE3886_t1,137,protein_coding,,Trichuris trichiura (PRJEB535),protein_coding,trtricprjeb535
TTRE564,TTRE564_t1,134,protein_coding,,Trichuris trichiura (PRJEB535),protein_coding,trtricprjeb535
TTRE5481,TTRE5481_t1,1211,protein_coding,,Trichuris trichiura (PRJEB535),protein_coding,trtricprjeb535
TTRE7698,TTRE7698_t1,212,protein_coding,,Trichuris trichiura (PRJEB535),protein_coding,trtricprjeb535
TTRE8931,TTRE8931_t1,200,protein_coding,,Trichuris trichiura (PRJEB535),protein_coding,trtricprjeb535
TTRE4322,TTRE4322_t1,1133,protein_coding,DNA topoisomerase  [Source:UniProtKB/TrEMBL;Acc:A0A077Z813],Trichuris trichiura (PRJEB535),protein_coding,trtricprjeb535
TTRE276,TTRE276_t1,212,protein_coding,,Trichuris trichiura (PRJEB535),protein_coding,trtricprjeb535
TTRE9535,TTRE9535_t1,545,protein_coding,,Trichuris trichiura (PRJEB535),protein_coding,trtricprjeb535
TTRE3471,TTRE3471_t1,1078,protein_coding,Mannosyltransferase  [Source:UniProtKB/TrEMBL;Acc:A0A077Z8G7],Trichuris trichiura (PRJEB535),protein_coding,trtricprjeb535
TTRE4877,TTRE4877_t1,371,protein_coding,Histone domain containing protein  [Source:UniProtKB/TrEMBL;Acc:A0A077ZQL0],Trichuris trichiura (PRJEB535),protein_coding,trtricprjeb535
TTRE8148,TTRE8148_t1,479,protein_coding,,Trichuris trichiura (PRJEB535),protein_coding,trtricprjeb535
TTRE12139,TTRE12139_t1,254,protein_coding,,Trichuris trichiura (PRJEB535),protein_coding,trtricprjeb535
TTRE11572,TTRE11572_t1,740,protein_coding,,Trichuris trichiura (PRJEB535),protein_coding,trtricprjeb535
TTRE2342,TTRE2342_t1,259,protein_coding,Ubiquitin conjugating enzyme E2 G2  [Source:UniProtKB/TrEMBL;Acc:A0A077Z2M4],Trichuris trichiura (PRJEB535),protein_coding,trtricprjeb535
TTRE5505,TTRE5505_t1,168,protein_coding,,Trichuris trichiura (PRJEB535),protein_coding,trtricprjeb535
TTRE10359,TTRE10359_t1,884,protein_coding,,Trichuris trichiura (PRJEB535),protein_coding,trtricprjeb535
TTRE6836,TTRE6836_t1,209,protein_coding,,Trichuris trichiura (PRJEB535),protein_coding,trtricprjeb535
TTRE1209,TTRE1209_t1,1661,protein_coding,Glucose-6-phosphate isomerase  [Source:UniProtKB/TrEMBL;Acc:A0A077ZIX8],Trichuris trichiura (PRJEB535),protein_coding,trtricprjeb535
TTRE12028,TTRE12028_t1,308,protein_coding,Y phosphatase domain containing protein  [Source:UniProtKB/TrEMBL;Acc:A0A077ZFU8],Trichuris trichiura (PRJEB535),protein_coding,trtricprjeb535
TTRE1722,TTRE1722_t1,2065,protein_coding,,Trichuris trichiura (PRJEB535),protein_coding,trtricprjeb535
TTRE898,TTRE898_t1,442,protein_coding,"Phospholipase, patatin family  [Source:UniProtKB/TrEMBL;Acc:A0A077ZAY9]",Trichuris trichiura (PRJEB535),protein_coding,trtricprjeb535
TTRE5443,TTRE5443_t1,1823,protein_coding,Zinc finger protein  [Source:UniProtKB/TrEMBL;Acc:A0A077ZDC1],Trichuris trichiura (PRJEB535),protein_coding,trtricprjeb535
TTRE6459,TTRE6459_t1,183,protein_coding,CDP-diacylglycerol--inositol 3-phosphatidyltransferase  [Source:UniProtKB/TrEMBL;Acc:A0A077ZFA8],Trichuris trichiura (PRJEB535),protein_coding,trtricprjeb535
TTRE9537,TTRE9537_t1,1166,protein_coding,,Trichuris trichiura (PRJEB535),protein_coding,trtricprjeb535
TTRE1822,TTRE1822_t1,286,protein_coding,,Trichuris trichiura (PRJEB535),protein_coding,trtricprjeb535
TTRE6684,TTRE6684_t1,278,protein_coding,,Trichuris trichiura (PRJEB535),protein_coding,trtricprjeb535
TTRE11989,TTRE11989_t1,590,protein_coding,,Trichuris trichiura (PRJEB535),protein_coding,trtricprjeb535
TTRE11768,TTRE11768_t1,105,protein_coding,,Trichuris trichiura (PRJEB535),protein_coding,trtricprjeb535
TTRE5685,TTRE5685_t1,877,protein_coding,,Trichuris trichiura (PRJEB535),protein_coding,trtricprjeb535
TTRE4755,TTRE4755_t1,366,protein_coding,,Trichuris trichiura (PRJEB535),protein_coding,trtricprjeb535
TTRE12208,TTRE12208_t1,335,protein_coding,,Trichuris trichiura (PRJEB535),protein_coding,trtricprjeb535
TTRE12163,TTRE12163_t1,167,protein_coding,,Trichuris trichiura (PRJEB535),protein_coding,trtricprjeb535
TTRE7797,TTRE7797_t1,5291,protein_coding,,Trichuris trichiura (PRJEB535),protein_coding,trtricprjeb535
TTRE1130,TTRE1130_t1,233,protein_coding,Solute carrier family 35 member B1  [Source:UniProtKB/TrEMBL;Acc:A0A077ZL22],Trichuris trichiura (PRJEB535),protein_coding,trtricprjeb535
TTRE3992,TTRE3992_t1,416,protein_coding,Transmembrane 9 superfamily member  [Source:UniProtKB/TrEMBL;Acc:A0A077ZGT5],Trichuris trichiura (PRJEB535),protein_coding,trtricprjeb535
TTRE6092,TTRE6092_t1,839,protein_coding,RWD and UPF0029 domain containing protein  [Source:UniProtKB/TrEMBL;Acc:A0A077YY72],Trichuris trichiura (PRJEB535),protein_coding,trtricprjeb535
TTRE774,TTRE774_t1,634,protein_coding,,Trichuris trichiura (PRJEB535),protein_coding,trtricprjeb535
TTRE8286,TTRE8286_t1,1469,protein_coding,CXXC zinc finger family protein  [Source:UniProtKB/TrEMBL;Acc:A0A077ZEW2],Trichuris trichiura (PRJEB535),protein_coding,trtricprjeb535
TTRE6166,TTRE6166_t1,452,protein_coding,,Trichuris trichiura (PRJEB535),protein_coding,trtricprjeb535
TTRE4510,TTRE4510_t1,606,protein_coding,,Trichuris trichiura (PRJEB535),protein_coding,trtricprjeb535
TTRE10445,TTRE10445_t1,1370,protein_coding,,Trichuris trichiura (PRJEB535),protein_coding,trtricprjeb535
TTRE5523,TTRE5523_t1,438,protein_coding,Chitobiosyldiphosphodolichol  [Source:UniProtKB/TrEMBL;Acc:A0A077Z1Z2],Trichuris trichiura (PRJEB535),protein_coding,trtricprjeb535
TTRE7110,TTRE7110_t1,461,protein_coding,Regulator of rDNA transcription protein 15  [Source:UniProtKB/TrEMBL;Acc:A0A077ZMJ6],Trichuris trichiura (PRJEB535),protein_coding,trtricprjeb535
TTRE5831,TTRE5831_t1,460,protein_coding,,Trichuris trichiura (PRJEB535),protein_coding,trtricprjeb535
TTRE6586,TTRE6586_t1,185,protein_coding,Checkpoint protein  [Source:UniProtKB/TrEMBL;Acc:A0A077ZF84],Trichuris trichiura (PRJEB535),protein_coding,trtricprjeb535
TTRE12197,TTRE12197_t1,701,protein_coding,,Trichuris trichiura (PRJEB535),protein_coding,trtricprjeb535
TTRE11719,TTRE11719_t1,377,protein_coding,,Trichuris trichiura (PRJEB535),protein_coding,trtricprjeb535
TTRE3508,TTRE3508_t1,351,protein_coding,,Trichuris trichiura (PRJEB535),protein_coding,trtricprjeb535
TTRE7147,TTRE7147_t1,332,protein_coding,,Trichuris trichiura (PRJEB535),protein_coding,trtricprjeb535
TTRE375,TTRE375_t1,953,protein_coding,Mucin-associated surface protein (MASP)  [Source:UniProtKB/TrEMBL;Acc:A0A077ZFE6],Trichuris trichiura (PRJEB535),protein_coding,trtricprjeb535
TTRE10581,TTRE10581_t1,242,protein_coding,,Trichuris trichiura (PRJEB535),protein_coding,trtricprjeb535
TTRE8730,TTRE8730_t1,182,protein_coding,Transient receptor potential cation channel  [Source:UniProtKB/TrEMBL;Acc:A0A077ZAS4],Trichuris trichiura (PRJEB535),protein_coding,trtricprjeb535
TTRE6959,TTRE6959_t1,500,protein_coding,,Trichuris trichiura (PRJEB535),protein_coding,trtricprjeb535
TTRE8789,TTRE8789_t1,331,protein_coding,,Trichuris trichiura (PRJEB535),protein_coding,trtricprjeb535
TTRE12300,TTRE12300_t1,616,protein_coding,,Trichuris trichiura (PRJEB535),protein_coding,trtricprjeb535
TTRE8041,TTRE8041_t1,823,protein_coding,,Trichuris trichiura (PRJEB535),protein_coding,trtricprjeb535
TTRE11028,TTRE11028_t1,986,protein_coding,,Trichuris trichiura (PRJEB535),protein_coding,trtricprjeb535
TTRE594,TTRE594_t1,347,protein_coding,,Trichuris trichiura (PRJEB535),protein_coding,trtricprjeb535
TTRE4750,TTRE4750_t1,385,protein_coding,,Trichuris trichiura (PRJEB535),protein_coding,trtricprjeb535
TTRE3412,TTRE3412_t1,192,protein_coding,,Trichuris trichiura (PRJEB535),protein_coding,trtricprjeb535
TTRE2034,TTRE2034_t1,238,protein_coding,,Trichuris trichiura (PRJEB535),protein_coding,trtricprjeb535
TTRE2471,TTRE2471_t1,169,protein_coding,,Trichuris trichiura (PRJEB535),protein_coding,trtricprjeb535
TTRE5428,TTRE5428_t1,294,protein_coding,Ribosomal S10 domain containing protein  [Source:UniProtKB/TrEMBL;Acc:A0A077Z4B8],Trichuris trichiura (PRJEB535),protein_coding,trtricprjeb535
TTRE7079,TTRE7079_t1,630,protein_coding,,Trichuris trichiura (PRJEB535),protein_coding,trtricprjeb535
TTRE1264,TTRE1264_t1,465,protein_coding,"28S ribosomal protein S31, mitochondrial  [Source:UniProtKB/TrEMBL;Acc:A0A077Z2F7]",Trichuris trichiura (PRJEB535),protein_coding,trtricprjeb535
TTRE7740,TTRE7740_t1,908,protein_coding,,Trichuris trichiura (PRJEB535),protein_coding,trtricprjeb535
TTRE634,TTRE634_t1,1161,protein_coding,,Trichuris trichiura (PRJEB535),protein_coding,trtricprjeb535
TTRE10420,TTRE10420_t1,832,protein_coding,,Trichuris trichiura (PRJEB535),protein_coding,trtricprjeb535
TTRE7216,TTRE7216_t1,488,protein_coding,,Trichuris trichiura (PRJEB535),protein_coding,trtricprjeb535
TTRE2526,TTRE2526_t1,687,protein_coding,,Trichuris trichiura (PRJEB535),protein_coding,trtricprjeb535
TTRE6119,TTRE6119_t1,299,protein_coding,,Trichuris trichiura (PRJEB535),protein_coding,trtricprjeb535
TTRE3031,TTRE3031_t1,884,protein_coding,,Trichuris trichiura (PRJEB535),protein_coding,trtricprjeb535
TTRE8254,TTRE8254_t1,323,protein_coding,,Trichuris trichiura (PRJEB535),protein_coding,trtricprjeb535
TTRE10638,TTRE10638_t1,272,protein_coding,,Trichuris trichiura (PRJEB535),protein_coding,trtricprjeb535
TTRE12032,TTRE12032_t1,383,protein_coding,,Trichuris trichiura (PRJEB535),protein_coding,trtricprjeb535
TTRE1870,TTRE1870_t1,343,protein_coding,,Trichuris trichiura (PRJEB535),protein_coding,trtricprjeb535
TTRE9220,TTRE9220_t1,329,protein_coding,Transcription initiation factor tfiid subunit  [Source:UniProtKB/TrEMBL;Acc:A0A077YVE1],Trichuris trichiura (PRJEB535),protein_coding,trtricprjeb535
TTRE12387,TTRE12387_t1,316,protein_coding,,Trichuris trichiura (PRJEB535),protein_coding,trtricprjeb535
TTRE10328,TTRE10328_t1,518,protein_coding,,Trichuris trichiura (PRJEB535),protein_coding,trtricprjeb535
TTRE1841,TTRE1841_t1,372,protein_coding,,Trichuris trichiura (PRJEB535),protein_coding,trtricprjeb535
TTRE9927,TTRE9927_t1,170,protein_coding,,Trichuris trichiura (PRJEB535),protein_coding,trtricprjeb535
TTRE3017,TTRE3017_t1,810,protein_coding,,Trichuris trichiura (PRJEB535),protein_coding,trtricprjeb535
TTRE10161,TTRE10161_t1,472,protein_coding,GPR1:FUN34:yaaH family protein  [Source:UniProtKB/TrEMBL;Acc:A0A077ZD64],Trichuris trichiura (PRJEB535),protein_coding,trtricprjeb535
TTRE10724,TTRE10724_t1,255,protein_coding,,Trichuris trichiura (PRJEB535),protein_coding,trtricprjeb535
TTRE8907,TTRE8907_t1,188,protein_coding,Ras GTP binding protein Rho1  [Source:UniProtKB/TrEMBL;Acc:A0A077Z7P8],Trichuris trichiura (PRJEB535),protein_coding,trtricprjeb535
TTRE10807,TTRE10807_t1,1669,protein_coding,,Trichuris trichiura (PRJEB535),protein_coding,trtricprjeb535
TTRE6028,TTRE6028_t1,194,protein_coding,,Trichuris trichiura (PRJEB535),protein_coding,trtricprjeb535
TTRE7664,TTRE7664_t1,401,protein_coding,,Trichuris trichiura (PRJEB535),protein_coding,trtricprjeb535
TTRE8397,TTRE8397_t1,893,protein_coding,dolichyl-phosphate beta-glucosyltransferase  [Source:UniProtKB/TrEMBL;Acc:A0A077ZBZ5],Trichuris trichiura (PRJEB535),protein_coding,trtricprjeb535
TTRE11101,TTRE11101_t1,272,protein_coding,,Trichuris trichiura (PRJEB535),protein_coding,trtricprjeb535
TTRE12595,TTRE12595_t1,272,protein_coding,,Trichuris trichiura (PRJEB535),protein_coding,trtricprjeb535
TTRE11331,TTRE11331_t1,254,protein_coding,,Trichuris trichiura (PRJEB535),protein_coding,trtricprjeb535
TTRE604,TTRE604_t1,383,protein_coding,,Trichuris trichiura (PRJEB535),protein_coding,trtricprjeb535
TTRE2410,TTRE2410_t1,386,protein_coding,,Trichuris trichiura (PRJEB535),protein_coding,trtricprjeb535
TTRE7729,TTRE7729_t1,515,protein_coding,,Trichuris trichiura (PRJEB535),protein_coding,trtricprjeb535
TTRE7752,TTRE7752_t1,272,protein_coding,,Trichuris trichiura (PRJEB535),protein_coding,trtricprjeb535
TTRE3418,TTRE3418_t1,392,protein_coding,,Trichuris trichiura (PRJEB535),protein_coding,trtricprjeb535
TTRE9330,TTRE9330_t1,222,protein_coding,,Trichuris trichiura (PRJEB535),protein_coding,trtricprjeb535
TTRE12601,TTRE12601_t1,205,protein_coding,,Trichuris trichiura (PRJEB535),protein_coding,trtricprjeb535
TTRE10752,TTRE10752_t1,533,protein_coding,,Trichuris trichiura (PRJEB535),protein_coding,trtricprjeb535
TTRE2309,TTRE2309_t1,699,protein_coding,,Trichuris trichiura (PRJEB535),protein_coding,trtricprjeb535
TTRE9397,TTRE9397_t1,532,protein_coding,SPT2 chromatin protein  [Source:UniProtKB/TrEMBL;Acc:A0A077Z1G0],Trichuris trichiura (PRJEB535),protein_coding,trtricprjeb535
TTRE10554,TTRE10554_t1,404,protein_coding,,Trichuris trichiura (PRJEB535),protein_coding,trtricprjeb535
TTRE10595,TTRE10595_t1,944,protein_coding,,Trichuris trichiura (PRJEB535),protein_coding,trtricprjeb535
TTRE6177,TTRE6177_t1,280,protein_coding,,Trichuris trichiura (PRJEB535),protein_coding,trtricprjeb535
TTRE2257,TTRE2257_t1,273,protein_coding,"Beta 1,4 galactosyltransferase 3  [Source:UniProtKB/TrEMBL;Acc:A0A077YZD9]",Trichuris trichiura (PRJEB535),protein_coding,trtricprjeb535
TTRE4720,TTRE4720_t1,138,protein_coding,,Trichuris trichiura (PRJEB535),protein_coding,trtricprjeb535
TTRE9631,TTRE9631_t1,1941,protein_coding,,Trichuris trichiura (PRJEB535),protein_coding,trtricprjeb535
TTRE1807,TTRE1807_t1,1274,protein_coding,,Trichuris trichiura (PRJEB535),protein_coding,trtricprjeb535
TTRE1561,TTRE1561_t1,237,protein_coding,,Trichuris trichiura (PRJEB535),protein_coding,trtricprjeb535
TTRE12462,TTRE12462_t1,897,protein_coding,,Trichuris trichiura (PRJEB535),protein_coding,trtricprjeb535
TTRE12501,TTRE12501_t1,746,protein_coding,,Trichuris trichiura (PRJEB535),protein_coding,trtricprjeb535
TTRE9323,TTRE9323_t1,437,protein_coding,,Trichuris trichiura (PRJEB535),protein_coding,trtricprjeb535
TTRE7467,TTRE7467_t1,395,protein_coding,,Trichuris trichiura (PRJEB535),protein_coding,trtricprjeb535
TTRE10574,TTRE10574_t1,3769,protein_coding,,Trichuris trichiura (PRJEB535),protein_coding,trtricprjeb535
TTRE10249,TTRE10249_t1,2084,protein_coding,,Trichuris trichiura (PRJEB535),protein_coding,trtricprjeb535
TTRE1793,TTRE1793_t1,257,protein_coding,,Trichuris trichiura (PRJEB535),protein_coding,trtricprjeb535
TTRE9308,TTRE9308_t1,526,protein_coding,Winged helix:forkhead transcription factor  [Source:UniProtKB/TrEMBL;Acc:A0A077Z1A4],Trichuris trichiura (PRJEB535),protein_coding,trtricprjeb535
TTRE7528,TTRE7528_t1,606,protein_coding,,Trichuris trichiura (PRJEB535),protein_coding,trtricprjeb535
TTRE8399,TTRE8399_t1,229,protein_coding,,Trichuris trichiura (PRJEB535),protein_coding,trtricprjeb535
TTRE6124,TTRE6124_t1,176,protein_coding,,Trichuris trichiura (PRJEB535),protein_coding,trtricprjeb535
TTRE2110,TTRE2110_t1,328,protein_coding,,Trichuris trichiura (PRJEB535),protein_coding,trtricprjeb535
TTRE1966,TTRE1966_t1,235,protein_coding,Vacuolar protein sorting-associated protein 29  [Source:UniProtKB/TrEMBL;Acc:A0A077ZCU0],Trichuris trichiura (PRJEB535),protein_coding,trtricprjeb535
TTRE7141,TTRE7141_t1,513,protein_coding,,Trichuris trichiura (PRJEB535),protein_coding,trtricprjeb535
TTRE2003,TTRE2003_t1,176,protein_coding,,Trichuris trichiura (PRJEB535),protein_coding,trtricprjeb535
TTRE10495,TTRE10495_t1,299,protein_coding,,Trichuris trichiura (PRJEB535),protein_coding,trtricprjeb535
TTRE9241,TTRE9241_t1,2387,protein_coding,,Trichuris trichiura (PRJEB535),protein_coding,trtricprjeb535
TTRE6058,TTRE6058_t1,1670,protein_coding,,Trichuris trichiura (PRJEB535),protein_coding,trtricprjeb535
TTRE1404,TTRE1404_t1,517,protein_coding,Tachykinin peptides receptor 99D like  [Source:UniProtKB/TrEMBL;Acc:A0A077Z249],Trichuris trichiura (PRJEB535),protein_coding,trtricprjeb535
TTRE12027,TTRE12027_t1,251,protein_coding,,Trichuris trichiura (PRJEB535),protein_coding,trtricprjeb535
TTRE5311,TTRE5311_t1,211,protein_coding,,Trichuris trichiura (PRJEB535),protein_coding,trtricprjeb535
TTRE8584,TTRE8584_t1,206,protein_coding,,Trichuris trichiura (PRJEB535),protein_coding,trtricprjeb535
TTRE7632,TTRE7632_t1,977,protein_coding,,Trichuris trichiura (PRJEB535),protein_coding,trtricprjeb535
TTRE9731,TTRE9731_t1,189,protein_coding,,Trichuris trichiura (PRJEB535),protein_coding,trtricprjeb535
TTRE5306,TTRE5306_t1,242,protein_coding,,Trichuris trichiura (PRJEB535),protein_coding,trtricprjeb535
TTRE7375,TTRE7375_t1,237,protein_coding,S10 plectin domain containing protein  [Source:UniProtKB/TrEMBL;Acc:A0A077ZHZ4],Trichuris trichiura (PRJEB535),protein_coding,trtricprjeb535
TTRE7880,TTRE7880_t1,542,protein_coding,,Trichuris trichiura (PRJEB535),protein_coding,trtricprjeb535
TTRE5700,TTRE5700_t1,416,protein_coding,,Trichuris trichiura (PRJEB535),protein_coding,trtricprjeb535
TTRE922,TTRE922_t1,1429,protein_coding,,Trichuris trichiura (PRJEB535),protein_coding,trtricprjeb535
TTRE9840,TTRE9840_t1,2198,protein_coding,,Trichuris trichiura (PRJEB535),protein_coding,trtricprjeb535
TTRE6973,TTRE6973_t1,1535,protein_coding,,Trichuris trichiura (PRJEB535),protein_coding,trtricprjeb535
TTRE5729,TTRE5729_t1,483,protein_coding,,Trichuris trichiura (PRJEB535),protein_coding,trtricprjeb535
TTRE8784,TTRE8784_t1,278,protein_coding,Microphthalmia-associated transcription factor  [Source:UniProtKB/TrEMBL;Acc:A0A077ZAX9],Trichuris trichiura (PRJEB535),protein_coding,trtricprjeb535
TTRE476,TTRE476_t1,1913,protein_coding,Eukaryotic elongation factor 2 kinase  [Source:UniProtKB/TrEMBL;Acc:A0A077ZHE9],Trichuris trichiura (PRJEB535),protein_coding,trtricprjeb535
TTRE5166,TTRE5166_t1,992,protein_coding,Pkinase domain containing protein  [Source:UniProtKB/TrEMBL;Acc:A0A077ZD84],Trichuris trichiura (PRJEB535),protein_coding,trtricprjeb535
TTRE3407,TTRE3407_t1,290,protein_coding,,Trichuris trichiura (PRJEB535),protein_coding,trtricprjeb535
TTRE6897,TTRE6897_t1,329,protein_coding,,Trichuris trichiura (PRJEB535),protein_coding,trtricprjeb535
TTRE7989,TTRE7989_t1,263,protein_coding,,Trichuris trichiura (PRJEB535),protein_coding,trtricprjeb535
TTRE12551,TTRE12551_t1,712,protein_coding,,Trichuris trichiura (PRJEB535),protein_coding,trtricprjeb535
TTRE8329,TTRE8329_t1,710,protein_coding,Alpha ketoglutarate dependent dioxygenase alkB  [Source:UniProtKB/TrEMBL;Acc:A0A077Z411],Trichuris trichiura (PRJEB535),protein_coding,trtricprjeb535
TTRE1336,TTRE1336_t1,169,protein_coding,,Trichuris trichiura (PRJEB535),protein_coding,trtricprjeb535
TTRE6069,TTRE6069_t1,287,protein_coding,,Trichuris trichiura (PRJEB535),protein_coding,trtricprjeb535
TTRE751,TTRE751_t1,489,protein_coding,,Trichuris trichiura (PRJEB535),protein_coding,trtricprjeb535
TTRE12241,TTRE12241_t1,254,protein_coding,,Trichuris trichiura (PRJEB535),protein_coding,trtricprjeb535
TTRE5453,TTRE5453_t1,482,protein_coding,Eukaryotic translation initiation factor 5A  [Source:UniProtKB/TrEMBL;Acc:A0A077ZAJ8],Trichuris trichiura (PRJEB535),protein_coding,trtricprjeb535
TTRE5446,TTRE5446_t1,168,protein_coding,,Trichuris trichiura (PRJEB535),protein_coding,trtricprjeb535
TTRE4360,TTRE4360_t1,716,protein_coding,Major sperm protein  [Source:UniProtKB/TrEMBL;Acc:A0A077ZFY7],Trichuris trichiura (PRJEB535),protein_coding,trtricprjeb535
TTRE12376,TTRE12376_t1,299,protein_coding,,Trichuris trichiura (PRJEB535),protein_coding,trtricprjeb535
TTRE1101,TTRE1101_t1,175,protein_coding,,Trichuris trichiura (PRJEB535),protein_coding,trtricprjeb535
TTRE8365,TTRE8365_t1,314,protein_coding,,Trichuris trichiura (PRJEB535),protein_coding,trtricprjeb535
TTRE3080,TTRE3080_t1,2558,protein_coding,BURP domain-containing protein  [Source:UniProtKB/TrEMBL;Acc:A0A077YVV7],Trichuris trichiura (PRJEB535),protein_coding,trtricprjeb535
TTRE1443,TTRE1443_t3,270,protein_coding,dimethylargininase  [Source:UniProtKB/TrEMBL;Acc:A0A077YXL4],Trichuris trichiura (PRJEB535),protein_coding,trtricprjeb535
TTRE4131,TTRE4131_t1,513,protein_coding,,Trichuris trichiura (PRJEB535),protein_coding,trtricprjeb535
TTRE4105,TTRE4105_t1,286,protein_coding,,Trichuris trichiura (PRJEB535),protein_coding,trtricprjeb535
TTRE9894,TTRE9894_t1,412,protein_coding,,Trichuris trichiura (PRJEB535),protein_coding,trtricprjeb535
TTRE7853,TTRE7853_t1,377,protein_coding,Proteasome assembly chaperone 4  [Source:UniProtKB/TrEMBL;Acc:A0A077ZJZ1],Trichuris trichiura (PRJEB535),protein_coding,trtricprjeb535
TTRE3669,TTRE3669_t1,851,protein_coding,Zinc finger protein  [Source:UniProtKB/TrEMBL;Acc:A0A077Z1P2],Trichuris trichiura (PRJEB535),protein_coding,trtricprjeb535
TTRE3320,TTRE3320_t1,498,protein_coding,Protein rme isoform c protein rme isoform b pro tein rme isoform a  [Source:UniProtKB/TrEMBL;Acc:A0A077ZBA9],Trichuris trichiura (PRJEB535),protein_coding,trtricprjeb535
TTRE11429,TTRE11429_t1,3049,protein_coding,,Trichuris trichiura (PRJEB535),protein_coding,trtricprjeb535
TTRE10711,TTRE10711_t1,445,protein_coding,,Trichuris trichiura (PRJEB535),protein_coding,trtricprjeb535
TTRE3528,TTRE3528_t1,342,protein_coding,,Trichuris trichiura (PRJEB535),protein_coding,trtricprjeb535
TTRE8235,TTRE8235_t1,396,protein_coding,,Trichuris trichiura (PRJEB535),protein_coding,trtricprjeb535
TTRE7849,TTRE7849_t1,246,protein_coding,,Trichuris trichiura (PRJEB535),protein_coding,trtricprjeb535
TTRE8803,TTRE8803_t1,243,protein_coding,,Trichuris trichiura (PRJEB535),protein_coding,trtricprjeb535
TTRE4401,TTRE4401_t1,137,protein_coding,,Trichuris trichiura (PRJEB535),protein_coding,trtricprjeb535
TTRE1208,TTRE1208_t1,254,protein_coding,Pyridoxal deC domain containing protein  [Source:UniProtKB/TrEMBL;Acc:A0A077Z7B3],Trichuris trichiura (PRJEB535),protein_coding,trtricprjeb535
TTRE979,TTRE979_t1,3500,protein_coding,DNA-directed RNA polymerase subunit  [Source:UniProtKB/TrEMBL;Acc:A0A077Z093],Trichuris trichiura (PRJEB535),protein_coding,trtricprjeb535
TTRE1903,TTRE1903_t1,811,protein_coding,,Trichuris trichiura (PRJEB535),protein_coding,trtricprjeb535
TTRE7179,TTRE7179_t1,521,protein_coding,,Trichuris trichiura (PRJEB535),protein_coding,trtricprjeb535
TTRE11052,TTRE11052_t1,813,protein_coding,,Trichuris trichiura (PRJEB535),protein_coding,trtricprjeb535
TTRE1424,TTRE1424_t1,626,protein_coding,Vacuolar protein sorting-associated protein 28 homolog  [Source:UniProtKB/TrEMBL;Acc:A0A077ZBK1],Trichuris trichiura (PRJEB535),protein_coding,trtricprjeb535
TTRE1559,TTRE1559_t1,225,protein_coding,,Trichuris trichiura (PRJEB535),protein_coding,trtricprjeb535
TTRE3139,TTRE3139_t1,98,protein_coding,,Trichuris trichiura (PRJEB535),protein_coding,trtricprjeb535
TTRE2191,TTRE2191_t1,176,protein_coding,glutaminase  [Source:UniProtKB/TrEMBL;Acc:A0A077ZEY1],Trichuris trichiura (PRJEB535),protein_coding,trtricprjeb535
TTRE10123,TTRE10123_t1,4007,protein_coding,,Trichuris trichiura (PRJEB535),protein_coding,trtricprjeb535
TTRE10610,TTRE10610_t1,413,protein_coding,,Trichuris trichiura (PRJEB535),protein_coding,trtricprjeb535
TTRE3548,TTRE3548_t1,165,protein_coding,,Trichuris trichiura (PRJEB535),protein_coding,trtricprjeb535
TTRE5062,TTRE5062_t1,221,protein_coding,,Trichuris trichiura (PRJEB535),protein_coding,trtricprjeb535
TTRE11237,TTRE11237_t1,272,protein_coding,,Trichuris trichiura (PRJEB535),protein_coding,trtricprjeb535
TTRE1677,TTRE1677_t1,434,protein_coding,,Trichuris trichiura (PRJEB535),protein_coding,trtricprjeb535
TTRE9552,TTRE9552_t1,403,protein_coding,,Trichuris trichiura (PRJEB535),protein_coding,trtricprjeb535
TTRE1006,TTRE1006_t1,462,protein_coding,Leucine carboxyl methyltransferase 1  [Source:UniProtKB/TrEMBL;Acc:A0A077Z7T6],Trichuris trichiura (PRJEB535),protein_coding,trtricprjeb535
TTRE4405,TTRE4405_t2,380,protein_coding,AP2 associated protein kinase 1  [Source:UniProtKB/TrEMBL;Acc:A0A077ZGT6],Trichuris trichiura (PRJEB535),protein_coding,trtricprjeb535
TTRE1226,TTRE1226_t1,1822,protein_coding,FERM M and FERM N and FERM C domain containing pr otein  [Source:UniProtKB/TrEMBL;Acc:A0A077Z0U3],Trichuris trichiura (PRJEB535),protein_coding,trtricprjeb535
TTRE8693,TTRE8693_t1,110,protein_coding,U6 snRNA-associated Sm-like protein LSm3  [Source:UniProtKB/TrEMBL;Acc:A0A077Z8B7],Trichuris trichiura (PRJEB535),protein_coding,trtricprjeb535
TTRE9842,TTRE9842_t1,365,protein_coding,,Trichuris trichiura (PRJEB535),protein_coding,trtricprjeb535
TTRE6961,TTRE6961_t1,481,protein_coding,,Trichuris trichiura (PRJEB535),protein_coding,trtricprjeb535
TTRE560,TTRE560_t1,217,protein_coding,RMI1_N domain-containing protein  [Source:UniProtKB/TrEMBL;Acc:A0A077Z948],Trichuris trichiura (PRJEB535),protein_coding,trtricprjeb535
TTRE7655,TTRE7655_t1,1333,protein_coding,,Trichuris trichiura (PRJEB535),protein_coding,trtricprjeb535
TTRE7316,TTRE7316_t1,854,protein_coding,,Trichuris trichiura (PRJEB535),protein_coding,trtricprjeb535
TTRE3945,TTRE3945_t1,546,protein_coding,E3 ubiquitin-protein ligase  [Source:UniProtKB/TrEMBL;Acc:A0A077Z1H2],Trichuris trichiura (PRJEB535),protein_coding,trtricprjeb535
TTRE6946,TTRE6946_t1,383,protein_coding,,Trichuris trichiura (PRJEB535),protein_coding,trtricprjeb535
TTRE11996,TTRE11996_t1,182,protein_coding,,Trichuris trichiura (PRJEB535),protein_coding,trtricprjeb535
TTRE459,TTRE459_t1,225,protein_coding,,Trichuris trichiura (PRJEB535),protein_coding,trtricprjeb535
TTRE534,TTRE534_t1,350,protein_coding,Rab GTPase-activating protein 1  [Source:UniProtKB/TrEMBL;Acc:A0A077Z2G5],Trichuris trichiura (PRJEB535),protein_coding,trtricprjeb535
TTRE7186,TTRE7186_t1,674,protein_coding,,Trichuris trichiura (PRJEB535),protein_coding,trtricprjeb535
TTRE12114,TTRE12114_t1,323,protein_coding,,Trichuris trichiura (PRJEB535),protein_coding,trtricprjeb535
TTRE8834,TTRE8834_t1,242,protein_coding,4.1m domain-containing protein  [Source:UniProtKB/TrEMBL;Acc:A0A077ZD66],Trichuris trichiura (PRJEB535),protein_coding,trtricprjeb535
TTRE11738,TTRE11738_t1,177,protein_coding,,Trichuris trichiura (PRJEB535),protein_coding,trtricprjeb535
TTRE4677,TTRE4677_t1,805,protein_coding,Filopodin  [Source:UniProtKB/TrEMBL;Acc:A0A077ZKS9],Trichuris trichiura (PRJEB535),protein_coding,trtricprjeb535
TTRE10435,TTRE10435_t1,729,protein_coding,,Trichuris trichiura (PRJEB535),protein_coding,trtricprjeb535
TTRE2226,TTRE2226_t1,383,protein_coding,,Trichuris trichiura (PRJEB535),protein_coding,trtricprjeb535
TTRE9468,TTRE9468_t1,509,protein_coding,,Trichuris trichiura (PRJEB535),protein_coding,trtricprjeb535
TTRE2883,TTRE2883_t1,316,protein_coding,,Trichuris trichiura (PRJEB535),protein_coding,trtricprjeb535
TTRE6814,TTRE6814_t1,266,protein_coding,,Trichuris trichiura (PRJEB535),protein_coding,trtricprjeb535
TTRE1184,TTRE1184_t1,235,protein_coding,Arp2/3 complex 34 kDa subunit  [Source:UniProtKB/TrEMBL;Acc:A0A077Z324],Trichuris trichiura (PRJEB535),protein_coding,trtricprjeb535
TTRE4586,TTRE4586_t1,309,protein_coding,Tudor domain-containing protein  [Source:UniProtKB/TrEMBL;Acc:A0A077ZA02],Trichuris trichiura (PRJEB535),protein_coding,trtricprjeb535
TTRE10220,TTRE10220_t1,142,protein_coding,,Trichuris trichiura (PRJEB535),protein_coding,trtricprjeb535
TTRE861,TTRE861_t1,175,protein_coding,Obg-like ATPase 1  [Source:UniProtKB/TrEMBL;Acc:A0A077Z0C0],Trichuris trichiura (PRJEB535),protein_coding,trtricprjeb535
TTRE8535,TTRE8535_t1,736,protein_coding,,Trichuris trichiura (PRJEB535),protein_coding,trtricprjeb535
TTRE8755,TTRE8755_t1,647,protein_coding,G_PROTEIN_RECEP_F2_4 domain-containing protein  [Source:UniProtKB/TrEMBL;Acc:A0A077Z6K8],Trichuris trichiura (PRJEB535),protein_coding,trtricprjeb535
TTRE3235,TTRE3235_t1,646,protein_coding,,Trichuris trichiura (PRJEB535),protein_coding,trtricprjeb535
TTRE4318,TTRE4318_t1,188,protein_coding,,Trichuris trichiura (PRJEB535),protein_coding,trtricprjeb535
TTRE5474,TTRE5474_t1,125,protein_coding,Eukaryotic translation initiation  [Source:UniProtKB/TrEMBL;Acc:A0A077ZDS2],Trichuris trichiura (PRJEB535),protein_coding,trtricprjeb535
TTRE2379,TTRE2379_t1,164,protein_coding,,Trichuris trichiura (PRJEB535),protein_coding,trtricprjeb535
TTRE12534,TTRE12534_t1,379,protein_coding,,Trichuris trichiura (PRJEB535),protein_coding,trtricprjeb535
TTRE3095,TTRE3095_t1,175,protein_coding,,Trichuris trichiura (PRJEB535),protein_coding,trtricprjeb535
TTRE5987,TTRE5987_t1,1326,protein_coding,,Trichuris trichiura (PRJEB535),protein_coding,trtricprjeb535
TTRE6957,TTRE6957_t1,509,protein_coding,,Trichuris trichiura (PRJEB535),protein_coding,trtricprjeb535
TTRE7626,TTRE7626_t1,350,protein_coding,,Trichuris trichiura (PRJEB535),protein_coding,trtricprjeb535
TTRE3867,TTRE3867_t1,708,protein_coding,,Trichuris trichiura (PRJEB535),protein_coding,trtricprjeb535
TTRE12415,TTRE12415_t1,195,protein_coding,,Trichuris trichiura (PRJEB535),protein_coding,trtricprjeb535
TTRE64,TTRE64_t1,734,protein_coding,uridine/cytidine kinase  [Source:UniProtKB/TrEMBL;Acc:A0A077YZY2],Trichuris trichiura (PRJEB535),protein_coding,trtricprjeb535
TTRE3492,TTRE3492_t1,1282,protein_coding,WAP type 'four disulfide core  [Source:UniProtKB/TrEMBL;Acc:A0A077Z2J1],Trichuris trichiura (PRJEB535),protein_coding,trtricprjeb535
TTRE11785,TTRE11785_t1,193,protein_coding,Set1:Ash2 histone methyltransferase complex  [Source:UniProtKB/TrEMBL;Acc:A0A077Z7E7],Trichuris trichiura (PRJEB535),protein_coding,trtricprjeb535
TTRE10907,TTRE10907_t1,416,protein_coding,,Trichuris trichiura (PRJEB535),protein_coding,trtricprjeb535
TTRE3159,TTRE3159_t1,268,protein_coding,,Trichuris trichiura (PRJEB535),protein_coding,trtricprjeb535
TTRE8207,TTRE8207_t1,916,protein_coding,Innexin  [Source:UniProtKB/TrEMBL;Acc:A0A077Z0Z3],Trichuris trichiura (PRJEB535),protein_coding,trtricprjeb535
TTRE378,TTRE378_t1,644,protein_coding,Pre-mRNA-splicing factor SYF2  [Source:UniProtKB/TrEMBL;Acc:A0A077Z0R8],Trichuris trichiura (PRJEB535),protein_coding,trtricprjeb535
TTRE3493,TTRE3493_t1,1084,protein_coding,,Trichuris trichiura (PRJEB535),protein_coding,trtricprjeb535
TTRE4429,TTRE4429_t1,405,protein_coding,,Trichuris trichiura (PRJEB535),protein_coding,trtricprjeb535
TTRE3605,TTRE3605_t1,323,protein_coding,,Trichuris trichiura (PRJEB535),protein_coding,trtricprjeb535
TTRE7378,TTRE7378_t1,365,protein_coding,,Trichuris trichiura (PRJEB535),protein_coding,trtricprjeb535
TTRE2926,TTRE2926_t1,857,protein_coding,Lancl1 protein  [Source:UniProtKB/TrEMBL;Acc:A0A077ZC91],Trichuris trichiura (PRJEB535),protein_coding,trtricprjeb535
TTRE2469,TTRE2469_t1,262,protein_coding,,Trichuris trichiura (PRJEB535),protein_coding,trtricprjeb535
TTRE3419,TTRE3419_t1,280,protein_coding,Heterogeneous nuclear  [Source:UniProtKB/TrEMBL;Acc:A0A077Z778],Trichuris trichiura (PRJEB535),protein_coding,trtricprjeb535
TTRE6280,TTRE6280_t1,585,protein_coding,Major sperm protein  [Source:UniProtKB/TrEMBL;Acc:A0A077ZMN5],Trichuris trichiura (PRJEB535),protein_coding,trtricprjeb535
TTRE231,TTRE231_t1,267,protein_coding,,Trichuris trichiura (PRJEB535),protein_coding,trtricprjeb535
TTRE5583,TTRE5583_t1,117,protein_coding,,Trichuris trichiura (PRJEB535),protein_coding,trtricprjeb535
TTRE2365,TTRE2365_t1,1201,protein_coding,Glucose fructose oxidoreductase  [Source:UniProtKB/TrEMBL;Acc:A0A077ZG46],Trichuris trichiura (PRJEB535),protein_coding,trtricprjeb535
TTRE8109,TTRE8109_t1,755,protein_coding,Ank 2 domain containing protein  [Source:UniProtKB/TrEMBL;Acc:A0A077ZET0],Trichuris trichiura (PRJEB535),protein_coding,trtricprjeb535
TTRE5360,TTRE5360_t1,251,protein_coding,Aminotran 3 domain containing protein  [Source:UniProtKB/TrEMBL;Acc:A0A077ZG18],Trichuris trichiura (PRJEB535),protein_coding,trtricprjeb535
TTRE7082,TTRE7082_t1,1253,protein_coding,,Trichuris trichiura (PRJEB535),protein_coding,trtricprjeb535
TTRE1050,TTRE1050_t1,304,protein_coding,,Trichuris trichiura (PRJEB535),protein_coding,trtricprjeb535
TTRE11118,TTRE11118_t1,1127,protein_coding,,Trichuris trichiura (PRJEB535),protein_coding,trtricprjeb535
TTRE3851,TTRE3851_t1,143,protein_coding,,Trichuris trichiura (PRJEB535),protein_coding,trtricprjeb535
TTRE5592,TTRE5592_t1,252,protein_coding,,Trichuris trichiura (PRJEB535),protein_coding,trtricprjeb535
TTRE6704,TTRE6704_t1,979,protein_coding,,Trichuris trichiura (PRJEB535),protein_coding,trtricprjeb535
TTRE11979,TTRE11979_t1,280,protein_coding,,Trichuris trichiura (PRJEB535),protein_coding,trtricprjeb535
TTRE11121,TTRE11121_t1,197,protein_coding,,Trichuris trichiura (PRJEB535),protein_coding,trtricprjeb535
TTRE1508,TTRE1508_t1,613,protein_coding,,Trichuris trichiura (PRJEB535),protein_coding,trtricprjeb535
TTRE920,TTRE920_t1,257,protein_coding,,Trichuris trichiura (PRJEB535),protein_coding,trtricprjeb535
TTRE5780,TTRE5780_t1,2177,protein_coding,Papilin  [Source:UniProtKB/TrEMBL;Acc:A0A077ZIM7],Trichuris trichiura (PRJEB535),protein_coding,trtricprjeb535
TTRE10916,TTRE10916_t1,716,protein_coding,,Trichuris trichiura (PRJEB535),protein_coding,trtricprjeb535
TTRE10361,TTRE10361_t1,1859,protein_coding,,Trichuris trichiura (PRJEB535),protein_coding,trtricprjeb535
TTRE263,TTRE263_t1,494,protein_coding,,Trichuris trichiura (PRJEB535),protein_coding,trtricprjeb535
TTRE2894,TTRE2894_t1,1122,protein_coding,Surface antigen repeat family protein  [Source:UniProtKB/TrEMBL;Acc:A0A077Z0L6],Trichuris trichiura (PRJEB535),protein_coding,trtricprjeb535
TTRE4264,TTRE4264_t1,202,protein_coding,Zona pellucida domain containing protein  [Source:UniProtKB/TrEMBL;Acc:A0A077ZH96],Trichuris trichiura (PRJEB535),protein_coding,trtricprjeb535
TTRE10138,TTRE10138_t1,445,protein_coding,,Trichuris trichiura (PRJEB535),protein_coding,trtricprjeb535
TTRE10706,TTRE10706_t1,1066,protein_coding,,Trichuris trichiura (PRJEB535),protein_coding,trtricprjeb535
TTRE3128,TTRE3128_t1,233,protein_coding,Zf-MYND domain containing protein  [Source:UniProtKB/TrEMBL;Acc:A0A077YXG8],Trichuris trichiura (PRJEB535),protein_coding,trtricprjeb535
TTRE2879,TTRE2879_t1,182,protein_coding,,Trichuris trichiura (PRJEB535),protein_coding,trtricprjeb535
TTRE8832,TTRE8832_t1,530,protein_coding,Protein lgc protein cbr lgc-49 protein cbr acc-2 protein acc cre lgc-49 protein cbn acc-3 protein  [Source:UniProtKB/TrEMBL;Acc:A0A077ZFJ2],Trichuris trichiura (PRJEB535),protein_coding,trtricprjeb535
TTRE11108,TTRE11108_t1,215,protein_coding,,Trichuris trichiura (PRJEB535),protein_coding,trtricprjeb535
TTRE7340,TTRE7340_t1,818,protein_coding,,Trichuris trichiura (PRJEB535),protein_coding,trtricprjeb535
TTRE10196,TTRE10196_t1,482,protein_coding,,Trichuris trichiura (PRJEB535),protein_coding,trtricprjeb535
TTRE5538,TTRE5538_t1,1019,protein_coding,Glypican 6  [Source:UniProtKB/TrEMBL;Acc:A0A077Z0Z5],Trichuris trichiura (PRJEB535),protein_coding,trtricprjeb535
TTRE125,TTRE125_t1,225,protein_coding,Katanin p60 ATPase-containing subunit A1  [Source:UniProtKB/TrEMBL;Acc:A0A077YYS5],Trichuris trichiura (PRJEB535),protein_coding,trtricprjeb535
TTRE302,TTRE302_t1,327,protein_coding,,Trichuris trichiura (PRJEB535),protein_coding,trtricprjeb535
TTRE11699,TTRE11699_t1,363,protein_coding,,Trichuris trichiura (PRJEB535),protein_coding,trtricprjeb535
TTRE7217,TTRE7217_t1,908,protein_coding,,Trichuris trichiura (PRJEB535),protein_coding,trtricprjeb535
TTRE2028,TTRE2028_t1,761,protein_coding,,Trichuris trichiura (PRJEB535),protein_coding,trtricprjeb535
TTRE12408,TTRE12408_t1,1142,protein_coding,,Trichuris trichiura (PRJEB535),protein_coding,trtricprjeb535
TTRE5611,TTRE5611_t1,734,protein_coding,Dolichol-phosphate mannosyltransferase subunit 1  [Source:UniProtKB/TrEMBL;Acc:A0A077ZBS5],Trichuris trichiura (PRJEB535),protein_coding,trtricprjeb535
TTRE6307,TTRE6307_t1,716,protein_coding,,Trichuris trichiura (PRJEB535),protein_coding,trtricprjeb535
TTRE12517,TTRE12517_t1,863,protein_coding,,Trichuris trichiura (PRJEB535),protein_coding,trtricprjeb535
TTRE210,TTRE210_t1,402,protein_coding,,Trichuris trichiura (PRJEB535),protein_coding,trtricprjeb535
TTRE1409,TTRE1409_t1,353,protein_coding,E3 SUMO protein ligase CBX4  [Source:UniProtKB/TrEMBL;Acc:A0A077ZBG2],Trichuris trichiura (PRJEB535),protein_coding,trtricprjeb535
TTRE4910,TTRE4910_t1,318,protein_coding,,Trichuris trichiura (PRJEB535),protein_coding,trtricprjeb535
TTRE840,TTRE840_t1,231,protein_coding,,Trichuris trichiura (PRJEB535),protein_coding,trtricprjeb535
TTRE3986,TTRE3986_t1,155,protein_coding,,Trichuris trichiura (PRJEB535),protein_coding,trtricprjeb535
TTRE12561,TTRE12561_t1,435,protein_coding,,Trichuris trichiura (PRJEB535),protein_coding,trtricprjeb535
TTRE4963,TTRE4963_t1,1160,protein_coding,,Trichuris trichiura (PRJEB535),protein_coding,trtricprjeb535
TTRE8205,TTRE8205_t1,137,protein_coding,Miro domain containing protein  [Source:UniProtKB/TrEMBL;Acc:A0A077Z0Z1],Trichuris trichiura (PRJEB535),protein_coding,trtricprjeb535
TTRE4690,TTRE4690_t1,332,protein_coding,"NADH-ubiquinone oxidoreductase 75 kDa subunit, mitochondrial  [Source:UniProtKB/TrEMBL;Acc:A0A077YVL3]",Trichuris trichiura (PRJEB535),protein_coding,trtricprjeb535
TTRE6513,TTRE6513_t2,142,protein_coding,Cwf18 domain containing protein  [Source:UniProtKB/TrEMBL;Acc:A0A077Z8H4],Trichuris trichiura (PRJEB535),protein_coding,trtricprjeb535
TTRE6903,TTRE6903_t1,968,protein_coding,,Trichuris trichiura (PRJEB535),protein_coding,trtricprjeb535
TTRE538,TTRE538_t1,636,protein_coding,DUF383 and DUF384 domain containing protein  [Source:UniProtKB/TrEMBL;Acc:A0A077Z6Q4],Trichuris trichiura (PRJEB535),protein_coding,trtricprjeb535
TTRE1284,TTRE1284_t1,278,protein_coding,Protein 60A  [Source:UniProtKB/TrEMBL;Acc:A0A077Z268],Trichuris trichiura (PRJEB535),protein_coding,trtricprjeb535
TTRE1066,TTRE1066_t1,332,protein_coding,,Trichuris trichiura (PRJEB535),protein_coding,trtricprjeb535
TTRE3516,TTRE3516_t1,143,protein_coding,,Trichuris trichiura (PRJEB535),protein_coding,trtricprjeb535
TTRE8890,TTRE8890_t1,118,protein_coding,,Trichuris trichiura (PRJEB535),protein_coding,trtricprjeb535
TTRE537,TTRE537_t1,169,protein_coding,60S ribosomal protein L27  [Source:UniProtKB/TrEMBL;Acc:A0A077ZLC9],Trichuris trichiura (PRJEB535),protein_coding,trtricprjeb535
TTRE11112,TTRE11112_t1,401,protein_coding,,Trichuris trichiura (PRJEB535),protein_coding,trtricprjeb535
TTRE4043,TTRE4043_t1,190,protein_coding,,Trichuris trichiura (PRJEB535),protein_coding,trtricprjeb535
TTRE9618,TTRE9618_t1,880,protein_coding,,Trichuris trichiura (PRJEB535),protein_coding,trtricprjeb535
TTRE2917,TTRE2917_t1,962,protein_coding,ZIP Zinc transporter  [Source:UniProtKB/TrEMBL;Acc:A0A077YY65],Trichuris trichiura (PRJEB535),protein_coding,trtricprjeb535
TTRE3350,TTRE3350_t1,219,protein_coding,,Trichuris trichiura (PRJEB535),protein_coding,trtricprjeb535
TTRE11219,TTRE11219_t1,644,protein_coding,,Trichuris trichiura (PRJEB535),protein_coding,trtricprjeb535
TTRE5871,TTRE5871_t1,365,protein_coding,,Trichuris trichiura (PRJEB535),protein_coding,trtricprjeb535
TTRE2520,TTRE2520_t1,178,protein_coding,Very-long-chain (3R)-3-hydroxyacyl-CoA dehydratase  [Source:UniProtKB/TrEMBL;Acc:A0A077Z832],Trichuris trichiura (PRJEB535),protein_coding,trtricprjeb535
TTRE2310,TTRE2310_t1,186,protein_coding,GATA zinc finger domain-containing protein 1  [Source:UniProtKB/TrEMBL;Acc:A0A077ZMI7],Trichuris trichiura (PRJEB535),protein_coding,trtricprjeb535
TTRE458,TTRE458_t1,304,protein_coding,F-box only protein 47  [Source:UniProtKB/TrEMBL;Acc:A0A077Z8M0],Trichuris trichiura (PRJEB535),protein_coding,trtricprjeb535
TTRE7953,TTRE7953_t1,1361,protein_coding,,Trichuris trichiura (PRJEB535),protein_coding,trtricprjeb535
TTRE2193,TTRE2193_t1,463,protein_coding,,Trichuris trichiura (PRJEB535),protein_coding,trtricprjeb535
TTRE11229,TTRE11229_t1,217,protein_coding,DUF1180 domain containing protein  [Source:UniProtKB/TrEMBL;Acc:A0A077YY75],Trichuris trichiura (PRJEB535),protein_coding,trtricprjeb535
TTRE11783,TTRE11783_t1,135,protein_coding,,Trichuris trichiura (PRJEB535),protein_coding,trtricprjeb535
TTRE2765,TTRE2765_t1,480,protein_coding,TUDOR domain containing protein  [Source:UniProtKB/TrEMBL;Acc:A0A077Z2L3],Trichuris trichiura (PRJEB535),protein_coding,trtricprjeb535
TTRE12548,TTRE12548_t1,338,protein_coding,,Trichuris trichiura (PRJEB535),protein_coding,trtricprjeb535
TTRE205,TTRE205_t1,197,protein_coding,,Trichuris trichiura (PRJEB535),protein_coding,trtricprjeb535
TTRE12094,TTRE12094_t1,524,protein_coding,,Trichuris trichiura (PRJEB535),protein_coding,trtricprjeb535
TTRE11041,TTRE11041_t1,744,protein_coding,,Trichuris trichiura (PRJEB535),protein_coding,trtricprjeb535
TTRE4471,TTRE4471_t1,901,protein_coding,TWiK family of potassium channels protein 7  [Source:UniProtKB/TrEMBL;Acc:A0A077Z3G7],Trichuris trichiura (PRJEB535),protein_coding,trtricprjeb535
TTRE8516,TTRE8516_t1,768,protein_coding,,Trichuris trichiura (PRJEB535),protein_coding,trtricprjeb535
TTRE4531,TTRE4531_t1,253,protein_coding,Utp13 domain-containing protein  [Source:UniProtKB/TrEMBL;Acc:A0A077Z744],Trichuris trichiura (PRJEB535),protein_coding,trtricprjeb535
TTRE9780,TTRE9780_t1,255,protein_coding,WD40 domain containing protein  [Source:UniProtKB/TrEMBL;Acc:A0A077YY73],Trichuris trichiura (PRJEB535),protein_coding,trtricprjeb535
TTRE9285,TTRE9285_t1,896,protein_coding,,Trichuris trichiura (PRJEB535),protein_coding,trtricprjeb535
TTRE6559,TTRE6559_t1,345,protein_coding,,Trichuris trichiura (PRJEB535),protein_coding,trtricprjeb535
TTRE8211,TTRE8211_t1,220,protein_coding,,Trichuris trichiura (PRJEB535),protein_coding,trtricprjeb535
TTRE11441,TTRE11441_t1,202,protein_coding,,Trichuris trichiura (PRJEB535),protein_coding,trtricprjeb535
TTRE2845,TTRE2845_t1,122,protein_coding,,Trichuris trichiura (PRJEB535),protein_coding,trtricprjeb535
TTRE6205,TTRE6205_t1,986,protein_coding,,Trichuris trichiura (PRJEB535),protein_coding,trtricprjeb535
TTRE9243,TTRE9243_t1,318,protein_coding,,Trichuris trichiura (PRJEB535),protein_coding,trtricprjeb535
TTRE3569,TTRE3569_t1,154,protein_coding,,Trichuris trichiura (PRJEB535),protein_coding,trtricprjeb535
TTRE4120,TTRE4120_t1,725,protein_coding,LRR 8 and LRR 1 and PP2C and LRR 7 domain contain ing protein  [Source:UniProtKB/TrEMBL;Acc:A0A077Z151],Trichuris trichiura (PRJEB535),protein_coding,trtricprjeb535
TTRE12134,TTRE12134_t1,449,protein_coding,SAYSvFN domain containing protein  [Source:UniProtKB/TrEMBL;Acc:A0A077Z817],Trichuris trichiura (PRJEB535),protein_coding,trtricprjeb535
TTRE10883,TTRE10883_t1,128,protein_coding,,Trichuris trichiura (PRJEB535),protein_coding,trtricprjeb535
TTRE11332,TTRE11332_t1,602,protein_coding,,Trichuris trichiura (PRJEB535),protein_coding,trtricprjeb535
TTRE1990,TTRE1990_t1,221,protein_coding,SCP domain-containing protein  [Source:UniProtKB/TrEMBL;Acc:A0A077YZ82],Trichuris trichiura (PRJEB535),protein_coding,trtricprjeb535
TTRE10467,TTRE10467_t1,2321,protein_coding,,Trichuris trichiura (PRJEB535),protein_coding,trtricprjeb535
TTRE12214,TTRE12214_t1,187,protein_coding,,Trichuris trichiura (PRJEB535),protein_coding,trtricprjeb535
TTRE9311,TTRE9311_t1,156,protein_coding,,Trichuris trichiura (PRJEB535),protein_coding,trtricprjeb535
TTRE12581,TTRE12581_t1,208,protein_coding,,Trichuris trichiura (PRJEB535),protein_coding,trtricprjeb535
TTRE9648,TTRE9648_t1,162,protein_coding,,Trichuris trichiura (PRJEB535),protein_coding,trtricprjeb535
TTRE2155,TTRE2155_t1,229,protein_coding,BAR and SH3 9 domain containing protein  [Source:UniProtKB/TrEMBL;Acc:A0A077ZCW2],Trichuris trichiura (PRJEB535),protein_coding,trtricprjeb535
TTRE4277,TTRE4277_t1,1973,protein_coding,,Trichuris trichiura (PRJEB535),protein_coding,trtricprjeb535
TTRE3225,TTRE3225_t1,272,protein_coding,ATP dependent DNA helicase  [Source:UniProtKB/TrEMBL;Acc:A0A077Z6R1],Trichuris trichiura (PRJEB535),protein_coding,trtricprjeb535
TTRE2555,TTRE2555_t1,1322,protein_coding,Zf-MYND domain containing protein  [Source:UniProtKB/TrEMBL;Acc:A0A077YVN4],Trichuris trichiura (PRJEB535),protein_coding,trtricprjeb535
TTRE5484,TTRE5484_t1,298,protein_coding,Protein CIP2A  [Source:UniProtKB/TrEMBL;Acc:A0A077YYC7],Trichuris trichiura (PRJEB535),protein_coding,trtricprjeb535
TTRE4406,TTRE4406_t1,160,protein_coding,Conserved protein  [Source:UniProtKB/TrEMBL;Acc:A0A077Z6R5],Trichuris trichiura (PRJEB535),protein_coding,trtricprjeb535
TTRE5771,TTRE5771_t1,246,protein_coding,,Trichuris trichiura (PRJEB535),protein_coding,trtricprjeb535
TTRE651,TTRE651_t1,723,protein_coding,,Trichuris trichiura (PRJEB535),protein_coding,trtricprjeb535
TTRE9968,TTRE9968_t1,1637,protein_coding,,Trichuris trichiura (PRJEB535),protein_coding,trtricprjeb535
TTRE5079,TTRE5079_t1,537,protein_coding,Netrin receptor UNC5  [Source:UniProtKB/TrEMBL;Acc:A0A077Z7Z8],Trichuris trichiura (PRJEB535),protein_coding,trtricprjeb535
TTRE6007,TTRE6007_t1,479,protein_coding,,Trichuris trichiura (PRJEB535),protein_coding,trtricprjeb535
TTRE11735,TTRE11735_t1,406,protein_coding,,Trichuris trichiura (PRJEB535),protein_coding,trtricprjeb535
TTRE6252,TTRE6252_t1,632,protein_coding,,Trichuris trichiura (PRJEB535),protein_coding,trtricprjeb535
TTRE2133,TTRE2133_t1,339,protein_coding,,Trichuris trichiura (PRJEB535),protein_coding,trtricprjeb535
TTRE4416,TTRE4416_t1,565,protein_coding,,Trichuris trichiura (PRJEB535),protein_coding,trtricprjeb535
TTRE317,TTRE317_t1,362,protein_coding,,Trichuris trichiura (PRJEB535),protein_coding,trtricprjeb535
TTRE6311,TTRE6311_t1,680,protein_coding,,Trichuris trichiura (PRJEB535),protein_coding,trtricprjeb535
TTRE9818,TTRE9818_t1,527,protein_coding,,Trichuris trichiura (PRJEB535),protein_coding,trtricprjeb535
TTRE11077,TTRE11077_t1,459,protein_coding,,Trichuris trichiura (PRJEB535),protein_coding,trtricprjeb535
TTRE2424,TTRE2424_t1,1280,protein_coding,Spalt protein  [Source:UniProtKB/TrEMBL;Acc:A0A077YVJ3],Trichuris trichiura (PRJEB535),protein_coding,trtricprjeb535
TTRE6540,TTRE6540_t1,454,protein_coding,Tyrosine-protein kinase  [Source:UniProtKB/TrEMBL;Acc:A0A077ZLF0],Trichuris trichiura (PRJEB535),protein_coding,trtricprjeb535
TTRE4968,TTRE4968_t1,244,protein_coding,,Trichuris trichiura (PRJEB535),protein_coding,trtricprjeb535
TTRE628,TTRE628_t1,189,protein_coding,"GDP-mannose 4,6-dehydratase  [Source:UniProtKB/TrEMBL;Acc:A0A077Z492]",Trichuris trichiura (PRJEB535),protein_coding,trtricprjeb535
TTRE5231,TTRE5231_t1,129,protein_coding,,Trichuris trichiura (PRJEB535),protein_coding,trtricprjeb535
TTRE3056,TTRE3056_t1,307,protein_coding,,Trichuris trichiura (PRJEB535),protein_coding,trtricprjeb535
TTRE7118,TTRE7118_t1,2288,protein_coding,,Trichuris trichiura (PRJEB535),protein_coding,trtricprjeb535
TTRE8642,TTRE8642_t1,148,protein_coding,,Trichuris trichiura (PRJEB535),protein_coding,trtricprjeb535
TTRE9637,TTRE9637_t1,299,protein_coding,,Trichuris trichiura (PRJEB535),protein_coding,trtricprjeb535
TTRE3598,TTRE3598_t1,334,protein_coding,,Trichuris trichiura (PRJEB535),protein_coding,trtricprjeb535
TTRE3003,TTRE3003_t1,324,protein_coding,,Trichuris trichiura (PRJEB535),protein_coding,trtricprjeb535
TTRE382,TTRE382_t1,795,protein_coding,,Trichuris trichiura (PRJEB535),protein_coding,trtricprjeb535
TTRE8304,TTRE8304_t1,231,protein_coding,,Trichuris trichiura (PRJEB535),protein_coding,trtricprjeb535
TTRE10708,TTRE10708_t1,255,protein_coding,,Trichuris trichiura (PRJEB535),protein_coding,trtricprjeb535
TTRE9363,TTRE9363_t1,886,protein_coding,GLTSCR1 domain containing protein  [Source:UniProtKB/TrEMBL;Acc:A0A077YYX3],Trichuris trichiura (PRJEB535),protein_coding,trtricprjeb535
TTRE931,TTRE931_t1,820,protein_coding,,Trichuris trichiura (PRJEB535),protein_coding,trtricprjeb535
TTRE11462,TTRE11462_t1,644,protein_coding,,Trichuris trichiura (PRJEB535),protein_coding,trtricprjeb535
TTRE3555,TTRE3555_t1,205,protein_coding,,Trichuris trichiura (PRJEB535),protein_coding,trtricprjeb535
TTRE7793,TTRE7793_t1,482,protein_coding,,Trichuris trichiura (PRJEB535),protein_coding,trtricprjeb535
TTRE11133,TTRE11133_t1,1152,protein_coding,,Trichuris trichiura (PRJEB535),protein_coding,trtricprjeb535
TTRE5654,TTRE5654_t1,306,protein_coding,E3 UFM1-protein ligase 1 homolog  [Source:UniProtKB/TrEMBL;Acc:A0A077ZB69],Trichuris trichiura (PRJEB535),protein_coding,trtricprjeb535
TTRE3442,TTRE3442_t1,176,protein_coding,,Trichuris trichiura (PRJEB535),protein_coding,trtricprjeb535
TTRE3944,TTRE3944_t1,358,protein_coding,,Trichuris trichiura (PRJEB535),protein_coding,trtricprjeb535
TTRE7795,TTRE7795_t1,308,protein_coding,,Trichuris trichiura (PRJEB535),protein_coding,trtricprjeb535
TTRE993,TTRE993_t2,2094,protein_coding,,Trichuris trichiura (PRJEB535),protein_coding,trtricprjeb535
TTRE544,TTRE544_t1,178,protein_coding,,Trichuris trichiura (PRJEB535),protein_coding,trtricprjeb535
TTRE6698,TTRE6698_t1,3527,protein_coding,,Trichuris trichiura (PRJEB535),protein_coding,trtricprjeb535
TTRE5371,TTRE5371_t1,183,protein_coding,Myosin regulatory light chain 1  [Source:UniProtKB/TrEMBL;Acc:A0A077Z9W3],Trichuris trichiura (PRJEB535),protein_coding,trtricprjeb535
TTRE6766,TTRE6766_t1,287,protein_coding,,Trichuris trichiura (PRJEB535),protein_coding,trtricprjeb535
TTRE1375,TTRE1375_t1,303,protein_coding,,Trichuris trichiura (PRJEB535),protein_coding,trtricprjeb535
TTRE12382,TTRE12382_t1,193,protein_coding,,Trichuris trichiura (PRJEB535),protein_coding,trtricprjeb535
TTRE3657,TTRE3657_t1,593,protein_coding,N-alpha-acetyltransferase 40  [Source:UniProtKB/TrEMBL;Acc:A0A077ZJH1],Trichuris trichiura (PRJEB535),protein_coding,trtricprjeb535
TTRE1616,TTRE1616_t1,191,protein_coding,,Trichuris trichiura (PRJEB535),protein_coding,trtricprjeb535
TTRE3014,TTRE3014_t1,222,protein_coding,,Trichuris trichiura (PRJEB535),protein_coding,trtricprjeb535
TTRE9117,TTRE9117_t1,191,protein_coding,,Trichuris trichiura (PRJEB535),protein_coding,trtricprjeb535
TTRE2514,TTRE2514_t1,167,protein_coding,,Trichuris trichiura (PRJEB535),protein_coding,trtricprjeb535
TTRE9426,TTRE9426_t1,262,protein_coding,,Trichuris trichiura (PRJEB535),protein_coding,trtricprjeb535
TTRE4757,TTRE4757_t1,410,protein_coding,,Trichuris trichiura (PRJEB535),protein_coding,trtricprjeb535
TTRE7858,TTRE7858_t1,144,protein_coding,,Trichuris trichiura (PRJEB535),protein_coding,trtricprjeb535
TTRE6796,TTRE6796_t1,614,protein_coding,,Trichuris trichiura (PRJEB535),protein_coding,trtricprjeb535
TTRE5808,TTRE5808_t1,265,protein_coding,,Trichuris trichiura (PRJEB535),protein_coding,trtricprjeb535
TTRE9654,TTRE9654_t1,203,protein_coding,,Trichuris trichiura (PRJEB535),protein_coding,trtricprjeb535
TTRE5681,TTRE5681_t1,280,protein_coding,,Trichuris trichiura (PRJEB535),protein_coding,trtricprjeb535
TTRE4117,TTRE4117_t1,1416,protein_coding,,Trichuris trichiura (PRJEB535),protein_coding,trtricprjeb535
TTRE6053,TTRE6053_t1,166,protein_coding,,Trichuris trichiura (PRJEB535),protein_coding,trtricprjeb535
TTRE8287,TTRE8287_t1,1673,protein_coding,,Trichuris trichiura (PRJEB535),protein_coding,trtricprjeb535
TTRE3957,TTRE3957_t1,578,protein_coding,Putative heat shock protein  [Source:UniProtKB/TrEMBL;Acc:A0A077ZCH5],Trichuris trichiura (PRJEB535),protein_coding,trtricprjeb535
TTRE6561,TTRE6561_t1,455,protein_coding,TOBE_2 domain-containing protein  [Source:UniProtKB/TrEMBL;Acc:A0A077Z825],Trichuris trichiura (PRJEB535),protein_coding,trtricprjeb535
TTRE6227,TTRE6227_t1,1016,protein_coding,60S ribosomal protein L37a  [Source:UniProtKB/TrEMBL;Acc:A0A077ZBC7],Trichuris trichiura (PRJEB535),protein_coding,trtricprjeb535
TTRE6126,TTRE6126_t1,398,protein_coding,,Trichuris trichiura (PRJEB535),protein_coding,trtricprjeb535
TTRE10051,TTRE10051_t1,177,protein_coding,,Trichuris trichiura (PRJEB535),protein_coding,trtricprjeb535
TTRE10148,TTRE10148_t1,510,protein_coding,,Trichuris trichiura (PRJEB535),protein_coding,trtricprjeb535
TTRE10716,TTRE10716_t1,242,protein_coding,,Trichuris trichiura (PRJEB535),protein_coding,trtricprjeb535
TTRE8734,TTRE8734_t1,182,protein_coding,"Pap inositol 1,4 phosphatase  [Source:UniProtKB/TrEMBL;Acc:A0A077Z4V4]",Trichuris trichiura (PRJEB535),protein_coding,trtricprjeb535
TTRE6871,TTRE6871_t1,311,protein_coding,,Trichuris trichiura (PRJEB535),protein_coding,trtricprjeb535
TTRE5354,TTRE5354_t1,1631,protein_coding,5'-AMP-activated protein kinase catalytic subunit alpha-2  [Source:UniProtKB/TrEMBL;Acc:A0A077YYF3],Trichuris trichiura (PRJEB535),protein_coding,trtricprjeb535
TTRE11384,TTRE11384_t1,374,protein_coding,,Trichuris trichiura (PRJEB535),protein_coding,trtricprjeb535
TTRE11351,TTRE11351_t1,197,protein_coding,,Trichuris trichiura (PRJEB535),protein_coding,trtricprjeb535
TTRE7618,TTRE7618_t1,326,protein_coding,,Trichuris trichiura (PRJEB535),protein_coding,trtricprjeb535
TTRE4794,TTRE4794_t1,488,protein_coding,Amino acid permease  [Source:UniProtKB/TrEMBL;Acc:A0A077ZC59],Trichuris trichiura (PRJEB535),protein_coding,trtricprjeb535
TTRE8349,TTRE8349_t1,149,protein_coding,,Trichuris trichiura (PRJEB535),protein_coding,trtricprjeb535
TTRE12054,TTRE12054_t1,314,protein_coding,,Trichuris trichiura (PRJEB535),protein_coding,trtricprjeb535
TTRE3072,TTRE3072_t1,245,protein_coding,,Trichuris trichiura (PRJEB535),protein_coding,trtricprjeb535
TTRE11876,TTRE11876_t1,468,protein_coding,,Trichuris trichiura (PRJEB535),protein_coding,trtricprjeb535
TTRE10874,TTRE10874_t1,242,protein_coding,,Trichuris trichiura (PRJEB535),protein_coding,trtricprjeb535
TTRE4299,TTRE4299_t1,167,protein_coding,,Trichuris trichiura (PRJEB535),protein_coding,trtricprjeb535
TTRE8054,TTRE8054_t1,917,protein_coding,,Trichuris trichiura (PRJEB535),protein_coding,trtricprjeb535
TTRE8999,TTRE8999_t1,524,protein_coding,,Trichuris trichiura (PRJEB535),protein_coding,trtricprjeb535
TTRE7434,TTRE7434_t1,377,protein_coding,,Trichuris trichiura (PRJEB535),protein_coding,trtricprjeb535
TTRE804,TTRE804_t1,353,protein_coding,,Trichuris trichiura (PRJEB535),protein_coding,trtricprjeb535
TTRE8558,TTRE8558_t1,232,protein_coding,Enkurin domain containing protein  [Source:UniProtKB/TrEMBL;Acc:A0A077ZBR9],Trichuris trichiura (PRJEB535),protein_coding,trtricprjeb535
TTRE4526,TTRE4526_t1,509,protein_coding,Major sperm protein  [Source:UniProtKB/TrEMBL;Acc:A0A077Z829],Trichuris trichiura (PRJEB535),protein_coding,trtricprjeb535
TTRE10163,TTRE10163_t1,922,protein_coding,ENT domain containing protein  [Source:UniProtKB/TrEMBL;Acc:A0A077ZCB9],Trichuris trichiura (PRJEB535),protein_coding,trtricprjeb535
TTRE12180,TTRE12180_t1,3292,protein_coding,,Trichuris trichiura (PRJEB535),protein_coding,trtricprjeb535
TTRE6040,TTRE6040_t1,328,protein_coding,,Trichuris trichiura (PRJEB535),protein_coding,trtricprjeb535
TTRE10891,TTRE10891_t1,255,protein_coding,,Trichuris trichiura (PRJEB535),protein_coding,trtricprjeb535
TTRE7786,TTRE7786_t1,228,protein_coding,,Trichuris trichiura (PRJEB535),protein_coding,trtricprjeb535
TTRE932,TTRE932_t2,249,protein_coding,,Trichuris trichiura (PRJEB535),protein_coding,trtricprjeb535
TTRE3746,TTRE3746_t1,190,protein_coding,,Trichuris trichiura (PRJEB535),protein_coding,trtricprjeb535
TTRE3444,TTRE3444_t1,158,protein_coding,Palmitoyltransferase  [Source:UniProtKB/TrEMBL;Acc:A0A077Z5R2],Trichuris trichiura (PRJEB535),protein_coding,trtricprjeb535
TTRE11288,TTRE11288_t1,962,protein_coding,,Trichuris trichiura (PRJEB535),protein_coding,trtricprjeb535
TTRE12641,TTRE12641_t1,338,protein_coding,,Trichuris trichiura (PRJEB535),protein_coding,trtricprjeb535
TTRE12605,TTRE12605_t1,244,protein_coding,,Trichuris trichiura (PRJEB535),protein_coding,trtricprjeb535
TTRE7396,TTRE7396_t1,509,protein_coding,,Trichuris trichiura (PRJEB535),protein_coding,trtricprjeb535
TTRE6514,TTRE6514_t1,420,protein_coding,,Trichuris trichiura (PRJEB535),protein_coding,trtricprjeb535
TTRE46,TTRE46_t1,400,protein_coding,,Trichuris trichiura (PRJEB535),protein_coding,trtricprjeb535
TTRE2279,TTRE2279_t1,245,protein_coding,Rab-GAP TBC domain-containing protein  [Source:UniProtKB/TrEMBL;Acc:A0A077ZAK2],Trichuris trichiura (PRJEB535),protein_coding,trtricprjeb535
TTRE339,TTRE339_t1,819,protein_coding,,Trichuris trichiura (PRJEB535),protein_coding,trtricprjeb535
TTRE8845,TTRE8845_t1,172,protein_coding,,Trichuris trichiura (PRJEB535),protein_coding,trtricprjeb535
TTRE9675,TTRE9675_t1,157,protein_coding,,Trichuris trichiura (PRJEB535),protein_coding,trtricprjeb535
TTRE5826,TTRE5826_t1,518,protein_coding,,Trichuris trichiura (PRJEB535),protein_coding,trtricprjeb535
TTRE10004,TTRE10004_t1,404,protein_coding,,Trichuris trichiura (PRJEB535),protein_coding,trtricprjeb535
TTRE4403,TTRE4403_t1,1727,protein_coding,,Trichuris trichiura (PRJEB535),protein_coding,trtricprjeb535
TTRE6236,TTRE6236_t1,220,protein_coding,ATP synthase subunit gamma  [Source:UniProtKB/TrEMBL;Acc:A0A077ZAI2],Trichuris trichiura (PRJEB535),protein_coding,trtricprjeb535
TTRE6183,TTRE6183_t1,566,protein_coding,,Trichuris trichiura (PRJEB535),protein_coding,trtricprjeb535
TTRE2623,TTRE2623_t1,534,protein_coding,,Trichuris trichiura (PRJEB535),protein_coding,trtricprjeb535
TTRE12666,TTRE12666_t1,397,protein_coding,,Trichuris trichiura (PRJEB535),protein_coding,trtricprjeb535
TTRE8353,TTRE8353_t1,200,protein_coding,TPR_REGION domain-containing protein  [Source:UniProtKB/TrEMBL;Acc:A0A077Z4V9],Trichuris trichiura (PRJEB535),protein_coding,trtricprjeb535
TTRE4734,TTRE4734_t1,110,protein_coding,,Trichuris trichiura (PRJEB535),protein_coding,trtricprjeb535
TTRE2215,TTRE2215_t1,920,protein_coding,,Trichuris trichiura (PRJEB535),protein_coding,trtricprjeb535
TTRE11833,TTRE11833_t1,583,protein_coding,Transmembrane protein 231  [Source:UniProtKB/TrEMBL;Acc:A0A077ZPV1],Trichuris trichiura (PRJEB535),protein_coding,trtricprjeb535
TTRE6567,TTRE6567_t1,248,protein_coding,,Trichuris trichiura (PRJEB535),protein_coding,trtricprjeb535
TTRE4029,TTRE4029_t1,753,protein_coding,ODR4-like domain containing protein  [Source:UniProtKB/TrEMBL;Acc:A0A077Z2C8],Trichuris trichiura (PRJEB535),protein_coding,trtricprjeb535
TTRE10197,TTRE10197_t1,650,protein_coding,,Trichuris trichiura (PRJEB535),protein_coding,trtricprjeb535
TTRE362,TTRE362_t1,191,protein_coding,,Trichuris trichiura (PRJEB535),protein_coding,trtricprjeb535
TTRE4986,TTRE4986_t1,916,protein_coding,,Trichuris trichiura (PRJEB535),protein_coding,trtricprjeb535
TTRE6250,TTRE6250_t1,367,protein_coding,,Trichuris trichiura (PRJEB535),protein_coding,trtricprjeb535
TTRE6980,TTRE6980_t1,335,protein_coding,,Trichuris trichiura (PRJEB535),protein_coding,trtricprjeb535
TTRE9409,TTRE9409_t1,119,protein_coding,,Trichuris trichiura (PRJEB535),protein_coding,trtricprjeb535
TTRE9006,TTRE9006_t1,443,protein_coding,Phospholipid-transporting ATPase IIB  [Source:UniProtKB/TrEMBL;Acc:A0A077Z2I4],Trichuris trichiura (PRJEB535),protein_coding,trtricprjeb535
TTRE9619,TTRE9619_t1,373,protein_coding,"3 ketoacyl coenzyme A thiolase, mitochondrial  [Source:UniProtKB/TrEMBL;Acc:A0A077ZJA3]",Trichuris trichiura (PRJEB535),protein_coding,trtricprjeb535
TTRE509,TTRE509_t1,128,protein_coding,Ribosomal L37ae domain containing protein  [Source:UniProtKB/TrEMBL;Acc:A0A077ZBE3],Trichuris trichiura (PRJEB535),protein_coding,trtricprjeb535
TTRE10046,TTRE10046_t1,417,protein_coding,Organic cation transporter protein  [Source:UniProtKB/TrEMBL;Acc:A0A077YXM1],Trichuris trichiura (PRJEB535),protein_coding,trtricprjeb535
TTRE10070,TTRE10070_t1,357,protein_coding,,Trichuris trichiura (PRJEB535),protein_coding,trtricprjeb535
TTRE9427,TTRE9427_t1,871,protein_coding,,Trichuris trichiura (PRJEB535),protein_coding,trtricprjeb535
TTRE11904,TTRE11904_t1,302,protein_coding,RNA polymerase sigma factor RpoD  [Source:UniProtKB/TrEMBL;Acc:A0A077Z4X2],Trichuris trichiura (PRJEB535),protein_coding,trtricprjeb535
TTRE3980,TTRE3980_t2,512,protein_coding,C2 domain-containing protein  [Source:UniProtKB/TrEMBL;Acc:A0A077YWI4],Trichuris trichiura (PRJEB535),protein_coding,trtricprjeb535
TTRE12664,TTRE12664_t1,320,protein_coding,,Trichuris trichiura (PRJEB535),protein_coding,trtricprjeb535
TTRE2873,TTRE2873_t1,277,protein_coding,,Trichuris trichiura (PRJEB535),protein_coding,trtricprjeb535
TTRE12222,TTRE12222_t1,1145,protein_coding,,Trichuris trichiura (PRJEB535),protein_coding,trtricprjeb535
TTRE4234,TTRE4234_t1,572,protein_coding,,Trichuris trichiura (PRJEB535),protein_coding,trtricprjeb535
TTRE7836,TTRE7836_t1,254,protein_coding,,Trichuris trichiura (PRJEB535),protein_coding,trtricprjeb535
TTRE3006,TTRE3006_t1,228,protein_coding,60S ribosomal export protein NMD3  [Source:UniProtKB/TrEMBL;Acc:A0A077ZD29],Trichuris trichiura (PRJEB535),protein_coding,trtricprjeb535
TTRE11337,TTRE11337_t1,324,protein_coding,Metastasis suppressor protein 1  [Source:UniProtKB/TrEMBL;Acc:A0A077ZEX3],Trichuris trichiura (PRJEB535),protein_coding,trtricprjeb535
TTRE10991,TTRE10991_t1,192,protein_coding,,Trichuris trichiura (PRJEB535),protein_coding,trtricprjeb535
TTRE5143,TTRE5143_t1,175,protein_coding,,Trichuris trichiura (PRJEB535),protein_coding,trtricprjeb535
TTRE728,TTRE728_t1,178,protein_coding,Sodium:potassium transporting atpase subunit  [Source:UniProtKB/TrEMBL;Acc:A0A077YZ37],Trichuris trichiura (PRJEB535),protein_coding,trtricprjeb535
TTRE11724,TTRE11724_t1,428,protein_coding,,Trichuris trichiura (PRJEB535),protein_coding,trtricprjeb535
TTRE1031,TTRE1031_t1,579,protein_coding,Putative crumbs log 2b  [Source:UniProtKB/TrEMBL;Acc:A0A077Z354],Trichuris trichiura (PRJEB535),protein_coding,trtricprjeb535
TTRE2468,TTRE2468_t1,1254,protein_coding,DUF229 domain containing protein  [Source:UniProtKB/TrEMBL;Acc:A0A077ZKF6],Trichuris trichiura (PRJEB535),protein_coding,trtricprjeb535
TTRE6821,TTRE6821_t1,757,protein_coding,,Trichuris trichiura (PRJEB535),protein_coding,trtricprjeb535
TTRE10324,TTRE10324_t1,1085,protein_coding,,Trichuris trichiura (PRJEB535),protein_coding,trtricprjeb535
TTRE9573,TTRE9573_t1,329,protein_coding,,Trichuris trichiura (PRJEB535),protein_coding,trtricprjeb535
TTRE9668,TTRE9668_t1,1772,protein_coding,Angiotensin-converting enzyme  [Source:UniProtKB/TrEMBL;Acc:A0A077YZS2],Trichuris trichiura (PRJEB535),protein_coding,trtricprjeb535
TTRE9171,TTRE9171_t1,98,protein_coding,,Trichuris trichiura (PRJEB535),protein_coding,trtricprjeb535
TTRE2332,TTRE2332_t1,294,protein_coding,TATA-box-binding protein  [Source:UniProtKB/TrEMBL;Acc:A0A077YVR1],Trichuris trichiura (PRJEB535),protein_coding,trtricprjeb535
TTRE1440,TTRE1440_t1,210,protein_coding,,Trichuris trichiura (PRJEB535),protein_coding,trtricprjeb535
TTRE7419,TTRE7419_t1,365,protein_coding,,Trichuris trichiura (PRJEB535),protein_coding,trtricprjeb535
TTRE5201,TTRE5201_t1,408,protein_coding,,Trichuris trichiura (PRJEB535),protein_coding,trtricprjeb535
TTRE9074,TTRE9074_t1,224,protein_coding,,Trichuris trichiura (PRJEB535),protein_coding,trtricprjeb535
TTRE10415,TTRE10415_t1,567,protein_coding,,Trichuris trichiura (PRJEB535),protein_coding,trtricprjeb535
TTRE5775,TTRE5775_t1,261,protein_coding,,Trichuris trichiura (PRJEB535),protein_coding,trtricprjeb535
TTRE12388,TTRE12388_t1,437,protein_coding,,Trichuris trichiura (PRJEB535),protein_coding,trtricprjeb535
TTRE2928,TTRE2928_t1,169,protein_coding,,Trichuris trichiura (PRJEB535),protein_coding,trtricprjeb535
TTRE4165,TTRE4165_t1,737,protein_coding,Proteasome activator complex subunit 3  [Source:UniProtKB/TrEMBL;Acc:A0A077Z378],Trichuris trichiura (PRJEB535),protein_coding,trtricprjeb535
TTRE4445,TTRE4445_t1,1486,protein_coding,,Trichuris trichiura (PRJEB535),protein_coding,trtricprjeb535
TTRE2795,TTRE2795_t1,349,protein_coding,,Trichuris trichiura (PRJEB535),protein_coding,trtricprjeb535
TTRE7620,TTRE7620_t1,242,protein_coding,,Trichuris trichiura (PRJEB535),protein_coding,trtricprjeb535
TTRE5364,TTRE5364_t1,101,protein_coding,,Trichuris trichiura (PRJEB535),protein_coding,trtricprjeb535
TTRE6914,TTRE6914_t1,455,protein_coding,,Trichuris trichiura (PRJEB535),protein_coding,trtricprjeb535
TTRE3591,TTRE3591_t1,339,protein_coding,PAN 1 domain containing protein  [Source:UniProtKB/TrEMBL;Acc:A0A077Z244],Trichuris trichiura (PRJEB535),protein_coding,trtricprjeb535
TTRE241,TTRE241_t1,219,protein_coding,ML domain-containing protein  [Source:UniProtKB/TrEMBL;Acc:A0A077YZJ9],Trichuris trichiura (PRJEB535),protein_coding,trtricprjeb535
TTRE3641,TTRE3641_t1,335,protein_coding,,Trichuris trichiura (PRJEB535),protein_coding,trtricprjeb535
TTRE1282,TTRE1282_t1,629,protein_coding,,Trichuris trichiura (PRJEB535),protein_coding,trtricprjeb535
TTRE3645,TTRE3645_t1,157,protein_coding,,Trichuris trichiura (PRJEB535),protein_coding,trtricprjeb535
TTRE9316,TTRE9316_t1,228,protein_coding,,Trichuris trichiura (PRJEB535),protein_coding,trtricprjeb535
TTRE4784,TTRE4784_t1,659,protein_coding,,Trichuris trichiura (PRJEB535),protein_coding,trtricprjeb535
TTRE8888,TTRE8888_t1,548,protein_coding,Protein cbg  [Source:UniProtKB/TrEMBL;Acc:A0A077Z8A9],Trichuris trichiura (PRJEB535),protein_coding,trtricprjeb535
TTRE1353,TTRE1353_t1,201,protein_coding,Dolichyl-diphosphooligosaccharide--protein glycosyltransferase 48 kDa subunit  [Source:UniProtKB/TrEMBL;Acc:A0A077Z8X2],Trichuris trichiura (PRJEB535),protein_coding,trtricprjeb535
TTRE10685,TTRE10685_t1,1944,protein_coding,,Trichuris trichiura (PRJEB535),protein_coding,trtricprjeb535
TTRE2545,TTRE2545_t1,976,protein_coding,,Trichuris trichiura (PRJEB535),protein_coding,trtricprjeb535
TTRE1977,TTRE1977_t1,350,protein_coding,,Trichuris trichiura (PRJEB535),protein_coding,trtricprjeb535
TTRE8036,TTRE8036_t1,215,protein_coding,,Trichuris trichiura (PRJEB535),protein_coding,trtricprjeb535
TTRE3894,TTRE3894_t1,246,protein_coding,Doublecortin family protein  [Source:UniProtKB/TrEMBL;Acc:A0A077ZES5],Trichuris trichiura (PRJEB535),protein_coding,trtricprjeb535
TTRE12234,TTRE12234_t1,184,protein_coding,,Trichuris trichiura (PRJEB535),protein_coding,trtricprjeb535
TTRE6368,TTRE6368_t1,744,protein_coding,,Trichuris trichiura (PRJEB535),protein_coding,trtricprjeb535
TTRE5404,TTRE5404_t1,193,protein_coding,Transmembrane protein 106B  [Source:UniProtKB/TrEMBL;Acc:A0A077Z9X5],Trichuris trichiura (PRJEB535),protein_coding,trtricprjeb535
TTRE5223,TTRE5223_t1,426,protein_coding,,Trichuris trichiura (PRJEB535),protein_coding,trtricprjeb535
TTRE10908,TTRE10908_t1,301,protein_coding,Eukaryotic peptide chain release factor  [Source:UniProtKB/TrEMBL;Acc:A0A077ZHW7],Trichuris trichiura (PRJEB535),protein_coding,trtricprjeb535
TTRE1416,TTRE1416_t1,252,protein_coding,,Trichuris trichiura (PRJEB535),protein_coding,trtricprjeb535
TTRE8909,TTRE8909_t1,306,protein_coding,,Trichuris trichiura (PRJEB535),protein_coding,trtricprjeb535
TTRE2938,TTRE2938_t1,2744,protein_coding,I-set and fn3 and Ig 2 domain containing protein  [Source:UniProtKB/TrEMBL;Acc:A0A077ZH54],Trichuris trichiura (PRJEB535),protein_coding,trtricprjeb535
TTRE5921,TTRE5921_t1,209,protein_coding,,Trichuris trichiura (PRJEB535),protein_coding,trtricprjeb535
TTRE3285,TTRE3285_t1,554,protein_coding,Amino acid permease  [Source:UniProtKB/TrEMBL;Acc:A0A077Z8J7],Trichuris trichiura (PRJEB535),protein_coding,trtricprjeb535
TTRE8774,TTRE8774_t1,391,protein_coding,Ribosomal S2 domain containing protein  [Source:UniProtKB/TrEMBL;Acc:A0A077Z9M8],Trichuris trichiura (PRJEB535),protein_coding,trtricprjeb535
TTRE12488,TTRE12488_t1,1248,protein_coding,,Trichuris trichiura (PRJEB535),protein_coding,trtricprjeb535
TTRE7789,TTRE7789_t1,539,protein_coding,,Trichuris trichiura (PRJEB535),protein_coding,trtricprjeb535
TTRE4086,TTRE4086_t1,251,protein_coding,,Trichuris trichiura (PRJEB535),protein_coding,trtricprjeb535
TTRE6452,TTRE6452_t1,800,protein_coding,,Trichuris trichiura (PRJEB535),protein_coding,trtricprjeb535
TTRE12251,TTRE12251_t1,977,protein_coding,Pkinase domain containing protein  [Source:UniProtKB/TrEMBL;Acc:A0A077ZCX5],Trichuris trichiura (PRJEB535),protein_coding,trtricprjeb535
TTRE10134,TTRE10134_t1,503,protein_coding,,Trichuris trichiura (PRJEB535),protein_coding,trtricprjeb535
TTRE7622,TTRE7622_t1,440,protein_coding,40S ribosomal protein S15  [Source:UniProtKB/TrEMBL;Acc:A0A077ZFS8],Trichuris trichiura (PRJEB535),protein_coding,trtricprjeb535
TTRE12294,TTRE12294_t2,166,protein_coding,,Trichuris trichiura (PRJEB535),protein_coding,trtricprjeb535
TTRE5413,TTRE5413_t1,236,protein_coding,NADH-ubiquinone oxidoreductase chain 3  [Source:UniProtKB/TrEMBL;Acc:A0A077Z7N1],Trichuris trichiura (PRJEB535),protein_coding,trtricprjeb535
TTRE7689,TTRE7689_t1,155,protein_coding,,Trichuris trichiura (PRJEB535),protein_coding,trtricprjeb535
TTRE9192,TTRE9192_t1,221,protein_coding,,Trichuris trichiura (PRJEB535),protein_coding,trtricprjeb535
TTRE5131,TTRE5131_t1,196,protein_coding,,Trichuris trichiura (PRJEB535),protein_coding,trtricprjeb535
TTRE5575,TTRE5575_t1,1106,protein_coding,,Trichuris trichiura (PRJEB535),protein_coding,trtricprjeb535
TTRE6277,TTRE6277_t1,239,protein_coding,Developmentally regulated GTP binding protein 1  [Source:UniProtKB/TrEMBL;Acc:A0A077ZGY0],Trichuris trichiura (PRJEB535),protein_coding,trtricprjeb535
TTRE1236,TTRE1236_t1,851,protein_coding,,Trichuris trichiura (PRJEB535),protein_coding,trtricprjeb535
TTRE7722,TTRE7722_t1,145,protein_coding,,Trichuris trichiura (PRJEB535),protein_coding,trtricprjeb535
TTRE12132,TTRE12132_t1,217,protein_coding,,Trichuris trichiura (PRJEB535),protein_coding,trtricprjeb535
TTRE4088,TTRE4088_t1,221,protein_coding,SCP2 domain-containing protein  [Source:UniProtKB/TrEMBL;Acc:A0A077Z055],Trichuris trichiura (PRJEB535),protein_coding,trtricprjeb535
TTRE5905,TTRE5905_t1,449,protein_coding,BrkDBD and HTH Tnp Tc5 domain containing protein  [Source:UniProtKB/TrEMBL;Acc:A0A077ZK04],Trichuris trichiura (PRJEB535),protein_coding,trtricprjeb535
TTRE4844,TTRE4844_t1,1667,protein_coding,Non-specific serine/threonine protein kinase  [Source:UniProtKB/TrEMBL;Acc:A0A077Z5L6],Trichuris trichiura (PRJEB535),protein_coding,trtricprjeb535
TTRE12150,TTRE12150_t1,1247,protein_coding,,Trichuris trichiura (PRJEB535),protein_coding,trtricprjeb535
TTRE10293,TTRE10293_t1,503,protein_coding,,Trichuris trichiura (PRJEB535),protein_coding,trtricprjeb535
TTRE5756,TTRE5756_t1,330,protein_coding,Protein FAM91A1  [Source:UniProtKB/TrEMBL;Acc:A0A077ZGV2],Trichuris trichiura (PRJEB535),protein_coding,trtricprjeb535
TTRE4806,TTRE4806_t1,240,protein_coding,,Trichuris trichiura (PRJEB535),protein_coding,trtricprjeb535
TTRE4290,TTRE4290_t1,717,protein_coding,,Trichuris trichiura (PRJEB535),protein_coding,trtricprjeb535
TTRE11806,TTRE11806_t1,349,protein_coding,,Trichuris trichiura (PRJEB535),protein_coding,trtricprjeb535
TTRE1662,TTRE1662_t1,287,protein_coding,,Trichuris trichiura (PRJEB535),protein_coding,trtricprjeb535
TTRE10376,TTRE10376_t1,571,protein_coding,,Trichuris trichiura (PRJEB535),protein_coding,trtricprjeb535
TTRE5968,TTRE5968_t1,385,protein_coding,,Trichuris trichiura (PRJEB535),protein_coding,trtricprjeb535
TTRE7917,TTRE7917_t1,539,protein_coding,,Trichuris trichiura (PRJEB535),protein_coding,trtricprjeb535
TTRE4845,TTRE4845_t1,950,protein_coding,,Trichuris trichiura (PRJEB535),protein_coding,trtricprjeb535
TTRE1571,TTRE1571_t1,471,protein_coding,EPL1 and zf-HC5HC2H 2 and PHD 2 and Bromodomain d omain containing protein  [Source:UniProtKB/TrEMBL;Acc:A0A077YWR0],Trichuris trichiura (PRJEB535),protein_coding,trtricprjeb535
TTRE968,TTRE968_t1,97,protein_coding,,Trichuris trichiura (PRJEB535),protein_coding,trtricprjeb535
TTRE1220,TTRE1220_t1,364,protein_coding,,Trichuris trichiura (PRJEB535),protein_coding,trtricprjeb535
TTRE3935,TTRE3935_t1,251,protein_coding,Patatin domain containing protein  [Source:UniProtKB/TrEMBL;Acc:A0A077Z1L6],Trichuris trichiura (PRJEB535),protein_coding,trtricprjeb535
TTRE3702,TTRE3702_t1,143,protein_coding,,Trichuris trichiura (PRJEB535),protein_coding,trtricprjeb535
TTRE11773,TTRE11773_t1,974,protein_coding,,Trichuris trichiura (PRJEB535),protein_coding,trtricprjeb535
TTRE1762,TTRE1762_t1,272,protein_coding,Mediator of RNA polymerase II transcription subunit 11  [Source:UniProtKB/TrEMBL;Acc:A0A077Z846],Trichuris trichiura (PRJEB535),protein_coding,trtricprjeb535
TTRE1778,TTRE1778_t1,1563,protein_coding,PSI and Plexin cytopl and Sema and TIG domain con taining protein  [Source:UniProtKB/TrEMBL;Acc:A0A077Z670],Trichuris trichiura (PRJEB535),protein_coding,trtricprjeb535
TTRE4225,TTRE4225_t1,193,protein_coding,,Trichuris trichiura (PRJEB535),protein_coding,trtricprjeb535
TTRE5741,TTRE5741_t1,305,protein_coding,,Trichuris trichiura (PRJEB535),protein_coding,trtricprjeb535
TTRE6237,TTRE6237_t1,150,protein_coding,60S ribosomal protein L21  [Source:UniProtKB/TrEMBL;Acc:A0A077Z698],Trichuris trichiura (PRJEB535),protein_coding,trtricprjeb535
TTRE3534,TTRE3534_t1,3845,protein_coding,PH interacting protein  [Source:UniProtKB/TrEMBL;Acc:A0A077YVK3],Trichuris trichiura (PRJEB535),protein_coding,trtricprjeb535
TTRE11822,TTRE11822_t1,884,protein_coding,,Trichuris trichiura (PRJEB535),protein_coding,trtricprjeb535
TTRE10203,TTRE10203_t1,239,protein_coding,,Trichuris trichiura (PRJEB535),protein_coding,trtricprjeb535
TTRE6647,TTRE6647_t1,467,protein_coding,,Trichuris trichiura (PRJEB535),protein_coding,trtricprjeb535
TTRE3186,TTRE3186_t1,1172,protein_coding,Fucosyltransferase  [Source:UniProtKB/TrEMBL;Acc:A0A077ZGZ9],Trichuris trichiura (PRJEB535),protein_coding,trtricprjeb535
TTRE2921,TTRE2921_t1,224,protein_coding,Ribosomal protein S3  [Source:UniProtKB/TrEMBL;Acc:A0A077Z7F8],Trichuris trichiura (PRJEB535),protein_coding,trtricprjeb535
TTRE6178,TTRE6178_t1,437,protein_coding,Serine-rich protein  [Source:UniProtKB/TrEMBL;Acc:A0A077ZE20],Trichuris trichiura (PRJEB535),protein_coding,trtricprjeb535
TTRE3450,TTRE3450_t1,314,protein_coding,,Trichuris trichiura (PRJEB535),protein_coding,trtricprjeb535
TTRE788,TTRE788_t1,179,protein_coding,,Trichuris trichiura (PRJEB535),protein_coding,trtricprjeb535
TTRE7109,TTRE7109_t1,590,protein_coding,Secreted protein  [Source:UniProtKB/TrEMBL;Acc:A0A077ZLL8],Trichuris trichiura (PRJEB535),protein_coding,trtricprjeb535
TTRE4580,TTRE4580_t1,1556,protein_coding,,Trichuris trichiura (PRJEB535),protein_coding,trtricprjeb535
TTRE10808,TTRE10808_t1,503,protein_coding,,Trichuris trichiura (PRJEB535),protein_coding,trtricprjeb535
TTRE5272,TTRE5272_t1,277,protein_coding,TUDOR domain containing protein  [Source:UniProtKB/TrEMBL;Acc:A0A077Z2J5],Trichuris trichiura (PRJEB535),protein_coding,trtricprjeb535
TTRE10666,TTRE10666_t1,225,protein_coding,,Trichuris trichiura (PRJEB535),protein_coding,trtricprjeb535
TTRE12621,TTRE12621_t1,302,protein_coding,,Trichuris trichiura (PRJEB535),protein_coding,trtricprjeb535
TTRE9289,TTRE9289_t1,254,protein_coding,,Trichuris trichiura (PRJEB535),protein_coding,trtricprjeb535
TTRE5047,TTRE5047_t1,1461,protein_coding,Conserved oligomeric Golgi complex subunit 4  [Source:UniProtKB/TrEMBL;Acc:A0A077Z8M1],Trichuris trichiura (PRJEB535),protein_coding,trtricprjeb535
TTRE5850,TTRE5850_t1,614,protein_coding,,Trichuris trichiura (PRJEB535),protein_coding,trtricprjeb535
TTRE1047,TTRE1047_t1,511,protein_coding,,Trichuris trichiura (PRJEB535),protein_coding,trtricprjeb535
TTRE9457,TTRE9457_t1,493,protein_coding,,Trichuris trichiura (PRJEB535),protein_coding,trtricprjeb535
TTRE6876,TTRE6876_t1,440,protein_coding,Glial fibrillary acidic protein-like  [Source:UniProtKB/TrEMBL;Acc:A0A077ZNB6],Trichuris trichiura (PRJEB535),protein_coding,trtricprjeb535
TTRE4537,TTRE4537_t1,211,protein_coding,ShK and DUF1794 domain containing protein  [Source:UniProtKB/TrEMBL;Acc:A0A077Z2P3],Trichuris trichiura (PRJEB535),protein_coding,trtricprjeb535
TTRE5554,TTRE5554_t1,209,protein_coding,,Trichuris trichiura (PRJEB535),protein_coding,trtricprjeb535
TTRE8023,TTRE8023_t1,357,protein_coding,,Trichuris trichiura (PRJEB535),protein_coding,trtricprjeb535
TTRE1248,TTRE1248_t1,160,protein_coding,"Probable NADH dehydrogenase [ubiquinone] 1 beta s ubcomplex subunit 2, mitochondrial  [Source:UniProtKB/TrEMBL;Acc:A0A077ZGW1]",Trichuris trichiura (PRJEB535),protein_coding,trtricprjeb535
TTRE3443,TTRE3443_t1,605,protein_coding,,Trichuris trichiura (PRJEB535),protein_coding,trtricprjeb535
TTRE1734,TTRE1734_t1,321,protein_coding,,Trichuris trichiura (PRJEB535),protein_coding,trtricprjeb535
TTRE4094,TTRE4094_t1,1044,protein_coding,,Trichuris trichiura (PRJEB535),protein_coding,trtricprjeb535
TTRE7712,TTRE7712_t1,488,protein_coding,Chromobox protein 3  [Source:UniProtKB/TrEMBL;Acc:A0A077ZAQ5],Trichuris trichiura (PRJEB535),protein_coding,trtricprjeb535
TTRE1218,TTRE1218_t1,1016,protein_coding,,Trichuris trichiura (PRJEB535),protein_coding,trtricprjeb535
TTRE10304,TTRE10304_t1,443,protein_coding,,Trichuris trichiura (PRJEB535),protein_coding,trtricprjeb535
TTRE7627,TTRE7627_t1,815,protein_coding,Tau tubulin kinase 1  [Source:UniProtKB/TrEMBL;Acc:A0A077ZE01],Trichuris trichiura (PRJEB535),protein_coding,trtricprjeb535
TTRE12098,TTRE12098_t1,632,protein_coding,,Trichuris trichiura (PRJEB535),protein_coding,trtricprjeb535
TTRE6902,TTRE6902_t1,1756,protein_coding,,Trichuris trichiura (PRJEB535),protein_coding,trtricprjeb535
TTRE3211,TTRE3211_t1,527,protein_coding,Adipokinetic hormone receptor  [Source:UniProtKB/TrEMBL;Acc:A0A077Z973],Trichuris trichiura (PRJEB535),protein_coding,trtricprjeb535
TTRE4115,TTRE4115_t1,469,protein_coding,,Trichuris trichiura (PRJEB535),protein_coding,trtricprjeb535
TTRE1869,TTRE1869_t1,1287,protein_coding,,Trichuris trichiura (PRJEB535),protein_coding,trtricprjeb535
TTRE8284,TTRE8284_t1,1250,protein_coding,Growth factor receptor bound protein  [Source:UniProtKB/TrEMBL;Acc:A0A077ZB59],Trichuris trichiura (PRJEB535),protein_coding,trtricprjeb535
TTRE291,TTRE291_t1,154,protein_coding,Adenylosuccinate synthetase  [Source:UniProtKB/TrEMBL;Acc:A0A077YWW7],Trichuris trichiura (PRJEB535),protein_coding,trtricprjeb535
TTRE5202,TTRE5202_t1,200,protein_coding,,Trichuris trichiura (PRJEB535),protein_coding,trtricprjeb535
TTRE5321,TTRE5321_t1,305,protein_coding,KOW domain containing protein  [Source:UniProtKB/TrEMBL;Acc:A0A077YZ11],Trichuris trichiura (PRJEB535),protein_coding,trtricprjeb535
TTRE10516,TTRE10516_t1,239,protein_coding,,Trichuris trichiura (PRJEB535),protein_coding,trtricprjeb535
TTRE2918,TTRE2918_t1,545,protein_coding,,Trichuris trichiura (PRJEB535),protein_coding,trtricprjeb535
TTRE1872,TTRE1872_t3,228,protein_coding,,Trichuris trichiura (PRJEB535),protein_coding,trtricprjeb535
TTRE3799,TTRE3799_t1,367,protein_coding,GTP binding protein 5  [Source:UniProtKB/TrEMBL;Acc:A0A077ZCN8],Trichuris trichiura (PRJEB535),protein_coding,trtricprjeb535
TTRE4522,TTRE4522_t1,447,protein_coding,,Trichuris trichiura (PRJEB535),protein_coding,trtricprjeb535
TTRE4563,TTRE4563_t1,665,protein_coding,guanylate cyclase  [Source:UniProtKB/TrEMBL;Acc:A0A077Z9R4],Trichuris trichiura (PRJEB535),protein_coding,trtricprjeb535
TTRE5410,TTRE5410_t1,378,protein_coding,Gut esterase 1  [Source:UniProtKB/TrEMBL;Acc:A0A077YXD0],Trichuris trichiura (PRJEB535),protein_coding,trtricprjeb535
TTRE9647,TTRE9647_t1,356,protein_coding,,Trichuris trichiura (PRJEB535),protein_coding,trtricprjeb535
TTRE12439,TTRE12439_t1,184,protein_coding,,Trichuris trichiura (PRJEB535),protein_coding,trtricprjeb535
TTRE10589,TTRE10589_t1,560,protein_coding,,Trichuris trichiura (PRJEB535),protein_coding,trtricprjeb535
TTRE10543,TTRE10543_t1,1213,protein_coding,,Trichuris trichiura (PRJEB535),protein_coding,trtricprjeb535
TTRE2498,TTRE2498_t1,457,protein_coding,,Trichuris trichiura (PRJEB535),protein_coding,trtricprjeb535
TTRE7185,TTRE7185_t1,1532,protein_coding,,Trichuris trichiura (PRJEB535),protein_coding,trtricprjeb535
TTRE5651,TTRE5651_t1,68,protein_coding,,Trichuris trichiura (PRJEB535),protein_coding,trtricprjeb535
TTRE5790,TTRE5790_t1,191,protein_coding,,Trichuris trichiura (PRJEB535),protein_coding,trtricprjeb535
TTRE3434,TTRE3434_t1,621,protein_coding,,Trichuris trichiura (PRJEB535),protein_coding,trtricprjeb535
TTRE925,TTRE925_t1,129,protein_coding,,Trichuris trichiura (PRJEB535),protein_coding,trtricprjeb535
TTRE11091,TTRE11091_t1,1068,protein_coding,,Trichuris trichiura (PRJEB535),protein_coding,trtricprjeb535
TTRE6614,TTRE6614_t1,761,protein_coding,,Trichuris trichiura (PRJEB535),protein_coding,trtricprjeb535
TTRE9512,TTRE9512_t1,358,protein_coding,,Trichuris trichiura (PRJEB535),protein_coding,trtricprjeb535
TTRE12667,TTRE12667_t1,237,protein_coding,,Trichuris trichiura (PRJEB535),protein_coding,trtricprjeb535
TTRE10006,TTRE10006_t1,1388,protein_coding,LEM and Ank domain containing protein  [Source:UniProtKB/TrEMBL;Acc:A0A077Z0T0],Trichuris trichiura (PRJEB535),protein_coding,trtricprjeb535
TTRE9755,TTRE9755_t1,416,protein_coding,,Trichuris trichiura (PRJEB535),protein_coding,trtricprjeb535
TTRE10692,TTRE10692_t1,195,protein_coding,,Trichuris trichiura (PRJEB535),protein_coding,trtricprjeb535
TTRE7070,TTRE7070_t1,243,protein_coding,,Trichuris trichiura (PRJEB535),protein_coding,trtricprjeb535
TTRE7955,TTRE7955_t1,840,protein_coding,,Trichuris trichiura (PRJEB535),protein_coding,trtricprjeb535
TTRE9430,TTRE9430_t1,174,protein_coding,,Trichuris trichiura (PRJEB535),protein_coding,trtricprjeb535
TTRE11763,TTRE11763_t1,225,protein_coding,,Trichuris trichiura (PRJEB535),protein_coding,trtricprjeb535
TTRE2316,TTRE2316_t1,512,protein_coding,"WAP domain containing protein, SLPI-like  [Source:UniProtKB/TrEMBL;Acc:A0A077ZB55]",Trichuris trichiura (PRJEB535),protein_coding,trtricprjeb535
TTRE5914,TTRE5914_t1,785,protein_coding,Achaete scute 1b  [Source:UniProtKB/TrEMBL;Acc:A0A077ZI48],Trichuris trichiura (PRJEB535),protein_coding,trtricprjeb535
TTRE12283,TTRE12283_t1,758,protein_coding,,Trichuris trichiura (PRJEB535),protein_coding,trtricprjeb535
TTRE11444,TTRE11444_t1,434,protein_coding,WD40 repeat-containing protein SMU1  [Source:UniProtKB/TrEMBL;Acc:A0A077ZB44],Trichuris trichiura (PRJEB535),protein_coding,trtricprjeb535
TTRE6037,TTRE6037_t1,155,protein_coding,,Trichuris trichiura (PRJEB535),protein_coding,trtricprjeb535
TTRE10651,TTRE10651_t1,1865,protein_coding,,Trichuris trichiura (PRJEB535),protein_coding,trtricprjeb535
TTRE6302,TTRE6302_t1,1193,protein_coding,,Trichuris trichiura (PRJEB535),protein_coding,trtricprjeb535
TTRE3700,TTRE3700_t1,1082,protein_coding,Cell fate determining protein mab21l2  [Source:UniProtKB/TrEMBL;Acc:A0A077ZL35],Trichuris trichiura (PRJEB535),protein_coding,trtricprjeb535
TTRE7565,TTRE7565_t1,647,protein_coding,,Trichuris trichiura (PRJEB535),protein_coding,trtricprjeb535
TTRE7878,TTRE7878_t1,861,protein_coding,,Trichuris trichiura (PRJEB535),protein_coding,trtricprjeb535
TTRE1719,TTRE1719_t1,521,protein_coding,Splicing regulatory glutamine/lysine-rich protein 1-like  [Source:UniProtKB/TrEMBL;Acc:A0A077ZA32],Trichuris trichiura (PRJEB535),protein_coding,trtricprjeb535
TTRE12153,TTRE12153_t1,1961,protein_coding,,Trichuris trichiura (PRJEB535),protein_coding,trtricprjeb535
TTRE6412,TTRE6412_t1,602,protein_coding,,Trichuris trichiura (PRJEB535),protein_coding,trtricprjeb535
TTRE12069,TTRE12069_t1,530,protein_coding,,Trichuris trichiura (PRJEB535),protein_coding,trtricprjeb535
TTRE8118,TTRE8118_t1,108,protein_coding,,Trichuris trichiura (PRJEB535),protein_coding,trtricprjeb535
TTRE8383,TTRE8383_t1,534,protein_coding,,Trichuris trichiura (PRJEB535),protein_coding,trtricprjeb535
TTRE1670,TTRE1670_t1,138,protein_coding,,Trichuris trichiura (PRJEB535),protein_coding,trtricprjeb535
TTRE9515,TTRE9515_t1,269,protein_coding,,Trichuris trichiura (PRJEB535),protein_coding,trtricprjeb535
TTRE3331,TTRE3331_t1,367,protein_coding,,Trichuris trichiura (PRJEB535),protein_coding,trtricprjeb535
TTRE9977,TTRE9977_t1,254,protein_coding,CAP10 domain-containing protein  [Source:UniProtKB/TrEMBL;Acc:A0A077YXX4],Trichuris trichiura (PRJEB535),protein_coding,trtricprjeb535
TTRE52,TTRE52_t1,304,protein_coding,,Trichuris trichiura (PRJEB535),protein_coding,trtricprjeb535
TTRE11588,TTRE11588_t1,275,protein_coding,,Trichuris trichiura (PRJEB535),protein_coding,trtricprjeb535
TTRE2259,TTRE2259_t1,503,protein_coding,,Trichuris trichiura (PRJEB535),protein_coding,trtricprjeb535
TTRE10848,TTRE10848_t1,129,protein_coding,,Trichuris trichiura (PRJEB535),protein_coding,trtricprjeb535
TTRE10360,TTRE10360_t1,3197,protein_coding,,Trichuris trichiura (PRJEB535),protein_coding,trtricprjeb535
TTRE4694,TTRE4694_t1,438,protein_coding,Protein RIC1 homolog  [Source:UniProtKB/TrEMBL;Acc:A0A077Z857],Trichuris trichiura (PRJEB535),protein_coding,trtricprjeb535
TTRE9295,TTRE9295_t1,580,protein_coding,,Trichuris trichiura (PRJEB535),protein_coding,trtricprjeb535
TTRE3578,TTRE3578_t1,341,protein_coding,,Trichuris trichiura (PRJEB535),protein_coding,trtricprjeb535
TTRE9563,TTRE9563_t1,449,protein_coding,,Trichuris trichiura (PRJEB535),protein_coding,trtricprjeb535
TTRE9247,TTRE9247_t1,512,protein_coding,,Trichuris trichiura (PRJEB535),protein_coding,trtricprjeb535
TTRE5055,TTRE5055_t1,188,protein_coding,Malate dehydrogenase  [Source:UniProtKB/TrEMBL;Acc:A0A077Z065],Trichuris trichiura (PRJEB535),protein_coding,trtricprjeb535
TTRE11298,TTRE11298_t1,353,protein_coding,,Trichuris trichiura (PRJEB535),protein_coding,trtricprjeb535
TTRE5059,TTRE5059_t1,1622,protein_coding,,Trichuris trichiura (PRJEB535),protein_coding,trtricprjeb535
TTRE11491,TTRE11491_t1,635,protein_coding,OAR domain-containing protein  [Source:UniProtKB/TrEMBL;Acc:A0A077ZIH9],Trichuris trichiura (PRJEB535),protein_coding,trtricprjeb535
TTRE5807,TTRE5807_t1,281,protein_coding,,Trichuris trichiura (PRJEB535),protein_coding,trtricprjeb535
TTRE5678,TTRE5678_t1,281,protein_coding,,Trichuris trichiura (PRJEB535),protein_coding,trtricprjeb535
TTRE2356,TTRE2356_t1,2909,protein_coding,,Trichuris trichiura (PRJEB535),protein_coding,trtricprjeb535
TTRE12410,TTRE12410_t1,854,protein_coding,,Trichuris trichiura (PRJEB535),protein_coding,trtricprjeb535
TTRE4431,TTRE4431_t1,227,protein_coding,,Trichuris trichiura (PRJEB535),protein_coding,trtricprjeb535
TTRE1737,TTRE1737_t1,335,protein_coding,Tau tubulin kinase 1  [Source:UniProtKB/TrEMBL;Acc:A0A077Z3Z9],Trichuris trichiura (PRJEB535),protein_coding,trtricprjeb535
TTRE65,TTRE65_t1,124,protein_coding,,Trichuris trichiura (PRJEB535),protein_coding,trtricprjeb535
TTRE3441,TTRE3441_t1,133,protein_coding,,Trichuris trichiura (PRJEB535),protein_coding,trtricprjeb535
TTRE11895,TTRE11895_t1,449,protein_coding,Tubulin beta chain  [Source:UniProtKB/Swiss-Prot;Acc:O44388],Trichuris trichiura (PRJEB535),protein_coding,trtricprjeb535
TTRE9568,TTRE9568_t1,275,protein_coding,Dolichyl-diphosphooligosaccharide--protein glycosyltransferase subunit 1  [Source:UniProtKB/TrEMBL;Acc:A0A077ZAR6],Trichuris trichiura (PRJEB535),protein_coding,trtricprjeb535
TTRE7659,TTRE7659_t1,2231,protein_coding,Short transient receptor potential channel 5  [Source:UniProtKB/TrEMBL;Acc:A0A077Z984],Trichuris trichiura (PRJEB535),protein_coding,trtricprjeb535
TTRE5247,TTRE5247_t1,767,protein_coding,Calcium-transporting ATPase  [Source:UniProtKB/TrEMBL;Acc:A0A077ZCT9],Trichuris trichiura (PRJEB535),protein_coding,trtricprjeb535
TTRE4493,TTRE4493_t1,311,protein_coding,Delta-1-pyrroline-5-carboxylate synthase Glutamate 5-kinase Gamma-glutamyl phosphate reductase [Source:UniProtKB/TrEMBL;Acc:A0A077Z1A2],Trichuris trichiura (PRJEB535),protein_coding,trtricprjeb535
TTRE11360,TTRE11360_t1,299,protein_coding,,Trichuris trichiura (PRJEB535),protein_coding,trtricprjeb535
TTRE10301,TTRE10301_t1,389,protein_coding,Ragulator complex protein LAMTOR3  [Source:UniProtKB/TrEMBL;Acc:A0A077ZCM6],Trichuris trichiura (PRJEB535),protein_coding,trtricprjeb535
TTRE10222,TTRE10222_t1,449,protein_coding,,Trichuris trichiura (PRJEB535),protein_coding,trtricprjeb535
TTRE12403,TTRE12403_t1,223,protein_coding,,Trichuris trichiura (PRJEB535),protein_coding,trtricprjeb535
TTRE6963,TTRE6963_t1,326,protein_coding,,Trichuris trichiura (PRJEB535),protein_coding,trtricprjeb535
TTRE11317,TTRE11317_t1,240,protein_coding,,Trichuris trichiura (PRJEB535),protein_coding,trtricprjeb535
TTRE475,TTRE475_t1,442,protein_coding,CAP domain containing protein  [Source:UniProtKB/TrEMBL;Acc:A0A077Z8D7],Trichuris trichiura (PRJEB535),protein_coding,trtricprjeb535
TTRE4667,TTRE4667_t1,950,protein_coding,Mito carr domain containing protein  [Source:UniProtKB/TrEMBL;Acc:A0A077YZ30],Trichuris trichiura (PRJEB535),protein_coding,trtricprjeb535
TTRE1462,TTRE1462_t1,581,protein_coding,,Trichuris trichiura (PRJEB535),protein_coding,trtricprjeb535
TTRE8137,TTRE8137_t1,518,protein_coding,Proteasome activator complex subunit 3  [Source:UniProtKB/TrEMBL;Acc:A0A077ZFH5],Trichuris trichiura (PRJEB535),protein_coding,trtricprjeb535
TTRE11286,TTRE11286_t1,204,protein_coding,,Trichuris trichiura (PRJEB535),protein_coding,trtricprjeb535
TTRE11820,TTRE11820_t1,1505,protein_coding,non-specific serine/threonine protein kinase  [Source:UniProtKB/TrEMBL;Acc:A0A077YYP2],Trichuris trichiura (PRJEB535),protein_coding,trtricprjeb535
TTRE1669,TTRE1669_t1,155,protein_coding,C2 domain containing protein  [Source:UniProtKB/TrEMBL;Acc:A0A077Z356],Trichuris trichiura (PRJEB535),protein_coding,trtricprjeb535
TTRE9692,TTRE9692_t1,669,protein_coding,,Trichuris trichiura (PRJEB535),protein_coding,trtricprjeb535
TTRE11142,TTRE11142_t1,503,protein_coding,,Trichuris trichiura (PRJEB535),protein_coding,trtricprjeb535
TTRE2748,TTRE2748_t1,485,protein_coding,Receptor expression-enhancing protein  [Source:UniProtKB/TrEMBL;Acc:A0A077YW98],Trichuris trichiura (PRJEB535),protein_coding,trtricprjeb535
TTRE2911,TTRE2911_t1,335,protein_coding,,Trichuris trichiura (PRJEB535),protein_coding,trtricprjeb535
TTRE80,TTRE80_t1,208,protein_coding,,Trichuris trichiura (PRJEB535),protein_coding,trtricprjeb535
TTRE518,TTRE518_t1,231,protein_coding,,Trichuris trichiura (PRJEB535),protein_coding,trtricprjeb535
TTRE6543,TTRE6543_t1,534,protein_coding,,Trichuris trichiura (PRJEB535),protein_coding,trtricprjeb535
TTRE848,TTRE848_t1,213,protein_coding,,Trichuris trichiura (PRJEB535),protein_coding,trtricprjeb535
TTRE5714,TTRE5714_t1,284,protein_coding,,Trichuris trichiura (PRJEB535),protein_coding,trtricprjeb535
TTRE1905,TTRE1905_t1,299,protein_coding,Secreted protein  [Source:UniProtKB/TrEMBL;Acc:A0A077Z373],Trichuris trichiura (PRJEB535),protein_coding,trtricprjeb535
TTRE6299,TTRE6299_t1,275,protein_coding,Barrier to autointegration factor  [Source:UniProtKB/TrEMBL;Acc:A0A077ZFN1],Trichuris trichiura (PRJEB535),protein_coding,trtricprjeb535
TTRE11587,TTRE11587_t1,775,protein_coding,,Trichuris trichiura (PRJEB535),protein_coding,trtricprjeb535
TTRE3005,TTRE3005_t1,2081,protein_coding,Leucine Rich Repeat family protein  [Source:UniProtKB/TrEMBL;Acc:A0A077ZII9],Trichuris trichiura (PRJEB535),protein_coding,trtricprjeb535
TTRE1959,TTRE1959_t1,304,protein_coding,,Trichuris trichiura (PRJEB535),protein_coding,trtricprjeb535
TTRE9215,TTRE9215_t1,290,protein_coding,,Trichuris trichiura (PRJEB535),protein_coding,trtricprjeb535
TTRE6992,TTRE6992_t1,569,protein_coding,,Trichuris trichiura (PRJEB535),protein_coding,trtricprjeb535
TTRE3404,TTRE3404_t1,435,protein_coding,,Trichuris trichiura (PRJEB535),protein_coding,trtricprjeb535
TTRE10393,TTRE10393_t1,1340,protein_coding,,Trichuris trichiura (PRJEB535),protein_coding,trtricprjeb535
TTRE9819,TTRE9819_t1,180,protein_coding,,Trichuris trichiura (PRJEB535),protein_coding,trtricprjeb535
TTRE3038,TTRE3038_t1,1535,protein_coding,Facilitated glucose transporter  [Source:UniProtKB/TrEMBL;Acc:A0A077YYF1],Trichuris trichiura (PRJEB535),protein_coding,trtricprjeb535
TTRE9160,TTRE9160_t1,497,protein_coding,,Trichuris trichiura (PRJEB535),protein_coding,trtricprjeb535
TTRE7441,TTRE7441_t1,163,protein_coding,,Trichuris trichiura (PRJEB535),protein_coding,trtricprjeb535
TTRE7720,TTRE7720_t1,2005,protein_coding,,Trichuris trichiura (PRJEB535),protein_coding,trtricprjeb535
TTRE11319,TTRE11319_t1,436,protein_coding,La protein 4  [Source:UniProtKB/TrEMBL;Acc:A0A077Z6U8],Trichuris trichiura (PRJEB535),protein_coding,trtricprjeb535
TTRE6479,TTRE6479_t1,408,protein_coding,,Trichuris trichiura (PRJEB535),protein_coding,trtricprjeb535
TTRE8250,TTRE8250_t1,120,protein_coding,Phosphomannomutase  [Source:UniProtKB/TrEMBL;Acc:A0A077YZW5],Trichuris trichiura (PRJEB535),protein_coding,trtricprjeb535
TTRE7572,TTRE7572_t1,153,protein_coding,,Trichuris trichiura (PRJEB535),protein_coding,trtricprjeb535
TTRE3889,TTRE3889_t1,277,protein_coding,,Trichuris trichiura (PRJEB535),protein_coding,trtricprjeb535
TTRE7439,TTRE7439_t1,437,protein_coding,,Trichuris trichiura (PRJEB535),protein_coding,trtricprjeb535
TTRE8664,TTRE8664_t1,2006,protein_coding,,Trichuris trichiura (PRJEB535),protein_coding,trtricprjeb535
TTRE7615,TTRE7615_t1,806,protein_coding,,Trichuris trichiura (PRJEB535),protein_coding,trtricprjeb535
TTRE9680,TTRE9680_t1,723,protein_coding,,Trichuris trichiura (PRJEB535),protein_coding,trtricprjeb535
TTRE12260,TTRE12260_t1,431,protein_coding,,Trichuris trichiura (PRJEB535),protein_coding,trtricprjeb535
TTRE790,TTRE790_t1,272,protein_coding,Nudix hydrolase domain-containing protein  [Source:UniProtKB/TrEMBL;Acc:A0A077ZMA9],Trichuris trichiura (PRJEB535),protein_coding,trtricprjeb535
TTRE4193,TTRE4193_t1,203,protein_coding,,Trichuris trichiura (PRJEB535),protein_coding,trtricprjeb535
TTRE6052,TTRE6052_t1,286,protein_coding,,Trichuris trichiura (PRJEB535),protein_coding,trtricprjeb535
TTRE7331,TTRE7331_t1,312,protein_coding,,Trichuris trichiura (PRJEB535),protein_coding,trtricprjeb535
TTRE7122,TTRE7122_t1,443,protein_coding,,Trichuris trichiura (PRJEB535),protein_coding,trtricprjeb535
TTRE10633,TTRE10633_t1,533,protein_coding,,Trichuris trichiura (PRJEB535),protein_coding,trtricprjeb535
TTRE872,TTRE872_t1,893,protein_coding,Pkinase domain containing protein  [Source:UniProtKB/TrEMBL;Acc:A0A077Z8X0],Trichuris trichiura (PRJEB535),protein_coding,trtricprjeb535
TTRE11611,TTRE11611_t1,359,protein_coding,,Trichuris trichiura (PRJEB535),protein_coding,trtricprjeb535
TTRE10068,TTRE10068_t1,184,protein_coding,,Trichuris trichiura (PRJEB535),protein_coding,trtricprjeb535
TTRE1775,TTRE1775_t1,182,protein_coding,,Trichuris trichiura (PRJEB535),protein_coding,trtricprjeb535
TTRE6323,TTRE6323_t1,339,protein_coding,,Trichuris trichiura (PRJEB535),protein_coding,trtricprjeb535
TTRE7744,TTRE7744_t1,707,protein_coding,,Trichuris trichiura (PRJEB535),protein_coding,trtricprjeb535
TTRE7595,TTRE7595_t1,308,protein_coding,,Trichuris trichiura (PRJEB535),protein_coding,trtricprjeb535
TTRE2647,TTRE2647_t1,415,protein_coding,,Trichuris trichiura (PRJEB535),protein_coding,trtricprjeb535
TTRE8323,TTRE8323_t1,193,protein_coding,,Trichuris trichiura (PRJEB535),protein_coding,trtricprjeb535
TTRE8541,TTRE8541_t1,548,protein_coding,,Trichuris trichiura (PRJEB535),protein_coding,trtricprjeb535
TTRE8171,TTRE8171_t1,302,protein_coding,,Trichuris trichiura (PRJEB535),protein_coding,trtricprjeb535
TTRE1856,TTRE1856_t1,871,protein_coding,,Trichuris trichiura (PRJEB535),protein_coding,trtricprjeb535
TTRE726,TTRE726_t1,1314,protein_coding,DNA topoisomerase I  [Source:UniProtKB/TrEMBL;Acc:A0A077Z1Y2],Trichuris trichiura (PRJEB535),protein_coding,trtricprjeb535
TTRE2175,TTRE2175_t1,377,protein_coding,Nucleoredoxin  [Source:UniProtKB/TrEMBL;Acc:A0A077ZEJ3],Trichuris trichiura (PRJEB535),protein_coding,trtricprjeb535
TTRE6485,TTRE6485_t1,236,protein_coding,,Trichuris trichiura (PRJEB535),protein_coding,trtricprjeb535
TTRE4332,TTRE4332_t1,259,protein_coding,,Trichuris trichiura (PRJEB535),protein_coding,trtricprjeb535
TTRE11710,TTRE11710_t1,911,protein_coding,,Trichuris trichiura (PRJEB535),protein_coding,trtricprjeb535
TTRE9298,TTRE9298_t1,4306,protein_coding,,Trichuris trichiura (PRJEB535),protein_coding,trtricprjeb535
TTRE4692,TTRE4692_t1,236,protein_coding,,Trichuris trichiura (PRJEB535),protein_coding,trtricprjeb535
TTRE3845,TTRE3845_t1,212,protein_coding,Phosphotransferase  [Source:UniProtKB/TrEMBL;Acc:A0A077ZEX0],Trichuris trichiura (PRJEB535),protein_coding,trtricprjeb535
TTRE10144,TTRE10144_t1,149,protein_coding,,Trichuris trichiura (PRJEB535),protein_coding,trtricprjeb535
TTRE3184,TTRE3184_t1,1829,protein_coding,,Trichuris trichiura (PRJEB535),protein_coding,trtricprjeb535
TTRE11438,TTRE11438_t1,233,protein_coding,,Trichuris trichiura (PRJEB535),protein_coding,trtricprjeb535
TTRE4418,TTRE4418_t1,288,protein_coding,,Trichuris trichiura (PRJEB535),protein_coding,trtricprjeb535
TTRE287,TTRE287_t1,398,protein_coding,C2H2-type domain-containing protein  [Source:UniProtKB/TrEMBL;Acc:A0A077Z0J4],Trichuris trichiura (PRJEB535),protein_coding,trtricprjeb535
TTRE3096,TTRE3096_t1,314,protein_coding,ER membrane protein complex subunit 4  [Source:UniProtKB/TrEMBL;Acc:A0A077Z6H6],Trichuris trichiura (PRJEB535),protein_coding,trtricprjeb535
TTRE5393,TTRE5393_t1,489,protein_coding,,Trichuris trichiura (PRJEB535),protein_coding,trtricprjeb535
TTRE2578,TTRE2578_t1,800,protein_coding,F-box domain containing protein  [Source:UniProtKB/TrEMBL;Acc:A0A077Z2M2],Trichuris trichiura (PRJEB535),protein_coding,trtricprjeb535
TTRE3559,TTRE3559_t1,869,protein_coding,,Trichuris trichiura (PRJEB535),protein_coding,trtricprjeb535
TTRE11925,TTRE11925_t1,377,protein_coding,,Trichuris trichiura (PRJEB535),protein_coding,trtricprjeb535
TTRE1625,TTRE1625_t1,1073,protein_coding,,Trichuris trichiura (PRJEB535),protein_coding,trtricprjeb535
TTRE11363,TTRE11363_t1,519,protein_coding,Transmembrane protein 201  [Source:UniProtKB/TrEMBL;Acc:A0A077ZC51],Trichuris trichiura (PRJEB535),protein_coding,trtricprjeb535
TTRE4434,TTRE4434_t1,842,protein_coding,,Trichuris trichiura (PRJEB535),protein_coding,trtricprjeb535
TTRE3168,TTRE3168_t1,443,protein_coding,,Trichuris trichiura (PRJEB535),protein_coding,trtricprjeb535
TTRE8859,TTRE8859_t1,784,protein_coding,G_PROTEIN_RECEP_F1_2 domain-containing protein  [Source:UniProtKB/TrEMBL;Acc:A0A077Z385],Trichuris trichiura (PRJEB535),protein_coding,trtricprjeb535
TTRE5706,TTRE5706_t1,2313,protein_coding,,Trichuris trichiura (PRJEB535),protein_coding,trtricprjeb535
TTRE7212,TTRE7212_t1,334,protein_coding,Integrase catalytic domain-containing protein  [Source:UniProtKB/TrEMBL;Acc:A0A077ZI75],Trichuris trichiura (PRJEB535),protein_coding,trtricprjeb535
TTRE4564,TTRE4564_t1,1193,protein_coding,,Trichuris trichiura (PRJEB535),protein_coding,trtricprjeb535
TTRE7412,TTRE7412_t1,423,protein_coding,,Trichuris trichiura (PRJEB535),protein_coding,trtricprjeb535
TTRE4426,TTRE4426_t1,2456,protein_coding,,Trichuris trichiura (PRJEB535),protein_coding,trtricprjeb535
TTRE9572,TTRE9572_t1,129,protein_coding,,Trichuris trichiura (PRJEB535),protein_coding,trtricprjeb535
TTRE2955,TTRE2955_t1,335,protein_coding,Chaperonin protein heat shock protein60  [Source:UniProtKB/TrEMBL;Acc:A0A077ZIE8],Trichuris trichiura (PRJEB535),protein_coding,trtricprjeb535
TTRE1808,TTRE1808_t1,198,protein_coding,,Trichuris trichiura (PRJEB535),protein_coding,trtricprjeb535
TTRE3654,TTRE3654_t1,184,protein_coding,,Trichuris trichiura (PRJEB535),protein_coding,trtricprjeb535
TTRE1502,TTRE1502_t1,393,protein_coding,PA26 domain containing protein  [Source:UniProtKB/TrEMBL;Acc:A0A077ZDV1],Trichuris trichiura (PRJEB535),protein_coding,trtricprjeb535
TTRE8710,TTRE8710_t1,260,protein_coding,,Trichuris trichiura (PRJEB535),protein_coding,trtricprjeb535
TTRE4549,TTRE4549_t1,584,protein_coding,,Trichuris trichiura (PRJEB535),protein_coding,trtricprjeb535
TTRE6948,TTRE6948_t1,401,protein_coding,,Trichuris trichiura (PRJEB535),protein_coding,trtricprjeb535
TTRE7479,TTRE7479_t1,213,protein_coding,,Trichuris trichiura (PRJEB535),protein_coding,trtricprjeb535
TTRE10575,TTRE10575_t1,368,protein_coding,,Trichuris trichiura (PRJEB535),protein_coding,trtricprjeb535
TTRE10096,TTRE10096_t1,85,protein_coding,,Trichuris trichiura (PRJEB535),protein_coding,trtricprjeb535
TTRE4137,TTRE4137_t1,368,protein_coding,Major sperm protein  [Source:UniProtKB/TrEMBL;Acc:A0A077Z9P9],Trichuris trichiura (PRJEB535),protein_coding,trtricprjeb535
TTRE12000,TTRE12000_t1,1687,protein_coding,Protein e04f6.6  [Source:UniProtKB/TrEMBL;Acc:A0A077Z194],Trichuris trichiura (PRJEB535),protein_coding,trtricprjeb535
TTRE10332,TTRE10332_t1,334,protein_coding,,Trichuris trichiura (PRJEB535),protein_coding,trtricprjeb535
TTRE11324,TTRE11324_t1,1433,protein_coding,,Trichuris trichiura (PRJEB535),protein_coding,trtricprjeb535
TTRE3410,TTRE3410_t1,295,protein_coding,,Trichuris trichiura (PRJEB535),protein_coding,trtricprjeb535
TTRE4111,TTRE4111_t1,1001,protein_coding,HTH myb-type domain-containing protein  [Source:UniProtKB/TrEMBL;Acc:A0A077Z8T2],Trichuris trichiura (PRJEB535),protein_coding,trtricprjeb535
TTRE5943,TTRE5943_t1,695,protein_coding,,Trichuris trichiura (PRJEB535),protein_coding,trtricprjeb535
TTRE8873,TTRE8873_t1,328,protein_coding,,Trichuris trichiura (PRJEB535),protein_coding,trtricprjeb535
TTRE9574,TTRE9574_t1,1694,protein_coding,,Trichuris trichiura (PRJEB535),protein_coding,trtricprjeb535
TTRE8572,TTRE8572_t1,293,protein_coding,,Trichuris trichiura (PRJEB535),protein_coding,trtricprjeb535
TTRE9876,TTRE9876_t1,791,protein_coding,,Trichuris trichiura (PRJEB535),protein_coding,trtricprjeb535
TTRE7024,TTRE7024_t1,183,protein_coding,"Podospora anserina S mat+ genomic DNA chromosome 4, supercontig 4  [Source:UniProtKB/TrEMBL;Acc:A0A077ZMW5]",Trichuris trichiura (PRJEB535),protein_coding,trtricprjeb535
TTRE9236,TTRE9236_t1,187,protein_coding,,Trichuris trichiura (PRJEB535),protein_coding,trtricprjeb535
TTRE6616,TTRE6616_t1,135,protein_coding,Bardet Biedl syndrome 5 protein  [Source:UniProtKB/TrEMBL;Acc:A0A077Z7Q9],Trichuris trichiura (PRJEB535),protein_coding,trtricprjeb535
TTRE10939,TTRE10939_t1,995,protein_coding,,Trichuris trichiura (PRJEB535),protein_coding,trtricprjeb535
TTRE11457,TTRE11457_t1,293,protein_coding,,Trichuris trichiura (PRJEB535),protein_coding,trtricprjeb535
TTRE11635,TTRE11635_t1,216,protein_coding,,Trichuris trichiura (PRJEB535),protein_coding,trtricprjeb535
TTRE1335,TTRE1335_t3,209,protein_coding,Citrate synthase  [Source:UniProtKB/TrEMBL;Acc:A0A077Z2U1],Trichuris trichiura (PRJEB535),protein_coding,trtricprjeb535
TTRE820,TTRE820_t1,179,protein_coding,,Trichuris trichiura (PRJEB535),protein_coding,trtricprjeb535
TTRE6149,TTRE6149_t1,1151,protein_coding,Fucosyltransferase  [Source:UniProtKB/TrEMBL;Acc:A0A077ZAK7],Trichuris trichiura (PRJEB535),protein_coding,trtricprjeb535
TTRE6421,TTRE6421_t1,1545,protein_coding,Transferrin domain containing protein  [Source:UniProtKB/TrEMBL;Acc:A0A077ZBQ0],Trichuris trichiura (PRJEB535),protein_coding,trtricprjeb535
TTRE7280,TTRE7280_t1,347,protein_coding,,Trichuris trichiura (PRJEB535),protein_coding,trtricprjeb535
TTRE2106,TTRE2106_t1,245,protein_coding,,Trichuris trichiura (PRJEB535),protein_coding,trtricprjeb535
TTRE3907,TTRE3907_t1,1531,protein_coding,,Trichuris trichiura (PRJEB535),protein_coding,trtricprjeb535
TTRE5035,TTRE5035_t2,1429,protein_coding,Hamartin domain containing protein  [Source:UniProtKB/TrEMBL;Acc:A0A077Z0B2],Trichuris trichiura (PRJEB535),protein_coding,trtricprjeb535
TTRE3230,TTRE3230_t1,99,protein_coding,UPF0139 membrane protein C19orf56 homolog  [Source:UniProtKB/TrEMBL;Acc:A0A077ZBJ9],Trichuris trichiura (PRJEB535),protein_coding,trtricprjeb535
TTRE10665,TTRE10665_t1,162,protein_coding,,Trichuris trichiura (PRJEB535),protein_coding,trtricprjeb535
TTRE6219,TTRE6219_t1,845,protein_coding,,Trichuris trichiura (PRJEB535),protein_coding,trtricprjeb535
TTRE1061,TTRE1061_t1,410,protein_coding,"Vezatin, adherens junctions transmembrane protein  [Source:UniProtKB/TrEMBL;Acc:A0A077Z6U7]",Trichuris trichiura (PRJEB535),protein_coding,trtricprjeb535
TTRE6985,TTRE6985_t1,326,protein_coding,,Trichuris trichiura (PRJEB535),protein_coding,trtricprjeb535
TTRE10153,TTRE10153_t1,111,protein_coding,,Trichuris trichiura (PRJEB535),protein_coding,trtricprjeb535
TTRE1459,TTRE1459_t1,355,protein_coding,,Trichuris trichiura (PRJEB535),protein_coding,trtricprjeb535
TTRE7614,TTRE7614_t1,593,protein_coding,,Trichuris trichiura (PRJEB535),protein_coding,trtricprjeb535
TTRE9905,TTRE9905_t1,857,protein_coding,Alkylated DNA repair protein alkB-like protein 1  [Source:UniProtKB/TrEMBL;Acc:A0A077ZDH6],Trichuris trichiura (PRJEB535),protein_coding,trtricprjeb535
TTRE11522,TTRE11522_t1,390,protein_coding,,Trichuris trichiura (PRJEB535),protein_coding,trtricprjeb535
TTRE9578,TTRE9578_t1,269,protein_coding,,Trichuris trichiura (PRJEB535),protein_coding,trtricprjeb535
TTRE1769,TTRE1769_t1,955,protein_coding,,Trichuris trichiura (PRJEB535),protein_coding,trtricprjeb535
TTRE9529,TTRE9529_t1,140,protein_coding,CYTH domain-containing protein  [Source:UniProtKB/TrEMBL;Acc:A0A077Z7C9],Trichuris trichiura (PRJEB535),protein_coding,trtricprjeb535
TTRE1821,TTRE1821_t1,197,protein_coding,Uncharacterized MFS type transporter C6orf192  [Source:UniProtKB/TrEMBL;Acc:A0A077Z4A4],Trichuris trichiura (PRJEB535),protein_coding,trtricprjeb535
TTRE986,TTRE986_t1,1008,protein_coding,Splicing factor U2AF subunit  [Source:UniProtKB/TrEMBL;Acc:A0A077ZCA5],Trichuris trichiura (PRJEB535),protein_coding,trtricprjeb535
TTRE10676,TTRE10676_t1,162,protein_coding,,Trichuris trichiura (PRJEB535),protein_coding,trtricprjeb535
TTRE11300,TTRE11300_t1,298,protein_coding,EST1 DNA bind domain containing protein  [Source:UniProtKB/TrEMBL;Acc:A0A077Z332],Trichuris trichiura (PRJEB535),protein_coding,trtricprjeb535
TTRE4699,TTRE4699_t1,271,protein_coding,Limb region 1  [Source:UniProtKB/TrEMBL;Acc:A0A077ZP06],Trichuris trichiura (PRJEB535),protein_coding,trtricprjeb535
TTRE12384,TTRE12384_t1,455,protein_coding,,Trichuris trichiura (PRJEB535),protein_coding,trtricprjeb535
TTRE3431,TTRE3431_t1,401,protein_coding,Putative neuropeptide G protein-coupled receptor  [Source:UniProtKB/TrEMBL;Acc:A0A077Z2H9],Trichuris trichiura (PRJEB535),protein_coding,trtricprjeb535
TTRE5857,TTRE5857_t1,239,protein_coding,,Trichuris trichiura (PRJEB535),protein_coding,trtricprjeb535
TTRE8488,TTRE8488_t1,266,protein_coding,,Trichuris trichiura (PRJEB535),protein_coding,trtricprjeb535
TTRE11823,TTRE11823_t1,1136,protein_coding,,Trichuris trichiura (PRJEB535),protein_coding,trtricprjeb535
TTRE6010,TTRE6010_t1,752,protein_coding,,Trichuris trichiura (PRJEB535),protein_coding,trtricprjeb535
TTRE7249,TTRE7249_t1,647,protein_coding,,Trichuris trichiura (PRJEB535),protein_coding,trtricprjeb535
TTRE3554,TTRE3554_t1,188,protein_coding,Ribokinase  [Source:UniProtKB/TrEMBL;Acc:A0A077ZI00],Trichuris trichiura (PRJEB535),protein_coding,trtricprjeb535
TTRE9966,TTRE9966_t1,388,protein_coding,,Trichuris trichiura (PRJEB535),protein_coding,trtricprjeb535
TTRE6535,TTRE6535_t1,230,protein_coding,,Trichuris trichiura (PRJEB535),protein_coding,trtricprjeb535
TTRE1109,TTRE1109_t1,563,protein_coding,Cytochrome c oxidase subunit 4  [Source:UniProtKB/TrEMBL;Acc:A0A077ZG84],Trichuris trichiura (PRJEB535),protein_coding,trtricprjeb535
TTRE5314,TTRE5314_t1,596,protein_coding,Capicua protein  [Source:UniProtKB/TrEMBL;Acc:A0A077YY68],Trichuris trichiura (PRJEB535),protein_coding,trtricprjeb535
TTRE312,TTRE312_t1,549,protein_coding,non-specific serine/threonine protein kinase  [Source:UniProtKB/TrEMBL;Acc:A0A077Z804],Trichuris trichiura (PRJEB535),protein_coding,trtricprjeb535
TTRE808,TTRE808_t1,178,protein_coding,Proteasome subunit alpha type  [Source:UniProtKB/TrEMBL;Acc:A0A077ZDP8],Trichuris trichiura (PRJEB535),protein_coding,trtricprjeb535
TTRE12206,TTRE12206_t1,689,protein_coding,,Trichuris trichiura (PRJEB535),protein_coding,trtricprjeb535
TTRE3668,TTRE3668_t1,764,protein_coding,Putative mitochondrial transcription termination factor mterf  [Source:UniProtKB/TrEMBL;Acc:A0A077Z1D5],Trichuris trichiura (PRJEB535),protein_coding,trtricprjeb535
TTRE7785,TTRE7785_t1,278,protein_coding,,Trichuris trichiura (PRJEB535),protein_coding,trtricprjeb535
TTRE3358,TTRE3358_t1,405,protein_coding,APP N and APP E2 and APP amyloid and APP Cu bd do main containing protein  [Source:UniProtKB/TrEMBL;Acc:A0A077Z8K3],Trichuris trichiura (PRJEB535),protein_coding,trtricprjeb535
TTRE7732,TTRE7732_t1,344,protein_coding,,Trichuris trichiura (PRJEB535),protein_coding,trtricprjeb535
TTRE10261,TTRE10261_t1,515,protein_coding,,Trichuris trichiura (PRJEB535),protein_coding,trtricprjeb535
TTRE6427,TTRE6427_t1,311,protein_coding,,Trichuris trichiura (PRJEB535),protein_coding,trtricprjeb535
TTRE4381,TTRE4381_t1,137,protein_coding,LSM domain containing protein  [Source:UniProtKB/TrEMBL;Acc:A0A077YVV3],Trichuris trichiura (PRJEB535),protein_coding,trtricprjeb535
TTRE11315,TTRE11315_t1,218,protein_coding,,Trichuris trichiura (PRJEB535),protein_coding,trtricprjeb535
TTRE2983,TTRE2983_t1,107,protein_coding,,Trichuris trichiura (PRJEB535),protein_coding,trtricprjeb535
TTRE6170,TTRE6170_t1,1496,protein_coding,,Trichuris trichiura (PRJEB535),protein_coding,trtricprjeb535
TTRE6157,TTRE6157_t1,209,protein_coding,,Trichuris trichiura (PRJEB535),protein_coding,trtricprjeb535
TTRE6422,TTRE6422_t1,258,protein_coding,,Trichuris trichiura (PRJEB535),protein_coding,trtricprjeb535
TTRE3981,TTRE3981_t1,308,protein_coding,,Trichuris trichiura (PRJEB535),protein_coding,trtricprjeb535
TTRE11680,TTRE11680_t1,290,protein_coding,,Trichuris trichiura (PRJEB535),protein_coding,trtricprjeb535
TTRE8282,TTRE8282_t1,815,protein_coding,,Trichuris trichiura (PRJEB535),protein_coding,trtricprjeb535
TTRE4046,TTRE4046_t1,224,protein_coding,NifU N domain containing protein  [Source:UniProtKB/TrEMBL;Acc:A0A077Z8M6],Trichuris trichiura (PRJEB535),protein_coding,trtricprjeb535
TTRE2287,TTRE2287_t1,1088,protein_coding,Cation efflux family protein  [Source:UniProtKB/TrEMBL;Acc:A0A077ZIP7],Trichuris trichiura (PRJEB535),protein_coding,trtricprjeb535
TTRE7160,TTRE7160_t1,493,protein_coding,,Trichuris trichiura (PRJEB535),protein_coding,trtricprjeb535
TTRE9149,TTRE9149_t1,370,protein_coding,Secreted RxLR effector peptide protein  [Source:UniProtKB/TrEMBL;Acc:A0A077YXJ4],Trichuris trichiura (PRJEB535),protein_coding,trtricprjeb535
TTRE4382,TTRE4382_t1,356,protein_coding,,Trichuris trichiura (PRJEB535),protein_coding,trtricprjeb535
TTRE510,TTRE510_t1,620,protein_coding,Acetyltransf 1 domain containing protein  [Source:UniProtKB/TrEMBL;Acc:A0A077ZFQ1],Trichuris trichiura (PRJEB535),protein_coding,trtricprjeb535
TTRE9369,TTRE9369_t1,326,protein_coding,,Trichuris trichiura (PRJEB535),protein_coding,trtricprjeb535
TTRE11025,TTRE11025_t1,294,protein_coding,,Trichuris trichiura (PRJEB535),protein_coding,trtricprjeb535
TTRE8531,TTRE8531_t1,242,protein_coding,60S ribosomal protein L11  [Source:UniProtKB/TrEMBL;Acc:A0A077YX23],Trichuris trichiura (PRJEB535),protein_coding,trtricprjeb535
TTRE4957,TTRE4957_t1,719,protein_coding,Mediator of RNA polymerase II transcription subunit 10  [Source:UniProtKB/TrEMBL;Acc:A0A077Z0A0],Trichuris trichiura (PRJEB535),protein_coding,trtricprjeb535
TTRE6820,TTRE6820_t1,1178,protein_coding,,Trichuris trichiura (PRJEB535),protein_coding,trtricprjeb535
TTRE11945,TTRE11945_t1,156,protein_coding,,Trichuris trichiura (PRJEB535),protein_coding,trtricprjeb535
TTRE485,TTRE485_t1,356,protein_coding,,Trichuris trichiura (PRJEB535),protein_coding,trtricprjeb535
TTRE6308,TTRE6308_t1,236,protein_coding,,Trichuris trichiura (PRJEB535),protein_coding,trtricprjeb535
TTRE3374,TTRE3374_t1,91,protein_coding,,Trichuris trichiura (PRJEB535),protein_coding,trtricprjeb535
TTRE10951,TTRE10951_t1,239,protein_coding,,Trichuris trichiura (PRJEB535),protein_coding,trtricprjeb535
TTRE1059,TTRE1059_t1,408,protein_coding,,Trichuris trichiura (PRJEB535),protein_coding,trtricprjeb535
TTRE6207,TTRE6207_t1,350,protein_coding,,Trichuris trichiura (PRJEB535),protein_coding,trtricprjeb535
TTRE1475,TTRE1475_t1,215,protein_coding,Lectin C domain containing protein  [Source:UniProtKB/TrEMBL;Acc:A0A077Z0K5],Trichuris trichiura (PRJEB535),protein_coding,trtricprjeb535
TTRE4118,TTRE4118_t1,1952,protein_coding,Protein asteroid homolog 1  [Source:UniProtKB/TrEMBL;Acc:A0A077YW85],Trichuris trichiura (PRJEB535),protein_coding,trtricprjeb535
TTRE6907,TTRE6907_t1,383,protein_coding,,Trichuris trichiura (PRJEB535),protein_coding,trtricprjeb535
TTRE10319,TTRE10319_t1,1211,protein_coding,,Trichuris trichiura (PRJEB535),protein_coding,trtricprjeb535
TTRE204,TTRE204_t1,287,protein_coding,,Trichuris trichiura (PRJEB535),protein_coding,trtricprjeb535
TTRE1492,TTRE1492_t1,68,protein_coding,,Trichuris trichiura (PRJEB535),protein_coding,trtricprjeb535
TTRE5747,TTRE5747_t1,635,protein_coding,,Trichuris trichiura (PRJEB535),protein_coding,trtricprjeb535
TTRE5913,TTRE5913_t1,1687,protein_coding,,Trichuris trichiura (PRJEB535),protein_coding,trtricprjeb535
TTRE9721,TTRE9721_t1,1047,protein_coding,,Trichuris trichiura (PRJEB535),protein_coding,trtricprjeb535
TTRE4443,TTRE4443_t1,342,protein_coding,,Trichuris trichiura (PRJEB535),protein_coding,trtricprjeb535
TTRE6393,TTRE6393_t1,533,protein_coding,MAPKKK cascade protein kinase regulator STE50  [Source:UniProtKB/TrEMBL;Acc:A0A077ZEC7],Trichuris trichiura (PRJEB535),protein_coding,trtricprjeb535
TTRE12550,TTRE12550_t1,1571,protein_coding,,Trichuris trichiura (PRJEB535),protein_coding,trtricprjeb535
TTRE10772,TTRE10772_t1,959,protein_coding,,Trichuris trichiura (PRJEB535),protein_coding,trtricprjeb535
TTRE1181,TTRE1181_t1,189,protein_coding,,Trichuris trichiura (PRJEB535),protein_coding,trtricprjeb535
TTRE6615,TTRE6615_t1,510,protein_coding,,Trichuris trichiura (PRJEB535),protein_coding,trtricprjeb535
TTRE12213,TTRE12213_t1,526,protein_coding,,Trichuris trichiura (PRJEB535),protein_coding,trtricprjeb535
TTRE1067,TTRE1067_t1,139,protein_coding,,Trichuris trichiura (PRJEB535),protein_coding,trtricprjeb535
TTRE9814,TTRE9814_t1,109,protein_coding,,Trichuris trichiura (PRJEB535),protein_coding,trtricprjeb535
TTRE3590,TTRE3590_t1,324,protein_coding,,Trichuris trichiura (PRJEB535),protein_coding,trtricprjeb535
TTRE5567,TTRE5567_t2,428,protein_coding,,Trichuris trichiura (PRJEB535),protein_coding,trtricprjeb535
TTRE2761,TTRE2761_t1,2493,protein_coding,Exportin-2  [Source:UniProtKB/TrEMBL;Acc:A0A077Z5V3],Trichuris trichiura (PRJEB535),protein_coding,trtricprjeb535
TTRE7694,TTRE7694_t1,224,protein_coding,"Serine protease HTRA2, mitochondrial  [Source:UniProtKB/TrEMBL;Acc:A0A077Z8H6]",Trichuris trichiura (PRJEB535),protein_coding,trtricprjeb535
TTRE2946,TTRE2946_t1,629,protein_coding,,Trichuris trichiura (PRJEB535),protein_coding,trtricprjeb535
TTRE11548,TTRE11548_t1,98,protein_coding,,Trichuris trichiura (PRJEB535),protein_coding,trtricprjeb535
TTRE9377,TTRE9377_t1,1154,protein_coding,,Trichuris trichiura (PRJEB535),protein_coding,trtricprjeb535
TTRE7564,TTRE7564_t1,485,protein_coding,,Trichuris trichiura (PRJEB535),protein_coding,trtricprjeb535
TTRE3207,TTRE3207_t1,227,protein_coding,NuA4 domain containing protein  [Source:UniProtKB/TrEMBL;Acc:A0A077ZA44],Trichuris trichiura (PRJEB535),protein_coding,trtricprjeb535
TTRE11624,TTRE11624_t1,326,protein_coding,,Trichuris trichiura (PRJEB535),protein_coding,trtricprjeb535
TTRE4514,TTRE4514_t1,236,protein_coding,,Trichuris trichiura (PRJEB535),protein_coding,trtricprjeb535
TTRE9917,TTRE9917_t1,356,protein_coding,,Trichuris trichiura (PRJEB535),protein_coding,trtricprjeb535
TTRE9499,TTRE9499_t1,452,protein_coding,Mitochondrial polypeptide chain release factor  [Source:UniProtKB/TrEMBL;Acc:A0A077ZGZ1],Trichuris trichiura (PRJEB535),protein_coding,trtricprjeb535
TTRE12084,TTRE12084_t1,133,protein_coding,,Trichuris trichiura (PRJEB535),protein_coding,trtricprjeb535
TTRE2220,TTRE2220_t1,575,protein_coding,,Trichuris trichiura (PRJEB535),protein_coding,trtricprjeb535
TTRE10841,TTRE10841_t1,1756,protein_coding,,Trichuris trichiura (PRJEB535),protein_coding,trtricprjeb535
TTRE2339,TTRE2339_t1,538,protein_coding,,Trichuris trichiura (PRJEB535),protein_coding,trtricprjeb535
TTRE4023,TTRE4023_t1,1286,protein_coding,Calponin family protein  [Source:UniProtKB/TrEMBL;Acc:A0A077ZFT7],Trichuris trichiura (PRJEB535),protein_coding,trtricprjeb535
TTRE7734,TTRE7734_t1,476,protein_coding,,Trichuris trichiura (PRJEB535),protein_coding,trtricprjeb535
TTRE3251,TTRE3251_t1,1559,protein_coding,Ig-like domain-containing protein  [Source:UniProtKB/TrEMBL;Acc:A0A077ZAZ5],Trichuris trichiura (PRJEB535),protein_coding,trtricprjeb535
TTRE12217,TTRE12217_t1,1799,protein_coding,,Trichuris trichiura (PRJEB535),protein_coding,trtricprjeb535
TTRE1351,TTRE1351_t1,224,protein_coding,PHTB1 C domain containing protein  [Source:UniProtKB/TrEMBL;Acc:A0A077ZD65],Trichuris trichiura (PRJEB535),protein_coding,trtricprjeb535
TTRE5609,TTRE5609_t1,323,protein_coding,AMPK1_CBM domain-containing protein  [Source:UniProtKB/TrEMBL;Acc:A0A077Z9N8],Trichuris trichiura (PRJEB535),protein_coding,trtricprjeb535
TTRE7265,TTRE7265_t1,407,protein_coding,,Trichuris trichiura (PRJEB535),protein_coding,trtricprjeb535
TTRE9181,TTRE9181_t1,180,protein_coding,Xenopus pseudohsp30B heat shock protein (PS43H)  [Source:UniProtKB/TrEMBL;Acc:A0A077Z7F1],Trichuris trichiura (PRJEB535),protein_coding,trtricprjeb535
TTRE11069,TTRE11069_t1,1655,protein_coding,,Trichuris trichiura (PRJEB535),protein_coding,trtricprjeb535
TTRE11271,TTRE11271_t1,374,protein_coding,,Trichuris trichiura (PRJEB535),protein_coding,trtricprjeb535
TTRE9790,TTRE9790_t1,336,protein_coding,Protein KRI1 homolog  [Source:UniProtKB/TrEMBL;Acc:A0A077YZ66],Trichuris trichiura (PRJEB535),protein_coding,trtricprjeb535
TTRE57,TTRE57_t1,311,protein_coding,,Trichuris trichiura (PRJEB535),protein_coding,trtricprjeb535
TTRE6581,TTRE6581_t1,263,protein_coding,,Trichuris trichiura (PRJEB535),protein_coding,trtricprjeb535
TTRE6398,TTRE6398_t1,287,protein_coding,Swi5 dependent recombination DNA repair protein  [Source:UniProtKB/TrEMBL;Acc:A0A077ZGN0],Trichuris trichiura (PRJEB535),protein_coding,trtricprjeb535
TTRE2927,TTRE2927_t1,852,protein_coding,Bestrophin homolog  [Source:UniProtKB/TrEMBL;Acc:A0A077Z753],Trichuris trichiura (PRJEB535),protein_coding,trtricprjeb535
TTRE8677,TTRE8677_t1,500,protein_coding,,Trichuris trichiura (PRJEB535),protein_coding,trtricprjeb535
TTRE10091,TTRE10091_t1,1103,protein_coding,,Trichuris trichiura (PRJEB535),protein_coding,trtricprjeb535
TTRE3601,TTRE3601_t1,432,protein_coding,,Trichuris trichiura (PRJEB535),protein_coding,trtricprjeb535
TTRE258,TTRE258_t1,1313,protein_coding,,Trichuris trichiura (PRJEB535),protein_coding,trtricprjeb535
TTRE2527,TTRE2527_t1,626,protein_coding,V type proton ATPase 21 kDa proteolipid subunit  [Source:UniProtKB/TrEMBL;Acc:A0A077ZBE1],Trichuris trichiura (PRJEB535),protein_coding,trtricprjeb535
TTRE1191,TTRE1191_t1,845,protein_coding,,Trichuris trichiura (PRJEB535),protein_coding,trtricprjeb535
TTRE9623,TTRE9623_t1,718,protein_coding,,Trichuris trichiura (PRJEB535),protein_coding,trtricprjeb535
TTRE8110,TTRE8110_t1,926,protein_coding,Cdk5 activator protein  [Source:UniProtKB/TrEMBL;Acc:A0A077ZCB5],Trichuris trichiura (PRJEB535),protein_coding,trtricprjeb535
TTRE6657,TTRE6657_t1,147,protein_coding,,Trichuris trichiura (PRJEB535),protein_coding,trtricprjeb535
TTRE1093,TTRE1093_t2,693,protein_coding,,Trichuris trichiura (PRJEB535),protein_coding,trtricprjeb535
TTRE8615,TTRE8615_t1,377,protein_coding,,Trichuris trichiura (PRJEB535),protein_coding,trtricprjeb535
TTRE5665,TTRE5665_t1,530,protein_coding,Transmembrane protein  [Source:UniProtKB/TrEMBL;Acc:A0A077ZAH4],Trichuris trichiura (PRJEB535),protein_coding,trtricprjeb535
TTRE5031,TTRE5031_t1,322,protein_coding,,Trichuris trichiura (PRJEB535),protein_coding,trtricprjeb535
TTRE5636,TTRE5636_t1,184,protein_coding,Kunitz protease inhibitor  [Source:UniProtKB/TrEMBL;Acc:A0A077YUJ5],Trichuris trichiura (PRJEB535),protein_coding,trtricprjeb535
TTRE5283,TTRE5283_t1,357,protein_coding,,Trichuris trichiura (PRJEB535),protein_coding,trtricprjeb535
TTRE6520,TTRE6520_t1,271,protein_coding,,Trichuris trichiura (PRJEB535),protein_coding,trtricprjeb535
TTRE9001,TTRE9001_t1,476,protein_coding,SYS1 domain containing protein  [Source:UniProtKB/TrEMBL;Acc:A0A077Z2I9],Trichuris trichiura (PRJEB535),protein_coding,trtricprjeb535
TTRE3034,TTRE3034_t1,195,protein_coding,,Trichuris trichiura (PRJEB535),protein_coding,trtricprjeb535
TTRE6108,TTRE6108_t1,216,protein_coding,,Trichuris trichiura (PRJEB535),protein_coding,trtricprjeb535
TTRE4302,TTRE4302_t1,399,protein_coding,DUF218 domain containing protein  [Source:UniProtKB/TrEMBL;Acc:A0A077ZCN5],Trichuris trichiura (PRJEB535),protein_coding,trtricprjeb535
TTRE11931,TTRE11931_t1,145,protein_coding,,Trichuris trichiura (PRJEB535),protein_coding,trtricprjeb535
TTRE5267,TTRE5267_t1,243,protein_coding,,Trichuris trichiura (PRJEB535),protein_coding,trtricprjeb535
TTRE7773,TTRE7773_t1,89,protein_coding,,Trichuris trichiura (PRJEB535),protein_coding,trtricprjeb535
TTRE8617,TTRE8617_t1,383,protein_coding,Claudin  [Source:UniProtKB/TrEMBL;Acc:A0A077Z8Y5],Trichuris trichiura (PRJEB535),protein_coding,trtricprjeb535
TTRE7188,TTRE7188_t1,473,protein_coding,,Trichuris trichiura (PRJEB535),protein_coding,trtricprjeb535
TTRE2801,TTRE2801_t1,192,protein_coding,,Trichuris trichiura (PRJEB535),protein_coding,trtricprjeb535
TTRE6406,TTRE6406_t1,232,protein_coding,,Trichuris trichiura (PRJEB535),protein_coding,trtricprjeb535
TTRE7134,TTRE7134_t1,486,protein_coding,,Trichuris trichiura (PRJEB535),protein_coding,trtricprjeb535
TTRE9769,TTRE9769_t1,226,protein_coding,,Trichuris trichiura (PRJEB535),protein_coding,trtricprjeb535
TTRE6274,TTRE6274_t1,1080,protein_coding,,Trichuris trichiura (PRJEB535),protein_coding,trtricprjeb535
TTRE12096,TTRE12096_t1,126,protein_coding,,Trichuris trichiura (PRJEB535),protein_coding,trtricprjeb535
TTRE1848,TTRE1848_t1,356,protein_coding,,Trichuris trichiura (PRJEB535),protein_coding,trtricprjeb535
TTRE3425,TTRE3425_t1,377,protein_coding,,Trichuris trichiura (PRJEB535),protein_coding,trtricprjeb535
TTRE11003,TTRE11003_t1,566,protein_coding,LisH domain-containing protein  [Source:UniProtKB/TrEMBL;Acc:A0A077ZJJ5],Trichuris trichiura (PRJEB535),protein_coding,trtricprjeb535
TTRE2872,TTRE2872_t1,277,protein_coding,,Trichuris trichiura (PRJEB535),protein_coding,trtricprjeb535
TTRE1002,TTRE1002_t1,257,protein_coding,,Trichuris trichiura (PRJEB535),protein_coding,trtricprjeb535
TTRE446,TTRE446_t1,794,protein_coding,Fn3 and Ig 3 and C2-set 2 and I-set and Ig 2 doma in containing protein  [Source:UniProtKB/TrEMBL;Acc:A0A077ZE46],Trichuris trichiura (PRJEB535),protein_coding,trtricprjeb535
TTRE8659,TTRE8659_t1,208,protein_coding,,Trichuris trichiura (PRJEB535),protein_coding,trtricprjeb535
TTRE1252,TTRE1252_t1,820,protein_coding,,Trichuris trichiura (PRJEB535),protein_coding,trtricprjeb535
TTRE4130,TTRE4130_t1,735,protein_coding,Syntaxin 16  [Source:UniProtKB/TrEMBL;Acc:A0A077Z4T9],Trichuris trichiura (PRJEB535),protein_coding,trtricprjeb535
TTRE1899,TTRE1899_t1,209,protein_coding,,Trichuris trichiura (PRJEB535),protein_coding,trtricprjeb535
TTRE4151,TTRE4151_t1,151,protein_coding,,Trichuris trichiura (PRJEB535),protein_coding,trtricprjeb535
TTRE1142,TTRE1142_t1,2017,protein_coding,,Trichuris trichiura (PRJEB535),protein_coding,trtricprjeb535
TTRE10875,TTRE10875_t1,479,protein_coding,,Trichuris trichiura (PRJEB535),protein_coding,trtricprjeb535
TTRE8186,TTRE8186_t1,362,protein_coding,,Trichuris trichiura (PRJEB535),protein_coding,trtricprjeb535
TTRE2920,TTRE2920_t1,1070,protein_coding,Translation initiation factor eIF 2B subunit  [Source:UniProtKB/TrEMBL;Acc:A0A077ZHH5],Trichuris trichiura (PRJEB535),protein_coding,trtricprjeb535
TTRE1507,TTRE1507_t1,989,protein_coding,ATP-dependent (S)-NAD(P)H-hydrate dehydratase  [Source:UniProtKB/TrEMBL;Acc:A0A077Z337],Trichuris trichiura (PRJEB535),protein_coding,trtricprjeb535
TTRE2812,TTRE2812_t1,582,protein_coding,,Trichuris trichiura (PRJEB535),protein_coding,trtricprjeb535
TTRE3634,TTRE3634_t1,284,protein_coding,,Trichuris trichiura (PRJEB535),protein_coding,trtricprjeb535
TTRE10801,TTRE10801_t1,210,protein_coding,,Trichuris trichiura (PRJEB535),protein_coding,trtricprjeb535
TTRE7805,TTRE7805_t1,1628,protein_coding,,Trichuris trichiura (PRJEB535),protein_coding,trtricprjeb535
TTRE1592,TTRE1592_t1,221,protein_coding,,Trichuris trichiura (PRJEB535),protein_coding,trtricprjeb535
TTRE11225,TTRE11225_t1,944,protein_coding,,Trichuris trichiura (PRJEB535),protein_coding,trtricprjeb535
TTRE2886,TTRE2886_t1,504,protein_coding,,Trichuris trichiura (PRJEB535),protein_coding,trtricprjeb535
TTRE2002,TTRE2002_t1,102,protein_coding,,Trichuris trichiura (PRJEB535),protein_coding,trtricprjeb535
TTRE3878,TTRE3878_t1,752,protein_coding,RLL domain containing protein  [Source:UniProtKB/TrEMBL;Acc:A0A077Z031],Trichuris trichiura (PRJEB535),protein_coding,trtricprjeb535
TTRE7307,TTRE7307_t1,374,protein_coding,,Trichuris trichiura (PRJEB535),protein_coding,trtricprjeb535
TTRE7915,TTRE7915_t1,416,protein_coding,,Trichuris trichiura (PRJEB535),protein_coding,trtricprjeb535
TTRE8081,TTRE8081_t1,293,protein_coding,,Trichuris trichiura (PRJEB535),protein_coding,trtricprjeb535
TTRE11426,TTRE11426_t1,163,protein_coding,,Trichuris trichiura (PRJEB535),protein_coding,trtricprjeb535
TTRE2854,TTRE2854_t1,372,protein_coding,,Trichuris trichiura (PRJEB535),protein_coding,trtricprjeb535
TTRE238,TTRE238_t1,117,protein_coding,,Trichuris trichiura (PRJEB535),protein_coding,trtricprjeb535
TTRE9831,TTRE9831_t1,242,protein_coding,,Trichuris trichiura (PRJEB535),protein_coding,trtricprjeb535
TTRE4066,TTRE4066_t1,210,protein_coding,NADH dehydrogenase (Ubiquinone) iron sulfur  [Source:UniProtKB/TrEMBL;Acc:A0A077YZF9],Trichuris trichiura (PRJEB535),protein_coding,trtricprjeb535
TTRE5563,TTRE5563_t1,224,protein_coding,Phosphatidylinositol  [Source:UniProtKB/TrEMBL;Acc:A0A077YVW6],Trichuris trichiura (PRJEB535),protein_coding,trtricprjeb535
TTRE9366,TTRE9366_t1,207,protein_coding,,Trichuris trichiura (PRJEB535),protein_coding,trtricprjeb535
TTRE10794,TTRE10794_t1,791,protein_coding,,Trichuris trichiura (PRJEB535),protein_coding,trtricprjeb535
TTRE6610,TTRE6610_t1,233,protein_coding,,Trichuris trichiura (PRJEB535),protein_coding,trtricprjeb535
TTRE10327,TTRE10327_t1,1226,protein_coding,,Trichuris trichiura (PRJEB535),protein_coding,trtricprjeb535
TTRE1526,TTRE1526_t1,2793,protein_coding,RUN domain-containing protein  [Source:UniProtKB/TrEMBL;Acc:A0A077Z5X7],Trichuris trichiura (PRJEB535),protein_coding,trtricprjeb535
TTRE11690,TTRE11690_t1,371,protein_coding,,Trichuris trichiura (PRJEB535),protein_coding,trtricprjeb535
TTRE7948,TTRE7948_t1,353,protein_coding,,Trichuris trichiura (PRJEB535),protein_coding,trtricprjeb535
TTRE8243,TTRE8243_t1,1655,protein_coding,,Trichuris trichiura (PRJEB535),protein_coding,trtricprjeb535
TTRE11546,TTRE11546_t1,455,protein_coding,Nitrogen assimilation transcription factor nit-4  [Source:UniProtKB/TrEMBL;Acc:A0A077YYB8],Trichuris trichiura (PRJEB535),protein_coding,trtricprjeb535
TTRE4214,TTRE4214_t1,300,protein_coding,,Trichuris trichiura (PRJEB535),protein_coding,trtricprjeb535
TTRE5078,TTRE5078_t1,240,protein_coding,,Trichuris trichiura (PRJEB535),protein_coding,trtricprjeb535
TTRE42,TTRE42_t1,165,protein_coding,,Trichuris trichiura (PRJEB535),protein_coding,trtricprjeb535
TTRE7136,TTRE7136_t1,461,protein_coding,Regulator of rDNA transcription protein 15  [Source:UniProtKB/TrEMBL;Acc:A0A077ZMJ6],Trichuris trichiura (PRJEB535),protein_coding,trtricprjeb535
TTRE11353,TTRE11353_t1,308,protein_coding,,Trichuris trichiura (PRJEB535),protein_coding,trtricprjeb535
TTRE3206,TTRE3206_t2,251,protein_coding,,Trichuris trichiura (PRJEB535),protein_coding,trtricprjeb535
TTRE2485,TTRE2485_t1,614,protein_coding,,Trichuris trichiura (PRJEB535),protein_coding,trtricprjeb535
TTRE2308,TTRE2308_t1,1040,protein_coding,,Trichuris trichiura (PRJEB535),protein_coding,trtricprjeb535
TTRE7590,TTRE7590_t1,884,protein_coding,,Trichuris trichiura (PRJEB535),protein_coding,trtricprjeb535
TTRE1376,TTRE1376_t2,547,protein_coding,,Trichuris trichiura (PRJEB535),protein_coding,trtricprjeb535
TTRE9026,TTRE9026_t1,169,protein_coding,,Trichuris trichiura (PRJEB535),protein_coding,trtricprjeb535
TTRE8124,TTRE8124_t1,755,protein_coding,,Trichuris trichiura (PRJEB535),protein_coding,trtricprjeb535
TTRE2804,TTRE2804_t1,1220,protein_coding,Ubiquitin conjugating enzyme family protein  [Source:UniProtKB/TrEMBL;Acc:A0A077Z7W7],Trichuris trichiura (PRJEB535),protein_coding,trtricprjeb535
TTRE8796,TTRE8796_t1,198,protein_coding,,Trichuris trichiura (PRJEB535),protein_coding,trtricprjeb535
TTRE10356,TTRE10356_t1,590,protein_coding,,Trichuris trichiura (PRJEB535),protein_coding,trtricprjeb535
TTRE1772,TTRE1772_t1,182,protein_coding,,Trichuris trichiura (PRJEB535),protein_coding,trtricprjeb535
TTRE10702,TTRE10702_t1,144,protein_coding,,Trichuris trichiura (PRJEB535),protein_coding,trtricprjeb535
TTRE806,TTRE806_t1,386,protein_coding,Histone H2A  [Source:UniProtKB/TrEMBL;Acc:A0A077ZI23],Trichuris trichiura (PRJEB535),protein_coding,trtricprjeb535
TTRE8332,TTRE8332_t1,356,protein_coding,V-type proton ATPase subunit G  [Source:UniProtKB/TrEMBL;Acc:A0A077Z9G6],Trichuris trichiura (PRJEB535),protein_coding,trtricprjeb535
TTRE891,TTRE891_t1,343,protein_coding,Retinoblastoma binding protein 5  [Source:UniProtKB/TrEMBL;Acc:A0A077ZG89],Trichuris trichiura (PRJEB535),protein_coding,trtricprjeb535
TTRE2203,TTRE2203_t2,262,protein_coding,,Trichuris trichiura (PRJEB535),protein_coding,trtricprjeb535
TTRE455,TTRE455_t1,247,protein_coding,Ribosomal L30 and Ribosomal L30 N domain containi ng protein  [Source:UniProtKB/TrEMBL;Acc:A0A077ZLC7],Trichuris trichiura (PRJEB535),protein_coding,trtricprjeb535
TTRE6675,TTRE6675_t1,1340,protein_coding,,Trichuris trichiura (PRJEB535),protein_coding,trtricprjeb535
TTRE451,TTRE451_t1,243,protein_coding,,Trichuris trichiura (PRJEB535),protein_coding,trtricprjeb535
TTRE6886,TTRE6886_t1,296,protein_coding,SICA antigen  [Source:UniProtKB/TrEMBL;Acc:A0A077ZI37],Trichuris trichiura (PRJEB535),protein_coding,trtricprjeb535
TTRE10200,TTRE10200_t1,268,protein_coding,,Trichuris trichiura (PRJEB535),protein_coding,trtricprjeb535
TTRE8945,TTRE8945_t1,281,protein_coding,,Trichuris trichiura (PRJEB535),protein_coding,trtricprjeb535
TTRE2033,TTRE2033_t1,272,protein_coding,,Trichuris trichiura (PRJEB535),protein_coding,trtricprjeb535
TTRE2132,TTRE2132_t1,206,protein_coding,Guanine nucleotide binding protein subunit  [Source:UniProtKB/TrEMBL;Acc:A0A077ZI04],Trichuris trichiura (PRJEB535),protein_coding,trtricprjeb535
TTRE1549,TTRE1549_t1,115,protein_coding,,Trichuris trichiura (PRJEB535),protein_coding,trtricprjeb535
TTRE4533,TTRE4533_t1,1010,protein_coding,Gnk2-homologous domain-containing protein  [Source:UniProtKB/TrEMBL;Acc:A0A077ZBW3],Trichuris trichiura (PRJEB535),protein_coding,trtricprjeb535
TTRE5152,TTRE5152_t1,2369,protein_coding,Tetratricopeptide repeat protein 27  [Source:UniProtKB/TrEMBL;Acc:A0A077Z3G4],Trichuris trichiura (PRJEB535),protein_coding,trtricprjeb535
TTRE10017,TTRE10017_t1,387,protein_coding,,Trichuris trichiura (PRJEB535),protein_coding,trtricprjeb535
TTRE4673,TTRE4673_t1,187,protein_coding,,Trichuris trichiura (PRJEB535),protein_coding,trtricprjeb535
TTRE3624,TTRE3624_t1,653,protein_coding,,Trichuris trichiura (PRJEB535),protein_coding,trtricprjeb535
TTRE12423,TTRE12423_t1,700,protein_coding,L-serine ammonia-lyase  [Source:UniProtKB/TrEMBL;Acc:A0A077ZCB4],Trichuris trichiura (PRJEB535),protein_coding,trtricprjeb535
TTRE8539,TTRE8539_t1,1904,protein_coding,Integrator complex subunit 10  [Source:UniProtKB/TrEMBL;Acc:A0A077YXU6],Trichuris trichiura (PRJEB535),protein_coding,trtricprjeb535
TTRE11419,TTRE11419_t1,422,protein_coding,,Trichuris trichiura (PRJEB535),protein_coding,trtricprjeb535
TTRE3067,TTRE3067_t1,291,protein_coding,,Trichuris trichiura (PRJEB535),protein_coding,trtricprjeb535
TTRE8058,TTRE8058_t1,248,protein_coding,,Trichuris trichiura (PRJEB535),protein_coding,trtricprjeb535
TTRE10451,TTRE10451_t1,1109,protein_coding,,Trichuris trichiura (PRJEB535),protein_coding,trtricprjeb535
TTRE10587,TTRE10587_t1,587,protein_coding,,Trichuris trichiura (PRJEB535),protein_coding,trtricprjeb535
TTRE9353,TTRE9353_t1,278,protein_coding,,Trichuris trichiura (PRJEB535),protein_coding,trtricprjeb535
TTRE9264,TTRE9264_t1,314,protein_coding,,Trichuris trichiura (PRJEB535),protein_coding,trtricprjeb535
TTRE10699,TTRE10699_t1,255,protein_coding,,Trichuris trichiura (PRJEB535),protein_coding,trtricprjeb535
TTRE11993,TTRE11993_t1,189,protein_coding,,Trichuris trichiura (PRJEB535),protein_coding,trtricprjeb535
TTRE2764,TTRE2764_t1,275,protein_coding,,Trichuris trichiura (PRJEB535),protein_coding,trtricprjeb535
TTRE1833,TTRE1833_t1,694,protein_coding,Diphosphomevalonate decarboxylase  [Source:UniProtKB/TrEMBL;Acc:A0A077ZDV7],Trichuris trichiura (PRJEB535),protein_coding,trtricprjeb535
TTRE7669,TTRE7669_t1,1613,protein_coding,Transmembrane protein 104 protein  [Source:UniProtKB/TrEMBL;Acc:A0A077ZF06],Trichuris trichiura (PRJEB535),protein_coding,trtricprjeb535
TTRE372,TTRE372_t1,1136,protein_coding,DALR 1 domain containing protein  [Source:UniProtKB/TrEMBL;Acc:A0A077Z0S1],Trichuris trichiura (PRJEB535),protein_coding,trtricprjeb535
TTRE6835,TTRE6835_t1,383,protein_coding,,Trichuris trichiura (PRJEB535),protein_coding,trtricprjeb535
TTRE1790,TTRE1790_t1,310,protein_coding,"RNA binding motif protein, 2  [Source:UniProtKB/TrEMBL;Acc:A0A077YVY0]",Trichuris trichiura (PRJEB535),protein_coding,trtricprjeb535
TTRE7555,TTRE7555_t1,607,protein_coding,,Trichuris trichiura (PRJEB535),protein_coding,trtricprjeb535
TTRE5509,TTRE5509_t1,263,protein_coding,,Trichuris trichiura (PRJEB535),protein_coding,trtricprjeb535
TTRE7526,TTRE7526_t1,485,protein_coding,,Trichuris trichiura (PRJEB535),protein_coding,trtricprjeb535
TTRE1155,TTRE1155_t1,285,protein_coding,,Trichuris trichiura (PRJEB535),protein_coding,trtricprjeb535
TTRE11303,TTRE11303_t1,1025,protein_coding,Snurportin-1  [Source:UniProtKB/TrEMBL;Acc:A0A077ZCN3],Trichuris trichiura (PRJEB535),protein_coding,trtricprjeb535
TTRE1279,TTRE1279_t1,755,protein_coding,,Trichuris trichiura (PRJEB535),protein_coding,trtricprjeb535
TTRE2510,TTRE2510_t1,348,protein_coding,,Trichuris trichiura (PRJEB535),protein_coding,trtricprjeb535
TTRE10722,TTRE10722_t1,242,protein_coding,,Trichuris trichiura (PRJEB535),protein_coding,trtricprjeb535
TTRE9565,TTRE9565_t1,245,protein_coding,,Trichuris trichiura (PRJEB535),protein_coding,trtricprjeb535
TTRE10266,TTRE10266_t1,205,protein_coding,,Trichuris trichiura (PRJEB535),protein_coding,trtricprjeb535
TTRE7040,TTRE7040_t1,950,protein_coding,,Trichuris trichiura (PRJEB535),protein_coding,trtricprjeb535
TTRE9086,TTRE9086_t1,1166,protein_coding,DUF1679 domain containing protein  [Source:UniProtKB/TrEMBL;Acc:A0A077Z150],Trichuris trichiura (PRJEB535),protein_coding,trtricprjeb535
TTRE12083,TTRE12083_t1,824,protein_coding,,Trichuris trichiura (PRJEB535),protein_coding,trtricprjeb535
TTRE6220,TTRE6220_t1,1409,protein_coding,MULE and FLYWCH domain containing protein  [Source:UniProtKB/TrEMBL;Acc:A0A077Z4A1],Trichuris trichiura (PRJEB535),protein_coding,trtricprjeb535
TTRE9920,TTRE9920_t1,251,protein_coding,,Trichuris trichiura (PRJEB535),protein_coding,trtricprjeb535
TTRE3076,TTRE3076_t1,321,protein_coding,,Trichuris trichiura (PRJEB535),protein_coding,trtricprjeb535
TTRE1997,TTRE1997_t1,185,protein_coding,Dynein light chain  [Source:UniProtKB/TrEMBL;Acc:A0A077YZL4],Trichuris trichiura (PRJEB535),protein_coding,trtricprjeb535
TTRE7305,TTRE7305_t1,542,protein_coding,,Trichuris trichiura (PRJEB535),protein_coding,trtricprjeb535
TTRE7322,TTRE7322_t1,915,protein_coding,,Trichuris trichiura (PRJEB535),protein_coding,trtricprjeb535
TTRE6264,TTRE6264_t1,360,protein_coding,,Trichuris trichiura (PRJEB535),protein_coding,trtricprjeb535
TTRE6489,TTRE6489_t1,1691,protein_coding,,Trichuris trichiura (PRJEB535),protein_coding,trtricprjeb535
TTRE8165,TTRE8165_t1,293,protein_coding,,Trichuris trichiura (PRJEB535),protein_coding,trtricprjeb535
TTRE2444,TTRE2444_t1,1126,protein_coding,Dopamine receptor ddr dopamine receptor like  [Source:UniProtKB/TrEMBL;Acc:A0A077YXG7],Trichuris trichiura (PRJEB535),protein_coding,trtricprjeb535
TTRE9144,TTRE9144_t1,671,protein_coding,RAMA domain-containing protein  [Source:UniProtKB/TrEMBL;Acc:A0A077Z977],Trichuris trichiura (PRJEB535),protein_coding,trtricprjeb535
TTRE1729,TTRE1729_t1,420,protein_coding,,Trichuris trichiura (PRJEB535),protein_coding,trtricprjeb535
TTRE8128,TTRE8128_t1,355,protein_coding,,Trichuris trichiura (PRJEB535),protein_coding,trtricprjeb535
TTRE3004,TTRE3004_t1,1286,protein_coding,Autophagy-related protein 9  [Source:UniProtKB/TrEMBL;Acc:A0A077ZJ52],Trichuris trichiura (PRJEB535),protein_coding,trtricprjeb535
TTRE3445,TTRE3445_t1,577,protein_coding,,Trichuris trichiura (PRJEB535),protein_coding,trtricprjeb535
TTRE1185,TTRE1185_t1,474,protein_coding,MED7 protein  [Source:UniProtKB/TrEMBL;Acc:A0A077Z7G4],Trichuris trichiura (PRJEB535),protein_coding,trtricprjeb535
TTRE12564,TTRE12564_t1,1104,protein_coding,,Trichuris trichiura (PRJEB535),protein_coding,trtricprjeb535
TTRE4796,TTRE4796_t1,2144,protein_coding,,Trichuris trichiura (PRJEB535),protein_coding,trtricprjeb535
TTRE11087,TTRE11087_t1,1313,protein_coding,,Trichuris trichiura (PRJEB535),protein_coding,trtricprjeb535
TTRE3070,TTRE3070_t1,587,protein_coding,Charged multivesicular body protein 6  [Source:UniProtKB/TrEMBL;Acc:A0A077YZ47],Trichuris trichiura (PRJEB535),protein_coding,trtricprjeb535
TTRE6113,TTRE6113_t1,518,protein_coding,,Trichuris trichiura (PRJEB535),protein_coding,trtricprjeb535
TTRE6789,TTRE6789_t1,221,protein_coding,Mothers against decapentaplegic homolog  [Source:UniProtKB/TrEMBL;Acc:A0A077ZCP5],Trichuris trichiura (PRJEB535),protein_coding,trtricprjeb535
TTRE4873,TTRE4873_t1,137,protein_coding,Transmembrane protein 230  [Source:UniProtKB/TrEMBL;Acc:A0A077Z0A1],Trichuris trichiura (PRJEB535),protein_coding,trtricprjeb535
TTRE3278,TTRE3278_t1,272,protein_coding,Neuronal calcium sensor 2  [Source:UniProtKB/TrEMBL;Acc:A0A077ZA03],Trichuris trichiura (PRJEB535),protein_coding,trtricprjeb535
TTRE10353,TTRE10353_t1,564,protein_coding,,Trichuris trichiura (PRJEB535),protein_coding,trtricprjeb535
TTRE8086,TTRE8086_t1,1490,protein_coding,,Trichuris trichiura (PRJEB535),protein_coding,trtricprjeb535
TTRE2882,TTRE2882_t1,813,protein_coding,,Trichuris trichiura (PRJEB535),protein_coding,trtricprjeb535
TTRE6055,TTRE6055_t1,697,protein_coding,G_PROTEIN_RECEP_F1_2 domain-containing protein  [Source:UniProtKB/TrEMBL;Acc:A0A077ZE38],Trichuris trichiura (PRJEB535),protein_coding,trtricprjeb535
TTRE1421,TTRE1421_t1,289,protein_coding,,Trichuris trichiura (PRJEB535),protein_coding,trtricprjeb535
TTRE1133,TTRE1133_t1,2372,protein_coding,Tuftelin interacting protein 11  [Source:UniProtKB/TrEMBL;Acc:A0A077Z1Y9],Trichuris trichiura (PRJEB535),protein_coding,trtricprjeb535
TTRE7766,TTRE7766_t1,427,protein_coding,,Trichuris trichiura (PRJEB535),protein_coding,trtricprjeb535
TTRE3775,TTRE3775_t1,225,protein_coding,Phosphatidylethanolamine binding protein  [Source:UniProtKB/TrEMBL;Acc:A0A077ZA12],Trichuris trichiura (PRJEB535),protein_coding,trtricprjeb535
TTRE3982,TTRE3982_t1,393,protein_coding,,Trichuris trichiura (PRJEB535),protein_coding,trtricprjeb535
TTRE3901,TTRE3901_t1,941,protein_coding,Pre-mRNA-splicing ATP-dependent RNA helicase prp2 8  [Source:UniProtKB/TrEMBL;Acc:A0A077Z3W3],Trichuris trichiura (PRJEB535),protein_coding,trtricprjeb535
TTRE2678,TTRE2678_t1,374,protein_coding,Putative amp activated protein kinase gamma () su bunit putative ' amp-activated protein kinase subunit gamm a  [Source:UniProtKB/TrEMBL;Acc:A0A077Z3E9],Trichuris trichiura (PRJEB535),protein_coding,trtricprjeb535
TTRE7944,TTRE7944_t1,193,protein_coding,,Trichuris trichiura (PRJEB535),protein_coding,trtricprjeb535
TTRE11355,TTRE11355_t1,902,protein_coding,Shaker cognate isoform putative potassium voltag e gated channel protein shaw  [Source:UniProtKB/TrEMBL;Acc:A0A077Z895],Trichuris trichiura (PRJEB535),protein_coding,trtricprjeb535
TTRE5514,TTRE5514_t1,1487,protein_coding,,Trichuris trichiura (PRJEB535),protein_coding,trtricprjeb535
TTRE6546,TTRE6546_t1,1235,protein_coding,,Trichuris trichiura (PRJEB535),protein_coding,trtricprjeb535
TTRE4055,TTRE4055_t1,308,protein_coding,MBD domain containing protein  [Source:UniProtKB/TrEMBL;Acc:A0A077YXJ1],Trichuris trichiura (PRJEB535),protein_coding,trtricprjeb535
TTRE9782,TTRE9782_t1,445,protein_coding,,Trichuris trichiura (PRJEB535),protein_coding,trtricprjeb535
TTRE3572,TTRE3572_t1,1366,protein_coding,,Trichuris trichiura (PRJEB535),protein_coding,trtricprjeb535
